2014.01.31 16:00:00.493,1.01988,1.0199,1.00,1.50
2014.01.31 16:00:00.745,1.01987,1.0199,1.10,1.89
2014.01.31 16:00:01.199,1.01987,1.0199,2.25,1.50
2014.01.31 16:00:01.561,1.01986,1.01989,1.58,1.14
2014.01.31 16:00:01.713,1.01986,1.01989,1.95,1.14
2014.01.31 16:00:02.070,1.01986,1.01988,1.58,1.00
2014.01.31 16:00:02.584,1.01985,1.01989,1.08,1.14
2014.01.31 16:00:03.212,1.01981,1.01987,4.50,7.62
2014.01.31 16:00:03.313,1.01984,1.01986,1.00,1.51
2014.01.31 16:00:03.767,1.01979,1.01985,5.33,6.57
2014.01.31 16:00:04.071,1.01978,1.01982,10.00,4.28
2014.01.31 16:00:04.243,1.01977,1.01979,1.10,1.02
2014.01.31 16:00:04.451,1.01974,1.01978,1.08,1.00
2014.01.31 16:00:04.906,1.01976,1.0198,1.08,1.52
2014.01.31 16:00:05.209,1.01975,1.01977,2.18,1.00
2014.01.31 16:00:05.740,1.01976,1.01978,1.00,1.02
2014.01.31 16:00:06.044,1.01977,1.01979,3.68,1.02
2014.01.31 16:00:06.145,1.01975,1.01978,1.58,1.02
2014.01.31 16:00:06.592,1.01977,1.01978,2.55,1.02
2014.01.31 16:00:06.985,1.01976,1.01978,1.95,1.02
2014.01.31 16:00:07.522,1.01976,1.01979,1.95,1.52
2014.01.31 16:00:07.977,1.01973,1.01977,1.10,2.20
2014.01.31 16:00:08.179,1.01971,1.01973,5.33,1.00
2014.01.31 16:00:08.634,1.01972,1.01975,1.00,1.21
2014.01.31 16:00:08.786,1.01973,1.01977,1.10,1.59
2014.01.31 16:00:09.392,1.01971,1.01974,2.18,1.00
2014.01.31 16:00:09.493,1.01969,1.01973,1.95,1.00
2014.01.31 16:00:10.448,1.01969,1.01973,1.45,1.00
2014.01.31 16:00:10.499,1.01972,1.01976,4.40,4.50
2014.01.31 16:00:10.701,1.01974,1.01978,1.10,2.22
2014.01.31 16:00:10.903,1.01973,1.01976,1.08,1.00
2014.01.31 16:00:11.227,1.01972,1.01974,2.18,2.85
2014.01.31 16:00:11.770,1.01969,1.01973,1.58,1.80
2014.01.31 16:00:12.179,1.01969,1.01973,1.58,1.84
2014.01.31 16:00:12.482,1.01967,1.01971,1.08,3.22
2014.01.31 16:00:12.888,1.01967,1.01971,1.00,4.47
2014.01.31 16:00:13.192,1.01965,1.01968,1.50,1.84
2014.01.31 16:00:13.509,1.01965,1.01967,1.50,2.55
2014.01.31 16:00:13.560,1.01965,1.01967,1.50,2.55
2014.01.31 16:00:13.863,1.01964,1.01968,4.58,1.77
2014.01.31 16:00:14.217,1.01964,1.01968,1.00,4.02
2014.01.31 16:00:14.874,1.01963,1.01967,1.00,1.20
2014.01.31 16:00:15.284,1.01966,1.01968,1.00,2.18
2014.01.31 16:00:15.536,1.01965,1.01969,1.10,1.20
2014.01.31 16:00:16.096,1.01966,1.0197,1.08,1.38
2014.01.31 16:00:16.197,1.01965,1.01968,2.33,1.13
2014.01.31 16:00:16.702,1.01964,1.01968,1.50,1.08
2014.01.31 16:00:17.086,1.01965,1.01969,1.00,1.58
2014.01.31 16:00:17.237,1.01966,1.01969,2.25,1.88
2014.01.31 16:00:17.440,1.01964,1.01968,1.58,1.00
2014.01.31 16:00:17.743,1.01966,1.0197,1.00,1.45
2014.01.31 16:00:18.248,1.01966,1.0197,1.00,1.20
2014.01.31 16:00:18.678,1.01967,1.01971,1.58,4.10
2014.01.31 16:00:18.931,1.01968,1.01972,1.00,1.50
2014.01.31 16:00:19.387,1.01969,1.01971,1.00,1.16
2014.01.31 16:00:19.599,1.01967,1.0197,2.18,1.00
2014.01.31 16:00:19.801,1.01965,1.01969,1.10,1.58
2014.01.31 16:00:19.902,1.01966,1.0197,1.00,1.08
2014.01.31 16:00:20.156,1.01966,1.01969,1.00,1.00
2014.01.31 16:00:20.308,1.01967,1.0197,1.00,1.00
2014.01.31 16:00:20.813,1.01968,1.0197,1.00,1.10
2014.01.31 16:00:21.340,1.01966,1.01969,2.18,15.91
2014.01.31 16:00:21.391,1.01966,1.01969,1.00,2.00
2014.01.31 16:00:21.496,1.01964,1.01966,1.50,1.10
2014.01.31 16:00:21.951,1.01966,1.0197,1.00,4.69
2014.01.31 16:00:22.052,1.01967,1.0197,1.00,2.07
2014.01.31 16:00:22.357,1.01961,1.01964,6.75,1.62
2014.01.31 16:00:22.408,1.01958,1.01963,4.95,2.13
2014.01.31 16:00:22.611,1.01958,1.0196,3.38,1.00
2014.01.31 16:00:23.071,1.01956,1.0196,2.70,1.00
2014.01.31 16:00:23.389,1.01959,1.01962,1.00,1.13
2014.01.31 16:00:23.491,1.01958,1.01962,1.08,1.38
2014.01.31 16:00:23.642,1.0196,1.01963,1.00,1.80
2014.01.31 16:00:24.227,1.01959,1.01963,1.10,1.80
2014.01.31 16:00:24.430,1.01958,1.01962,1.58,1.38
2014.01.31 16:00:24.936,1.01958,1.01961,1.08,1.54
2014.01.31 16:00:25.493,1.01958,1.01961,1.08,1.00
2014.01.31 16:00:25.746,1.01955,1.01959,1.10,1.00
2014.01.31 16:00:25.797,1.01958,1.01963,4.00,4.58
2014.01.31 16:00:25.948,1.01958,1.0196,2.25,1.00
2014.01.31 16:00:26.151,1.01959,1.0196,1.00,9.54
2014.01.31 16:00:26.303,1.01957,1.01959,1.00,1.58
2014.01.31 16:00:26.505,1.01955,1.01958,1.00,1.84
2014.01.31 16:00:26.757,1.01956,1.0196,1.58,1.50
2014.01.31 16:00:27.093,1.01958,1.0196,2.50,1.50
2014.01.31 16:00:27.396,1.01962,1.01964,1.00,1.10
2014.01.31 16:00:27.498,1.0196,1.01964,1.20,2.93
2014.01.31 16:00:27.651,1.01959,1.01962,1.00,2.25
2014.01.31 16:00:27.753,1.01959,1.01962,1.00,1.10
2014.01.31 16:00:28.006,1.01957,1.01961,1.58,3.27
2014.01.31 16:00:28.259,1.01958,1.01962,1.58,2.33
2014.01.31 16:00:28.568,1.01958,1.01962,3.75,1.00
2014.01.31 16:00:29.074,1.01961,1.01963,1.10,1.00
2014.01.31 16:00:30.221,1.01959,1.01963,1.95,1.00
2014.01.31 16:00:30.272,1.01959,1.01961,1.95,1.00
2014.01.31 16:00:30.424,1.01955,1.01958,1.50,1.09
2014.01.31 16:00:30.828,1.01956,1.0196,1.58,1.10
2014.01.31 16:00:31.281,1.01958,1.01961,1.00,1.58
2014.01.31 16:00:31.590,1.01959,1.01962,1.00,1.13
2014.01.31 16:00:32.116,1.01961,1.01963,1.00,1.02
2014.01.31 16:00:32.424,1.01963,1.01967,5.18,8.22
2014.01.31 16:00:32.575,1.01965,1.01969,4.35,1.95
2014.01.31 16:00:33.180,1.01968,1.01974,1.00,14.06
2014.01.31 16:00:33.324,1.01977,1.01983,2.63,1.00
2014.01.31 16:00:33.837,1.0198,1.01984,2.25,1.00
2014.01.31 16:00:33.888,1.0198,1.01984,1.50,2.67
2014.01.31 16:00:34.090,1.01978,1.01982,1.00,1.00
2014.01.31 16:00:34.493,1.0198,1.01983,1.00,1.17
2014.01.31 16:00:34.796,1.01983,1.01987,1.00,1.45
2014.01.31 16:00:35.201,1.01985,1.01988,1.00,2.18
2014.01.31 16:00:35.302,1.01986,1.01989,2.25,1.10
2014.01.31 16:00:35.404,1.01986,1.01989,1.00,2.25
2014.01.31 16:00:35.656,1.01986,1.01989,1.10,1.00
2014.01.31 16:00:35.859,1.01983,1.01987,1.58,1.10
2014.01.31 16:00:35.960,1.01981,1.01985,1.00,1.00
2014.01.31 16:00:36.292,1.0198,1.01983,1.00,1.24
2014.01.31 16:00:36.698,1.01982,1.01985,1.00,5.70
2014.01.31 16:00:37.204,1.01983,1.01986,1.00,1.23
2014.01.31 16:00:37.507,1.01985,1.01988,1.00,4.16
2014.01.31 16:00:37.760,1.01987,1.01991,4.50,1.00
2014.01.31 16:00:38.264,1.01988,1.01991,1.00,1.13
2014.01.31 16:00:38.366,1.01989,1.01992,1.00,1.08
2014.01.31 16:00:38.669,1.01992,1.01995,2.50,1.00
2014.01.31 16:00:38.720,1.01994,1.01996,3.00,2.18
2014.01.31 16:00:38.770,1.01994,1.01998,4.38,1.00
2014.01.31 16:00:38.872,1.01996,1.01998,5.10,2.93
2014.01.31 16:00:39.276,1.01998,1.02,1.10,1.00
2014.01.31 16:00:39.378,1.01999,1.02001,1.00,2.10
2014.01.31 16:00:39.682,1.02002,1.02005,2.58,2.25
2014.01.31 16:00:39.885,1.02004,1.02006,1.00,1.00
2014.01.31 16:00:39.987,1.02005,1.02009,4.13,2.85
2014.01.31 16:00:40.090,1.0201,1.02013,1.00,1.50
2014.01.31 16:00:40.393,1.02009,1.02011,1.08,1.00
2014.01.31 16:00:40.495,1.02006,1.02009,2.33,1.00
2014.01.31 16:00:40.799,1.02006,1.02009,2.25,5.25
2014.01.31 16:00:40.901,1.02005,1.02007,1.00,1.13
2014.01.31 16:00:41.304,1.02003,1.02006,1.50,1.00
2014.01.31 16:00:41.709,1.02004,1.02006,1.10,1.00
2014.01.31 16:00:41.891,1.02002,1.02004,2.55,1.00
2014.01.31 16:00:41.947,1.02001,1.02004,1.38,1.00
2014.01.31 16:00:42.302,1.01999,1.02003,2.70,1.00
2014.01.31 16:00:42.556,1.01999,1.02002,1.00,1.02
2014.01.31 16:00:43.062,1.01999,1.02,1.00,1.00
2014.01.31 16:00:43.214,1.01996,1.02,7.95,2.27
2014.01.31 16:00:43.467,1.01991,1.01999,4.35,4.69
2014.01.31 16:00:43.770,1.01994,1.01996,2.93,1.00
2014.01.31 16:00:43.871,1.01995,1.01999,3.38,1.52
2014.01.31 16:00:43.924,1.01997,1.01999,2.18,1.02
2014.01.31 16:00:43.975,1.01999,1.02001,1.08,1.00
2014.01.31 16:00:44.126,1.02001,1.02003,1.00,1.00
2014.01.31 16:00:44.379,1.02003,1.02006,1.00,1.00
2014.01.31 16:00:44.922,1.02003,1.02006,1.50,1.10
2014.01.31 16:00:44.979,1.02,1.02002,1.00,3.68
2014.01.31 16:00:45.182,1.01997,1.02001,1.10,2.94
2014.01.31 16:00:45.687,1.01996,1.02,1.08,1.13
2014.01.31 16:00:45.940,1.01995,1.01998,1.00,1.58
2014.01.31 16:00:46.647,1.01995,1.01998,1.48,1.00
2014.01.31 16:00:46.799,1.01998,1.02001,1.00,1.10
2014.01.31 16:00:46.850,1.02001,1.02003,1.00,2.93
2014.01.31 16:00:46.900,1.02001,1.02004,1.10,2.63
2014.01.31 16:00:47.102,1.02003,1.02005,1.00,1.48
2014.01.31 16:00:47.204,1.02001,1.02005,2.33,1.10
2014.01.31 16:00:47.254,1.02002,1.02006,1.08,2.27
2014.01.31 16:00:47.356,1.02001,1.02006,1.10,1.59
2014.01.31 16:00:47.717,1.02003,1.02006,1.00,1.59
2014.01.31 16:00:48.227,1.02002,1.02006,1.00,1.10
2014.01.31 16:00:48.592,1.02,1.02003,1.00,3.12
2014.01.31 16:00:48.946,1.02001,1.02005,1.88,3.23
2014.01.31 16:00:49.047,1.02001,1.02005,1.95,1.10
2014.01.31 16:00:49.525,1.02001,1.02003,1.20,1.00
2014.01.31 16:00:49.829,1.01999,1.02001,1.10,1.00
2014.01.31 16:00:49.930,1.01996,1.01998,1.00,1.10
2014.01.31 16:00:49.981,1.01994,1.01998,2.70,1.10
2014.01.31 16:00:50.032,1.01994,1.01996,1.58,1.00
2014.01.31 16:00:51.091,1.01995,1.01999,4.00,1.13
2014.01.31 16:00:51.142,1.01998,1.02002,5.93,3.75
2014.01.31 16:00:51.243,1.01999,1.02001,1.95,1.50
2014.01.31 16:00:51.294,1.02001,1.02004,1.00,2.63
2014.01.31 16:00:51.395,1.02004,1.02007,1.50,6.75
2014.01.31 16:00:51.497,1.02004,1.02008,3.75,1.00
2014.01.31 16:00:51.599,1.02004,1.02007,1.58,1.02
2014.01.31 16:00:51.902,1.02007,1.0201,1.10,1.00
2014.01.31 16:00:52.031,1.02009,1.02012,1.00,1.58
2014.01.31 16:00:52.183,1.02007,1.02011,1.10,1.12
2014.01.31 16:00:52.688,1.02006,1.0201,1.58,1.00
2014.01.31 16:00:53.244,1.02006,1.0201,1.50,1.08
2014.01.31 16:00:53.437,1.02,1.02007,2.25,11.75
2014.01.31 16:00:53.488,1.01999,1.02003,1.50,2.97
2014.01.31 16:00:53.589,1.01997,1.02001,4.58,1.02
2014.01.31 16:00:53.690,1.02001,1.02005,1.13,1.58
2014.01.31 16:00:53.893,1.02006,1.02009,1.00,1.59
2014.01.31 16:00:54.096,1.02006,1.0201,1.58,1.58
2014.01.31 16:00:54.601,1.02006,1.0201,1.48,1.58
2014.01.31 16:00:55.257,1.02006,1.0201,4.13,1.00
2014.01.31 16:00:55.772,1.02006,1.02009,2.63,1.00
2014.01.31 16:00:56.277,1.02007,1.0201,1.08,1.00
2014.01.31 16:00:56.328,1.02007,1.02011,1.45,1.02
2014.01.31 16:00:56.581,1.02011,1.02014,1.95,1.50
2014.01.31 16:00:56.732,1.0201,1.02011,1.00,1.00
2014.01.31 16:00:56.783,1.0201,1.02014,1.58,4.37
2014.01.31 16:00:56.936,1.02012,1.02015,2.25,1.50
2014.01.31 16:00:57.408,1.02008,1.02014,3.75,4.02
2014.01.31 16:00:57.459,1.0201,1.02013,1.58,1.02
2014.01.31 16:00:57.611,1.02006,1.02011,1.00,4.62
2014.01.31 16:00:57.712,1.02006,1.02009,1.00,1.00
2014.01.31 16:00:57.813,1.02004,1.02007,1.10,1.00
2014.01.31 16:01:00.892,1.02004,1.02007,3.00,1.00
2014.01.31 16:01:03.368,1.02004,1.02007,1.10,1.00
2014.01.31 16:01:04.751,1.02004,1.02007,3.38,1.00
2014.01.31 16:01:05.075,1.02004,1.02006,3.30,1.00
2014.01.31 16:01:05.398,1.01996,1.02,2.55,1.00
2014.01.31 16:01:05.449,1.01995,1.01999,5.33,1.00
2014.01.31 16:01:05.603,1.01999,1.02002,1.00,1.12
2014.01.31 16:01:05.704,1.02,1.02002,1.00,1.10
2014.01.31 16:01:05.755,1.01999,1.02002,1.50,1.10
2014.01.31 16:01:05.907,1.01999,1.02001,1.00,1.02
2014.01.31 16:01:05.958,1.01998,1.02001,1.10,2.12
2014.01.31 16:01:06.059,1.01996,1.01999,2.18,1.00
2014.01.31 16:01:06.161,1.01994,1.01997,1.50,3.93
2014.01.31 16:01:06.717,1.01994,1.01997,1.00,1.00
2014.01.31 16:01:07.726,1.01996,1.01999,1.50,3.30
2014.01.31 16:01:08.029,1.02004,1.02005,1.00,2.18
2014.01.31 16:01:08.232,1.02004,1.02008,1.00,3.24
2014.01.31 16:01:08.661,1.02006,1.02009,1.00,2.19
2014.01.31 16:01:09.653,1.02005,1.02009,1.13,2.94
2014.01.31 16:01:10.168,1.02006,1.02009,1.00,1.00
2014.01.31 16:01:10.623,1.02004,1.02008,1.58,1.13
2014.01.31 16:01:10.977,1.02006,1.02024,1.50,2.35
2014.01.31 16:01:11.028,1.02014,1.02024,5.35,2.49
2014.01.31 16:01:11.331,1.02019,1.02023,1.50,5.10
2014.01.31 16:01:11.837,1.02019,1.0202,1.00,1.00
2014.01.31 16:01:12.342,1.02019,1.02021,1.00,1.10
2014.01.31 16:01:12.651,1.02017,1.02021,2.63,3.00
2014.01.31 16:01:12.752,1.02017,1.02021,1.00,3.00
2014.01.31 16:01:13.274,1.02016,1.0202,1.88,1.08
2014.01.31 16:01:13.779,1.02016,1.0202,1.88,1.08
2014.01.31 16:01:14.283,1.02016,1.0202,2.63,1.08
2014.01.31 16:01:14.435,1.02018,1.02021,1.13,3.75
2014.01.31 16:01:14.688,1.02019,1.02021,1.00,1.10
2014.01.31 16:01:15.355,1.02017,1.02021,2.70,1.10
2014.01.31 16:01:15.608,1.02019,1.02022,1.00,1.20
2014.01.31 16:01:15.951,1.02019,1.02021,1.00,2.18
2014.01.31 16:01:16.053,1.02019,1.02022,1.00,1.45
2014.01.31 16:01:16.255,1.02016,1.02022,4.50,1.58
2014.01.31 16:01:16.306,1.0202,1.02022,1.00,1.95
2014.01.31 16:01:17.017,1.02019,1.02022,1.00,1.95
2014.01.31 16:01:17.319,1.02019,1.02022,1.00,4.13
2014.01.31 16:01:17.851,1.0202,1.02024,2.50,9.83
2014.01.31 16:01:17.953,1.02019,1.0202,1.00,3.30
2014.01.31 16:01:19.130,1.02014,1.02019,1.95,1.58
2014.01.31 16:01:19.725,1.02014,1.02019,1.95,1.58
2014.01.31 16:01:20.810,1.02013,1.02019,1.08,2.70
2014.01.31 16:01:20.861,1.02012,1.02015,3.00,2.25
2014.01.31 16:01:21.164,1.02007,1.02009,1.00,3.00
2014.01.31 16:01:21.467,1.02007,1.0201,1.00,1.58
2014.01.31 16:01:22.023,1.02009,1.02011,1.00,2.25
2014.01.31 16:01:22.125,1.0201,1.02014,1.00,3.45
2014.01.31 16:01:22.630,1.02011,1.02014,1.00,3.45
2014.01.31 16:01:23.284,1.02011,1.02013,2.88,1.50
2014.01.31 16:01:23.385,1.0201,1.02013,1.10,2.25
2014.01.31 16:01:23.892,1.02011,1.02016,1.00,3.00
2014.01.31 16:01:23.943,1.02013,1.02016,1.00,2.93
2014.01.31 16:01:24.802,1.02012,1.02016,2.26,3.00
2014.01.31 16:01:24.853,1.02012,1.02016,2.34,1.10
2014.01.31 16:01:25.055,1.02014,1.02016,1.00,1.10
2014.01.31 16:01:25.359,1.02019,1.02023,1.00,1.08
2014.01.31 16:01:25.763,1.02016,1.02019,1.10,1.00
2014.01.31 16:01:26.268,1.02016,1.0202,1.50,3.00
2014.01.31 16:01:26.473,1.02016,1.0202,1.58,1.50
2014.01.31 16:01:26.676,1.02017,1.0202,2.25,1.50
2014.01.31 16:01:26.777,1.02019,1.02022,1.10,1.00
2014.01.31 16:01:26.828,1.02021,1.02022,1.00,1.00
2014.01.31 16:01:26.979,1.02022,1.02024,1.00,1.00
2014.01.31 16:01:27.131,1.0202,1.02024,1.00,1.08
2014.01.31 16:01:27.636,1.02021,1.02024,1.00,1.08
2014.01.31 16:01:27.687,1.02023,1.02024,1.00,1.00
2014.01.31 16:01:27.744,1.02023,1.02025,1.00,1.58
2014.01.31 16:01:28.149,1.02023,1.02027,1.58,1.58
2014.01.31 16:01:28.654,1.02022,1.02024,1.00,1.00
2014.01.31 16:01:28.805,1.02019,1.02023,1.58,1.80
2014.01.31 16:01:28.906,1.02019,1.02022,1.00,1.58
2014.01.31 16:01:29.310,1.02017,1.02021,1.20,1.10
2014.01.31 16:01:29.462,1.02016,1.02019,1.08,1.00
2014.01.31 16:01:30.099,1.02019,1.02022,1.00,1.45
2014.01.31 16:01:30.200,1.02019,1.02023,1.13,3.75
2014.01.31 16:01:30.301,1.02017,1.02021,1.58,1.20
2014.01.31 16:01:30.805,1.02019,1.02023,1.38,3.68
2014.01.31 16:01:30.907,1.0202,1.02023,1.45,1.00
2014.01.31 16:01:31.008,1.02021,1.02025,1.20,2.33
2014.01.31 16:01:31.764,1.02021,1.02025,1.95,1.10
2014.01.31 16:01:32.188,1.02024,1.02026,1.00,1.08
2014.01.31 16:01:32.698,1.02024,1.02028,1.00,3.00
2014.01.31 16:01:33.001,1.02025,1.02028,1.51,2.18
2014.01.31 16:01:33.102,1.02025,1.02029,1.59,1.10
2014.01.31 16:01:34.407,1.02024,1.02028,1.95,1.00
2014.01.31 16:01:34.912,1.02027,1.0203,1.50,1.45
2014.01.31 16:01:35.114,1.02029,1.02033,1.00,5.48
2014.01.31 16:01:35.721,1.02028,1.02032,2.25,1.95
2014.01.31 16:01:36.327,1.02029,1.02032,1.00,1.45
2014.01.31 16:01:36.479,1.02026,1.0203,1.45,1.00
2014.01.31 16:01:36.580,1.02029,1.0203,1.00,1.00
2014.01.31 16:01:36.732,1.0203,1.02032,1.14,1.00
2014.01.31 16:01:37.187,1.02033,1.02036,1.14,3.00
2014.01.31 16:01:37.710,1.02028,1.02034,1.59,2.18
2014.01.31 16:01:37.761,1.02028,1.0203,1.14,1.10
2014.01.31 16:01:37.863,1.02028,1.02029,1.14,1.10
2014.01.31 16:01:37.914,1.02026,1.02029,1.13,1.10
2014.01.31 16:01:38.419,1.02026,1.02028,1.00,1.00
2014.01.31 16:01:38.571,1.02028,1.02031,1.00,4.13
2014.01.31 16:01:38.826,1.0203,1.02034,1.48,2.33
2014.01.31 16:01:38.979,1.02032,1.02034,1.00,1.10
2014.01.31 16:01:39.332,1.02033,1.02036,1.00,1.10
2014.01.31 16:01:40.347,1.02034,1.02038,1.00,4.13
2014.01.31 16:01:40.398,1.02033,1.02035,1.00,1.00
2014.01.31 16:01:40.499,1.02031,1.02033,1.00,2.18
2014.01.31 16:01:40.802,1.02032,1.02035,1.88,1.58
2014.01.31 16:01:40.903,1.02033,1.02035,1.00,1.00
2014.01.31 16:01:41.106,1.02034,1.02038,1.10,2.93
2014.01.31 16:01:41.701,1.02033,1.02037,1.08,1.00
2014.01.31 16:01:42.209,1.02034,1.02036,1.10,1.00
2014.01.31 16:01:42.713,1.02034,1.02036,1.00,1.00
2014.01.31 16:01:43.226,1.02034,1.02035,1.00,1.10
2014.01.31 16:01:43.869,1.02032,1.02034,1.00,1.38
2014.01.31 16:01:43.921,1.0203,1.02033,1.50,2.13
2014.01.31 16:01:44.022,1.02029,1.0203,1.10,1.13
2014.01.31 16:01:44.123,1.02026,1.02029,1.10,5.48
2014.01.31 16:01:44.225,1.02023,1.02027,1.00,1.45
2014.01.31 16:01:44.679,1.02024,1.02027,1.49,1.00
2014.01.31 16:01:45.227,1.02025,1.02028,1.21,1.00
2014.01.31 16:01:46.084,1.02024,1.02027,1.58,1.13
2014.01.31 16:01:46.236,1.02022,1.02026,1.10,1.20
2014.01.31 16:01:46.841,1.02022,1.02026,1.48,1.10
2014.01.31 16:01:48.237,1.02022,1.02026,1.20,1.10
2014.01.31 16:01:48.288,1.02022,1.02026,3.38,1.00
2014.01.31 16:01:49.370,1.02024,1.02028,1.10,1.58
2014.01.31 16:01:50.352,1.02025,1.02029,1.00,1.95
2014.01.31 16:01:51.588,1.02025,1.02029,1.20,1.00
2014.01.31 16:01:51.992,1.02027,1.02031,1.39,1.95
2014.01.31 16:01:52.245,1.02032,1.02035,1.10,1.13
2014.01.31 16:01:52.759,1.02032,1.02036,1.10,1.20
2014.01.31 16:01:54.033,1.02034,1.02036,1.00,1.10
2014.01.31 16:01:54.698,1.02035,1.02037,1.00,1.08
2014.01.31 16:01:56.099,1.02036,1.02038,1.00,2.18
2014.01.31 16:01:56.201,1.02036,1.02039,1.00,1.58
2014.01.31 16:01:56.504,1.02035,1.02038,1.50,2.25
2014.01.31 16:01:57.756,1.02037,1.02038,1.00,1.00
2014.01.31 16:01:57.962,1.02038,1.02042,1.58,4.20
2014.01.31 16:01:58.366,1.0204,1.02042,1.00,1.10
2014.01.31 16:01:58.670,1.02045,1.02049,1.50,4.50
2014.01.31 16:02:00.349,1.02045,1.02048,1.10,1.13
2014.01.31 16:02:00.868,1.02046,1.02048,1.00,1.00
2014.01.31 16:02:02.588,1.02046,1.02049,1.00,1.10
2014.01.31 16:02:03.357,1.02048,1.0205,1.00,1.95
2014.01.31 16:02:03.872,1.02049,1.02051,1.00,2.55
2014.01.31 16:02:04.024,1.02049,1.02052,2.50,1.13
2014.01.31 16:02:04.226,1.02051,1.02054,1.50,1.58
2014.01.31 16:02:04.276,1.02051,1.02054,1.00,1.95
2014.01.31 16:02:04.378,1.02051,1.02054,1.58,2.63
2014.01.31 16:02:05.340,1.02051,1.02052,1.00,1.00
2014.01.31 16:02:05.492,1.02049,1.02052,2.33,1.00
2014.01.31 16:02:05.694,1.02049,1.02052,3.08,1.00
2014.01.31 16:02:06.198,1.02049,1.02051,1.00,1.58
2014.01.31 16:02:06.702,1.02049,1.0205,1.00,1.00
2014.01.31 16:02:07.257,1.02049,1.02051,1.00,1.58
2014.01.31 16:02:07.876,1.02049,1.02051,1.00,1.10
2014.01.31 16:02:07.978,1.02051,1.02054,1.00,1.08
2014.01.31 16:02:08.483,1.02052,1.02054,1.00,1.00
2014.01.31 16:02:08.735,1.02052,1.02054,1.00,1.00
2014.01.31 16:02:09.039,1.02045,1.02047,1.00,1.00
2014.01.31 16:02:09.543,1.02044,1.02047,1.00,1.00
2014.01.31 16:02:10.177,1.02044,1.02048,1.58,1.10
2014.01.31 16:02:10.604,1.02042,1.02047,3.68,1.50
2014.01.31 16:02:10.907,1.02037,1.0204,1.00,2.20
2014.01.31 16:02:11.311,1.02035,1.02038,1.88,1.20
2014.01.31 16:02:11.563,1.02035,1.02037,1.00,1.20
2014.01.31 16:02:11.866,1.02033,1.02036,1.50,3.38
2014.01.31 16:02:13.197,1.02032,1.02034,1.00,1.10
2014.01.31 16:02:14.261,1.02033,1.02036,1.10,1.13
2014.01.31 16:02:15.181,1.02032,1.02036,1.00,1.20
2014.01.31 16:02:15.700,1.02031,1.02035,1.95,1.10
2014.01.31 16:02:15.851,1.02029,1.02031,1.48,1.00
2014.01.31 16:02:16.154,1.02026,1.02028,1.00,2.93
2014.01.31 16:02:16.458,1.02023,1.02026,1.50,2.25
2014.01.31 16:02:16.509,1.02025,1.02027,1.00,1.20
2014.01.31 16:02:17.064,1.02025,1.02027,1.00,1.00
2014.01.31 16:02:17.367,1.02027,1.0203,1.00,3.30
2014.01.31 16:02:17.519,1.02028,1.02031,1.50,1.10
2014.01.31 16:02:18.047,1.02029,1.0203,1.00,1.13
2014.01.31 16:02:18.552,1.02027,1.0203,1.50,1.10
2014.01.31 16:02:18.856,1.02026,1.02028,1.10,1.00
2014.01.31 16:02:19.362,1.02025,1.02028,1.00,1.08
2014.01.31 16:02:20.171,1.02023,1.02026,1.10,1.00
2014.01.31 16:02:20.761,1.02023,1.02025,1.58,1.00
2014.01.31 16:02:22.734,1.02023,1.02026,1.08,1.00
2014.01.31 16:02:23.352,1.02026,1.02027,1.13,1.00
2014.01.31 16:02:23.514,1.02027,1.02031,1.21,1.95
2014.01.31 16:02:23.766,1.02026,1.02028,1.08,1.00
2014.01.31 16:02:24.616,1.0203,1.02032,1.00,4.05
2014.01.31 16:02:24.870,1.0203,1.02033,3.00,1.00
2014.01.31 16:02:24.979,1.02029,1.02033,1.95,1.00
2014.01.31 16:02:25.483,1.0203,1.02034,1.20,1.12
2014.01.31 16:02:25.735,1.02032,1.02034,1.00,1.10
2014.01.31 16:02:25.937,1.02033,1.02036,1.10,1.02
2014.01.31 16:02:27.400,1.02033,1.02036,1.00,1.02
2014.01.31 16:02:27.501,1.02033,1.02038,6.61,1.50
2014.01.31 16:02:27.704,1.02036,1.02041,9.75,3.38
2014.01.31 16:02:28.007,1.0204,1.02043,2.13,2.93
2014.01.31 16:02:28.057,1.02041,1.02043,2.20,1.00
2014.01.31 16:02:28.209,1.02042,1.02046,2.13,1.08
2014.01.31 16:02:28.361,1.02042,1.02047,2.23,1.97
2014.01.31 16:02:28.866,1.02043,1.02048,7.76,1.00
2014.01.31 16:02:29.379,1.02045,1.02049,1.00,3.02
2014.01.31 16:02:29.430,1.02045,1.02049,1.08,1.02
2014.01.31 16:02:29.930,1.02045,1.02049,1.08,1.02
2014.01.31 16:02:30.363,1.02047,1.02051,1.08,3.23
2014.01.31 16:02:30.464,1.02047,1.0205,1.08,1.89
2014.01.31 16:02:30.818,1.02046,1.02049,1.00,1.08
2014.01.31 16:02:31.651,1.02044,1.02048,1.20,1.10
2014.01.31 16:02:32.156,1.02043,1.02047,1.58,1.00
2014.01.31 16:02:32.509,1.02045,1.02049,1.95,1.00
2014.01.31 16:02:34.462,1.02047,1.0205,1.00,1.20
2014.01.31 16:02:34.765,1.02051,1.02054,1.50,1.08
2014.01.31 16:02:34.976,1.02049,1.02053,1.89,3.23
2014.01.31 16:02:35.078,1.02048,1.02052,4.50,1.95
2014.01.31 16:02:35.230,1.02048,1.02051,1.00,2.63
2014.01.31 16:02:35.533,1.02048,1.02052,1.00,1.95
2014.01.31 16:02:36.528,1.02048,1.02052,1.00,1.95
2014.01.31 16:02:36.881,1.02047,1.0205,1.00,1.08
2014.01.31 16:02:38.876,1.02045,1.02049,2.26,1.08
2014.01.31 16:02:39.163,1.02044,1.02048,2.70,1.00
2014.01.31 16:02:39.264,1.02044,1.02047,1.50,1.08
2014.01.31 16:02:39.769,1.02043,1.02047,1.13,1.08
2014.01.31 16:02:40.277,1.02041,1.02043,1.58,1.50
2014.01.31 16:02:40.580,1.0204,1.02042,1.00,3.30
2014.01.31 16:02:40.883,1.02041,1.02043,1.00,1.88
2014.01.31 16:02:40.984,1.02039,1.02043,1.08,1.88
2014.01.31 16:02:41.136,1.02038,1.02041,2.25,1.00
2014.01.31 16:02:41.187,1.02037,1.02041,2.34,1.00
2014.01.31 16:02:41.691,1.02037,1.02041,2.26,1.08
2014.01.31 16:02:41.843,1.02039,1.02042,1.00,2.25
2014.01.31 16:02:41.894,1.02039,1.02043,1.00,1.20
2014.01.31 16:02:42.701,1.0204,1.02044,1.00,5.63
2014.01.31 16:02:42.753,1.0204,1.02044,1.10,2.70
2014.01.31 16:02:42.906,1.02041,1.02045,1.08,1.13
2014.01.31 16:02:43.245,1.02038,1.02042,2.33,1.00
2014.01.31 16:02:43.548,1.02042,1.02045,1.14,1.10
2014.01.31 16:02:43.853,1.02042,1.02045,1.00,2.25
2014.01.31 16:02:43.903,1.02043,1.02047,1.00,1.58
2014.01.31 16:02:44.055,1.02041,1.02043,1.00,1.00
2014.01.31 16:02:44.157,1.02039,1.02043,1.00,1.08
2014.01.31 16:02:44.410,1.02041,1.02044,1.00,3.00
2014.01.31 16:02:44.663,1.02043,1.02047,1.00,1.58
2014.01.31 16:02:46.525,1.02043,1.02044,1.00,1.50
2014.01.31 16:02:46.626,1.02041,1.02043,1.00,1.10
2014.01.31 16:02:46.828,1.02039,1.02043,1.10,1.20
2014.01.31 16:02:47.081,1.0204,1.02044,1.08,1.13
2014.01.31 16:02:47.586,1.02042,1.02046,4.89,1.00
2014.01.31 16:02:47.690,1.02042,1.02046,5.63,1.00
2014.01.31 16:02:48.194,1.02043,1.02047,1.95,1.00
2014.01.31 16:02:54.589,1.02044,1.02048,1.10,1.10
2014.01.31 16:02:54.892,1.02046,1.0205,1.00,3.38
2014.01.31 16:02:55.398,1.02045,1.02049,1.20,1.00
2014.01.31 16:02:55.701,1.02043,1.02047,1.58,1.13
2014.01.31 16:02:56.004,1.02043,1.02047,1.10,1.21
2014.01.31 16:02:56.508,1.02046,1.02048,1.00,1.00
2014.01.31 16:02:56.862,1.02045,1.02049,1.10,1.10
2014.01.31 16:02:56.912,1.02045,1.02049,1.00,3.00
2014.01.31 16:02:57.022,1.02045,1.02049,1.08,1.00
2014.01.31 16:02:57.528,1.02046,1.02048,1.10,1.00
2014.01.31 16:02:57.579,1.02046,1.0205,1.10,1.20
2014.01.31 16:02:58.185,1.02043,1.02048,1.10,3.75
2014.01.31 16:02:58.336,1.02041,1.02045,1.00,5.48
2014.01.31 16:02:58.387,1.02042,1.02045,1.00,4.44
2014.01.31 16:02:58.891,1.02038,1.02044,1.08,9.46
2014.01.31 16:02:59.597,1.02038,1.02044,1.08,9.46
2014.01.31 16:02:59.749,1.02037,1.02042,4.50,4.88
2014.01.31 16:02:59.901,1.02037,1.02041,1.00,10.44
2014.01.31 16:03:00.204,1.02034,1.02039,1.00,4.13
2014.01.31 16:03:02.176,1.02031,1.02039,3.53,7.89
2014.01.31 16:03:02.429,1.02026,1.02032,2.33,4.50
2014.01.31 16:03:02.934,1.02026,1.02032,2.33,4.50
2014.01.31 16:03:03.064,1.02026,1.02032,1.58,6.00
2014.01.31 16:03:04.147,1.02027,1.02031,4.50,1.58
2014.01.31 16:03:04.552,1.02029,1.02031,1.00,1.13
2014.01.31 16:03:05.333,1.02026,1.02029,1.10,1.00
2014.01.31 16:03:06.288,1.02026,1.0203,1.58,1.20
2014.01.31 16:03:06.944,1.02029,1.02032,1.00,2.70
2014.01.31 16:03:07.298,1.02028,1.02031,1.00,3.69
2014.01.31 16:03:07.601,1.02024,1.02028,1.50,4.01
2014.01.31 16:03:07.955,1.02024,1.02028,1.00,3.00
2014.01.31 16:03:08.056,1.02026,1.02028,1.00,2.18
2014.01.31 16:03:08.107,1.02027,1.02029,1.00,1.08
2014.01.31 16:03:08.712,1.02025,1.02029,2.25,1.45
2014.01.31 16:03:09.028,1.02025,1.02029,1.00,3.31
2014.01.31 16:03:09.453,1.02025,1.02029,1.00,4.88
2014.01.31 16:03:09.849,1.02023,1.02028,1.00,4.13
2014.01.31 16:03:10.240,1.02023,1.02026,1.00,4.06
2014.01.31 16:03:10.291,1.02019,1.02024,10.13,4.73
2014.01.31 16:03:10.444,1.02019,1.02023,1.00,4.73
2014.01.31 16:03:10.697,1.02021,1.02023,1.00,2.93
2014.01.31 16:03:10.849,1.02023,1.02025,1.00,1.08
2014.01.31 16:03:11.153,1.02024,1.02028,1.00,3.00
2014.01.31 16:03:11.680,1.02025,1.02028,1.00,2.93
2014.01.31 16:03:11.782,1.02024,1.02028,1.00,3.00
2014.01.31 16:03:13.022,1.02024,1.02028,1.10,1.10
2014.01.31 16:03:13.124,1.02026,1.02028,1.00,2.71
2014.01.31 16:03:13.463,1.0202,1.02025,2.93,5.27
2014.01.31 16:03:13.564,1.0202,1.02022,1.00,1.08
2014.01.31 16:03:13.665,1.02021,1.02023,2.35,1.10
2014.01.31 16:03:13.918,1.02021,1.02025,1.10,1.20
2014.01.31 16:03:14.020,1.02023,1.02025,1.00,1.20
2014.01.31 16:03:14.322,1.02022,1.02025,1.00,1.20
2014.01.31 16:03:14.980,1.02022,1.02025,1.00,1.20
2014.01.31 16:03:15.884,1.02022,1.02026,1.50,1.45
2014.01.31 16:03:17.090,1.02024,1.02026,1.00,1.20
2014.01.31 16:03:17.191,1.02022,1.02026,1.50,1.20
2014.01.31 16:03:17.414,1.02023,1.02026,1.00,1.08
2014.01.31 16:03:17.618,1.02022,1.02026,1.00,1.08
2014.01.31 16:03:17.719,1.02023,1.02026,1.00,1.08
2014.01.31 16:03:19.288,1.02022,1.02026,1.50,1.08
2014.01.31 16:03:20.398,1.02024,1.02026,1.00,1.00
2014.01.31 16:03:20.904,1.02024,1.02026,1.00,1.45
2014.01.31 16:03:21.626,1.02022,1.02025,1.00,1.20
2014.01.31 16:03:22.175,1.02021,1.02025,1.58,1.20
2014.01.31 16:03:22.529,1.02024,1.02025,1.00,1.20
2014.01.31 16:03:22.935,1.02019,1.02024,2.93,3.98
2014.01.31 16:03:22.986,1.02016,1.02022,13.50,14.08
2014.01.31 16:03:23.087,1.02018,1.02021,1.00,2.10
2014.01.31 16:03:23.188,1.02019,1.02023,1.00,4.13
2014.01.31 16:03:23.238,1.02021,1.02023,1.00,1.95
2014.01.31 16:03:23.541,1.02022,1.02023,1.00,1.00
2014.01.31 16:03:23.794,1.02023,1.02025,1.00,1.00
2014.01.31 16:03:24.298,1.02023,1.02026,1.00,1.10
2014.01.31 16:03:24.814,1.02024,1.02026,1.00,1.10
2014.01.31 16:03:25.317,1.02022,1.02025,1.58,1.13
2014.01.31 16:03:25.368,1.02023,1.02025,1.00,1.13
2014.01.31 16:03:25.519,1.02022,1.02024,1.10,2.50
2014.01.31 16:03:25.570,1.02019,1.02023,1.10,2.58
2014.01.31 16:03:25.873,1.0202,1.02024,1.95,1.00
2014.01.31 16:03:26.176,1.02023,1.02025,1.00,1.10
2014.01.31 16:03:26.688,1.02023,1.02025,1.10,1.00
2014.01.31 16:03:29.827,1.02022,1.02025,1.00,3.00
2014.01.31 16:03:30.341,1.02022,1.02025,1.00,3.00
2014.01.31 16:03:32.265,1.02024,1.02025,1.00,2.18
2014.01.31 16:03:32.417,1.02027,1.02029,1.58,1.00
2014.01.31 16:03:32.720,1.02027,1.02031,2.33,1.10
2014.01.31 16:03:32.771,1.02029,1.02032,1.00,1.08
2014.01.31 16:03:32.973,1.0203,1.02033,1.00,1.10
2014.01.31 16:03:33.074,1.02032,1.02035,1.50,2.25
2014.01.31 16:03:33.326,1.02031,1.02035,1.58,1.58
2014.01.31 16:03:33.528,1.02032,1.02036,1.08,1.00
2014.01.31 16:03:33.882,1.02032,1.02034,1.08,1.00
2014.01.31 16:03:34.185,1.02031,1.02033,1.43,1.00
2014.01.31 16:03:34.286,1.02033,1.02037,4.03,1.14
2014.01.31 16:03:34.640,1.02034,1.02035,1.00,1.00
2014.01.31 16:03:34.691,1.02031,1.02033,1.00,1.08
2014.01.31 16:03:34.742,1.02029,1.02031,1.50,1.00
2014.01.31 16:03:34.793,1.02027,1.0203,1.10,1.00
2014.01.31 16:03:34.936,1.02027,1.02031,3.00,1.50
2014.01.31 16:03:35.804,1.02027,1.02031,3.38,1.00
2014.01.31 16:03:35.855,1.02031,1.02034,1.00,5.25
2014.01.31 16:03:36.007,1.02033,1.02037,1.08,1.14
2014.01.31 16:03:36.058,1.02033,1.02037,1.08,1.89
2014.01.31 16:03:36.260,1.02032,1.02035,2.25,1.00
2014.01.31 16:03:36.876,1.02031,1.02035,1.95,1.00
2014.01.31 16:03:37.381,1.0203,1.02034,4.50,1.00
2014.01.31 16:03:37.533,1.0203,1.02033,1.13,1.10
2014.01.31 16:03:37.786,1.02033,1.02035,1.00,1.10
2014.01.31 16:03:39.893,1.02031,1.02035,2.55,1.10
2014.01.31 16:03:40.437,1.02033,1.02037,1.00,3.39
2014.01.31 16:03:42.528,1.02033,1.02037,1.20,1.21
2014.01.31 16:03:44.235,1.02034,1.02038,1.00,3.09
2014.01.31 16:03:44.793,1.02034,1.02038,1.58,1.89
2014.01.31 16:03:44.844,1.02033,1.02037,2.93,2.51
2014.01.31 16:03:44.896,1.02033,1.02035,1.10,2.14
2014.01.31 16:03:44.997,1.02031,1.02035,1.20,2.71
2014.01.31 16:03:45.098,1.02031,1.02035,1.20,4.47
2014.01.31 16:03:45.250,1.02029,1.02034,1.50,7.74
2014.01.31 16:03:45.755,1.02028,1.02033,1.10,4.81
2014.01.31 16:03:45.958,1.02029,1.02033,1.08,3.39
2014.01.31 16:03:46.261,1.02037,1.02041,4.13,1.50
2014.01.31 16:03:46.564,1.02037,1.02041,1.08,2.50
2014.01.31 16:03:46.666,1.02038,1.02041,1.10,1.50
2014.01.31 16:03:47.170,1.02037,1.02041,1.00,2.60
2014.01.31 16:03:48.331,1.02035,1.02039,2.70,1.00
2014.01.31 16:03:48.838,1.02034,1.02038,3.00,2.25
2014.01.31 16:03:49.596,1.02036,1.0204,1.95,1.10
2014.01.31 16:03:49.849,1.02036,1.0204,4.13,1.00
2014.01.31 16:03:50.253,1.02039,1.02043,1.00,1.96
2014.01.31 16:03:50.304,1.0204,1.02043,1.08,1.00
2014.01.31 16:03:50.607,1.02043,1.02047,2.63,3.31
2014.01.31 16:03:50.658,1.02046,1.02047,1.00,3.31
2014.01.31 16:03:50.759,1.02048,1.02051,1.00,1.38
2014.01.31 16:03:50.810,1.02048,1.02051,1.00,1.48
2014.01.31 16:03:51.315,1.02047,1.02051,1.10,1.48
2014.01.31 16:03:52.820,1.02047,1.02051,3.00,1.38
2014.01.31 16:03:52.921,1.02047,1.02051,1.10,1.95
2014.01.31 16:03:55.842,1.02048,1.02051,2.10,3.09
2014.01.31 16:03:55.944,1.02048,1.02051,4.35,1.58
2014.01.31 16:03:56.246,1.02049,1.02058,9.64,10.22
2014.01.31 16:03:56.348,1.02047,1.02052,1.00,19.14
2014.01.31 16:03:56.398,1.02045,1.0205,1.50,17.59
2014.01.31 16:03:56.632,1.02041,1.02046,5.63,8.10
2014.01.31 16:03:56.734,1.02043,1.02046,1.00,4.01
2014.01.31 16:03:56.835,1.02044,1.02046,1.00,1.00
2014.01.31 16:03:57.350,1.02045,1.02048,1.00,3.31
2014.01.31 16:03:57.855,1.02044,1.02048,1.00,4.06
2014.01.31 16:03:58.421,1.02042,1.02047,1.50,3.76
2014.01.31 16:03:58.724,1.02038,1.02045,1.50,6.39
2014.01.31 16:03:59.027,1.02037,1.02042,5.25,4.89
2014.01.31 16:03:59.280,1.02038,1.02041,1.10,1.00
2014.01.31 16:03:59.381,1.02038,1.02041,1.00,3.60
2014.01.31 16:03:59.656,1.02035,1.02038,1.10,1.00
2014.01.31 16:03:59.707,1.02037,1.02038,1.00,1.00
2014.01.31 16:03:59.909,1.02039,1.02042,1.50,1.14
2014.01.31 16:04:00.061,1.02041,1.02045,1.58,1.21
2014.01.31 16:04:00.162,1.02043,1.02047,1.00,3.69
2014.01.31 16:04:00.465,1.02046,1.02048,1.00,9.99
2014.01.31 16:04:00.969,1.02046,1.02048,1.00,1.35
2014.01.31 16:04:01.171,1.02046,1.02049,1.00,1.10
2014.01.31 16:04:01.272,1.02047,1.0205,1.08,8.61
2014.01.31 16:04:01.525,1.02054,1.02058,1.58,2.70
2014.01.31 16:04:01.576,1.02055,1.02058,1.58,1.88
2014.01.31 16:04:01.879,1.02052,1.02056,1.00,4.14
2014.01.31 16:04:02.182,1.02054,1.02056,1.00,1.10
2014.01.31 16:04:04.074,1.02055,1.02058,1.00,2.25
2014.01.31 16:04:04.881,1.02057,1.02061,1.00,1.45
2014.01.31 16:04:04.983,1.02058,1.02061,1.00,1.20
2014.01.31 16:04:05.185,1.02061,1.02063,1.00,1.10
2014.01.31 16:04:05.387,1.02065,1.02069,2.20,1.10
2014.01.31 16:04:05.488,1.02064,1.02066,1.00,1.00
2014.01.31 16:04:05.792,1.02062,1.02064,1.10,1.00
2014.01.31 16:04:06.337,1.02061,1.02063,1.00,1.00
2014.01.31 16:04:06.847,1.02061,1.02064,1.00,1.10
2014.01.31 16:04:07.473,1.02061,1.02064,1.38,1.10
2014.01.31 16:04:07.676,1.02063,1.02067,1.58,1.00
2014.01.31 16:04:08.131,1.02065,1.02069,1.38,2.70
2014.01.31 16:04:08.636,1.02066,1.02069,1.20,1.00
2014.01.31 16:04:09.141,1.02067,1.02071,1.00,1.95
2014.01.31 16:04:09.655,1.02066,1.02071,1.95,2.23
2014.01.31 16:04:11.247,1.02068,1.02071,1.00,1.20
2014.01.31 16:04:12.764,1.02067,1.02071,1.00,2.70
2014.01.31 16:04:13.745,1.02069,1.0207,1.00,1.20
2014.01.31 16:04:14.048,1.0207,1.02073,3.38,1.00
2014.01.31 16:04:14.179,1.02073,1.02078,2.58,1.58
2014.01.31 16:04:14.232,1.02075,1.02078,1.00,1.58
2014.01.31 16:04:14.534,1.02075,1.02076,1.00,1.00
2014.01.31 16:04:14.838,1.02073,1.02076,1.00,2.70
2014.01.31 16:04:14.940,1.02069,1.02074,1.10,2.70
2014.01.31 16:04:14.991,1.0207,1.02072,1.00,1.00
2014.01.31 16:04:15.043,1.02068,1.02072,1.88,3.00
2014.01.31 16:04:15.296,1.02066,1.02069,1.48,1.50
2014.01.31 16:04:15.347,1.02066,1.02069,1.10,1.50
2014.01.31 16:04:15.802,1.02068,1.02072,2.48,4.43
2014.01.31 16:04:16.106,1.02069,1.02072,1.48,1.00
2014.01.31 16:04:16.308,1.0207,1.02074,1.58,1.00
2014.01.31 16:04:16.815,1.02073,1.02074,1.00,1.13
2014.01.31 16:04:16.967,1.02074,1.02076,1.00,1.00
2014.01.31 16:04:17.270,1.02076,1.02079,2.50,2.55
2014.01.31 16:04:17.810,1.02077,1.02079,1.00,2.63
2014.01.31 16:04:17.861,1.02077,1.0208,1.00,2.63
2014.01.31 16:04:18.013,1.02077,1.02081,1.00,1.20
2014.01.31 16:04:18.518,1.02075,1.02081,1.95,2.58
2014.01.31 16:04:19.124,1.02077,1.02081,1.50,1.95
2014.01.31 16:04:19.276,1.02079,1.02081,1.00,1.95
2014.01.31 16:04:19.679,1.0208,1.02082,1.00,1.10
2014.01.31 16:04:20.184,1.0208,1.02082,1.00,1.58
2014.01.31 16:04:20.336,1.02078,1.02081,1.58,3.23
2014.01.31 16:04:20.437,1.0208,1.02082,1.00,1.20
2014.01.31 16:04:20.790,1.02078,1.02082,1.10,3.30
2014.01.31 16:04:21.230,1.0208,1.02083,1.00,1.45
2014.01.31 16:04:21.534,1.02078,1.0208,1.10,2.10
2014.01.31 16:04:21.635,1.02079,1.02081,1.00,1.00
2014.01.31 16:04:21.837,1.02077,1.02081,1.50,1.95
2014.01.31 16:04:22.414,1.02079,1.02082,2.13,7.43
2014.01.31 16:04:22.465,1.0208,1.02083,1.00,7.43
2014.01.31 16:04:22.566,1.02077,1.02081,1.58,1.13
2014.01.31 16:04:23.071,1.02079,1.02082,1.00,3.75
2014.01.31 16:04:23.172,1.02079,1.02083,1.08,1.00
2014.01.31 16:04:23.223,1.02081,1.02084,1.00,1.95
2014.01.31 16:04:23.576,1.02083,1.02086,1.00,1.10
2014.01.31 16:04:23.627,1.02084,1.02086,1.00,1.10
2014.01.31 16:04:23.879,1.02085,1.02089,1.10,1.58
2014.01.31 16:04:24.081,1.02087,1.02091,1.08,2.25
2014.01.31 16:04:24.618,1.02089,1.02092,1.00,1.10
2014.01.31 16:04:25.324,1.02089,1.02092,1.08,1.00
2014.01.31 16:04:26.024,1.02089,1.02092,1.08,3.38
2014.01.31 16:04:26.277,1.02085,1.02088,1.00,1.12
2014.01.31 16:04:26.782,1.02086,1.02087,2.18,1.00
2014.01.31 16:04:27.034,1.02086,1.0209,1.10,5.72
2014.01.31 16:04:27.136,1.02084,1.02087,2.18,1.00
2014.01.31 16:04:27.186,1.02082,1.02085,3.75,1.03
2014.01.31 16:04:27.338,1.02079,1.02083,4.13,1.00
2014.01.31 16:04:27.590,1.02082,1.02085,1.00,1.13
2014.01.31 16:04:27.742,1.02082,1.02084,1.00,1.08
2014.01.31 16:04:27.793,1.0208,1.02084,1.50,1.08
2014.01.31 16:04:28.197,1.02082,1.02085,2.50,2.20
2014.01.31 16:04:28.287,1.02083,1.02086,1.38,1.02
2014.01.31 16:04:28.338,1.02087,1.0209,5.53,1.00
2014.01.31 16:04:28.440,1.02089,1.0209,1.00,1.00
2014.01.31 16:04:28.643,1.02089,1.02093,1.00,1.58
2014.01.31 16:04:30.006,1.0209,1.02094,1.00,1.20
2014.01.31 16:04:30.511,1.02091,1.02095,1.38,3.00
2014.01.31 16:04:30.563,1.02093,1.02095,1.00,1.10
2014.01.31 16:04:30.664,1.02093,1.02097,1.50,1.10
2014.01.31 16:04:31.322,1.02093,1.02095,1.00,1.00
2014.01.31 16:04:31.372,1.02091,1.02095,3.68,1.00
2014.01.31 16:04:31.726,1.02092,1.02094,1.00,2.18
2014.01.31 16:04:31.776,1.02094,1.02115,11.45,2.18
2014.01.31 16:04:31.891,1.02104,1.02112,3.55,2.18
2014.01.31 16:04:31.950,1.02114,1.02119,1.00,1.03
2014.01.31 16:04:32.052,1.02115,1.0212,1.00,1.02
2014.01.31 16:04:32.304,1.02114,1.02117,1.00,1.00
2014.01.31 16:04:32.406,1.02114,1.0212,1.50,1.52
2014.01.31 16:04:32.911,1.02113,1.02119,3.00,1.03
2014.01.31 16:04:33.416,1.02112,1.02115,1.50,2.10
2014.01.31 16:04:33.669,1.02106,1.02112,10.13,2.65
2014.01.31 16:04:33.770,1.02104,1.02109,1.00,1.00
2014.01.31 16:04:34.124,1.02105,1.02107,1.00,1.00
2014.01.31 16:04:34.427,1.02097,1.02102,1.10,3.93
2014.01.31 16:04:34.680,1.02094,1.02097,1.10,1.00
2014.01.31 16:04:34.882,1.02095,1.021,4.00,2.18
2014.01.31 16:04:35.060,1.02099,1.02103,1.95,1.10
2014.01.31 16:04:35.212,1.02099,1.02102,1.10,1.00
2014.01.31 16:04:35.666,1.02098,1.02099,1.00,1.10
2014.01.31 16:04:35.768,1.02095,1.02098,1.58,1.00
2014.01.31 16:04:36.172,1.02095,1.02098,1.10,1.00
2014.01.31 16:04:36.678,1.02094,1.02098,1.50,4.01
2014.01.31 16:04:37.990,1.02096,1.021,2.63,4.28
2014.01.31 16:04:38.041,1.02098,1.021,1.13,2.18
2014.01.31 16:04:38.092,1.02099,1.02101,1.88,1.10
2014.01.31 16:04:38.244,1.02101,1.02104,1.00,1.45
2014.01.31 16:04:38.754,1.02101,1.02105,3.75,3.38
2014.01.31 16:04:38.805,1.02101,1.02105,4.58,1.20
2014.01.31 16:04:39.057,1.021,1.02104,1.50,3.85
2014.01.31 16:04:39.260,1.02099,1.02104,2.25,4.88
2014.01.31 16:04:39.613,1.02097,1.02101,1.50,4.01
2014.01.31 16:04:39.916,1.02095,1.02101,1.00,3.00
2014.01.31 16:04:40.426,1.02094,1.02098,3.75,1.08
2014.01.31 16:04:40.931,1.02095,1.02098,1.10,1.00
2014.01.31 16:04:41.486,1.02095,1.02099,1.10,1.95
2014.01.31 16:04:41.789,1.02097,1.02101,1.13,3.00
2014.01.31 16:04:42.100,1.021,1.02104,3.23,1.50
2014.01.31 16:04:42.151,1.021,1.02104,3.30,1.10
2014.01.31 16:04:42.661,1.02102,1.02106,1.10,1.48
2014.01.31 16:04:42.762,1.02102,1.02106,1.20,1.10
2014.01.31 16:04:43.318,1.02101,1.02105,2.25,1.08
2014.01.31 16:04:43.622,1.02102,1.02105,2.25,1.00
2014.01.31 16:04:43.824,1.02102,1.02105,1.10,1.00
2014.01.31 16:04:44.026,1.02104,1.02108,2.25,1.00
2014.01.31 16:04:44.127,1.02104,1.02108,3.00,1.00
2014.01.31 16:04:44.178,1.02104,1.02108,1.00,1.58
2014.01.31 16:04:44.481,1.02103,1.02107,1.20,1.00
2014.01.31 16:04:44.583,1.021,1.02104,3.75,1.13
2014.01.31 16:04:44.734,1.02099,1.02103,1.58,1.38
2014.01.31 16:04:45.038,1.02101,1.02104,2.85,1.10
2014.01.31 16:04:45.189,1.02102,1.02106,1.08,1.38
2014.01.31 16:04:45.697,1.02102,1.02106,1.45,1.00
2014.01.31 16:04:46.155,1.02104,1.02107,1.58,1.13
2014.01.31 16:04:46.659,1.02103,1.02107,1.58,1.10
2014.01.31 16:04:46.861,1.02103,1.02107,1.58,1.48
2014.01.31 16:04:46.962,1.02103,1.02107,1.58,1.10
2014.01.31 16:04:47.114,1.02103,1.02106,1.10,1.38
2014.01.31 16:04:47.619,1.02103,1.02107,1.00,3.75
2014.01.31 16:04:47.670,1.02103,1.02107,1.20,1.58
2014.01.31 16:04:48.074,1.02103,1.02109,1.13,3.02
2014.01.31 16:04:48.125,1.02103,1.02109,7.88,1.13
2014.01.31 16:04:48.428,1.02104,1.02109,9.00,1.38
2014.01.31 16:04:48.867,1.02111,1.02116,4.98,6.00
2014.01.31 16:04:49.176,1.02114,1.0212,4.03,6.47
2014.01.31 16:04:50.294,1.02115,1.02119,2.70,1.38
2014.01.31 16:04:50.395,1.02117,1.02119,2.55,1.38
2014.01.31 16:04:50.597,1.02117,1.0212,1.20,5.63
2014.01.31 16:04:51.254,1.02116,1.0212,2.63,5.70
2014.01.31 16:04:51.707,1.02117,1.0212,1.10,1.00
2014.01.31 16:04:52.729,1.02117,1.0212,3.38,1.00
2014.01.31 16:04:53.444,1.02116,1.0212,1.20,1.00
2014.01.31 16:04:54.235,1.02116,1.0212,1.00,1.08
2014.01.31 16:04:55.457,1.02115,1.02118,1.00,2.25
2014.01.31 16:04:55.660,1.02112,1.02116,5.63,1.10
2014.01.31 16:04:55.962,1.02114,1.02116,1.38,1.10
2014.01.31 16:04:56.215,1.02116,1.0212,11.70,1.02
2014.01.31 16:04:56.266,1.02115,1.02118,1.00,2.25
2014.01.31 16:04:58.025,1.02116,1.02121,2.50,1.13
2014.01.31 16:04:58.126,1.02119,1.02124,5.26,4.05
2014.01.31 16:04:58.227,1.02122,1.02124,1.00,1.00
2014.01.31 16:04:58.329,1.02121,1.02123,2.25,1.88
2014.01.31 16:04:58.734,1.02119,1.02121,1.00,1.38
2014.01.31 16:04:58.886,1.02116,1.0212,3.00,1.00
2014.01.31 16:04:59.038,1.02116,1.02119,1.10,1.00
2014.01.31 16:04:59.565,1.02114,1.02118,5.25,1.00
2014.01.31 16:05:00.069,1.02114,1.02117,4.50,1.00
2014.01.31 16:05:00.520,1.02114,1.02117,1.50,1.20
2014.01.31 16:05:01.025,1.02115,1.02119,1.00,3.38
2014.01.31 16:05:01.279,1.02115,1.02119,1.10,1.10
2014.01.31 16:05:01.483,1.02117,1.02119,1.13,1.10
2014.01.31 16:05:01.786,1.02114,1.02118,1.58,1.38
2014.01.31 16:05:02.293,1.02114,1.02118,1.20,1.00
2014.01.31 16:05:02.597,1.0211,1.02114,2.25,2.88
2014.01.31 16:05:02.648,1.02109,1.02113,1.50,1.45
2014.01.31 16:05:02.749,1.02108,1.02112,1.10,1.20
2014.01.31 16:05:03.405,1.02109,1.02113,1.00,1.20
2014.01.31 16:05:03.708,1.02111,1.02114,1.00,4.13
2014.01.31 16:05:03.860,1.02112,1.02116,1.95,1.00
2014.01.31 16:05:04.163,1.02114,1.02118,1.08,1.38
2014.01.31 16:05:04.214,1.02117,1.02121,1.00,4.13
2014.01.31 16:05:04.315,1.02119,1.02121,1.00,2.18
2014.01.31 16:05:04.467,1.0212,1.02124,1.00,3.38
2014.01.31 16:05:04.524,1.02122,1.02124,1.00,2.55
2014.01.31 16:05:05.029,1.02121,1.02125,1.58,1.48
2014.01.31 16:05:05.281,1.02121,1.02125,1.10,1.10
2014.01.31 16:05:05.332,1.02123,1.02126,1.00,1.08
2014.01.31 16:05:05.434,1.02124,1.02128,1.50,1.20
2014.01.31 16:05:06.045,1.02124,1.02126,1.03,1.00
2014.01.31 16:05:06.247,1.02122,1.02125,1.00,3.38
2014.01.31 16:05:06.349,1.02119,1.02122,1.97,1.00
2014.01.31 16:05:06.501,1.02115,1.02121,1.20,1.45
2014.01.31 16:05:06.602,1.02115,1.02116,1.00,1.00
2014.01.31 16:05:07.310,1.02113,1.02116,2.72,1.00
2014.01.31 16:05:07.361,1.02113,1.02116,1.95,1.00
2014.01.31 16:05:07.563,1.02111,1.02116,1.50,6.38
2014.01.31 16:05:07.664,1.0211,1.02112,1.10,1.00
2014.01.31 16:05:08.003,1.02111,1.02113,1.37,1.00
2014.01.31 16:05:08.104,1.02109,1.02112,1.03,1.10
2014.01.31 16:05:08.608,1.0211,1.02114,1.00,3.00
2014.01.31 16:05:08.659,1.02111,1.02114,2.99,2.93
2014.01.31 16:05:08.760,1.02112,1.02117,5.85,3.75
2014.01.31 16:05:08.811,1.02115,1.02118,5.12,1.00
2014.01.31 16:05:09.316,1.02118,1.02121,1.52,3.30
2014.01.31 16:05:09.417,1.02118,1.02122,2.27,1.08
2014.01.31 16:05:09.670,1.02121,1.02123,1.00,2.33
2014.01.31 16:05:10.074,1.02122,1.02125,1.00,2.18
2014.01.31 16:05:10.276,1.02123,1.02127,1.00,2.10
2014.01.31 16:05:10.327,1.02124,1.02126,1.00,2.18
2014.01.31 16:05:10.428,1.02124,1.02128,1.00,2.25
2014.01.31 16:05:10.680,1.02126,1.02129,1.00,1.80
2014.01.31 16:05:11.185,1.02125,1.02129,1.00,1.08
2014.01.31 16:05:11.332,1.02126,1.0213,1.10,1.10
2014.01.31 16:05:12.387,1.02126,1.02129,1.10,1.00
2014.01.31 16:05:12.790,1.02125,1.02127,1.00,3.53
2014.01.31 16:05:12.891,1.02121,1.02124,1.10,1.00
2014.01.31 16:05:13.195,1.02119,1.02122,1.10,1.00
2014.01.31 16:05:13.498,1.0212,1.02123,1.00,2.55
2014.01.31 16:05:14.507,1.0212,1.02123,1.50,2.63
2014.01.31 16:05:14.810,1.0212,1.02121,1.00,2.18
2014.01.31 16:05:15.723,1.02119,1.02121,1.00,2.18
2014.01.31 16:05:16.329,1.02119,1.02123,1.00,3.38
2014.01.31 16:05:16.924,1.0212,1.02123,1.00,2.63
2014.01.31 16:05:17.025,1.02121,1.02123,1.00,2.55
2014.01.31 16:05:17.126,1.02122,1.02125,1.00,3.38
2014.01.31 16:05:17.631,1.0212,1.02124,1.50,9.45
2014.01.31 16:05:18.142,1.02119,1.02123,1.00,7.13
2014.01.31 16:05:18.344,1.02118,1.02121,1.00,3.00
2014.01.31 16:05:18.846,1.02117,1.02121,1.13,3.75
2014.01.31 16:05:19.351,1.02112,1.02114,1.00,1.38
2014.01.31 16:05:19.454,1.02111,1.02114,1.10,1.88
2014.01.31 16:05:19.807,1.02111,1.02114,1.38,2.18
2014.01.31 16:05:20.161,1.02112,1.02116,1.00,1.08
2014.01.31 16:05:20.363,1.02111,1.02114,1.50,1.58
2014.01.31 16:05:20.667,1.02109,1.02113,1.00,3.00
2014.01.31 16:05:21.599,1.02107,1.02111,1.10,1.20
2014.01.31 16:05:21.650,1.02107,1.02111,1.00,3.00
2014.01.31 16:05:22.186,1.02106,1.0211,2.87,1.08
2014.01.31 16:05:22.706,1.02106,1.0211,1.38,1.08
2014.01.31 16:05:23.210,1.02106,1.0211,1.38,1.08
2014.01.31 16:05:24.368,1.02106,1.0211,1.38,1.08
2014.01.31 16:05:24.922,1.02108,1.02109,1.00,1.10
2014.01.31 16:05:25.074,1.02108,1.02112,2.33,1.10
2014.01.31 16:05:25.125,1.0211,1.02114,1.00,4.13
2014.01.31 16:05:25.629,1.02109,1.02111,1.03,1.08
2014.01.31 16:05:25.982,1.02106,1.0211,1.03,1.08
2014.01.31 16:05:26.360,1.02105,1.02107,1.10,1.00
2014.01.31 16:05:26.713,1.02107,1.0211,1.00,1.08
2014.01.31 16:05:26.764,1.02108,1.02112,1.10,5.10
2014.01.31 16:05:26.815,1.0211,1.02113,1.13,1.58
2014.01.31 16:05:27.067,1.02111,1.02115,1.00,2.18
2014.01.31 16:05:27.220,1.02114,1.02116,1.00,1.10
2014.01.31 16:05:27.422,1.02116,1.02119,1.00,1.10
2014.01.31 16:05:27.999,1.02116,1.0212,1.38,1.08
2014.01.31 16:05:28.504,1.02116,1.0212,4.13,1.00
2014.01.31 16:05:30.063,1.02116,1.02119,3.38,1.00
2014.01.31 16:05:32.027,1.02115,1.02119,1.97,1.00
2014.01.31 16:05:32.532,1.02117,1.0212,3.25,1.00
2014.01.31 16:05:33.375,1.02117,1.02119,2.63,1.00
2014.01.31 16:05:36.715,1.02117,1.02118,1.00,1.10
2014.01.31 16:05:36.867,1.02115,1.02118,1.15,1.10
2014.01.31 16:05:36.968,1.02115,1.02118,1.03,3.00
2014.01.31 16:05:37.272,1.02107,1.0211,1.00,1.50
2014.01.31 16:05:37.423,1.02107,1.02108,1.00,1.10
2014.01.31 16:05:37.928,1.02106,1.02108,1.00,1.10
2014.01.31 16:05:38.560,1.02106,1.02108,1.88,1.10
2014.01.31 16:05:38.964,1.02105,1.02108,1.13,4.01
2014.01.31 16:05:39.477,1.02104,1.02107,1.88,1.08
2014.01.31 16:05:39.679,1.02103,1.02107,1.13,1.08
2014.01.31 16:05:40.185,1.02103,1.02107,1.38,1.08
2014.01.31 16:05:40.740,1.02102,1.02105,1.10,1.13
2014.01.31 16:05:40.791,1.02101,1.02104,1.58,2.85
2014.01.31 16:05:41.095,1.02095,1.021,1.38,4.03
2014.01.31 16:05:41.398,1.02094,1.02098,1.88,2.93
2014.01.31 16:05:41.449,1.02094,1.02098,1.50,3.00
2014.01.31 16:05:41.968,1.02094,1.02098,1.51,3.00
2014.01.31 16:05:42.472,1.02094,1.02098,1.51,3.00
2014.01.31 16:05:42.914,1.02096,1.02099,2.35,1.00
2014.01.31 16:05:43.065,1.02099,1.02102,1.00,1.08
2014.01.31 16:05:43.167,1.02096,1.02099,1.14,3.38
2014.01.31 16:05:43.268,1.02096,1.02099,1.21,1.00
2014.01.31 16:05:43.370,1.02095,1.02098,2.25,2.25
2014.01.31 16:05:43.631,1.02095,1.02099,1.13,1.08
2014.01.31 16:05:44.617,1.02095,1.02099,1.13,3.00
2014.01.31 16:05:45.094,1.02097,1.021,1.39,1.13
2014.01.31 16:05:45.246,1.021,1.02102,1.00,1.08
2014.01.31 16:05:45.483,1.021,1.02104,1.88,1.58
2014.01.31 16:05:45.787,1.021,1.02103,1.13,1.10
2014.01.31 16:05:45.888,1.02102,1.02104,1.13,1.00
2014.01.31 16:05:46.193,1.02104,1.02107,2.89,2.18
2014.01.31 16:05:46.244,1.02105,1.02109,1.00,3.00
2014.01.31 16:05:47.794,1.02105,1.02109,1.10,1.10
2014.01.31 16:05:48.135,1.02104,1.02108,1.14,3.00
2014.01.31 16:05:49.246,1.02105,1.02108,1.00,2.25
2014.01.31 16:05:49.561,1.02105,1.02109,1.00,1.08
2014.01.31 16:05:50.988,1.02104,1.02108,1.96,1.10
2014.01.31 16:05:52.376,1.02104,1.02108,1.59,1.10
2014.01.31 16:05:52.679,1.02102,1.02105,3.38,1.00
2014.01.31 16:05:52.780,1.02101,1.02104,3.01,1.00
2014.01.31 16:05:52.881,1.02101,1.02103,1.89,1.00
2014.01.31 16:05:53.084,1.02098,1.02101,4.74,1.00
2014.01.31 16:05:53.277,1.02097,1.02101,1.10,1.00
2014.01.31 16:05:53.530,1.02096,1.021,1.00,1.08
2014.01.31 16:05:54.035,1.02095,1.02099,1.10,1.10
2014.01.31 16:05:54.338,1.02095,1.02099,1.00,3.00
2014.01.31 16:05:55.009,1.02094,1.02099,1.14,2.25
2014.01.31 16:05:55.413,1.02093,1.02097,1.89,5.18
2014.01.31 16:05:55.565,1.02088,1.02093,2.70,2.20
2014.01.31 16:05:55.666,1.02086,1.02093,3.46,2.20
2014.01.31 16:05:55.819,1.02086,1.02089,1.00,4.01
2014.01.31 16:05:55.870,1.02084,1.02089,1.51,4.01
2014.01.31 16:05:56.666,1.02084,1.02089,1.14,4.01
2014.01.31 16:05:56.767,1.02088,1.02092,2.26,1.08
2014.01.31 16:05:56.818,1.02091,1.02093,2.64,2.18
2014.01.31 16:05:56.920,1.02093,1.02094,1.50,1.10
2014.01.31 16:05:57.221,1.02091,1.02095,1.00,1.08
2014.01.31 16:05:58.006,1.02092,1.02096,1.10,1.20
2014.01.31 16:05:58.208,1.02094,1.02098,1.00,5.11
2014.01.31 16:05:58.259,1.02094,1.02098,1.10,1.20
2014.01.31 16:05:58.714,1.02095,1.02099,1.20,1.00
2014.01.31 16:06:00.570,1.02094,1.02098,4.14,1.00
2014.01.31 16:06:01.100,1.02095,1.02099,1.00,1.08
2014.01.31 16:06:01.605,1.02094,1.02098,1.10,1.10
2014.01.31 16:06:03.569,1.02092,1.02095,3.00,1.00
2014.01.31 16:06:03.873,1.02086,1.0209,1.00,1.20
2014.01.31 16:06:04.834,1.02086,1.0209,1.00,1.45
2014.01.31 16:06:05.087,1.02083,1.02087,1.00,1.08
2014.01.31 16:06:06.256,1.02084,1.02088,1.00,3.38
2014.01.31 16:06:06.762,1.02083,1.02087,1.00,1.08
2014.01.31 16:06:06.964,1.02084,1.02088,1.38,3.00
2014.01.31 16:06:07.166,1.02093,1.02097,4.62,1.00
2014.01.31 16:06:07.469,1.02091,1.02095,4.14,1.00
2014.01.31 16:06:07.672,1.02089,1.02093,1.14,1.08
2014.01.31 16:06:07.874,1.02092,1.02094,1.00,2.18
2014.01.31 16:06:07.975,1.02092,1.02096,1.00,1.08
2014.01.31 16:06:08.534,1.02092,1.02096,1.08,1.00
2014.01.31 16:06:08.703,1.02094,1.02097,1.00,3.83
2014.01.31 16:06:09.006,1.02094,1.02097,1.00,4.43
2014.01.31 16:06:09.179,1.02092,1.02094,1.00,1.50
2014.01.31 16:06:09.583,1.0209,1.02091,1.10,1.02
2014.01.31 16:06:09.887,1.02087,1.02089,1.00,1.08
2014.01.31 16:06:10.190,1.02085,1.02088,1.10,1.00
2014.01.31 16:06:10.694,1.02083,1.02087,3.00,1.00
2014.01.31 16:06:11.501,1.02083,1.02087,3.00,1.00
2014.01.31 16:06:11.552,1.02079,1.02084,1.89,3.98
2014.01.31 16:06:11.603,1.02081,1.02083,1.00,2.18
2014.01.31 16:06:12.108,1.02081,1.02085,1.08,2.49
2014.01.31 16:06:12.259,1.02081,1.02084,1.00,4.59
2014.01.31 16:06:12.360,1.02078,1.02082,1.00,3.09
2014.01.31 16:06:12.865,1.02076,1.0208,1.08,1.00
2014.01.31 16:06:13.394,1.0208,1.02081,1.10,1.00
2014.01.31 16:06:13.446,1.02082,1.02085,1.00,2.34
2014.01.31 16:06:13.497,1.02082,1.02085,3.75,1.00
2014.01.31 16:06:14.002,1.02083,1.02087,1.08,1.89
2014.01.31 16:06:14.305,1.02084,1.02087,2.25,1.13
2014.01.31 16:06:14.810,1.02085,1.02089,1.00,3.46
2014.01.31 16:06:15.321,1.02084,1.02088,1.10,1.10
2014.01.31 16:06:17.661,1.02083,1.02087,1.08,1.00
2014.01.31 16:06:18.579,1.02084,1.02088,1.10,1.20
2014.01.31 16:06:26.006,1.02084,1.02088,3.38,1.00
2014.01.31 16:06:27.850,1.02084,1.02088,1.10,1.10
2014.01.31 16:06:29.852,1.02083,1.02087,1.08,1.00
2014.01.31 16:06:29.903,1.02083,1.02085,1.08,1.00
2014.01.31 16:06:30.208,1.0208,1.02083,2.18,2.50
2014.01.31 16:06:30.701,1.02081,1.02084,1.50,1.10
2014.01.31 16:06:30.954,1.02081,1.02084,3.75,1.00
2014.01.31 16:06:31.408,1.02081,1.02084,1.10,1.50
2014.01.31 16:06:32.070,1.02082,1.02086,1.08,1.88
2014.01.31 16:06:32.574,1.02083,1.02087,1.20,1.10
2014.01.31 16:06:34.324,1.02082,1.02085,1.58,1.13
2014.01.31 16:06:34.627,1.02079,1.02082,2.18,2.88
2014.01.31 16:06:34.678,1.02076,1.0208,3.00,1.00
2014.01.31 16:06:34.830,1.02076,1.0208,1.10,1.10
2014.01.31 16:06:35.807,1.02078,1.02082,1.10,1.58
2014.01.31 16:06:36.110,1.02079,1.02083,1.58,1.00
2014.01.31 16:06:36.835,1.02081,1.02084,1.38,1.58
2014.01.31 16:06:37.037,1.02083,1.02087,1.10,1.10
2014.01.31 16:06:37.566,1.02083,1.02086,1.10,1.00
2014.01.31 16:06:38.074,1.02083,1.02086,1.00,1.08
2014.01.31 16:06:38.377,1.02083,1.02087,1.20,1.00
2014.01.31 16:06:42.554,1.02083,1.02086,1.08,1.00
2014.01.31 16:06:44.308,1.02082,1.02086,1.95,1.58
2014.01.31 16:06:46.198,1.02084,1.02088,1.13,3.00
2014.01.31 16:06:46.350,1.02084,1.02088,1.08,1.13
2014.01.31 16:06:46.754,1.02086,1.02089,1.97,1.10
2014.01.31 16:06:46.805,1.02089,1.02091,1.88,1.00
2014.01.31 16:06:46.906,1.02092,1.02095,1.00,1.08
2014.01.31 16:06:47.361,1.02094,1.02096,1.00,1.00
2014.01.31 16:06:48.234,1.02094,1.02095,1.00,1.00
2014.01.31 16:06:48.336,1.02091,1.02094,1.00,1.10
2014.01.31 16:06:48.603,1.0209,1.02092,1.10,1.00
2014.01.31 16:06:48.654,1.02088,1.02091,1.00,1.58
2014.01.31 16:06:48.755,1.02088,1.02092,1.00,1.00
2014.01.31 16:06:48.857,1.02092,1.02093,1.00,1.00
2014.01.31 16:06:48.958,1.02093,1.02097,1.10,4.58
2014.01.31 16:06:49.463,1.02094,1.02096,1.00,1.00
2014.01.31 16:06:50.819,1.02095,1.02096,1.00,1.00
2014.01.31 16:06:50.920,1.02095,1.02099,1.20,1.10
2014.01.31 16:06:52.873,1.02096,1.021,1.13,1.08
2014.01.31 16:06:53.642,1.02096,1.021,1.08,1.13
2014.01.31 16:06:54.430,1.02096,1.021,4.05,1.00
2014.01.31 16:06:54.733,1.02109,1.02112,1.00,1.00
2014.01.31 16:06:54.784,1.02111,1.02115,1.00,4.50
2014.01.31 16:06:55.086,1.02116,1.02118,1.00,1.00
2014.01.31 16:06:55.188,1.02117,1.02121,1.10,2.33
2014.01.31 16:06:55.289,1.02117,1.02121,1.10,1.95
2014.01.31 16:06:55.806,1.02116,1.02119,1.00,1.10
2014.01.31 16:06:56.308,1.02114,1.02118,1.95,1.00
2014.01.31 16:06:56.818,1.02115,1.02119,1.10,1.10
2014.01.31 16:06:57.347,1.02116,1.0212,1.00,1.08
2014.01.31 16:06:57.903,1.02115,1.02119,1.20,1.10
2014.01.31 16:06:59.565,1.02115,1.02116,1.10,1.00
2014.01.31 16:06:59.901,1.02111,1.02114,1.00,1.95
2014.01.31 16:07:00.407,1.0211,1.02112,1.50,1.10
2014.01.31 16:07:00.659,1.02108,1.02112,2.33,1.20
2014.01.31 16:07:01.667,1.02111,1.02114,1.50,3.38
2014.01.31 16:07:01.717,1.02112,1.02115,1.10,1.00
2014.01.31 16:07:02.020,1.02114,1.02118,1.00,3.75
2014.01.31 16:07:02.071,1.02114,1.02118,1.58,1.95
2014.01.31 16:07:02.576,1.02115,1.02119,1.00,1.45
2014.01.31 16:07:02.829,1.02118,1.02121,1.00,1.08
2014.01.31 16:07:03.132,1.02124,1.02127,1.08,1.00
2014.01.31 16:07:03.434,1.0212,1.02124,1.00,1.08
2014.01.31 16:07:05.250,1.0212,1.02124,1.08,1.00
2014.01.31 16:07:05.555,1.02121,1.02124,1.48,1.00
2014.01.31 16:07:05.656,1.02123,1.02127,1.20,1.50
2014.01.31 16:07:05.958,1.02125,1.02129,1.20,1.50
2014.01.31 16:07:06.944,1.02125,1.02129,1.00,3.75
2014.01.31 16:07:07.529,1.02125,1.02129,1.20,1.00
2014.01.31 16:07:08.034,1.02127,1.02131,1.13,1.08
2014.01.31 16:07:09.465,1.02127,1.02131,2.70,1.00
2014.01.31 16:07:10.009,1.02128,1.02132,1.10,1.20
2014.01.31 16:07:10.514,1.02127,1.02131,1.58,1.00
2014.01.31 16:07:10.802,1.02127,1.02129,1.50,1.00
2014.01.31 16:07:11.312,1.02127,1.02129,1.50,1.00
2014.01.31 16:07:11.792,1.02127,1.0213,1.50,1.10
2014.01.31 16:07:12.901,1.02127,1.02131,2.33,1.38
2014.01.31 16:07:13.449,1.02127,1.02131,2.70,1.00
2014.01.31 16:07:14.075,1.02127,1.0213,1.95,1.00
2014.01.31 16:07:14.126,1.02127,1.0213,1.50,3.00
2014.01.31 16:07:15.539,1.02126,1.0213,3.38,3.00
2014.01.31 16:07:16.043,1.02127,1.02129,1.00,1.08
2014.01.31 16:07:16.195,1.02127,1.0213,1.00,1.10
2014.01.31 16:07:16.711,1.02127,1.0213,1.00,1.48
2014.01.31 16:07:17.216,1.02127,1.0213,1.00,1.10
2014.01.31 16:07:17.741,1.02127,1.0213,1.08,1.00
2014.01.31 16:07:18.196,1.02127,1.0213,1.00,1.88
2014.01.31 16:07:18.879,1.02126,1.0213,1.00,6.23
2014.01.31 16:07:18.930,1.02124,1.02128,1.00,1.10
2014.01.31 16:07:19.031,1.02121,1.02125,4.58,1.00
2014.01.31 16:07:19.334,1.02116,1.0212,1.10,1.58
2014.01.31 16:07:19.385,1.02116,1.02118,1.10,2.50
2014.01.31 16:07:19.637,1.02114,1.02117,1.00,1.08
2014.01.31 16:07:20.142,1.02114,1.02117,1.00,3.00
2014.01.31 16:07:20.646,1.02113,1.02115,1.00,1.10
2014.01.31 16:07:20.848,1.0211,1.02113,1.58,1.00
2014.01.31 16:07:20.950,1.02109,1.0211,1.00,1.10
2014.01.31 16:07:21.101,1.02107,1.0211,1.00,1.10
2014.01.31 16:07:21.303,1.02106,1.0211,1.13,3.00
2014.01.31 16:07:21.859,1.02106,1.02109,1.00,1.08
2014.01.31 16:07:22.851,1.02106,1.02109,1.00,3.45
2014.01.31 16:07:23.356,1.02106,1.02109,1.00,2.70
2014.01.31 16:07:23.576,1.02104,1.02107,1.10,1.88
2014.01.31 16:07:23.778,1.02106,1.02109,1.00,1.20
2014.01.31 16:07:24.031,1.02107,1.0211,1.00,1.20
2014.01.31 16:07:24.334,1.02109,1.02111,1.50,1.00
2014.01.31 16:07:24.637,1.02115,1.02118,2.60,1.50
2014.01.31 16:07:24.940,1.02117,1.02119,1.00,1.00
2014.01.31 16:07:24.991,1.02117,1.02119,1.08,1.00
2014.01.31 16:07:25.042,1.02117,1.02121,1.08,1.88
2014.01.31 16:07:25.547,1.02116,1.0212,3.00,1.00
2014.01.31 16:07:26.384,1.02119,1.02122,1.00,1.49
2014.01.31 16:07:26.586,1.0212,1.02124,1.00,3.08
2014.01.31 16:07:26.889,1.0212,1.02123,1.50,3.69
2014.01.31 16:07:27.395,1.02121,1.02125,1.00,2.56
2014.01.31 16:07:27.900,1.02122,1.02126,1.00,5.26
2014.01.31 16:07:28.102,1.02123,1.02126,1.13,2.25
2014.01.31 16:07:28.153,1.02124,1.02128,3.26,1.50
2014.01.31 16:07:28.355,1.02126,1.02132,4.13,5.64
2014.01.31 16:07:28.456,1.02127,1.02131,1.00,7.98
2014.01.31 16:07:29.012,1.02128,1.0213,1.00,1.39
2014.01.31 16:07:29.214,1.02128,1.02131,1.00,1.10
2014.01.31 16:07:29.265,1.02129,1.02132,1.00,1.59
2014.01.31 16:07:29.399,1.0213,1.02134,1.50,3.09
2014.01.31 16:07:29.950,1.02131,1.02134,1.00,2.34
2014.01.31 16:07:30.505,1.02132,1.02136,1.00,5.26
2014.01.31 16:07:30.708,1.02136,1.02139,2.50,2.93
2014.01.31 16:07:30.809,1.02141,1.02145,1.00,1.58
2014.01.31 16:07:31.012,1.02143,1.02145,1.00,1.20
2014.01.31 16:07:31.265,1.02142,1.02147,1.00,2.34
2014.01.31 16:07:31.619,1.02144,1.02147,1.50,1.48
2014.01.31 16:07:31.823,1.02146,1.02149,1.10,1.38
2014.01.31 16:07:32.327,1.02145,1.02149,1.00,1.21
2014.01.31 16:07:32.529,1.02146,1.02149,1.08,1.14
2014.01.31 16:07:33.057,1.02144,1.02147,1.58,1.13
2014.01.31 16:07:33.108,1.02143,1.02146,5.18,1.13
2014.01.31 16:07:33.462,1.02144,1.02148,1.10,1.20
2014.01.31 16:07:33.893,1.02143,1.02146,1.08,1.02
2014.01.31 16:07:34.196,1.02142,1.02144,1.00,4.81
2014.01.31 16:07:34.500,1.02135,1.02138,1.20,1.00
2014.01.31 16:07:34.753,1.02134,1.02136,1.10,1.00
2014.01.31 16:07:35.275,1.02133,1.02137,1.00,1.45
2014.01.31 16:07:35.820,1.02132,1.02136,9.00,1.13
2014.01.31 16:07:36.123,1.02131,1.02135,1.14,1.45
2014.01.31 16:07:37.286,1.02128,1.02132,2.78,1.00
2014.01.31 16:07:37.402,1.02127,1.0213,1.10,1.00
2014.01.31 16:07:38.008,1.02127,1.02131,1.00,3.00
2014.01.31 16:07:39.283,1.02126,1.0213,1.51,1.08
2014.01.31 16:07:39.637,1.02127,1.02131,1.10,1.10
2014.01.31 16:07:40.621,1.02128,1.02132,1.00,1.08
2014.01.31 16:07:40.824,1.02129,1.02133,1.10,1.10
2014.01.31 16:07:41.764,1.02131,1.02133,1.02,1.10
2014.01.31 16:07:42.170,1.02135,1.02139,1.08,1.51
2014.01.31 16:07:42.706,1.02135,1.02139,1.00,1.59
2014.01.31 16:07:43.010,1.02132,1.02135,2.25,2.63
2014.01.31 16:07:43.314,1.02132,1.02133,1.00,2.18
2014.01.31 16:07:43.566,1.0213,1.02133,1.00,3.75
2014.01.31 16:07:44.071,1.02129,1.02133,1.00,4.88
2014.01.31 16:07:44.589,1.02129,1.02133,1.00,4.13
2014.01.31 16:07:45.045,1.02127,1.02131,1.21,1.20
2014.01.31 16:07:46.124,1.0213,1.02133,3.27,2.18
2014.01.31 16:07:46.277,1.02132,1.02136,1.95,1.50
2014.01.31 16:07:47.138,1.02131,1.02134,3.31,1.00
2014.01.31 16:07:47.442,1.02128,1.0213,1.00,2.85
2014.01.31 16:07:47.594,1.02126,1.0213,1.08,1.88
2014.01.31 16:07:48.659,1.02126,1.0213,1.20,2.49
2014.01.31 16:07:49.207,1.02127,1.0213,1.00,1.81
2014.01.31 16:07:50.300,1.02127,1.0213,1.00,2.94
2014.01.31 16:07:50.401,1.02125,1.02129,1.00,2.34
2014.01.31 16:07:50.805,1.02128,1.02132,1.00,4.51
2014.01.31 16:07:50.856,1.02128,1.02132,1.10,1.21
2014.01.31 16:07:51.109,1.0213,1.02133,1.00,3.31
2014.01.31 16:07:51.412,1.02127,1.02131,2.33,1.00
2014.01.31 16:07:52.053,1.02128,1.02131,3.31,1.00
2014.01.31 16:07:52.558,1.02129,1.02132,2.64,1.20
2014.01.31 16:07:53.081,1.02131,1.02134,1.00,3.38
2014.01.31 16:07:53.283,1.02134,1.02137,1.20,1.39
2014.01.31 16:07:53.334,1.02134,1.02138,1.20,1.10
2014.01.31 16:07:53.385,1.02135,1.02138,2.25,1.00
2014.01.31 16:07:54.566,1.02136,1.0214,1.00,2.94
2014.01.31 16:07:54.873,1.02138,1.02141,1.89,1.58
2014.01.31 16:07:55.631,1.02136,1.0214,1.00,1.08
2014.01.31 16:07:55.783,1.02136,1.0214,1.50,1.08
2014.01.31 16:07:56.641,1.02137,1.0214,1.13,1.08
2014.01.31 16:07:57.297,1.02138,1.02143,3.77,1.08
2014.01.31 16:07:57.448,1.02141,1.02144,2.64,2.25
2014.01.31 16:07:57.550,1.02142,1.02146,1.00,4.13
2014.01.31 16:07:57.651,1.02141,1.02143,1.00,1.00
2014.01.31 16:07:57.853,1.02141,1.02144,1.14,3.38
2014.01.31 16:07:58.322,1.02142,1.02144,1.00,2.55
2014.01.31 16:07:58.373,1.02143,1.02147,1.00,1.45
2014.01.31 16:07:58.525,1.02145,1.02149,1.00,2.70
2014.01.31 16:07:59.029,1.02145,1.02149,1.00,1.95
2014.01.31 16:07:59.545,1.02146,1.0215,1.13,3.00
2014.01.31 16:07:59.957,1.02143,1.02146,4.13,1.00
2014.01.31 16:08:00.260,1.02139,1.02144,2.25,9.50
2014.01.31 16:08:00.412,1.02135,1.02139,2.63,4.50
2014.01.31 16:08:00.614,1.02135,1.02138,8.25,2.55
2014.01.31 16:08:00.715,1.02135,1.02136,1.50,1.10
2014.01.31 16:08:00.816,1.02132,1.02136,1.96,1.10
2014.01.31 16:08:01.018,1.02132,1.02135,1.00,1.08
2014.01.31 16:08:01.876,1.02133,1.02136,1.13,2.25
2014.01.31 16:08:02.179,1.02134,1.02138,1.58,1.10
2014.01.31 16:08:02.665,1.02134,1.02136,1.10,1.00
2014.01.31 16:08:03.169,1.02134,1.02137,3.38,1.00
2014.01.31 16:08:03.672,1.02134,1.02138,5.26,1.00
2014.01.31 16:08:05.300,1.02135,1.02139,4.95,1.00
2014.01.31 16:08:05.720,1.02138,1.0214,1.74,1.10
2014.01.31 16:08:07.586,1.02139,1.02143,7.23,1.08
2014.01.31 16:08:07.724,1.02143,1.02145,1.10,1.00
2014.01.31 16:08:07.978,1.02141,1.02144,2.18,1.00
2014.01.31 16:08:08.029,1.0214,1.02142,2.33,1.00
2014.01.31 16:08:14.010,1.02138,1.02141,2.25,1.00
2014.01.31 16:08:14.112,1.02136,1.0214,4.13,1.00
2014.01.31 16:08:14.213,1.02136,1.0214,1.00,1.08
2014.01.31 16:08:14.871,1.02137,1.0214,1.00,1.08
2014.01.31 16:08:15.325,1.02137,1.02141,2.33,1.10
2014.01.31 16:08:16.355,1.02135,1.02138,2.25,1.00
2014.01.31 16:08:16.608,1.02131,1.02134,1.10,1.13
2014.01.31 16:08:16.659,1.02129,1.02131,1.00,1.00
2014.01.31 16:08:17.164,1.02127,1.0213,1.08,1.00
2014.01.31 16:08:17.766,1.02128,1.02132,1.10,1.10
2014.01.31 16:08:17.817,1.02128,1.02129,1.10,1.00
2014.01.31 16:08:18.322,1.02127,1.0213,1.50,1.10
2014.01.31 16:08:19.037,1.02126,1.0213,1.10,1.10
2014.01.31 16:08:19.643,1.02126,1.0213,1.08,1.13
2014.01.31 16:08:20.278,1.02126,1.0213,1.10,1.20
2014.01.31 16:08:20.581,1.02127,1.02131,1.08,1.00
2014.01.31 16:08:21.358,1.02126,1.0213,3.75,1.13
2014.01.31 16:08:21.409,1.02126,1.0213,1.10,1.20
2014.01.31 16:08:22.245,1.02127,1.0213,1.00,1.80
2014.01.31 16:08:22.775,1.02128,1.0213,1.00,2.18
2014.01.31 16:08:23.280,1.02129,1.02132,1.00,1.95
2014.01.31 16:08:23.785,1.02129,1.02132,1.00,2.95
2014.01.31 16:08:24.267,1.02129,1.02132,1.00,2.70
2014.01.31 16:08:24.785,1.0213,1.02134,1.00,4.88
2014.01.31 16:08:25.981,1.02132,1.02136,1.00,1.63
2014.01.31 16:08:26.101,1.02134,1.02136,1.10,1.07
2014.01.31 16:08:26.152,1.02134,1.02138,1.10,7.83
2014.01.31 16:08:26.707,1.02137,1.02141,1.10,1.10
2014.01.31 16:08:26.858,1.02135,1.02141,3.00,1.00
2014.01.31 16:08:27.061,1.02136,1.02141,1.08,1.10
2014.01.31 16:08:27.212,1.02137,1.02141,1.00,3.00
2014.01.31 16:08:29.041,1.02137,1.02141,1.10,1.10
2014.01.31 16:08:29.371,1.02136,1.02139,1.08,1.00
2014.01.31 16:08:29.674,1.02133,1.02137,1.00,4.38
2014.01.31 16:08:29.866,1.02135,1.02138,1.08,1.00
2014.01.31 16:08:30.018,1.02138,1.02141,1.00,1.08
2014.01.31 16:08:30.120,1.02138,1.02142,1.10,1.10
2014.01.31 16:08:30.171,1.02138,1.0214,1.10,1.50
2014.01.31 16:08:30.222,1.02138,1.02142,1.10,1.10
2014.01.31 16:08:30.829,1.02138,1.02142,1.10,1.48
2014.01.31 16:08:30.930,1.02138,1.02142,1.10,1.10
2014.01.31 16:08:31.435,1.02137,1.02141,1.08,1.00
2014.01.31 16:08:32.322,1.02136,1.0214,3.00,1.00
2014.01.31 16:08:32.424,1.02136,1.02138,2.18,1.00
2014.01.31 16:08:32.474,1.02134,1.02138,1.58,1.10
2014.01.31 16:08:32.525,1.02133,1.02135,1.20,1.00
2014.01.31 16:08:32.576,1.02132,1.02135,1.00,1.10
2014.01.31 16:08:33.082,1.02131,1.02135,1.10,1.10
2014.01.31 16:08:34.301,1.02132,1.02136,1.00,1.08
2014.01.31 16:08:34.403,1.02134,1.02137,1.00,2.25
2014.01.31 16:08:34.554,1.02135,1.02139,1.00,3.38
2014.01.31 16:08:34.756,1.02137,1.02141,1.00,1.63
2014.01.31 16:08:35.544,1.02136,1.02141,1.96,1.45
2014.01.31 16:08:36.250,1.02135,1.02139,1.20,1.00
2014.01.31 16:08:39.132,1.02136,1.0214,1.10,1.58
2014.01.31 16:08:40.679,1.02136,1.0214,1.00,3.00
2014.01.31 16:08:41.379,1.02134,1.02138,1.96,1.10
2014.01.31 16:08:41.430,1.02134,1.02138,1.89,3.38
2014.01.31 16:08:41.531,1.02132,1.02136,1.95,1.10
2014.01.31 16:08:41.683,1.02131,1.02135,2.26,1.08
2014.01.31 16:08:41.733,1.02131,1.02135,2.26,1.08
2014.01.31 16:08:42.238,1.02131,1.02134,1.14,1.20
2014.01.31 16:08:42.649,1.0213,1.02132,1.58,1.00
2014.01.31 16:08:42.700,1.02128,1.02131,1.00,1.10
2014.01.31 16:08:43.558,1.02128,1.02131,1.00,1.48
2014.01.31 16:08:43.710,1.02126,1.0213,1.00,1.08
2014.01.31 16:08:44.164,1.02127,1.0213,2.18,1.00
2014.01.31 16:08:44.669,1.02128,1.02132,2.86,3.00
2014.01.31 16:08:45.175,1.02128,1.02132,2.49,1.08
2014.01.31 16:08:45.377,1.02126,1.0213,1.59,1.00
2014.01.31 16:08:45.895,1.02127,1.02131,1.00,3.00
2014.01.31 16:08:47.095,1.02129,1.02131,1.00,2.18
2014.01.31 16:08:47.147,1.02131,1.02134,2.13,3.30
2014.01.31 16:08:47.199,1.02133,1.02137,7.24,1.00
2014.01.31 16:08:47.250,1.02136,1.02139,1.00,1.10
2014.01.31 16:08:47.351,1.02136,1.0214,1.14,1.08
2014.01.31 16:08:47.603,1.02136,1.02139,1.00,3.38
2014.01.31 16:08:47.805,1.02134,1.02138,1.89,1.20
2014.01.31 16:08:47.906,1.02137,1.02139,2.72,1.00
2014.01.31 16:08:47.957,1.02138,1.02141,2.49,1.20
2014.01.31 16:08:48.462,1.02138,1.02142,1.58,1.10
2014.01.31 16:08:49.213,1.02138,1.02142,1.96,1.10
2014.01.31 16:08:49.314,1.0214,1.02143,1.89,1.08
2014.01.31 16:08:49.465,1.02144,1.02147,1.00,1.95
2014.01.31 16:08:50.003,1.02144,1.02148,1.00,1.45
2014.01.31 16:08:50.565,1.02144,1.02148,1.50,1.45
2014.01.31 16:08:50.818,1.02145,1.02149,1.08,1.88
2014.01.31 16:08:51.021,1.02145,1.02149,1.08,1.88
2014.01.31 16:08:51.175,1.02145,1.02148,1.00,2.25
2014.01.31 16:08:52.392,1.02145,1.02149,1.10,1.95
2014.01.31 16:08:52.939,1.02146,1.02149,1.00,1.48
2014.01.31 16:08:55.658,1.02145,1.02149,1.58,1.95
2014.01.31 16:08:56.065,1.02142,1.02146,2.25,1.08
2014.01.31 16:08:56.369,1.02137,1.02142,1.00,1.38
2014.01.31 16:08:56.420,1.02137,1.0214,1.00,1.48
2014.01.31 16:08:56.472,1.02139,1.0214,1.00,1.10
2014.01.31 16:08:56.573,1.02139,1.02142,3.39,2.55
2014.01.31 16:08:56.775,1.02141,1.02144,1.00,1.45
2014.01.31 16:08:57.983,1.0214,1.02144,1.00,1.45
2014.01.31 16:08:58.662,1.0214,1.02144,1.00,1.45
2014.01.31 16:08:59.182,1.02141,1.02145,1.14,3.38
2014.01.31 16:08:59.586,1.02139,1.02141,1.02,1.00
2014.01.31 16:08:59.890,1.02137,1.02141,1.00,3.00
2014.01.31 16:09:00.243,1.02138,1.0214,1.39,1.00
2014.01.31 16:09:00.748,1.02138,1.0214,2.49,1.10
2014.01.31 16:09:01.266,1.02139,1.02142,2.10,2.55
2014.01.31 16:09:01.419,1.02141,1.02143,1.14,1.00
2014.01.31 16:09:01.522,1.02141,1.02144,1.14,1.00
2014.01.31 16:09:01.674,1.02141,1.02144,1.14,1.38
2014.01.31 16:09:01.978,1.02138,1.02142,2.19,1.00
2014.01.31 16:09:02.166,1.02137,1.02141,1.58,1.10
2014.01.31 16:09:02.221,1.02136,1.02139,1.14,1.10
2014.01.31 16:09:03.503,1.02138,1.02141,1.35,2.25
2014.01.31 16:09:03.554,1.02138,1.02142,1.35,1.08
2014.01.31 16:09:03.605,1.0214,1.02142,1.39,1.00
2014.01.31 16:09:03.958,1.02141,1.02144,1.96,1.38
2014.01.31 16:09:04.009,1.02143,1.02145,1.00,1.10
2014.01.31 16:09:04.060,1.02143,1.02145,1.14,1.00
2014.01.31 16:09:04.363,1.02143,1.02147,3.75,1.00
2014.01.31 16:09:04.817,1.02144,1.02147,1.00,1.00
2014.01.31 16:09:04.919,1.02141,1.02146,3.00,2.63
2014.01.31 16:09:05.020,1.02141,1.02146,1.00,5.13
2014.01.31 16:09:05.525,1.02139,1.02145,1.09,2.58
2014.01.31 16:09:05.626,1.02138,1.02141,4.06,2.13
2014.01.31 16:09:05.764,1.02137,1.02141,1.58,1.00
2014.01.31 16:09:06.271,1.02137,1.02141,1.00,1.45
2014.01.31 16:09:06.534,1.02136,1.02138,1.58,1.38
2014.01.31 16:09:07.073,1.02134,1.02138,3.00,1.00
2014.01.31 16:09:10.216,1.02134,1.02138,1.96,1.20
2014.01.31 16:09:11.262,1.02135,1.02139,1.00,1.45
2014.01.31 16:09:11.667,1.02137,1.02141,1.10,1.48
2014.01.31 16:09:12.203,1.02137,1.02141,1.10,1.48
2014.01.31 16:09:12.405,1.02138,1.02142,2.70,1.00
2014.01.31 16:09:12.456,1.0214,1.02143,1.08,1.13
2014.01.31 16:09:12.860,1.02142,1.02146,1.13,3.08
2014.01.31 16:09:13.164,1.02143,1.02147,1.10,1.58
2014.01.31 16:09:13.669,1.02143,1.02147,1.58,1.48
2014.01.31 16:09:14.264,1.02143,1.02147,1.58,1.10
2014.01.31 16:09:14.788,1.02143,1.02147,1.58,1.48
2014.01.31 16:09:19.032,1.02143,1.02147,1.58,1.10
2014.01.31 16:09:20.285,1.02143,1.02146,1.10,1.00
2014.01.31 16:09:20.951,1.02143,1.02147,1.95,1.10
2014.01.31 16:09:21.764,1.02143,1.02147,4.13,1.00
2014.01.31 16:09:23.020,1.02144,1.02148,1.08,1.50
2014.01.31 16:09:23.524,1.02145,1.02149,1.20,1.58
2014.01.31 16:09:24.519,1.02145,1.02149,1.00,4.13
2014.01.31 16:09:25.352,1.02144,1.02148,1.13,1.08
2014.01.31 16:09:25.939,1.02146,1.02149,1.00,4.13
2014.01.31 16:09:26.068,1.02148,1.02151,1.00,1.58
2014.01.31 16:09:26.171,1.02148,1.02149,1.00,1.00
2014.01.31 16:09:26.424,1.02146,1.02149,1.13,1.10
2014.01.31 16:09:27.560,1.02147,1.0215,2.50,2.85
2014.01.31 16:09:27.711,1.02149,1.02152,1.38,1.08
2014.01.31 16:09:28.216,1.02149,1.02152,1.00,1.08
2014.01.31 16:09:28.317,1.02147,1.02151,1.58,1.95
2014.01.31 16:09:28.367,1.02147,1.0215,1.00,1.08
2014.01.31 16:09:28.671,1.02153,1.02154,1.00,1.50
2014.01.31 16:09:28.721,1.02153,1.02154,1.00,1.50
2014.01.31 16:09:28.772,1.02151,1.02155,1.35,1.48
2014.01.31 16:09:28.874,1.02151,1.02155,1.00,1.10
2014.01.31 16:09:28.925,1.02151,1.02155,1.00,3.00
2014.01.31 16:09:29.279,1.02152,1.02156,1.58,1.00
2014.01.31 16:09:29.633,1.02156,1.02158,1.00,1.00
2014.01.31 16:09:29.734,1.02157,1.0216,1.08,1.00
2014.01.31 16:09:29.886,1.02155,1.02159,1.08,1.50
2014.01.31 16:09:30.391,1.02157,1.0216,1.50,1.10
2014.01.31 16:09:30.698,1.02158,1.02162,1.10,1.10
2014.01.31 16:09:31.166,1.02158,1.02162,1.00,3.38
2014.01.31 16:09:33.402,1.02158,1.02159,1.00,1.50
2014.01.31 16:09:33.907,1.02158,1.02162,1.00,3.00
2014.01.31 16:09:34.340,1.02155,1.02159,1.20,1.00
2014.01.31 16:09:34.391,1.02154,1.02158,4.13,1.00
2014.01.31 16:09:35.428,1.02153,1.02157,1.45,1.00
2014.01.31 16:09:35.994,1.02152,1.02156,4.13,1.00
2014.01.31 16:09:36.297,1.02147,1.02152,1.00,2.63
2014.01.31 16:09:36.902,1.02147,1.0215,3.23,1.10
2014.01.31 16:09:36.953,1.02149,1.02151,1.00,1.00
2014.01.31 16:09:37.407,1.0215,1.02153,4.73,1.00
2014.01.31 16:09:37.458,1.02152,1.02153,1.20,1.00
2014.01.31 16:09:37.509,1.02152,1.02155,1.95,1.00
2014.01.31 16:09:37.610,1.02152,1.02154,1.58,1.00
2014.01.31 16:09:37.812,1.02149,1.02152,2.71,1.00
2014.01.31 16:09:38.379,1.02148,1.02151,2.49,1.00
2014.01.31 16:09:38.934,1.02147,1.0215,1.59,1.00
2014.01.31 16:09:39.338,1.02148,1.0215,1.74,1.00
2014.01.31 16:09:40.207,1.02148,1.02151,1.74,1.10
2014.01.31 16:09:41.775,1.02147,1.02151,4.06,1.20
2014.01.31 16:09:42.331,1.02148,1.02151,1.74,1.20
2014.01.31 16:09:42.432,1.02147,1.02151,2.34,1.10
2014.01.31 16:09:42.634,1.02147,1.02151,1.89,3.38
2014.01.31 16:09:46.516,1.02146,1.0215,2.25,1.20
2014.01.31 16:09:46.819,1.02142,1.02146,1.21,1.13
2014.01.31 16:09:46.870,1.02142,1.02145,1.14,1.20
2014.01.31 16:09:46.971,1.02143,1.02147,1.20,1.10
2014.01.31 16:09:47.476,1.02144,1.02148,1.13,1.08
2014.01.31 16:09:47.990,1.02145,1.02149,1.00,4.13
2014.01.31 16:09:48.094,1.02145,1.02149,1.08,1.88
2014.01.31 16:09:48.652,1.02145,1.02149,1.00,1.95
2014.01.31 16:09:51.781,1.02146,1.0215,1.00,3.38
2014.01.31 16:09:53.378,1.02145,1.02149,1.13,1.08
2014.01.31 16:09:53.901,1.02144,1.02148,1.59,1.10
2014.01.31 16:09:54.454,1.02144,1.02148,1.21,1.48
2014.01.31 16:09:54.605,1.02142,1.02145,4.58,1.00
2014.01.31 16:09:54.959,1.02143,1.02146,1.81,1.00
2014.01.31 16:09:55.067,1.02143,1.02147,2.56,1.00
2014.01.31 16:09:55.571,1.02142,1.02145,2.25,1.50
2014.01.31 16:09:55.622,1.02141,1.02145,2.15,1.50
2014.01.31 16:09:56.128,1.0214,1.02144,3.84,1.10
2014.01.31 16:09:57.389,1.0214,1.02144,1.10,3.45
2014.01.31 16:09:57.439,1.0214,1.02144,1.10,3.45
2014.01.31 16:09:57.692,1.02138,1.02142,1.10,1.48
2014.01.31 16:09:58.527,1.02138,1.02142,1.10,1.10
2014.01.31 16:09:59.088,1.02137,1.02141,1.08,1.00
2014.01.31 16:10:00.173,1.02137,1.02141,1.13,1.08
2014.01.31 16:10:02.249,1.02137,1.02141,1.38,1.08
2014.01.31 16:10:02.758,1.02137,1.02141,1.13,1.08
2014.01.31 16:10:03.011,1.02138,1.02141,1.39,1.08
2014.01.31 16:10:03.112,1.02139,1.02143,1.21,1.38
2014.01.31 16:10:03.466,1.02138,1.02143,1.00,3.38
2014.01.31 16:10:03.668,1.02138,1.02142,1.10,1.20
2014.01.31 16:10:04.228,1.0214,1.02143,1.00,1.45
2014.01.31 16:10:04.732,1.0214,1.02144,1.00,3.38
2014.01.31 16:10:07.026,1.02139,1.02142,2.64,2.25
2014.01.31 16:10:07.845,1.0214,1.02144,1.00,3.38
2014.01.31 16:10:08.500,1.02141,1.02144,1.00,3.38
2014.01.31 16:10:08.602,1.02141,1.02145,2.25,1.45
2014.01.31 16:10:09.770,1.02141,1.02144,1.50,4.20
2014.01.31 16:10:10.227,1.02139,1.02142,1.00,3.83
2014.01.31 16:10:10.772,1.02139,1.02141,1.00,3.75
2014.01.31 16:10:11.278,1.02139,1.02142,1.00,3.83
2014.01.31 16:10:11.790,1.02138,1.02142,2.33,1.10
2014.01.31 16:10:13.335,1.02138,1.02142,1.50,3.00
2014.01.31 16:10:13.561,1.02138,1.02142,1.58,1.20
2014.01.31 16:10:13.669,1.02138,1.02142,3.75,1.13
2014.01.31 16:10:14.138,1.02138,1.02141,2.93,1.00
2014.01.31 16:10:16.016,1.02138,1.0214,2.18,1.00
2014.01.31 16:10:16.218,1.02136,1.02139,1.00,1.38
2014.01.31 16:10:16.723,1.02134,1.02137,4.13,1.00
2014.01.31 16:10:17.338,1.02134,1.02137,4.13,1.50
2014.01.31 16:10:17.591,1.02133,1.02137,1.08,1.50
2014.01.31 16:10:17.641,1.02132,1.02135,2.18,1.00
2014.01.31 16:10:17.692,1.02131,1.02134,2.70,1.00
2014.01.31 16:10:17.969,1.02131,1.02135,9.64,1.00
2014.01.31 16:10:18.121,1.02132,1.02135,2.63,1.00
2014.01.31 16:10:18.373,1.02136,1.02138,1.10,1.00
2014.01.31 16:10:19.482,1.02138,1.02139,1.13,1.00
2014.01.31 16:10:19.583,1.02138,1.02141,1.13,1.08
2014.01.31 16:10:19.937,1.02136,1.0214,2.33,1.20
2014.01.31 16:10:23.369,1.02136,1.0214,1.10,1.95
2014.01.31 16:10:23.470,1.02134,1.02137,1.95,1.00
2014.01.31 16:10:23.773,1.02131,1.02134,1.45,1.00
2014.01.31 16:10:24.076,1.02132,1.02136,3.38,2.25
2014.01.31 16:10:24.581,1.02133,1.02137,1.08,1.00
2014.01.31 16:10:25.841,1.02133,1.02137,1.08,1.38
2014.01.31 16:10:26.145,1.02132,1.02136,1.00,3.38
2014.01.31 16:10:27.405,1.02131,1.02135,1.50,1.45
2014.01.31 16:10:27.912,1.02131,1.02135,1.00,1.45
2014.01.31 16:10:28.568,1.0213,1.02134,1.58,8.70
2014.01.31 16:10:28.973,1.0213,1.02134,1.00,10.88
2014.01.31 16:10:32.140,1.02129,1.02133,1.50,1.20
2014.01.31 16:10:32.644,1.02129,1.02131,1.00,1.10
2014.01.31 16:10:35.781,1.02129,1.02133,1.95,1.00
2014.01.31 16:10:36.309,1.02129,1.02132,1.88,1.10
2014.01.31 16:10:46.961,1.02129,1.02132,1.21,1.00
2014.01.31 16:10:48.235,1.02128,1.02132,3.09,5.25
2014.01.31 16:10:49.802,1.0213,1.02132,1.00,1.00
2014.01.31 16:10:50.309,1.02129,1.02132,1.12,1.00
2014.01.31 16:10:52.241,1.02128,1.02132,1.96,4.88
2014.01.31 16:10:52.444,1.02128,1.02129,1.10,3.75
2014.01.31 16:10:52.545,1.02128,1.02131,1.49,1.13
2014.01.31 16:10:53.556,1.02129,1.02132,1.12,5.25
2014.01.31 16:10:54.935,1.02128,1.02132,1.89,7.50
2014.01.31 16:10:55.036,1.02128,1.02132,1.96,5.33
2014.01.31 16:10:56.908,1.02129,1.02133,1.21,5.25
2014.01.31 16:10:57.412,1.02129,1.02132,1.21,4.50
2014.01.31 16:10:57.876,1.02128,1.02132,2.18,4.50
2014.01.31 16:10:59.472,1.02127,1.02131,4.35,1.08
2014.01.31 16:11:00.177,1.02127,1.02131,4.35,1.08
2014.01.31 16:11:02.276,1.02128,1.02131,1.13,1.08
2014.01.31 16:11:02.870,1.02129,1.02132,1.00,3.00
2014.01.31 16:11:04.308,1.02128,1.02132,1.00,6.75
2014.01.31 16:11:04.358,1.02131,1.02134,1.00,11.18
2014.01.31 16:11:04.409,1.02131,1.02134,1.89,2.25
2014.01.31 16:11:04.511,1.02134,1.02137,1.00,1.95
2014.01.31 16:11:05.019,1.02135,1.02137,1.00,1.00
2014.01.31 16:11:05.473,1.02134,1.02137,1.10,1.38
2014.01.31 16:11:06.987,1.02133,1.02137,1.96,1.13
2014.01.31 16:11:07.492,1.02133,1.02136,2.71,1.50
2014.01.31 16:11:07.542,1.02132,1.02134,2.18,1.38
2014.01.31 16:11:07.644,1.02131,1.02134,1.14,1.48
2014.01.31 16:11:09.550,1.02129,1.02133,3.31,1.38
2014.01.31 16:11:09.752,1.02128,1.0213,2.93,1.00
2014.01.31 16:11:09.904,1.02126,1.02128,1.00,2.13
2014.01.31 16:11:10.106,1.02123,1.02127,3.46,1.10
2014.01.31 16:11:10.611,1.02123,1.02126,1.49,1.00
2014.01.31 16:11:11.118,1.02123,1.02127,2.34,1.10
2014.01.31 16:11:12.754,1.02126,1.02128,2.10,1.00
2014.01.31 16:11:12.856,1.02128,1.0213,1.21,1.88
2014.01.31 16:11:13.206,1.02125,1.02129,3.09,1.10
2014.01.31 16:11:13.711,1.02125,1.02129,1.20,1.10
2014.01.31 16:11:14.216,1.02126,1.0213,1.00,1.20
2014.01.31 16:11:14.724,1.02125,1.02129,1.10,3.08
2014.01.31 16:11:14.966,1.02124,1.02126,1.00,1.88
2014.01.31 16:11:15.017,1.02123,1.02126,1.10,1.88
2014.01.31 16:11:15.521,1.02124,1.02128,1.00,1.45
2014.01.31 16:11:16.783,1.02123,1.02127,1.10,1.20
2014.01.31 16:11:21.197,1.02124,1.02127,1.00,1.20
2014.01.31 16:11:22.791,1.02124,1.02128,1.88,1.08
2014.01.31 16:11:23.614,1.02124,1.02128,1.88,1.08
2014.01.31 16:11:24.910,1.02123,1.02127,1.20,1.10
2014.01.31 16:11:25.633,1.02122,1.02126,1.58,1.38
2014.01.31 16:11:25.937,1.02118,1.02121,1.08,1.13
2014.01.31 16:11:26.139,1.02116,1.0212,1.00,1.20
2014.01.31 16:11:26.544,1.02115,1.02119,1.00,3.00
2014.01.31 16:11:27.150,1.02116,1.02119,1.00,3.00
2014.01.31 16:11:27.670,1.02115,1.02119,1.13,3.00
2014.01.31 16:11:28.385,1.02117,1.02119,1.00,2.93
2014.01.31 16:11:28.487,1.02118,1.02121,1.00,1.10
2014.01.31 16:11:28.588,1.02116,1.0212,1.00,3.38
2014.01.31 16:11:30.253,1.02114,1.02118,1.20,1.10
2014.01.31 16:11:32.926,1.02114,1.02118,1.00,3.38
2014.01.31 16:11:33.335,1.02114,1.02118,1.10,1.20
2014.01.31 16:11:33.797,1.02116,1.02118,1.00,1.20
2014.01.31 16:11:34.000,1.02119,1.02124,5.15,3.75
2014.01.31 16:11:34.202,1.02122,1.02125,1.00,1.95
2014.01.31 16:11:34.505,1.02126,1.02129,1.10,1.00
2014.01.31 16:11:34.556,1.02127,1.02131,1.10,2.33
2014.01.31 16:11:35.093,1.02127,1.0213,1.10,1.00
2014.01.31 16:11:35.144,1.02127,1.0213,1.00,1.45
2014.01.31 16:11:35.195,1.02124,1.02127,1.08,1.00
2014.01.31 16:11:35.246,1.02123,1.02126,1.00,2.63
2014.01.31 16:11:35.347,1.02119,1.02122,1.50,2.25
2014.01.31 16:11:35.448,1.02121,1.02124,1.50,1.08
2014.01.31 16:11:35.499,1.02122,1.02126,2.33,1.10
2014.01.31 16:11:35.702,1.02124,1.02128,1.10,1.10
2014.01.31 16:11:36.211,1.02125,1.02128,1.00,1.10
2014.01.31 16:11:37.366,1.02127,1.02129,2.18,1.00
2014.01.31 16:11:37.467,1.02128,1.02132,3.76,1.00
2014.01.31 16:11:37.518,1.02131,1.02133,1.08,1.13
2014.01.31 16:11:38.412,1.02132,1.02137,1.95,4.58
2014.01.31 16:11:38.513,1.02133,1.02137,3.38,1.00
2014.01.31 16:11:38.866,1.02132,1.02136,1.08,1.00
2014.01.31 16:11:39.422,1.02132,1.02135,1.08,1.00
2014.01.31 16:11:39.523,1.02132,1.02135,1.00,1.45
2014.01.31 16:11:40.067,1.0213,1.02134,1.96,1.48
2014.01.31 16:11:40.319,1.02128,1.02132,1.89,1.45
2014.01.31 16:11:40.823,1.02127,1.0213,3.31,1.00
2014.01.31 16:11:41.327,1.02127,1.0213,3.24,1.08
2014.01.31 16:11:41.731,1.02129,1.02133,5.49,2.25
2014.01.31 16:11:41.832,1.02133,1.02137,1.00,1.45
2014.01.31 16:11:41.984,1.02133,1.02137,1.08,1.13
2014.01.31 16:11:42.085,1.02135,1.02138,1.13,1.10
2014.01.31 16:11:42.337,1.0214,1.02144,1.00,3.38
2014.01.31 16:11:43.008,1.0214,1.02144,1.00,4.13
2014.01.31 16:11:45.064,1.02137,1.02142,1.08,1.95
2014.01.31 16:11:45.165,1.02136,1.0214,1.00,3.38
2014.01.31 16:11:46.466,1.02135,1.02139,1.00,1.45
2014.01.31 16:11:48.978,1.02135,1.02139,1.35,1.45
2014.01.31 16:11:49.180,1.02137,1.02139,2.10,1.10
2014.01.31 16:11:49.282,1.0214,1.02144,1.08,1.88
2014.01.31 16:11:49.384,1.02143,1.02144,1.00,1.13
2014.01.31 16:11:49.889,1.02144,1.02147,1.00,1.10
2014.01.31 16:11:50.092,1.02141,1.02145,4.50,1.13
2014.01.31 16:11:50.193,1.0214,1.02143,1.00,2.33
2014.01.31 16:11:50.244,1.0214,1.02143,1.00,4.50
2014.01.31 16:11:50.395,1.02137,1.02141,1.10,1.10
2014.01.31 16:11:52.448,1.02137,1.02141,1.48,1.10
2014.01.31 16:11:52.650,1.02139,1.02142,1.08,1.13
2014.01.31 16:11:52.978,1.02136,1.0214,1.00,4.13
2014.01.31 16:11:54.548,1.02136,1.0214,1.21,1.20
2014.01.31 16:11:55.382,1.02137,1.02141,1.00,1.95
2014.01.31 16:11:55.483,1.02139,1.02142,1.00,2.25
2014.01.31 16:11:55.836,1.0214,1.02144,1.10,1.48
2014.01.31 16:11:56.375,1.0214,1.02144,1.10,1.10
2014.01.31 16:11:56.426,1.02138,1.02142,3.76,1.00
2014.01.31 16:11:56.729,1.02137,1.02141,1.00,3.38
2014.01.31 16:11:57.301,1.02136,1.02141,1.14,3.38
2014.01.31 16:11:58.112,1.02136,1.02139,1.14,1.48
2014.01.31 16:11:58.582,1.02137,1.02141,1.38,3.00
2014.01.31 16:11:58.632,1.02138,1.02142,1.51,1.08
2014.01.31 16:11:59.147,1.02138,1.02142,1.21,1.38
2014.01.31 16:12:00.884,1.02138,1.02142,1.00,1.38
2014.01.31 16:12:00.935,1.02137,1.0214,1.10,1.38
2014.01.31 16:12:01.439,1.02139,1.02144,2.50,4.50
2014.01.31 16:12:01.490,1.02142,1.02144,1.00,2.33
2014.01.31 16:12:01.591,1.02145,1.02148,1.10,2.63
2014.01.31 16:12:01.642,1.02146,1.02148,1.00,2.63
2014.01.31 16:12:02.170,1.02146,1.0215,1.08,1.88
2014.01.31 16:12:02.836,1.02148,1.0215,1.00,1.00
2014.01.31 16:12:04.252,1.02148,1.02152,1.50,1.20
2014.01.31 16:12:04.353,1.0215,1.02153,1.10,1.38
2014.01.31 16:12:04.810,1.02152,1.02155,2.93,1.38
2014.01.31 16:12:05.113,1.02154,1.02156,1.08,1.00
2014.01.31 16:12:05.214,1.02155,1.02158,3.18,5.25
2014.01.31 16:12:05.422,1.02154,1.02157,1.00,1.10
2014.01.31 16:12:05.574,1.02153,1.02155,1.10,1.00
2014.01.31 16:12:05.827,1.02156,1.0216,1.50,1.58
2014.01.31 16:12:05.879,1.02158,1.0216,1.00,1.08
2014.01.31 16:12:06.485,1.02156,1.0216,1.50,1.58
2014.01.31 16:12:07.005,1.02156,1.0216,1.00,3.33
2014.01.31 16:12:07.408,1.02153,1.02157,3.30,2.50
2014.01.31 16:12:07.510,1.02152,1.02156,1.00,4.13
2014.01.31 16:12:08.018,1.02151,1.02156,1.00,8.63
2014.01.31 16:12:08.527,1.02151,1.02156,1.00,8.90
2014.01.31 16:12:09.267,1.02152,1.02156,1.00,8.65
2014.01.31 16:12:09.419,1.02154,1.02158,1.00,3.40
2014.01.31 16:12:09.520,1.02155,1.02159,1.00,1.97
2014.01.31 16:12:10.208,1.02155,1.02159,1.08,1.90
2014.01.31 16:12:10.817,1.02157,1.02161,1.08,1.03
2014.01.31 16:12:11.759,1.02157,1.02161,1.08,1.02
2014.01.31 16:12:13.522,1.02158,1.02159,1.10,1.00
2014.01.31 16:12:13.573,1.02158,1.02159,1.10,4.50
2014.01.31 16:12:13.674,1.02154,1.02155,1.00,1.00
2014.01.31 16:12:13.877,1.02151,1.02154,1.00,1.48
2014.01.31 16:12:14.382,1.0215,1.02154,1.58,1.95
2014.01.31 16:12:14.886,1.0215,1.02154,2.10,3.38
2014.01.31 16:12:15.428,1.02151,1.02154,1.50,2.63
2014.01.31 16:12:15.667,1.02152,1.02156,1.00,1.22
2014.01.31 16:12:16.122,1.02149,1.02153,4.50,1.40
2014.01.31 16:12:16.223,1.02149,1.02153,1.10,1.50
2014.01.31 16:12:16.728,1.0215,1.02154,1.35,1.95
2014.01.31 16:12:17.270,1.02151,1.02155,1.10,1.50
2014.01.31 16:12:17.855,1.02151,1.02155,1.48,1.13
2014.01.31 16:12:18.107,1.02151,1.02155,1.10,1.50
2014.01.31 16:12:18.360,1.02149,1.02152,1.10,1.00
2014.01.31 16:12:18.765,1.02147,1.02151,1.43,1.10
2014.01.31 16:12:19.861,1.02146,1.0215,4.05,1.00
2014.01.31 16:12:20.730,1.02146,1.0215,4.35,3.00
2014.01.31 16:12:21.130,1.02145,1.02147,1.00,1.38
2014.01.31 16:12:21.485,1.02141,1.02145,1.13,3.32
2014.01.31 16:12:21.586,1.02139,1.02143,1.48,1.00
2014.01.31 16:12:21.687,1.02139,1.02141,1.20,1.00
2014.01.31 16:12:22.191,1.02138,1.02141,1.13,1.10
2014.01.31 16:12:23.087,1.02138,1.0214,1.13,1.00
2014.01.31 16:12:23.188,1.02136,1.02139,1.45,1.00
2014.01.31 16:12:24.182,1.02136,1.02139,1.08,1.00
2014.01.31 16:12:24.384,1.02137,1.02141,1.10,1.10
2014.01.31 16:12:25.095,1.02137,1.0214,1.10,1.00
2014.01.31 16:12:25.514,1.02135,1.02139,1.10,2.35
2014.01.31 16:12:26.020,1.02135,1.02139,1.20,1.10
2014.01.31 16:12:27.567,1.02135,1.02139,1.10,1.48
2014.01.31 16:12:27.719,1.02131,1.02135,1.10,1.95
2014.01.31 16:12:27.821,1.02131,1.02133,1.00,1.10
2014.01.31 16:12:28.124,1.02133,1.02137,1.50,2.33
2014.01.31 16:12:28.175,1.02133,1.02137,3.75,1.00
2014.01.31 16:12:28.679,1.02134,1.02138,1.58,1.00
2014.01.31 16:12:29.813,1.02134,1.02137,1.08,1.00
2014.01.31 16:12:29.965,1.02131,1.02134,3.00,1.50
2014.01.31 16:12:30.123,1.02128,1.02132,1.10,4.43
2014.01.31 16:12:30.225,1.02127,1.0213,1.08,1.00
2014.01.31 16:12:30.434,1.02126,1.0213,1.58,1.10
2014.01.31 16:12:31.449,1.02124,1.02129,4.13,1.00
2014.01.31 16:12:31.953,1.02125,1.02132,1.43,6.98
2014.01.31 16:12:32.411,1.02125,1.02129,1.23,1.08
2014.01.31 16:12:32.912,1.02125,1.02129,1.00,1.08
2014.01.31 16:12:33.272,1.02127,1.02129,1.00,1.08
2014.01.31 16:12:33.474,1.0213,1.02134,10.85,1.00
2014.01.31 16:12:33.525,1.02133,1.02134,1.00,1.00
2014.01.31 16:12:33.576,1.02138,1.02142,1.00,4.50
2014.01.31 16:12:33.678,1.02139,1.02142,1.00,2.33
2014.01.31 16:12:33.729,1.0214,1.02143,1.00,1.50
2014.01.31 16:12:33.880,1.02143,1.02146,1.00,1.08
2014.01.31 16:12:35.699,1.02143,1.02147,1.20,2.33
2014.01.31 16:12:36.002,1.02144,1.02148,1.88,2.33
2014.01.31 16:12:36.305,1.02147,1.02151,1.00,1.22
2014.01.31 16:12:36.406,1.02147,1.02151,1.00,1.97
2014.01.31 16:12:36.911,1.02146,1.02149,1.00,2.55
2014.01.31 16:12:37.164,1.02142,1.02146,1.45,1.00
2014.01.31 16:12:37.265,1.02141,1.02144,1.95,1.00
2014.01.31 16:12:37.568,1.02139,1.02142,1.50,1.08
2014.01.31 16:12:37.871,1.02137,1.02141,1.58,1.10
2014.01.31 16:12:39.746,1.02139,1.02145,1.00,4.15
2014.01.31 16:12:39.898,1.02145,1.02146,1.00,1.00
2014.01.31 16:12:40.050,1.02145,1.02149,1.00,2.63
2014.01.31 16:12:40.100,1.02148,1.02151,1.50,2.25
2014.01.31 16:12:40.253,1.0215,1.02154,1.00,4.13
2014.01.31 16:12:40.354,1.02151,1.02154,1.00,1.10
2014.01.31 16:12:41.800,1.0215,1.02154,1.10,8.33
2014.01.31 16:12:42.206,1.0215,1.02151,1.10,1.00
2014.01.31 16:12:42.509,1.0214,1.02143,2.63,1.00
2014.01.31 16:12:42.712,1.02137,1.02141,3.00,1.00
2014.01.31 16:12:42.813,1.02136,1.0214,1.89,3.00
2014.01.31 16:12:44.009,1.02137,1.0214,1.00,2.93
2014.01.31 16:12:44.122,1.02138,1.0214,1.00,1.10
2014.01.31 16:12:44.896,1.02139,1.02142,1.50,2.78
2014.01.31 16:12:45.098,1.02141,1.02143,1.00,3.75
2014.01.31 16:12:45.602,1.02142,1.02144,1.00,8.33
2014.01.31 16:12:46.186,1.02142,1.02143,1.00,4.50
2014.01.31 16:12:46.776,1.02141,1.02143,1.50,3.75
2014.01.31 16:12:47.334,1.0214,1.02143,1.10,3.75
2014.01.31 16:12:48.222,1.0214,1.02144,1.10,9.83
2014.01.31 16:12:49.111,1.0214,1.02144,1.10,1.48
2014.01.31 16:12:49.214,1.02143,1.02145,1.00,1.00
2014.01.31 16:12:49.518,1.02146,1.02148,1.00,1.50
2014.01.31 16:12:49.620,1.02148,1.02152,1.00,7.58
2014.01.31 16:12:50.024,1.02149,1.02153,1.10,2.70
2014.01.31 16:12:50.177,1.02152,1.02154,1.00,1.20
2014.01.31 16:12:50.228,1.02153,1.02157,1.00,4.50
2014.01.31 16:12:50.329,1.02153,1.02157,1.10,2.33
2014.01.31 16:12:50.833,1.02152,1.02156,1.08,1.00
2014.01.31 16:12:51.831,1.02151,1.02155,4.50,1.00
2014.01.31 16:12:52.134,1.02151,1.02154,2.93,1.00
2014.01.31 16:12:52.235,1.02147,1.02151,7.74,1.13
2014.01.31 16:12:52.740,1.02147,1.0215,3.69,1.00
2014.01.31 16:12:53.269,1.02147,1.0215,2.94,1.00
2014.01.31 16:12:54.415,1.02147,1.02149,2.56,1.00
2014.01.31 16:12:54.952,1.02145,1.02149,10.41,1.10
2014.01.31 16:12:55.255,1.02147,1.02151,1.00,3.38
2014.01.31 16:12:55.306,1.02147,1.02151,3.23,1.10
2014.01.31 16:12:55.558,1.02148,1.02152,1.38,1.08
2014.01.31 16:12:56.069,1.02148,1.02152,1.00,1.20
2014.01.31 16:12:57.170,1.02146,1.0215,1.58,1.50
2014.01.31 16:12:57.742,1.02146,1.0215,1.00,1.58
2014.01.31 16:12:58.783,1.02147,1.0215,1.00,1.08
2014.01.31 16:12:59.086,1.02148,1.02152,1.51,1.08
2014.01.31 16:12:59.808,1.02148,1.0215,1.13,1.00
2014.01.31 16:13:00.279,1.02145,1.02149,1.10,1.10
2014.01.31 16:13:03.074,1.02147,1.0215,1.00,1.95
2014.01.31 16:13:03.226,1.02148,1.02151,1.14,1.58
2014.01.31 16:13:03.757,1.02149,1.02153,1.13,3.00
2014.01.31 16:13:04.871,1.02148,1.02151,1.14,1.20
2014.01.31 16:13:04.922,1.02147,1.0215,1.50,2.25
2014.01.31 16:13:04.972,1.02146,1.0215,2.25,4.13
2014.01.31 16:13:07.504,1.02147,1.02148,2.48,1.00
2014.01.31 16:13:07.555,1.02147,1.0215,4.36,2.33
2014.01.31 16:13:07.606,1.02148,1.02152,1.21,2.33
2014.01.31 16:13:08.110,1.02147,1.0215,2.85,1.00
2014.01.31 16:13:08.413,1.02146,1.02149,1.58,1.13
2014.01.31 16:13:08.926,1.02146,1.0215,1.10,2.33
2014.01.31 16:13:10.873,1.02147,1.0215,1.13,1.58
2014.01.31 16:13:11.025,1.02149,1.02151,1.00,1.00
2014.01.31 16:13:11.126,1.0215,1.02154,1.20,2.33
2014.01.31 16:13:11.645,1.02149,1.02153,1.45,1.00
2014.01.31 16:13:12.163,1.02148,1.02152,1.10,1.58
2014.01.31 16:13:12.265,1.02147,1.0215,1.00,1.10
2014.01.31 16:13:12.769,1.02145,1.02149,1.95,1.00
2014.01.31 16:13:13.925,1.02144,1.02148,4.13,1.00
2014.01.31 16:13:14.127,1.02146,1.0215,1.10,1.58
2014.01.31 16:13:14.640,1.02146,1.0215,1.00,3.75
2014.01.31 16:13:17.446,1.02145,1.02149,1.88,1.08
2014.01.31 16:13:17.799,1.02147,1.02149,1.00,1.00
2014.01.31 16:13:18.254,1.02145,1.02149,1.08,1.00
2014.01.31 16:13:18.506,1.02148,1.02151,1.00,1.08
2014.01.31 16:13:19.062,1.02147,1.0215,1.00,1.10
2014.01.31 16:13:19.851,1.02147,1.0215,1.00,1.48
2014.01.31 16:13:20.154,1.02143,1.02147,2.25,1.45
2014.01.31 16:13:20.255,1.02141,1.02145,2.25,1.38
2014.01.31 16:13:20.483,1.0214,1.02144,1.50,2.70
2014.01.31 16:13:20.992,1.0214,1.02142,1.00,1.13
2014.01.31 16:13:21.551,1.02142,1.02144,1.00,1.88
2014.01.31 16:13:21.652,1.02144,1.02146,1.00,1.10
2014.01.31 16:13:21.854,1.02146,1.02147,1.00,1.50
2014.01.31 16:13:21.955,1.02146,1.0215,1.10,1.95
2014.01.31 16:13:24.354,1.02146,1.0215,1.58,1.48
2014.01.31 16:13:24.870,1.02146,1.02148,1.10,1.00
2014.01.31 16:13:29.807,1.02145,1.02148,1.35,1.20
2014.01.31 16:13:30.114,1.02144,1.02146,2.18,1.50
2014.01.31 16:13:30.265,1.0214,1.02144,1.00,1.13
2014.01.31 16:13:30.366,1.02136,1.02139,1.10,1.38
2014.01.31 16:13:30.887,1.02136,1.02138,1.00,1.20
2014.01.31 16:13:36.573,1.02136,1.02138,1.00,1.13
2014.01.31 16:13:37.078,1.02136,1.02138,1.00,1.38
2014.01.31 16:13:37.650,1.02133,1.02136,10.85,1.00
2014.01.31 16:13:42.419,1.02132,1.02136,1.45,1.00
2014.01.31 16:13:42.977,1.02133,1.02137,1.10,2.70
2014.01.31 16:13:43.179,1.02133,1.02137,1.10,2.55
2014.01.31 16:13:43.566,1.02124,1.02128,1.10,1.10
2014.01.31 16:13:44.654,1.02125,1.02129,1.00,1.58
2014.01.31 16:13:47.590,1.02125,1.02129,1.08,1.13
2014.01.31 16:13:50.001,1.02125,1.02129,1.00,1.08
2014.01.31 16:13:50.567,1.02124,1.0213,4.95,4.13
2014.01.31 16:13:50.668,1.02131,1.02134,1.00,4.00
2014.01.31 16:13:50.719,1.0213,1.02136,1.00,6.25
2014.01.31 16:13:50.820,1.0214,1.02147,1.10,3.00
2014.01.31 16:13:51.324,1.02142,1.02146,1.00,1.45
2014.01.31 16:13:52.008,1.02141,1.02145,2.33,1.20
2014.01.31 16:13:52.523,1.02141,1.02145,1.58,1.48
2014.01.31 16:13:53.668,1.02141,1.02145,1.58,1.10
2014.01.31 16:13:53.870,1.02149,1.02151,2.85,1.00
2014.01.31 16:13:53.972,1.02151,1.02154,9.00,2.18
2014.01.31 16:13:54.073,1.02153,1.02156,1.00,3.00
2014.01.31 16:13:54.124,1.02153,1.02157,1.50,1.58
2014.01.31 16:13:54.528,1.02152,1.02154,1.10,1.50
2014.01.31 16:13:54.680,1.02149,1.02153,1.50,1.08
2014.01.31 16:13:54.731,1.02149,1.02151,1.00,1.00
2014.01.31 16:13:54.833,1.02146,1.0215,3.38,1.20
2014.01.31 16:13:55.086,1.02145,1.02148,1.10,1.00
2014.01.31 16:13:55.389,1.02141,1.02146,4.13,1.00
2014.01.31 16:13:55.591,1.02143,1.02145,1.13,1.10
2014.01.31 16:13:55.945,1.02144,1.02148,1.00,1.08
2014.01.31 16:13:56.096,1.02143,1.02146,1.10,1.00
2014.01.31 16:13:56.399,1.02144,1.02145,1.00,1.00
2014.01.31 16:13:56.450,1.02145,1.02148,1.00,1.20
2014.01.31 16:13:56.904,1.02144,1.02148,1.00,1.20
2014.01.31 16:13:57.398,1.02146,1.02148,1.00,1.08
2014.01.31 16:13:57.550,1.02149,1.02153,1.00,1.95
2014.01.31 16:13:58.057,1.0215,1.02154,1.10,1.48
2014.01.31 16:13:58.158,1.02149,1.02153,1.00,1.75
2014.01.31 16:13:58.310,1.02148,1.0215,1.10,1.38
2014.01.31 16:13:58.411,1.02146,1.0215,1.10,1.48
2014.01.31 16:13:58.689,1.02146,1.0215,1.10,1.48
2014.01.31 16:13:59.750,1.02148,1.02151,1.00,1.08
2014.01.31 16:13:59.852,1.02148,1.02152,4.13,1.00
2014.01.31 16:14:02.562,1.02149,1.02153,1.58,1.13
2014.01.31 16:14:03.635,1.02152,1.02153,2.10,1.13
2014.01.31 16:14:03.938,1.02153,1.02156,2.88,3.30
2014.01.31 16:14:04.039,1.02157,1.0216,2.93,1.00
2014.01.31 16:14:04.141,1.02158,1.02162,1.10,1.20
2014.01.31 16:14:04.242,1.02158,1.02161,2.25,1.00
2014.01.31 16:14:04.343,1.02157,1.02161,3.69,1.00
2014.01.31 16:14:04.850,1.02158,1.02161,2.63,1.00
2014.01.31 16:14:05.360,1.02157,1.02161,3.69,1.00
2014.01.31 16:14:06.299,1.02157,1.02161,3.69,1.00
2014.01.31 16:14:06.690,1.02156,1.02159,2.63,1.00
2014.01.31 16:14:07.195,1.02155,1.02159,2.19,1.00
2014.01.31 16:14:07.397,1.02154,1.02158,1.48,1.10
2014.01.31 16:14:08.777,1.02153,1.02157,1.95,2.63
2014.01.31 16:14:08.878,1.02152,1.02154,3.30,1.00
2014.01.31 16:14:09.080,1.0215,1.02153,1.44,1.00
2014.01.31 16:14:09.585,1.0215,1.02153,1.36,1.10
2014.01.31 16:14:10.600,1.0215,1.02153,1.44,1.00
2014.01.31 16:14:11.969,1.0215,1.02153,1.36,1.10
2014.01.31 16:14:14.801,1.0215,1.02152,1.32,1.00
2014.01.31 16:14:16.290,1.02149,1.02152,5.86,1.00
2014.01.31 16:14:16.830,1.02149,1.02152,2.94,1.00
2014.01.31 16:14:20.428,1.02148,1.02152,1.95,1.00
2014.01.31 16:14:20.579,1.02147,1.02151,3.31,1.20
2014.01.31 16:14:20.630,1.02146,1.02149,2.63,1.00
2014.01.31 16:14:20.882,1.02139,1.02142,1.20,1.00
2014.01.31 16:14:21.386,1.02137,1.02141,5.11,1.00
2014.01.31 16:14:21.525,1.02136,1.0214,1.95,1.58
2014.01.31 16:14:21.677,1.02135,1.02138,1.20,1.00
2014.01.31 16:14:22.003,1.02132,1.02136,4.44,1.00
2014.01.31 16:14:22.800,1.02135,1.02136,1.00,1.00
2014.01.31 16:14:22.901,1.02137,1.02139,2.56,1.00
2014.01.31 16:14:22.952,1.02138,1.02142,1.00,1.08
2014.01.31 16:14:23.456,1.02139,1.02143,1.00,3.38
2014.01.31 16:14:23.759,1.02136,1.0214,1.08,1.00
2014.01.31 16:14:24.062,1.02135,1.02139,1.10,1.20
2014.01.31 16:14:25.209,1.02136,1.0214,1.00,1.58
2014.01.31 16:14:25.708,1.02137,1.02139,1.00,1.88
2014.01.31 16:14:26.257,1.02137,1.02139,1.00,1.88
2014.01.31 16:14:28.420,1.02137,1.02138,1.00,1.00
2014.01.31 16:14:31.291,1.02137,1.02139,1.00,1.50
2014.01.31 16:14:32.054,1.02137,1.02139,1.00,1.50
2014.01.31 16:14:32.558,1.02137,1.0214,1.00,3.00
2014.01.31 16:14:34.036,1.02136,1.02139,1.00,3.08
2014.01.31 16:14:34.238,1.02133,1.02137,1.20,1.50
2014.01.31 16:14:34.289,1.02131,1.02135,1.50,3.79
2014.01.31 16:14:34.340,1.02131,1.02133,1.00,1.10
2014.01.31 16:14:34.390,1.0213,1.02133,1.00,1.48
2014.01.31 16:14:34.543,1.02128,1.02132,1.00,1.45
2014.01.31 16:14:36.592,1.02128,1.02132,1.00,1.45
2014.01.31 16:14:36.845,1.02138,1.02142,6.23,1.58
2014.01.31 16:14:36.896,1.02142,1.02146,1.00,1.00
2014.01.31 16:14:37.048,1.02143,1.02145,1.00,5.63
2014.01.31 16:14:37.250,1.02144,1.02147,5.35,2.18
2014.01.31 16:14:37.402,1.02146,1.02151,4.00,3.75
2014.01.31 16:14:37.453,1.02148,1.02151,1.00,2.25
2014.01.31 16:14:37.985,1.0215,1.02154,1.00,3.00
2014.01.31 16:14:38.505,1.02149,1.02153,1.00,1.08
2014.01.31 16:14:40.584,1.02148,1.02152,1.58,1.10
2014.01.31 16:14:40.915,1.02148,1.02151,1.00,1.08
2014.01.31 16:14:41.269,1.02148,1.02151,3.00,1.00
2014.01.31 16:14:41.370,1.02148,1.02151,1.00,1.48
2014.01.31 16:14:43.076,1.02149,1.02151,2.10,1.10
2014.01.31 16:14:43.178,1.02151,1.02155,1.88,3.75
2014.01.31 16:14:43.280,1.02152,1.02156,1.08,1.50
2014.01.31 16:14:43.331,1.02152,1.02156,1.08,1.88
2014.01.31 16:14:43.482,1.02151,1.02153,1.10,1.00
2014.01.31 16:14:43.684,1.02149,1.02153,2.93,1.00
2014.01.31 16:14:43.836,1.02147,1.0215,2.25,1.00
2014.01.31 16:14:43.937,1.02146,1.02149,1.50,1.10
2014.01.31 16:14:44.398,1.02148,1.0215,1.00,1.00
2014.01.31 16:14:44.936,1.02146,1.02149,1.08,1.13
2014.01.31 16:14:48.292,1.02147,1.0215,4.06,1.00
2014.01.31 16:14:48.805,1.02149,1.02153,1.00,3.38
2014.01.31 16:14:49.898,1.02149,1.02153,1.21,1.48
2014.01.31 16:14:52.661,1.02149,1.02153,1.21,1.20
2014.01.31 16:14:53.353,1.02151,1.02155,1.35,4.13
2014.01.31 16:14:53.454,1.02152,1.02156,2.93,1.13
2014.01.31 16:14:56.320,1.02154,1.02157,2.93,1.00
2014.01.31 16:14:56.371,1.02155,1.02159,3.69,1.10
2014.01.31 16:14:56.884,1.02156,1.0216,1.21,1.13
2014.01.31 16:14:58.417,1.02156,1.0216,1.96,1.38
2014.01.31 16:14:58.569,1.02155,1.02158,1.10,1.38
2014.01.31 16:14:58.771,1.0215,1.02154,3.26,1.00
2014.01.31 16:14:58.822,1.02148,1.02153,1.00,6.00
2014.01.31 16:14:59.074,1.02147,1.0215,1.10,1.38
2014.01.31 16:14:59.225,1.02146,1.0215,1.89,1.45
2014.01.31 16:14:59.727,1.02147,1.02151,1.00,3.38
2014.01.31 16:15:00.188,1.02149,1.02151,2.10,2.93
2014.01.31 16:15:00.340,1.0215,1.02154,3.24,3.38
2014.01.31 16:15:01.017,1.02151,1.02155,1.14,1.45
2014.01.31 16:15:03.477,1.02151,1.02155,1.14,1.45
2014.01.31 16:15:04.023,1.02148,1.02151,1.58,4.35
2014.01.31 16:15:04.226,1.02142,1.02144,1.00,1.13
2014.01.31 16:15:04.370,1.0214,1.02142,1.08,1.50
2014.01.31 16:15:04.426,1.02137,1.0214,3.76,1.00
2014.01.31 16:15:04.529,1.02137,1.0214,1.59,1.00
2014.01.31 16:15:05.235,1.02139,1.02141,1.00,2.18
2014.01.31 16:15:05.286,1.02141,1.02144,1.08,1.13
2014.01.31 16:15:05.337,1.02141,1.02144,1.45,1.00
2014.01.31 16:15:05.438,1.02142,1.02146,2.18,2.33
2014.01.31 16:15:05.539,1.02142,1.02146,6.24,3.68
2014.01.31 16:15:05.641,1.02142,1.02145,4.43,1.00
2014.01.31 16:15:05.742,1.02141,1.02143,4.96,1.50
2014.01.31 16:15:05.843,1.02141,1.02143,1.00,1.50
2014.01.31 16:15:05.894,1.02136,1.0214,2.64,1.00
2014.01.31 16:15:05.996,1.02135,1.02139,4.96,1.00
2014.01.31 16:15:07.200,1.02135,1.02138,1.59,1.00
2014.01.31 16:15:07.705,1.02135,1.02138,1.59,1.00
2014.01.31 16:15:09.477,1.02135,1.02139,1.84,1.00
2014.01.31 16:15:10.226,1.02135,1.02138,1.46,1.00
2014.01.31 16:15:10.732,1.02135,1.02138,4.88,1.00
2014.01.31 16:15:11.035,1.02137,1.02141,1.39,1.08
2014.01.31 16:15:11.136,1.02138,1.02142,2.26,2.93
2014.01.31 16:15:11.187,1.0214,1.02142,1.30,1.10
2014.01.31 16:15:11.440,1.02141,1.02145,7.89,1.50
2014.01.31 16:15:11.743,1.02141,1.02144,1.21,1.00
2014.01.31 16:15:12.349,1.02141,1.02145,1.59,1.10
2014.01.31 16:15:12.883,1.02142,1.02146,3.38,1.00
2014.01.31 16:15:14.431,1.02144,1.02147,2.25,1.00
2014.01.31 16:15:14.734,1.02151,1.02153,6.00,2.18
2014.01.31 16:15:14.785,1.02152,1.02155,2.25,1.00
2014.01.31 16:15:15.139,1.0215,1.02153,1.49,1.00
2014.01.31 16:15:15.645,1.02149,1.02152,1.08,1.00
2014.01.31 16:15:17.934,1.0215,1.02153,1.10,1.00
2014.01.31 16:15:18.342,1.02151,1.02154,1.20,1.00
2014.01.31 16:15:18.847,1.02151,1.02153,1.08,1.13
2014.01.31 16:15:19.151,1.02148,1.02152,1.58,1.13
2014.01.31 16:15:19.666,1.0215,1.02152,1.00,1.00
2014.01.31 16:15:19.868,1.02152,1.02155,5.10,3.00
2014.01.31 16:15:20.029,1.02153,1.02156,1.10,1.13
2014.01.31 16:15:20.131,1.02154,1.02157,2.25,1.00
2014.01.31 16:15:20.284,1.02155,1.02158,1.08,1.13
2014.01.31 16:15:20.486,1.02153,1.02157,1.20,1.00
2014.01.31 16:15:25.540,1.02154,1.02157,4.20,1.00
2014.01.31 16:15:25.591,1.02158,1.02161,1.00,1.95
2014.01.31 16:15:26.095,1.02158,1.02161,1.00,1.58
2014.01.31 16:15:26.549,1.02157,1.0216,1.10,1.38
2014.01.31 16:15:27.100,1.02156,1.0216,1.50,1.45
2014.01.31 16:15:27.862,1.02158,1.02161,1.00,1.10
2014.01.31 16:15:35.287,1.02158,1.02161,1.00,1.48
2014.01.31 16:15:35.936,1.02158,1.02161,1.00,1.10
2014.01.31 16:15:38.004,1.02156,1.0216,1.21,1.00
2014.01.31 16:15:38.310,1.02156,1.0216,1.14,3.38
2014.01.31 16:15:43.028,1.02154,1.02158,1.21,1.20
2014.01.31 16:15:43.533,1.02153,1.02157,2.34,1.00
2014.01.31 16:15:45.093,1.02154,1.02157,2.64,1.00
2014.01.31 16:15:46.086,1.02154,1.02159,6.76,1.00
2014.01.31 16:15:49.102,1.02154,1.02158,3.01,1.00
2014.01.31 16:15:53.097,1.02155,1.02157,1.59,1.00
2014.01.31 16:15:53.601,1.02156,1.02158,1.12,1.00
2014.01.31 16:15:55.122,1.02155,1.02157,1.51,1.00
2014.01.31 16:15:55.638,1.02154,1.02158,1.48,1.58
2014.01.31 16:15:58.728,1.02156,1.02159,1.13,1.08
2014.01.31 16:15:59.233,1.02156,1.02159,1.10,1.00
2014.01.31 16:15:59.737,1.02156,1.0216,10.95,1.10
2014.01.31 16:16:01.245,1.02156,1.0216,9.38,1.08
2014.01.31 16:16:01.749,1.02156,1.0216,9.45,1.10
2014.01.31 16:16:02.933,1.02158,1.02161,1.00,1.08
2014.01.31 16:16:03.177,1.02175,1.02178,13.51,1.13
2014.01.31 16:16:03.235,1.02175,1.02176,2.18,1.00
2014.01.31 16:16:03.286,1.02172,1.02176,4.13,1.00
2014.01.31 16:16:03.438,1.02172,1.02174,2.93,1.00
2014.01.31 16:16:03.539,1.02169,1.02173,1.58,1.10
2014.01.31 16:16:03.741,1.02171,1.02174,1.00,1.08
2014.01.31 16:16:03.843,1.02171,1.02175,2.63,1.10
2014.01.31 16:16:03.894,1.02173,1.02175,1.00,1.10
2014.01.31 16:16:04.096,1.02171,1.02174,1.13,1.10
2014.01.31 16:16:04.803,1.0217,1.02174,1.48,1.10
2014.01.31 16:16:05.308,1.02171,1.02174,1.13,1.10
2014.01.31 16:16:05.511,1.02171,1.02173,1.13,1.08
2014.01.31 16:16:06.116,1.02171,1.02173,1.00,1.08
2014.01.31 16:16:06.319,1.02173,1.02176,1.88,2.18
2014.01.31 16:16:06.622,1.02173,1.02177,1.20,1.58
2014.01.31 16:16:06.723,1.02172,1.02176,1.38,1.08
2014.01.31 16:16:06.874,1.02171,1.02175,1.58,1.10
2014.01.31 16:16:06.925,1.02171,1.02173,1.10,1.00
2014.01.31 16:16:07.462,1.02171,1.02172,1.00,1.10
2014.01.31 16:16:08.624,1.02169,1.02172,1.00,1.10
2014.01.31 16:16:08.877,1.02169,1.0217,1.00,1.00
2014.01.31 16:16:09.381,1.02168,1.02169,1.00,1.10
2014.01.31 16:16:14.646,1.02169,1.02171,1.00,1.50
2014.01.31 16:16:14.697,1.02169,1.02173,2.88,1.50
2014.01.31 16:16:14.849,1.02171,1.02176,5.73,1.00
2014.01.31 16:16:15.353,1.02174,1.02177,1.10,1.00
2014.01.31 16:16:15.858,1.02174,1.02178,1.58,1.10
2014.01.31 16:16:17.313,1.02174,1.02178,1.95,1.10
2014.01.31 16:16:20.673,1.02176,1.02178,1.00,1.10
2014.01.31 16:16:20.875,1.02174,1.02178,4.95,1.00
2014.01.31 16:16:24.164,1.02174,1.0218,1.48,2.63
2014.01.31 16:16:26.411,1.02174,1.02176,1.10,1.00
2014.01.31 16:16:26.563,1.02172,1.02176,1.90,1.00
2014.01.31 16:16:26.664,1.02172,1.02175,2.63,1.00
2014.01.31 16:16:27.198,1.02172,1.02176,4.88,1.00
2014.01.31 16:16:28.063,1.02172,1.02176,8.60,1.00
2014.01.31 16:16:28.567,1.02172,1.02176,3.38,1.00
2014.01.31 16:16:29.072,1.02172,1.02175,4.20,1.00
2014.01.31 16:16:29.375,1.02174,1.02177,1.38,1.00
2014.01.31 16:16:30.120,1.02177,1.0218,2.18,1.50
2014.01.31 16:16:30.170,1.02179,1.02183,4.58,1.50
2014.01.31 16:16:30.221,1.02181,1.02188,2.25,1.58
2014.01.31 16:16:30.372,1.02189,1.02196,1.38,1.00
2014.01.31 16:16:30.423,1.02189,1.02194,1.38,2.25
2014.01.31 16:16:30.575,1.02189,1.02192,1.00,1.10
2014.01.31 16:16:31.080,1.02189,1.02191,1.00,1.08
2014.01.31 16:16:31.586,1.02189,1.02191,1.13,1.00
2014.01.31 16:16:32.040,1.02186,1.0219,2.55,1.00
2014.01.31 16:16:32.242,1.02184,1.02188,4.88,1.00
2014.01.31 16:16:32.646,1.02184,1.02187,4.05,1.00
2014.01.31 16:16:32.798,1.02182,1.02186,1.95,1.00
2014.01.31 16:16:32.949,1.02181,1.02183,4.28,1.00
2014.01.31 16:16:33.051,1.02182,1.02185,1.73,1.10
2014.01.31 16:16:33.202,1.02183,1.02186,2.25,1.00
2014.01.31 16:16:33.454,1.02182,1.02185,1.80,1.00
2014.01.31 16:16:34.160,1.02183,1.02186,1.55,1.00
2014.01.31 16:16:34.966,1.02184,1.02186,1.00,1.00
2014.01.31 16:16:36.046,1.02184,1.02186,1.38,1.10
2014.01.31 16:16:36.641,1.02184,1.0219,1.38,4.50
2014.01.31 16:16:37.066,1.02181,1.02188,10.76,1.10
2014.01.31 16:16:37.167,1.0218,1.02182,1.00,1.00
2014.01.31 16:16:37.370,1.02178,1.0218,1.00,2.93
2014.01.31 16:16:37.471,1.02174,1.0218,4.50,3.68
2014.01.31 16:16:38.549,1.02174,1.02177,1.00,1.00
2014.01.31 16:16:41.170,1.02172,1.02175,1.13,3.76
2014.01.31 16:16:41.271,1.0217,1.02173,1.00,1.00
2014.01.31 16:16:41.524,1.02167,1.02171,1.20,1.58
2014.01.31 16:16:42.381,1.0217,1.02172,1.00,1.00
2014.01.31 16:16:42.533,1.02171,1.02174,3.23,1.10
2014.01.31 16:16:42.634,1.02172,1.02176,1.20,1.58
2014.01.31 16:16:42.685,1.02172,1.02176,3.38,1.00
2014.01.31 16:16:43.491,1.02171,1.02175,2.70,1.00
2014.01.31 16:16:43.592,1.02172,1.02176,4.13,1.50
2014.01.31 16:16:44.591,1.02173,1.02177,1.08,1.50
2014.01.31 16:16:44.894,1.02174,1.02178,8.63,1.00
2014.01.31 16:16:45.737,1.02176,1.02179,1.48,1.00
2014.01.31 16:16:46.243,1.02175,1.02179,1.45,1.00
2014.01.31 16:16:46.747,1.02174,1.02178,4.13,1.00
2014.01.31 16:16:48.400,1.02174,1.02178,1.58,1.58
2014.01.31 16:16:48.905,1.02174,1.02178,1.48,2.33
2014.01.31 16:16:49.459,1.02174,1.02178,1.20,1.58
2014.01.31 16:16:49.986,1.02175,1.02178,1.13,1.10
2014.01.31 16:16:51.943,1.02174,1.02176,1.10,1.13
2014.01.31 16:16:52.044,1.02171,1.02175,2.63,1.08
2014.01.31 16:16:52.549,1.0217,1.02174,1.10,1.20
2014.01.31 16:16:52.852,1.02168,1.02172,3.75,1.00
2014.01.31 16:16:52.903,1.02168,1.02172,1.00,1.08
2014.01.31 16:16:53.411,1.02167,1.02171,1.58,1.10
2014.01.31 16:16:54.371,1.02167,1.02171,1.50,4.88
2014.01.31 16:16:54.573,1.02165,1.02169,1.20,1.10
2014.01.31 16:16:55.803,1.02167,1.0217,1.00,1.95
2014.01.31 16:16:57.866,1.02167,1.02171,1.10,3.30
2014.01.31 16:16:58.370,1.02167,1.02171,1.10,1.58
2014.01.31 16:16:58.909,1.02168,1.02171,1.00,1.10
2014.01.31 16:17:00.547,1.02168,1.0217,1.13,1.50
2014.01.31 16:17:00.749,1.02163,1.02166,1.10,1.00
2014.01.31 16:17:00.949,1.02163,1.02166,1.00,1.80
2014.01.31 16:17:01.254,1.02161,1.02164,1.00,1.88
2014.01.31 16:17:01.557,1.0216,1.02164,1.10,2.70
2014.01.31 16:17:01.963,1.0216,1.02164,1.10,1.95
2014.01.31 16:17:04.763,1.02159,1.02163,1.08,1.00
2014.01.31 16:17:06.360,1.0216,1.02164,1.10,2.33
2014.01.31 16:17:07.536,1.0216,1.02164,1.10,1.58
2014.01.31 16:17:07.637,1.02162,1.02167,7.35,1.50
2014.01.31 16:17:07.790,1.02172,1.02174,1.00,1.50
2014.01.31 16:17:07.993,1.02171,1.02175,3.00,1.00
2014.01.31 16:17:08.498,1.02171,1.02175,1.08,1.00
2014.01.31 16:17:09.667,1.0217,1.02173,3.00,1.00
2014.01.31 16:17:09.768,1.02172,1.02176,1.10,4.43
2014.01.31 16:17:10.273,1.02172,1.02176,1.10,4.43
2014.01.31 16:17:10.660,1.02174,1.02176,1.00,2.93
2014.01.31 16:17:10.862,1.02179,1.02186,2.18,1.08
2014.01.31 16:17:10.964,1.02184,1.02191,2.25,1.08
2014.01.31 16:17:11.166,1.02188,1.02191,1.00,1.08
2014.01.31 16:17:11.475,1.02188,1.02192,3.00,1.00
2014.01.31 16:17:12.159,1.02188,1.02192,1.00,4.50
2014.01.31 16:17:12.411,1.02184,1.02188,2.33,1.13
2014.01.31 16:17:12.513,1.02184,1.02186,1.00,1.00
2014.01.31 16:17:12.866,1.02182,1.02185,1.10,1.00
2014.01.31 16:17:14.881,1.02181,1.02185,1.51,1.08
2014.01.31 16:17:15.950,1.02181,1.02185,1.15,1.08
2014.01.31 16:17:16.122,1.0218,1.02183,1.58,2.48
2014.01.31 16:17:16.174,1.02178,1.02182,2.27,1.80
2014.01.31 16:17:16.527,1.0218,1.02183,1.00,2.25
2014.01.31 16:17:16.578,1.0218,1.02184,1.00,1.08
2014.01.31 16:17:21.513,1.02181,1.02185,1.00,1.20
2014.01.31 16:17:23.621,1.02182,1.02186,1.13,4.50
2014.01.31 16:17:23.722,1.02185,1.02187,1.88,2.70
2014.01.31 16:17:23.925,1.02188,1.02191,1.10,1.13
2014.01.31 16:17:24.790,1.02186,1.02191,2.18,3.98
2014.01.31 16:17:24.891,1.02186,1.0219,1.20,1.10
2014.01.31 16:17:24.999,1.02187,1.0219,1.00,3.00
2014.01.31 16:17:25.050,1.02184,1.02188,3.45,1.58
2014.01.31 16:17:25.555,1.02184,1.02188,1.50,2.70
2014.01.31 16:17:26.119,1.02184,1.02188,1.00,2.33
2014.01.31 16:17:26.170,1.02182,1.02186,1.10,1.38
2014.01.31 16:17:26.562,1.0218,1.02184,1.10,8.18
2014.01.31 16:17:26.764,1.02179,1.02182,1.08,3.75
2014.01.31 16:17:27.347,1.02179,1.02183,1.00,8.25
2014.01.31 16:17:28.545,1.02178,1.02182,1.50,1.08
2014.01.31 16:17:29.051,1.02178,1.02182,1.50,6.45
2014.01.31 16:17:29.304,1.02182,1.02186,1.00,3.83
2014.01.31 16:17:29.758,1.02185,1.02187,1.00,1.00
2014.01.31 16:17:30.061,1.02187,1.0219,1.00,1.00
2014.01.31 16:17:30.213,1.02189,1.02191,1.00,1.58
2014.01.31 16:17:31.396,1.0219,1.02193,1.00,2.25
2014.01.31 16:17:31.447,1.0219,1.02193,1.00,1.10
2014.01.31 16:17:31.951,1.0219,1.02191,1.00,1.50
2014.01.31 16:17:32.254,1.02189,1.02193,1.10,1.58
2014.01.31 16:17:33.617,1.0219,1.02194,1.00,1.08
2014.01.31 16:17:33.769,1.02189,1.02192,1.13,3.38
2014.01.31 16:17:33.820,1.02187,1.0219,1.50,5.05
2014.01.31 16:17:34.022,1.02183,1.02187,1.13,2.93
2014.01.31 16:17:34.527,1.02183,1.02188,1.50,6.38
2014.01.31 16:17:35.870,1.02183,1.02188,1.00,7.50
2014.01.31 16:17:36.936,1.02182,1.02187,1.10,4.48
2014.01.31 16:17:37.859,1.02182,1.02187,1.00,10.13
2014.01.31 16:17:37.910,1.0218,1.02186,1.58,5.76
2014.01.31 16:17:38.626,1.0218,1.02185,1.58,3.73
2014.01.31 16:17:39.131,1.02179,1.02185,1.10,3.70
2014.01.31 16:17:40.506,1.02182,1.02185,1.00,1.00
2014.01.31 16:17:40.678,1.02183,1.02187,1.08,1.00
2014.01.31 16:17:41.188,1.02185,1.02188,1.08,2.25
2014.01.31 16:17:41.912,1.02185,1.02189,1.08,1.00
2014.01.31 16:17:42.215,1.02188,1.0219,1.10,1.00
2014.01.31 16:17:42.781,1.02188,1.02192,1.10,1.10
2014.01.31 16:17:43.134,1.02188,1.02192,1.10,1.95
2014.01.31 16:17:43.236,1.02186,1.0219,1.10,6.31
2014.01.31 16:17:43.387,1.02184,1.02189,1.00,7.98
2014.01.31 16:17:44.096,1.02184,1.02188,1.00,7.06
2014.01.31 16:17:44.198,1.02181,1.02186,1.03,4.13
2014.01.31 16:17:44.737,1.0218,1.02186,3.02,7.88
2014.01.31 16:17:47.218,1.0218,1.02185,2.25,9.38
2014.01.31 16:17:47.370,1.02178,1.02184,1.10,14.73
2014.01.31 16:17:47.471,1.02178,1.02182,1.00,4.88
2014.01.31 16:17:48.461,1.02177,1.02181,1.14,3.38
2014.01.31 16:17:49.487,1.02177,1.02181,1.95,1.10
2014.01.31 16:17:49.997,1.02178,1.02181,1.00,1.10
2014.01.31 16:17:51.249,1.02177,1.02181,1.95,1.10
2014.01.31 16:17:53.338,1.02179,1.02181,1.00,1.10
2014.01.31 16:17:54.197,1.02178,1.02182,1.00,1.20
2014.01.31 16:17:54.544,1.02175,1.02178,1.50,4.13
2014.01.31 16:17:54.596,1.02173,1.02177,1.50,4.58
2014.01.31 16:17:54.647,1.02173,1.02175,1.00,1.08
2014.01.31 16:17:54.698,1.02171,1.02175,1.50,1.08
2014.01.31 16:17:54.900,1.02172,1.02176,1.10,1.10
2014.01.31 16:17:55.008,1.02171,1.02175,1.50,3.00
2014.01.31 16:17:55.059,1.02169,1.02173,1.58,1.10
2014.01.31 16:17:55.665,1.02169,1.02173,1.50,3.00
2014.01.31 16:17:56.170,1.02168,1.02172,1.00,1.08
2014.01.31 16:17:57.497,1.02169,1.02172,1.00,1.08
2014.01.31 16:17:58.004,1.02168,1.02172,1.00,1.08
2014.01.31 16:17:58.528,1.02167,1.02171,1.10,1.10
2014.01.31 16:18:01.334,1.02167,1.02171,3.00,1.00
2014.01.31 16:18:02.042,1.0217,1.02174,1.00,1.58
2014.01.31 16:18:03.425,1.02169,1.02172,1.10,1.00
2014.01.31 16:18:04.444,1.02171,1.02174,1.10,1.50
2014.01.31 16:18:06.302,1.0217,1.02174,1.00,3.00
2014.01.31 16:18:07.148,1.02172,1.02174,1.00,2.93
2014.01.31 16:18:07.625,1.02172,1.02176,1.00,3.30
2014.01.31 16:18:08.163,1.02173,1.02176,1.00,3.30
2014.01.31 16:18:10.339,1.02173,1.02175,1.00,2.55
2014.01.31 16:18:11.793,1.02172,1.02175,1.00,2.55
2014.01.31 16:18:12.947,1.02171,1.02174,1.00,7.53
2014.01.31 16:18:13.200,1.02165,1.02169,1.00,5.18
2014.01.31 16:18:13.706,1.02164,1.02168,1.10,9.68
2014.01.31 16:18:13.858,1.02163,1.02167,1.00,7.51
2014.01.31 16:18:14.798,1.02164,1.02167,1.00,3.75
2014.01.31 16:18:14.900,1.02165,1.02169,1.58,2.70
2014.01.31 16:18:15.354,1.02167,1.02169,1.00,1.13
2014.01.31 16:18:15.859,1.02167,1.02171,1.00,7.80
2014.01.31 16:18:16.319,1.0217,1.02173,1.00,2.55
2014.01.31 16:18:16.371,1.02171,1.02175,1.00,3.49
2014.01.31 16:18:17.448,1.0217,1.02174,1.10,1.20
2014.01.31 16:18:17.921,1.0217,1.02174,1.00,3.38
2014.01.31 16:18:18.940,1.02169,1.02172,1.00,1.10
2014.01.31 16:18:19.445,1.02168,1.02172,1.58,1.10
2014.01.31 16:18:19.949,1.02169,1.02173,1.10,1.10
2014.01.31 16:18:22.116,1.02169,1.02173,3.00,1.00
2014.01.31 16:18:22.369,1.02169,1.02173,1.10,4.05
2014.01.31 16:18:22.420,1.02169,1.02173,1.10,4.05
2014.01.31 16:18:22.653,1.02163,1.02167,1.58,1.48
2014.01.31 16:18:23.520,1.02162,1.02166,1.08,1.38
2014.01.31 16:18:23.672,1.02161,1.02163,1.10,1.00
2014.01.31 16:18:23.823,1.02159,1.02163,2.70,1.58
2014.01.31 16:18:24.328,1.02158,1.02162,1.08,1.00
2014.01.31 16:18:24.833,1.02158,1.02162,1.00,1.20
2014.01.31 16:18:27.012,1.02156,1.0216,1.08,1.00
2014.01.31 16:18:28.777,1.02159,1.0216,1.00,1.00
2014.01.31 16:18:31.972,1.02156,1.0216,4.13,2.50
2014.01.31 16:18:32.225,1.02152,1.02156,1.20,1.00
2014.01.31 16:18:32.730,1.02152,1.02156,1.00,1.20
2014.01.31 16:18:33.033,1.02153,1.02156,1.00,1.58
2014.01.31 16:18:33.539,1.02153,1.02156,1.00,1.58
2014.01.31 16:18:34.758,1.02153,1.02156,1.38,1.58
2014.01.31 16:18:34.859,1.02154,1.02158,1.20,3.08
2014.01.31 16:18:34.960,1.02156,1.02158,1.00,1.10
2014.01.31 16:18:35.464,1.02158,1.02162,1.00,3.38
2014.01.31 16:18:35.515,1.02158,1.02162,1.10,1.10
2014.01.31 16:18:36.028,1.02159,1.02163,1.00,2.18
2014.01.31 16:18:36.465,1.02162,1.02166,3.25,1.58
2014.01.31 16:18:36.516,1.02164,1.02166,1.00,1.50
2014.01.31 16:18:36.871,1.02162,1.02166,1.00,1.20
2014.01.31 16:18:40.480,1.02161,1.02165,1.10,1.20
2014.01.31 16:18:44.348,1.02161,1.02164,1.10,1.00
2014.01.31 16:18:44.853,1.02161,1.02164,1.10,4.35
2014.01.31 16:18:46.456,1.0216,1.02164,1.00,13.05
2014.01.31 16:18:47.012,1.02157,1.02161,2.55,1.00
2014.01.31 16:18:47.113,1.02156,1.02158,2.10,1.88
2014.01.31 16:18:47.214,1.02155,1.02157,1.00,2.93
2014.01.31 16:18:47.315,1.02153,1.02156,1.00,2.63
2014.01.31 16:18:48.402,1.02152,1.02156,1.50,3.38
2014.01.31 16:18:50.169,1.02152,1.02156,1.10,1.20
2014.01.31 16:18:53.675,1.02152,1.02156,1.10,1.48
2014.01.31 16:18:54.350,1.02152,1.02156,1.10,2.70
2014.01.31 16:18:54.401,1.02152,1.02156,3.00,2.63
2014.01.31 16:18:54.502,1.02151,1.02155,1.88,1.08
2014.01.31 16:18:57.062,1.02152,1.02156,1.00,4.13
2014.01.31 16:18:57.113,1.02154,1.02156,1.00,1.48
2014.01.31 16:18:57.265,1.02153,1.02157,1.20,2.93
2014.01.31 16:18:57.769,1.02154,1.02158,1.50,1.20
2014.01.31 16:18:58.576,1.02155,1.02159,1.08,1.00
2014.01.31 16:18:58.879,1.02154,1.02158,1.50,1.20
2014.01.31 16:18:59.183,1.02158,1.0216,1.00,1.58
2014.01.31 16:18:59.494,1.02159,1.02163,1.58,1.00
2014.01.31 16:18:59.545,1.02162,1.02165,1.00,3.30
2014.01.31 16:18:59.798,1.0216,1.02164,2.40,1.10
2014.01.31 16:18:59.899,1.0216,1.02164,4.13,1.00
2014.01.31 16:19:00.415,1.02161,1.02165,1.08,3.98
2014.01.31 16:19:02.464,1.02161,1.02165,1.00,3.30
2014.01.31 16:19:03.606,1.02162,1.02165,1.00,2.55
2014.01.31 16:19:04.371,1.02158,1.02163,3.00,3.25
2014.01.31 16:19:04.473,1.02158,1.02161,1.00,1.80
2014.01.31 16:19:04.840,1.02159,1.02163,1.88,1.58
2014.01.31 16:19:05.042,1.0216,1.02164,1.10,1.10
2014.01.31 16:19:05.455,1.0216,1.02164,1.00,3.00
2014.01.31 16:19:05.970,1.02159,1.02164,1.13,4.03
2014.01.31 16:19:09.487,1.02159,1.02161,1.00,1.00
2014.01.31 16:19:17.272,1.02157,1.02161,1.20,1.00
2014.01.31 16:19:20.247,1.02156,1.02159,2.34,1.00
2014.01.31 16:19:20.808,1.02156,1.02159,1.21,1.00
2014.01.31 16:19:21.162,1.02156,1.02159,3.76,1.00
2014.01.31 16:19:21.677,1.02156,1.0216,4.51,1.00
2014.01.31 16:19:22.339,1.02156,1.0216,2.34,1.10
2014.01.31 16:19:22.799,1.02158,1.02161,2.25,1.00
2014.01.31 16:19:22.900,1.02157,1.02161,1.00,3.00
2014.01.31 16:19:29.183,1.02157,1.02161,1.10,1.20
2014.01.31 16:19:29.729,1.02156,1.0216,1.21,1.13
2014.01.31 16:19:30.252,1.02156,1.02159,1.08,1.00
2014.01.31 16:19:30.354,1.02155,1.02159,1.10,3.45
2014.01.31 16:19:30.455,1.02153,1.02156,1.10,1.00
2014.01.31 16:19:30.657,1.02154,1.02158,1.58,1.88
2014.01.31 16:19:31.195,1.02155,1.02159,1.10,1.10
2014.01.31 16:19:31.801,1.02154,1.02158,1.21,1.00
2014.01.31 16:19:32.305,1.02154,1.02158,1.14,1.08
2014.01.31 16:19:32.759,1.02151,1.02155,3.76,1.00
2014.01.31 16:19:33.366,1.02151,1.02155,1.51,1.08
2014.01.31 16:19:37.622,1.02151,1.02153,1.02,1.00
2014.01.31 16:19:37.875,1.0215,1.02152,1.89,2.93
2014.01.31 16:19:37.976,1.0215,1.02152,1.89,1.00
2014.01.31 16:19:38.480,1.0215,1.02154,2.63,1.58
2014.01.31 16:19:39.002,1.0215,1.02154,2.25,3.75
2014.01.31 16:19:42.935,1.02151,1.02154,1.00,7.13
2014.01.31 16:19:43.144,1.02149,1.02153,1.13,3.83
2014.01.31 16:19:44.070,1.02149,1.02151,1.50,1.50
2014.01.31 16:19:44.171,1.02145,1.02149,2.25,5.10
2014.01.31 16:19:44.272,1.02142,1.02145,1.10,4.88
2014.01.31 16:19:44.374,1.02138,1.02142,1.08,2.85
2014.01.31 16:19:44.475,1.02137,1.02141,1.00,1.08
2014.01.31 16:19:45.061,1.02138,1.02141,1.00,1.08
2014.01.31 16:19:55.469,1.0214,1.02144,1.08,1.13
2014.01.31 16:19:55.519,1.02141,1.02144,1.10,1.13
2014.01.31 16:19:55.727,1.0214,1.02144,1.00,3.38
2014.01.31 16:19:55.829,1.02138,1.02141,1.10,1.00
2014.01.31 16:19:56.369,1.02138,1.02142,1.58,1.20
2014.01.31 16:19:57.902,1.02138,1.02141,1.10,1.00
2014.01.31 16:19:58.255,1.02136,1.0214,1.10,1.58
2014.01.31 16:20:02.256,1.02136,1.02139,1.10,1.00
2014.01.31 16:20:02.761,1.02136,1.0214,1.10,1.58
2014.01.31 16:20:03.953,1.02134,1.02137,2.25,1.00
2014.01.31 16:20:04.054,1.02132,1.02135,1.10,1.00
2014.01.31 16:20:06.456,1.02132,1.02136,1.10,1.10
2014.01.31 16:20:07.157,1.02133,1.02137,1.00,1.08
2014.01.31 16:20:07.611,1.02134,1.02138,1.38,3.00
2014.01.31 16:20:07.813,1.02134,1.02138,1.45,1.00
2014.01.31 16:20:08.065,1.02134,1.02139,2.33,1.10
2014.01.31 16:20:08.217,1.02138,1.02142,1.58,1.58
2014.01.31 16:20:08.733,1.0214,1.02143,1.95,1.50
2014.01.31 16:20:09.237,1.0214,1.02144,1.95,1.10
2014.01.31 16:20:10.048,1.02139,1.02143,1.58,1.00
2014.01.31 16:20:10.957,1.02138,1.02142,3.75,1.00
2014.01.31 16:20:12.323,1.02138,1.02142,1.95,1.10
2014.01.31 16:20:14.701,1.02141,1.02147,5.88,1.00
2014.01.31 16:20:14.803,1.02146,1.02147,1.00,1.10
2014.01.31 16:20:14.955,1.02149,1.02155,1.08,1.08
2014.01.31 16:20:15.460,1.02151,1.02155,1.00,1.95
2014.01.31 16:20:15.662,1.02151,1.02155,1.38,1.00
2014.01.31 16:20:15.763,1.02153,1.02157,1.95,1.58
2014.01.31 16:20:15.965,1.02155,1.02159,1.10,1.95
2014.01.31 16:20:16.470,1.02156,1.0216,1.50,1.95
2014.01.31 16:20:17.637,1.02156,1.0216,1.20,1.00
2014.01.31 16:20:18.092,1.02155,1.02158,2.63,1.50
2014.01.31 16:20:18.395,1.02147,1.02151,1.00,3.38
2014.01.31 16:20:18.965,1.02147,1.02151,1.20,1.00
2014.01.31 16:20:19.438,1.0215,1.02153,1.00,1.20
2014.01.31 16:20:19.691,1.02155,1.02159,1.95,1.10
2014.01.31 16:20:20.346,1.02157,1.0216,1.00,1.08
2014.01.31 16:20:20.497,1.02158,1.02162,1.00,1.95
2014.01.31 16:20:21.805,1.02158,1.02162,1.38,1.08
2014.01.31 16:20:21.906,1.0216,1.02164,1.00,1.95
2014.01.31 16:20:22.110,1.02162,1.02165,1.13,2.25
2014.01.31 16:20:22.261,1.02162,1.02166,1.13,1.08
2014.01.31 16:20:22.849,1.0216,1.02164,1.20,1.50
2014.01.31 16:20:22.900,1.0216,1.02163,1.00,2.25
2014.01.31 16:20:23.406,1.02159,1.02163,1.00,3.00
2014.01.31 16:20:24.024,1.02158,1.02162,1.50,1.08
2014.01.31 16:20:24.369,1.02166,1.02167,1.35,1.50
2014.01.31 16:20:24.471,1.02166,1.0217,1.50,1.00
2014.01.31 16:20:24.572,1.02169,1.02177,3.98,1.38
2014.01.31 16:20:24.824,1.02169,1.02173,1.88,1.00
2014.01.31 16:20:25.127,1.02166,1.0217,1.08,3.38
2014.01.31 16:20:25.278,1.02164,1.02166,1.00,1.00
2014.01.31 16:20:25.682,1.02166,1.02167,1.00,1.10
2014.01.31 16:20:25.784,1.02166,1.02169,1.10,1.00
2014.01.31 16:20:26.329,1.02166,1.0217,1.95,1.10
2014.01.31 16:20:27.018,1.02166,1.0217,1.95,1.10
2014.01.31 16:20:28.105,1.02166,1.0217,1.95,1.10
2014.01.31 16:20:30.260,1.02166,1.02169,1.20,1.00
2014.01.31 16:20:30.613,1.02164,1.02167,1.58,1.38
2014.01.31 16:20:30.865,1.02158,1.02162,2.25,1.08
2014.01.31 16:20:32.649,1.0216,1.02161,1.00,1.10
2014.01.31 16:20:33.154,1.0216,1.02162,1.50,1.10
2014.01.31 16:20:35.217,1.02161,1.02164,2.48,2.18
2014.01.31 16:20:35.268,1.02161,1.02166,8.93,1.08
2014.01.31 16:20:35.318,1.02163,1.02166,1.38,1.00
2014.01.31 16:20:35.369,1.02164,1.02168,1.48,2.70
2014.01.31 16:20:35.421,1.02162,1.02166,5.03,2.50
2014.01.31 16:20:35.472,1.02161,1.02163,1.20,1.13
2014.01.31 16:20:35.523,1.02159,1.02161,2.18,2.88
2014.01.31 16:20:35.573,1.02158,1.0216,1.10,1.00
2014.01.31 16:20:35.725,1.02155,1.02159,6.08,1.00
2014.01.31 16:20:36.240,1.02156,1.0216,1.58,1.10
2014.01.31 16:20:38.313,1.02156,1.02159,1.58,1.00
2014.01.31 16:20:40.540,1.02156,1.02158,1.20,1.00
2014.01.31 16:20:41.045,1.02154,1.02157,3.38,1.00
2014.01.31 16:20:41.558,1.02154,1.02158,4.13,1.00
2014.01.31 16:20:42.546,1.02154,1.02157,3.38,1.00
2014.01.31 16:20:42.647,1.02154,1.02156,2.18,1.00
2014.01.31 16:20:42.749,1.02151,1.02155,4.88,1.00
2014.01.31 16:20:42.850,1.02154,1.02157,1.08,1.50
2014.01.31 16:20:42.901,1.02155,1.02159,1.10,1.58
2014.01.31 16:20:43.103,1.02155,1.02159,3.00,1.00
2014.01.31 16:20:43.612,1.02156,1.0216,1.58,1.00
2014.01.31 16:20:43.915,1.02159,1.02161,1.00,1.10
2014.01.31 16:20:44.854,1.02159,1.0216,1.00,1.00
2014.01.31 16:20:44.908,1.02156,1.0216,1.95,1.00
2014.01.31 16:20:45.847,1.02156,1.02159,1.20,1.00
2014.01.31 16:20:47.752,1.02156,1.02159,1.13,1.10
2014.01.31 16:20:48.263,1.02156,1.02158,1.13,1.00
2014.01.31 16:20:48.795,1.02156,1.02159,1.38,1.00
2014.01.31 16:20:49.554,1.02156,1.02159,1.13,1.00
2014.01.31 16:20:50.059,1.02156,1.02159,1.38,1.10
2014.01.31 16:20:50.362,1.02154,1.02157,1.45,1.00
2014.01.31 16:20:50.665,1.0215,1.02154,3.00,4.00
2014.01.31 16:20:50.817,1.02149,1.02151,1.50,1.00
2014.01.31 16:20:51.322,1.02149,1.02152,1.00,1.10
2014.01.31 16:20:57.811,1.02148,1.0215,1.10,2.50
2014.01.31 16:20:58.148,1.02144,1.02147,3.38,1.00
2014.01.31 16:20:58.821,1.02144,1.02148,4.13,1.00
2014.01.31 16:21:02.632,1.02145,1.02149,1.20,1.00
2014.01.31 16:21:03.959,1.02144,1.02148,4.13,1.00
2014.01.31 16:21:04.060,1.02147,1.02151,1.00,3.30
2014.01.31 16:21:07.868,1.02143,1.02148,1.50,3.00
2014.01.31 16:21:08.171,1.02136,1.02144,2.25,1.88
2014.01.31 16:21:08.272,1.02131,1.02136,2.25,1.00
2014.01.31 16:21:08.791,1.02132,1.02136,1.10,1.10
2014.01.31 16:21:08.892,1.02134,1.02137,1.00,1.08
2014.01.31 16:21:08.994,1.02135,1.02139,1.00,1.58
2014.01.31 16:21:09.416,1.02137,1.0214,1.00,2.93
2014.01.31 16:21:09.722,1.0214,1.02144,1.00,3.08
2014.01.31 16:21:09.824,1.02137,1.0214,1.50,2.25
2014.01.31 16:21:10.384,1.02137,1.0214,1.00,2.25
2014.01.31 16:21:10.485,1.02135,1.02139,1.00,1.95
2014.01.31 16:21:10.586,1.02135,1.02138,1.00,2.63
2014.01.31 16:21:11.118,1.02134,1.02138,1.00,3.38
2014.01.31 16:21:11.271,1.02134,1.02138,1.10,1.20
2014.01.31 16:21:11.574,1.02136,1.02139,1.00,2.70
2014.01.31 16:21:11.993,1.02137,1.0214,1.00,2.55
2014.01.31 16:21:12.095,1.02138,1.02142,1.10,5.18
2014.01.31 16:21:12.196,1.02139,1.02142,1.00,3.30
2014.01.31 16:21:12.958,1.0214,1.02143,1.00,1.08
2014.01.31 16:21:13.060,1.02141,1.02145,1.00,1.95
2014.01.31 16:21:13.111,1.0214,1.02144,1.10,1.95
2014.01.31 16:21:13.698,1.0214,1.02144,1.10,4.80
2014.01.31 16:21:14.204,1.02141,1.02144,1.00,3.68
2014.01.31 16:21:14.406,1.02143,1.02146,2.50,2.93
2014.01.31 16:21:14.558,1.02144,1.02148,1.10,4.54
2014.01.31 16:21:14.913,1.02147,1.0215,1.00,2.63
2014.01.31 16:21:15.064,1.02147,1.02151,1.10,1.95
2014.01.31 16:21:15.469,1.02146,1.02149,1.00,2.25
2014.01.31 16:21:15.798,1.02147,1.02151,1.00,1.20
2014.01.31 16:21:16.322,1.02147,1.02149,1.00,2.18
2014.01.31 16:21:17.225,1.02147,1.02149,1.00,2.18
2014.01.31 16:21:17.737,1.02145,1.02149,2.25,3.38
2014.01.31 16:21:17.923,1.02144,1.02145,1.00,2.55
2014.01.31 16:21:18.126,1.02144,1.02147,1.00,3.38
2014.01.31 16:21:18.277,1.02144,1.0215,2.50,9.94
2014.01.31 16:21:18.379,1.02147,1.02149,1.95,1.00
2014.01.31 16:21:18.430,1.02147,1.0215,1.58,1.00
2014.01.31 16:21:18.935,1.02147,1.02151,2.25,3.00
2014.01.31 16:21:20.232,1.02146,1.0215,1.00,1.80
2014.01.31 16:21:20.433,1.02149,1.02151,2.88,2.18
2014.01.31 16:21:20.586,1.02146,1.02149,1.00,1.95
2014.01.31 16:21:21.091,1.02145,1.02149,1.20,1.10
2014.01.31 16:21:23.378,1.02144,1.02147,1.00,2.48
2014.01.31 16:21:23.479,1.02143,1.02146,1.00,2.55
2014.01.31 16:21:23.530,1.02143,1.02144,1.00,2.18
2014.01.31 16:21:23.984,1.0214,1.02144,1.00,4.13
2014.01.31 16:21:24.537,1.02141,1.02144,1.00,3.38
2014.01.31 16:21:24.789,1.02141,1.02145,1.10,1.95
2014.01.31 16:21:25.143,1.02141,1.02145,1.10,2.70
2014.01.31 16:21:25.666,1.02141,1.02144,1.10,1.13
2014.01.31 16:21:26.184,1.02142,1.02145,1.00,1.48
2014.01.31 16:21:26.699,1.02142,1.02146,1.50,1.45
2014.01.31 16:21:29.681,1.0214,1.02144,1.95,1.00
2014.01.31 16:21:30.187,1.0214,1.02144,1.88,1.08
2014.01.31 16:21:30.899,1.02141,1.02145,1.50,3.38
2014.01.31 16:21:30.950,1.02142,1.02145,1.10,1.13
2014.01.31 16:21:31.303,1.0214,1.02143,3.75,1.00
2014.01.31 16:21:31.404,1.0214,1.02142,1.50,1.10
2014.01.31 16:21:31.556,1.02137,1.02141,2.33,1.00
2014.01.31 16:21:32.600,1.02138,1.02142,1.10,2.33
2014.01.31 16:21:32.751,1.02137,1.02141,1.00,1.45
2014.01.31 16:21:33.054,1.02133,1.02137,1.00,3.30
2014.01.31 16:21:33.516,1.02135,1.02137,1.13,1.08
2014.01.31 16:21:33.619,1.02135,1.02139,1.13,1.08
2014.01.31 16:21:33.872,1.02136,1.0214,1.10,1.95
2014.01.31 16:21:35.249,1.02136,1.0214,2.93,1.95
2014.01.31 16:21:35.300,1.02138,1.02143,4.00,2.25
2014.01.31 16:21:35.402,1.02141,1.02143,1.00,1.20
2014.01.31 16:21:35.908,1.02141,1.02143,1.00,1.20
2014.01.31 16:21:36.228,1.02139,1.02142,1.00,1.10
2014.01.31 16:21:40.946,1.02139,1.02141,1.00,1.00
2014.01.31 16:21:43.351,1.0214,1.02144,1.00,2.63
2014.01.31 16:21:43.552,1.02143,1.02147,1.10,1.95
2014.01.31 16:21:43.704,1.02145,1.02147,1.50,1.48
2014.01.31 16:21:43.755,1.02145,1.02148,1.58,1.13
2014.01.31 16:21:44.261,1.02146,1.0215,1.00,1.45
2014.01.31 16:21:44.766,1.02147,1.0215,1.00,1.45
2014.01.31 16:21:45.306,1.02146,1.0215,1.00,1.20
2014.01.31 16:21:46.220,1.02147,1.0215,1.00,1.08
2014.01.31 16:21:47.654,1.02148,1.0215,1.00,1.08
2014.01.31 16:21:49.674,1.02148,1.0215,1.00,1.00
2014.01.31 16:21:52.688,1.02147,1.0215,1.58,1.00
2014.01.31 16:21:53.205,1.02147,1.02151,2.33,1.10
2014.01.31 16:21:53.961,1.02147,1.02151,4.50,1.00
2014.01.31 16:21:54.280,1.02146,1.02149,1.00,2.48
2014.01.31 16:21:54.381,1.02144,1.02147,4.50,5.85
2014.01.31 16:21:54.432,1.02141,1.02145,9.45,1.20
2014.01.31 16:21:54.936,1.02141,1.02144,1.58,1.13
2014.01.31 16:21:55.316,1.02141,1.02144,1.58,1.38
2014.01.31 16:21:55.418,1.02141,1.02144,2.33,1.00
2014.01.31 16:21:56.083,1.02141,1.02144,2.33,1.38
2014.01.31 16:21:58.158,1.0214,1.02144,3.46,1.38
2014.01.31 16:21:58.259,1.0214,1.02144,2.33,1.13
2014.01.31 16:21:58.461,1.0214,1.02142,1.58,1.00
2014.01.31 16:21:58.963,1.0214,1.02141,1.50,1.00
2014.01.31 16:21:59.266,1.02134,1.02137,2.64,1.13
2014.01.31 16:21:59.418,1.02132,1.02134,2.33,1.00
2014.01.31 16:21:59.519,1.02132,1.02135,5.25,1.00
2014.01.31 16:21:59.570,1.02133,1.02137,1.08,1.00
2014.01.31 16:22:00.074,1.02132,1.02136,1.10,1.10
2014.01.31 16:22:00.478,1.02133,1.02136,2.25,1.00
2014.01.31 16:22:00.579,1.02135,1.02139,1.10,2.70
2014.01.31 16:22:01.538,1.02135,1.02137,1.10,1.00
2014.01.31 16:22:01.841,1.02132,1.02134,1.08,1.00
2014.01.31 16:22:02.906,1.02132,1.02134,1.00,1.00
2014.01.31 16:22:03.437,1.02131,1.02134,1.10,1.00
2014.01.31 16:22:03.691,1.02133,1.02137,1.10,1.10
2014.01.31 16:22:03.893,1.02133,1.02136,1.00,1.08
2014.01.31 16:22:04.147,1.0213,1.02134,1.58,1.50
2014.01.31 16:22:04.664,1.0213,1.02134,1.00,1.08
2014.01.31 16:22:05.328,1.0213,1.02134,2.26,1.08
2014.01.31 16:22:05.884,1.0213,1.02134,3.84,1.00
2014.01.31 16:22:06.406,1.02131,1.02135,1.59,1.10
2014.01.31 16:22:06.912,1.02131,1.02135,1.10,1.20
2014.01.31 16:22:07.013,1.0213,1.02132,1.13,1.00
2014.01.31 16:22:07.115,1.02128,1.0213,1.00,2.56
2014.01.31 16:22:07.216,1.02126,1.02128,1.10,1.00
2014.01.31 16:22:07.720,1.02126,1.02129,1.10,1.50
2014.01.31 16:22:09.336,1.02125,1.02129,1.00,4.35
2014.01.31 16:22:09.438,1.02123,1.02127,2.33,1.48
2014.01.31 16:22:09.539,1.02124,1.02127,1.00,2.25
2014.01.31 16:22:09.640,1.02127,1.02128,1.00,1.00
2014.01.31 16:22:09.742,1.02128,1.02131,1.00,1.10
2014.01.31 16:22:18.951,1.02127,1.02131,1.10,1.20
2014.01.31 16:22:20.012,1.02126,1.02128,1.14,3.23
2014.01.31 16:22:20.214,1.02123,1.02124,2.25,2.18
2014.01.31 16:22:20.265,1.02121,1.02124,1.14,2.18
2014.01.31 16:22:22.195,1.0212,1.02124,1.10,1.20
2014.01.31 16:22:22.548,1.0212,1.02122,1.10,1.00
2014.01.31 16:22:22.649,1.02118,1.02121,1.50,1.10
2014.01.31 16:22:22.751,1.02118,1.02121,1.50,3.00
2014.01.31 16:22:23.217,1.02118,1.02121,1.50,1.10
2014.01.31 16:22:24.080,1.02119,1.02121,2.26,1.10
2014.01.31 16:22:24.329,1.02119,1.02123,3.09,1.10
2014.01.31 16:22:26.404,1.02118,1.02122,1.95,1.00
2014.01.31 16:22:26.505,1.02116,1.0212,2.34,1.00
2014.01.31 16:22:28.147,1.02118,1.0212,1.00,1.00
2014.01.31 16:22:28.285,1.02119,1.02122,1.58,1.00
2014.01.31 16:22:28.947,1.02117,1.0212,1.48,1.00
2014.01.31 16:22:29.451,1.02116,1.0212,2.70,1.00
2014.01.31 16:22:34.837,1.02116,1.0212,1.95,1.10
2014.01.31 16:22:36.444,1.02117,1.0212,2.25,1.00
2014.01.31 16:22:37.508,1.02116,1.0212,1.95,1.10
2014.01.31 16:22:38.893,1.02117,1.02121,1.00,1.20
2014.01.31 16:22:42.185,1.02118,1.02122,1.13,3.00
2014.01.31 16:22:42.286,1.02119,1.02123,1.00,1.95
2014.01.31 16:22:42.387,1.02121,1.02124,1.50,2.70
2014.01.31 16:22:42.690,1.02123,1.02127,3.38,1.00
2014.01.31 16:22:42.892,1.02125,1.02128,1.20,1.00
2014.01.31 16:22:43.098,1.02127,1.02131,1.00,3.30
2014.01.31 16:22:43.250,1.02127,1.02131,3.00,3.23
2014.01.31 16:22:44.121,1.02127,1.02131,1.10,3.30
2014.01.31 16:22:44.474,1.02129,1.02131,1.50,1.58
2014.01.31 16:22:44.777,1.02135,1.02139,2.25,1.00
2014.01.31 16:22:44.979,1.02137,1.02143,1.10,6.98
2014.01.31 16:22:45.483,1.02138,1.02142,1.00,6.68
2014.01.31 16:22:45.987,1.02138,1.02141,1.00,1.43
2014.01.31 16:22:46.245,1.02137,1.02139,1.10,1.00
2014.01.31 16:22:46.785,1.02137,1.0214,1.10,1.88
2014.01.31 16:22:47.643,1.02135,1.02137,1.10,1.00
2014.01.31 16:22:47.745,1.02132,1.02136,1.58,1.10
2014.01.31 16:22:47.846,1.02131,1.02134,1.58,1.00
2014.01.31 16:22:48.365,1.02131,1.02135,1.50,1.45
2014.01.31 16:22:48.878,1.02131,1.02135,1.58,1.38
2014.01.31 16:22:49.127,1.02129,1.02133,1.95,1.10
2014.01.31 16:22:49.228,1.02129,1.02131,1.10,1.35
2014.01.31 16:22:49.430,1.02129,1.02133,1.58,1.58
2014.01.31 16:22:49.884,1.0213,1.02134,1.08,1.50
2014.01.31 16:22:50.455,1.02133,1.02135,1.00,1.10
2014.01.31 16:22:50.657,1.02135,1.02139,1.95,1.50
2014.01.31 16:22:51.322,1.02137,1.02139,1.00,1.00
2014.01.31 16:22:51.373,1.02138,1.02141,1.50,2.18
2014.01.31 16:22:51.753,1.0214,1.02144,1.00,1.95
2014.01.31 16:22:52.258,1.02141,1.02145,1.00,3.38
2014.01.31 16:22:53.438,1.02141,1.02145,1.10,1.48
2014.01.31 16:22:53.961,1.02141,1.02145,1.58,1.48
2014.01.31 16:22:54.466,1.02141,1.02145,1.10,1.48
2014.01.31 16:22:54.769,1.02144,1.02148,2.50,5.63
2014.01.31 16:22:54.871,1.02146,1.02148,2.50,1.20
2014.01.31 16:22:54.972,1.02148,1.02154,3.38,1.20
2014.01.31 16:22:55.023,1.02148,1.02154,3.00,1.48
2014.01.31 16:22:55.124,1.02149,1.02153,1.08,4.50
2014.01.31 16:22:55.276,1.02149,1.02153,1.00,3.00
2014.01.31 16:22:57.422,1.02149,1.02153,1.00,3.38
2014.01.31 16:22:57.999,1.02149,1.02153,1.00,3.38
2014.01.31 16:22:58.309,1.02147,1.02151,1.10,1.95
2014.01.31 16:22:58.562,1.02144,1.02147,2.25,1.05
2014.01.31 16:22:58.714,1.0214,1.02144,6.38,4.03
2014.01.31 16:22:59.017,1.02139,1.02142,1.50,3.00
2014.01.31 16:22:59.522,1.02139,1.02142,1.00,3.00
2014.01.31 16:23:00.559,1.02139,1.02142,1.00,1.10
2014.01.31 16:23:02.611,1.02139,1.02141,1.00,1.00
2014.01.31 16:23:02.662,1.02137,1.0214,1.50,2.10
2014.01.31 16:23:02.763,1.02135,1.02138,1.00,3.38
2014.01.31 16:23:02.966,1.02137,1.0214,1.00,3.00
2014.01.31 16:23:03.067,1.02136,1.0214,1.80,1.10
2014.01.31 16:23:03.118,1.02138,1.02141,1.50,1.08
2014.01.31 16:23:03.421,1.0214,1.02144,1.00,3.00
2014.01.31 16:23:03.623,1.02141,1.02145,1.10,1.10
2014.01.31 16:23:04.284,1.02141,1.02145,1.00,3.38
2014.01.31 16:23:04.618,1.02142,1.02146,1.00,1.08
2014.01.31 16:23:05.156,1.02143,1.02147,1.00,3.38
2014.01.31 16:23:05.258,1.02142,1.02146,1.00,4.95
2014.01.31 16:23:06.073,1.02141,1.02145,1.58,1.48
2014.01.31 16:23:06.958,1.02144,1.02145,1.00,2.18
2014.01.31 16:23:07.009,1.02144,1.02147,1.50,1.10
2014.01.31 16:23:07.261,1.02146,1.0215,1.00,1.95
2014.01.31 16:23:07.564,1.02149,1.02152,1.00,1.58
2014.01.31 16:23:07.868,1.0215,1.02154,1.08,1.00
2014.01.31 16:23:09.588,1.0215,1.02154,1.00,1.08
2014.01.31 16:23:10.106,1.02148,1.02151,1.50,2.25
2014.01.31 16:23:10.408,1.0215,1.02153,1.50,3.38
2014.01.31 16:23:10.812,1.02149,1.02152,1.00,1.08
2014.01.31 16:23:11.589,1.02151,1.02153,1.00,3.30
2014.01.31 16:23:13.206,1.02149,1.02153,1.50,3.00
2014.01.31 16:23:13.878,1.02148,1.02152,1.00,2.70
2014.01.31 16:23:14.081,1.02147,1.02152,1.00,6.23
2014.01.31 16:23:15.315,1.02149,1.02152,1.00,1.08
2014.01.31 16:23:15.821,1.02148,1.02152,1.50,1.45
2014.01.31 16:23:18.241,1.02148,1.02152,1.00,1.45
2014.01.31 16:23:18.545,1.02145,1.02148,2.93,2.13
2014.01.31 16:23:18.697,1.02145,1.02148,1.10,1.13
2014.01.31 16:23:19.320,1.02145,1.02148,1.10,1.50
2014.01.31 16:23:22.557,1.02144,1.02148,1.00,1.00
2014.01.31 16:23:22.861,1.02139,1.02144,2.93,2.50
2014.01.31 16:23:22.912,1.02139,1.02144,1.00,5.13
2014.01.31 16:23:23.971,1.02138,1.02144,1.20,5.13
2014.01.31 16:23:24.887,1.02138,1.02142,1.00,6.23
2014.01.31 16:23:24.938,1.02136,1.02139,1.10,3.10
2014.01.31 16:23:25.191,1.02133,1.02138,1.95,2.20
2014.01.31 16:23:25.696,1.02137,1.02138,1.00,1.00
2014.01.31 16:23:25.797,1.02137,1.02139,1.10,1.00
2014.01.31 16:23:25.898,1.02138,1.0214,1.00,1.00
2014.01.31 16:23:26.050,1.02137,1.0214,1.20,1.00
2014.01.31 16:23:28.778,1.02136,1.0214,1.45,1.00
2014.01.31 16:23:31.986,1.02139,1.0214,1.00,1.00
2014.01.31 16:23:32.139,1.02139,1.02143,1.58,1.48
2014.01.31 16:23:32.241,1.02141,1.02143,1.00,1.48
2014.01.31 16:23:32.762,1.02141,1.02143,1.00,1.20
2014.01.31 16:23:32.913,1.02141,1.02145,2.33,1.20
2014.01.31 16:23:32.964,1.02143,1.02147,1.00,4.73
2014.01.31 16:23:33.014,1.02143,1.02147,1.20,1.43
2014.01.31 16:23:33.368,1.02143,1.02147,1.10,2.05
2014.01.31 16:23:33.671,1.02141,1.02145,1.00,4.03
2014.01.31 16:23:33.772,1.02139,1.02145,2.33,4.03
2014.01.31 16:23:34.285,1.02139,1.02145,1.10,5.88
2014.01.31 16:23:34.831,1.02139,1.02145,1.21,5.90
2014.01.31 16:23:35.436,1.02141,1.02145,1.89,3.26
2014.01.31 16:23:35.537,1.02143,1.02147,1.10,2.70
2014.01.31 16:23:35.638,1.02144,1.02147,1.08,1.13
2014.01.31 16:23:36.143,1.02145,1.02149,1.10,2.70
2014.01.31 16:23:36.727,1.02145,1.02149,1.00,8.48
2014.01.31 16:23:36.778,1.02143,1.02148,1.10,3.73
2014.01.31 16:23:36.929,1.02143,1.02148,1.00,6.23
2014.01.31 16:23:37.031,1.02143,1.02148,1.10,3.73
2014.01.31 16:23:37.265,1.02145,1.02149,1.00,4.50
2014.01.31 16:23:37.368,1.02145,1.02149,1.10,1.10
2014.01.31 16:23:37.469,1.02143,1.02149,2.71,4.03
2014.01.31 16:23:37.772,1.02141,1.02146,1.10,4.10
2014.01.31 16:23:38.277,1.02141,1.02145,1.10,2.58
2014.01.31 16:23:38.782,1.0214,1.02145,1.00,5.63
2014.01.31 16:23:39.482,1.02138,1.02144,2.34,2.58
2014.01.31 16:23:53.181,1.02142,1.02144,1.13,1.08
2014.01.31 16:23:53.232,1.02143,1.02147,1.50,2.55
2014.01.31 16:23:53.434,1.02147,1.0215,1.00,1.20
2014.01.31 16:23:53.939,1.02148,1.02151,1.10,2.25
2014.01.31 16:23:54.444,1.02149,1.02153,1.00,1.08
2014.01.31 16:23:55.755,1.02149,1.02153,3.00,1.00
2014.01.31 16:23:57.305,1.0215,1.02154,1.20,1.00
2014.01.31 16:23:57.845,1.0215,1.02154,1.88,1.08
2014.01.31 16:23:58.148,1.02154,1.02158,3.75,1.00
2014.01.31 16:23:58.350,1.02156,1.02161,10.61,7.50
2014.01.31 16:23:58.653,1.0216,1.02164,1.10,1.10
2014.01.31 16:23:59.985,1.02159,1.02163,1.50,1.08
2014.01.31 16:24:00.395,1.02161,1.02165,1.95,1.00
2014.01.31 16:24:00.698,1.02164,1.02166,1.00,1.10
2014.01.31 16:24:00.900,1.02162,1.02166,1.20,1.58
2014.01.31 16:24:01.405,1.02161,1.02165,1.08,1.13
2014.01.31 16:24:01.909,1.0216,1.02163,2.25,1.00
2014.01.31 16:24:01.960,1.02159,1.02163,1.50,1.08
2014.01.31 16:24:02.381,1.02161,1.02164,1.00,2.93
2014.01.31 16:24:02.685,1.02164,1.02168,5.88,2.25
2014.01.31 16:24:02.735,1.02165,1.02169,1.38,2.33
2014.01.31 16:24:04.187,1.02163,1.02168,1.20,3.45
2014.01.31 16:24:04.238,1.02162,1.02166,7.73,1.00
2014.01.31 16:24:04.524,1.02161,1.02164,1.12,1.00
2014.01.31 16:24:04.625,1.02161,1.02163,1.12,1.00
2014.01.31 16:24:04.828,1.02158,1.02161,1.14,1.08
2014.01.31 16:24:05.615,1.02157,1.02161,3.01,1.08
2014.01.31 16:24:06.120,1.02157,1.02161,3.01,1.08
2014.01.31 16:24:10.623,1.02158,1.02162,1.21,1.00
2014.01.31 16:24:11.139,1.02159,1.02162,1.49,1.00
2014.01.31 16:24:11.878,1.0216,1.02164,1.14,1.08
2014.01.31 16:24:18.397,1.02159,1.02162,1.96,1.00
2014.01.31 16:24:18.599,1.02154,1.02157,1.10,1.88
2014.01.31 16:24:18.852,1.02156,1.02158,1.10,1.50
2014.01.31 16:24:18.903,1.02156,1.0216,1.10,1.95
2014.01.31 16:24:19.004,1.02158,1.02161,1.39,1.00
2014.01.31 16:24:19.105,1.02159,1.02162,1.39,1.58
2014.01.31 16:24:20.638,1.02161,1.02164,1.51,2.18
2014.01.31 16:24:20.791,1.02164,1.02166,1.51,1.10
2014.01.31 16:24:21.971,1.02161,1.02164,1.20,1.08
2014.01.31 16:24:22.525,1.02161,1.02165,1.96,1.20
2014.01.31 16:24:24.687,1.02161,1.02165,1.60,1.20
2014.01.31 16:24:25.549,1.02164,1.02167,1.38,2.93
2014.01.31 16:24:25.599,1.02164,1.02168,1.45,1.00
2014.01.31 16:24:25.650,1.02167,1.02169,1.00,1.10
2014.01.31 16:24:25.802,1.02168,1.02172,1.00,1.58
2014.01.31 16:24:26.325,1.02168,1.02172,1.08,1.00
2014.01.31 16:24:26.830,1.02169,1.02173,1.10,1.20
2014.01.31 16:24:27.334,1.02168,1.02172,1.08,1.00
2014.01.31 16:24:28.191,1.02169,1.02173,1.10,1.58
2014.01.31 16:24:28.242,1.0217,1.02175,2.25,5.18
2014.01.31 16:24:28.495,1.02178,1.02182,1.13,3.00
2014.01.31 16:24:28.748,1.02176,1.02179,1.50,2.25
2014.01.31 16:24:28.950,1.02175,1.02178,1.00,1.08
2014.01.31 16:24:29.001,1.02173,1.02177,1.13,1.10
2014.01.31 16:24:29.415,1.02175,1.02177,1.03,1.10
2014.01.31 16:24:29.948,1.02176,1.02179,1.00,2.25
2014.01.31 16:24:30.201,1.02173,1.02177,1.22,1.10
2014.01.31 16:24:30.302,1.02173,1.02177,1.15,3.00
2014.01.31 16:24:30.819,1.02171,1.02174,1.97,1.00
2014.01.31 16:24:31.122,1.02171,1.02174,1.10,1.00
2014.01.31 16:24:32.695,1.02171,1.02173,1.00,1.58
2014.01.31 16:24:34.245,1.02171,1.02172,1.10,1.00
2014.01.31 16:24:34.932,1.02169,1.02172,1.59,1.00
2014.01.31 16:24:35.437,1.0217,1.02172,1.02,1.00
2014.01.31 16:24:35.987,1.02167,1.0217,3.39,1.00
2014.01.31 16:24:36.526,1.02167,1.0217,3.39,1.00
2014.01.31 16:24:37.662,1.02167,1.02171,4.14,1.50
2014.01.31 16:24:38.166,1.02168,1.02172,1.21,1.50
2014.01.31 16:24:38.697,1.02169,1.02173,1.10,1.58
2014.01.31 16:24:39.107,1.02169,1.02171,1.10,1.00
2014.01.31 16:24:39.611,1.02168,1.02171,1.00,1.20
2014.01.31 16:24:39.933,1.02169,1.02171,1.39,1.20
2014.01.31 16:24:40.279,1.02177,1.0218,1.00,1.88
2014.01.31 16:24:40.784,1.02177,1.02182,1.00,3.30
2014.01.31 16:24:42.237,1.02178,1.02181,1.00,1.10
2014.01.31 16:24:44.325,1.02178,1.02179,1.00,1.00
2014.01.31 16:24:44.628,1.02175,1.02178,1.00,2.25
2014.01.31 16:24:45.135,1.02175,1.02177,1.00,1.58
2014.01.31 16:24:46.201,1.02175,1.02178,1.00,1.20
2014.01.31 16:24:46.555,1.02175,1.02178,1.13,3.00
2014.01.31 16:24:46.707,1.02173,1.02177,1.00,3.00
2014.01.31 16:24:47.119,1.02171,1.02175,7.89,2.25
2014.01.31 16:24:47.372,1.02169,1.02173,1.88,4.50
2014.01.31 16:24:47.473,1.02168,1.02172,1.50,1.08
2014.01.31 16:24:48.410,1.02169,1.02173,1.10,1.10
2014.01.31 16:24:48.613,1.02171,1.02175,1.00,3.00
2014.01.31 16:24:48.993,1.02173,1.02175,1.38,2.18
2014.01.31 16:24:49.095,1.02175,1.02178,1.50,1.10
2014.01.31 16:24:49.600,1.02173,1.02177,1.20,1.10
2014.01.31 16:24:50.293,1.02174,1.02178,3.38,1.00
2014.01.31 16:24:50.395,1.02177,1.0218,1.00,1.58
2014.01.31 16:24:50.748,1.02178,1.02182,1.08,2.10
2014.01.31 16:24:52.116,1.02178,1.02181,1.08,1.00
2014.01.31 16:24:53.548,1.02178,1.02181,1.13,1.10
2014.01.31 16:24:53.858,1.02177,1.02179,1.13,2.23
2014.01.31 16:24:53.909,1.02174,1.02177,1.10,1.00
2014.01.31 16:24:54.135,1.02175,1.02178,1.13,1.58
2014.01.31 16:24:54.439,1.02174,1.02176,1.00,1.00
2014.01.31 16:24:54.985,1.02173,1.02175,3.75,1.08
2014.01.31 16:24:55.086,1.02171,1.02175,6.00,1.08
2014.01.31 16:24:55.388,1.02174,1.02175,1.00,1.00
2014.01.31 16:24:55.439,1.02175,1.02178,1.13,3.75
2014.01.31 16:24:55.540,1.02175,1.02179,1.20,1.10
2014.01.31 16:24:55.742,1.02174,1.02177,1.58,1.13
2014.01.31 16:24:55.843,1.02173,1.02177,1.10,1.20
2014.01.31 16:24:55.894,1.02173,1.02177,1.00,3.38
2014.01.31 16:24:56.401,1.02172,1.02176,1.50,1.08
2014.01.31 16:24:56.704,1.02174,1.02178,1.10,1.58
2014.01.31 16:24:57.057,1.02172,1.02174,2.93,1.50
2014.01.31 16:24:57.108,1.02172,1.02173,1.00,1.95
2014.01.31 16:24:57.360,1.02169,1.02173,1.10,3.83
2014.01.31 16:24:57.865,1.0217,1.02174,1.00,3.68
2014.01.31 16:25:02.079,1.02169,1.02173,1.10,1.10
2014.01.31 16:25:03.438,1.02169,1.02171,1.10,1.00
2014.01.31 16:25:04.003,1.02167,1.0217,3.38,1.00
2014.01.31 16:25:04.406,1.02166,1.02169,3.75,1.00
2014.01.31 16:25:04.458,1.02166,1.02168,4.20,1.00
2014.01.31 16:25:04.711,1.02164,1.02166,3.75,1.00
2014.01.31 16:25:04.913,1.02162,1.02165,2.25,1.00
2014.01.31 16:25:04.964,1.02162,1.02164,1.50,1.00
2014.01.31 16:25:07.692,1.02162,1.02164,1.00,1.00
2014.01.31 16:25:07.844,1.02164,1.02167,1.00,2.63
2014.01.31 16:25:07.945,1.02165,1.02168,1.00,1.58
2014.01.31 16:25:08.456,1.02167,1.0217,1.00,1.10
2014.01.31 16:25:08.708,1.02168,1.02172,1.10,2.18
2014.01.31 16:25:09.840,1.02168,1.02172,1.00,4.35
2014.01.31 16:25:10.256,1.02164,1.02168,5.33,1.00
2014.01.31 16:25:10.307,1.02164,1.02167,1.10,1.00
2014.01.31 16:25:10.660,1.02164,1.02167,1.48,1.00
2014.01.31 16:25:10.970,1.02164,1.02167,1.10,1.00
2014.01.31 16:25:11.021,1.02162,1.02166,2.93,1.00
2014.01.31 16:25:11.172,1.02161,1.02163,1.50,1.00
2014.01.31 16:25:11.696,1.0216,1.02164,1.58,1.10
2014.01.31 16:25:12.371,1.02159,1.02163,1.58,1.00
2014.01.31 16:25:14.664,1.02158,1.02162,3.00,1.00
2014.01.31 16:25:14.816,1.02158,1.02162,1.13,1.08
2014.01.31 16:25:15.330,1.02157,1.02161,1.95,1.10
2014.01.31 16:25:21.681,1.02156,1.02159,1.45,1.00
2014.01.31 16:25:21.984,1.02152,1.02155,1.30,1.10
2014.01.31 16:25:22.287,1.02154,1.02157,1.48,1.50
2014.01.31 16:25:22.741,1.02155,1.02159,1.20,1.00
2014.01.31 16:25:23.827,1.02154,1.02157,3.38,1.00
2014.01.31 16:25:24.029,1.02152,1.02156,1.95,1.00
2014.01.31 16:25:24.474,1.02154,1.02156,1.38,1.00
2014.01.31 16:25:24.979,1.02154,1.02156,1.00,1.00
2014.01.31 16:25:26.146,1.02151,1.02154,3.75,1.88
2014.01.31 16:25:26.449,1.0215,1.02153,1.58,1.00
2014.01.31 16:25:26.500,1.02149,1.02152,1.08,1.00
2014.01.31 16:25:26.550,1.02148,1.02151,2.93,1.00
2014.01.31 16:25:26.651,1.02147,1.0215,1.08,1.00
2014.01.31 16:25:27.159,1.02147,1.02149,1.00,1.00
2014.01.31 16:25:27.682,1.02147,1.02149,1.13,1.00
2014.01.31 16:25:28.191,1.02147,1.02149,1.20,1.00
2014.01.31 16:25:28.933,1.02147,1.0215,1.20,1.50
2014.01.31 16:25:29.653,1.02147,1.02151,1.95,1.00
2014.01.31 16:25:30.158,1.02149,1.02153,1.00,1.45
2014.01.31 16:25:30.707,1.0215,1.02154,1.00,4.13
2014.01.31 16:25:31.882,1.02149,1.02154,1.00,4.13
2014.01.31 16:25:31.983,1.02147,1.0215,1.00,1.95
2014.01.31 16:25:32.236,1.02145,1.02149,1.10,4.20
2014.01.31 16:25:32.589,1.02144,1.02145,1.00,1.50
2014.01.31 16:25:32.690,1.02144,1.02148,1.00,1.43
2014.01.31 16:25:32.792,1.02145,1.02149,1.00,3.83
2014.01.31 16:25:33.600,1.02147,1.02149,1.10,1.00
2014.01.31 16:25:34.143,1.02146,1.02149,1.10,1.88
2014.01.31 16:25:36.995,1.02146,1.02148,1.10,1.00
2014.01.31 16:25:37.520,1.02146,1.02149,1.10,1.88
2014.01.31 16:25:41.340,1.02146,1.0215,1.10,1.80
2014.01.31 16:25:41.856,1.02146,1.0215,1.00,3.38
2014.01.31 16:25:48.254,1.02146,1.0215,1.00,3.30
2014.01.31 16:25:48.457,1.02148,1.0215,1.00,2.55
2014.01.31 16:25:48.760,1.02155,1.02157,1.00,1.00
2014.01.31 16:25:49.264,1.02154,1.02156,1.00,1.00
2014.01.31 16:25:49.517,1.02156,1.02159,1.00,1.10
2014.01.31 16:25:50.028,1.02157,1.02159,1.00,1.10
2014.01.31 16:25:51.330,1.02158,1.02161,1.00,2.33
2014.01.31 16:25:52.074,1.02159,1.02161,1.00,1.20
2014.01.31 16:25:52.876,1.02158,1.02161,1.00,1.20
2014.01.31 16:25:58.610,1.02159,1.02161,1.00,1.10
2014.01.31 16:25:59.712,1.02158,1.02161,1.00,1.10
2014.01.31 16:26:00.625,1.0216,1.02163,1.00,4.50
2014.01.31 16:26:00.777,1.02161,1.02163,1.00,1.50
2014.01.31 16:26:01.304,1.02161,1.02165,1.00,1.08
2014.01.31 16:26:03.407,1.02162,1.02166,1.00,4.50
2014.01.31 16:26:03.458,1.02162,1.02166,1.48,2.33
2014.01.31 16:26:03.660,1.02166,1.02169,1.00,1.10
2014.01.31 16:26:04.153,1.02167,1.02171,1.10,1.95
2014.01.31 16:26:05.220,1.02167,1.02168,1.00,1.50
2014.01.31 16:26:05.321,1.02163,1.02167,4.88,1.00
2014.01.31 16:26:05.624,1.02165,1.02169,1.10,1.10
2014.01.31 16:26:06.128,1.02166,1.0217,1.00,1.20
2014.01.31 16:26:08.364,1.02166,1.0217,1.20,1.00
2014.01.31 16:26:10.173,1.02165,1.0217,3.38,2.13
2014.01.31 16:26:10.443,1.02165,1.0217,1.10,1.10
2014.01.31 16:26:10.645,1.02166,1.0217,1.20,1.00
2014.01.31 16:26:12.684,1.02167,1.02171,1.10,1.95
2014.01.31 16:26:15.935,1.02167,1.0217,1.10,2.10
2014.01.31 16:26:16.562,1.02167,1.02171,1.10,1.95
2014.01.31 16:26:18.995,1.02167,1.02171,1.00,3.75
2014.01.31 16:26:22.936,1.02167,1.02171,1.95,1.00
2014.01.31 16:26:23.452,1.02169,1.02173,1.00,1.08
2014.01.31 16:26:24.508,1.02172,1.02174,1.00,5.03
2014.01.31 16:26:24.760,1.02174,1.02178,1.20,1.10
2014.01.31 16:26:24.862,1.02174,1.02178,4.13,1.00
2014.01.31 16:26:26.438,1.02176,1.02179,1.10,1.00
2014.01.31 16:26:26.999,1.02176,1.02179,1.48,1.00
2014.01.31 16:26:27.517,1.02176,1.0218,1.95,1.10
2014.01.31 16:26:28.044,1.02176,1.0218,1.59,1.10
2014.01.31 16:26:28.550,1.02176,1.02179,1.12,1.00
2014.01.31 16:26:30.208,1.02178,1.02182,2.52,2.18
2014.01.31 16:26:30.359,1.02181,1.02184,1.02,1.20
2014.01.31 16:26:30.461,1.02183,1.02185,1.50,2.55
2014.01.31 16:26:30.562,1.02184,1.02188,1.95,1.58
2014.01.31 16:26:30.865,1.02182,1.02185,2.25,1.00
2014.01.31 16:26:30.915,1.02181,1.02185,1.21,1.00
2014.01.31 16:26:32.593,1.02181,1.02185,1.21,1.38
2014.01.31 16:26:32.745,1.02179,1.02182,1.10,1.00
2014.01.31 16:26:33.199,1.0218,1.02185,2.25,2.93
2014.01.31 16:26:33.250,1.02184,1.02187,3.18,1.00
2014.01.31 16:26:33.351,1.02187,1.02188,2.18,1.00
2014.01.31 16:26:33.503,1.02187,1.02191,2.93,1.13
2014.01.31 16:26:33.705,1.02188,1.02191,1.39,1.00
2014.01.31 16:26:34.206,1.02188,1.02192,2.26,1.00
2014.01.31 16:26:34.711,1.02189,1.02193,1.51,1.10
2014.01.31 16:26:35.770,1.0219,1.02194,1.20,1.00
2014.01.31 16:26:38.168,1.0219,1.02194,1.00,1.08
2014.01.31 16:26:39.870,1.02193,1.02194,1.00,1.00
2014.01.31 16:26:40.173,1.02194,1.02198,3.00,1.73
2014.01.31 16:26:40.325,1.02193,1.02198,1.08,2.20
2014.01.31 16:26:40.627,1.02195,1.02198,2.25,1.00
2014.01.31 16:26:41.993,1.02194,1.02198,1.58,1.00
2014.01.31 16:26:42.313,1.02193,1.02198,1.58,2.83
2014.01.31 16:26:42.515,1.02193,1.02198,1.10,2.83
2014.01.31 16:26:43.172,1.02192,1.02197,1.08,2.56
2014.01.31 16:26:43.223,1.02191,1.02196,3.01,2.13
2014.01.31 16:26:43.324,1.0219,1.02196,4.21,1.38
2014.01.31 16:26:43.856,1.0219,1.02196,4.59,2.20
2014.01.31 16:26:44.440,1.0219,1.02196,3.46,1.13
2014.01.31 16:26:45.566,1.02191,1.02196,1.49,1.38
2014.01.31 16:26:47.515,1.02192,1.02195,1.14,1.10
2014.01.31 16:26:48.020,1.02193,1.02197,1.00,3.00
2014.01.31 16:26:48.071,1.02192,1.02197,1.14,3.38
2014.01.31 16:26:49.723,1.02191,1.02194,1.00,2.63
2014.01.31 16:26:49.875,1.0219,1.02194,1.00,3.38
2014.01.31 16:26:49.926,1.02189,1.02193,1.50,1.05
2014.01.31 16:26:50.279,1.02189,1.02193,1.00,1.80
2014.01.31 16:26:52.435,1.02188,1.02192,1.58,1.20
2014.01.31 16:26:52.536,1.02185,1.02188,1.00,2.63
2014.01.31 16:26:52.739,1.0218,1.02184,1.10,1.20
2014.01.31 16:26:52.840,1.0218,1.02184,1.10,1.20
2014.01.31 16:26:53.345,1.02179,1.02183,2.34,1.00
2014.01.31 16:26:53.496,1.02179,1.02181,1.20,1.00
2014.01.31 16:26:53.648,1.02178,1.02181,1.00,1.20
2014.01.31 16:26:54.152,1.02175,1.02179,3.38,1.00
2014.01.31 16:26:57.287,1.02177,1.0218,3.83,1.00
2014.01.31 16:26:58.081,1.02177,1.02181,4.95,1.10
2014.01.31 16:26:58.385,1.02185,1.02188,1.00,1.58
2014.01.31 16:26:58.889,1.02186,1.02188,1.00,1.50
2014.01.31 16:26:59.427,1.02186,1.02189,1.00,1.20
2014.01.31 16:27:00.071,1.02187,1.0219,1.08,1.13
2014.01.31 16:27:01.032,1.02187,1.02191,1.08,1.13
2014.01.31 16:27:01.581,1.02187,1.02191,1.08,2.48
2014.01.31 16:27:03.422,1.02186,1.02191,1.10,3.30
2014.01.31 16:27:06.346,1.02186,1.02191,1.48,2.60
2014.01.31 16:27:08.443,1.02186,1.02191,1.21,1.10
2014.01.31 16:27:10.006,1.02187,1.02191,1.89,2.45
2014.01.31 16:27:10.058,1.02188,1.02192,1.59,1.10
2014.01.31 16:27:10.159,1.02189,1.02192,2.48,1.10
2014.01.31 16:27:10.260,1.02194,1.02197,1.00,1.10
2014.01.31 16:27:10.361,1.02195,1.02199,1.10,3.08
2014.01.31 16:27:11.530,1.02195,1.02199,1.10,1.95
2014.01.31 16:27:12.039,1.02196,1.022,1.13,1.58
2014.01.31 16:27:12.241,1.022,1.02203,1.00,4.13
2014.01.31 16:27:12.393,1.022,1.02203,1.00,1.95
2014.01.31 16:27:13.238,1.02201,1.02205,1.00,3.38
2014.01.31 16:27:13.540,1.02204,1.02205,1.00,2.55
2014.01.31 16:27:13.642,1.02204,1.02207,1.00,1.48
2014.01.31 16:27:14.146,1.02202,1.02207,3.00,1.00
2014.01.31 16:27:15.395,1.02205,1.02209,1.10,1.10
2014.01.31 16:27:15.496,1.02206,1.0221,1.08,1.00
2014.01.31 16:27:16.303,1.02207,1.0221,1.49,1.00
2014.01.31 16:27:16.405,1.0221,1.02213,1.10,3.75
2014.01.31 16:27:16.922,1.0221,1.02214,1.20,1.20
2014.01.31 16:27:17.023,1.02211,1.02214,2.56,1.13
2014.01.31 16:27:17.340,1.02215,1.02218,3.00,3.75
2014.01.31 16:27:17.594,1.02217,1.0222,1.10,4.50
2014.01.31 16:27:17.695,1.02216,1.0222,1.00,4.43
2014.01.31 16:27:17.847,1.02214,1.02219,1.00,7.36
2014.01.31 16:27:18.251,1.02215,1.02219,1.20,2.33
2014.01.31 16:27:18.301,1.02217,1.02221,1.00,4.87
2014.01.31 16:27:18.403,1.02217,1.02221,1.08,2.25
2014.01.31 16:27:19.380,1.02216,1.02221,3.38,3.47
2014.01.31 16:27:19.633,1.02216,1.02221,1.10,3.30
2014.01.31 16:27:19.734,1.02215,1.0222,1.13,4.73
2014.01.31 16:27:20.138,1.02214,1.02219,1.50,14.29
2014.01.31 16:27:20.391,1.02216,1.02219,1.00,3.00
2014.01.31 16:27:20.492,1.02215,1.02218,1.00,4.28
2014.01.31 16:27:20.694,1.02213,1.02218,1.00,9.60
2014.01.31 16:27:22.119,1.0221,1.02213,1.46,4.72
2014.01.31 16:27:22.422,1.02212,1.02216,1.00,3.30
2014.01.31 16:27:22.991,1.02213,1.02216,1.00,1.43
2014.01.31 16:27:23.495,1.02212,1.02216,1.00,2.93
2014.01.31 16:27:23.798,1.02211,1.02216,1.00,6.23
2014.01.31 16:27:24.819,1.02207,1.02213,3.39,2.20
2014.01.31 16:27:24.920,1.02206,1.02211,1.58,2.71
2014.01.31 16:27:25.577,1.02207,1.02211,1.59,1.00
2014.01.31 16:27:26.565,1.0221,1.02213,2.14,2.18
2014.01.31 16:27:26.667,1.02216,1.02218,1.00,1.10
2014.01.31 16:27:26.768,1.02213,1.02218,1.43,1.00
2014.01.31 16:27:27.273,1.02213,1.02218,1.00,11.10
2014.01.31 16:27:27.374,1.02212,1.02217,1.00,8.11
2014.01.31 16:27:27.677,1.02211,1.02216,1.00,6.23
2014.01.31 16:27:29.896,1.02213,1.02216,1.00,2.18
2014.01.31 16:27:29.997,1.02213,1.02217,1.00,3.38
2014.01.31 16:27:30.300,1.02215,1.02217,1.00,2.18
2014.01.31 16:27:30.351,1.02216,1.02218,1.00,1.00
2014.01.31 16:27:30.547,1.02217,1.0222,1.10,2.63
2014.01.31 16:27:31.376,1.02216,1.0222,1.00,3.30
2014.01.31 16:27:31.579,1.02218,1.02221,1.00,2.18
2014.01.31 16:27:31.782,1.0222,1.02224,2.71,1.20
2014.01.31 16:27:32.136,1.0222,1.02224,1.00,4.50
2014.01.31 16:27:32.645,1.02219,1.02222,1.00,1.10
2014.01.31 16:27:33.222,1.02218,1.02222,1.10,1.10
2014.01.31 16:27:33.527,1.02221,1.02224,1.00,2.18
2014.01.31 16:27:33.578,1.02223,1.02226,1.96,1.50
2014.01.31 16:27:34.134,1.02222,1.02225,1.08,1.00
2014.01.31 16:27:34.437,1.02223,1.02227,1.96,1.00
2014.01.31 16:27:34.791,1.02225,1.02228,2.64,2.18
2014.01.31 16:27:34.924,1.02225,1.02229,1.08,1.00
2014.01.31 16:27:35.227,1.02224,1.02228,1.21,1.10
2014.01.31 16:27:35.632,1.02223,1.02227,1.89,5.10
2014.01.31 16:27:35.733,1.02222,1.02226,1.00,1.08
2014.01.31 16:27:36.189,1.02221,1.02225,1.14,3.00
2014.01.31 16:27:36.701,1.0222,1.02224,1.00,1.08
2014.01.31 16:27:37.457,1.02219,1.02223,1.21,1.10
2014.01.31 16:27:37.993,1.02219,1.02223,1.14,5.63
2014.01.31 16:27:38.580,1.02217,1.02221,1.00,3.00
2014.01.31 16:27:39.715,1.02217,1.02221,1.00,7.13
2014.01.31 16:27:39.968,1.02215,1.02219,1.10,1.10
2014.01.31 16:27:40.484,1.02215,1.02218,1.10,2.25
2014.01.31 16:27:40.991,1.02213,1.02216,3.00,1.00
2014.01.31 16:27:41.041,1.02212,1.02215,1.10,1.13
2014.01.31 16:27:41.143,1.02209,1.02212,1.58,1.00
2014.01.31 16:27:41.244,1.02208,1.02212,1.00,1.08
2014.01.31 16:27:41.749,1.02207,1.02211,1.10,2.33
2014.01.31 16:27:41.952,1.02206,1.02209,1.08,1.00
2014.01.31 16:27:42.254,1.02205,1.02209,1.10,1.10
2014.01.31 16:27:42.355,1.02206,1.02209,1.00,3.00
2014.01.31 16:27:42.456,1.02206,1.02209,1.00,1.10
2014.01.31 16:27:43.415,1.02205,1.02209,1.10,1.10
2014.01.31 16:27:43.921,1.02206,1.0221,1.50,1.08
2014.01.31 16:27:44.073,1.02207,1.02211,1.10,1.10
2014.01.31 16:27:46.845,1.02207,1.02211,1.10,1.48
2014.01.31 16:27:47.249,1.02206,1.02211,1.10,4.21
2014.01.31 16:27:47.552,1.02202,1.02207,1.13,4.38
2014.01.31 16:27:48.057,1.022,1.02207,1.08,9.38
2014.01.31 16:27:50.868,1.02201,1.02207,1.10,6.65
2014.01.31 16:27:52.605,1.022,1.02207,1.08,6.85
2014.01.31 16:27:53.110,1.02201,1.02207,1.10,7.25
2014.01.31 16:27:55.373,1.02201,1.02206,1.48,2.60
2014.01.31 16:27:55.424,1.02204,1.02206,1.00,1.08
2014.01.31 16:27:55.525,1.02206,1.02209,2.60,1.00
2014.01.31 16:27:55.627,1.02208,1.0221,1.00,2.25
2014.01.31 16:27:55.829,1.02209,1.02213,1.10,1.48
2014.01.31 16:27:56.370,1.02209,1.02213,1.00,2.63
2014.01.31 16:27:56.912,1.02209,1.02213,1.00,3.38
2014.01.31 16:27:57.943,1.02209,1.02213,1.10,1.43
2014.01.31 16:27:58.116,1.02208,1.02213,1.08,1.00
2014.01.31 16:27:58.268,1.02207,1.02212,1.10,6.30
2014.01.31 16:27:58.420,1.02206,1.02212,2.33,6.56
2014.01.31 16:27:58.723,1.02204,1.02208,1.08,1.38
2014.01.31 16:27:58.874,1.02207,1.02211,2.55,1.58
2014.01.31 16:27:59.026,1.0221,1.02214,2.25,1.88
2014.01.31 16:28:00.409,1.02211,1.02214,1.08,1.88
2014.01.31 16:28:00.917,1.02211,1.02214,1.08,1.00
2014.01.31 16:28:01.068,1.02213,1.02217,1.00,3.45
2014.01.31 16:28:03.658,1.02214,1.02217,1.00,1.58
2014.01.31 16:28:04.369,1.02216,1.02218,1.00,3.68
2014.01.31 16:28:04.420,1.02217,1.0222,1.08,1.00
2014.01.31 16:28:04.572,1.02219,1.02222,1.00,1.58
2014.01.31 16:28:04.724,1.02219,1.02222,3.30,1.00
2014.01.31 16:28:04.775,1.02221,1.02222,1.00,1.00
2014.01.31 16:28:04.826,1.02221,1.02226,1.00,3.08
2014.01.31 16:28:05.230,1.02219,1.02226,2.93,3.70
2014.01.31 16:28:05.482,1.02219,1.02226,2.93,3.70
2014.01.31 16:28:06.631,1.02219,1.02226,3.30,4.30
2014.01.31 16:28:07.201,1.02219,1.02224,2.18,4.13
2014.01.31 16:28:07.504,1.02214,1.02219,2.25,4.13
2014.01.31 16:28:07.971,1.02216,1.02219,1.00,1.10
2014.01.31 16:28:08.477,1.02216,1.02219,1.00,1.00
2014.01.31 16:28:09.067,1.02214,1.02219,1.08,3.31
2014.01.31 16:28:09.117,1.02213,1.02219,2.33,5.91
2014.01.31 16:28:09.219,1.02216,1.02219,1.10,1.00
2014.01.31 16:28:09.471,1.0222,1.02223,1.10,2.25
2014.01.31 16:28:10.001,1.0222,1.02224,1.10,2.33
2014.01.31 16:28:10.833,1.0222,1.02224,1.10,2.70
2014.01.31 16:28:10.934,1.02221,1.02224,1.00,1.10
2014.01.31 16:28:11.800,1.02221,1.02224,1.00,1.48
2014.01.31 16:28:12.102,1.02222,1.02226,1.10,2.33
2014.01.31 16:28:12.617,1.02223,1.02226,1.00,1.58
2014.01.31 16:28:13.349,1.02221,1.02226,1.58,3.70
2014.01.31 16:28:13.855,1.02221,1.02226,1.00,5.13
2014.01.31 16:28:14.057,1.0222,1.02225,1.00,4.13
2014.01.31 16:28:17.392,1.0222,1.02222,1.00,3.70
2014.01.31 16:28:17.897,1.02219,1.02223,1.50,1.08
2014.01.31 16:28:18.250,1.0222,1.02224,1.10,1.10
2014.01.31 16:28:18.564,1.02219,1.02224,1.50,4.76
2014.01.31 16:28:18.716,1.0222,1.02224,1.10,1.10
2014.01.31 16:28:19.311,1.0222,1.02224,1.10,1.00
2014.01.31 16:28:19.565,1.02219,1.02224,3.75,2.50
2014.01.31 16:28:20.069,1.0222,1.02224,1.08,1.50
2014.01.31 16:28:20.776,1.02222,1.02225,1.00,1.10
2014.01.31 16:28:20.827,1.02224,1.02226,1.00,1.58
2014.01.31 16:28:20.878,1.02225,1.02229,3.60,1.50
2014.01.31 16:28:21.130,1.02227,1.02231,1.20,1.10
2014.01.31 16:28:21.635,1.02227,1.02231,1.10,1.48
2014.01.31 16:28:22.732,1.02226,1.02231,1.00,1.95
2014.01.31 16:28:22.884,1.02225,1.0223,1.50,4.78
2014.01.31 16:28:22.934,1.02224,1.02229,2.33,2.98
2014.01.31 16:28:23.187,1.02222,1.02227,1.10,3.45
2014.01.31 16:28:23.310,1.02222,1.02226,1.00,4.88
2014.01.31 16:28:23.815,1.02221,1.02226,1.00,8.15
2014.01.31 16:28:26.048,1.02223,1.02226,2.10,3.65
2014.01.31 16:28:26.098,1.02225,1.02228,1.13,1.10
2014.01.31 16:28:26.199,1.02226,1.02229,3.00,1.00
2014.01.31 16:28:26.301,1.02226,1.0223,3.75,2.63
2014.01.31 16:28:27.057,1.02228,1.0223,1.10,1.88
2014.01.31 16:28:27.209,1.02226,1.0223,1.58,2.33
2014.01.31 16:28:27.260,1.02226,1.0223,1.58,3.45
2014.01.31 16:28:27.764,1.02224,1.02229,1.58,3.08
2014.01.31 16:28:28.694,1.02226,1.02229,1.00,1.08
2014.01.31 16:28:28.997,1.02228,1.0223,1.04,1.50
2014.01.31 16:28:29.199,1.02229,1.02232,1.10,1.00
2014.01.31 16:28:29.712,1.02229,1.02233,1.10,1.95
2014.01.31 16:28:31.960,1.02229,1.02233,1.00,4.13
2014.01.31 16:28:33.716,1.02228,1.02233,1.14,4.38
2014.01.31 16:28:34.221,1.02228,1.02233,1.14,4.38
2014.01.31 16:28:34.526,1.02223,1.02225,2.85,2.58
2014.01.31 16:28:34.628,1.02223,1.02226,2.93,1.00
2014.01.31 16:28:34.830,1.02224,1.02227,2.49,1.10
2014.01.31 16:28:35.345,1.02225,1.02228,1.46,1.00
2014.01.31 16:28:36.111,1.02227,1.02229,1.51,1.00
2014.01.31 16:28:36.654,1.02225,1.02229,3.09,1.00
2014.01.31 16:28:38.552,1.02226,1.0223,1.59,1.10
2014.01.31 16:28:38.948,1.02225,1.0223,2.11,4.03
2014.01.31 16:28:39.052,1.02224,1.02227,1.58,2.13
2014.01.31 16:28:39.153,1.02223,1.02227,1.00,2.13
2014.01.31 16:28:39.255,1.0222,1.02226,2.71,4.03
2014.01.31 16:28:40.572,1.02224,1.02226,1.00,2.55
2014.01.31 16:28:40.674,1.02224,1.02228,1.10,1.58
2014.01.31 16:28:40.775,1.02224,1.02228,1.00,3.00
2014.01.31 16:28:41.567,1.02222,1.02227,2.34,2.23
2014.01.31 16:28:41.871,1.02222,1.02227,1.89,3.00
2014.01.31 16:28:42.422,1.02222,1.02227,1.00,3.00
2014.01.31 16:28:42.674,1.02224,1.02228,1.20,3.83
2014.01.31 16:28:42.775,1.02225,1.02228,1.38,3.08
2014.01.31 16:28:43.280,1.02226,1.0223,1.20,1.58
2014.01.31 16:28:43.784,1.02225,1.0223,1.08,1.13
2014.01.31 16:28:43.936,1.02224,1.02229,1.13,4.38
2014.01.31 16:28:44.239,1.02221,1.02228,3.39,4.96
2014.01.31 16:28:44.289,1.02221,1.02226,1.14,4.13
2014.01.31 16:28:44.491,1.02224,1.02226,1.00,3.31
2014.01.31 16:28:44.795,1.02223,1.02226,1.50,1.10
2014.01.31 16:28:44.997,1.02222,1.02226,1.00,2.20
2014.01.31 16:28:45.502,1.02221,1.02226,1.12,2.20
2014.01.31 16:28:46.007,1.02221,1.02226,1.12,2.20
2014.01.31 16:28:47.196,1.02219,1.02222,2.93,2.35
2014.01.31 16:28:47.348,1.02219,1.02222,1.00,4.98
2014.01.31 16:28:47.449,1.02216,1.02222,2.34,4.73
2014.01.31 16:28:47.954,1.02216,1.02222,12.01,2.58
2014.01.31 16:28:48.745,1.02216,1.0222,2.34,1.10
2014.01.31 16:28:52.253,1.02217,1.02219,1.13,1.00
2014.01.31 16:28:52.796,1.02217,1.02221,3.01,1.58
2014.01.31 16:28:54.360,1.02217,1.02221,1.00,1.08
2014.01.31 16:28:54.866,1.02216,1.0222,1.59,1.10
2014.01.31 16:28:56.430,1.02216,1.02218,1.21,1.73
2014.01.31 16:28:56.683,1.02208,1.02213,1.09,1.20
2014.01.31 16:28:57.137,1.02208,1.02212,1.13,1.08
2014.01.31 16:28:57.642,1.02208,1.02212,1.08,1.00
2014.01.31 16:28:58.159,1.02207,1.02211,3.38,1.00
2014.01.31 16:28:58.210,1.02207,1.02211,1.20,1.10
2014.01.31 16:29:02.158,1.02208,1.02212,1.13,1.08
2014.01.31 16:29:03.308,1.02209,1.02213,1.00,5.63
2014.01.31 16:29:03.410,1.02209,1.02213,1.48,1.10
2014.01.31 16:29:03.942,1.02209,1.02213,1.20,1.10
2014.01.31 16:29:05.382,1.02209,1.02213,3.00,1.00
2014.01.31 16:29:06.897,1.02209,1.02213,3.00,1.73
2014.01.31 16:29:06.947,1.02208,1.02211,1.00,3.25
2014.01.31 16:29:06.998,1.02208,1.02211,1.00,2.33
2014.01.31 16:29:07.516,1.02208,1.0221,1.13,1.00
2014.01.31 16:29:10.544,1.02208,1.02211,1.13,1.10
2014.01.31 16:29:13.842,1.02207,1.0221,1.10,1.00
2014.01.31 16:29:14.346,1.02208,1.02211,1.00,1.10
2014.01.31 16:29:17.029,1.0221,1.02213,1.00,3.30
2014.01.31 16:29:17.232,1.02216,1.02217,1.00,1.00
2014.01.31 16:29:17.333,1.02217,1.0222,1.00,1.10
2014.01.31 16:29:17.837,1.02219,1.02222,1.00,1.10
2014.01.31 16:29:18.191,1.0222,1.02224,1.20,1.58
2014.01.31 16:29:18.343,1.02222,1.02225,1.38,1.00
2014.01.31 16:29:18.444,1.02223,1.02226,1.13,1.10
2014.01.31 16:29:18.546,1.02225,1.02227,1.00,1.08
2014.01.31 16:29:18.697,1.02225,1.02229,1.95,2.25
2014.01.31 16:29:19.000,1.02228,1.0223,1.00,2.93
2014.01.31 16:29:19.051,1.02229,1.02231,1.00,1.08
2014.01.31 16:29:19.152,1.02229,1.02233,1.10,1.10
2014.01.31 16:29:19.304,1.02231,1.02233,1.00,1.10
2014.01.31 16:29:19.607,1.02236,1.0224,1.10,1.58
2014.01.31 16:29:19.961,1.02238,1.0224,1.00,1.10
2014.01.31 16:29:20.606,1.02235,1.02239,1.95,1.00
2014.01.31 16:29:21.113,1.02234,1.02238,1.95,1.10
2014.01.31 16:29:21.572,1.02236,1.02239,1.48,1.00
2014.01.31 16:29:21.825,1.02235,1.02239,4.13,1.00
2014.01.31 16:29:22.178,1.02235,1.02238,3.75,2.80
2014.01.31 16:29:22.481,1.02236,1.02237,1.00,2.18
2014.01.31 16:29:22.532,1.02236,1.0224,1.00,3.75
2014.01.31 16:29:22.735,1.02236,1.0224,1.10,1.10
2014.01.31 16:29:22.786,1.02234,1.02238,5.48,1.00
2014.01.31 16:29:23.089,1.02234,1.02238,2.25,1.08
2014.01.31 16:29:23.191,1.02234,1.02238,3.75,1.00
2014.01.31 16:29:23.292,1.02236,1.0224,1.10,2.33
2014.01.31 16:29:23.445,1.02235,1.02239,1.00,1.08
2014.01.31 16:29:24.304,1.02235,1.02238,1.08,1.00
2014.01.31 16:29:24.608,1.02237,1.02241,3.00,1.88
2014.01.31 16:29:24.847,1.02237,1.02241,1.10,1.95
2014.01.31 16:29:25.805,1.02237,1.02241,1.20,1.10
2014.01.31 16:29:27.560,1.02237,1.02241,1.58,1.10
2014.01.31 16:29:28.079,1.02238,1.02242,1.13,1.58
2014.01.31 16:29:28.589,1.02239,1.02243,1.00,3.38
2014.01.31 16:29:28.996,1.02239,1.02243,1.10,1.20
2014.01.31 16:29:30.803,1.02239,1.02243,1.48,1.10
2014.01.31 16:29:31.992,1.02239,1.02243,1.10,1.20
2014.01.31 16:29:32.298,1.02241,1.02244,2.25,1.50
2014.01.31 16:29:32.400,1.0224,1.02244,1.10,1.95
2014.01.31 16:29:32.855,1.0224,1.02244,3.00,1.38
2014.01.31 16:29:33.158,1.02243,1.02245,1.38,2.18
2014.01.31 16:29:33.209,1.02246,1.02247,2.85,1.00
2014.01.31 16:29:33.411,1.02246,1.02249,2.93,1.00
2014.01.31 16:29:34.561,1.02243,1.02247,1.73,3.25
2014.01.31 16:29:34.667,1.02241,1.02243,1.00,2.13
2014.01.31 16:29:34.819,1.02239,1.02243,1.00,4.28
2014.01.31 16:29:34.870,1.02236,1.02241,1.00,2.25
2014.01.31 16:29:35.375,1.02236,1.02239,1.38,1.00
2014.01.31 16:29:35.679,1.02243,1.02244,1.00,3.68
2014.01.31 16:29:35.781,1.02241,1.02244,3.08,1.00
2014.01.31 16:29:35.983,1.02241,1.02244,1.00,2.20
2014.01.31 16:29:36.186,1.02239,1.02244,2.25,4.01
2014.01.31 16:29:36.873,1.02241,1.02244,1.00,4.03
2014.01.31 16:29:38.001,1.0224,1.02243,1.00,2.20
2014.01.31 16:29:38.052,1.02239,1.02243,1.00,2.20
2014.01.31 16:29:38.305,1.02236,1.02242,4.05,2.20
2014.01.31 16:29:38.407,1.02236,1.02241,1.88,4.38
2014.01.31 16:29:39.539,1.02236,1.02241,1.12,2.20
2014.01.31 16:29:40.079,1.02235,1.02241,4.59,1.00
2014.01.31 16:29:40.592,1.02236,1.02241,1.12,1.00
2014.01.31 16:29:41.205,1.02235,1.02241,4.59,1.00
2014.01.31 16:29:41.766,1.02236,1.02241,1.59,1.50
2014.01.31 16:29:41.968,1.02238,1.02242,1.20,3.08
2014.01.31 16:29:42.422,1.02236,1.0224,2.18,3.25
2014.01.31 16:29:42.523,1.02235,1.02239,1.58,3.18
2014.01.31 16:29:43.182,1.02235,1.02239,3.38,1.50
2014.01.31 16:29:43.334,1.02238,1.02242,1.00,1.95
2014.01.31 16:29:43.474,1.0224,1.02242,1.10,1.00
2014.01.31 16:29:43.979,1.02239,1.02243,1.45,1.00
2014.01.31 16:29:44.599,1.02241,1.02243,1.00,1.00
2014.01.31 16:29:44.853,1.02242,1.02246,1.67,1.00
2014.01.31 16:29:45.357,1.02244,1.02247,1.00,1.20
2014.01.31 16:29:45.974,1.02244,1.02247,3.00,2.48
2014.01.31 16:29:46.125,1.02241,1.02247,1.21,4.13
2014.01.31 16:29:46.744,1.02241,1.02246,1.51,4.13
2014.01.31 16:29:48.532,1.02241,1.02246,2.26,3.00
2014.01.31 16:29:48.634,1.02245,1.02249,1.00,4.50
2014.01.31 16:29:48.735,1.02244,1.02249,1.51,4.01
2014.01.31 16:29:48.887,1.02245,1.02249,1.20,1.00
2014.01.31 16:29:48.989,1.02244,1.02249,1.59,2.23
2014.01.31 16:29:49.622,1.02244,1.02249,1.48,3.08
2014.01.31 16:29:49.723,1.02246,1.0225,1.20,1.50
2014.01.31 16:29:50.228,1.02246,1.0225,1.00,1.58
2014.01.31 16:29:50.279,1.02245,1.02249,1.10,3.08
2014.01.31 16:29:50.431,1.02241,1.02246,1.00,7.13
2014.01.31 16:29:50.481,1.02242,1.02246,2.49,4.80
2014.01.31 16:29:50.583,1.02245,1.02246,1.13,1.10
2014.01.31 16:29:50.785,1.02246,1.02249,1.20,1.00
2014.01.31 16:29:50.835,1.02246,1.02249,1.48,1.00
2014.01.31 16:29:51.088,1.02248,1.02252,2.34,2.33
2014.01.31 16:29:51.139,1.02248,1.02252,2.34,2.93
2014.01.31 16:29:51.190,1.02248,1.0225,1.10,1.00
2014.01.31 16:29:51.291,1.02249,1.02252,1.51,3.68
2014.01.31 16:29:51.795,1.0225,1.02254,1.00,4.13
2014.01.31 16:29:52.127,1.02248,1.02251,1.20,1.00
2014.01.31 16:29:52.229,1.0225,1.02254,1.00,8.63
2014.01.31 16:29:52.634,1.0225,1.02254,1.10,1.95
2014.01.31 16:29:52.735,1.0225,1.02254,1.00,4.13
2014.01.31 16:29:53.509,1.02248,1.02252,1.48,1.10
2014.01.31 16:29:53.812,1.02244,1.02249,3.09,1.00
2014.01.31 16:29:53.863,1.02244,1.02248,3.84,1.50
2014.01.31 16:29:53.964,1.02244,1.02247,2.71,1.00
2014.01.31 16:29:54.469,1.02245,1.02247,1.39,1.00
2014.01.31 16:29:54.621,1.02241,1.02244,1.08,1.00
2014.01.31 16:29:54.672,1.0224,1.02243,2.18,1.00
2014.01.31 16:29:54.722,1.02239,1.02242,1.21,1.00
2014.01.31 16:29:55.076,1.0224,1.02244,1.00,1.08
2014.01.31 16:29:55.380,1.0224,1.02244,2.26,1.08
2014.01.31 16:29:55.930,1.0224,1.02244,2.26,1.08
2014.01.31 16:29:56.233,1.02241,1.02245,1.59,1.10
2014.01.31 16:29:56.738,1.02242,1.02246,3.01,1.08
2014.01.31 16:29:56.789,1.02244,1.02248,2.70,1.10
2014.01.31 16:29:57.243,1.02246,1.02248,1.21,1.00
2014.01.31 16:29:57.395,1.02247,1.02251,1.08,6.00
2014.01.31 16:29:57.647,1.02247,1.02249,1.00,1.50
2014.01.31 16:29:58.057,1.02249,1.02251,1.00,1.58
2014.01.31 16:29:58.209,1.02249,1.02253,1.38,2.18
2014.01.31 16:29:58.361,1.02251,1.02253,1.50,1.00
2014.01.31 16:29:58.765,1.02253,1.02257,1.10,1.20
2014.01.31 16:29:58.917,1.02253,1.02256,1.00,1.08
2014.01.31 16:29:59.319,1.02249,1.02251,2.18,1.88
2014.01.31 16:29:59.471,1.02248,1.02251,1.10,1.50
2014.01.31 16:29:59.980,1.02249,1.02251,1.00,1.00
2014.01.31 16:30:00.081,1.0225,1.02254,3.27,2.18
2014.01.31 16:30:00.132,1.02252,1.02256,1.08,2.25
2014.01.31 16:30:00.284,1.02251,1.02253,2.18,1.00
2014.01.31 16:30:00.588,1.02247,1.02248,2.55,2.25
2014.01.31 16:30:00.639,1.02244,1.02246,1.00,1.35
2014.01.31 16:30:00.690,1.02244,1.02246,1.08,2.10
2014.01.31 16:30:00.842,1.02246,1.0225,1.35,1.50
2014.01.31 16:30:00.893,1.02246,1.0225,2.10,1.50
2014.01.31 16:30:00.943,1.02248,1.02251,1.00,1.00
2014.01.31 16:30:01.450,1.02248,1.0225,1.00,1.00
2014.01.31 16:30:01.552,1.0225,1.02253,1.00,1.50
2014.01.31 16:30:01.653,1.02247,1.02251,2.25,1.00
2014.01.31 16:30:01.754,1.02251,1.02253,1.00,1.00
2014.01.31 16:30:01.855,1.0225,1.02254,1.89,1.00
2014.01.31 16:30:02.007,1.0225,1.02253,1.89,1.50
2014.01.31 16:30:02.225,1.02251,1.02255,1.00,1.00
2014.01.31 16:30:02.938,1.02252,1.02256,1.00,1.50
2014.01.31 16:30:03.443,1.02252,1.02256,2.33,1.00
2014.01.31 16:30:04.390,1.02254,1.02256,1.50,1.00
2014.01.31 16:30:04.491,1.02257,1.0226,1.00,1.08
2014.01.31 16:30:04.643,1.02259,1.02261,1.00,1.10
2014.01.31 16:30:04.997,1.02258,1.02261,1.00,2.25
2014.01.31 16:30:05.603,1.02257,1.02261,1.13,3.00
2014.01.31 16:30:05.911,1.02255,1.02259,1.00,3.38
2014.01.31 16:30:06.215,1.02256,1.0226,5.34,1.10
2014.01.31 16:30:06.721,1.02256,1.02259,1.89,1.20
2014.01.31 16:30:06.828,1.02254,1.02258,1.95,1.10
2014.01.31 16:30:06.929,1.02253,1.02256,1.39,1.10
2014.01.31 16:30:07.435,1.02252,1.02256,1.96,1.10
2014.01.31 16:30:07.941,1.02251,1.02255,1.59,1.00
2014.01.31 16:30:08.446,1.02252,1.02256,1.20,2.33
2014.01.31 16:30:08.749,1.02251,1.02255,1.14,1.45
2014.01.31 16:30:09.052,1.0225,1.02254,2.64,3.38
2014.01.31 16:30:11.017,1.02252,1.02254,1.00,2.55
2014.01.31 16:30:11.068,1.02252,1.02256,1.00,4.88
2014.01.31 16:30:11.755,1.02251,1.02255,2.25,1.45
2014.01.31 16:30:12.274,1.02251,1.02254,1.00,3.38
2014.01.31 16:30:12.880,1.02251,1.02254,1.00,1.48
2014.01.31 16:30:13.421,1.0225,1.02254,1.13,1.48
2014.01.31 16:30:13.831,1.0225,1.02252,1.03,1.95
2014.01.31 16:30:14.034,1.02245,1.02248,1.50,1.38
2014.01.31 16:30:14.135,1.02242,1.02246,1.58,1.13
2014.01.31 16:30:14.339,1.02241,1.02245,1.50,1.08
2014.01.31 16:30:14.850,1.0224,1.02244,1.10,1.10
2014.01.31 16:30:15.820,1.02238,1.02242,2.65,1.00
2014.01.31 16:30:15.975,1.02236,1.0224,1.50,1.80
2014.01.31 16:30:16.480,1.02237,1.02241,1.13,4.50
2014.01.31 16:30:16.585,1.02237,1.02241,1.13,1.10
2014.01.31 16:30:16.686,1.02239,1.02243,1.15,3.00
2014.01.31 16:30:17.212,1.02239,1.02243,1.40,3.00
2014.01.31 16:30:17.364,1.02237,1.02241,1.20,1.50
2014.01.31 16:30:17.466,1.02239,1.0224,1.15,2.18
2014.01.31 16:30:17.840,1.02239,1.02243,1.22,1.00
2014.01.31 16:30:18.345,1.0224,1.02244,1.10,1.10
2014.01.31 16:30:18.749,1.02238,1.02242,2.18,3.23
2014.01.31 16:30:18.851,1.02236,1.02239,3.75,1.13
2014.01.31 16:30:18.901,1.02236,1.02238,2.93,1.00
2014.01.31 16:30:18.952,1.02236,1.02237,1.10,1.00
2014.01.31 16:30:19.910,1.02234,1.02236,2.20,1.00
2014.01.31 16:30:19.961,1.02233,1.02235,1.12,1.00
2014.01.31 16:30:20.465,1.02233,1.02236,1.12,1.00
2014.01.31 16:30:20.751,1.02234,1.02238,3.02,1.00
2014.01.31 16:30:21.054,1.02236,1.02238,2.18,1.13
2014.01.31 16:30:21.205,1.02233,1.02236,1.97,1.50
2014.01.31 16:30:21.711,1.02233,1.02237,1.60,1.10
2014.01.31 16:30:21.967,1.02232,1.02235,1.08,1.00
2014.01.31 16:30:22.479,1.02231,1.02234,2.27,1.00
2014.01.31 16:30:22.951,1.0223,1.02234,1.52,1.08
2014.01.31 16:30:24.656,1.02229,1.02233,1.60,1.10
2014.01.31 16:30:24.909,1.02228,1.02232,1.60,2.63
2014.01.31 16:30:25.161,1.02223,1.02227,1.08,1.13
2014.01.31 16:30:25.262,1.02223,1.02226,1.08,1.88
2014.01.31 16:30:25.364,1.02221,1.02225,1.58,1.38
2014.01.31 16:30:25.863,1.02224,1.02226,1.03,1.95
2014.01.31 16:30:26.166,1.02226,1.02231,7.35,2.63
2014.01.31 16:30:26.267,1.02229,1.02233,1.13,1.20
2014.01.31 16:30:28.070,1.02228,1.02231,1.58,1.00
2014.01.31 16:30:28.577,1.02228,1.02232,1.00,2.70
2014.01.31 16:30:29.102,1.02228,1.02232,1.08,1.13
2014.01.31 16:30:30.183,1.02228,1.02232,1.00,1.08
2014.01.31 16:30:30.486,1.02223,1.02227,1.00,3.00
2014.01.31 16:30:30.638,1.02224,1.02228,1.63,3.75
2014.01.31 16:30:31.093,1.02226,1.0223,1.10,1.58
2014.01.31 16:30:31.855,1.02226,1.02229,1.10,1.00
2014.01.31 16:30:31.956,1.02224,1.02228,1.60,1.10
2014.01.31 16:30:32.511,1.02223,1.02227,3.47,1.00
2014.01.31 16:30:33.647,1.02222,1.02226,7.13,1.00
2014.01.31 16:30:33.748,1.02221,1.02226,6.10,1.20
2014.01.31 16:30:34.253,1.02221,1.02225,1.08,1.13
2014.01.31 16:30:34.512,1.02224,1.02226,1.00,3.08
2014.01.31 16:30:34.665,1.02225,1.02228,1.00,1.10
2014.01.31 16:30:35.018,1.02224,1.02226,2.18,1.00
2014.01.31 16:30:35.069,1.02223,1.02226,1.20,1.00
2014.01.31 16:30:35.220,1.02221,1.02225,1.08,1.00
2014.01.31 16:30:35.423,1.0222,1.02224,1.10,1.10
2014.01.31 16:30:37.343,1.0222,1.02226,3.00,2.33
2014.01.31 16:30:37.648,1.02219,1.02223,1.10,1.88
2014.01.31 16:30:37.952,1.02223,1.02227,1.60,1.35
2014.01.31 16:30:38.053,1.02223,1.02226,1.60,1.00
2014.01.31 16:30:38.205,1.02225,1.02228,1.37,1.10
2014.01.31 16:30:38.711,1.02224,1.02227,2.27,2.10
2014.01.31 16:30:38.762,1.02221,1.02225,5.25,1.00
2014.01.31 16:30:40.364,1.02221,1.02225,1.10,1.10
2014.01.31 16:30:41.090,1.0222,1.02224,1.08,1.00
2014.01.31 16:30:41.629,1.02219,1.02223,3.02,1.00
2014.01.31 16:30:42.876,1.02219,1.02223,1.13,1.10
2014.01.31 16:30:43.078,1.0222,1.02224,1.08,1.00
2014.01.31 16:30:44.103,1.02219,1.02223,3.75,1.13
2014.01.31 16:30:44.153,1.02219,1.02223,1.58,1.20
2014.01.31 16:30:44.759,1.02221,1.02226,2.10,1.50
2014.01.31 16:30:44.810,1.02224,1.02227,3.10,1.58
2014.01.31 16:30:44.912,1.02225,1.02228,4.38,1.00
2014.01.31 16:30:45.366,1.02226,1.02229,3.38,1.00
2014.01.31 16:30:45.936,1.02227,1.0223,1.58,1.00
2014.01.31 16:30:46.138,1.02228,1.02232,1.10,1.10
2014.01.31 16:30:46.239,1.02227,1.0223,1.08,1.00
2014.01.31 16:30:46.542,1.02224,1.02227,1.10,1.00
2014.01.31 16:30:46.644,1.02224,1.02228,1.58,1.10
2014.01.31 16:30:46.947,1.02222,1.02226,1.50,1.08
2014.01.31 16:30:47.453,1.02221,1.02225,1.58,1.10
2014.01.31 16:30:47.757,1.02221,1.02224,1.00,1.08
2014.01.31 16:30:48.059,1.02223,1.02225,1.00,2.93
2014.01.31 16:30:48.161,1.02222,1.02225,1.00,3.00
2014.01.31 16:30:48.312,1.02221,1.02225,1.10,1.10
2014.01.31 16:30:49.191,1.02221,1.02225,1.00,3.00
2014.01.31 16:30:49.741,1.0222,1.02224,1.13,1.08
2014.01.31 16:30:50.044,1.02218,1.02222,1.00,2.33
2014.01.31 16:30:50.448,1.0222,1.02224,1.00,5.25
2014.01.31 16:30:50.549,1.0222,1.02224,1.08,1.00
2014.01.31 16:30:51.685,1.02222,1.02226,1.00,1.08
2014.01.31 16:30:51.988,1.02225,1.02227,1.00,2.18
2014.01.31 16:30:52.140,1.02226,1.0223,1.10,1.10
2014.01.31 16:30:52.190,1.02229,1.02232,1.00,2.18
2014.01.31 16:30:52.241,1.0223,1.02233,1.00,1.10
2014.01.31 16:30:52.847,1.0223,1.02232,1.00,1.00
2014.01.31 16:30:52.898,1.02226,1.0223,2.18,1.10
2014.01.31 16:30:53.382,1.02229,1.02231,1.00,1.00
2014.01.31 16:30:53.887,1.02228,1.02231,1.10,1.00
2014.01.31 16:30:54.493,1.02227,1.02229,1.08,1.00
2014.01.31 16:30:54.594,1.02226,1.02228,1.00,1.00
2014.01.31 16:30:55.317,1.02226,1.02229,1.00,1.10
2014.01.31 16:30:55.877,1.02228,1.0223,1.00,1.08
2014.01.31 16:30:55.979,1.02228,1.02231,1.10,2.10
2014.01.31 16:30:56.080,1.02226,1.02231,1.58,2.70
2014.01.31 16:30:56.598,1.02226,1.0223,1.10,4.06
2014.01.31 16:30:57.097,1.02228,1.0223,1.00,1.10
2014.01.31 16:30:57.402,1.02231,1.02234,1.00,3.00
2014.01.31 16:30:57.907,1.02232,1.02234,1.00,2.18
2014.01.31 16:30:57.958,1.02232,1.02236,1.10,1.20
2014.01.31 16:30:58.561,1.02232,1.02236,1.00,2.25
2014.01.31 16:30:59.106,1.02232,1.02236,1.00,3.38
2014.01.31 16:31:01.618,1.02231,1.02233,1.50,1.00
2014.01.31 16:31:02.124,1.02231,1.02234,1.00,3.00
2014.01.31 16:31:02.325,1.02231,1.02234,1.00,1.10
2014.01.31 16:31:02.841,1.0223,1.02234,1.10,1.10
2014.01.31 16:31:07.844,1.02231,1.02235,1.00,1.20
2014.01.31 16:31:07.945,1.02235,1.02237,1.00,1.00
2014.01.31 16:31:08.231,1.02233,1.02237,1.50,3.00
2014.01.31 16:31:08.807,1.02232,1.02236,1.13,1.08
2014.01.31 16:31:09.161,1.02232,1.02235,1.00,2.25
2014.01.31 16:31:09.815,1.02231,1.02234,1.00,1.08
2014.01.31 16:31:10.131,1.02229,1.02233,1.10,1.10
2014.01.31 16:31:10.637,1.02228,1.02231,1.58,1.00
2014.01.31 16:31:10.940,1.02222,1.02226,1.00,3.00
2014.01.31 16:31:11.445,1.02221,1.02225,1.88,1.08
2014.01.31 16:31:11.747,1.02221,1.02224,1.88,2.25
2014.01.31 16:31:12.874,1.02221,1.02225,1.50,1.20
2014.01.31 16:31:19.542,1.02219,1.02223,1.58,1.00
2014.01.31 16:31:20.549,1.02218,1.02222,5.25,1.00
2014.01.31 16:31:20.650,1.02216,1.0222,5.63,1.00
2014.01.31 16:31:20.953,1.02213,1.02216,1.08,1.00
2014.01.31 16:31:21.458,1.02213,1.02215,1.00,1.00
2014.01.31 16:31:22.311,1.02211,1.02215,1.95,1.00
2014.01.31 16:31:22.412,1.0221,1.02214,1.58,1.95
2014.01.31 16:31:22.463,1.0221,1.02212,1.10,1.00
2014.01.31 16:31:22.763,1.0221,1.02214,1.08,1.50
2014.01.31 16:31:24.665,1.02209,1.02213,3.00,1.00
2014.01.31 16:31:24.716,1.02209,1.02213,1.10,1.10
2014.01.31 16:31:27.182,1.02209,1.02213,3.00,2.25
2014.01.31 16:31:27.984,1.02209,1.02213,3.00,1.88
2014.01.31 16:31:28.086,1.02209,1.02213,1.10,1.58
2014.01.31 16:31:29.790,1.02208,1.02212,1.08,1.00
2014.01.31 16:31:30.193,1.02207,1.0221,2.25,1.00
2014.01.31 16:31:30.294,1.02204,1.02208,3.08,1.00
2014.01.31 16:31:30.396,1.02203,1.02206,2.25,1.00
2014.01.31 16:31:30.446,1.02202,1.02206,1.08,1.00
2014.01.31 16:31:30.598,1.02205,1.02207,1.13,1.10
2014.01.31 16:31:30.699,1.02205,1.02209,1.10,1.10
2014.01.31 16:31:30.750,1.02206,1.02209,2.25,1.00
2014.01.31 16:31:31.075,1.02208,1.02212,2.58,2.93
2014.01.31 16:31:31.125,1.02209,1.02211,1.00,1.00
2014.01.31 16:31:31.176,1.02209,1.02212,4.51,1.00
2014.01.31 16:31:31.227,1.02211,1.02214,3.38,1.50
2014.01.31 16:31:31.328,1.02211,1.02214,1.20,1.00
2014.01.31 16:31:32.345,1.02211,1.02215,1.58,1.10
2014.01.31 16:31:32.748,1.02212,1.02215,2.25,1.00
2014.01.31 16:31:33.104,1.02211,1.02215,1.95,1.10
2014.01.31 16:31:33.609,1.02212,1.02216,1.13,1.08
2014.01.31 16:31:34.114,1.02211,1.02216,3.75,2.13
2014.01.31 16:31:35.662,1.02211,1.02215,1.58,1.10
2014.01.31 16:31:40.543,1.0221,1.02212,4.50,1.13
2014.01.31 16:31:40.644,1.02207,1.02211,1.08,1.88
2014.01.31 16:31:40.947,1.02209,1.02213,1.10,2.33
2014.01.31 16:31:44.268,1.02209,1.02213,1.10,1.48
2014.01.31 16:31:44.773,1.02208,1.02213,1.08,4.45
2014.01.31 16:31:45.698,1.0221,1.02213,1.00,1.10
2014.01.31 16:31:46.101,1.02211,1.02215,1.58,1.10
2014.01.31 16:31:47.688,1.02211,1.02215,1.10,1.00
2014.01.31 16:31:48.317,1.0221,1.02212,1.13,2.85
2014.01.31 16:31:48.469,1.02204,1.02212,6.45,8.10
2014.01.31 16:31:48.570,1.02205,1.02211,2.18,3.93
2014.01.31 16:31:48.873,1.02199,1.02205,4.13,3.55
2014.01.31 16:31:48.975,1.02199,1.02203,1.10,2.58
2014.01.31 16:31:49.227,1.02197,1.02203,2.18,2.58
2014.01.31 16:31:50.033,1.02197,1.02203,3.38,2.95
2014.01.31 16:31:51.006,1.02197,1.02203,3.75,2.20
2014.01.31 16:31:52.714,1.02198,1.02202,1.08,1.00
2014.01.31 16:31:53.118,1.02197,1.022,2.63,1.00
2014.01.31 16:31:53.219,1.02199,1.02202,1.10,1.00
2014.01.31 16:31:53.321,1.022,1.02203,2.63,1.00
2014.01.31 16:31:53.422,1.02201,1.02205,1.43,1.13
2014.01.31 16:31:53.725,1.02201,1.02204,1.13,2.10
2014.01.31 16:31:53.826,1.02197,1.022,1.00,1.58
2014.01.31 16:31:53.978,1.02198,1.02201,1.00,1.20
2014.01.31 16:31:54.331,1.02199,1.02203,1.00,3.00
2014.01.31 16:31:54.887,1.022,1.02204,1.00,1.08
2014.01.31 16:31:55.401,1.02201,1.02205,1.00,3.38
2014.01.31 16:31:56.272,1.02202,1.02205,1.00,2.63
2014.01.31 16:31:56.323,1.02202,1.02206,1.00,1.59
2014.01.31 16:31:56.844,1.02203,1.02207,1.00,6.01
2014.01.31 16:31:57.350,1.02201,1.02206,1.58,1.59
2014.01.31 16:31:57.401,1.02201,1.02205,1.58,1.86
2014.01.31 16:31:59.038,1.02201,1.02204,1.10,1.02
2014.01.31 16:31:59.555,1.02201,1.02205,1.10,2.34
2014.01.31 16:32:00.976,1.02201,1.02205,1.10,2.34
2014.01.31 16:32:01.510,1.02202,1.02206,1.00,1.59
2014.01.31 16:32:02.187,1.02203,1.02207,1.00,7.36
2014.01.31 16:32:02.669,1.02203,1.02207,1.00,4.05
2014.01.31 16:32:02.720,1.02205,1.02207,1.45,1.50
2014.01.31 16:32:02.771,1.02206,1.02209,1.00,1.00
2014.01.31 16:32:02.923,1.02208,1.02211,1.10,1.02
2014.01.31 16:32:05.243,1.02208,1.02213,3.00,3.61
2014.01.31 16:32:07.437,1.02208,1.02211,1.00,1.12
2014.01.31 16:32:07.942,1.02207,1.02211,1.10,1.81
2014.01.31 16:32:08.150,1.02206,1.02209,1.58,1.00
2014.01.31 16:32:08.251,1.02204,1.02208,1.95,1.00
2014.01.31 16:32:08.453,1.02205,1.02208,2.63,1.00
2014.01.31 16:32:08.555,1.02204,1.02208,1.08,1.00
2014.01.31 16:32:08.707,1.02204,1.02206,1.08,1.00
2014.01.31 16:32:08.960,1.02199,1.02203,1.10,1.10
2014.01.31 16:32:09.364,1.02199,1.02203,1.10,1.96
2014.01.31 16:32:10.020,1.02198,1.022,1.08,1.00
2014.01.31 16:32:10.172,1.02196,1.022,1.08,1.13
2014.01.31 16:32:10.727,1.02195,1.02199,3.75,1.00
2014.01.31 16:32:10.828,1.02195,1.02199,1.10,1.20
2014.01.31 16:32:10.929,1.02195,1.02199,1.00,3.38
2014.01.31 16:32:11.552,1.02194,1.02196,1.00,1.00
2014.01.31 16:32:11.663,1.02192,1.02195,1.00,1.10
2014.01.31 16:32:12.168,1.02191,1.02195,1.21,1.20
2014.01.31 16:32:12.832,1.02191,1.02195,1.21,1.48
2014.01.31 16:32:13.592,1.02192,1.02195,1.13,1.10
2014.01.31 16:32:13.693,1.02193,1.02197,3.00,2.63
2014.01.31 16:32:13.997,1.02196,1.02199,2.25,3.39
2014.01.31 16:32:14.451,1.02195,1.02199,1.08,3.76
2014.01.31 16:32:14.552,1.02196,1.02199,2.25,3.39
2014.01.31 16:32:14.905,1.02194,1.02198,3.00,1.88
2014.01.31 16:32:15.414,1.02193,1.02197,3.00,2.63
2014.01.31 16:32:16.286,1.02195,1.02197,2.34,1.50
2014.01.31 16:32:16.526,1.02203,1.02205,1.00,2.25
2014.01.31 16:32:16.829,1.02204,1.02208,1.10,1.95
2014.01.31 16:32:17.359,1.02205,1.02208,1.00,1.20
2014.01.31 16:32:17.870,1.02205,1.02207,1.00,1.50
2014.01.31 16:32:18.224,1.02203,1.02206,1.00,1.59
2014.01.31 16:32:19.720,1.02202,1.02206,1.10,1.96
2014.01.31 16:32:19.821,1.02204,1.02207,2.18,1.50
2014.01.31 16:32:19.922,1.02205,1.0221,4.82,1.95
2014.01.31 16:32:19.973,1.02206,1.02208,1.10,3.75
2014.01.31 16:32:20.327,1.02203,1.02207,1.10,3.31
2014.01.31 16:32:20.837,1.02203,1.02206,1.10,1.00
2014.01.31 16:32:21.921,1.02203,1.02207,1.10,2.33
2014.01.31 16:32:23.911,1.02202,1.02206,1.08,1.13
2014.01.31 16:32:24.132,1.02201,1.02205,1.00,1.08
2014.01.31 16:32:25.549,1.022,1.02204,1.10,1.95
2014.01.31 16:32:25.852,1.02198,1.02202,1.96,1.10
2014.01.31 16:32:26.155,1.02196,1.02198,1.10,1.00
2014.01.31 16:32:26.307,1.02193,1.02197,1.48,1.95
2014.01.31 16:32:26.833,1.02192,1.02196,1.21,1.00
2014.01.31 16:32:27.591,1.02193,1.02196,1.49,1.00
2014.01.31 16:32:27.793,1.02195,1.022,2.74,1.00
2014.01.31 16:32:28.049,1.02199,1.02202,1.08,1.13
2014.01.31 16:32:28.555,1.02199,1.02203,1.08,1.00
2014.01.31 16:32:29.413,1.02201,1.02203,1.08,1.00
2014.01.31 16:32:29.716,1.02202,1.02206,1.10,2.33
2014.01.31 16:32:30.891,1.02203,1.02206,1.00,1.58
2014.01.31 16:32:32.202,1.02204,1.02206,1.10,1.50
2014.01.31 16:32:32.253,1.02204,1.02208,1.10,3.45
2014.01.31 16:32:33.101,1.02205,1.02208,1.00,2.33
2014.01.31 16:32:33.253,1.02206,1.0221,1.10,1.58
2014.01.31 16:32:33.788,1.02207,1.02211,1.00,1.95
2014.01.31 16:32:33.889,1.02207,1.02208,1.00,2.25
2014.01.31 16:32:34.394,1.02205,1.02208,1.08,2.85
2014.01.31 16:32:35.066,1.02205,1.02208,1.00,3.30
2014.01.31 16:32:36.010,1.02204,1.02208,1.10,4.05
2014.01.31 16:32:36.516,1.02204,1.02206,1.10,1.13
2014.01.31 16:32:38.635,1.02202,1.02206,1.10,1.95
2014.01.31 16:32:39.242,1.02201,1.02205,1.08,1.00
2014.01.31 16:32:39.293,1.02201,1.02205,1.08,1.00
2014.01.31 16:32:39.394,1.02197,1.02203,4.50,6.63
2014.01.31 16:32:39.899,1.02197,1.02199,1.10,1.00
2014.01.31 16:32:40.609,1.02197,1.02201,1.20,1.58
2014.01.31 16:32:41.261,1.02197,1.02201,1.95,1.10
2014.01.31 16:32:41.781,1.02197,1.02201,1.10,1.10
2014.01.31 16:32:43.192,1.02197,1.02199,1.10,1.13
2014.01.31 16:32:43.495,1.02193,1.02197,3.38,1.00
2014.01.31 16:32:43.951,1.02193,1.02197,1.20,1.10
2014.01.31 16:32:44.700,1.02192,1.02196,1.20,1.00
2014.01.31 16:32:45.832,1.02192,1.02196,1.45,1.00
2014.01.31 16:32:48.760,1.02192,1.02196,1.08,1.88
2014.01.31 16:32:48.810,1.02191,1.02194,3.75,1.00
2014.01.31 16:32:49.012,1.02191,1.02194,1.50,1.10
2014.01.31 16:32:50.872,1.02191,1.02194,1.38,1.10
2014.01.31 16:32:51.406,1.02191,1.02194,1.38,1.10
2014.01.31 16:32:51.911,1.02191,1.02194,1.38,1.10
2014.01.31 16:32:52.597,1.02191,1.02194,1.00,1.20
2014.01.31 16:32:53.140,1.02191,1.02193,1.00,1.00
2014.01.31 16:32:56.041,1.02191,1.02194,1.00,1.95
2014.01.31 16:32:56.243,1.02192,1.02196,1.20,2.33
2014.01.31 16:32:57.862,1.02192,1.02196,3.38,1.00
2014.01.31 16:32:58.870,1.02192,1.02196,1.20,1.10
2014.01.31 16:32:59.126,1.02192,1.02196,1.13,3.00
2014.01.31 16:33:00.041,1.02192,1.02196,1.38,2.93
2014.01.31 16:33:01.007,1.02192,1.02196,1.13,3.00
2014.01.31 16:33:01.909,1.02191,1.02195,1.50,1.08
2014.01.31 16:33:01.960,1.02191,1.02195,1.00,1.95
2014.01.31 16:33:02.263,1.02184,1.02188,3.45,1.10
2014.01.31 16:33:02.364,1.02184,1.02187,3.38,1.08
2014.01.31 16:33:02.465,1.02182,1.02186,1.58,1.10
2014.01.31 16:33:03.090,1.02183,1.02187,1.38,1.58
2014.01.31 16:33:03.599,1.02183,1.02187,2.70,1.00
2014.01.31 16:33:04.711,1.02186,1.02188,1.00,1.10
2014.01.31 16:33:05.015,1.02187,1.02191,1.48,2.33
2014.01.31 16:33:05.065,1.02187,1.02191,1.20,1.10
2014.01.31 16:33:05.166,1.02189,1.02192,1.00,1.08
2014.01.31 16:33:05.724,1.02189,1.02192,1.10,1.00
2014.01.31 16:33:07.018,1.02189,1.02193,1.58,1.58
2014.01.31 16:33:08.005,1.02188,1.02192,1.58,1.00
2014.01.31 16:33:08.208,1.02187,1.02191,1.95,1.10
2014.01.31 16:33:08.444,1.02186,1.02189,1.95,1.00
2014.01.31 16:33:08.646,1.02184,1.02188,1.08,1.50
2014.01.31 16:33:08.697,1.02184,1.02188,1.00,3.00
2014.01.31 16:33:08.798,1.02184,1.02188,1.20,1.10
2014.01.31 16:33:09.050,1.02182,1.02185,2.25,1.13
2014.01.31 16:33:09.101,1.02181,1.02185,1.08,1.13
2014.01.31 16:33:09.353,1.02179,1.02183,1.95,1.00
2014.01.31 16:33:09.858,1.02179,1.02183,1.00,1.20
2014.01.31 16:33:10.360,1.0218,1.02184,1.00,4.13
2014.01.31 16:33:14.809,1.0218,1.02184,1.10,1.10
2014.01.31 16:33:16.042,1.0218,1.02184,1.20,1.00
2014.01.31 16:33:16.568,1.02179,1.02183,3.75,1.00
2014.01.31 16:33:19.580,1.0218,1.02184,1.08,1.00
2014.01.31 16:33:20.120,1.02182,1.02186,1.00,1.48
2014.01.31 16:33:20.481,1.02184,1.02188,2.25,3.60
2014.01.31 16:33:20.532,1.02185,1.02188,2.63,1.00
2014.01.31 16:33:20.633,1.02186,1.02189,1.45,1.00
2014.01.31 16:33:20.936,1.02189,1.02193,1.10,1.58
2014.01.31 16:33:20.986,1.0219,1.02194,1.08,1.50
2014.01.31 16:33:23.336,1.02191,1.02195,1.10,1.20
2014.01.31 16:33:25.636,1.0219,1.02194,1.08,1.00
2014.01.31 16:33:25.838,1.02189,1.02193,1.58,1.10
2014.01.31 16:33:26.529,1.02189,1.02191,1.10,1.00
2014.01.31 16:33:28.786,1.02191,1.02192,1.00,1.00
2014.01.31 16:33:28.837,1.02191,1.02194,2.50,1.00
2014.01.31 16:33:28.938,1.02194,1.02196,2.70,1.00
2014.01.31 16:33:29.140,1.02195,1.02199,1.08,1.00
2014.01.31 16:33:29.342,1.02196,1.022,3.38,1.00
2014.01.31 16:33:29.645,1.02198,1.02202,1.10,1.10
2014.01.31 16:33:30.623,1.02199,1.02203,1.00,1.58
2014.01.31 16:33:36.037,1.02199,1.02201,1.00,1.13
2014.01.31 16:33:36.138,1.02196,1.02199,2.18,1.38
2014.01.31 16:33:36.189,1.02195,1.02197,1.08,1.13
2014.01.31 16:33:36.290,1.02194,1.02197,1.50,1.20
2014.01.31 16:33:36.644,1.02194,1.02198,3.00,1.13
2014.01.31 16:33:36.987,1.02194,1.02198,1.10,1.20
2014.01.31 16:33:37.588,1.02193,1.02195,1.08,1.00
2014.01.31 16:33:37.740,1.02191,1.02195,3.45,1.00
2014.01.31 16:33:38.911,1.02191,1.02194,1.20,1.00
2014.01.31 16:33:42.652,1.02193,1.02195,2.10,1.00
2014.01.31 16:33:42.708,1.02197,1.022,2.55,11.60
2014.01.31 16:33:42.859,1.02203,1.02205,1.58,2.18
2014.01.31 16:33:43.061,1.02207,1.02212,2.33,1.58
2014.01.31 16:33:43.162,1.02208,1.02211,1.00,1.10
2014.01.31 16:33:43.590,1.0221,1.02214,1.10,3.12
2014.01.31 16:33:43.692,1.0221,1.02214,1.00,4.35
2014.01.31 16:33:44.246,1.02209,1.0221,1.00,1.00
2014.01.31 16:33:44.754,1.02206,1.02211,8.25,1.00
2014.01.31 16:33:52.149,1.02207,1.02211,1.95,1.00
2014.01.31 16:33:52.774,1.02208,1.02211,2.63,1.00
2014.01.31 16:33:55.425,1.02206,1.02211,2.14,1.10
2014.01.31 16:33:55.529,1.02203,1.02208,2.25,1.00
2014.01.31 16:33:55.581,1.02204,1.02206,1.48,1.00
2014.01.31 16:33:56.086,1.02204,1.02206,1.20,1.00
2014.01.31 16:33:57.359,1.02205,1.02207,1.00,1.00
2014.01.31 16:33:57.511,1.02205,1.02208,1.45,1.00
2014.01.31 16:33:59.164,1.02206,1.02209,1.48,1.00
2014.01.31 16:34:00.972,1.02208,1.02209,1.00,1.00
2014.01.31 16:34:01.074,1.02209,1.0221,1.00,1.10
2014.01.31 16:34:01.584,1.02208,1.0221,1.10,1.00
2014.01.31 16:34:02.406,1.02206,1.02209,1.48,1.00
2014.01.31 16:34:02.457,1.02204,1.02209,3.68,1.00
2014.01.31 16:34:02.558,1.02204,1.02207,1.95,1.00
2014.01.31 16:34:03.063,1.02203,1.02206,1.13,1.00
2014.01.31 16:34:03.165,1.02204,1.02207,1.58,1.00
2014.01.31 16:34:03.216,1.02204,1.02207,3.75,1.00
2014.01.31 16:34:03.468,1.02204,1.02208,4.50,1.00
2014.01.31 16:34:04.482,1.02208,1.02211,1.00,1.08
2014.01.31 16:34:05.788,1.02206,1.0221,1.10,1.20
2014.01.31 16:34:06.293,1.02207,1.02211,1.13,1.58
2014.01.31 16:34:06.799,1.02207,1.02211,1.38,1.58
2014.01.31 16:34:07.303,1.02207,1.02211,1.13,1.58
2014.01.31 16:34:10.004,1.02208,1.02211,1.00,1.08
2014.01.31 16:34:10.611,1.02207,1.02211,1.13,1.58
2014.01.31 16:34:11.118,1.02206,1.0221,1.58,1.10
2014.01.31 16:34:11.622,1.02206,1.0221,1.95,1.10
2014.01.31 16:34:11.925,1.02209,1.02211,1.00,1.08
2014.01.31 16:34:12.177,1.02209,1.02213,1.00,1.08
2014.01.31 16:34:15.584,1.0221,1.02214,1.00,7.73
2014.01.31 16:34:15.685,1.0221,1.02214,1.10,5.55
2014.01.31 16:34:16.756,1.02211,1.02215,1.00,1.58
2014.01.31 16:34:17.261,1.0221,1.02214,3.00,1.00
2014.01.31 16:34:18.643,1.0221,1.02214,1.10,1.10
2014.01.31 16:34:18.956,1.0221,1.02214,3.00,1.00
2014.01.31 16:34:19.463,1.02211,1.02215,1.20,1.00
2014.01.31 16:34:24.456,1.02211,1.02214,1.08,1.50
2014.01.31 16:34:24.809,1.02209,1.02212,1.10,3.60
2014.01.31 16:34:25.314,1.02208,1.02212,1.08,1.00
2014.01.31 16:34:26.121,1.0221,1.02213,1.00,1.10
2014.01.31 16:34:26.626,1.0221,1.02214,1.08,2.85
2014.01.31 16:34:27.140,1.02211,1.02215,1.10,1.10
2014.01.31 16:34:28.154,1.02211,1.02215,1.10,1.95
2014.01.31 16:34:28.659,1.02211,1.02213,1.00,1.05
2014.01.31 16:34:28.962,1.02206,1.0221,1.48,1.50
2014.01.31 16:34:29.064,1.02206,1.02209,1.48,1.50
2014.01.31 16:34:29.367,1.02207,1.02211,1.20,1.00
2014.01.31 16:34:30.078,1.02208,1.02211,2.63,1.00
2014.01.31 16:34:30.280,1.02209,1.02213,1.20,1.00
2014.01.31 16:34:30.735,1.02211,1.02215,1.08,1.00
2014.01.31 16:34:42.725,1.02211,1.02214,1.00,1.10
2014.01.31 16:34:43.028,1.02206,1.02209,1.00,1.10
2014.01.31 16:34:43.570,1.02206,1.0221,2.33,1.38
2014.01.31 16:34:43.671,1.02208,1.02211,1.00,1.10
2014.01.31 16:34:44.191,1.02208,1.02212,1.08,1.00
2014.01.31 16:34:46.950,1.02208,1.02212,1.00,1.08
2014.01.31 16:34:49.176,1.02208,1.02211,1.00,2.18
2014.01.31 16:34:49.328,1.02206,1.02208,1.00,1.20
2014.01.31 16:34:49.631,1.02202,1.02205,1.20,1.00
2014.01.31 16:34:51.427,1.02201,1.02204,1.88,1.10
2014.01.31 16:34:52.718,1.02201,1.02205,2.70,1.50
2014.01.31 16:34:53.768,1.02203,1.02205,1.08,1.00
2014.01.31 16:34:53.819,1.02205,1.02209,1.38,2.33
2014.01.31 16:34:53.870,1.02206,1.02209,2.63,1.50
2014.01.31 16:34:53.921,1.02208,1.02211,1.20,1.00
2014.01.31 16:34:54.425,1.02209,1.02213,1.00,1.20
2014.01.31 16:34:54.967,1.0221,1.02214,1.00,4.13
2014.01.31 16:34:55.018,1.02212,1.02214,1.00,1.10
2014.01.31 16:34:55.170,1.02212,1.02216,1.20,1.00
2014.01.31 16:34:55.221,1.02214,1.02219,4.13,7.35
2014.01.31 16:34:55.272,1.02217,1.02219,1.13,5.85
2014.01.31 16:34:55.423,1.02218,1.02221,2.70,1.00
2014.01.31 16:34:55.474,1.02219,1.02223,3.00,2.10
2014.01.31 16:34:55.995,1.0222,1.02224,1.08,1.00
2014.01.31 16:34:57.843,1.02223,1.02224,1.00,1.00
2014.01.31 16:34:57.995,1.02226,1.02228,3.68,1.13
2014.01.31 16:34:58.046,1.02227,1.0223,1.00,1.58
2014.01.31 16:34:58.147,1.02228,1.02231,2.93,3.00
2014.01.31 16:34:58.248,1.0223,1.02234,1.00,5.18
2014.01.31 16:34:58.349,1.02228,1.02231,2.55,1.50
2014.01.31 16:34:58.400,1.02227,1.02231,1.10,1.58
2014.01.31 16:34:59.056,1.02226,1.0223,1.45,1.00
2014.01.31 16:35:00.396,1.02227,1.02231,1.20,1.58
2014.01.31 16:35:02.270,1.02229,1.02231,1.00,1.10
2014.01.31 16:35:02.804,1.02229,1.02232,1.88,1.08
2014.01.31 16:35:04.172,1.02229,1.02233,1.88,3.00
2014.01.31 16:35:06.331,1.02229,1.02233,1.88,3.00
2014.01.31 16:35:06.878,1.02229,1.02233,1.50,3.00
2014.01.31 16:35:07.130,1.02214,1.02218,1.00,1.50
2014.01.31 16:35:07.181,1.02214,1.02218,1.00,5.85
2014.01.31 16:35:07.383,1.02209,1.02213,3.08,1.58
2014.01.31 16:35:07.888,1.0221,1.02214,1.00,2.93
2014.01.31 16:35:09.138,1.02212,1.02215,1.00,2.63
2014.01.31 16:35:09.188,1.02212,1.02216,1.00,1.58
2014.01.31 16:35:09.239,1.02214,1.02217,1.00,2.25
2014.01.31 16:35:09.744,1.02213,1.02216,1.00,2.25
2014.01.31 16:35:09.950,1.02211,1.02215,2.25,1.08
2014.01.31 16:35:10.051,1.02211,1.02214,2.25,2.25
2014.01.31 16:35:10.555,1.02212,1.02214,1.00,2.18
2014.01.31 16:35:10.808,1.02212,1.02215,1.00,1.38
2014.01.31 16:35:12.120,1.02212,1.02216,1.10,4.05
2014.01.31 16:35:16.979,1.0221,1.02215,3.38,2.73
2014.01.31 16:35:17.030,1.0221,1.02215,1.13,4.98
2014.01.31 16:35:17.599,1.02208,1.02213,3.45,2.20
2014.01.31 16:35:19.514,1.0221,1.02214,1.00,3.30
2014.01.31 16:35:22.302,1.02209,1.02213,1.58,1.10
2014.01.31 16:35:33.042,1.02209,1.02213,1.00,3.60
2014.01.31 16:35:33.411,1.02208,1.02209,1.13,1.00
2014.01.31 16:35:33.563,1.02203,1.02207,1.10,1.10
2014.01.31 16:35:33.665,1.02203,1.02207,1.00,3.38
2014.01.31 16:35:34.284,1.02202,1.02206,1.00,1.08
2014.01.31 16:35:34.807,1.02201,1.02204,1.10,1.00
2014.01.31 16:35:36.230,1.022,1.02203,3.00,2.10
2014.01.31 16:35:36.433,1.02198,1.02199,1.00,2.85
2014.01.31 16:35:36.635,1.02196,1.02199,1.10,2.85
2014.01.31 16:35:38.239,1.02196,1.022,1.95,1.10
2014.01.31 16:35:38.743,1.02197,1.02201,1.00,4.13
2014.01.31 16:35:41.301,1.02197,1.02201,1.20,1.58
2014.01.31 16:35:53.159,1.02198,1.02201,1.00,1.43
2014.01.31 16:35:55.162,1.02196,1.022,1.58,1.00
2014.01.31 16:35:55.693,1.02196,1.02199,1.08,1.00
2014.01.31 16:35:59.550,1.02196,1.02199,1.08,1.00
2014.01.31 16:36:08.749,1.02191,1.02197,8.25,4.00
2014.01.31 16:36:08.850,1.02191,1.02194,1.00,7.66
2014.01.31 16:36:08.902,1.02189,1.02192,1.13,2.25
2014.01.31 16:36:09.003,1.02187,1.02191,1.38,1.58
2014.01.31 16:36:09.104,1.02186,1.0219,1.58,1.10
2014.01.31 16:36:09.648,1.02186,1.02189,1.10,1.00
2014.01.31 16:36:10.704,1.02186,1.02188,1.10,1.00
2014.01.31 16:36:11.110,1.02186,1.02189,1.10,1.00
2014.01.31 16:36:12.205,1.02185,1.02189,1.08,4.73
2014.01.31 16:36:12.508,1.0218,1.02184,1.00,5.05
2014.01.31 16:36:12.963,1.02179,1.02182,1.00,2.55
2014.01.31 16:36:17.348,1.02178,1.02182,1.10,1.20
2014.01.31 16:36:20.400,1.02178,1.02182,1.10,3.45
2014.01.31 16:36:23.141,1.02177,1.02181,1.00,1.80
2014.01.31 16:36:24.225,1.02177,1.02178,1.00,1.00
2014.01.31 16:36:24.528,1.02176,1.02179,1.00,11.93
2014.01.31 16:36:24.781,1.02174,1.02178,1.00,4.80
2014.01.31 16:36:25.308,1.02174,1.02176,1.00,1.00
2014.01.31 16:36:26.592,1.02175,1.02178,1.10,2.48
2014.01.31 16:36:26.980,1.02174,1.02176,1.00,1.00
2014.01.31 16:36:28.801,1.02175,1.02178,1.20,2.85
2014.01.31 16:36:31.039,1.02175,1.02176,1.10,1.00
2014.01.31 16:36:31.241,1.02176,1.02179,1.00,1.58
2014.01.31 16:36:34.327,1.02177,1.02182,2.50,1.00
2014.01.31 16:36:34.428,1.02177,1.0218,1.10,1.88
2014.01.31 16:36:41.369,1.02176,1.02179,1.08,1.00
2014.01.31 16:36:41.874,1.02175,1.02179,1.20,1.10
2014.01.31 16:36:45.115,1.02174,1.02177,1.50,1.13
2014.01.31 16:36:45.453,1.02172,1.02175,1.00,3.00
2014.01.31 16:36:45.958,1.0217,1.02173,1.43,1.10
2014.01.31 16:36:46.484,1.02169,1.02172,1.00,1.08
2014.01.31 16:36:46.889,1.02172,1.02176,1.00,1.38
2014.01.31 16:36:47.041,1.02174,1.02177,1.50,1.58
2014.01.31 16:36:47.142,1.02175,1.02179,1.10,1.58
2014.01.31 16:36:47.799,1.02176,1.02179,1.00,1.10
2014.01.31 16:36:53.892,1.02175,1.02179,1.20,1.10
2014.01.31 16:36:53.993,1.02175,1.02177,1.00,1.50
2014.01.31 16:36:54.296,1.02168,1.02171,1.50,2.25
2014.01.31 16:36:55.376,1.02168,1.02171,1.00,2.25
2014.01.31 16:36:56.338,1.02168,1.02172,1.10,1.20
2014.01.31 16:37:03.737,1.02168,1.02172,1.10,1.58
2014.01.31 16:37:04.242,1.02168,1.0217,1.10,1.13
2014.01.31 16:37:06.355,1.02168,1.02171,1.10,1.00
2014.01.31 16:37:06.872,1.02168,1.0217,1.10,1.00
2014.01.31 16:37:07.108,1.02168,1.02172,1.10,1.58
2014.01.31 16:37:14.317,1.02169,1.02172,1.00,1.10
2014.01.31 16:37:14.822,1.02168,1.02172,1.10,1.58
2014.01.31 16:37:15.109,1.02168,1.0217,1.10,1.00
2014.01.31 16:37:15.645,1.02167,1.02169,1.00,1.00
2014.01.31 16:37:18.532,1.02164,1.02168,2.25,2.33
2014.01.31 16:37:21.488,1.02164,1.02167,1.88,1.10
2014.01.31 16:37:24.592,1.02164,1.02167,1.45,1.00
2014.01.31 16:37:25.112,1.02164,1.02167,1.45,1.00
2014.01.31 16:37:27.255,1.02167,1.0217,1.00,1.20
2014.01.31 16:37:27.357,1.02169,1.0217,1.10,1.00
2014.01.31 16:37:28.130,1.02168,1.0217,1.50,1.00
2014.01.31 16:37:28.671,1.02169,1.0217,1.00,1.00
2014.01.31 16:37:30.255,1.02167,1.0217,1.58,1.00
2014.01.31 16:37:30.758,1.02167,1.0217,1.00,1.08
2014.01.31 16:37:31.868,1.02168,1.0217,1.00,1.08
2014.01.31 16:37:33.753,1.02167,1.02168,1.00,2.18
2014.01.31 16:37:33.881,1.02165,1.02167,1.00,2.93
2014.01.31 16:37:34.386,1.02164,1.02168,1.00,4.13
2014.01.31 16:37:34.891,1.02165,1.02168,1.00,2.25
2014.01.31 16:37:35.396,1.02164,1.02167,1.00,1.08
2014.01.31 16:37:35.851,1.02162,1.02166,1.58,1.10
2014.01.31 16:37:35.902,1.02162,1.02166,1.50,3.00
2014.01.31 16:37:40.303,1.02163,1.02166,1.00,2.25
2014.01.31 16:37:43.309,1.02162,1.02166,1.52,3.00
2014.01.31 16:37:50.337,1.02161,1.02163,1.13,1.00
2014.01.31 16:37:51.990,1.02159,1.02162,1.15,1.00
2014.01.31 16:37:52.778,1.02159,1.02161,1.02,1.00
2014.01.31 16:37:52.828,1.02158,1.0216,1.60,2.10
2014.01.31 16:37:52.880,1.02154,1.02158,13.45,2.50
2014.01.31 16:37:52.981,1.02151,1.02155,1.97,1.00
2014.01.31 16:37:53.082,1.02151,1.02154,1.40,1.08
2014.01.31 16:37:53.184,1.02151,1.02153,1.40,1.10
2014.01.31 16:37:55.087,1.0215,1.02153,4.13,1.10
2014.01.31 16:37:55.339,1.0215,1.02153,4.90,1.10
2014.01.31 16:37:55.806,1.02153,1.02156,1.02,1.00
2014.01.31 16:37:56.310,1.02154,1.02158,1.97,1.00
2014.01.31 16:37:57.503,1.02154,1.02158,1.97,1.00
2014.01.31 16:37:58.999,1.02157,1.02159,1.00,1.13
2014.01.31 16:37:59.470,1.02155,1.02159,1.95,1.00
2014.01.31 16:38:04.485,1.02155,1.02157,1.10,1.00
2014.01.31 16:38:04.637,1.02152,1.02155,1.60,1.00
2014.01.31 16:38:04.940,1.02153,1.02157,1.08,1.00
2014.01.31 16:38:06.706,1.02155,1.02158,1.00,2.18
2014.01.31 16:38:07.211,1.02156,1.02158,1.00,1.43
2014.01.31 16:38:07.966,1.02156,1.0216,1.10,1.95
2014.01.31 16:38:08.472,1.02157,1.0216,1.00,1.10
2014.01.31 16:38:08.523,1.02158,1.02162,2.13,2.93
2014.01.31 16:38:08.624,1.0216,1.02164,3.75,1.00
2014.01.31 16:38:08.775,1.02163,1.02167,2.55,1.50
2014.01.31 16:38:08.915,1.02164,1.02169,3.00,2.93
2014.01.31 16:38:09.443,1.02163,1.02169,2.55,4.80
2014.01.31 16:38:10.249,1.02163,1.02167,2.93,1.00
2014.01.31 16:38:12.316,1.02163,1.02167,1.48,1.10
2014.01.31 16:38:13.262,1.02163,1.02167,1.10,4.05
2014.01.31 16:38:13.313,1.02163,1.02166,1.10,1.38
2014.01.31 16:38:13.822,1.02162,1.02165,1.00,1.10
2014.01.31 16:38:17.080,1.02164,1.02166,1.00,1.20
2014.01.31 16:38:17.133,1.02164,1.02168,1.13,1.58
2014.01.31 16:38:22.248,1.02164,1.02168,1.88,1.08
2014.01.31 16:38:23.785,1.02165,1.02168,1.20,1.00
2014.01.31 16:38:27.047,1.02164,1.02168,1.95,1.10
2014.01.31 16:38:31.533,1.02166,1.0217,1.00,3.75
2014.01.31 16:38:32.441,1.02167,1.0217,1.00,1.10
2014.01.31 16:38:32.794,1.02168,1.02171,1.08,1.00
2014.01.31 16:38:35.767,1.02168,1.02171,1.08,1.38
2014.01.31 16:38:35.969,1.02167,1.0217,1.00,1.20
2014.01.31 16:38:36.636,1.02166,1.02169,1.00,1.10
2014.01.31 16:38:37.140,1.02165,1.02169,2.70,1.10
2014.01.31 16:38:38.800,1.02165,1.02169,6.45,1.10
2014.01.31 16:38:39.103,1.02167,1.02171,1.95,1.10
2014.01.31 16:38:40.882,1.02168,1.02172,1.00,1.58
2014.01.31 16:38:43.914,1.0217,1.02172,1.00,1.58
2014.01.31 16:38:44.217,1.02175,1.02179,2.55,1.00
2014.01.31 16:38:44.268,1.02178,1.0218,1.00,1.00
2014.01.31 16:38:44.621,1.02178,1.02182,1.08,1.00
2014.01.31 16:38:45.639,1.02178,1.02182,1.00,1.88
2014.01.31 16:38:46.943,1.02177,1.02181,4.14,1.38
2014.01.31 16:38:51.566,1.02178,1.02182,1.08,1.50
2014.01.31 16:38:51.667,1.02177,1.02181,1.21,1.48
2014.01.31 16:38:52.625,1.02177,1.02181,1.21,1.48
2014.01.31 16:38:54.203,1.02178,1.02182,1.00,1.45
2014.01.31 16:38:57.993,1.02178,1.02182,2.64,1.45
2014.01.31 16:38:58.094,1.0218,1.02184,1.50,1.45
2014.01.31 16:38:59.673,1.02181,1.02184,1.00,1.45
2014.01.31 16:39:00.334,1.0218,1.02183,1.00,1.20
2014.01.31 16:39:00.385,1.02179,1.02182,1.00,2.25
2014.01.31 16:39:00.890,1.02177,1.02181,3.00,1.00
2014.01.31 16:39:01.371,1.02176,1.0218,1.58,1.00
2014.01.31 16:39:01.422,1.02176,1.0218,1.58,1.38
2014.01.31 16:39:01.523,1.02176,1.0218,1.08,1.00
2014.01.31 16:39:02.078,1.02176,1.0218,1.08,1.38
2014.01.31 16:39:02.180,1.02176,1.0218,1.08,1.00
2014.01.31 16:39:02.685,1.02176,1.0218,1.50,1.08
2014.01.31 16:39:03.272,1.02176,1.0218,1.50,1.45
2014.01.31 16:39:04.160,1.02176,1.0218,1.50,1.08
2014.01.31 16:39:04.669,1.02177,1.0218,1.00,1.45
2014.01.31 16:39:05.195,1.02177,1.0218,1.00,1.08
2014.01.31 16:39:05.736,1.02176,1.0218,1.50,1.08
2014.01.31 16:39:10.655,1.02178,1.0218,1.35,1.08
2014.01.31 16:39:10.907,1.02181,1.02185,1.89,1.20
2014.01.31 16:39:11.641,1.02181,1.02185,1.96,1.13
2014.01.31 16:39:13.377,1.02183,1.02186,1.00,1.20
2014.01.31 16:39:13.890,1.0218,1.02184,3.00,1.00
2014.01.31 16:39:14.726,1.02181,1.02185,1.08,3.23
2014.01.31 16:39:15.321,1.02181,1.02185,1.00,3.30
2014.01.31 16:39:16.192,1.02181,1.02185,1.00,1.80
2014.01.31 16:39:16.720,1.0218,1.02184,1.00,4.13
2014.01.31 16:39:18.380,1.02179,1.02184,1.50,4.13
2014.01.31 16:39:18.885,1.02179,1.02183,1.08,1.00
2014.01.31 16:39:19.994,1.0218,1.02184,1.20,1.10
2014.01.31 16:39:21.171,1.02182,1.02184,1.00,1.10
2014.01.31 16:39:22.786,1.02182,1.02186,2.63,3.00
2014.01.31 16:39:22.887,1.02183,1.02187,1.00,1.20
2014.01.31 16:39:22.989,1.02183,1.02187,3.38,1.00
2014.01.31 16:39:23.141,1.02185,1.02189,1.20,2.33
2014.01.31 16:39:25.922,1.02185,1.02189,1.48,1.58
2014.01.31 16:39:26.175,1.02189,1.02193,3.63,5.78
2014.01.31 16:39:26.377,1.0219,1.02194,1.10,1.10
2014.01.31 16:39:27.299,1.02192,1.02194,1.00,1.20
2014.01.31 16:39:27.400,1.02193,1.02197,4.13,1.00
2014.01.31 16:39:27.501,1.02196,1.02198,1.20,1.00
2014.01.31 16:39:28.005,1.02196,1.02199,1.20,1.50
2014.01.31 16:39:31.025,1.02196,1.022,1.20,1.13
2014.01.31 16:39:32.083,1.02197,1.02201,1.20,1.10
2014.01.31 16:39:32.588,1.02198,1.02202,1.00,1.08
2014.01.31 16:39:34.259,1.02198,1.02202,1.08,1.00
2014.01.31 16:39:38.425,1.02198,1.02201,1.08,1.00
2014.01.31 16:39:38.577,1.02197,1.02201,1.20,2.18
2014.01.31 16:39:38.898,1.02197,1.02199,1.10,1.00
2014.01.31 16:39:39.201,1.02195,1.02198,1.20,1.00
2014.01.31 16:39:39.706,1.02194,1.02198,1.00,3.30
2014.01.31 16:39:41.512,1.02194,1.02197,1.00,2.25
2014.01.31 16:39:42.038,1.02193,1.02197,1.00,3.00
2014.01.31 16:39:43.505,1.02193,1.02197,1.48,2.33
2014.01.31 16:39:45.602,1.02195,1.02198,1.00,1.08
2014.01.31 16:39:46.107,1.02195,1.02198,1.10,1.00
2014.01.31 16:39:46.619,1.02195,1.02199,1.20,2.93
2014.01.31 16:39:48.637,1.02194,1.02198,1.08,2.63
2014.01.31 16:39:49.144,1.02195,1.02199,1.00,1.95
2014.01.31 16:39:51.523,1.02195,1.02198,1.00,4.35
2014.01.31 16:39:51.573,1.02193,1.02197,6.38,1.08
2014.01.31 16:39:52.082,1.02193,1.02197,1.00,3.38
2014.01.31 16:39:53.931,1.02192,1.02194,1.00,1.00
2014.01.31 16:39:54.360,1.02191,1.02192,1.00,1.00
2014.01.31 16:39:54.411,1.02188,1.02192,9.72,3.00
2014.01.31 16:39:54.916,1.02187,1.02191,1.00,1.08
2014.01.31 16:39:57.532,1.02186,1.02189,1.10,1.00
2014.01.31 16:39:57.633,1.02184,1.02188,1.58,1.10
2014.01.31 16:39:57.917,1.02184,1.02188,1.50,3.00
2014.01.31 16:40:00.142,1.02182,1.02186,2.70,1.10
2014.01.31 16:40:00.294,1.02182,1.02183,1.00,1.13
2014.01.31 16:40:00.346,1.02179,1.02183,1.08,1.13
2014.01.31 16:40:00.397,1.02178,1.02182,1.58,1.10
2014.01.31 16:40:00.902,1.02179,1.02183,1.58,1.00
2014.01.31 16:40:01.617,1.0218,1.02184,1.10,1.10
2014.01.31 16:40:01.920,1.02182,1.02184,1.10,1.00
2014.01.31 16:40:02.122,1.02185,1.02189,1.20,3.00
2014.01.31 16:40:05.007,1.02186,1.0219,1.58,1.20
2014.01.31 16:40:05.612,1.02186,1.0219,2.70,1.10
2014.01.31 16:40:06.117,1.02187,1.02191,1.20,1.00
2014.01.31 16:40:06.626,1.02189,1.02191,1.00,1.00
2014.01.31 16:40:09.234,1.0219,1.02194,1.00,3.00
2014.01.31 16:40:09.335,1.0219,1.02194,1.08,1.00
2014.01.31 16:40:11.028,1.02189,1.02194,4.50,1.00
2014.01.31 16:40:11.497,1.02189,1.02192,2.18,2.50
2014.01.31 16:40:11.548,1.02188,1.02192,1.08,4.73
2014.01.31 16:40:11.649,1.02187,1.02192,2.33,4.80
2014.01.31 16:40:12.214,1.02186,1.0219,1.08,2.13
2014.01.31 16:40:14.836,1.02186,1.0219,1.58,1.13
2014.01.31 16:40:15.088,1.02189,1.0219,1.00,1.00
2014.01.31 16:40:16.028,1.02189,1.02191,1.00,1.10
2014.01.31 16:40:17.368,1.02189,1.02193,1.58,1.58
2014.01.31 16:40:19.987,1.02191,1.02193,1.13,1.10
2014.01.31 16:40:20.038,1.02192,1.02195,1.80,1.00
2014.01.31 16:40:20.089,1.02193,1.02195,1.43,1.00
2014.01.31 16:40:20.139,1.02195,1.02198,1.38,1.58
2014.01.31 16:40:20.291,1.02195,1.02199,1.45,1.89
2014.01.31 16:40:21.604,1.02195,1.02198,1.45,1.00
2014.01.31 16:40:22.458,1.02195,1.02199,1.95,1.89
2014.01.31 16:40:23.013,1.02195,1.02198,1.95,1.00
2014.01.31 16:40:23.216,1.02196,1.022,3.38,2.64
2014.01.31 16:40:23.445,1.02198,1.02202,3.75,1.50
2014.01.31 16:40:23.698,1.02198,1.02202,1.58,1.10
2014.01.31 16:40:24.203,1.02197,1.02201,1.20,1.74
2014.01.31 16:40:25.724,1.02196,1.022,3.00,1.13
2014.01.31 16:40:25.825,1.02196,1.022,1.00,1.20
2014.01.31 16:40:27.120,1.02198,1.02201,1.00,2.94
2014.01.31 16:40:27.474,1.02197,1.02199,1.00,2.56
2014.01.31 16:40:27.727,1.02197,1.022,1.00,1.81
2014.01.31 16:40:28.131,1.02196,1.022,1.13,3.31
2014.01.31 16:40:29.052,1.02194,1.02198,1.95,1.00
2014.01.31 16:40:29.506,1.02194,1.02198,1.00,1.20
2014.01.31 16:40:30.901,1.02194,1.02198,1.88,1.08
2014.01.31 16:40:31.070,1.02196,1.022,1.20,1.96
2014.01.31 16:40:31.575,1.02197,1.02201,1.13,1.21
2014.01.31 16:40:39.898,1.02196,1.022,1.10,2.94
2014.01.31 16:40:40.150,1.02196,1.022,3.00,2.86
2014.01.31 16:40:41.274,1.02196,1.022,1.10,2.94
2014.01.31 16:40:41.527,1.02193,1.02197,1.58,1.73
2014.01.31 16:40:41.770,1.02191,1.02195,1.10,1.10
2014.01.31 16:40:42.224,1.02189,1.02193,4.88,1.00
2014.01.31 16:40:42.829,1.0219,1.02194,1.20,1.00
2014.01.31 16:40:43.930,1.02192,1.02194,1.13,1.00
2014.01.31 16:40:44.082,1.02194,1.02198,4.95,1.58
2014.01.31 16:40:44.587,1.02195,1.02199,4.95,1.00
2014.01.31 16:40:46.059,1.02196,1.022,1.20,1.58
2014.01.31 16:40:52.531,1.02198,1.022,1.00,1.10
2014.01.31 16:40:52.905,1.022,1.02203,1.08,1.13
2014.01.31 16:40:53.578,1.02202,1.02203,1.00,1.13
2014.01.31 16:40:53.680,1.02203,1.02207,2.25,1.00
2014.01.31 16:40:54.525,1.02203,1.02207,1.00,1.08
2014.01.31 16:40:55.048,1.02202,1.02206,1.95,1.10
2014.01.31 16:40:55.351,1.022,1.02204,1.88,1.08
2014.01.31 16:40:55.869,1.02198,1.02202,3.08,1.00
2014.01.31 16:40:56.172,1.02198,1.02202,3.00,3.00
2014.01.31 16:40:58.824,1.02199,1.02202,1.00,2.25
2014.01.31 16:40:58.875,1.02199,1.02203,1.50,1.95
2014.01.31 16:41:00.330,1.022,1.02203,1.00,1.95
2014.01.31 16:41:00.877,1.02199,1.02203,1.00,1.95
2014.01.31 16:41:02.186,1.02199,1.02203,1.38,1.58
2014.01.31 16:41:02.338,1.02201,1.02204,1.00,1.10
2014.01.31 16:41:02.759,1.02203,1.02205,1.00,1.00
2014.01.31 16:41:03.024,1.02205,1.02208,1.38,1.10
2014.01.31 16:41:03.989,1.02205,1.02209,1.45,1.00
2014.01.31 16:41:04.494,1.02207,1.02211,1.00,2.33
2014.01.31 16:41:05.008,1.02205,1.02209,1.45,1.00
2014.01.31 16:41:05.729,1.02205,1.02208,1.45,1.00
2014.01.31 16:41:06.082,1.02208,1.02211,2.33,1.00
2014.01.31 16:41:06.234,1.02209,1.02213,1.48,1.10
2014.01.31 16:41:06.920,1.02209,1.02213,1.20,1.10
2014.01.31 16:41:06.971,1.02209,1.02213,3.38,1.00
2014.01.31 16:41:09.936,1.02212,1.02213,1.00,1.00
2014.01.31 16:41:10.088,1.02213,1.02216,1.95,1.00
2014.01.31 16:41:10.139,1.02215,1.02217,1.00,1.00
2014.01.31 16:41:10.291,1.02216,1.02219,1.20,6.75
2014.01.31 16:41:10.595,1.02218,1.02221,1.50,1.08
2014.01.31 16:41:11.100,1.02218,1.0222,1.08,1.00
2014.01.31 16:41:11.604,1.02218,1.0222,1.00,1.00
2014.01.31 16:41:11.908,1.02215,1.02219,1.10,1.58
2014.01.31 16:41:12.010,1.02214,1.02216,1.58,2.25
2014.01.31 16:41:12.111,1.02211,1.02215,1.58,1.20
2014.01.31 16:41:12.452,1.0221,1.02214,1.00,3.00
2014.01.31 16:41:12.964,1.02209,1.02213,1.50,1.08
2014.01.31 16:41:13.419,1.02207,1.02211,1.38,1.58
2014.01.31 16:41:13.571,1.02206,1.02209,1.95,1.50
2014.01.31 16:41:13.622,1.02204,1.02207,2.18,1.00
2014.01.31 16:41:13.672,1.02202,1.02206,1.58,1.00
2014.01.31 16:41:14.178,1.02203,1.02207,1.80,1.10
2014.01.31 16:41:15.087,1.02203,1.02207,1.48,1.10
2014.01.31 16:41:15.239,1.02203,1.02207,1.10,1.10
2014.01.31 16:41:15.989,1.02203,1.02207,3.00,1.00
2014.01.31 16:41:16.241,1.02203,1.02207,1.58,1.10
2014.01.31 16:41:16.791,1.02202,1.02206,1.45,1.00
2014.01.31 16:41:17.295,1.02202,1.02206,1.08,1.00
2014.01.31 16:41:18.995,1.02202,1.02206,1.45,1.00
2014.01.31 16:41:19.399,1.02204,1.02208,3.00,2.25
2014.01.31 16:41:19.927,1.02206,1.02209,1.10,1.00
2014.01.31 16:41:20.230,1.02207,1.0221,1.45,1.00
2014.01.31 16:41:20.280,1.02209,1.02212,1.20,1.50
2014.01.31 16:41:20.785,1.02209,1.02213,1.45,1.50
2014.01.31 16:41:21.674,1.0221,1.02213,1.10,1.00
2014.01.31 16:41:21.775,1.0221,1.02213,1.48,1.00
2014.01.31 16:41:24.162,1.0221,1.02213,1.10,1.13
2014.01.31 16:41:24.265,1.02207,1.02211,1.08,1.00
2014.01.31 16:41:24.670,1.02204,1.02208,1.95,1.00
2014.01.31 16:41:24.721,1.02204,1.02208,1.20,1.50
2014.01.31 16:41:24.773,1.02203,1.02206,3.38,1.00
2014.01.31 16:41:24.824,1.02203,1.02206,1.10,1.00
2014.01.31 16:41:25.581,1.02201,1.02204,2.25,1.00
2014.01.31 16:41:25.783,1.022,1.02204,1.20,1.10
2014.01.31 16:41:26.566,1.022,1.02204,1.48,1.10
2014.01.31 16:41:29.145,1.022,1.02204,1.48,1.10
2014.01.31 16:41:29.297,1.02201,1.02205,1.88,1.50
2014.01.31 16:41:29.716,1.02201,1.02205,1.38,1.08
2014.01.31 16:41:30.221,1.022,1.02204,1.48,1.10
2014.01.31 16:41:32.293,1.022,1.02204,1.48,1.10
2014.01.31 16:41:32.445,1.02202,1.02206,1.48,1.58
2014.01.31 16:41:32.546,1.02203,1.02206,1.50,2.25
2014.01.31 16:41:32.674,1.02203,1.02207,1.95,1.10
2014.01.31 16:41:33.188,1.02203,1.02207,1.95,1.10
2014.01.31 16:41:33.239,1.02202,1.02205,1.00,2.50
2014.01.31 16:41:33.290,1.02201,1.02204,4.05,2.50
2014.01.31 16:41:33.341,1.02201,1.02204,1.58,1.50
2014.01.31 16:41:33.442,1.022,1.02204,1.50,3.75
2014.01.31 16:41:37.134,1.02201,1.02204,1.38,1.10
2014.01.31 16:41:38.406,1.02201,1.02204,1.13,1.10
2014.01.31 16:41:38.609,1.02203,1.02206,1.00,2.18
2014.01.31 16:41:38.660,1.02205,1.02209,4.88,3.75
2014.01.31 16:41:38.761,1.02207,1.0221,1.48,1.00
2014.01.31 16:41:39.014,1.02208,1.02212,1.20,1.00
2014.01.31 16:41:39.599,1.02208,1.02212,1.45,1.00
2014.01.31 16:41:41.546,1.02209,1.02213,1.95,1.10
2014.01.31 16:41:42.056,1.02209,1.02213,1.58,1.10
2014.01.31 16:41:43.309,1.02209,1.02213,1.48,1.10
2014.01.31 16:41:43.814,1.02209,1.02213,1.10,1.20
2014.01.31 16:41:44.537,1.02209,1.02213,1.48,1.10
2014.01.31 16:41:44.587,1.02209,1.02213,1.38,3.00
2014.01.31 16:41:45.104,1.02209,1.02213,1.38,2.93
2014.01.31 16:41:45.511,1.0221,1.02214,1.13,1.08
2014.01.31 16:41:46.292,1.02211,1.02214,1.00,1.08
2014.01.31 16:41:46.494,1.02211,1.02215,1.58,1.10
2014.01.31 16:41:48.022,1.02211,1.02215,1.95,1.10
2014.01.31 16:41:48.073,1.02211,1.02214,1.48,1.00
2014.01.31 16:41:48.579,1.02211,1.02213,1.10,1.00
2014.01.31 16:41:49.479,1.0221,1.02213,1.88,1.00
2014.01.31 16:41:53.521,1.02211,1.02213,1.08,1.00
2014.01.31 16:41:53.925,1.02211,1.02215,1.00,2.25
2014.01.31 16:41:54.026,1.02211,1.02217,1.10,2.63
2014.01.31 16:41:54.596,1.02211,1.02214,1.10,1.00
2014.01.31 16:41:59.335,1.02212,1.02215,2.25,1.00
2014.01.31 16:41:59.537,1.02211,1.02214,1.10,1.00
2014.01.31 16:42:01.511,1.0221,1.02211,1.00,1.00
2014.01.31 16:42:01.764,1.02208,1.02212,1.10,1.10
2014.01.31 16:42:01.865,1.02206,1.0221,1.95,1.10
2014.01.31 16:42:02.369,1.02206,1.0221,1.48,1.10
2014.01.31 16:42:03.590,1.02206,1.02209,1.48,1.00
2014.01.31 16:42:03.743,1.02202,1.02207,9.00,1.00
2014.01.31 16:42:03.844,1.02202,1.02206,2.25,1.08
2014.01.31 16:42:04.349,1.02202,1.02206,1.20,1.00
2014.01.31 16:42:05.779,1.02203,1.02207,4.05,1.58
2014.01.31 16:42:05.830,1.02205,1.0221,1.48,2.33
2014.01.31 16:42:05.881,1.02206,1.0221,3.23,3.08
2014.01.31 16:42:06.083,1.02209,1.02212,1.00,1.08
2014.01.31 16:42:06.587,1.02207,1.02211,1.00,5.63
2014.01.31 16:42:06.789,1.02205,1.02209,1.10,1.10
2014.01.31 16:42:07.142,1.02203,1.02206,2.25,1.00
2014.01.31 16:42:07.294,1.02201,1.02205,1.95,1.00
2014.01.31 16:42:09.139,1.02204,1.02205,1.10,1.00
2014.01.31 16:42:09.190,1.02205,1.02209,1.00,2.33
2014.01.31 16:42:09.292,1.02205,1.02209,1.45,2.25
2014.01.31 16:42:09.746,1.02205,1.02209,1.08,3.38
2014.01.31 16:42:10.048,1.02205,1.02209,1.45,2.63
2014.01.31 16:42:10.502,1.02208,1.02212,1.95,1.00
2014.01.31 16:42:11.044,1.02209,1.02213,1.10,1.10
2014.01.31 16:42:12.211,1.02208,1.02212,1.08,1.00
2014.01.31 16:42:12.717,1.02209,1.02213,1.10,1.10
2014.01.31 16:42:13.481,1.0221,1.02213,1.00,1.10
2014.01.31 16:42:13.582,1.02211,1.02215,1.88,3.00
2014.01.31 16:42:13.684,1.02209,1.02212,2.48,1.10
2014.01.31 16:42:14.189,1.02209,1.02213,1.00,1.08
2014.01.31 16:42:15.691,1.02208,1.02211,2.70,2.10
2014.01.31 16:42:16.195,1.02208,1.02211,1.38,1.10
2014.01.31 16:42:19.084,1.02209,1.02212,1.10,1.00
2014.01.31 16:42:22.402,1.02209,1.02212,1.50,1.08
2014.01.31 16:42:25.726,1.02206,1.0221,3.08,1.00
2014.01.31 16:42:26.231,1.02206,1.0221,1.88,1.08
2014.01.31 16:42:26.751,1.02208,1.0221,1.50,1.08
2014.01.31 16:42:28.098,1.02209,1.02211,1.00,2.93
2014.01.31 16:42:29.598,1.02208,1.0221,1.50,1.08
2014.01.31 16:42:30.052,1.02205,1.02209,1.48,1.10
2014.01.31 16:42:32.667,1.02204,1.02209,1.08,3.55
2014.01.31 16:42:32.970,1.02203,1.02208,1.13,4.13
2014.01.31 16:42:33.331,1.02203,1.02208,1.30,4.78
2014.01.31 16:42:33.586,1.02205,1.02208,1.00,3.26
2014.01.31 16:42:33.794,1.02205,1.02209,1.00,1.58
2014.01.31 16:42:34.299,1.02203,1.02209,1.88,13.73
2014.01.31 16:42:34.653,1.02204,1.02209,1.88,5.13
2014.01.31 16:42:36.732,1.02205,1.02209,1.00,5.25
2014.01.31 16:42:36.901,1.02206,1.0221,1.88,1.00
2014.01.31 16:42:40.852,1.02208,1.02211,1.38,2.93
2014.01.31 16:42:40.953,1.02208,1.02211,1.13,3.00
2014.01.31 16:42:41.054,1.02208,1.02211,1.13,1.10
2014.01.31 16:42:41.886,1.02206,1.02209,1.45,1.00
2014.01.31 16:42:42.232,1.02206,1.02208,1.88,2.18
2014.01.31 16:42:42.283,1.02206,1.0221,1.88,1.08
2014.01.31 16:42:42.789,1.02208,1.02211,1.00,3.00
2014.01.31 16:42:48.539,1.02208,1.02211,1.00,1.10
2014.01.31 16:42:49.872,1.02208,1.02212,1.38,1.08
2014.01.31 16:42:50.377,1.0221,1.02213,1.00,3.00
2014.01.31 16:42:52.222,1.02209,1.02212,1.13,2.25
2014.01.31 16:42:53.983,1.0221,1.02214,1.00,6.38
2014.01.31 16:42:54.287,1.02207,1.02211,1.00,2.70
2014.01.31 16:42:54.338,1.02205,1.02209,4.95,1.00
2014.01.31 16:42:54.842,1.02207,1.02209,1.00,1.10
2014.01.31 16:42:54.994,1.02208,1.02211,1.00,1.10
2014.01.31 16:42:55.919,1.0221,1.02213,1.00,3.38
2014.01.31 16:42:58.740,1.02209,1.02213,1.00,3.38
2014.01.31 16:42:59.045,1.02207,1.02211,1.50,6.23
2014.01.31 16:42:59.348,1.02203,1.02207,1.00,3.00
2014.01.31 16:42:59.702,1.02204,1.02208,1.10,1.10
2014.01.31 16:43:00.005,1.02203,1.02207,1.00,1.08
2014.01.31 16:43:00.936,1.02202,1.02206,1.50,3.00
2014.01.31 16:43:01.259,1.02203,1.02207,1.00,1.58
2014.01.31 16:43:01.310,1.02204,1.02207,1.38,1.08
2014.01.31 16:43:01.361,1.02205,1.02208,1.20,1.50
2014.01.31 16:43:01.462,1.02204,1.02208,1.10,1.10
2014.01.31 16:43:01.970,1.02203,1.02208,1.08,3.33
2014.01.31 16:43:02.188,1.02202,1.02207,2.25,2.13
2014.01.31 16:43:02.393,1.02201,1.02206,1.95,2.20
2014.01.31 16:43:03.925,1.02201,1.02206,1.50,4.13
2014.01.31 16:43:06.512,1.02201,1.02204,1.00,2.20
2014.01.31 16:43:06.764,1.02197,1.02203,1.45,2.23
2014.01.31 16:43:06.916,1.02197,1.02202,1.13,5.26
2014.01.31 16:43:12.709,1.02195,1.02199,1.08,1.50
2014.01.31 16:43:13.257,1.02196,1.022,1.00,3.75
2014.01.31 16:43:13.413,1.02196,1.022,1.10,1.20
2014.01.31 16:43:13.766,1.02195,1.02197,1.08,1.00
2014.01.31 16:43:13.867,1.02193,1.02195,1.00,1.00
2014.01.31 16:43:13.968,1.02191,1.02194,1.00,1.10
2014.01.31 16:43:14.472,1.0219,1.02194,1.10,1.10
2014.01.31 16:43:15.030,1.02189,1.02193,2.33,1.00
2014.01.31 16:43:15.332,1.02188,1.02191,1.10,1.00
2014.01.31 16:43:16.139,1.02188,1.02192,1.20,1.58
2014.01.31 16:43:16.643,1.02187,1.02191,1.73,1.00
2014.01.31 16:43:17.225,1.02187,1.02192,1.20,3.00
2014.01.31 16:43:19.143,1.02184,1.02188,6.38,1.00
2014.01.31 16:43:19.194,1.02184,1.02188,2.70,1.10
2014.01.31 16:43:21.794,1.02184,1.02185,1.10,1.00
2014.01.31 16:43:21.844,1.02182,1.02185,2.33,1.00
2014.01.31 16:43:21.946,1.02179,1.02183,2.70,1.10
2014.01.31 16:43:22.450,1.02178,1.02182,1.08,1.13
2014.01.31 16:43:23.287,1.02178,1.02181,1.08,1.00
2014.01.31 16:43:23.590,1.02177,1.02178,1.00,1.00
2014.01.31 16:43:25.284,1.02175,1.02177,1.08,1.00
2014.01.31 16:43:25.486,1.02173,1.02177,1.10,1.58
2014.01.31 16:43:25.797,1.02173,1.02177,3.00,1.50
2014.01.31 16:43:26.151,1.02172,1.02176,2.33,1.00
2014.01.31 16:43:27.470,1.02173,1.02177,1.10,1.58
2014.01.31 16:43:27.734,1.02173,1.02177,3.00,1.00
2014.01.31 16:43:28.394,1.02175,1.02179,2.18,1.10
2014.01.31 16:43:28.445,1.02177,1.02179,1.00,1.10
2014.01.31 16:43:28.915,1.02177,1.0218,2.50,1.00
2014.01.31 16:43:29.016,1.02177,1.02179,1.00,1.10
2014.01.31 16:43:30.179,1.02176,1.02178,1.50,1.00
2014.01.31 16:43:30.332,1.02174,1.02177,1.58,2.85
2014.01.31 16:43:30.434,1.02169,1.02174,2.55,4.75
2014.01.31 16:43:30.638,1.02165,1.02171,1.08,2.58
2014.01.31 16:43:31.939,1.02167,1.02171,1.00,1.95
2014.01.31 16:43:32.091,1.02168,1.02171,1.00,1.08
2014.01.31 16:43:32.343,1.02173,1.02175,1.00,1.00
2014.01.31 16:43:32.544,1.02173,1.02177,3.00,1.00
2014.01.31 16:43:33.099,1.02173,1.02177,1.10,1.20
2014.01.31 16:43:33.200,1.02172,1.02177,1.00,6.23
2014.01.31 16:43:33.578,1.0217,1.02175,1.00,4.01
2014.01.31 16:43:33.882,1.02172,1.02176,1.20,1.50
2014.01.31 16:43:34.313,1.02176,1.02178,1.10,1.00
2014.01.31 16:43:34.415,1.02177,1.02181,1.13,1.58
2014.01.31 16:43:35.007,1.02178,1.02182,1.00,3.75
2014.01.31 16:43:35.058,1.02178,1.02182,1.10,1.10
2014.01.31 16:43:39.721,1.02177,1.02181,1.20,1.00
2014.01.31 16:43:40.543,1.02178,1.02182,1.10,1.10
2014.01.31 16:43:41.366,1.02178,1.02181,1.10,2.10
2014.01.31 16:43:41.618,1.02176,1.02179,1.10,1.00
2014.01.31 16:43:42.248,1.02175,1.02177,1.58,1.00
2014.01.31 16:43:42.450,1.02174,1.02177,1.10,1.00
2014.01.31 16:43:42.753,1.02175,1.02177,1.08,1.00
2014.01.31 16:43:43.056,1.02177,1.02179,1.08,1.00
2014.01.31 16:43:44.425,1.02178,1.02182,1.10,1.58
2014.01.31 16:43:44.579,1.0218,1.02183,1.00,1.08
2014.01.31 16:43:46.745,1.02177,1.02181,1.45,2.50
2014.01.31 16:43:47.048,1.02177,1.02179,1.08,1.00
2014.01.31 16:43:53.231,1.02177,1.0218,1.08,1.00
2014.01.31 16:43:53.383,1.0218,1.02181,1.00,1.00
2014.01.31 16:43:53.966,1.0218,1.02184,1.00,3.00
2014.01.31 16:43:57.508,1.02179,1.02182,1.00,1.10
2014.01.31 16:43:58.049,1.02177,1.02181,1.08,1.00
2014.01.31 16:44:00.233,1.02179,1.02183,1.00,1.95
2014.01.31 16:44:01.855,1.02181,1.02184,1.00,3.75
2014.01.31 16:44:02.108,1.02184,1.02187,1.58,1.50
2014.01.31 16:44:02.209,1.02185,1.02187,1.08,1.50
2014.01.31 16:44:02.729,1.02185,1.02188,1.08,1.00
2014.01.31 16:44:03.083,1.02186,1.0219,1.10,3.08
2014.01.31 16:44:03.436,1.02187,1.02191,1.43,1.50
2014.01.31 16:44:04.245,1.02187,1.02192,1.08,2.70
2014.01.31 16:44:05.852,1.02187,1.02191,1.58,1.00
2014.01.31 16:44:08.080,1.02187,1.02189,1.43,1.50
2014.01.31 16:44:08.585,1.02187,1.02189,1.10,1.50
2014.01.31 16:44:08.636,1.02187,1.02191,1.10,1.95
2014.01.31 16:44:10.043,1.02187,1.0219,1.10,1.00
2014.01.31 16:44:10.547,1.02185,1.02189,3.00,1.00
2014.01.31 16:44:12.951,1.02185,1.02189,1.10,1.10
2014.01.31 16:44:17.138,1.02184,1.02188,1.58,1.00
2014.01.31 16:44:17.189,1.02184,1.02188,1.00,4.50
2014.01.31 16:44:17.290,1.02184,1.02188,2.18,1.10
2014.01.31 16:44:18.406,1.02185,1.02189,1.00,1.58
2014.01.31 16:44:21.736,1.02186,1.0219,1.10,1.10
2014.01.31 16:44:26.058,1.02187,1.02191,1.00,1.08
2014.01.31 16:44:29.882,1.02186,1.0219,1.10,1.20
2014.01.31 16:44:29.983,1.02185,1.02188,1.08,1.00
2014.01.31 16:44:31.076,1.02184,1.02187,2.93,1.00
2014.01.31 16:44:31.127,1.02182,1.02186,3.75,1.50
2014.01.31 16:44:31.229,1.02182,1.02185,1.10,1.00
2014.01.31 16:44:31.733,1.02181,1.02184,1.08,1.13
2014.01.31 16:44:32.238,1.02181,1.02184,1.00,1.20
2014.01.31 16:44:36.376,1.02181,1.02182,1.00,1.00
2014.01.31 16:44:36.427,1.02179,1.02182,1.10,1.00
2014.01.31 16:44:38.155,1.02181,1.02182,1.00,1.10
2014.01.31 16:44:38.408,1.02181,1.02185,2.85,1.20
2014.01.31 16:44:38.509,1.02184,1.02186,2.10,1.10
2014.01.31 16:44:38.610,1.02186,1.02188,1.10,1.00
2014.01.31 16:44:38.712,1.02187,1.0219,1.00,1.58
2014.01.31 16:44:39.221,1.02188,1.0219,1.10,1.50
2014.01.31 16:44:39.423,1.0219,1.02193,1.00,1.97
2014.01.31 16:44:39.524,1.02188,1.0219,1.10,1.50
2014.01.31 16:44:39.575,1.02188,1.02192,1.10,1.22
2014.01.31 16:44:40.079,1.02189,1.02193,1.00,1.20
2014.01.31 16:44:40.583,1.02188,1.02192,1.10,1.10
2014.01.31 16:44:40.785,1.02187,1.02191,1.13,1.08
2014.01.31 16:44:42.854,1.02186,1.0219,1.58,1.10
2014.01.31 16:44:50.745,1.02186,1.0219,1.10,1.48
2014.01.31 16:44:50.947,1.02182,1.02186,1.58,2.70
2014.01.31 16:44:50.998,1.02182,1.02183,1.50,1.10
2014.01.31 16:44:51.048,1.02179,1.02182,1.20,1.00
2014.01.31 16:44:51.200,1.02179,1.02182,1.00,3.00
2014.01.31 16:44:51.838,1.02178,1.02182,1.00,3.00
2014.01.31 16:44:52.293,1.02182,1.02183,1.00,1.13
2014.01.31 16:44:52.343,1.02182,1.02185,1.00,1.10
2014.01.31 16:44:52.545,1.02181,1.02183,1.10,1.00
2014.01.31 16:44:52.807,1.02177,1.02181,1.58,1.10
2014.01.31 16:44:53.115,1.02179,1.02181,1.00,1.10
2014.01.31 16:44:53.418,1.02185,1.02187,1.00,1.00
2014.01.31 16:44:53.938,1.02185,1.02189,1.00,1.08
2014.01.31 16:44:59.578,1.02185,1.02189,1.38,1.08
2014.01.31 16:44:59.773,1.02187,1.02191,1.20,1.50
2014.01.31 16:44:59.824,1.0219,1.02193,1.50,1.58
2014.01.31 16:44:59.875,1.02192,1.02196,5.36,1.00
2014.01.31 16:44:59.926,1.02195,1.02198,2.88,9.05
2014.01.31 16:44:59.977,1.02197,1.022,1.20,1.00
2014.01.31 16:45:00.129,1.02197,1.02201,1.08,1.13
2014.01.31 16:45:02.617,1.02197,1.02201,1.13,1.08
2014.01.31 16:45:03.327,1.02196,1.022,1.20,1.10
2014.01.31 16:45:03.378,1.02196,1.02199,1.13,2.25
2014.01.31 16:45:03.934,1.02196,1.022,1.13,1.08
2014.01.31 16:45:05.732,1.02196,1.022,1.88,1.08
2014.01.31 16:45:20.738,1.02195,1.02196,1.10,1.50
2014.01.31 16:45:20.839,1.02192,1.02196,1.00,2.33
2014.01.31 16:45:21.092,1.02191,1.02194,1.00,1.20
2014.01.31 16:45:21.416,1.0219,1.02193,1.00,2.25
2014.01.31 16:45:21.769,1.0219,1.02194,1.00,1.58
2014.01.31 16:45:23.068,1.02189,1.02192,1.10,1.00
2014.01.31 16:45:23.270,1.02187,1.0219,2.25,1.00
2014.01.31 16:45:23.321,1.02186,1.0219,1.08,1.00
2014.01.31 16:45:24.341,1.02189,1.0219,1.00,1.00
2014.01.31 16:45:24.393,1.02189,1.02193,1.58,1.10
2014.01.31 16:45:25.403,1.0219,1.02194,1.00,1.08
2014.01.31 16:45:26.207,1.02192,1.02195,1.00,2.25
2014.01.31 16:45:26.308,1.02194,1.02197,1.08,1.00
2014.01.31 16:45:26.812,1.02194,1.02196,1.00,1.00
2014.01.31 16:45:27.519,1.02191,1.02195,3.00,1.00
2014.01.31 16:45:27.923,1.02194,1.02199,2.25,4.54
2014.01.31 16:45:28.024,1.02192,1.02196,3.00,1.00
2014.01.31 16:45:28.327,1.02194,1.02198,1.10,1.10
2014.01.31 16:45:28.428,1.02197,1.02199,1.00,2.33
2014.01.31 16:45:28.932,1.02197,1.02199,1.00,2.25
2014.01.31 16:45:31.199,1.02198,1.02199,1.00,1.00
2014.01.31 16:45:31.303,1.02199,1.02201,1.50,1.00
2014.01.31 16:45:31.808,1.02199,1.02202,1.14,1.48
2014.01.31 16:45:32.313,1.02198,1.02202,1.58,1.48
2014.01.31 16:45:33.429,1.02199,1.02202,1.00,1.48
2014.01.31 16:45:33.932,1.02196,1.022,3.39,1.38
2014.01.31 16:45:34.736,1.02196,1.022,3.39,1.13
2014.01.31 16:45:50.757,1.02196,1.022,3.39,1.38
2014.01.31 16:45:51.989,1.02196,1.022,1.21,1.38
2014.01.31 16:46:00.127,1.02196,1.022,1.59,1.00
2014.01.31 16:46:06.818,1.02196,1.02199,1.45,1.00
2014.01.31 16:46:06.869,1.02196,1.02199,1.08,1.00
2014.01.31 16:46:06.920,1.02195,1.02196,1.00,1.88
2014.01.31 16:46:07.021,1.02191,1.02195,1.00,3.00
2014.01.31 16:46:07.173,1.0219,1.02194,1.00,1.08
2014.01.31 16:46:07.757,1.02189,1.02193,1.58,1.10
2014.01.31 16:46:07.808,1.02189,1.02193,3.75,1.00
2014.01.31 16:46:08.168,1.02189,1.02191,2.18,1.00
2014.01.31 16:46:08.270,1.02187,1.02191,1.95,1.10
2014.01.31 16:46:08.777,1.02187,1.0219,1.20,1.00
2014.01.31 16:46:10.484,1.02188,1.02192,1.00,2.70
2014.01.31 16:46:11.089,1.02188,1.02192,1.00,2.70
2014.01.31 16:46:12.180,1.02187,1.02191,1.10,1.48
2014.01.31 16:46:12.789,1.02188,1.02192,1.00,3.45
2014.01.31 16:46:17.792,1.02187,1.02191,1.10,1.10
2014.01.31 16:46:26.295,1.02186,1.02189,1.08,1.00
2014.01.31 16:46:26.456,1.02182,1.02186,1.10,2.70
2014.01.31 16:46:26.507,1.02181,1.02184,1.50,1.08
2014.01.31 16:46:27.510,1.02182,1.02184,1.00,1.00
2014.01.31 16:46:27.661,1.02182,1.02185,1.50,1.10
2014.01.31 16:46:28.022,1.02182,1.02183,1.00,1.00
2014.01.31 16:46:28.174,1.02179,1.02183,1.58,1.10
2014.01.31 16:46:30.307,1.02179,1.02183,1.95,1.10
2014.01.31 16:46:30.459,1.02183,1.02186,1.00,1.20
2014.01.31 16:46:31.042,1.02181,1.02185,1.08,1.00
2014.01.31 16:46:31.550,1.02181,1.02185,1.00,1.08
2014.01.31 16:46:33.746,1.02182,1.02185,1.00,1.08
2014.01.31 16:46:33.998,1.02182,1.02185,3.38,1.00
2014.01.31 16:46:34.200,1.02182,1.02185,1.10,1.00
2014.01.31 16:46:34.728,1.02182,1.02186,1.58,1.10
2014.01.31 16:46:35.265,1.02182,1.02186,2.55,1.10
2014.01.31 16:46:35.366,1.02183,1.02186,2.63,1.00
2014.01.31 16:46:37.721,1.02184,1.02188,1.08,1.00
2014.01.31 16:46:37.974,1.02186,1.02189,1.08,1.50
2014.01.31 16:46:39.617,1.02187,1.02191,3.00,1.00
2014.01.31 16:46:41.736,1.02189,1.02193,1.00,1.10
2014.01.31 16:46:41.787,1.02191,1.02193,3.00,1.10
2014.01.31 16:46:41.888,1.02192,1.02195,1.95,1.50
2014.01.31 16:46:41.939,1.02194,1.02196,3.10,1.10
2014.01.31 16:46:41.989,1.02195,1.02199,4.13,1.00
2014.01.31 16:46:42.090,1.02198,1.02201,1.00,1.10
2014.01.31 16:46:42.596,1.02198,1.02201,1.08,1.00
2014.01.31 16:46:43.101,1.02197,1.02201,3.00,1.38
2014.01.31 16:46:43.871,1.02197,1.02201,3.38,1.00
2014.01.31 16:46:45.545,1.02197,1.02201,1.10,1.20
2014.01.31 16:46:46.070,1.02198,1.02202,1.00,1.45
2014.01.31 16:46:47.180,1.022,1.02203,1.00,4.88
2014.01.31 16:46:47.231,1.022,1.02203,1.00,2.70
2014.01.31 16:46:47.740,1.02199,1.02203,1.10,1.58
2014.01.31 16:46:49.010,1.022,1.02203,1.00,1.10
2014.01.31 16:46:50.586,1.022,1.02204,1.08,1.00
2014.01.31 16:46:50.838,1.02204,1.02205,1.30,1.10
2014.01.31 16:46:50.889,1.02205,1.02208,1.00,1.08
2014.01.31 16:46:51.037,1.02207,1.02209,1.13,1.00
2014.01.31 16:46:51.138,1.02207,1.02213,2.55,1.10
2014.01.31 16:46:51.189,1.0221,1.02213,1.00,1.10
2014.01.31 16:46:51.694,1.0221,1.02213,1.08,1.00
2014.01.31 16:46:58.851,1.02207,1.02211,1.20,1.00
2014.01.31 16:46:59.157,1.02206,1.0221,2.63,1.00
2014.01.31 16:47:02.574,1.02206,1.02209,2.55,2.50
2014.01.31 16:47:02.676,1.02204,1.02207,1.00,1.20
2014.01.31 16:47:02.879,1.02203,1.02207,1.10,1.95
2014.01.31 16:47:03.132,1.02198,1.02202,2.33,1.10
2014.01.31 16:47:04.281,1.02197,1.02201,1.20,1.00
2014.01.31 16:47:13.699,1.02198,1.02201,2.18,1.00
2014.01.31 16:47:13.750,1.02201,1.02202,1.00,1.20
2014.01.31 16:47:13.851,1.02201,1.02205,1.58,1.88
2014.01.31 16:47:14.205,1.022,1.02202,1.00,1.08
2014.01.31 16:47:14.256,1.02198,1.02202,1.00,1.08
2014.01.31 16:47:14.824,1.02197,1.02202,1.95,1.08
2014.01.31 16:47:14.925,1.02197,1.02201,1.10,1.48
2014.01.31 16:47:15.491,1.02195,1.02198,2.18,1.38
2014.01.31 16:47:15.592,1.02193,1.02196,4.50,2.63
2014.01.31 16:47:15.643,1.02191,1.02195,3.00,1.00
2014.01.31 16:47:15.694,1.02191,1.02194,2.18,1.00
2014.01.31 16:47:15.846,1.02189,1.02193,4.35,1.00
2014.01.31 16:47:16.350,1.02189,1.02192,2.18,1.00
2014.01.31 16:47:16.553,1.02187,1.02191,1.58,1.00
2014.01.31 16:47:18.750,1.02188,1.02192,1.10,1.10
2014.01.31 16:47:28.108,1.02188,1.02189,1.10,1.00
2014.01.31 16:47:29.954,1.02186,1.02188,2.18,1.13
2014.01.31 16:47:30.005,1.02185,1.02188,1.00,1.20
2014.01.31 16:47:30.106,1.02182,1.02186,1.95,1.10
2014.01.31 16:47:31.521,1.02182,1.02187,3.30,1.10
2014.01.31 16:47:32.976,1.02184,1.02187,1.00,1.10
2014.01.31 16:47:33.027,1.02184,1.02187,3.00,1.00
2014.01.31 16:47:33.481,1.02186,1.02189,1.10,1.50
2014.01.31 16:47:35.176,1.02184,1.02188,3.38,1.00
2014.01.31 16:47:35.428,1.02184,1.02188,1.20,1.10
2014.01.31 16:47:36.380,1.02183,1.02187,1.08,1.38
2014.01.31 16:47:36.531,1.0218,1.02184,1.58,1.00
2014.01.31 16:47:36.633,1.02179,1.02183,2.33,1.10
2014.01.31 16:47:37.675,1.02182,1.02183,1.00,1.10
2014.01.31 16:47:37.826,1.02182,1.02185,1.00,1.10
2014.01.31 16:47:37.927,1.02183,1.02187,1.10,1.10
2014.01.31 16:47:38.028,1.02184,1.02187,1.08,1.00
2014.01.31 16:47:39.198,1.02184,1.02188,1.08,1.13
2014.01.31 16:47:39.855,1.02183,1.02186,2.25,1.50
2014.01.31 16:47:39.906,1.02182,1.02186,1.58,1.95
2014.01.31 16:47:40.108,1.02181,1.02183,1.00,1.38
2014.01.31 16:47:40.360,1.02176,1.0218,2.10,1.08
2014.01.31 16:47:40.871,1.02176,1.0218,2.48,1.08
2014.01.31 16:47:42.169,1.02176,1.0218,2.10,1.08
2014.01.31 16:47:42.883,1.02176,1.0218,2.18,1.00
2014.01.31 16:47:43.225,1.02178,1.02182,1.08,1.50
2014.01.31 16:47:48.533,1.02179,1.02183,1.10,2.70
2014.01.31 16:47:50.179,1.0218,1.02184,1.00,1.21
2014.01.31 16:47:50.482,1.02183,1.02185,1.10,1.50
2014.01.31 16:47:50.734,1.02184,1.02188,1.10,2.70
2014.01.31 16:47:50.836,1.02185,1.02188,1.08,1.88
2014.01.31 16:47:50.937,1.02183,1.02187,1.08,1.89
2014.01.31 16:47:53.465,1.02181,1.02185,1.10,1.10
2014.01.31 16:47:53.617,1.02181,1.02183,1.10,1.50
2014.01.31 16:47:54.145,1.0218,1.02183,1.00,1.95
2014.01.31 16:47:55.570,1.02179,1.02183,1.10,2.33
2014.01.31 16:47:57.157,1.02179,1.02182,1.10,1.39
2014.01.31 16:48:05.168,1.02178,1.02181,1.00,2.50
2014.01.31 16:48:05.420,1.02177,1.0218,1.20,1.00
2014.01.31 16:48:06.072,1.02177,1.02181,1.10,1.58
2014.01.31 16:48:06.577,1.02178,1.02181,1.00,1.10
2014.01.31 16:48:10.819,1.0218,1.02183,2.50,4.43
2014.01.31 16:48:10.920,1.02182,1.02184,3.23,1.00
2014.01.31 16:48:11.021,1.02184,1.02187,1.00,2.93
2014.01.31 16:48:11.122,1.02186,1.02188,1.08,1.88
2014.01.31 16:48:11.324,1.02188,1.02189,1.00,1.00
2014.01.31 16:48:11.375,1.02188,1.02192,1.00,1.20
2014.01.31 16:48:11.426,1.02189,1.02192,1.00,1.20
2014.01.31 16:48:11.477,1.02191,1.02192,1.00,1.00
2014.01.31 16:48:11.629,1.02193,1.02197,1.00,2.25
2014.01.31 16:48:11.730,1.02194,1.02198,1.00,6.83
2014.01.31 16:48:11.932,1.02192,1.02194,1.00,1.00
2014.01.31 16:48:12.084,1.02191,1.02193,1.00,1.10
2014.01.31 16:48:13.014,1.0219,1.02193,1.00,1.10
2014.01.31 16:48:13.520,1.02189,1.02193,1.00,1.58
2014.01.31 16:48:14.982,1.02188,1.02192,1.20,1.10
2014.01.31 16:48:19.005,1.02187,1.02191,1.95,1.00
2014.01.31 16:48:20.500,1.02186,1.0219,4.88,1.00
2014.01.31 16:48:24.463,1.02186,1.02191,4.13,1.50
2014.01.31 16:48:25.857,1.02188,1.02193,1.48,1.00
2014.01.31 16:48:26.009,1.02193,1.02194,2.48,1.10
2014.01.31 16:48:26.061,1.02194,1.02196,1.10,1.00
2014.01.31 16:48:26.163,1.02195,1.02198,1.08,1.00
2014.01.31 16:48:26.214,1.02195,1.02198,1.08,1.00
2014.01.31 16:48:30.144,1.02195,1.02197,1.10,1.13
2014.01.31 16:48:30.195,1.02192,1.02195,1.10,1.00
2014.01.31 16:48:30.246,1.02192,1.02193,1.10,1.00
2014.01.31 16:48:30.448,1.0219,1.02193,1.00,1.10
2014.01.31 16:48:30.967,1.02189,1.02193,1.10,1.58
2014.01.31 16:48:31.271,1.02193,1.02194,2.10,1.00
2014.01.31 16:48:31.322,1.02193,1.02196,2.48,1.08
2014.01.31 16:48:31.424,1.02193,1.02197,4.05,1.50
2014.01.31 16:48:31.677,1.02193,1.02194,2.10,1.00
2014.01.31 16:48:31.728,1.0219,1.02192,1.50,2.88
2014.01.31 16:48:32.232,1.02189,1.0219,1.00,1.10
2014.01.31 16:48:34.316,1.02187,1.0219,2.85,1.10
2014.01.31 16:48:34.826,1.02186,1.0219,1.95,1.10
2014.01.31 16:48:36.974,1.02188,1.02192,1.00,3.00
2014.01.31 16:48:37.076,1.02189,1.02193,1.00,1.20
2014.01.31 16:48:38.943,1.02189,1.02191,1.00,1.00
2014.01.31 16:48:39.095,1.0219,1.02191,3.38,1.00
2014.01.31 16:48:39.197,1.02194,1.02196,2.10,2.93
2014.01.31 16:48:39.248,1.02194,1.02196,2.18,1.00
2014.01.31 16:48:39.298,1.02196,1.02199,3.60,1.10
2014.01.31 16:48:39.847,1.02197,1.02201,1.73,1.08
2014.01.31 16:48:42.926,1.02195,1.02199,1.95,2.10
2014.01.31 16:48:43.128,1.02191,1.02194,1.00,2.93
2014.01.31 16:48:43.633,1.0219,1.02194,1.00,4.05
2014.01.31 16:48:44.160,1.02189,1.02193,1.00,1.00
2014.01.31 16:48:44.694,1.02188,1.02192,1.10,1.00
2014.01.31 16:48:55.867,1.02189,1.02193,1.00,3.45
2014.01.31 16:49:04.672,1.02189,1.02192,1.00,1.00
2014.01.31 16:49:04.774,1.02187,1.0219,1.08,1.00
2014.01.31 16:49:04.875,1.02186,1.02189,1.10,1.00
2014.01.31 16:49:05.128,1.02187,1.02199,1.00,17.47
2014.01.31 16:49:05.248,1.02199,1.02212,28.71,1.08
2014.01.31 16:49:05.299,1.02208,1.02211,2.10,1.58
2014.01.31 16:49:05.351,1.02208,1.02211,1.50,3.75
2014.01.31 16:49:05.402,1.02207,1.02211,1.50,3.75
2014.01.31 16:49:05.453,1.02207,1.02211,1.08,1.50
2014.01.31 16:49:05.706,1.0221,1.02213,1.00,1.58
2014.01.31 16:49:05.958,1.02211,1.02214,1.00,1.10
2014.01.31 16:49:09.384,1.02211,1.02215,1.58,1.00
2014.01.31 16:49:09.889,1.02212,1.02216,1.10,3.08
2014.01.31 16:49:10.243,1.02211,1.02214,1.08,1.00
2014.01.31 16:49:10.395,1.0221,1.02214,1.10,1.20
2014.01.31 16:49:11.839,1.02209,1.02213,1.80,1.00
2014.01.31 16:49:12.345,1.02208,1.02212,4.35,1.00
2014.01.31 16:49:13.194,1.02208,1.02212,2.10,1.08
2014.01.31 16:49:13.699,1.02206,1.0221,1.58,1.00
2014.01.31 16:49:14.405,1.02206,1.02209,1.58,1.00
2014.01.31 16:49:14.457,1.02206,1.02208,1.00,1.38
2014.01.31 16:49:14.507,1.02204,1.02206,1.08,1.00
2014.01.31 16:49:14.608,1.02203,1.02205,2.93,1.00
2014.01.31 16:49:14.660,1.02201,1.02204,2.18,1.00
2014.01.31 16:49:14.761,1.02199,1.02203,1.58,1.10
2014.01.31 16:49:15.265,1.02198,1.02202,1.08,1.00
2014.01.31 16:49:15.811,1.02198,1.02202,1.00,1.08
2014.01.31 16:49:15.980,1.022,1.02203,1.00,2.55
2014.01.31 16:49:18.188,1.02201,1.02204,1.00,2.70
2014.01.31 16:49:18.390,1.02202,1.02205,1.00,4.50
2014.01.31 16:49:18.643,1.02205,1.02209,1.10,1.58
2014.01.31 16:49:18.744,1.02205,1.02209,3.38,1.00
2014.01.31 16:49:21.096,1.02206,1.0221,1.08,1.00
2014.01.31 16:49:25.071,1.02208,1.02211,1.13,1.10
2014.01.31 16:49:25.673,1.02208,1.02211,1.20,1.00
2014.01.31 16:49:27.596,1.02205,1.02209,1.88,2.50
2014.01.31 16:49:27.647,1.02205,1.02206,1.20,1.50
2014.01.31 16:49:28.183,1.02205,1.02208,4.13,2.25
2014.01.31 16:49:28.284,1.02208,1.02212,2.13,1.58
2014.01.31 16:49:28.335,1.0221,1.02213,1.00,1.10
2014.01.31 16:49:28.386,1.02211,1.02213,1.00,1.10
2014.01.31 16:49:28.891,1.02212,1.02214,1.00,1.00
2014.01.31 16:49:30.125,1.02212,1.02214,1.00,1.00
2014.01.31 16:49:32.852,1.02213,1.02217,1.00,4.50
2014.01.31 16:49:36.757,1.02211,1.02216,1.80,3.83
2014.01.31 16:49:38.931,1.02213,1.02217,1.00,7.88
2014.01.31 16:49:39.235,1.02222,1.02225,1.00,2.25
2014.01.31 16:49:39.442,1.02221,1.02225,1.58,1.58
2014.01.31 16:49:39.492,1.0222,1.02222,1.00,1.00
2014.01.31 16:49:39.594,1.02222,1.02225,1.00,1.58
2014.01.31 16:49:40.098,1.02223,1.02227,1.00,3.75
2014.01.31 16:49:40.653,1.02223,1.02227,1.20,1.10
2014.01.31 16:49:40.855,1.02225,1.02228,1.00,1.20
2014.01.31 16:49:41.160,1.02227,1.02228,1.10,1.00
2014.01.31 16:49:41.370,1.02225,1.02228,1.20,1.00
2014.01.31 16:49:41.874,1.02224,1.02228,1.00,1.95
2014.01.31 16:49:46.879,1.02223,1.02227,1.10,1.20
2014.01.31 16:49:49.871,1.02222,1.02226,1.20,1.00
2014.01.31 16:49:59.011,1.02222,1.02226,1.00,1.08
2014.01.31 16:50:03.480,1.02223,1.02227,1.00,3.38
2014.01.31 16:50:04.897,1.02222,1.02226,1.00,1.95
2014.01.31 16:50:05.099,1.02221,1.02224,1.10,4.13
2014.01.31 16:50:05.200,1.02218,1.02222,1.50,4.05
2014.01.31 16:50:05.251,1.02218,1.02219,1.50,1.00
2014.01.31 16:50:05.403,1.02219,1.02223,1.00,3.00
2014.01.31 16:50:05.554,1.02219,1.02223,1.10,1.10
2014.01.31 16:50:06.312,1.0222,1.02224,1.13,1.08
2014.01.31 16:50:09.105,1.0222,1.02224,2.26,1.08
2014.01.31 16:50:09.257,1.02221,1.02225,1.10,1.20
2014.01.31 16:50:09.560,1.02221,1.02222,1.00,1.13
2014.01.31 16:50:09.612,1.02218,1.02222,1.08,1.88
2014.01.31 16:50:10.991,1.0222,1.02222,1.39,1.00
2014.01.31 16:50:11.193,1.02219,1.02223,1.20,1.10
2014.01.31 16:50:11.244,1.02219,1.02223,3.38,1.00
2014.01.31 16:50:11.769,1.0222,1.02222,1.59,1.00
2014.01.31 16:50:12.315,1.02218,1.02222,2.94,1.10
2014.01.31 16:50:15.784,1.0222,1.02222,1.51,1.10
2014.01.31 16:50:16.296,1.02218,1.02222,5.86,1.00
2014.01.31 16:50:16.802,1.0222,1.02222,1.81,1.00
2014.01.31 16:50:17.314,1.0222,1.02223,2.94,1.00
2014.01.31 16:50:17.837,1.02221,1.02223,1.51,1.00
2014.01.31 16:50:18.346,1.02221,1.02223,1.14,1.00
2014.01.31 16:50:18.891,1.02221,1.02223,1.51,1.00
2014.01.31 16:50:19.043,1.02219,1.02223,1.95,1.00
2014.01.31 16:50:19.547,1.02219,1.02222,1.05,1.00
2014.01.31 16:50:20.685,1.0222,1.02224,1.20,1.10
2014.01.31 16:50:27.184,1.02219,1.02221,1.20,1.00
2014.01.31 16:50:27.285,1.02219,1.02223,1.45,1.50
2014.01.31 16:50:27.821,1.02219,1.02223,1.38,1.58
2014.01.31 16:50:30.738,1.02219,1.02223,1.00,1.20
2014.01.31 16:50:40.658,1.02222,1.02224,1.00,2.93
2014.01.31 16:50:40.810,1.02224,1.02227,1.13,1.10
2014.01.31 16:50:41.012,1.02226,1.02229,1.00,3.38
2014.01.31 16:50:41.315,1.02227,1.02229,1.00,2.18
2014.01.31 16:50:41.366,1.02226,1.0223,1.50,1.20
2014.01.31 16:50:41.727,1.02226,1.02227,1.00,1.00
2014.01.31 16:50:41.930,1.02221,1.02225,2.33,1.00
2014.01.31 16:50:42.434,1.02221,1.02223,1.50,1.10
2014.01.31 16:50:50.058,1.02221,1.02222,1.50,1.00
2014.01.31 16:50:50.159,1.02218,1.02221,1.95,1.00
2014.01.31 16:50:50.310,1.02219,1.02223,1.58,1.20
2014.01.31 16:50:51.631,1.02219,1.02223,2.18,1.20
2014.01.31 16:50:52.137,1.02219,1.02223,1.58,1.20
2014.01.31 16:50:52.670,1.0222,1.02224,1.00,1.20
2014.01.31 16:50:53.357,1.02221,1.02224,1.00,1.20
2014.01.31 16:50:55.023,1.02221,1.02223,1.00,1.00
2014.01.31 16:50:59.019,1.02221,1.02223,1.00,1.58
2014.01.31 16:50:59.121,1.02222,1.02223,1.00,1.00
2014.01.31 16:50:59.224,1.02223,1.02227,6.30,1.58
2014.01.31 16:50:59.326,1.02227,1.02229,3.60,1.00
2014.01.31 16:50:59.427,1.02227,1.02231,1.38,1.08
2014.01.31 16:50:59.933,1.02228,1.02231,1.80,1.00
2014.01.31 16:51:00.440,1.02228,1.02231,1.80,1.00
2014.01.31 16:51:10.069,1.02228,1.02231,2.55,1.00
2014.01.31 16:51:10.119,1.0223,1.02232,1.00,1.10
2014.01.31 16:51:15.244,1.02227,1.0223,1.00,4.06
2014.01.31 16:51:15.294,1.02227,1.02228,1.00,1.50
2014.01.31 16:51:15.395,1.02223,1.02227,1.00,3.30
2014.01.31 16:51:15.962,1.02222,1.02226,1.00,1.00
2014.01.31 16:51:16.450,1.02223,1.02226,3.38,1.00
2014.01.31 16:51:16.501,1.02224,1.02228,1.08,1.50
2014.01.31 16:51:16.653,1.02223,1.02227,1.58,1.10
2014.01.31 16:51:16.957,1.02221,1.02225,3.99,1.00
2014.01.31 16:51:17.564,1.02221,1.02224,2.64,1.00
2014.01.31 16:51:20.161,1.02223,1.02226,1.06,1.38
2014.01.31 16:51:20.666,1.02222,1.02226,2.71,1.13
2014.01.31 16:51:21.983,1.02224,1.02226,1.00,1.13
2014.01.31 16:51:22.287,1.02226,1.02229,2.10,3.30
2014.01.31 16:51:22.539,1.02225,1.02229,2.64,3.38
2014.01.31 16:51:24.344,1.02224,1.02229,1.70,5.98
2014.01.31 16:51:24.395,1.02223,1.02229,1.89,7.88
2014.01.31 16:51:25.181,1.02224,1.02227,3.00,1.00
2014.01.31 16:51:25.283,1.02225,1.02229,3.31,1.13
2014.01.31 16:51:26.862,1.02225,1.02229,3.61,1.08
2014.01.31 16:51:28.364,1.02226,1.0223,1.43,1.10
2014.01.31 16:51:28.415,1.02226,1.02229,1.35,2.25
2014.01.31 16:51:32.076,1.02226,1.0223,1.35,1.08
2014.01.31 16:51:34.921,1.02225,1.02229,2.56,1.20
2014.01.31 16:51:35.527,1.02226,1.02229,1.00,1.20
2014.01.31 16:51:36.037,1.02226,1.02229,1.00,1.48
2014.01.31 16:51:42.173,1.02226,1.02229,1.00,1.48
2014.01.31 16:51:42.627,1.02223,1.02227,2.33,1.48
2014.01.31 16:51:45.251,1.02225,1.02229,2.50,2.93
2014.01.31 16:51:45.483,1.02228,1.02232,4.43,1.20
2014.01.31 16:51:45.991,1.0223,1.02233,1.00,1.45
2014.01.31 16:51:46.243,1.0223,1.02234,3.30,1.10
2014.01.31 16:51:46.446,1.0223,1.02234,1.58,1.48
2014.01.31 16:51:49.222,1.0223,1.02234,1.58,1.48
2014.01.31 16:51:51.116,1.02231,1.02235,1.00,1.45
2014.01.31 16:51:54.341,1.02231,1.02235,1.00,1.45
2014.01.31 16:51:57.157,1.02231,1.02235,1.00,1.45
2014.01.31 16:51:59.241,1.02231,1.02235,1.00,1.45
2014.01.31 16:51:59.544,1.02231,1.02233,1.00,3.30
2014.01.31 16:52:00.370,1.0223,1.02233,1.50,3.30
2014.01.31 16:52:01.484,1.02231,1.02233,1.00,3.30
2014.01.31 16:52:01.837,1.02231,1.02234,1.00,1.20
2014.01.31 16:52:03.574,1.02231,1.02235,1.88,1.08
2014.01.31 16:52:09.403,1.02231,1.02234,1.00,1.10
2014.01.31 16:52:12.782,1.02231,1.02234,1.00,1.48
2014.01.31 16:52:20.101,1.0223,1.02232,1.10,1.38
2014.01.31 16:52:20.152,1.02228,1.02232,1.58,1.95
2014.01.31 16:52:20.556,1.02226,1.02229,3.00,1.00
2014.01.31 16:52:20.607,1.02226,1.02229,1.10,1.00
2014.01.31 16:52:21.840,1.02226,1.02228,1.10,1.00
2014.01.31 16:52:23.328,1.02224,1.02227,1.48,1.50
2014.01.31 16:52:23.429,1.02223,1.02225,1.08,1.00
2014.01.31 16:52:23.580,1.02221,1.02225,2.70,1.00
2014.01.31 16:52:25.714,1.02221,1.02223,1.88,1.10
2014.01.31 16:52:26.018,1.02215,1.02219,1.00,2.25
2014.01.31 16:52:26.119,1.02213,1.02219,1.13,2.25
2014.01.31 16:52:26.220,1.02213,1.02216,1.13,2.25
2014.01.31 16:52:26.372,1.02211,1.02215,1.50,1.08
2014.01.31 16:52:29.072,1.02211,1.02215,1.88,1.08
2014.01.31 16:52:29.649,1.02211,1.02215,1.88,1.08
2014.01.31 16:52:30.053,1.02213,1.02215,1.00,1.00
2014.01.31 16:52:30.406,1.02211,1.02215,1.00,1.20
2014.01.31 16:52:35.992,1.02212,1.02216,1.00,6.38
2014.01.31 16:52:36.888,1.02214,1.02216,1.00,2.93
2014.01.31 16:52:36.939,1.02214,1.02218,2.63,2.18
2014.01.31 16:52:37.040,1.02218,1.02219,1.00,1.00
2014.01.31 16:52:37.192,1.02218,1.02222,1.00,1.45
2014.01.31 16:52:37.848,1.02219,1.02223,1.00,3.75
2014.01.31 16:52:37.950,1.02219,1.02223,1.10,1.10
2014.01.31 16:52:40.327,1.0222,1.02224,1.00,2.70
2014.01.31 16:52:40.832,1.0222,1.02224,1.08,1.88
2014.01.31 16:52:41.381,1.0222,1.02224,1.00,1.95
2014.01.31 16:52:41.925,1.02219,1.02223,1.10,1.20
2014.01.31 16:52:42.760,1.02218,1.02222,1.00,1.20
2014.01.31 16:52:44.486,1.02216,1.02219,1.08,1.00
2014.01.31 16:52:44.729,1.02215,1.02219,1.20,1.10
2014.01.31 16:52:44.931,1.02216,1.02219,1.20,1.00
2014.01.31 16:52:46.285,1.02215,1.02218,3.00,1.00
2014.01.31 16:52:46.336,1.02214,1.02218,1.58,1.10
2014.01.31 16:52:47.692,1.02214,1.02217,1.10,1.00
2014.01.31 16:52:49.797,1.02214,1.02217,1.00,1.08
2014.01.31 16:52:49.900,1.02216,1.02217,1.00,1.00
2014.01.31 16:52:50.001,1.02216,1.02218,1.00,1.10
2014.01.31 16:52:51.903,1.02216,1.02218,1.20,1.00
2014.01.31 16:52:52.556,1.02216,1.02218,1.48,1.00
2014.01.31 16:52:53.067,1.02216,1.02219,1.48,1.00
2014.01.31 16:52:58.321,1.02218,1.02219,1.35,1.00
2014.01.31 16:52:58.371,1.02219,1.02222,2.50,2.93
2014.01.31 16:52:58.422,1.0222,1.02221,1.00,1.00
2014.01.31 16:53:07.500,1.0222,1.02221,1.00,1.13
2014.01.31 16:53:07.551,1.02218,1.02221,1.22,1.00
2014.01.31 16:53:09.644,1.02217,1.02221,1.08,4.73
2014.01.31 16:53:09.746,1.02214,1.02218,4.43,1.00
2014.01.31 16:53:09.798,1.02214,1.02217,2.33,1.00
2014.01.31 16:53:10.474,1.02212,1.02216,4.90,1.00
2014.01.31 16:53:10.777,1.02214,1.02218,3.38,1.00
2014.01.31 16:53:10.879,1.02216,1.0222,1.10,1.20
2014.01.31 16:53:10.930,1.02216,1.02217,1.00,1.00
2014.01.31 16:53:10.980,1.02213,1.02216,1.08,1.00
2014.01.31 16:53:11.031,1.02214,1.02219,3.00,1.00
2014.01.31 16:53:11.082,1.02215,1.02219,1.08,2.25
2014.01.31 16:53:11.183,1.02216,1.02219,3.38,1.00
2014.01.31 16:53:11.335,1.02218,1.02221,1.10,1.00
2014.01.31 16:53:11.486,1.02216,1.0222,5.35,1.10
2014.01.31 16:53:11.688,1.02216,1.0222,1.00,3.00
2014.01.31 16:53:11.868,1.02214,1.02218,1.10,1.10
2014.01.31 16:53:11.918,1.02214,1.02218,1.00,3.00
2014.01.31 16:53:12.423,1.02212,1.02216,1.60,1.20
2014.01.31 16:53:13.314,1.02212,1.02216,1.10,1.20
2014.01.31 16:53:13.617,1.02209,1.02213,1.60,1.10
2014.01.31 16:53:13.920,1.02208,1.02211,1.52,1.00
2014.01.31 16:53:14.953,1.02207,1.0221,1.22,1.00
2014.01.31 16:53:15.684,1.02207,1.0221,1.12,1.00
2014.01.31 16:53:16.318,1.02207,1.0221,1.12,1.00
2014.01.31 16:53:16.369,1.0221,1.02214,3.15,1.00
2014.01.31 16:53:16.420,1.02212,1.02215,1.12,1.00
2014.01.31 16:53:16.471,1.02215,1.02216,1.13,1.10
2014.01.31 16:53:16.572,1.02215,1.02218,4.75,2.18
2014.01.31 16:53:16.875,1.02212,1.02216,1.60,1.10
2014.01.31 16:53:17.380,1.02213,1.02217,1.40,1.08
2014.01.31 16:53:17.568,1.02214,1.02218,4.95,1.10
2014.01.31 16:53:19.546,1.02216,1.02218,7.88,1.00
2014.01.31 16:53:20.055,1.02215,1.02219,1.48,1.00
2014.01.31 16:53:20.560,1.02214,1.02218,1.48,1.10
2014.01.31 16:53:21.349,1.02216,1.02218,1.00,1.10
2014.01.31 16:53:21.450,1.02217,1.0222,2.27,2.55
2014.01.31 16:53:21.552,1.02217,1.02221,2.72,1.10
2014.01.31 16:53:22.820,1.02217,1.0222,5.72,1.00
2014.01.31 16:53:23.325,1.02217,1.02221,4.90,1.00
2014.01.31 16:53:24.411,1.02217,1.0222,2.63,1.00
2014.01.31 16:53:24.915,1.02217,1.02221,6.47,1.10
2014.01.31 16:53:27.832,1.02217,1.02222,4.20,2.55
2014.01.31 16:53:28.034,1.02217,1.02221,1.97,1.10
2014.01.31 16:53:29.304,1.02217,1.02221,1.58,1.95
2014.01.31 16:53:29.455,1.02215,1.02218,1.20,1.00
2014.01.31 16:53:29.557,1.02217,1.02221,1.90,3.00
2014.01.31 16:53:29.708,1.02217,1.02221,1.97,1.00
2014.01.31 16:53:30.459,1.02219,1.02223,1.13,1.08
2014.01.31 16:53:30.560,1.0222,1.02224,1.22,1.10
2014.01.31 16:53:30.610,1.02221,1.02224,3.75,1.10
2014.01.31 16:53:30.661,1.02224,1.02228,3.40,2.93
2014.01.31 16:53:31.065,1.02226,1.0223,1.10,1.10
2014.01.31 16:53:31.268,1.02224,1.02228,3.00,2.25
2014.01.31 16:53:31.318,1.02224,1.02228,1.10,2.33
2014.01.31 16:53:32.025,1.02225,1.02228,1.00,1.10
2014.01.31 16:53:32.277,1.02224,1.02226,1.58,1.00
2014.01.31 16:53:33.119,1.02223,1.02225,1.00,1.00
2014.01.31 16:53:34.109,1.02221,1.02224,1.08,1.38
2014.01.31 16:53:34.210,1.0222,1.02224,1.95,1.58
2014.01.31 16:53:34.714,1.02219,1.02223,1.45,1.00
2014.01.31 16:53:39.819,1.02222,1.02226,2.50,2.33
2014.01.31 16:53:39.920,1.02225,1.02227,1.00,1.13
2014.01.31 16:53:40.710,1.02227,1.0223,1.00,2.55
2014.01.31 16:53:40.812,1.02227,1.02231,1.00,1.45
2014.01.31 16:53:41.821,1.02226,1.02229,1.00,1.20
2014.01.31 16:53:42.023,1.02223,1.02227,2.25,1.80
2014.01.31 16:53:42.175,1.0222,1.02224,2.25,1.45
2014.01.31 16:53:42.276,1.02221,1.02224,3.75,1.08
2014.01.31 16:53:42.797,1.02221,1.02222,7.50,1.00
2014.01.31 16:53:43.302,1.0222,1.02222,1.50,1.00
2014.01.31 16:53:44.704,1.02221,1.02224,3.25,1.00
2014.01.31 16:53:44.805,1.02221,1.02222,5.25,1.00
2014.01.31 16:53:45.059,1.02222,1.02224,1.00,1.13
2014.01.31 16:53:45.564,1.02221,1.02224,1.08,1.00
2014.01.31 16:53:46.498,1.02223,1.02224,1.00,1.00
2014.01.31 16:53:46.700,1.02221,1.02223,1.13,1.00
2014.01.31 16:53:46.802,1.02218,1.02221,1.95,1.00
2014.01.31 16:53:47.321,1.02216,1.02221,1.48,1.08
2014.01.31 16:53:47.953,1.02217,1.02221,1.20,1.50
2014.01.31 16:53:48.105,1.0222,1.02222,1.00,1.10
2014.01.31 16:53:48.613,1.02221,1.02223,1.00,1.00
2014.01.31 16:53:49.072,1.02218,1.02221,1.10,1.00
2014.01.31 16:53:49.173,1.02216,1.02219,1.10,1.00
2014.01.31 16:53:49.909,1.02216,1.02219,1.48,1.00
2014.01.31 16:53:50.434,1.02216,1.02219,1.20,1.00
2014.01.31 16:53:53.217,1.02217,1.02219,1.00,1.00
2014.01.31 16:53:53.267,1.02219,1.02221,1.00,1.13
2014.01.31 16:54:01.861,1.0222,1.02224,1.00,2.63
2014.01.31 16:54:11.543,1.0222,1.02224,1.58,1.20
2014.01.31 16:54:14.846,1.0222,1.02222,1.10,1.00
2014.01.31 16:54:15.456,1.02221,1.02222,1.00,1.00
2014.01.31 16:54:20.245,1.02221,1.02226,1.13,2.63
2014.01.31 16:54:32.009,1.0222,1.02225,2.26,2.63
2014.01.31 16:54:35.264,1.0222,1.02224,6.76,1.00
2014.01.31 16:54:36.277,1.02221,1.02224,2.73,1.00
2014.01.31 16:54:36.328,1.02223,1.02227,1.08,1.50
2014.01.31 16:54:36.379,1.02226,1.02228,2.13,1.58
2014.01.31 16:54:36.480,1.02227,1.02231,1.20,1.58
2014.01.31 16:54:37.358,1.02227,1.02231,2.34,1.10
2014.01.31 16:54:37.661,1.0223,1.02234,1.00,1.08
2014.01.31 16:54:42.348,1.0223,1.02234,2.26,1.08
2014.01.31 16:54:47.286,1.02231,1.02235,1.21,1.20
2014.01.31 16:54:54.040,1.02233,1.02235,1.13,1.10
2014.01.31 16:54:54.192,1.02234,1.02238,1.20,1.00
2014.01.31 16:54:54.496,1.02233,1.02237,1.21,1.10
2014.01.31 16:54:56.518,1.02235,1.02237,1.39,1.10
2014.01.31 16:54:56.621,1.02234,1.02238,1.51,1.08
2014.01.31 16:54:57.146,1.02234,1.02238,1.59,1.00
2014.01.31 16:55:04.775,1.02235,1.02238,1.49,1.00
2014.01.31 16:55:05.284,1.02234,1.02238,1.20,1.00
2014.01.31 16:55:09.442,1.02233,1.02237,1.20,1.10
2014.01.31 16:55:09.543,1.02231,1.02235,1.21,1.10
2014.01.31 16:55:11.240,1.02231,1.02236,1.96,1.08
2014.01.31 16:55:11.444,1.02233,1.02237,1.10,1.10
2014.01.31 16:55:21.298,1.02233,1.02237,1.48,1.10
2014.01.31 16:55:24.221,1.02233,1.02237,1.95,1.58
2014.01.31 16:55:24.323,1.02235,1.02239,2.10,3.00
2014.01.31 16:55:24.374,1.02239,1.02242,1.35,2.25
2014.01.31 16:55:24.425,1.0224,1.02243,1.38,1.50
2014.01.31 16:55:24.526,1.02242,1.02243,1.20,1.00
2014.01.31 16:55:24.577,1.02244,1.02247,1.00,1.08
2014.01.31 16:55:24.890,1.02244,1.02248,1.95,1.58
2014.01.31 16:55:25.688,1.02247,1.0225,1.10,1.88
2014.01.31 16:55:26.192,1.02248,1.02251,1.13,1.10
2014.01.31 16:55:26.743,1.02248,1.02251,1.20,1.00
2014.01.31 16:55:26.793,1.0225,1.02253,1.00,1.20
2014.01.31 16:55:27.298,1.02251,1.02254,1.20,1.50
2014.01.31 16:55:27.600,1.02253,1.02255,1.13,1.10
2014.01.31 16:55:27.954,1.02254,1.02256,1.88,1.00
2014.01.31 16:55:28.459,1.02254,1.02257,1.00,5.70
2014.01.31 16:55:28.963,1.02253,1.02257,1.20,1.10
2014.01.31 16:55:29.648,1.02253,1.02257,1.38,2.85
2014.01.31 16:55:30.203,1.02253,1.02257,1.00,1.13
2014.01.31 16:55:31.814,1.02253,1.02256,1.00,1.00
2014.01.31 16:55:32.117,1.02247,1.02248,1.00,1.00
2014.01.31 16:55:32.268,1.02244,1.02247,2.70,1.00
2014.01.31 16:55:32.773,1.02244,1.02247,1.95,1.00
2014.01.31 16:55:33.279,1.02241,1.02245,3.45,1.00
2014.01.31 16:55:33.784,1.02241,1.02244,2.70,1.00
2014.01.31 16:55:34.290,1.02241,1.02245,2.70,1.00
2014.01.31 16:55:38.820,1.02241,1.02244,1.08,1.50
2014.01.31 16:55:38.971,1.0224,1.02242,2.18,1.00
2014.01.31 16:55:39.022,1.02237,1.02241,1.00,4.35
2014.01.31 16:55:39.526,1.02238,1.02241,1.00,3.00
2014.01.31 16:55:39.980,1.02239,1.02241,1.00,1.10
2014.01.31 16:55:40.182,1.02237,1.0224,1.00,1.08
2014.01.31 16:55:40.749,1.02236,1.0224,1.00,3.00
2014.01.31 16:55:42.695,1.02234,1.02238,1.10,1.10
2014.01.31 16:55:43.213,1.02235,1.02238,1.00,1.58
2014.01.31 16:55:43.693,1.02237,1.0224,1.00,2.18
2014.01.31 16:55:43.996,1.02234,1.02238,3.38,2.85
2014.01.31 16:55:44.047,1.02234,1.02238,1.00,2.85
2014.01.31 16:55:46.221,1.02235,1.02239,1.10,1.13
2014.01.31 16:55:46.683,1.02236,1.0224,1.38,1.50
2014.01.31 16:55:48.951,1.02236,1.0224,1.00,1.58
2014.01.31 16:55:49.254,1.02238,1.02241,1.00,2.63
2014.01.31 16:55:49.305,1.02238,1.02242,1.00,1.20
2014.01.31 16:55:50.199,1.02239,1.02242,1.00,1.20
2014.01.31 16:55:50.250,1.02238,1.0224,1.00,1.38
2014.01.31 16:55:50.301,1.02236,1.0224,1.50,1.45
2014.01.31 16:55:50.805,1.02236,1.02238,1.00,1.10
2014.01.31 16:55:52.439,1.02236,1.0224,1.95,1.00
2014.01.31 16:55:52.996,1.02236,1.0224,1.95,1.00
2014.01.31 16:55:53.524,1.02239,1.02243,1.50,3.00
2014.01.31 16:55:53.777,1.0224,1.02244,1.10,1.10
2014.01.31 16:55:54.281,1.02239,1.02243,1.58,1.00
2014.01.31 16:55:54.819,1.02241,1.02245,1.00,1.08
2014.01.31 16:55:55.660,1.0224,1.02244,1.58,1.10
2014.01.31 16:55:56.165,1.02241,1.02245,1.00,1.08
2014.01.31 16:55:56.700,1.0224,1.02244,1.10,1.10
2014.01.31 16:55:57.446,1.02241,1.02245,1.00,1.95
2014.01.31 16:56:01.150,1.02242,1.02246,1.00,3.38
2014.01.31 16:56:01.201,1.02242,1.02246,1.20,1.00
2014.01.31 16:56:03.154,1.02244,1.02247,1.00,1.10
2014.01.31 16:56:03.664,1.02244,1.02248,5.63,1.08
2014.01.31 16:56:05.469,1.02244,1.02248,1.88,1.08
2014.01.31 16:56:06.163,1.02244,1.02248,1.95,1.00
2014.01.31 16:56:08.052,1.02244,1.02248,1.95,1.00
2014.01.31 16:56:08.103,1.02247,1.02249,1.00,1.10
2014.01.31 16:56:08.387,1.02249,1.02252,1.20,1.00
2014.01.31 16:56:08.741,1.0225,1.02254,3.00,2.25
2014.01.31 16:56:09.195,1.0225,1.02254,3.00,1.50
2014.01.31 16:56:10.200,1.02251,1.02255,1.08,1.00
2014.01.31 16:56:10.705,1.02253,1.02256,1.00,3.68
2014.01.31 16:56:17.188,1.02253,1.02256,1.08,1.00
2014.01.31 16:56:17.748,1.02253,1.02257,1.08,1.89
2014.01.31 16:56:18.289,1.02253,1.02256,1.08,1.00
2014.01.31 16:56:18.441,1.02254,1.02258,1.10,1.58
2014.01.31 16:56:18.492,1.02252,1.02256,3.30,1.00
2014.01.31 16:56:18.744,1.02242,1.0225,1.65,9.23
2014.01.31 16:56:18.795,1.02243,1.02249,2.25,1.05
2014.01.31 16:56:19.128,1.02242,1.02244,1.00,1.50
2014.01.31 16:56:19.179,1.02243,1.02247,1.00,4.14
2014.01.31 16:56:19.685,1.02242,1.02246,1.00,1.08
2014.01.31 16:56:22.972,1.02242,1.02247,1.08,2.71
2014.01.31 16:56:23.073,1.02245,1.02247,1.58,1.00
2014.01.31 16:56:23.124,1.02245,1.02249,1.58,1.58
2014.01.31 16:56:23.647,1.02246,1.0225,1.00,1.20
2014.01.31 16:56:24.375,1.02245,1.02248,2.25,2.25
2014.01.31 16:56:24.527,1.02243,1.02246,1.00,1.10
2014.01.31 16:56:24.970,1.0224,1.02243,3.38,1.50
2014.01.31 16:56:25.124,1.02237,1.02241,3.08,1.80
2014.01.31 16:56:25.377,1.02237,1.02239,1.10,1.00
2014.01.31 16:56:25.529,1.02235,1.02239,1.00,2.18
2014.01.31 16:56:26.184,1.02234,1.02238,1.10,1.43
2014.01.31 16:56:26.688,1.02233,1.02236,1.08,1.00
2014.01.31 16:56:27.358,1.02234,1.02237,1.10,1.00
2014.01.31 16:56:27.890,1.02234,1.02238,1.10,1.80
2014.01.31 16:56:29.484,1.02236,1.02239,1.00,2.18
2014.01.31 16:56:29.635,1.02238,1.02241,1.00,1.58
2014.01.31 16:56:29.815,1.0224,1.02243,1.00,3.23
2014.01.31 16:56:29.865,1.0224,1.02243,1.10,1.30
2014.01.31 16:56:31.001,1.0224,1.02244,1.10,2.93
2014.01.31 16:56:31.153,1.02242,1.02244,1.00,1.10
2014.01.31 16:56:31.304,1.02243,1.02246,1.00,2.18
2014.01.31 16:56:32.304,1.02243,1.02246,1.00,1.05
2014.01.31 16:56:32.405,1.02241,1.02245,1.00,1.45
2014.01.31 16:56:32.607,1.02239,1.02242,1.08,3.61
2014.01.31 16:56:32.809,1.02242,1.02245,1.00,2.18
2014.01.31 16:56:34.444,1.02243,1.02247,1.00,6.61
2014.01.31 16:56:35.815,1.02244,1.02247,1.00,3.31
2014.01.31 16:56:36.340,1.02245,1.02247,1.00,3.31
2014.01.31 16:56:41.120,1.02245,1.02246,1.00,2.10
2014.01.31 16:56:43.544,1.02244,1.02246,1.50,2.10
2014.01.31 16:56:49.048,1.02244,1.02248,1.50,1.08
2014.01.31 16:56:50.249,1.02244,1.02246,1.00,2.85
2014.01.31 16:56:50.300,1.02241,1.02246,1.10,3.68
2014.01.31 16:56:50.805,1.0224,1.02244,1.08,3.24
2014.01.31 16:56:53.030,1.02243,1.02245,1.13,1.58
2014.01.31 16:56:53.183,1.02244,1.02247,1.88,1.10
2014.01.31 16:56:53.234,1.02246,1.02247,1.00,1.10
2014.01.31 16:56:53.436,1.02245,1.02249,1.20,1.10
2014.01.31 16:57:00.330,1.02244,1.02248,1.58,1.00
2014.01.31 16:57:00.841,1.02244,1.02248,1.50,1.08
2014.01.31 16:57:03.338,1.02244,1.02246,1.00,2.10
2014.01.31 16:57:03.873,1.02243,1.02246,1.00,2.18
2014.01.31 16:57:05.953,1.02238,1.02244,1.50,2.13
2014.01.31 16:57:06.055,1.02237,1.0224,1.58,1.00
2014.01.31 16:57:06.106,1.02237,1.02239,1.10,2.85
2014.01.31 16:57:06.561,1.02238,1.02242,1.00,4.43
2014.01.31 16:57:07.066,1.0224,1.02242,1.00,2.18
2014.01.31 16:57:07.319,1.02241,1.02243,1.50,1.10
2014.01.31 16:57:07.622,1.02242,1.02246,1.00,3.68
2014.01.31 16:57:07.875,1.0224,1.02243,1.08,1.00
2014.01.31 16:57:09.037,1.0224,1.02244,1.95,1.50
2014.01.31 16:57:09.340,1.02244,1.02247,2.93,1.00
2014.01.31 16:57:09.391,1.02242,1.02245,3.00,1.00
2014.01.31 16:57:09.492,1.02243,1.02245,1.08,1.00
2014.01.31 16:57:09.593,1.02246,1.0225,3.25,2.18
2014.01.31 16:57:09.745,1.02246,1.02249,1.48,1.88
2014.01.31 16:57:09.880,1.02245,1.02246,1.00,1.00
2014.01.31 16:57:09.981,1.02244,1.02247,3.08,1.00
2014.01.31 16:57:10.183,1.02244,1.02248,1.58,1.10
2014.01.31 16:57:10.385,1.02247,1.02249,1.08,2.25
2014.01.31 16:57:10.486,1.02248,1.02251,2.20,1.00
2014.01.31 16:57:10.739,1.02249,1.02253,1.95,1.00
2014.01.31 16:57:10.941,1.02252,1.02255,1.00,2.70
2014.01.31 16:57:11.294,1.0225,1.02252,1.00,1.00
2014.01.31 16:57:11.598,1.02247,1.02251,1.95,1.00
2014.01.31 16:57:11.699,1.02246,1.02249,3.00,1.00
2014.01.31 16:57:11.900,1.02249,1.02251,1.00,1.00
2014.01.31 16:57:12.405,1.02248,1.0225,1.20,1.00
2014.01.31 16:57:12.556,1.02244,1.02248,4.88,1.50
2014.01.31 16:57:12.657,1.02246,1.0225,2.50,2.18
2014.01.31 16:57:12.809,1.02248,1.02249,1.10,1.00
2014.01.31 16:57:12.910,1.02247,1.0225,1.00,2.18
2014.01.31 16:57:13.011,1.02248,1.0225,1.39,1.10
2014.01.31 16:57:13.113,1.02248,1.02252,1.49,1.10
2014.01.31 16:57:13.264,1.02248,1.02251,1.10,3.60
2014.01.31 16:57:13.315,1.02246,1.0225,1.00,1.43
2014.01.31 16:57:13.977,1.02245,1.02249,1.58,1.10
2014.01.31 16:57:14.078,1.02242,1.02246,1.13,2.50
2014.01.31 16:57:14.461,1.02238,1.02241,1.08,3.23
2014.01.31 16:57:14.513,1.02237,1.0224,6.68,1.00
2014.01.31 16:57:14.564,1.02237,1.02238,3.83,1.00
2014.01.31 16:57:15.120,1.02236,1.0224,1.08,1.00
2014.01.31 16:57:15.624,1.02236,1.02239,1.08,2.10
2014.01.31 16:57:15.776,1.02235,1.02238,1.10,2.10
2014.01.31 16:57:23.447,1.02233,1.02236,3.38,1.00
2014.01.31 16:57:24.951,1.02233,1.02237,3.38,1.50
2014.01.31 16:57:25.893,1.02236,1.02237,3.75,1.00
2014.01.31 16:57:26.045,1.02235,1.02239,4.95,1.58
2014.01.31 16:57:26.147,1.02238,1.02242,1.14,1.95
2014.01.31 16:57:26.248,1.02241,1.02244,1.00,1.50
2014.01.31 16:57:26.753,1.02242,1.02246,1.00,3.68
2014.01.31 16:57:35.348,1.02243,1.02246,1.00,2.93
2014.01.31 16:57:35.579,1.02244,1.02248,1.00,1.08
2014.01.31 16:57:40.980,1.02245,1.02249,1.00,3.38
2014.01.31 16:57:41.889,1.02243,1.02247,1.10,1.10
2014.01.31 16:57:43.194,1.02242,1.02246,1.58,1.00
2014.01.31 16:57:47.693,1.02242,1.02246,1.00,1.08
2014.01.31 16:57:50.543,1.0224,1.02244,1.20,1.00
2014.01.31 16:57:51.047,1.02241,1.02244,1.00,1.08
2014.01.31 16:57:51.767,1.02241,1.02244,1.38,1.08
2014.01.31 16:57:51.868,1.02241,1.02245,1.95,1.10
2014.01.31 16:57:56.392,1.02241,1.02245,2.70,1.10
2014.01.31 16:58:04.895,1.02241,1.02245,1.95,1.10
2014.01.31 16:58:05.430,1.02241,1.02245,1.95,1.10
2014.01.31 16:58:09.875,1.02241,1.02245,1.95,1.10
2014.01.31 16:58:10.391,1.02241,1.02245,1.95,1.10
2014.01.31 16:58:14.219,1.0224,1.02244,1.00,3.00
2014.01.31 16:58:14.523,1.02236,1.02239,1.00,5.55
2014.01.31 16:58:14.624,1.02234,1.02238,1.00,4.73
2014.01.31 16:58:15.920,1.02235,1.02237,1.00,1.08
2014.01.31 16:58:16.021,1.02236,1.02238,1.00,2.93
2014.01.31 16:58:16.527,1.02236,1.02237,1.00,1.00
2014.01.31 16:58:16.782,1.02236,1.0224,1.20,1.10
2014.01.31 16:58:17.306,1.02237,1.02241,1.00,1.08
2014.01.31 16:58:18.047,1.02239,1.02242,1.00,1.10
2014.01.31 16:58:20.695,1.02239,1.02243,1.38,1.08
2014.01.31 16:58:20.846,1.02241,1.02244,1.00,1.10
2014.01.31 16:58:22.368,1.02242,1.02245,1.10,1.00
2014.01.31 16:58:30.558,1.02242,1.02245,1.00,1.08
2014.01.31 16:58:31.944,1.02242,1.02245,1.10,1.00
2014.01.31 16:58:37.554,1.02242,1.02245,1.00,1.08
2014.01.31 16:58:38.805,1.02243,1.02246,1.00,2.25
2014.01.31 16:58:39.982,1.02242,1.02246,1.00,3.00
2014.01.31 16:58:40.750,1.02243,1.02246,1.00,2.25
2014.01.31 16:58:42.336,1.02244,1.02246,1.35,2.18
2014.01.31 16:58:42.387,1.02245,1.02248,2.50,1.50
2014.01.31 16:58:42.488,1.02248,1.02252,1.13,1.08
2014.01.31 16:58:42.541,1.02251,1.02252,1.00,1.00
2014.01.31 16:58:42.592,1.02251,1.02254,1.00,1.38
2014.01.31 16:58:42.997,1.02253,1.02255,1.00,1.00
2014.01.31 16:58:43.149,1.02255,1.02257,2.27,5.03
2014.01.31 16:58:43.250,1.02256,1.02258,1.03,1.00
2014.01.31 16:58:43.452,1.02257,1.02261,1.00,1.08
2014.01.31 16:58:44.746,1.02256,1.0226,1.03,1.10
2014.01.31 16:58:44.797,1.02256,1.0226,1.03,3.00
2014.01.31 16:58:45.657,1.02256,1.0226,1.40,3.75
2014.01.31 16:58:45.758,1.02255,1.02259,1.50,1.08
2014.01.31 16:58:46.263,1.02253,1.02257,1.10,1.00
2014.01.31 16:58:46.415,1.02252,1.02256,1.95,1.10
2014.01.31 16:58:46.631,1.02252,1.02256,1.13,3.00
2014.01.31 16:58:48.221,1.02251,1.02255,1.03,1.08
2014.01.31 16:58:48.524,1.0226,1.02262,1.13,1.08
2014.01.31 16:58:48.625,1.0226,1.02264,1.38,2.33
2014.01.31 16:58:49.635,1.0226,1.02264,2.25,1.08
2014.01.31 16:58:51.536,1.02258,1.02262,1.97,1.00
2014.01.31 16:58:51.637,1.02258,1.02261,1.13,1.10
2014.01.31 16:58:55.361,1.0226,1.02263,1.00,3.90
2014.01.31 16:58:55.412,1.02262,1.02263,1.50,2.18
2014.01.31 16:58:55.463,1.02263,1.02267,2.52,1.20
2014.01.31 16:58:55.615,1.02266,1.0227,1.90,1.08
2014.01.31 16:58:55.766,1.02267,1.02271,1.38,3.00
2014.01.31 16:58:55.918,1.02268,1.02272,1.10,1.58
2014.01.31 16:58:56.423,1.02269,1.02271,1.52,1.00
2014.01.31 16:58:56.927,1.02269,1.02272,1.90,1.00
2014.01.31 16:58:56.978,1.02271,1.02274,1.00,2.85
2014.01.31 16:58:57.232,1.02273,1.02275,1.00,1.00
2014.01.31 16:58:57.764,1.02273,1.02276,1.00,1.00
2014.01.31 16:58:58.869,1.02274,1.02277,1.00,2.10
2014.01.31 16:58:59.174,1.02277,1.02279,2.25,1.00
2014.01.31 16:58:59.275,1.02275,1.02279,2.33,1.50
2014.01.31 16:58:59.376,1.02273,1.02276,1.10,1.00
2014.01.31 16:59:00.134,1.02272,1.02276,1.00,1.00
2014.01.31 16:59:00.588,1.02271,1.02274,1.13,1.00
2014.01.31 16:59:01.093,1.02271,1.02274,1.03,1.08
2014.01.31 16:59:02.366,1.02273,1.02277,2.10,1.08
2014.01.31 16:59:02.467,1.02275,1.02277,1.02,1.10
2014.01.31 16:59:02.619,1.02276,1.02279,1.00,2.93
2014.01.31 16:59:02.780,1.02278,1.02282,3.23,6.08
2014.01.31 16:59:02.835,1.02277,1.0228,3.00,1.10
2014.01.31 16:59:03.137,1.02276,1.02279,1.03,3.00
2014.01.31 16:59:03.642,1.02275,1.02279,3.77,3.00
2014.01.31 16:59:04.297,1.02277,1.02279,1.00,2.18
2014.01.31 16:59:04.500,1.02279,1.02282,2.10,3.00
2014.01.31 16:59:04.551,1.0228,1.02282,1.02,2.93
2014.01.31 16:59:04.602,1.0228,1.02284,7.07,1.10
2014.01.31 16:59:09.340,1.02281,1.02284,1.15,2.25
2014.01.31 16:59:09.643,1.02273,1.02276,1.50,2.18
2014.01.31 16:59:09.744,1.0227,1.02276,1.97,3.30
2014.01.31 16:59:10.929,1.02272,1.02276,1.50,2.93
2014.01.31 16:59:10.980,1.02274,1.02277,1.02,1.00
2014.01.31 16:59:11.182,1.02275,1.02279,1.60,1.10
2014.01.31 16:59:11.536,1.02273,1.02277,4.52,1.00
2014.01.31 16:59:12.052,1.02273,1.02276,1.02,1.10
2014.01.31 16:59:13.572,1.02273,1.02276,1.00,1.10
2014.01.31 16:59:14.234,1.02272,1.02274,1.10,1.00
2014.01.31 16:59:14.336,1.02268,1.02272,1.95,1.58
2014.01.31 16:59:14.387,1.02268,1.0227,1.10,1.00
2014.01.31 16:59:14.438,1.02266,1.0227,1.95,1.10
2014.01.31 16:59:14.640,1.02266,1.02268,1.50,1.08
2014.01.31 16:59:14.741,1.02263,1.02267,1.58,1.10
2014.01.31 16:59:15.574,1.02265,1.02268,1.00,1.08
2014.01.31 16:59:15.624,1.02265,1.02269,1.88,1.10
2014.01.31 16:59:15.725,1.02266,1.0227,1.95,1.00
2014.01.31 16:59:16.079,1.02269,1.02273,1.13,3.08
2014.01.31 16:59:16.281,1.02269,1.02272,1.00,2.25
2014.01.31 16:59:16.382,1.0227,1.02273,1.00,2.33
2014.01.31 16:59:16.989,1.02271,1.02274,1.00,3.00
2014.01.31 16:59:17.408,1.02271,1.02274,1.13,1.10
2014.01.31 16:59:18.182,1.02271,1.02275,1.13,1.08
2014.01.31 16:59:18.283,1.02276,1.0228,3.10,6.75
2014.01.31 16:59:18.336,1.02278,1.0228,1.60,6.00
2014.01.31 16:59:18.437,1.02285,1.02294,10.72,2.25
2014.01.31 16:59:18.538,1.02291,1.02294,1.00,1.58
2014.01.31 16:59:18.842,1.02283,1.02287,1.58,1.00
2014.01.31 16:59:18.893,1.02283,1.02285,1.00,1.08
2014.01.31 16:59:19.398,1.02282,1.02283,1.00,1.00
2014.01.31 16:59:19.450,1.02278,1.02281,1.10,1.50
2014.01.31 16:59:19.501,1.02278,1.02279,1.10,1.00
2014.01.31 16:59:19.704,1.02276,1.02279,1.10,1.00
2014.01.31 16:59:19.806,1.02278,1.02279,1.00,2.18
2014.01.31 16:59:19.907,1.02278,1.02281,1.00,1.08
2014.01.31 16:59:20.311,1.02276,1.02279,1.00,1.10
2014.01.31 16:59:20.475,1.02276,1.0228,3.75,1.00
2014.01.31 16:59:20.530,1.02277,1.02281,1.08,1.00
2014.01.31 16:59:20.833,1.02276,1.0228,2.56,1.00
2014.01.31 16:59:20.934,1.02275,1.02278,1.89,1.10
2014.01.31 16:59:21.136,1.02276,1.0228,1.21,1.10
2014.01.31 16:59:21.238,1.02276,1.0228,3.39,1.00
2014.01.31 16:59:21.490,1.02274,1.02278,1.96,1.00
2014.01.31 16:59:21.995,1.02274,1.02278,1.14,1.08
2014.01.31 16:59:22.298,1.02274,1.02277,1.14,3.00
2014.01.31 16:59:25.372,1.02271,1.02274,1.59,1.00
2014.01.31 16:59:26.535,1.02269,1.02273,3.76,1.00
2014.01.31 16:59:26.742,1.02269,1.02271,2.18,1.00
2014.01.31 16:59:26.843,1.02267,1.02271,3.38,1.00
2014.01.31 16:59:30.367,1.02268,1.02272,1.08,1.00
2014.01.31 16:59:30.873,1.02269,1.02273,1.10,1.20
2014.01.31 16:59:31.159,1.02268,1.02273,1.00,4.01
2014.01.31 16:59:31.462,1.02263,1.02266,10.40,2.50
2014.01.31 16:59:31.512,1.02262,1.02266,1.08,2.50
2014.01.31 16:59:31.664,1.02261,1.02266,1.00,4.76
2014.01.31 16:59:32.269,1.02263,1.02266,1.00,2.93
2014.01.31 16:59:32.471,1.02265,1.02269,5.44,1.50
2014.01.31 16:59:32.572,1.02268,1.02272,1.13,2.33
2014.01.31 16:59:33.790,1.0227,1.02274,1.13,5.25
2014.01.31 16:59:34.093,1.02272,1.02276,1.89,1.08
2014.01.31 16:59:39.374,1.02273,1.02277,3.39,1.00
2014.01.31 16:59:40.757,1.02273,1.02277,1.14,2.33
2014.01.31 16:59:41.264,1.02272,1.02276,1.00,3.00
2014.01.31 16:59:46.291,1.02276,1.02279,2.25,1.58
2014.01.31 16:59:46.594,1.0228,1.02283,1.00,1.48
2014.01.31 16:59:46.646,1.0228,1.02283,1.00,1.10
2014.01.31 16:59:48.968,1.0228,1.02283,1.20,1.00
2014.01.31 16:59:49.517,1.02279,1.02282,1.10,2.25
2014.01.31 16:59:49.568,1.02279,1.02282,1.00,4.50
2014.01.31 16:59:49.821,1.02279,1.02282,1.38,2.33
2014.01.31 16:59:52.812,1.02279,1.02283,1.95,1.00
2014.01.31 16:59:53.327,1.02279,1.02283,1.50,1.08
2014.01.31 16:59:53.866,1.02279,1.02283,1.88,1.08
2014.01.31 16:59:54.787,1.02279,1.02283,1.95,1.00
2014.01.31 16:59:56.959,1.02281,1.02283,1.00,1.00
2014.01.31 16:59:58.558,1.02281,1.02282,1.00,1.00
2014.01.31 16:59:58.761,1.02277,1.02279,1.00,2.13
2014.01.31 16:59:58.862,1.02274,1.02277,1.00,1.08
2014.01.31 16:59:59.312,1.02272,1.02275,1.10,1.00
