2013.12.02 01:00:00.185,1.02458,1.02464,1.93,1.65
2013.12.02 01:00:00.488,1.02462,1.02466,1.13,1.55
2013.12.02 01:00:02.881,1.02462,1.02467,2.70,1.65
2013.12.02 01:00:03.184,1.02462,1.02467,1.65,1.95
2013.12.02 01:00:03.487,1.02461,1.02463,1.10,1.30
2013.12.02 01:00:03.689,1.02458,1.02461,2.25,1.10
2013.12.02 01:00:04.042,1.02456,1.02461,1.20,5.40
2013.12.02 01:00:04.294,1.02453,1.02458,1.65,1.48
2013.12.02 01:00:04.446,1.02454,1.0246,4.20,2.70
2013.12.02 01:00:04.698,1.02453,1.02456,1.00,1.20
2013.12.02 01:00:05.201,1.02453,1.02459,2.40,1.55
2013.12.02 01:00:05.554,1.02454,1.0246,4.20,1.95
2013.12.02 01:00:05.857,1.02457,1.02461,1.20,1.20
2013.12.02 01:00:06.109,1.02456,1.02461,1.20,2.40
2013.12.02 01:00:06.412,1.02454,1.0246,3.75,2.03
2013.12.02 01:00:06.463,1.02454,1.0246,1.58,4.20
2013.12.02 01:00:06.666,1.02454,1.0246,3.83,1.95
2013.12.02 01:00:06.968,1.02455,1.0246,2.40,1.10
2013.12.02 01:00:07.069,1.02455,1.0246,2.03,1.48
2013.12.02 01:00:07.574,1.02455,1.0246,1.00,3.83
2013.12.02 01:00:09.315,1.02454,1.02459,1.58,1.55
2013.12.02 01:00:10.292,1.02454,1.0246,2.33,4.20
2013.12.02 01:00:10.796,1.02456,1.0246,1.00,3.45
2013.12.02 01:00:11.397,1.02456,1.0246,1.20,1.55
2013.12.02 01:00:13.032,1.02456,1.0246,1.58,1.20
2013.12.02 01:00:13.535,1.02455,1.0246,2.78,1.10
2013.12.02 01:00:14.050,1.02456,1.0246,1.10,1.20
2013.12.02 01:00:15.442,1.02456,1.0246,1.58,1.10
2013.12.02 01:00:17.249,1.02455,1.0246,2.03,1.48
2013.12.02 01:00:17.551,1.02454,1.0246,1.58,4.05
2013.12.02 01:00:18.171,1.02454,1.0246,3.83,2.93
2013.12.02 01:00:18.323,1.02455,1.0246,2.78,1.58
2013.12.02 01:00:19.195,1.02455,1.0246,2.78,1.10
2013.12.02 01:00:19.296,1.02457,1.02463,1.65,3.00
2013.12.02 01:00:22.235,1.0246,1.02463,1.48,1.13
2013.12.02 01:00:22.739,1.0246,1.02465,1.58,2.03
2013.12.02 01:00:24.164,1.0246,1.02465,1.48,2.03
2013.12.02 01:00:24.594,1.0246,1.02465,1.10,4.50
2013.12.02 01:00:24.645,1.02458,1.02465,3.45,5.25
2013.12.02 01:00:24.847,1.02457,1.0246,1.18,1.13
2013.12.02 01:00:24.948,1.02455,1.02458,1.38,1.20
2013.12.02 01:00:25.451,1.02455,1.0246,2.70,2.63
2013.12.02 01:00:25.854,1.02455,1.0246,1.20,3.53
2013.12.02 01:00:26.683,1.02453,1.02459,3.08,1.95
2013.12.02 01:00:27.794,1.02453,1.02459,3.08,1.95
2013.12.02 01:00:27.896,1.02453,1.02458,1.10,1.55
2013.12.02 01:00:28.400,1.02452,1.02456,1.93,1.00
2013.12.02 01:00:28.903,1.02452,1.02457,1.65,1.48
2013.12.02 01:00:30.117,1.02452,1.02456,1.50,3.45
2013.12.02 01:00:32.631,1.02451,1.02456,2.03,1.20
2013.12.02 01:00:40.367,1.0245,1.02454,1.18,1.48
2013.12.02 01:00:40.468,1.02449,1.02454,2.40,1.48
2013.12.02 01:00:44.845,1.0245,1.02455,1.48,1.55
2013.12.02 01:00:48.171,1.02452,1.02455,1.58,1.00
2013.12.02 01:00:48.938,1.02452,1.02455,1.58,1.00
2013.12.02 01:00:49.449,1.02453,1.02455,1.00,1.00
2013.12.02 01:00:49.751,1.02449,1.02453,2.33,1.20
2013.12.02 01:00:51.890,1.0245,1.02453,1.13,1.95
2013.12.02 01:00:52.193,1.02445,1.0245,1.85,1.00
2013.12.02 01:00:52.698,1.02448,1.02451,1.00,3.45
2013.12.02 01:00:53.101,1.02445,1.02448,1.58,1.00
2013.12.02 01:00:53.353,1.02443,1.02445,1.13,1.00
2013.12.02 01:00:53.888,1.02443,1.02445,1.38,1.00
2013.12.02 01:00:54.545,1.02443,1.02445,1.13,1.00
2013.12.02 01:00:55.050,1.02443,1.02445,1.38,1.00
2013.12.02 01:00:55.818,1.02443,1.02445,1.13,1.00
2013.12.02 01:01:00.856,1.02443,1.02446,1.38,1.10
2013.12.02 01:01:04.654,1.02443,1.02446,1.38,1.58
2013.12.02 01:01:06.085,1.02443,1.02446,1.00,1.48
2013.12.02 01:01:06.601,1.02441,1.02445,1.00,1.55
2013.12.02 01:01:07.114,1.02441,1.02445,1.00,5.03
2013.12.02 01:01:07.884,1.02441,1.02446,1.20,3.98
2013.12.02 01:01:07.990,1.02441,1.02446,3.45,1.00
2013.12.02 01:01:08.601,1.02441,1.02446,3.45,1.00
2013.12.02 01:01:10.573,1.02441,1.02447,3.45,3.83
2013.12.02 01:01:10.876,1.02443,1.02448,3.45,1.13
2013.12.02 01:01:11.381,1.02446,1.02449,1.00,1.48
2013.12.02 01:01:11.884,1.02446,1.02451,1.13,3.83
2013.12.02 01:01:15.128,1.02446,1.02451,1.38,3.83
2013.12.02 01:01:15.430,1.02448,1.02453,1.38,3.08
2013.12.02 01:01:15.949,1.02448,1.02453,1.13,3.08
2013.12.02 01:01:16.452,1.02448,1.02454,1.28,2.40
2013.12.02 01:01:18.738,1.02448,1.02451,1.18,1.13
2013.12.02 01:01:19.041,1.02445,1.02451,2.33,3.45
2013.12.02 01:01:19.520,1.02443,1.02448,4.20,1.38
2013.12.02 01:01:19.621,1.02443,1.02447,1.58,1.20
2013.12.02 01:01:19.823,1.02443,1.02447,1.20,1.48
2013.12.02 01:01:20.378,1.02441,1.02447,3.00,3.08
2013.12.02 01:01:20.479,1.02441,1.02445,1.10,1.48
2013.12.02 01:01:22.172,1.02441,1.02445,1.10,1.48
2013.12.02 01:01:30.636,1.02441,1.02445,1.48,1.10
2013.12.02 01:01:32.620,1.02443,1.02446,1.38,1.18
2013.12.02 01:01:32.822,1.02445,1.02449,1.55,2.25
2013.12.02 01:01:33.326,1.02447,1.02449,1.58,1.00
2013.12.02 01:01:33.377,1.02449,1.02453,1.13,1.28
2013.12.02 01:01:33.881,1.02449,1.02454,1.18,1.58
2013.12.02 01:01:34.322,1.02449,1.02452,1.10,1.08
2013.12.02 01:01:34.474,1.02445,1.0245,3.00,1.10
2013.12.02 01:01:34.576,1.02445,1.02449,2.93,1.50
2013.12.02 01:01:34.879,1.02443,1.02448,3.75,1.10
2013.12.02 01:01:34.980,1.02443,1.02448,1.10,2.03
2013.12.02 01:01:35.283,1.02443,1.02448,1.10,2.03
2013.12.02 01:01:35.333,1.02443,1.02448,1.10,2.03
2013.12.02 01:01:36.871,1.02443,1.02448,1.20,2.03
2013.12.02 01:01:37.204,1.02443,1.02448,1.48,1.18
2013.12.02 01:01:39.200,1.02445,1.02449,1.58,1.08
2013.12.02 01:01:39.503,1.02447,1.02452,1.38,4.13
2013.12.02 01:01:39.554,1.02449,1.02452,1.48,1.00
2013.12.02 01:01:39.655,1.0245,1.02455,3.45,1.50
2013.12.02 01:01:39.756,1.0245,1.02454,3.08,1.38
2013.12.02 01:01:42.274,1.0245,1.02454,1.10,1.48
2013.12.02 01:01:48.560,1.02448,1.02454,3.83,1.58
2013.12.02 01:01:48.661,1.02452,1.02454,1.00,1.10
2013.12.02 01:01:49.168,1.02452,1.02455,1.48,1.00
2013.12.02 01:01:49.448,1.02452,1.02458,4.58,1.48
2013.12.02 01:01:49.951,1.02452,1.02458,2.33,7.20
2013.12.02 01:01:51.632,1.02453,1.02457,1.28,1.13
2013.12.02 01:01:51.733,1.02454,1.02457,2.33,1.13
2013.12.02 01:01:52.264,1.02454,1.02458,3.45,1.13
2013.12.02 01:01:52.671,1.02456,1.0246,1.20,1.20
2013.12.02 01:01:53.174,1.02456,1.0246,1.48,1.10
2013.12.02 01:01:53.734,1.02456,1.0246,1.48,1.10
2013.12.02 01:02:00.393,1.02456,1.0246,3.08,1.38
2013.12.02 01:02:00.494,1.02456,1.0246,1.10,1.48
2013.12.02 01:02:00.646,1.02453,1.02457,2.33,1.50
2013.12.02 01:02:00.747,1.02451,1.02455,3.83,1.00
2013.12.02 01:02:01.251,1.0245,1.02454,2.33,1.00
2013.12.02 01:02:02.719,1.0245,1.02454,3.08,1.38
2013.12.02 01:02:02.972,1.02452,1.02458,1.58,3.45
2013.12.02 01:02:03.023,1.02452,1.02458,4.20,1.58
2013.12.02 01:02:03.527,1.02453,1.02459,2.03,1.55
2013.12.02 01:02:04.352,1.02453,1.02459,2.03,1.55
2013.12.02 01:02:07.201,1.02453,1.02458,6.08,1.10
2013.12.02 01:02:07.724,1.02455,1.02459,1.55,1.00
2013.12.02 01:02:08.837,1.02455,1.02458,1.00,1.48
2013.12.02 01:02:09.340,1.02453,1.02456,1.55,1.38
2013.12.02 01:02:09.643,1.02455,1.02457,2.18,1.38
2013.12.02 01:02:09.693,1.02453,1.02457,3.45,1.38
2013.12.02 01:02:10.146,1.02453,1.02455,1.00,1.38
2013.12.02 01:02:10.756,1.02453,1.02455,1.00,1.13
2013.12.02 01:02:18.561,1.02453,1.02457,1.50,2.03
2013.12.02 01:02:27.269,1.02453,1.02457,1.13,2.03
2013.12.02 01:02:27.724,1.0245,1.02454,1.38,1.55
2013.12.02 01:02:27.775,1.0245,1.02452,1.50,3.75
2013.12.02 01:02:27.825,1.02448,1.02451,1.00,6.08
2013.12.02 01:02:28.028,1.02447,1.0245,1.00,1.20
2013.12.02 01:02:28.179,1.02446,1.02448,1.50,1.20
2013.12.02 01:02:28.482,1.02444,1.02449,1.10,1.18
2013.12.02 01:02:28.583,1.02443,1.02446,2.40,1.38
2013.12.02 01:02:28.886,1.0244,1.02445,3.08,1.38
2013.12.02 01:02:31.222,1.0244,1.02443,3.08,1.00
2013.12.02 01:02:31.324,1.02438,1.02443,3.08,1.38
2013.12.02 01:02:31.476,1.02438,1.02441,1.10,1.13
2013.12.02 01:02:39.823,1.02438,1.02443,1.48,1.65
2013.12.02 01:02:40.327,1.02438,1.02443,3.45,1.50
2013.12.02 01:02:40.850,1.02439,1.02443,5.40,1.00
2013.12.02 01:02:40.901,1.02439,1.02443,4.65,1.00
2013.12.02 01:02:41.002,1.02444,1.02446,1.00,1.20
2013.12.02 01:02:41.636,1.02444,1.02446,1.00,1.95
2013.12.02 01:02:46.223,1.02444,1.02448,3.08,1.00
2013.12.02 01:02:46.425,1.02444,1.02448,3.45,1.00
2013.12.02 01:02:46.928,1.02445,1.02449,1.55,1.50
2013.12.02 01:02:50.522,1.02445,1.0245,1.55,1.20
2013.12.02 01:02:50.824,1.02447,1.0245,3.38,1.00
2013.12.02 01:02:50.976,1.0245,1.02453,1.00,1.58
2013.12.02 01:02:51.026,1.02451,1.02454,2.25,1.95
2013.12.02 01:02:52.246,1.0245,1.02454,1.55,1.88
2013.12.02 01:02:53.614,1.0245,1.02454,1.65,1.00
2013.12.02 01:02:54.714,1.0245,1.02454,1.55,1.38
2013.12.02 01:02:54.924,1.0245,1.02455,1.65,1.95
2013.12.02 01:02:56.975,1.0245,1.02454,1.65,1.00
2013.12.02 01:02:57.287,1.02451,1.02454,1.13,3.08
2013.12.02 01:02:57.388,1.02451,1.02456,1.50,3.83
2013.12.02 01:02:57.489,1.02454,1.02456,1.00,3.38
2013.12.02 01:02:57.640,1.02454,1.02457,1.00,1.65
2013.12.02 01:03:00.922,1.02454,1.02455,1.00,1.00
2013.12.02 01:03:05.795,1.02454,1.02458,1.00,3.45
2013.12.02 01:03:06.636,1.02454,1.02457,1.00,1.55
2013.12.02 01:03:15.637,1.02454,1.02458,1.58,1.20
2013.12.02 01:03:16.142,1.02456,1.02459,1.28,1.38
2013.12.02 01:03:19.804,1.02456,1.02459,1.65,1.00
2013.12.02 01:03:22.372,1.02456,1.0246,1.65,1.13
2013.12.02 01:03:33.713,1.02456,1.02458,1.65,1.00
2013.12.02 01:03:33.814,1.02454,1.02457,1.28,1.13
2013.12.02 01:03:34.318,1.02454,1.02457,1.00,1.28
2013.12.02 01:03:38.592,1.02454,1.02458,1.38,3.38
2013.12.02 01:03:38.794,1.02457,1.0246,1.00,1.48
2013.12.02 01:03:39.298,1.02457,1.0246,1.00,1.20
2013.12.02 01:03:39.902,1.02457,1.02459,1.00,1.50
2013.12.02 01:03:39.953,1.02454,1.02459,2.33,1.88
2013.12.02 01:03:40.054,1.02454,1.02458,1.20,1.20
2013.12.02 01:03:40.558,1.02454,1.02459,1.10,2.40
2013.12.02 01:03:41.324,1.02454,1.02456,1.10,1.00
2013.12.02 01:03:53.605,1.02454,1.02456,1.48,1.00
2013.12.02 01:04:03.982,1.02454,1.02457,1.38,1.58
2013.12.02 01:04:14.650,1.02453,1.02458,4.58,1.00
2013.12.02 01:04:15.177,1.02453,1.02459,4.58,1.95
2013.12.02 01:04:15.681,1.02453,1.02458,3.83,1.00
2013.12.02 01:04:16.210,1.02453,1.02458,1.85,1.18
2013.12.02 01:04:31.477,1.02453,1.02457,1.58,1.10
2013.12.02 01:04:37.740,1.02451,1.02457,2.03,2.78
2013.12.02 01:04:37.993,1.02451,1.02456,1.55,4.20
2013.12.02 01:04:38.216,1.02451,1.02455,1.18,1.88
2013.12.02 01:04:38.317,1.02448,1.02453,1.38,3.83
2013.12.02 01:04:38.619,1.02448,1.02453,1.55,1.10
2013.12.02 01:04:58.614,1.02448,1.02454,3.45,10.58
2013.12.02 01:05:08.591,1.02448,1.02454,4.20,2.33
2013.12.02 01:05:09.526,1.0245,1.02454,2.70,2.25
2013.12.02 01:05:11.124,1.02452,1.02456,1.10,1.48
2013.12.02 01:05:11.426,1.02456,1.0246,1.20,1.20
2013.12.02 01:05:11.477,1.02456,1.0246,1.10,1.10
2013.12.02 01:05:11.982,1.02453,1.02458,1.18,1.95
2013.12.02 01:05:12.134,1.02451,1.02455,1.65,1.13
2013.12.02 01:05:13.428,1.0245,1.02456,4.20,1.58
2013.12.02 01:05:13.479,1.02442,1.02452,5.25,4.98
2013.12.02 01:05:13.530,1.02442,1.02447,5.25,2.26
2013.12.02 01:05:13.581,1.0244,1.02443,3.38,1.13
2013.12.02 01:05:14.109,1.02442,1.02445,1.00,1.28
2013.12.02 01:05:14.532,1.0244,1.02446,1.20,3.08
2013.12.02 01:05:15.879,1.0244,1.02445,2.63,1.48
2013.12.02 01:05:17.380,1.02434,1.02443,1.50,2.18
2013.12.02 01:05:17.431,1.02433,1.02438,8.63,5.63
2013.12.02 01:05:17.532,1.02434,1.02436,1.00,1.55
2013.12.02 01:05:17.633,1.02432,1.02437,1.50,2.70
2013.12.02 01:05:17.986,1.02434,1.02439,1.13,4.58
2013.12.02 01:05:18.188,1.02433,1.02439,3.45,1.20
2013.12.02 01:05:18.692,1.02434,1.02441,2.78,4.20
2013.12.02 01:05:18.944,1.02437,1.02441,3.08,2.63
2013.12.02 01:05:19.247,1.02438,1.02444,3.45,1.95
2013.12.02 01:05:20.360,1.02437,1.02442,3.38,2.25
2013.12.02 01:05:20.663,1.02429,1.02433,2.70,1.00
2013.12.02 01:05:20.713,1.02429,1.02433,2.70,1.00
2013.12.02 01:05:21.226,1.0243,1.02435,1.28,1.48
2013.12.02 01:05:21.730,1.0243,1.02435,1.55,1.10
2013.12.02 01:05:23.335,1.02429,1.02435,4.58,1.10
2013.12.02 01:05:23.386,1.02428,1.02432,1.00,3.10
2013.12.02 01:05:23.437,1.0242,1.0243,2.25,5.36
2013.12.02 01:05:23.538,1.02423,1.02428,2.63,2.25
2013.12.02 01:05:23.639,1.02421,1.02428,4.50,1.20
2013.12.02 01:05:23.993,1.02423,1.02428,1.65,1.48
2013.12.02 01:05:24.095,1.02424,1.02429,7.20,1.00
2013.12.02 01:05:24.196,1.02426,1.02431,1.48,1.58
2013.12.02 01:05:24.297,1.02429,1.02432,1.00,1.48
2013.12.02 01:05:24.399,1.02428,1.02435,4.20,1.65
2013.12.02 01:05:24.903,1.02428,1.02433,2.70,1.13
2013.12.02 01:05:25.407,1.02428,1.02432,2.70,1.00
2013.12.02 01:05:27.600,1.02428,1.0243,2.18,1.00
2013.12.02 01:05:27.754,1.02423,1.02428,2.25,4.10
2013.12.02 01:05:27.805,1.02421,1.02425,1.55,1.00
2013.12.02 01:05:27.857,1.0242,1.02424,3.08,1.13
2013.12.02 01:05:28.008,1.02419,1.02423,1.65,1.00
2013.12.02 01:05:28.109,1.02419,1.02422,1.58,3.00
2013.12.02 01:05:28.211,1.02416,1.02421,1.10,2.03
2013.12.02 01:05:28.668,1.02417,1.02422,1.95,1.18
2013.12.02 01:05:29.127,1.02418,1.02423,2.63,1.58
2013.12.02 01:05:29.177,1.02418,1.02423,3.00,1.48
2013.12.02 01:05:29.483,1.02417,1.02421,2.70,1.20
2013.12.02 01:05:29.533,1.02416,1.02421,2.03,1.58
2013.12.02 01:05:29.584,1.02416,1.02421,1.55,1.20
2013.12.02 01:05:29.988,1.02415,1.0242,5.33,2.25
2013.12.02 01:05:30.089,1.02414,1.02418,1.58,1.10
2013.12.02 01:05:30.292,1.02414,1.02421,9.08,2.78
2013.12.02 01:05:30.495,1.02416,1.02421,1.48,1.65
2013.12.02 01:05:30.596,1.02416,1.02421,1.20,1.28
2013.12.02 01:05:30.653,1.02416,1.02421,3.38,1.20
2013.12.02 01:05:30.956,1.02408,1.02413,1.65,1.13
2013.12.02 01:05:31.007,1.02409,1.02413,2.63,1.13
2013.12.02 01:05:31.260,1.02412,1.02416,1.13,1.58
2013.12.02 01:05:31.512,1.02412,1.02417,4.50,1.08
2013.12.02 01:05:31.765,1.02413,1.02419,3.45,1.20
2013.12.02 01:05:31.816,1.02416,1.02419,2.33,1.13
2013.12.02 01:05:32.321,1.02416,1.02421,2.70,2.63
2013.12.02 01:05:32.928,1.02416,1.02421,2.70,2.25
2013.12.02 01:05:33.781,1.02416,1.02421,2.70,2.25
2013.12.02 01:05:34.458,1.02417,1.02423,2.40,1.18
2013.12.02 01:05:34.862,1.02417,1.02423,2.70,2.33
2013.12.02 01:05:34.963,1.02417,1.0242,2.63,1.10
2013.12.02 01:05:35.266,1.02416,1.02419,2.25,1.50
2013.12.02 01:05:35.368,1.02414,1.02419,2.70,6.00
2013.12.02 01:05:35.519,1.02416,1.0242,2.63,1.13
2013.12.02 01:05:36.023,1.02416,1.02421,3.45,1.50
2013.12.02 01:05:37.648,1.02416,1.02421,2.70,1.88
2013.12.02 01:05:37.950,1.02417,1.02422,2.03,1.20
2013.12.02 01:05:38.455,1.02419,1.02423,2.70,1.00
2013.12.02 01:05:40.238,1.0242,1.02425,1.93,1.10
2013.12.02 01:05:40.289,1.02421,1.02425,2.33,1.10
2013.12.02 01:05:40.390,1.02422,1.02428,3.15,1.18
2013.12.02 01:05:41.095,1.02422,1.02427,1.85,3.00
2013.12.02 01:05:44.709,1.02421,1.02425,1.85,1.58
2013.12.02 01:05:50.858,1.02422,1.02425,1.13,1.10
2013.12.02 01:05:51.161,1.02417,1.02424,3.15,4.20
2013.12.02 01:05:51.667,1.02418,1.02424,3.83,1.48
2013.12.02 01:05:52.065,1.02418,1.02421,3.08,1.00
2013.12.02 01:05:52.217,1.02418,1.02421,1.10,1.00
2013.12.02 01:05:52.721,1.02417,1.02424,3.90,3.45
2013.12.02 01:05:54.147,1.02418,1.02424,3.75,1.28
2013.12.02 01:05:54.472,1.02412,1.02419,1.15,5.13
2013.12.02 01:05:54.976,1.02413,1.02415,1.00,1.48
2013.12.02 01:05:56.002,1.02414,1.02416,1.00,1.28
2013.12.02 01:05:56.254,1.02416,1.02419,1.13,1.65
2013.12.02 01:05:56.758,1.02416,1.02419,1.00,1.20
2013.12.02 01:05:57.331,1.02416,1.0242,1.20,2.33
2013.12.02 01:05:57.857,1.02416,1.0242,1.55,1.38
2013.12.02 01:05:58.562,1.02416,1.0242,1.55,1.00
2013.12.02 01:05:58.764,1.02418,1.02422,2.70,1.88
2013.12.02 01:05:59.268,1.02418,1.02423,2.70,3.38
2013.12.02 01:06:05.381,1.02418,1.02423,2.70,1.13
2013.12.02 01:06:05.683,1.0242,1.02425,3.45,1.13
2013.12.02 01:06:05.986,1.0242,1.02423,2.33,1.00
2013.12.02 01:06:06.300,1.0242,1.02423,2.18,1.88
2013.12.02 01:06:06.473,1.0242,1.02423,2.33,1.13
2013.12.02 01:06:06.574,1.0242,1.02425,3.45,1.13
2013.12.02 01:06:07.084,1.0242,1.02425,3.83,1.13
2013.12.02 01:06:11.727,1.0242,1.02425,3.08,1.50
2013.12.02 01:06:12.666,1.02419,1.02425,2.03,1.65
2013.12.02 01:06:13.018,1.02418,1.02422,2.70,1.00
2013.12.02 01:06:13.119,1.02417,1.02419,1.00,1.13
2013.12.02 01:06:13.170,1.02413,1.02419,1.88,1.50
2013.12.02 01:06:13.220,1.02413,1.02418,3.45,4.88
2013.12.02 01:06:13.321,1.02413,1.02418,1.10,5.78
2013.12.02 01:06:13.844,1.02411,1.02418,4.95,2.03
2013.12.02 01:06:14.348,1.02411,1.02417,2.70,2.70
2013.12.02 01:06:15.761,1.02412,1.02417,1.65,1.48
2013.12.02 01:06:16.372,1.02413,1.02418,1.28,1.95
2013.12.02 01:06:16.876,1.02413,1.02418,4.20,1.38
2013.12.02 01:06:18.449,1.02415,1.02418,1.10,1.13
2013.12.02 01:06:18.954,1.02414,1.02418,1.38,1.18
2013.12.02 01:06:19.257,1.02413,1.02418,1.10,1.55
2013.12.02 01:06:19.459,1.02413,1.02418,3.08,1.38
2013.12.02 01:06:19.914,1.02413,1.02418,1.95,1.55
2013.12.02 01:06:22.845,1.02413,1.02418,1.58,1.55
2013.12.02 01:06:23.147,1.02409,1.02415,2.78,3.00
2013.12.02 01:06:23.349,1.02408,1.02413,1.00,4.20
2013.12.02 01:06:23.601,1.02409,1.02413,2.33,1.50
2013.12.02 01:06:23.903,1.02407,1.0241,2.33,1.00
2013.12.02 01:06:24.416,1.02407,1.02411,2.33,2.25
2013.12.02 01:06:24.920,1.02407,1.02413,3.83,1.48
2013.12.02 01:06:26.830,1.02407,1.02411,3.08,2.25
2013.12.02 01:06:27.590,1.02407,1.02411,3.08,1.13
2013.12.02 01:06:29.951,1.02409,1.02414,2.33,2.63
2013.12.02 01:06:30.454,1.02409,1.02414,2.33,2.25
2013.12.02 01:06:30.987,1.02409,1.02415,3.08,1.48
2013.12.02 01:06:32.250,1.02409,1.02416,4.58,3.15
2013.12.02 01:06:32.411,1.02409,1.02416,4.58,3.15
2013.12.02 01:06:35.739,1.02408,1.02414,1.55,2.40
2013.12.02 01:06:36.799,1.02411,1.02414,2.33,1.88
2013.12.02 01:06:38.872,1.02409,1.02414,2.70,2.25
2013.12.02 01:06:40.161,1.02409,1.02411,2.63,1.00
2013.12.02 01:06:40.312,1.02407,1.02411,3.45,1.00
2013.12.02 01:06:40.564,1.02407,1.02413,3.83,1.13
2013.12.02 01:06:40.615,1.02409,1.02413,2.70,1.13
2013.12.02 01:06:46.730,1.02411,1.02414,2.63,1.88
2013.12.02 01:06:46.831,1.02411,1.02416,2.70,2.63
2013.12.02 01:06:47.367,1.02411,1.02415,2.70,1.00
2013.12.02 01:06:47.822,1.02411,1.02417,3.08,1.95
2013.12.02 01:06:47.924,1.02413,1.02417,5.78,1.58
2013.12.02 01:06:48.075,1.02414,1.02419,1.55,1.58
2013.12.02 01:06:48.579,1.02416,1.0242,2.70,1.38
2013.12.02 01:06:48.881,1.02416,1.02421,7.20,1.00
2013.12.02 01:06:49.417,1.02418,1.02423,2.70,1.88
2013.12.02 01:06:50.078,1.02418,1.02423,2.70,2.63
2013.12.02 01:06:51.458,1.02418,1.02423,3.45,1.50
2013.12.02 01:06:51.760,1.02422,1.02424,2.18,1.10
2013.12.02 01:06:51.811,1.02427,1.02429,1.00,1.00
2013.12.02 01:06:51.912,1.02428,1.02434,1.28,1.18
2013.12.02 01:06:52.014,1.02429,1.02435,3.83,2.33
2013.12.02 01:06:52.316,1.02429,1.02435,1.95,3.08
2013.12.02 01:06:54.695,1.02429,1.02434,1.95,1.18
2013.12.02 01:06:55.217,1.02429,1.02434,1.95,1.18
2013.12.02 01:07:04.689,1.02429,1.02434,2.18,11.25
2013.12.02 01:07:04.991,1.02421,1.02427,3.83,1.48
2013.12.02 01:07:05.092,1.02425,1.02429,1.00,4.20
2013.12.02 01:07:05.344,1.02425,1.0243,3.83,1.58
2013.12.02 01:07:05.445,1.02425,1.02427,1.00,1.00
2013.12.02 01:07:05.546,1.02425,1.02427,1.38,1.58
2013.12.02 01:07:05.648,1.02421,1.02426,3.45,1.00
2013.12.02 01:07:05.698,1.02421,1.02425,2.25,1.48
2013.12.02 01:07:05.749,1.0242,1.02424,1.10,1.20
2013.12.02 01:07:06.260,1.02418,1.02424,3.08,1.48
2013.12.02 01:07:12.022,1.02418,1.02424,2.25,4.20
2013.12.02 01:07:12.073,1.02417,1.02423,1.58,2.70
2013.12.02 01:07:12.377,1.02417,1.02423,3.83,1.20
2013.12.02 01:07:17.130,1.02417,1.02423,3.83,1.48
2013.12.02 01:07:17.231,1.02416,1.02423,2.40,4.95
2013.12.02 01:07:17.757,1.02418,1.02424,1.18,1.55
2013.12.02 01:07:31.881,1.02419,1.02424,1.10,2.40
2013.12.02 01:07:32.184,1.02416,1.02419,2.33,1.00
2013.12.02 01:07:32.234,1.02416,1.02419,2.25,1.38
2013.12.02 01:07:32.285,1.02415,1.02419,1.18,1.38
2013.12.02 01:07:32.537,1.02417,1.02422,1.00,4.58
2013.12.02 01:07:32.646,1.02415,1.02419,1.38,1.65
2013.12.02 01:07:32.949,1.02413,1.02419,1.28,2.78
2013.12.02 01:07:33.252,1.02417,1.02419,1.13,1.18
2013.12.02 01:07:33.353,1.02417,1.02422,1.20,2.40
2013.12.02 01:07:33.891,1.02418,1.02422,1.00,1.65
2013.12.02 01:07:34.244,1.0242,1.02423,1.00,2.63
2013.12.02 01:07:34.295,1.0242,1.02424,1.20,1.20
2013.12.02 01:07:35.682,1.0242,1.02423,1.20,1.00
2013.12.02 01:07:36.015,1.02418,1.02421,2.25,1.13
2013.12.02 01:07:36.268,1.02409,1.02413,1.48,1.10
2013.12.02 01:07:36.369,1.02409,1.02413,1.00,2.33
2013.12.02 01:07:36.570,1.02409,1.02414,1.55,1.58
2013.12.02 01:07:37.074,1.02409,1.02413,1.55,1.00
2013.12.02 01:07:37.600,1.02409,1.02413,1.55,1.00
2013.12.02 01:07:39.863,1.02409,1.02414,1.65,2.33
2013.12.02 01:07:44.846,1.02409,1.02414,1.65,2.70
2013.12.02 01:07:47.186,1.02409,1.02411,1.58,1.00
2013.12.02 01:07:47.388,1.02401,1.02403,1.10,1.13
2013.12.02 01:07:47.439,1.02399,1.02403,1.13,1.28
2013.12.02 01:07:50.436,1.02398,1.02404,3.75,3.15
2013.12.02 01:07:50.939,1.02399,1.02404,4.28,1.58
2013.12.02 01:07:51.667,1.02398,1.02404,7.58,1.58
2013.12.02 01:07:51.923,1.024,1.02404,2.33,2.33
2013.12.02 01:07:52.475,1.02401,1.02404,2.33,1.88
2013.12.02 01:07:52.983,1.024,1.02404,2.33,2.25
2013.12.02 01:07:54.566,1.02401,1.02405,10.95,2.25
2013.12.02 01:07:54.869,1.02406,1.0241,1.18,1.88
2013.12.02 01:07:55.172,1.02403,1.02406,2.70,1.00
2013.12.02 01:07:55.272,1.02401,1.02403,1.10,1.00
2013.12.02 01:07:55.424,1.02399,1.02405,4.95,3.68
2013.12.02 01:07:55.475,1.02403,1.02405,1.50,1.50
2013.12.02 01:07:55.878,1.024,1.02405,3.38,4.13
2013.12.02 01:07:55.928,1.024,1.02404,1.00,3.08
2013.12.02 01:07:56.432,1.02397,1.02403,2.40,1.65
2013.12.02 01:07:59.026,1.02397,1.02403,3.15,1.65
2013.12.02 01:07:59.077,1.024,1.02403,1.00,1.65
2013.12.02 01:07:59.228,1.02404,1.02411,4.51,1.95
2013.12.02 01:07:59.341,1.02402,1.02407,1.65,2.20
2013.12.02 01:07:59.593,1.02401,1.02406,1.10,3.15
2013.12.02 01:08:00.097,1.02399,1.02405,3.08,2.20
2013.12.02 01:08:00.349,1.02399,1.02404,2.55,4.13
2013.12.02 01:08:00.853,1.02399,1.02404,2.55,4.01
2013.12.02 01:08:02.413,1.024,1.02404,1.65,1.13
2013.12.02 01:08:02.665,1.02401,1.02406,3.08,1.13
2013.12.02 01:08:02.867,1.02404,1.02408,3.83,2.25
2013.12.02 01:08:03.018,1.02404,1.0241,3.83,1.20
2013.12.02 01:08:03.069,1.02404,1.0241,3.45,1.00
2013.12.02 01:08:03.170,1.02401,1.02406,6.75,1.00
2013.12.02 01:08:03.271,1.02399,1.02403,2.33,3.63
2013.12.02 01:08:03.524,1.024,1.02402,2.18,1.20
2013.12.02 01:08:03.624,1.02397,1.02402,1.48,1.18
2013.12.02 01:08:05.681,1.024,1.02403,1.00,1.58
2013.12.02 01:08:05.782,1.02402,1.02404,1.48,1.50
2013.12.02 01:08:06.287,1.02402,1.02405,1.58,1.50
2013.12.02 01:08:08.844,1.02404,1.02405,1.00,1.50
2013.12.02 01:08:08.946,1.02404,1.02408,1.58,1.58
2013.12.02 01:08:09.047,1.02401,1.02407,3.83,4.03
2013.12.02 01:08:09.814,1.02402,1.02405,1.00,1.58
2013.12.02 01:08:12.774,1.02402,1.02405,1.18,1.00
2013.12.02 01:08:15.236,1.02402,1.02405,1.10,3.00
2013.12.02 01:08:15.337,1.02399,1.02402,1.20,1.00
2013.12.02 01:08:15.489,1.02396,1.02401,3.45,1.85
2013.12.02 01:08:15.640,1.02392,1.02399,5.33,1.48
2013.12.02 01:08:15.842,1.02392,1.02396,1.20,1.58
2013.12.02 01:08:16.768,1.0239,1.02396,4.58,1.96
2013.12.02 01:08:17.429,1.02392,1.02396,2.63,1.14
2013.12.02 01:08:17.933,1.02393,1.02399,1.65,2.40
2013.12.02 01:08:19.640,1.02393,1.02399,1.28,2.68
2013.12.02 01:08:20.144,1.02393,1.02398,1.13,4.95
2013.12.02 01:08:20.659,1.02393,1.02398,1.50,5.23
2013.12.02 01:08:22.943,1.02392,1.02396,1.48,1.10
2013.12.02 01:08:23.498,1.02391,1.02396,1.55,1.10
2013.12.02 01:08:24.013,1.02393,1.02397,1.50,1.18
2013.12.02 01:08:24.551,1.02393,1.02397,1.50,2.68
2013.12.02 01:08:24.853,1.02392,1.02397,1.38,6.76
2013.12.02 01:08:25.257,1.02388,1.02395,3.83,4.19
2013.12.02 01:08:25.760,1.02388,1.02395,2.70,7.91
2013.12.02 01:08:29.554,1.02388,1.02393,2.70,1.13
2013.12.02 01:08:30.096,1.02387,1.02393,2.40,1.28
2013.12.02 01:08:30.887,1.02386,1.02393,4.20,2.65
2013.12.02 01:08:30.988,1.02385,1.02391,4.13,7.50
2013.12.02 01:08:31.291,1.02379,1.02386,2.33,6.38
2013.12.02 01:08:31.443,1.02378,1.02383,1.18,2.33
2013.12.02 01:08:31.948,1.02377,1.02383,2.40,1.10
2013.12.02 01:08:32.451,1.02378,1.02383,2.70,1.00
2013.12.02 01:08:32.958,1.02378,1.02383,2.70,1.01
2013.12.02 01:08:33.563,1.02378,1.02383,2.70,1.00
2013.12.02 01:08:33.985,1.02378,1.02383,2.70,1.01
2013.12.02 01:08:34.534,1.02378,1.02383,2.70,1.01
2013.12.02 01:08:35.711,1.02381,1.02383,1.10,1.14
2013.12.02 01:08:35.913,1.02381,1.02385,1.55,1.00
2013.12.02 01:08:36.418,1.02382,1.02385,2.70,1.00
2013.12.02 01:08:37.816,1.02382,1.02387,2.70,1.14
2013.12.02 01:08:38.017,1.02384,1.02389,1.48,1.02
2013.12.02 01:08:38.522,1.02385,1.0239,3.45,1.89
2013.12.02 01:08:39.025,1.02386,1.0239,2.70,1.14
2013.12.02 01:08:43.224,1.02386,1.02391,2.70,2.26
2013.12.02 01:08:44.829,1.02385,1.02391,3.45,1.89
2013.12.02 01:08:45.976,1.02385,1.02391,4.20,1.13
2013.12.02 01:08:46.279,1.02386,1.02391,1.58,1.13
2013.12.02 01:08:47.465,1.02385,1.02389,1.50,2.30
2013.12.02 01:08:48.437,1.02384,1.02389,2.33,1.20
2013.12.02 01:08:48.985,1.02384,1.02389,2.33,2.30
2013.12.02 01:08:49.489,1.02384,1.02389,1.20,2.78
2013.12.02 01:08:50.819,1.02384,1.02389,1.10,1.48
2013.12.02 01:08:52.670,1.02383,1.02387,1.13,3.61
2013.12.02 01:08:52.822,1.02377,1.02384,4.95,6.68
2013.12.02 01:08:53.125,1.02378,1.02383,1.50,4.48
2013.12.02 01:08:55.521,1.02375,1.02381,1.88,6.01
2013.12.02 01:08:55.823,1.02371,1.02376,1.95,2.65
2013.12.02 01:08:56.327,1.0237,1.02376,3.75,1.00
2013.12.02 01:08:56.831,1.0237,1.02375,1.65,2.13
2013.12.02 01:08:57.133,1.02372,1.02375,1.38,1.00
2013.12.02 01:08:57.637,1.02372,1.02375,1.55,1.13
2013.12.02 01:08:58.896,1.02373,1.02379,2.63,2.78
2013.12.02 01:08:59.048,1.02372,1.02379,1.65,5.20
2013.12.02 01:08:59.098,1.02373,1.02379,2.63,3.03
2013.12.02 01:08:59.602,1.02373,1.02379,2.70,1.50
2013.12.02 01:09:01.606,1.02373,1.02379,4.20,2.33
2013.12.02 01:09:02.504,1.02373,1.02379,4.20,1.95
2013.12.02 01:09:03.517,1.02373,1.02378,4.20,1.13
2013.12.02 01:09:03.618,1.02373,1.02378,1.38,4.20
2013.12.02 01:09:03.719,1.02372,1.02377,1.95,1.28
2013.12.02 01:09:03.820,1.02372,1.02376,1.13,2.25
2013.12.02 01:09:04.173,1.02372,1.02376,1.00,2.33
2013.12.02 01:09:04.274,1.02372,1.02376,1.13,2.33
2013.12.02 01:09:04.634,1.02372,1.02377,1.20,2.03
2013.12.02 01:09:05.246,1.02374,1.02377,1.50,1.28
2013.12.02 01:09:05.699,1.02372,1.02377,1.20,1.65
2013.12.02 01:09:05.851,1.02371,1.02375,1.38,1.18
2013.12.02 01:09:06.355,1.02371,1.02373,1.13,1.50
2013.12.02 01:09:06.607,1.02371,1.02375,1.28,1.13
2013.12.02 01:09:06.758,1.0237,1.02374,1.20,1.20
2013.12.02 01:09:06.960,1.02369,1.02372,1.93,1.00
2013.12.02 01:09:07.061,1.02366,1.02371,4.20,1.00
2013.12.02 01:09:07.112,1.02366,1.02372,3.45,1.10
2013.12.02 01:09:07.615,1.02369,1.02372,1.38,1.10
2013.12.02 01:09:08.546,1.02367,1.02372,2.03,1.10
2013.12.02 01:09:08.647,1.02367,1.0237,2.03,1.00
2013.12.02 01:09:08.799,1.02364,1.02368,1.20,1.00
2013.12.02 01:09:08.951,1.02362,1.02365,1.20,1.00
2013.12.02 01:09:09.203,1.0236,1.02365,1.65,1.58
2013.12.02 01:09:09.707,1.0236,1.02365,2.40,1.10
2013.12.02 01:09:10.009,1.02355,1.02363,2.70,1.88
2013.12.02 01:09:10.513,1.02359,1.02362,2.70,1.00
2013.12.02 01:09:11.067,1.02359,1.02364,2.70,3.00
2013.12.02 01:09:11.269,1.02361,1.02366,5.03,1.50
2013.12.02 01:09:11.421,1.02363,1.02368,1.38,1.18
2013.12.02 01:09:11.724,1.02364,1.02369,3.45,1.50
2013.12.02 01:09:12.232,1.02364,1.02369,3.45,1.00
2013.12.02 01:09:13.289,1.02364,1.02368,3.45,1.13
2013.12.02 01:09:13.491,1.02363,1.02368,1.28,1.95
2013.12.02 01:09:13.945,1.02361,1.02367,1.28,3.15
2013.12.02 01:09:14.463,1.02361,1.02366,1.13,3.83
2013.12.02 01:09:14.715,1.02356,1.02362,5.33,2.70
2013.12.02 01:09:14.766,1.02356,1.02362,2.40,4.88
2013.12.02 01:09:15.276,1.02357,1.02361,2.33,1.50
2013.12.02 01:09:15.784,1.02357,1.02361,2.70,1.50
2013.12.02 01:09:17.922,1.02357,1.02362,2.70,1.13
2013.12.02 01:09:18.225,1.02362,1.02368,3.45,2.63
2013.12.02 01:09:18.276,1.02362,1.02368,3.45,2.25
2013.12.02 01:09:18.327,1.02364,1.02368,2.70,1.00
2013.12.02 01:09:18.428,1.02364,1.02368,2.70,1.00
2013.12.02 01:09:18.958,1.02364,1.02368,2.33,1.38
2013.12.02 01:09:19.412,1.02366,1.02369,1.28,1.00
2013.12.02 01:09:19.664,1.02366,1.02371,1.55,1.50
2013.12.02 01:09:19.815,1.02367,1.02371,2.63,1.88
2013.12.02 01:09:20.334,1.02363,1.02367,1.18,1.00
2013.12.02 01:09:20.486,1.02363,1.02369,1.55,2.40
2013.12.02 01:09:20.788,1.02363,1.02368,2.25,3.08
2013.12.02 01:09:21.192,1.02362,1.02367,1.95,1.28
2013.12.02 01:09:22.478,1.02363,1.02368,1.38,4.20
2013.12.02 01:09:22.580,1.02363,1.02368,2.03,1.20
2013.12.02 01:09:22.783,1.02364,1.02369,3.45,1.00
2013.12.02 01:09:23.289,1.02367,1.0237,1.18,1.00
2013.12.02 01:09:24.366,1.02367,1.02372,1.18,1.95
2013.12.02 01:09:24.877,1.02366,1.02372,4.58,1.95
2013.12.02 01:09:25.587,1.02369,1.02372,2.25,1.88
2013.12.02 01:09:25.890,1.02367,1.0237,2.33,1.13
2013.12.02 01:09:26.193,1.02365,1.0237,3.45,1.88
2013.12.02 01:09:26.700,1.02365,1.02369,1.48,1.10
2013.12.02 01:09:27.219,1.02365,1.02368,1.48,1.00
2013.12.02 01:09:28.729,1.02365,1.02368,1.58,1.00
2013.12.02 01:09:28.982,1.02368,1.02369,2.55,1.00
2013.12.02 01:09:29.286,1.0237,1.02374,1.38,1.48
2013.12.02 01:09:31.009,1.02371,1.02375,1.75,1.18
2013.12.02 01:09:31.890,1.02371,1.02375,1.75,1.18
2013.12.02 01:09:32.041,1.02371,1.02373,1.00,1.13
2013.12.02 01:09:32.193,1.02368,1.02372,2.93,2.13
2013.12.02 01:09:32.243,1.02368,1.0237,1.10,1.00
2013.12.02 01:09:32.546,1.02365,1.02368,1.65,1.00
2013.12.02 01:09:33.060,1.02365,1.02369,2.40,1.00
2013.12.02 01:09:33.867,1.02363,1.02366,1.48,1.00
2013.12.02 01:09:34.321,1.02363,1.02367,1.55,1.00
2013.12.02 01:09:38.807,1.02363,1.02368,1.55,1.10
2013.12.02 01:09:38.909,1.02364,1.0237,3.83,1.20
2013.12.02 01:09:45.731,1.02365,1.02369,1.65,1.00
2013.12.02 01:09:50.177,1.02367,1.02372,1.65,3.83
2013.12.02 01:09:50.814,1.02368,1.02374,2.70,2.33
2013.12.02 01:09:51.909,1.02368,1.02371,2.33,1.00
2013.12.02 01:09:52.360,1.02368,1.02374,2.70,2.33
2013.12.02 01:09:53.363,1.02368,1.02374,2.70,2.33
2013.12.02 01:09:55.452,1.02371,1.02374,1.13,1.58
2013.12.02 01:09:55.654,1.02371,1.02376,1.00,6.45
2013.12.02 01:09:56.169,1.02368,1.02374,2.33,1.58
2013.12.02 01:10:01.298,1.02368,1.02374,2.70,1.10
2013.12.02 01:10:04.553,1.02371,1.02375,6.45,1.38
2013.12.02 01:10:04.654,1.02374,1.02377,2.33,1.13
2013.12.02 01:10:04.705,1.02374,1.02379,2.70,1.13
2013.12.02 01:10:05.058,1.02377,1.02382,1.50,2.25
2013.12.02 01:10:05.109,1.02378,1.02384,2.70,2.70
2013.12.02 01:10:05.612,1.02378,1.02384,2.70,1.58
2013.12.02 01:10:06.326,1.02378,1.02384,2.70,1.58
2013.12.02 01:10:10.306,1.02378,1.02384,2.70,1.95
2013.12.02 01:10:11.409,1.02377,1.02384,3.83,4.13
2013.12.02 01:10:11.957,1.02377,1.02384,1.65,4.20
2013.12.02 01:10:13.731,1.02377,1.02384,1.65,4.20
2013.12.02 01:10:14.235,1.0238,1.02385,1.10,1.65
2013.12.02 01:10:18.899,1.02381,1.02386,1.00,3.83
2013.12.02 01:10:19.425,1.0238,1.02384,1.20,1.10
2013.12.02 01:10:20.947,1.02381,1.02384,1.00,1.10
2013.12.02 01:10:24.914,1.0238,1.02384,1.20,1.10
2013.12.02 01:10:25.217,1.02381,1.02386,3.08,1.88
2013.12.02 01:10:25.520,1.02385,1.02389,1.20,1.48
2013.12.02 01:10:25.772,1.02385,1.02386,1.95,1.00
2013.12.02 01:10:26.075,1.02367,1.02372,1.08,1.50
2013.12.02 01:10:26.126,1.02366,1.02369,3.00,1.00
2013.12.02 01:10:26.227,1.02366,1.02368,1.00,1.00
2013.12.02 01:10:26.633,1.02364,1.02368,1.38,1.00
2013.12.02 01:10:28.723,1.02361,1.02367,12.75,1.00
2013.12.02 01:10:29.126,1.02361,1.02365,2.03,1.00
2013.12.02 01:10:29.429,1.0236,1.02362,1.20,1.00
2013.12.02 01:10:31.041,1.0236,1.02362,1.10,1.00
2013.12.02 01:10:31.394,1.02363,1.02365,1.38,1.50
2013.12.02 01:10:31.495,1.02363,1.02367,1.58,1.00
2013.12.02 01:10:31.999,1.02366,1.02368,1.50,1.00
2013.12.02 01:10:35.857,1.02366,1.02368,1.20,1.00
2013.12.02 01:10:37.233,1.02366,1.02369,1.55,1.00
2013.12.02 01:10:37.672,1.02365,1.02367,1.20,1.00
2013.12.02 01:10:37.774,1.02363,1.02365,1.13,1.00
2013.12.02 01:10:38.076,1.02365,1.02368,1.48,1.08
2013.12.02 01:10:38.866,1.02365,1.02367,1.10,1.00
2013.12.02 01:10:45.387,1.02366,1.02367,1.13,1.00
2013.12.02 01:10:47.885,1.02367,1.02371,1.00,4.58
2013.12.02 01:10:49.189,1.02367,1.02368,1.00,1.00
2013.12.02 01:10:54.993,1.02367,1.02371,1.00,4.58
2013.12.02 01:10:55.517,1.02367,1.02369,1.00,1.20
2013.12.02 01:10:56.049,1.02367,1.02369,1.00,1.20
2013.12.02 01:11:03.578,1.02368,1.02371,1.38,1.55
2013.12.02 01:11:03.730,1.02368,1.02372,3.08,1.50
2013.12.02 01:11:04.495,1.02369,1.0237,1.20,1.00
2013.12.02 01:11:07.132,1.02368,1.0237,2.93,1.50
2013.12.02 01:11:07.183,1.02368,1.0237,1.10,1.88
2013.12.02 01:11:10.415,1.02367,1.02369,1.10,1.50
2013.12.02 01:11:10.938,1.02367,1.02369,1.00,1.50
2013.12.02 01:11:14.321,1.02366,1.0237,1.58,1.20
2013.12.02 01:11:14.653,1.02365,1.02368,1.65,1.30
2013.12.02 01:11:14.855,1.02362,1.02364,1.00,1.65
2013.12.02 01:11:15.258,1.02361,1.02365,1.20,1.10
2013.12.02 01:11:15.309,1.02363,1.02365,1.00,1.10
2013.12.02 01:11:15.366,1.02365,1.02371,1.10,8.70
2013.12.02 01:11:15.467,1.02368,1.02372,1.00,3.08
2013.12.02 01:11:15.518,1.02368,1.02372,1.13,1.28
2013.12.02 01:11:15.620,1.02368,1.02373,2.63,2.63
2013.12.02 01:11:15.822,1.02372,1.02377,1.00,3.45
2013.12.02 01:11:15.973,1.02375,1.02379,1.00,9.08
2013.12.02 01:11:16.377,1.02377,1.0238,1.10,1.13
2013.12.02 01:11:16.981,1.02377,1.02381,1.10,1.95
2013.12.02 01:11:17.840,1.02376,1.0238,1.18,1.13
2013.12.02 01:11:18.354,1.02376,1.02381,1.55,1.95
2013.12.02 01:11:19.406,1.02376,1.0238,1.18,1.13
2013.12.02 01:11:19.929,1.02377,1.02381,1.20,1.95
2013.12.02 01:11:21.420,1.02377,1.02381,1.10,1.58
2013.12.02 01:11:21.723,1.02376,1.02381,1.00,3.83
2013.12.02 01:11:22.127,1.02375,1.02379,1.10,6.45
2013.12.02 01:11:22.228,1.02372,1.02378,1.10,5.33
2013.12.02 01:11:22.279,1.02372,1.02375,1.00,2.25
2013.12.02 01:11:22.430,1.0237,1.02375,1.88,2.70
2013.12.02 01:11:22.834,1.02369,1.02373,1.00,3.00
2013.12.02 01:11:23.358,1.02368,1.02372,1.88,1.18
2013.12.02 01:11:29.271,1.02366,1.02371,1.08,2.70
2013.12.02 01:11:29.440,1.02368,1.02372,1.00,3.45
2013.12.02 01:11:31.104,1.02367,1.02372,1.00,3.45
2013.12.02 01:11:34.955,1.02366,1.02372,1.95,3.45
2013.12.02 01:11:35.157,1.02369,1.02373,1.00,1.18
2013.12.02 01:11:53.939,1.02371,1.02373,1.00,1.18
2013.12.02 01:11:54.039,1.02369,1.02373,1.50,1.18
2013.12.02 01:11:59.673,1.02369,1.02374,1.50,3.83
2013.12.02 01:12:02.194,1.02369,1.02373,1.50,1.28
2013.12.02 01:12:04.941,1.02372,1.02374,1.13,2.25
2013.12.02 01:12:05.042,1.02372,1.02376,1.38,3.45
2013.12.02 01:12:05.471,1.02374,1.02376,1.00,1.00
2013.12.02 01:12:05.622,1.02374,1.02378,1.28,1.00
2013.12.02 01:12:06.028,1.02374,1.02379,1.65,1.20
2013.12.02 01:12:06.357,1.02374,1.02378,1.28,1.00
2013.12.02 01:12:06.511,1.02374,1.02377,1.65,1.00
2013.12.02 01:12:10.148,1.02374,1.02378,1.65,1.00
2013.12.02 01:12:10.757,1.02374,1.02378,1.58,1.10
2013.12.02 01:12:11.009,1.02374,1.02378,1.58,1.20
2013.12.02 01:12:11.412,1.02374,1.02378,1.20,1.48
2013.12.02 01:12:18.172,1.02374,1.02376,1.48,1.13
2013.12.02 01:12:18.703,1.02374,1.02377,1.58,1.00
2013.12.02 01:12:19.408,1.02374,1.02378,1.95,1.10
2013.12.02 01:12:19.910,1.02376,1.02378,1.50,1.10
2013.12.02 01:12:22.096,1.02374,1.02378,3.83,1.00
2013.12.02 01:12:22.500,1.02379,1.0238,1.13,1.00
2013.12.02 01:12:22.808,1.02379,1.02384,1.13,3.83
2013.12.02 01:12:23.119,1.02379,1.02384,1.13,3.83
2013.12.02 01:12:24.691,1.02379,1.02383,1.13,1.93
2013.12.02 01:12:28.420,1.02377,1.0238,1.28,1.00
2013.12.02 01:12:34.137,1.02379,1.02384,1.65,2.33
2013.12.02 01:12:34.188,1.02382,1.02384,1.13,2.33
2013.12.02 01:12:34.692,1.02382,1.02384,1.13,1.58
2013.12.02 01:12:36.503,1.02379,1.02384,1.55,1.20
2013.12.02 01:12:36.654,1.02379,1.02381,1.13,1.00
2013.12.02 01:12:37.179,1.02377,1.02382,4.20,1.38
2013.12.02 01:12:38.967,1.02378,1.02381,2.03,1.00
2013.12.02 01:12:39.490,1.02377,1.0238,3.75,1.38
2013.12.02 01:12:39.592,1.02377,1.0238,1.10,1.38
2013.12.02 01:12:40.124,1.02377,1.02378,1.10,1.00
2013.12.02 01:12:42.749,1.02376,1.02378,1.13,1.18
2013.12.02 01:12:43.287,1.02374,1.02378,1.28,1.13
2013.12.02 01:12:43.792,1.02373,1.02377,3.83,1.13
2013.12.02 01:12:44.299,1.02373,1.02377,3.08,1.38
2013.12.02 01:12:45.461,1.02373,1.02377,3.45,1.00
2013.12.02 01:12:47.477,1.02373,1.02376,2.55,4.88
2013.12.02 01:12:47.628,1.02368,1.02372,4.20,1.00
2013.12.02 01:12:47.679,1.02368,1.02371,1.95,1.10
2013.12.02 01:12:47.880,1.02366,1.02369,2.78,1.00
2013.12.02 01:12:48.385,1.02366,1.02369,2.03,1.00
2013.12.02 01:12:48.747,1.02368,1.02371,1.08,1.38
2013.12.02 01:12:49.049,1.0237,1.02375,1.50,3.45
2013.12.02 01:12:49.553,1.0237,1.02375,1.50,3.83
2013.12.02 01:12:52.425,1.0237,1.02373,2.40,1.00
2013.12.02 01:12:52.577,1.02371,1.02376,3.75,1.20
2013.12.02 01:12:52.627,1.02371,1.02376,7.58,1.88
2013.12.02 01:12:52.729,1.0237,1.02373,2.03,1.00
2013.12.02 01:12:52.780,1.02371,1.02373,1.13,1.00
2013.12.02 01:12:52.981,1.02373,1.02375,1.13,1.00
2013.12.02 01:12:55.577,1.02373,1.02375,1.50,1.18
2013.12.02 01:12:55.729,1.02373,1.02377,1.58,1.50
2013.12.02 01:12:58.978,1.02374,1.02377,1.28,1.00
2013.12.02 01:12:59.130,1.02375,1.02379,1.65,1.13
2013.12.02 01:12:59.231,1.02376,1.02379,4.20,1.00
2013.12.02 01:13:02.481,1.02376,1.02379,1.95,1.00
2013.12.02 01:13:03.486,1.02376,1.02379,1.58,1.00
2013.12.02 01:13:03.537,1.02378,1.02382,1.00,4.20
2013.12.02 01:13:04.040,1.02379,1.0238,1.00,1.10
2013.12.02 01:13:07.072,1.02378,1.02381,1.00,1.28
2013.12.02 01:13:07.223,1.02376,1.0238,1.95,1.20
2013.12.02 01:13:11.668,1.02376,1.02379,1.20,1.00
2013.12.02 01:13:15.052,1.02376,1.0238,1.20,1.20
2013.12.02 01:13:17.190,1.02377,1.0238,1.00,1.20
2013.12.02 01:13:17.757,1.02376,1.0238,1.20,1.20
2013.12.02 01:13:23.685,1.02377,1.0238,1.00,1.20
2013.12.02 01:13:24.194,1.02376,1.0238,1.20,1.20
2013.12.02 01:13:25.974,1.02376,1.02379,1.20,1.00
2013.12.02 01:13:26.076,1.02376,1.02379,3.38,1.00
2013.12.02 01:13:28.685,1.02376,1.02379,1.28,1.00
2013.12.02 01:13:29.197,1.02376,1.02379,1.20,1.00
2013.12.02 01:13:31.189,1.02374,1.02379,2.03,1.20
2013.12.02 01:13:33.258,1.02374,1.02378,1.95,1.20
2013.12.02 01:13:33.913,1.02374,1.02378,1.95,1.10
2013.12.02 01:13:36.770,1.02374,1.0238,4.88,1.65
2013.12.02 01:13:41.740,1.02374,1.02378,4.20,1.00
2013.12.02 01:13:42.288,1.02374,1.02377,1.95,1.00
2013.12.02 01:13:43.202,1.02374,1.0238,1.95,4.58
2013.12.02 01:13:50.338,1.02374,1.02378,2.33,1.10
2013.12.02 01:13:52.589,1.02374,1.02378,1.95,1.10
2013.12.02 01:14:01.599,1.02375,1.02378,1.38,1.10
2013.12.02 01:14:02.105,1.02377,1.02379,1.00,1.00
2013.12.02 01:14:05.476,1.02377,1.02379,1.13,1.13
2013.12.02 01:14:07.103,1.02376,1.02379,1.10,1.38
2013.12.02 01:14:07.405,1.02369,1.02371,1.20,1.00
2013.12.02 01:14:08.381,1.02367,1.0237,1.58,1.00
2013.12.02 01:14:13.467,1.02366,1.02371,1.18,2.33
2013.12.02 01:14:19.221,1.02366,1.0237,1.18,1.38
2013.12.02 01:14:28.099,1.02366,1.02369,1.18,1.38
2013.12.02 01:14:28.643,1.02366,1.02369,1.20,1.00
2013.12.02 01:14:29.528,1.02366,1.02369,1.10,1.38
2013.12.02 01:14:30.037,1.02366,1.02369,1.10,1.38
2013.12.02 01:14:30.088,1.02366,1.02367,1.10,1.00
2013.12.02 01:14:30.220,1.02361,1.02366,2.33,1.55
2013.12.02 01:14:30.272,1.02359,1.02363,1.58,3.00
2013.12.02 01:14:30.373,1.02356,1.02359,4.20,1.08
2013.12.02 01:14:30.525,1.02355,1.02359,1.50,1.55
2013.12.02 01:14:31.147,1.02355,1.02359,1.58,1.48
2013.12.02 01:14:32.980,1.02356,1.02359,1.20,1.00
2013.12.02 01:14:35.708,1.02356,1.02359,1.10,1.38
2013.12.02 01:14:36.061,1.0235,1.02356,1.55,1.00
2013.12.02 01:14:36.162,1.02352,1.02355,1.00,1.10
2013.12.02 01:14:36.212,1.02352,1.02353,1.00,1.10
2013.12.02 01:14:36.517,1.02345,1.02352,1.10,2.13
2013.12.02 01:14:36.669,1.02348,1.0235,1.20,1.13
2013.12.02 01:14:36.922,1.02347,1.0235,2.33,1.00
2013.12.02 01:14:37.073,1.02345,1.02348,4.58,1.00
2013.12.02 01:14:37.174,1.02348,1.02351,1.00,1.10
2013.12.02 01:14:37.276,1.02348,1.02353,1.18,3.45
2013.12.02 01:14:37.326,1.02349,1.02353,2.25,3.38
2013.12.02 01:14:37.478,1.02349,1.02353,2.70,3.38
2013.12.02 01:14:37.629,1.02351,1.02355,2.63,1.13
2013.12.02 01:14:37.932,1.02353,1.02356,3.08,1.13
2013.12.02 01:14:41.331,1.02353,1.02356,1.15,1.13
2013.12.02 01:14:43.295,1.02352,1.02356,2.03,1.10
2013.12.02 01:14:43.799,1.02352,1.02356,1.38,1.18
2013.12.02 01:14:44.304,1.02352,1.02356,1.28,1.13
2013.12.02 01:14:45.060,1.02352,1.02356,1.13,1.28
2013.12.02 01:14:45.363,1.0235,1.02354,1.48,1.20
2013.12.02 01:14:45.665,1.02347,1.0235,1.00,1.18
2013.12.02 01:14:46.283,1.02345,1.02349,3.45,1.38
2013.12.02 01:14:46.793,1.02345,1.02349,3.83,1.13
2013.12.02 01:14:50.383,1.02345,1.02348,2.70,1.00
2013.12.02 01:14:50.585,1.0234,1.02348,3.45,1.13
2013.12.02 01:14:50.686,1.02343,1.02347,2.33,1.38
2013.12.02 01:14:50.838,1.02342,1.02346,2.03,1.13
2013.12.02 01:14:51.375,1.02342,1.02346,1.13,2.03
2013.12.02 01:14:53.301,1.02344,1.02348,2.25,2.55
2013.12.02 01:14:54.134,1.02344,1.02347,3.45,1.00
2013.12.02 01:14:54.438,1.02347,1.02351,5.63,1.13
2013.12.02 01:14:54.740,1.02352,1.02353,2.18,1.00
2013.12.02 01:14:55.244,1.02352,1.02354,2.25,1.00
2013.12.02 01:14:56.456,1.02352,1.02355,2.33,2.25
2013.12.02 01:14:56.758,1.02353,1.02356,5.55,1.00
2013.12.02 01:14:57.514,1.02354,1.02356,2.25,1.00
2013.12.02 01:14:58.211,1.02354,1.02357,2.33,2.25
2013.12.02 01:15:05.235,1.02354,1.02358,3.45,1.13
2013.12.02 01:15:06.485,1.02354,1.02358,3.45,1.50
2013.12.02 01:15:07.013,1.02354,1.02358,3.45,1.50
2013.12.02 01:15:08.547,1.02354,1.02358,2.55,1.95
2013.12.02 01:15:08.598,1.02354,1.02358,2.55,1.95
2013.12.02 01:15:08.900,1.0235,1.02355,1.55,1.20
2013.12.02 01:15:09.152,1.0235,1.02355,1.55,1.58
2013.12.02 01:15:09.303,1.02346,1.02351,4.20,1.00
2013.12.02 01:15:10.388,1.02346,1.02351,1.48,2.40
2013.12.02 01:15:12.735,1.02345,1.02351,2.40,3.15
2013.12.02 01:15:13.254,1.02345,1.02351,2.03,3.15
2013.12.02 01:15:16.281,1.02347,1.02351,1.00,2.40
2013.12.02 01:15:16.799,1.02347,1.02351,1.50,1.28
2013.12.02 01:15:17.307,1.02347,1.02352,2.40,1.48
2013.12.02 01:15:19.678,1.02347,1.02353,3.15,3.15
2013.12.02 01:15:20.211,1.0235,1.02353,1.10,2.25
2013.12.02 01:15:20.312,1.02351,1.02355,1.65,1.88
2013.12.02 01:15:20.622,1.02353,1.02356,3.08,1.00
2013.12.02 01:15:21.952,1.02354,1.02359,1.10,6.00
2013.12.02 01:15:22.456,1.02353,1.02358,3.08,1.00
2013.12.02 01:15:32.815,1.02353,1.02357,2.93,1.38
2013.12.02 01:15:38.645,1.02353,1.02357,2.93,1.88
2013.12.02 01:15:39.186,1.02353,1.02357,2.93,1.88
2013.12.02 01:15:40.287,1.02352,1.02357,1.20,5.78
2013.12.02 01:15:43.646,1.02351,1.02354,1.28,3.75
2013.12.02 01:15:43.848,1.02348,1.02352,4.95,1.88
2013.12.02 01:15:44.000,1.02347,1.02352,1.50,4.58
2013.12.02 01:15:44.505,1.02346,1.0235,1.10,1.85
2013.12.02 01:15:45.061,1.02345,1.02347,1.18,1.00
2013.12.02 01:15:45.498,1.02345,1.0235,2.03,1.20
2013.12.02 01:15:46.031,1.02346,1.02351,2.33,1.55
2013.12.02 01:15:48.649,1.02346,1.02351,1.95,1.65
2013.12.02 01:15:49.153,1.02345,1.02349,1.55,1.00
2013.12.02 01:15:51.325,1.02345,1.02348,1.28,1.00
2013.12.02 01:15:51.527,1.02343,1.02348,1.95,1.55
2013.12.02 01:15:51.628,1.02342,1.02345,1.45,1.08
2013.12.02 01:15:51.779,1.02341,1.02344,3.75,1.48
2013.12.02 01:15:51.880,1.02339,1.02342,1.88,1.00
2013.12.02 01:15:52.032,1.02338,1.02343,1.20,1.55
2013.12.02 01:15:52.183,1.0234,1.02344,1.00,4.20
2013.12.02 01:15:52.486,1.02343,1.02344,1.13,1.00
2013.12.02 01:15:52.788,1.02345,1.02348,1.18,1.38
2013.12.02 01:15:52.839,1.02345,1.0235,1.18,3.08
2013.12.02 01:15:53.073,1.02345,1.0235,1.28,3.08
2013.12.02 01:15:55.300,1.02347,1.0235,1.50,1.48
2013.12.02 01:15:55.351,1.02347,1.02351,2.33,1.20
2013.12.02 01:15:55.941,1.02349,1.02353,1.00,1.55
2013.12.02 01:15:56.093,1.02349,1.02354,1.95,2.03
2013.12.02 01:15:56.194,1.0235,1.02354,3.83,1.38
2013.12.02 01:15:56.295,1.0235,1.02354,1.20,1.20
2013.12.02 01:15:56.649,1.02348,1.02354,2.78,6.15
2013.12.02 01:15:57.155,1.02348,1.02353,1.58,1.55
2013.12.02 01:15:57.661,1.02347,1.02352,1.10,2.40
2013.12.02 01:15:57.862,1.02348,1.02351,1.38,1.20
2013.12.02 01:15:58.165,1.02345,1.0235,1.88,2.70
2013.12.02 01:15:58.832,1.02347,1.0235,1.00,2.63
2013.12.02 01:15:59.034,1.02346,1.02351,1.28,1.48
2013.12.02 01:15:59.185,1.02346,1.02349,1.00,1.28
2013.12.02 01:15:59.719,1.02344,1.02349,2.33,1.28
2013.12.02 01:16:02.584,1.02344,1.02349,1.10,1.65
2013.12.02 01:16:05.848,1.02342,1.02348,3.08,4.20
2013.12.02 01:16:06.558,1.02341,1.02346,1.95,1.65
2013.12.02 01:16:06.860,1.02336,1.02341,3.45,1.13
2013.12.02 01:16:07.163,1.02336,1.02339,2.18,1.58
2013.12.02 01:16:07.465,1.02334,1.02339,1.00,4.20
2013.12.02 01:16:07.969,1.02335,1.02339,1.10,1.48
2013.12.02 01:16:09.198,1.02334,1.0234,2.78,2.03
2013.12.02 01:16:09.702,1.02334,1.02339,1.18,2.33
2013.12.02 01:16:10.563,1.02334,1.02339,1.18,4.20
2013.12.02 01:16:11.067,1.02333,1.02339,3.75,4.58
2013.12.02 01:16:12.279,1.02333,1.02339,4.20,3.45
2013.12.02 01:16:12.633,1.02333,1.02339,3.75,4.20
2013.12.02 01:16:12.734,1.02333,1.02339,4.20,4.20
2013.12.02 01:16:12.835,1.02333,1.02339,3.75,4.20
2013.12.02 01:16:13.037,1.02333,1.02339,4.20,4.20
2013.12.02 01:16:13.397,1.02333,1.02339,3.75,4.20
2013.12.02 01:16:13.469,1.02333,1.02339,4.20,4.20
2013.12.02 01:16:13.620,1.02333,1.02339,3.75,4.20
2013.12.02 01:16:14.282,1.02334,1.02339,1.18,3.45
2013.12.02 01:16:14.458,1.02334,1.02339,1.10,3.45
2013.12.02 01:16:15.778,1.02334,1.02339,1.18,3.45
2013.12.02 01:16:16.572,1.02333,1.02339,1.58,6.08
2013.12.02 01:16:17.025,1.02334,1.02339,1.13,5.33
2013.12.02 01:16:20.551,1.02333,1.02339,1.58,5.33
2013.12.02 01:16:20.904,1.02334,1.02339,1.18,2.70
2013.12.02 01:16:21.561,1.02334,1.02339,1.28,2.70
2013.12.02 01:16:24.777,1.02333,1.02335,2.63,1.00
2013.12.02 01:16:25.080,1.02328,1.02333,2.25,1.00
2013.12.02 01:16:25.182,1.02329,1.02332,3.75,1.10
2013.12.02 01:16:25.283,1.02329,1.02332,1.50,1.10
2013.12.02 01:16:25.794,1.02329,1.02333,2.33,1.00
2013.12.02 01:16:25.895,1.0233,1.02335,2.63,1.48
2013.12.02 01:16:26.399,1.0233,1.02336,2.70,3.45
2013.12.02 01:16:26.723,1.02333,1.02337,1.88,1.18
2013.12.02 01:16:27.026,1.02335,1.02337,1.18,1.00
2013.12.02 01:16:27.178,1.02335,1.02339,1.18,1.88
2013.12.02 01:16:27.380,1.02335,1.02338,1.18,1.00
2013.12.02 01:16:27.481,1.02335,1.02338,1.18,1.38
2013.12.02 01:16:27.582,1.02335,1.02338,1.18,1.00
2013.12.02 01:16:27.683,1.02335,1.02338,1.18,1.38
2013.12.02 01:16:28.187,1.02334,1.02338,3.83,1.13
2013.12.02 01:16:28.793,1.02334,1.02339,7.58,1.50
2013.12.02 01:16:29.297,1.02334,1.02339,7.58,1.88
2013.12.02 01:16:29.987,1.02334,1.02339,3.08,1.50
2013.12.02 01:16:30.559,1.02334,1.02339,3.08,1.88
2013.12.02 01:16:31.082,1.02334,1.02339,3.83,1.00
2013.12.02 01:16:31.597,1.02334,1.02338,3.83,1.00
2013.12.02 01:16:31.749,1.02332,1.02337,3.15,1.48
2013.12.02 01:16:31.850,1.02333,1.02338,2.33,1.88
2013.12.02 01:16:32.162,1.02329,1.02332,1.10,1.00
2013.12.02 01:16:32.364,1.02327,1.0233,3.08,1.00
2013.12.02 01:16:32.868,1.02327,1.0233,1.20,1.50
2013.12.02 01:16:32.919,1.02327,1.0233,1.10,1.88
2013.12.02 01:16:33.121,1.02327,1.0233,1.20,1.00
2013.12.02 01:16:33.645,1.02327,1.02331,1.58,1.20
2013.12.02 01:16:34.107,1.02325,1.02331,3.45,1.48
2013.12.02 01:16:36.408,1.02327,1.02331,1.10,1.58
2013.12.02 01:16:36.662,1.02328,1.02333,1.00,4.66
2013.12.02 01:16:38.256,1.02327,1.02331,1.58,1.20
2013.12.02 01:16:40.232,1.02327,1.02332,3.83,1.38
2013.12.02 01:16:40.959,1.0233,1.02333,1.20,1.13
2013.12.02 01:16:41.261,1.02328,1.02333,1.65,1.38
2013.12.02 01:16:41.565,1.0233,1.02332,1.00,1.00
2013.12.02 01:16:41.616,1.02331,1.02335,1.00,1.38
2013.12.02 01:16:41.717,1.02333,1.02337,2.18,1.89
2013.12.02 01:16:41.869,1.02335,1.02338,1.10,1.39
2013.12.02 01:16:41.970,1.02336,1.02339,2.33,4.51
2013.12.02 01:16:42.323,1.02336,1.02341,4.51,1.88
2013.12.02 01:16:43.372,1.02338,1.0234,2.93,1.50
2013.12.02 01:16:43.575,1.02339,1.02342,1.65,1.13
2013.12.02 01:16:43.676,1.0234,1.02345,2.33,1.00
2013.12.02 01:16:43.727,1.02342,1.02345,2.70,1.00
2013.12.02 01:16:44.231,1.02343,1.02348,3.45,1.38
2013.12.02 01:16:44.534,1.02345,1.02349,2.33,1.50
2013.12.02 01:16:44.990,1.02345,1.02349,2.33,1.88
2013.12.02 01:16:45.142,1.02346,1.02351,3.08,1.13
2013.12.02 01:16:45.243,1.02346,1.02351,3.00,1.38
2013.12.02 01:16:45.746,1.02346,1.02351,3.08,1.00
2013.12.02 01:16:46.650,1.02341,1.02348,7.88,2.85
2013.12.02 01:16:46.751,1.02343,1.02346,2.18,2.25
2013.12.02 01:16:46.802,1.02341,1.02346,2.03,2.25
2013.12.02 01:16:46.853,1.02343,1.02349,1.00,1.48
2013.12.02 01:16:46.904,1.02345,1.0235,2.33,1.89
2013.12.02 01:16:47.408,1.02345,1.02349,2.33,1.38
2013.12.02 01:16:48.401,1.02346,1.0235,2.33,1.14
2013.12.02 01:16:48.704,1.02348,1.02351,2.33,1.00
2013.12.02 01:16:49.621,1.02347,1.02351,5.25,1.00
2013.12.02 01:16:50.827,1.02347,1.02351,3.08,1.38
2013.12.02 01:16:53.005,1.02347,1.02352,3.45,1.51
2013.12.02 01:16:54.106,1.02347,1.0235,3.45,1.00
2013.12.02 01:16:56.218,1.02347,1.02348,2.18,1.00
2013.12.02 01:16:56.268,1.02345,1.02348,3.38,1.01
2013.12.02 01:16:56.571,1.02345,1.02348,1.10,1.51
2013.12.02 01:16:59.319,1.02345,1.02348,1.10,2.25
2013.12.02 01:16:59.622,1.02343,1.02346,2.70,1.00
2013.12.02 01:17:00.158,1.02343,1.02347,2.70,1.13
2013.12.02 01:17:02.191,1.02343,1.02348,2.70,3.00
2013.12.02 01:17:02.726,1.02343,1.02347,2.70,1.00
2013.12.02 01:17:03.355,1.02342,1.02347,1.55,1.10
2013.12.02 01:17:14.039,1.02342,1.02346,1.55,1.00
2013.12.02 01:17:14.982,1.02342,1.02346,1.55,1.00
2013.12.02 01:17:15.491,1.02342,1.02346,1.55,1.00
2013.12.02 01:17:15.996,1.02342,1.02347,1.55,1.58
2013.12.02 01:17:23.520,1.02343,1.02347,1.20,1.50
2013.12.02 01:17:24.845,1.02343,1.02346,1.20,2.25
2013.12.02 01:17:26.914,1.02342,1.02347,1.48,3.08
2013.12.02 01:17:27.432,1.02342,1.02347,1.48,1.18
2013.12.02 01:17:29.724,1.02342,1.02348,1.48,5.33
2013.12.02 01:17:31.253,1.02342,1.02348,3.38,2.40
2013.12.02 01:17:31.865,1.02343,1.02348,1.55,2.33
2013.12.02 01:17:38.047,1.02343,1.02348,1.55,2.70
2013.12.02 01:17:38.350,1.0234,1.02343,1.00,1.58
2013.12.02 01:17:38.754,1.0234,1.02344,1.00,5.33
2013.12.02 01:17:38.956,1.02337,1.02343,2.40,2.03
2013.12.02 01:17:39.157,1.0234,1.02343,1.38,2.03
2013.12.02 01:17:39.410,1.02338,1.02341,1.58,1.00
2013.12.02 01:17:40.030,1.02338,1.02341,1.50,1.18
2013.12.02 01:17:40.545,1.02338,1.02341,1.50,1.10
2013.12.02 01:17:41.092,1.02338,1.02343,1.58,1.18
2013.12.02 01:17:43.665,1.02337,1.02342,2.40,1.10
2013.12.02 01:17:44.382,1.02341,1.02343,1.00,1.00
2013.12.02 01:17:45.188,1.02339,1.02343,1.55,2.25
2013.12.02 01:17:45.239,1.02339,1.02343,1.48,4.88
2013.12.02 01:17:45.745,1.02337,1.0234,2.70,1.00
2013.12.02 01:17:46.294,1.02337,1.02341,2.70,1.00
2013.12.02 01:17:47.606,1.02338,1.02341,2.70,1.00
2013.12.02 01:17:48.515,1.02338,1.02342,2.70,1.13
2013.12.02 01:17:49.341,1.02336,1.02342,2.03,1.58
2013.12.02 01:17:52.785,1.02336,1.02342,2.03,1.58
2013.12.02 01:17:53.775,1.02336,1.02342,2.03,2.33
2013.12.02 01:17:54.313,1.02336,1.02339,1.58,1.50
2013.12.02 01:17:55.778,1.02336,1.02339,1.58,1.50
2013.12.02 01:17:57.091,1.02336,1.02339,1.10,1.50
2013.12.02 01:17:57.394,1.02336,1.02339,3.08,1.00
2013.12.02 01:17:57.903,1.02336,1.02339,3.00,1.50
2013.12.02 01:17:59.969,1.02336,1.02339,1.10,1.50
2013.12.02 01:18:09.405,1.02336,1.0234,1.20,1.20
2013.12.02 01:18:09.506,1.02337,1.0234,2.03,1.13
2013.12.02 01:18:09.758,1.02338,1.02343,1.95,1.65
2013.12.02 01:18:09.859,1.0234,1.02343,1.10,1.50
2013.12.02 01:18:10.362,1.0234,1.02344,1.18,1.75
2013.12.02 01:18:11.031,1.02341,1.02346,1.10,3.90
2013.12.02 01:18:11.182,1.02341,1.02346,1.20,3.15
2013.12.02 01:18:11.536,1.02343,1.02347,1.00,3.08
2013.12.02 01:18:11.687,1.02344,1.02347,1.10,1.00
2013.12.02 01:18:12.191,1.02342,1.02348,4.20,2.33
2013.12.02 01:18:13.110,1.02342,1.02348,1.95,5.33
2013.12.02 01:18:14.355,1.02342,1.02348,1.95,5.33
2013.12.02 01:18:15.565,1.02342,1.02348,1.95,5.33
2013.12.02 01:18:15.920,1.02342,1.02348,1.95,5.33
2013.12.02 01:18:17.563,1.02342,1.02348,1.95,5.33
2013.12.02 01:18:23.621,1.02342,1.02348,1.95,5.70
2013.12.02 01:18:23.722,1.02342,1.02348,1.95,5.70
2013.12.02 01:18:25.936,1.02342,1.02348,1.58,5.70
2013.12.02 01:18:27.140,1.02341,1.02346,1.08,1.93
2013.12.02 01:18:27.241,1.02339,1.02343,2.40,1.38
2013.12.02 01:18:27.543,1.02337,1.02341,1.00,3.45
2013.12.02 01:18:27.845,1.02333,1.02339,4.58,2.33
2013.12.02 01:18:27.896,1.02335,1.02339,1.10,1.58
2013.12.02 01:18:28.400,1.02333,1.02339,4.95,1.58
2013.12.02 01:18:29.445,1.02333,1.02339,4.95,1.58
2013.12.02 01:18:29.949,1.02333,1.02339,4.95,1.58
2013.12.02 01:18:31.901,1.02334,1.02337,1.28,1.00
2013.12.02 01:18:32.002,1.02334,1.02335,1.13,1.00
2013.12.02 01:18:32.103,1.02331,1.02334,1.18,1.00
2013.12.02 01:18:32.306,1.02329,1.02333,1.08,2.33
2013.12.02 01:18:32.408,1.02327,1.02332,1.28,1.58
2013.12.02 01:18:32.660,1.02327,1.02332,1.18,1.58
2013.12.02 01:18:33.543,1.02326,1.02332,3.00,3.08
2013.12.02 01:18:34.047,1.02326,1.02332,2.70,3.45
2013.12.02 01:18:35.038,1.02326,1.02329,2.25,2.70
2013.12.02 01:18:35.391,1.02325,1.02329,1.13,2.70
2013.12.02 01:18:36.108,1.02325,1.0233,1.20,2.03
2013.12.02 01:18:36.159,1.02325,1.0233,1.48,2.03
2013.12.02 01:18:36.260,1.02325,1.02331,4.58,1.48
2013.12.02 01:18:37.193,1.02327,1.02332,1.58,2.03
2013.12.02 01:18:39.283,1.02326,1.02331,2.03,1.48
2013.12.02 01:18:39.586,1.02323,1.02325,1.00,4.50
2013.12.02 01:18:39.788,1.0231,1.02316,5.25,3.18
2013.12.02 01:18:40.041,1.02312,1.02317,1.95,1.88
2013.12.02 01:18:40.243,1.02313,1.02318,1.18,1.13
2013.12.02 01:18:40.754,1.02314,1.02319,1.65,1.00
2013.12.02 01:18:41.264,1.02316,1.02319,1.00,1.00
2013.12.02 01:18:41.768,1.02315,1.02321,1.20,4.80
2013.12.02 01:18:42.314,1.02315,1.0232,3.38,1.50
2013.12.02 01:18:43.552,1.02315,1.02319,2.70,1.38
2013.12.02 01:18:44.618,1.02314,1.02319,3.45,1.38
2013.12.02 01:18:45.175,1.02314,1.02319,1.55,1.48
2013.12.02 01:18:49.181,1.02313,1.02318,3.08,1.38
2013.12.02 01:18:49.231,1.02312,1.02318,2.03,1.95
2013.12.02 01:18:49.282,1.02312,1.02318,2.03,1.95
2013.12.02 01:18:49.736,1.02314,1.02318,1.20,1.95
2013.12.02 01:18:50.905,1.02312,1.02318,4.20,1.48
2013.12.02 01:18:51.107,1.0231,1.02314,1.95,1.13
2013.12.02 01:18:51.208,1.02313,1.02316,1.13,1.20
2013.12.02 01:18:51.713,1.02313,1.02317,1.20,1.48
2013.12.02 01:18:52.622,1.02313,1.02317,1.65,1.13
2013.12.02 01:18:53.600,1.02313,1.02317,1.55,1.38
2013.12.02 01:18:54.356,1.02313,1.02317,1.65,1.13
2013.12.02 01:18:57.209,1.02313,1.02317,1.93,1.00
2013.12.02 01:18:57.611,1.02314,1.02319,3.08,9.75
2013.12.02 01:18:58.850,1.02316,1.02319,1.28,4.88
2013.12.02 01:18:58.951,1.02318,1.0232,1.18,1.13
2013.12.02 01:18:59.203,1.02317,1.02322,1.20,3.00
2013.12.02 01:18:59.418,1.02315,1.02318,1.18,1.50
2013.12.02 01:18:59.520,1.02313,1.02316,1.18,1.38
2013.12.02 01:18:59.672,1.0231,1.02317,1.38,1.10
2013.12.02 01:18:59.722,1.02311,1.02317,4.20,1.00
2013.12.02 01:18:59.773,1.02311,1.02317,4.58,1.13
2013.12.02 01:19:00.289,1.02312,1.02317,2.70,1.50
2013.12.02 01:19:00.749,1.02315,1.02318,1.00,1.13
2013.12.02 01:19:01.254,1.02315,1.0232,1.10,1.95
2013.12.02 01:19:02.115,1.02314,1.0232,3.08,4.45
2013.12.02 01:19:02.569,1.02317,1.02321,2.33,1.88
2013.12.02 01:19:02.619,1.02317,1.02321,2.33,2.50
2013.12.02 01:19:02.670,1.02316,1.02321,1.28,2.88
2013.12.02 01:19:02.822,1.02318,1.02321,2.25,1.00
2013.12.02 01:19:03.074,1.0232,1.02322,1.10,2.25
2013.12.02 01:19:03.231,1.0232,1.02324,3.83,1.13
2013.12.02 01:19:03.534,1.0232,1.02324,2.33,1.13
2013.12.02 01:19:03.736,1.02317,1.02323,1.10,4.28
2013.12.02 01:19:03.837,1.02317,1.02323,1.10,4.28
2013.12.02 01:19:04.140,1.02316,1.02321,1.18,2.51
2013.12.02 01:19:04.292,1.02316,1.0232,1.28,1.13
2013.12.02 01:19:05.714,1.02316,1.02322,3.45,2.70
2013.12.02 01:19:06.239,1.02317,1.02319,3.75,1.00
2013.12.02 01:19:06.390,1.02317,1.0232,1.10,1.50
2013.12.02 01:19:06.895,1.02313,1.02317,1.38,3.75
2013.12.02 01:19:06.946,1.02311,1.02314,1.50,1.28
2013.12.02 01:19:07.097,1.02312,1.02315,2.18,2.63
2013.12.02 01:19:07.450,1.02314,1.02318,1.28,1.50
2013.12.02 01:19:11.550,1.02315,1.0232,2.25,6.08
2013.12.02 01:19:11.651,1.02316,1.0232,1.18,1.13
2013.12.02 01:19:11.803,1.02318,1.02321,2.70,1.00
2013.12.02 01:19:11.854,1.02318,1.02323,2.70,2.25
2013.12.02 01:19:12.056,1.02318,1.02322,1.20,1.58
2013.12.02 01:19:13.583,1.02316,1.02321,2.70,1.88
2013.12.02 01:19:13.684,1.02315,1.0232,1.20,2.03
2013.12.02 01:19:13.836,1.02315,1.02318,1.00,2.63
2013.12.02 01:19:14.138,1.02311,1.02316,2.25,3.08
2013.12.02 01:19:14.239,1.02311,1.02317,3.15,1.28
2013.12.02 01:19:14.743,1.02311,1.02317,3.15,1.18
2013.12.02 01:19:15.096,1.02312,1.02319,3.83,2.78
2013.12.02 01:19:15.472,1.02314,1.02319,2.63,2.70
2013.12.02 01:19:17.086,1.02314,1.02316,2.63,1.00
2013.12.02 01:19:17.187,1.02311,1.02314,1.50,1.55
2013.12.02 01:19:17.237,1.02311,1.02314,1.00,1.28
2013.12.02 01:19:17.389,1.02314,1.02317,2.70,1.13
2013.12.02 01:19:18.072,1.02314,1.02318,2.70,1.13
2013.12.02 01:19:19.453,1.02317,1.02319,1.00,1.13
2013.12.02 01:19:19.957,1.02317,1.02322,1.28,1.95
2013.12.02 01:19:20.008,1.02317,1.02322,1.65,1.95
2013.12.02 01:19:21.094,1.02317,1.02322,1.65,1.58
2013.12.02 01:19:21.887,1.02317,1.02322,1.65,1.95
2013.12.02 01:19:24.441,1.02317,1.02322,1.65,1.95
2013.12.02 01:19:24.944,1.02317,1.02322,2.03,1.95
2013.12.02 01:19:25.500,1.02317,1.02322,1.65,1.95
2013.12.02 01:19:26.005,1.02317,1.02322,1.65,1.58
2013.12.02 01:19:26.640,1.02319,1.02323,1.88,1.18
2013.12.02 01:19:26.791,1.02321,1.02325,1.93,1.50
2013.12.02 01:19:27.295,1.02322,1.02325,2.70,1.00
2013.12.02 01:19:27.396,1.02321,1.02323,1.50,1.10
2013.12.02 01:19:27.497,1.02319,1.02321,1.13,1.10
2013.12.02 01:19:29.724,1.02319,1.0232,1.10,1.00
2013.12.02 01:19:31.554,1.02319,1.0232,1.10,1.00
2013.12.02 01:19:31.705,1.02311,1.02314,1.00,1.00
2013.12.02 01:19:31.773,1.02311,1.02314,1.00,1.58
2013.12.02 01:19:32.277,1.02313,1.02316,3.83,1.00
2013.12.02 01:19:32.831,1.02313,1.02317,3.83,1.38
2013.12.02 01:19:32.933,1.02313,1.02317,1.58,1.58
2013.12.02 01:19:33.507,1.02313,1.02318,1.58,1.55
2013.12.02 01:19:35.503,1.02313,1.02318,1.58,1.28
2013.12.02 01:19:35.766,1.02312,1.02317,2.40,1.95
2013.12.02 01:19:35.917,1.02313,1.02316,1.00,1.10
2013.12.02 01:19:36.429,1.02312,1.02317,4.58,1.00
2013.12.02 01:19:37.485,1.02314,1.02317,1.58,1.00
2013.12.02 01:19:37.998,1.02314,1.02317,1.58,1.00
2013.12.02 01:19:38.493,1.02314,1.02316,1.20,1.00
2013.12.02 01:19:38.544,1.02312,1.02315,2.55,1.00
2013.12.02 01:19:38.746,1.02309,1.02313,1.48,1.10
2013.12.02 01:19:39.199,1.02309,1.02311,2.18,1.00
2013.12.02 01:19:39.250,1.02306,1.02311,2.40,1.10
2013.12.02 01:19:39.602,1.02309,1.02312,1.38,1.10
2013.12.02 01:19:39.704,1.0231,1.02313,1.00,1.20
2013.12.02 01:19:40.207,1.02309,1.02312,1.38,1.00
2013.12.02 01:19:40.745,1.02309,1.02312,1.13,1.00
2013.12.02 01:19:41.450,1.02309,1.02313,1.13,1.95
2013.12.02 01:19:41.601,1.02309,1.02313,1.38,1.58
2013.12.02 01:19:42.101,1.0231,1.02314,1.28,1.00
2013.12.02 01:19:42.253,1.02314,1.02316,1.28,1.00
2013.12.02 01:19:42.454,1.02313,1.02318,4.20,1.50
2013.12.02 01:19:42.656,1.02315,1.02318,2.33,1.13
2013.12.02 01:19:43.059,1.02313,1.02318,3.45,1.13
2013.12.02 01:19:43.689,1.02313,1.02317,3.45,1.00
2013.12.02 01:19:45.254,1.02311,1.02315,3.45,1.13
2013.12.02 01:19:45.556,1.02308,1.02311,1.58,1.00
2013.12.02 01:19:45.758,1.02308,1.02313,1.58,1.10
2013.12.02 01:19:46.212,1.02308,1.02311,1.58,1.00
2013.12.02 01:19:46.715,1.02306,1.02311,4.20,1.00
2013.12.02 01:19:46.766,1.02308,1.02311,1.48,1.00
2013.12.02 01:19:47.169,1.02306,1.0231,2.03,1.00
2013.12.02 01:19:47.823,1.02306,1.0231,2.03,1.00
2013.12.02 01:19:49.533,1.02306,1.0231,2.03,1.00
2013.12.02 01:19:49.584,1.023,1.02309,2.93,1.37
2013.12.02 01:19:49.737,1.02298,1.02306,1.55,7.65
2013.12.02 01:19:49.839,1.02297,1.02304,2.33,1.00
2013.12.02 01:19:49.940,1.02296,1.023,3.45,1.38
2013.12.02 01:19:50.344,1.02298,1.02302,3.83,1.00
2013.12.02 01:19:50.648,1.02302,1.02306,2.63,1.38
2013.12.02 01:19:51.153,1.02302,1.02307,3.08,1.00
2013.12.02 01:19:52.185,1.02303,1.02308,1.20,1.85
2013.12.02 01:19:54.001,1.02303,1.02308,1.50,7.13
2013.12.02 01:19:54.433,1.02302,1.02306,1.00,6.53
2013.12.02 01:19:54.484,1.02299,1.02303,2.18,5.53
2013.12.02 01:19:54.535,1.02297,1.02302,1.50,3.73
2013.12.02 01:19:54.686,1.02295,1.02301,5.33,3.06
2013.12.02 01:19:54.989,1.02296,1.02301,3.08,1.00
2013.12.02 01:19:55.501,1.02296,1.02302,1.65,1.50
2013.12.02 01:19:55.857,1.02297,1.02302,2.25,1.50
2013.12.02 01:19:56.377,1.02297,1.02302,2.33,2.25
2013.12.02 01:19:56.983,1.02297,1.02302,3.08,1.75
2013.12.02 01:20:00.948,1.02299,1.02302,1.08,1.38
2013.12.02 01:20:01.459,1.02299,1.02303,1.00,1.28
2013.12.02 01:20:01.995,1.023,1.02302,1.00,1.48
2013.12.02 01:20:02.522,1.02298,1.02303,1.10,1.28
2013.12.02 01:20:03.339,1.023,1.02304,1.00,4.58
2013.12.02 01:20:03.591,1.02301,1.02305,1.88,3.08
2013.12.02 01:20:04.145,1.02301,1.02306,2.25,3.08
2013.12.02 01:20:04.448,1.02304,1.02309,1.18,1.48
2013.12.02 01:20:04.952,1.02306,1.02309,1.48,1.38
2013.12.02 01:20:05.466,1.02306,1.02309,1.10,1.38
2013.12.02 01:20:05.827,1.02306,1.02309,1.48,1.13
2013.12.02 01:20:06.798,1.02306,1.02309,3.83,1.00
2013.12.02 01:20:07.810,1.02306,1.02309,3.38,1.38
2013.12.02 01:20:13.814,1.02306,1.02311,3.83,1.38
2013.12.02 01:20:14.318,1.02306,1.02311,3.45,1.38
2013.12.02 01:20:15.784,1.02304,1.02309,6.38,3.60
2013.12.02 01:20:15.936,1.02302,1.02303,1.00,1.00
2013.12.02 01:20:16.389,1.02302,1.02305,1.13,1.88
2013.12.02 01:20:16.440,1.02303,1.02305,2.18,1.13
2013.12.02 01:20:16.591,1.02306,1.0231,1.00,1.48
2013.12.02 01:20:16.793,1.02307,1.02311,1.58,1.48
2013.12.02 01:20:16.944,1.02307,1.02311,1.58,1.85
2013.12.02 01:20:17.448,1.02308,1.0231,1.10,1.00
2013.12.02 01:20:17.922,1.0231,1.02311,1.00,1.00
2013.12.02 01:20:18.174,1.02311,1.02316,1.50,3.45
2013.12.02 01:20:18.326,1.02313,1.02318,1.00,3.83
2013.12.02 01:20:18.830,1.02313,1.02319,1.18,2.03
2013.12.02 01:20:21.204,1.02313,1.02318,1.00,1.93
2013.12.02 01:20:21.708,1.02314,1.02318,1.00,1.93
2013.12.02 01:20:22.387,1.02314,1.02318,1.00,1.55
2013.12.02 01:20:23.375,1.02312,1.02318,1.95,1.93
2013.12.02 01:20:26.084,1.02314,1.02318,1.00,1.93
2013.12.02 01:20:26.559,1.02315,1.02318,1.00,1.18
2013.12.02 01:20:26.610,1.02315,1.02318,1.00,1.65
2013.12.02 01:20:26.761,1.02314,1.02318,1.10,1.20
2013.12.02 01:20:27.013,1.02315,1.02318,1.00,1.48
2013.12.02 01:20:27.384,1.02316,1.02319,1.10,1.13
2013.12.02 01:20:27.636,1.02316,1.02319,3.08,1.00
2013.12.02 01:20:28.090,1.02316,1.02319,1.10,1.38
2013.12.02 01:20:28.145,1.02316,1.02319,3.00,1.00
2013.12.02 01:20:31.668,1.02316,1.0232,2.33,1.38
2013.12.02 01:20:33.079,1.02316,1.0232,2.70,1.00
2013.12.02 01:20:34.934,1.02316,1.0232,2.70,1.00
2013.12.02 01:20:35.809,1.02316,1.02321,2.70,1.00
2013.12.02 01:20:37.061,1.02318,1.02322,1.48,1.95
2013.12.02 01:20:37.606,1.02318,1.02322,1.48,1.20
2013.12.02 01:20:39.262,1.02318,1.02322,1.20,1.58
2013.12.02 01:20:41.206,1.02318,1.02321,1.20,1.00
2013.12.02 01:20:41.754,1.02318,1.02322,1.20,1.58
2013.12.02 01:20:42.414,1.02319,1.02323,1.00,2.03
2013.12.02 01:20:48.561,1.02319,1.02323,1.00,4.20
2013.12.02 01:20:54.423,1.02319,1.02323,1.08,1.58
2013.12.02 01:20:54.625,1.02322,1.02326,1.00,1.55
2013.12.02 01:20:55.133,1.02324,1.02329,1.00,2.78
2013.12.02 01:20:55.235,1.02325,1.02328,1.00,1.58
2013.12.02 01:20:55.295,1.02322,1.02328,3.08,1.58
2013.12.02 01:20:55.748,1.02326,1.02328,1.00,1.20
2013.12.02 01:20:56.273,1.02325,1.02328,1.00,1.58
2013.12.02 01:20:56.886,1.02326,1.02328,1.00,1.20
2013.12.02 01:21:00.726,1.02325,1.02329,1.00,2.03
2013.12.02 01:21:00.877,1.02323,1.02329,1.10,1.28
2013.12.02 01:21:03.230,1.02322,1.02329,4.20,2.03
2013.12.02 01:21:03.482,1.02323,1.02327,1.28,1.00
2013.12.02 01:21:06.142,1.02323,1.02329,3.45,1.20
2013.12.02 01:21:06.657,1.02326,1.02328,1.10,1.00
2013.12.02 01:21:07.222,1.02326,1.0233,1.20,1.58
2013.12.02 01:21:07.727,1.02327,1.02331,1.50,1.55
2013.12.02 01:21:08.354,1.02327,1.02332,1.50,3.83
2013.12.02 01:21:08.779,1.02327,1.02332,1.50,3.45
2013.12.02 01:21:08.880,1.02327,1.02332,1.88,3.83
2013.12.02 01:21:08.981,1.02327,1.02332,1.50,3.45
2013.12.02 01:21:09.083,1.02327,1.02332,1.95,1.55
2013.12.02 01:21:09.587,1.02327,1.02332,2.03,1.48
2013.12.02 01:21:10.110,1.02327,1.02332,2.03,1.20
2013.12.02 01:21:10.524,1.02327,1.02332,1.65,1.48
2013.12.02 01:21:11.265,1.02327,1.02332,1.58,1.48
2013.12.02 01:21:11.808,1.02327,1.02332,1.50,3.45
2013.12.02 01:21:14.834,1.02325,1.02332,1.65,4.20
2013.12.02 01:21:15.380,1.02325,1.0233,1.18,1.48
2013.12.02 01:21:15.938,1.02326,1.0233,1.10,1.20
2013.12.02 01:21:15.989,1.02326,1.0233,3.08,1.13
2013.12.02 01:21:16.392,1.02329,1.02333,1.00,1.65
2013.12.02 01:21:16.745,1.02331,1.02336,1.00,3.83
2013.12.02 01:21:17.352,1.02331,1.02336,1.00,3.45
2013.12.02 01:21:19.518,1.02332,1.02336,1.00,3.45
2013.12.02 01:21:20.003,1.02331,1.02334,1.00,3.75
2013.12.02 01:21:20.054,1.02329,1.02331,1.00,1.38
2013.12.02 01:21:20.155,1.02326,1.02331,1.10,1.55
2013.12.02 01:21:20.658,1.02326,1.02331,1.10,1.65
2013.12.02 01:21:22.506,1.02326,1.02332,2.33,3.08
2013.12.02 01:21:23.012,1.02327,1.02332,1.00,2.70
2013.12.02 01:21:36.417,1.02327,1.02332,1.20,1.55
2013.12.02 01:21:41.144,1.02329,1.02332,1.00,1.48
2013.12.02 01:21:41.245,1.02329,1.02332,1.50,1.10
2013.12.02 01:21:41.749,1.02328,1.02333,1.00,3.83
2013.12.02 01:21:42.253,1.02327,1.02333,1.58,3.83
2013.12.02 01:21:54.977,1.02327,1.0233,1.10,1.38
2013.12.02 01:21:56.297,1.02326,1.02332,2.03,1.93
2013.12.02 01:21:56.803,1.02327,1.02332,1.20,1.55
2013.12.02 01:21:57.307,1.02328,1.02332,1.00,1.55
2013.12.02 01:21:59.619,1.02327,1.02332,1.95,1.55
2013.12.02 01:21:59.670,1.02329,1.02339,0.38,1.00
2013.12.02 01:21:59.972,1.02334,1.02337,1.00,1.65
2013.12.02 01:22:00.124,1.02332,1.02338,1.58,2.70
2013.12.02 01:22:00.175,1.02332,1.02335,1.58,1.00
2013.12.02 01:22:00.276,1.02334,1.02337,1.00,1.00
2013.12.02 01:22:00.579,1.02338,1.02342,1.00,2.70
2013.12.02 01:22:01.083,1.02337,1.02339,1.00,1.00
2013.12.02 01:22:01.385,1.02334,1.02341,3.08,2.03
2013.12.02 01:22:03.264,1.02337,1.02341,1.00,1.28
2013.12.02 01:22:07.183,1.02337,1.02339,1.00,1.00
2013.12.02 01:22:07.687,1.02338,1.02342,1.00,3.45
2013.12.02 01:22:08.345,1.02339,1.02342,1.00,1.48
2013.12.02 01:22:08.396,1.02339,1.02342,1.00,1.10
2013.12.02 01:22:10.166,1.02339,1.02342,1.00,1.48
2013.12.02 01:22:10.833,1.02338,1.02343,1.10,2.40
2013.12.02 01:22:11.439,1.02337,1.02342,1.00,3.08
2013.12.02 01:22:14.042,1.02337,1.02342,1.00,3.08
2013.12.02 01:22:15.812,1.02336,1.02342,1.10,3.08
2013.12.02 01:22:35.301,1.02337,1.02342,1.00,3.45
2013.12.02 01:22:35.857,1.02336,1.02342,1.95,4.20
2013.12.02 01:22:43.192,1.02336,1.02342,1.95,4.20
2013.12.02 01:22:47.630,1.02337,1.02342,1.00,4.20
2013.12.02 01:22:52.312,1.02337,1.02342,1.00,4.20
2013.12.02 01:22:55.051,1.02337,1.02341,1.20,1.10
2013.12.02 01:22:56.493,1.02337,1.02341,1.20,1.48
2013.12.02 01:23:01.531,1.02335,1.02342,5.33,3.53
2013.12.02 01:23:20.861,1.02338,1.02342,3.45,2.25
2013.12.02 01:23:25.742,1.02339,1.02342,1.28,1.13
2013.12.02 01:23:25.793,1.0234,1.02343,2.33,1.00
2013.12.02 01:23:25.995,1.02339,1.02344,1.65,1.20
2013.12.02 01:23:27.002,1.0234,1.02344,2.70,1.13
2013.12.02 01:23:27.657,1.02339,1.02344,1.65,2.33
2013.12.02 01:23:28.010,1.0234,1.02344,3.45,1.13
2013.12.02 01:23:28.521,1.02339,1.02344,1.65,1.13
2013.12.02 01:23:29.176,1.02338,1.02344,5.33,1.50
2013.12.02 01:23:29.479,1.02341,1.02345,1.65,1.50
2013.12.02 01:23:29.983,1.02341,1.02346,2.25,3.83
2013.12.02 01:23:30.527,1.02341,1.02346,2.33,1.65
2013.12.02 01:23:30.829,1.02342,1.02347,2.70,2.25
2013.12.02 01:23:30.930,1.02343,1.02347,1.00,1.58
2013.12.02 01:23:31.031,1.02344,1.02348,2.70,1.50
2013.12.02 01:23:31.338,1.02346,1.02349,2.70,1.00
2013.12.02 01:23:31.945,1.02346,1.02349,2.70,1.13
2013.12.02 01:23:33.680,1.02346,1.0235,3.83,1.13
2013.12.02 01:23:37.928,1.02346,1.0235,1.20,1.10
2013.12.02 01:23:38.928,1.02345,1.02351,2.78,1.65
2013.12.02 01:23:39.910,1.02345,1.0235,2.78,1.10
2013.12.02 01:23:42.667,1.02345,1.02351,2.78,2.78
2013.12.02 01:23:44.875,1.02348,1.02352,1.00,4.58
2013.12.02 01:23:44.976,1.02348,1.02352,1.48,1.20
2013.12.02 01:23:45.520,1.02348,1.02352,1.10,1.58
2013.12.02 01:23:46.999,1.02348,1.02352,1.10,1.58
2013.12.02 01:23:50.261,1.02348,1.02353,1.95,1.55
2013.12.02 01:23:50.564,1.02351,1.02356,1.18,1.95
2013.12.02 01:23:51.078,1.02351,1.02356,1.28,1.95
2013.12.02 01:23:52.341,1.02351,1.02356,1.65,1.95
2013.12.02 01:23:52.846,1.02351,1.02356,1.65,1.48
2013.12.02 01:23:53.165,1.02352,1.02356,2.33,1.00
2013.12.02 01:23:53.888,1.02352,1.02356,2.33,1.38
2013.12.02 01:23:55.101,1.02352,1.02356,3.45,1.13
2013.12.02 01:23:56.598,1.02352,1.02356,1.20,1.20
2013.12.02 01:24:02.461,1.02351,1.02356,2.78,1.10
2013.12.02 01:24:07.438,1.02353,1.02357,1.13,2.40
2013.12.02 01:24:08.790,1.02352,1.02355,1.58,1.00
2013.12.02 01:24:09.094,1.02346,1.0235,1.00,1.28
2013.12.02 01:24:09.196,1.02343,1.02349,4.95,1.20
2013.12.02 01:24:09.247,1.02343,1.02348,1.48,1.18
2013.12.02 01:24:11.386,1.02344,1.02349,1.13,3.83
2013.12.02 01:24:13.293,1.02343,1.02346,1.50,2.70
2013.12.02 01:24:13.445,1.0234,1.02343,3.83,1.50
2013.12.02 01:24:13.495,1.02337,1.02341,3.45,1.00
2013.12.02 01:24:13.597,1.02338,1.0234,1.00,1.00
2013.12.02 01:24:13.698,1.02339,1.02344,1.48,5.40
2013.12.02 01:24:13.749,1.0234,1.02344,1.38,2.40
2013.12.02 01:24:13.799,1.0234,1.02344,1.38,1.95
2013.12.02 01:24:13.952,1.02342,1.02346,1.38,1.18
2013.12.02 01:24:14.457,1.02342,1.02346,1.55,1.00
2013.12.02 01:24:14.961,1.02342,1.02346,1.28,1.13
2013.12.02 01:24:15.784,1.02342,1.02346,1.18,1.38
2013.12.02 01:24:33.704,1.02341,1.02347,1.95,4.20
2013.12.02 01:24:34.498,1.02341,1.02347,2.70,3.45
2013.12.02 01:24:47.900,1.02341,1.02347,2.33,2.70
2013.12.02 01:24:48.153,1.02328,1.02334,7.35,1.13
2013.12.02 01:24:48.304,1.02326,1.02331,1.00,3.08
2013.12.02 01:24:48.355,1.02327,1.02331,1.00,3.45
2013.12.02 01:24:48.557,1.02326,1.02328,1.00,1.18
2013.12.02 01:24:52.362,1.02324,1.02329,1.65,1.10
2013.12.02 01:24:53.564,1.02325,1.0233,2.63,1.95
2013.12.02 01:24:59.414,1.02325,1.02329,3.45,1.00
2013.12.02 01:24:59.565,1.02325,1.02328,2.25,1.38
2013.12.02 01:24:59.616,1.02322,1.02327,1.18,1.58
2013.12.02 01:24:59.868,1.02321,1.02325,1.18,2.25
2013.12.02 01:24:59.919,1.0232,1.02324,1.10,1.58
2013.12.02 01:25:00.272,1.0232,1.02325,1.48,1.55
2013.12.02 01:25:00.385,1.0232,1.02325,3.45,1.00
2013.12.02 01:25:00.890,1.02322,1.02327,1.48,1.65
2013.12.02 01:25:05.356,1.02324,1.02327,1.38,1.28
2013.12.02 01:25:05.860,1.02323,1.02328,1.55,1.49
2013.12.02 01:25:12.062,1.02322,1.02328,1.48,3.38
2013.12.02 01:25:14.482,1.02322,1.02328,1.48,2.93
2013.12.02 01:25:20.493,1.02322,1.02328,1.10,3.53
2013.12.02 01:25:23.268,1.02321,1.02326,1.18,1.10
2013.12.02 01:25:28.418,1.02322,1.02327,2.25,1.20
2013.12.02 01:25:28.922,1.02321,1.02326,3.45,1.00
2013.12.02 01:25:34.013,1.02321,1.02325,3.45,1.00
2013.12.02 01:25:34.687,1.02321,1.02326,3.83,1.00
2013.12.02 01:25:34.989,1.02321,1.02327,3.45,1.10
2013.12.02 01:25:35.912,1.02321,1.02327,3.83,1.95
2013.12.02 01:25:37.279,1.02324,1.02327,1.00,1.48
2013.12.02 01:25:37.951,1.02323,1.02328,3.45,1.88
2013.12.02 01:25:38.002,1.02323,1.02328,3.45,1.88
2013.12.02 01:25:38.304,1.02324,1.02327,1.00,1.00
2013.12.02 01:25:38.831,1.02321,1.02328,3.45,2.03
2013.12.02 01:25:39.107,1.02321,1.02326,3.08,1.13
2013.12.02 01:25:40.762,1.02323,1.02326,2.33,1.02
2013.12.02 01:25:42.571,1.02323,1.02328,2.70,1.01
2013.12.02 01:25:44.671,1.02323,1.02327,2.33,1.00
2013.12.02 01:25:45.176,1.02324,1.02327,2.33,1.02
2013.12.02 01:25:45.682,1.02325,1.02328,1.18,1.00
2013.12.02 01:25:46.672,1.02325,1.02328,1.18,1.00
2013.12.02 01:25:47.774,1.02325,1.02328,1.18,1.00
2013.12.02 01:25:48.780,1.02325,1.02329,1.55,1.00
2013.12.02 01:25:56.352,1.02325,1.02329,1.10,1.08
2013.12.02 01:26:02.279,1.02325,1.02329,1.88,1.18
2013.12.02 01:26:02.582,1.0233,1.02334,1.50,7.58
2013.12.02 01:26:02.682,1.0233,1.02334,1.95,3.83
2013.12.02 01:26:04.026,1.02331,1.02337,2.03,3.16
2013.12.02 01:26:50.492,1.02331,1.02332,1.10,1.00
2013.12.02 01:26:50.694,1.02331,1.02335,1.48,1.95
2013.12.02 01:26:53.500,1.02331,1.02335,1.00,3.75
2013.12.02 01:26:53.551,1.02331,1.02333,1.00,1.10
2013.12.02 01:26:53.653,1.02331,1.02335,1.48,1.48
2013.12.02 01:26:56.233,1.02331,1.02336,1.48,1.55
2013.12.02 01:26:56.738,1.02333,1.02336,1.38,1.65
2013.12.02 01:27:04.010,1.02333,1.02336,1.48,1.00
2013.12.02 01:27:04.890,1.02335,1.02336,1.00,1.00
2013.12.02 01:27:05.393,1.02335,1.02339,1.38,3.75
2013.12.02 01:27:05.545,1.02333,1.02337,1.95,1.20
2013.12.02 01:27:07.250,1.02333,1.02336,1.95,1.00
2013.12.02 01:27:38.882,1.02333,1.02338,1.55,1.95
2013.12.02 01:27:39.400,1.02335,1.02339,1.38,1.28
2013.12.02 01:27:39.949,1.02335,1.0234,1.55,2.33
2013.12.02 01:27:40.494,1.02335,1.0234,1.55,2.70
2013.12.02 01:27:49.812,1.02335,1.0234,1.55,2.33
2013.12.02 01:27:50.759,1.02335,1.0234,1.55,2.33
2013.12.02 01:27:57.805,1.02335,1.0234,1.38,4.50
2013.12.02 01:28:00.356,1.02337,1.0234,1.38,3.30
2013.12.02 01:28:00.407,1.02337,1.0234,1.48,1.13
2013.12.02 01:28:08.044,1.02338,1.02341,1.55,1.00
2013.12.02 01:28:10.602,1.02338,1.02342,1.55,1.50
2013.12.02 01:28:10.805,1.02338,1.02344,2.40,3.83
2013.12.02 01:28:10.956,1.02342,1.02347,1.95,1.28
2013.12.02 01:28:11.107,1.02345,1.02348,1.48,1.14
2013.12.02 01:28:11.259,1.02345,1.0235,3.38,2.33
2013.12.02 01:28:16.761,1.02345,1.0235,3.45,1.38
2013.12.02 01:28:30.719,1.02345,1.0235,1.48,1.65
2013.12.02 01:28:31.021,1.02345,1.02348,1.13,3.46
2013.12.02 01:28:31.324,1.0234,1.02343,1.38,3.00
2013.12.02 01:28:31.828,1.0234,1.02342,1.00,1.18
2013.12.02 01:28:32.352,1.0234,1.02342,1.38,1.10
2013.12.02 01:28:33.438,1.02338,1.0234,1.13,1.00
2013.12.02 01:28:33.791,1.02337,1.02339,1.00,2.19
2013.12.02 01:28:34.297,1.02335,1.02339,1.00,2.34
2013.12.02 01:28:34.800,1.02337,1.02339,1.00,2.25
2013.12.02 01:28:34.951,1.02337,1.02341,1.48,1.21
2013.12.02 01:28:36.738,1.02337,1.0234,1.10,1.01
2013.12.02 01:28:36.890,1.02335,1.0234,3.45,1.01
2013.12.02 01:28:41.801,1.02336,1.0234,1.18,2.63
2013.12.02 01:28:41.953,1.02333,1.02336,1.38,1.10
2013.12.02 01:28:42.054,1.02332,1.02335,1.95,1.38
2013.12.02 01:28:42.205,1.02329,1.02333,2.40,1.13
2013.12.02 01:28:42.307,1.02327,1.0233,1.18,1.00
2013.12.02 01:28:42.610,1.02327,1.02329,1.13,1.10
2013.12.02 01:28:42.664,1.02324,1.02328,1.58,1.00
2013.12.02 01:28:42.967,1.02321,1.02327,1.00,4.51
2013.12.02 01:28:43.327,1.02324,1.02328,1.50,3.83
2013.12.02 01:28:47.580,1.02323,1.02326,1.38,5.58
2013.12.02 01:28:47.681,1.02323,1.02325,1.38,1.10
2013.12.02 01:28:47.732,1.02319,1.02324,9.83,1.00
2013.12.02 01:28:47.833,1.0232,1.02324,1.13,2.78
2013.12.02 01:28:48.337,1.02322,1.02323,1.00,1.58
2013.12.02 01:28:49.190,1.0232,1.02322,1.38,1.00
2013.12.02 01:28:49.543,1.0232,1.02321,1.00,1.00
2013.12.02 01:28:49.896,1.02317,1.02321,1.00,2.03
2013.12.02 01:28:50.047,1.02317,1.0232,1.00,1.65
2013.12.02 01:28:50.551,1.02317,1.0232,1.00,3.83
2013.12.02 01:28:54.173,1.02317,1.02319,1.00,1.00
2013.12.02 01:28:55.269,1.02317,1.0232,1.00,1.58
2013.12.02 01:28:57.221,1.02317,1.02319,1.00,1.00
2013.12.02 01:28:57.785,1.02317,1.02318,1.00,1.00
2013.12.02 01:28:58.312,1.02317,1.02319,1.00,1.00
2013.12.02 01:28:59.200,1.02317,1.0232,1.00,1.58
2013.12.02 01:28:59.606,1.02318,1.02321,3.08,1.00
2013.12.02 01:28:59.808,1.02319,1.02324,2.70,3.00
2013.12.02 01:29:00.161,1.02316,1.0232,1.48,1.10
2013.12.02 01:29:00.363,1.02316,1.0232,1.00,3.08
2013.12.02 01:29:04.676,1.02313,1.02319,1.93,1.65
2013.12.02 01:29:04.777,1.02313,1.02318,1.93,1.10
2013.12.02 01:29:04.827,1.02312,1.02314,2.18,1.00
2013.12.02 01:29:05.080,1.02311,1.02314,4.13,3.30
2013.12.02 01:29:05.131,1.02309,1.02314,3.45,1.13
2013.12.02 01:29:05.232,1.0231,1.02314,1.18,1.13
2013.12.02 01:29:05.484,1.02312,1.02317,1.55,1.20
2013.12.02 01:29:08.877,1.02311,1.02314,3.75,1.38
2013.12.02 01:29:09.079,1.02307,1.02311,3.45,1.00
2013.12.02 01:29:09.584,1.02305,1.02309,2.70,1.13
2013.12.02 01:29:24.587,1.02307,1.0231,1.38,1.20
2013.12.02 01:29:24.738,1.02309,1.02313,1.13,2.41
2013.12.02 01:29:25.046,1.02311,1.02314,1.00,1.10
2013.12.02 01:29:25.500,1.02315,1.02319,3.38,1.58
2013.12.02 01:29:25.702,1.02317,1.02321,2.70,1.00
2013.12.02 01:29:25.803,1.02317,1.02322,1.48,1.28
2013.12.02 01:29:25.904,1.0232,1.02325,1.13,1.18
2013.12.02 01:29:25.955,1.02322,1.02327,2.25,5.63
2013.12.02 01:29:26.156,1.02325,1.0233,2.70,2.25
2013.12.02 01:29:26.777,1.02325,1.02331,3.08,1.20
2013.12.02 01:29:27.181,1.02325,1.02329,2.70,1.00
2013.12.02 01:29:27.484,1.02318,1.02322,1.58,4.96
2013.12.02 01:29:27.685,1.02317,1.0232,1.10,4.59
2013.12.02 01:29:28.201,1.02314,1.0232,3.45,2.34
2013.12.02 01:29:29.110,1.02314,1.02319,2.70,4.50
2013.12.02 01:29:31.309,1.02314,1.02319,2.33,8.63
2013.12.02 01:29:39.996,1.02311,1.02315,1.38,1.38
2013.12.02 01:29:40.098,1.0231,1.02314,1.00,1.95
2013.12.02 01:29:40.601,1.02307,1.02311,3.45,1.13
2013.12.02 01:29:41.105,1.0231,1.02312,1.00,1.00
2013.12.02 01:29:42.929,1.02307,1.02311,3.45,1.00
2013.12.02 01:29:43.452,1.02306,1.0231,3.38,1.14
2013.12.02 01:29:43.553,1.02304,1.0231,3.83,1.21
2013.12.02 01:29:52.784,1.02304,1.0231,3.45,1.48
2013.12.02 01:29:55.638,1.02305,1.0231,1.55,1.20
2013.12.02 01:30:00.182,1.02304,1.02309,4.13,1.10
2013.12.02 01:30:00.508,1.02304,1.02306,1.00,2.25
2013.12.02 01:30:00.660,1.023,1.02304,1.10,2.40
2013.12.02 01:30:00.811,1.02299,1.02303,1.00,2.33
2013.12.02 01:30:00.862,1.02299,1.02301,1.38,1.10
2013.12.02 01:30:00.963,1.02299,1.02301,1.00,4.03
2013.12.02 01:30:01.216,1.02296,1.023,1.00,3.08
2013.12.02 01:30:01.317,1.02297,1.02299,1.00,1.65
2013.12.02 01:30:01.829,1.02294,1.02299,1.48,1.10
2013.12.02 01:30:03.937,1.02297,1.023,1.48,1.00
2013.12.02 01:30:04.038,1.02299,1.02302,1.48,1.00
2013.12.02 01:30:04.240,1.02301,1.02305,1.55,1.00
2013.12.02 01:30:04.291,1.02304,1.02306,1.38,1.10
2013.12.02 01:30:04.443,1.02304,1.02308,1.55,1.13
2013.12.02 01:30:05.199,1.02303,1.02309,3.45,2.33
2013.12.02 01:30:05.704,1.02304,1.02309,1.55,1.95
2013.12.02 01:30:07.360,1.02304,1.02309,2.03,1.85
2013.12.02 01:30:07.461,1.02303,1.02305,2.18,1.00
2013.12.02 01:30:07.764,1.023,1.02302,1.00,1.00
2013.12.02 01:30:07.814,1.023,1.02302,1.00,1.00
2013.12.02 01:30:08.016,1.02301,1.02305,1.00,2.70
2013.12.02 01:30:08.117,1.02301,1.02307,2.03,3.45
2013.12.02 01:30:08.722,1.02302,1.02306,1.00,2.25
2013.12.02 01:30:08.873,1.02302,1.02306,1.38,2.25
2013.12.02 01:30:09.377,1.02302,1.02306,1.50,2.33
2013.12.02 01:30:10.182,1.02302,1.02306,1.00,2.70
2013.12.02 01:30:10.233,1.02301,1.02303,1.00,1.88
2013.12.02 01:30:10.284,1.023,1.02303,1.00,4.20
2013.12.02 01:30:11.396,1.023,1.02302,1.00,1.18
2013.12.02 01:30:11.547,1.023,1.02305,1.00,3.08
2013.12.02 01:30:13.984,1.023,1.02305,1.00,3.83
2013.12.02 01:30:14.085,1.02299,1.02303,1.20,1.95
2013.12.02 01:30:14.543,1.02297,1.02301,1.20,4.95
2013.12.02 01:30:14.695,1.02296,1.02299,1.28,1.00
2013.12.02 01:30:14.897,1.02293,1.02298,1.13,2.70
2013.12.02 01:30:15.250,1.02294,1.02298,1.20,1.20
2013.12.02 01:30:25.464,1.02294,1.02299,1.48,1.28
2013.12.02 01:30:26.076,1.02294,1.02299,3.45,1.13
2013.12.02 01:30:33.958,1.02296,1.02299,2.33,1.13
2013.12.02 01:30:35.881,1.02296,1.023,2.70,1.13
2013.12.02 01:30:36.437,1.02296,1.023,2.33,1.38
2013.12.02 01:30:37.561,1.02295,1.023,4.20,1.38
2013.12.02 01:30:38.258,1.02295,1.023,3.83,1.38
2013.12.02 01:30:41.101,1.02295,1.023,1.65,1.58
2013.12.02 01:30:41.589,1.02295,1.023,2.03,1.58
2013.12.02 01:30:44.590,1.02295,1.023,2.78,1.10
2013.12.02 01:30:47.886,1.02295,1.023,2.78,1.20
2013.12.02 01:30:51.528,1.02295,1.023,1.55,2.70
2013.12.02 01:30:55.375,1.02295,1.02298,1.18,1.00
2013.12.02 01:30:55.887,1.02295,1.02298,1.55,1.00
2013.12.02 01:30:57.022,1.02293,1.02298,2.55,1.38
2013.12.02 01:30:57.173,1.02291,1.02293,1.00,4.58
2013.12.02 01:30:57.677,1.0229,1.02293,1.00,1.95
2013.12.02 01:30:58.705,1.0229,1.02293,1.50,1.95
2013.12.02 01:31:01.344,1.0229,1.02293,1.00,1.50
2013.12.02 01:31:01.395,1.02292,1.02295,1.00,1.50
2013.12.02 01:31:01.496,1.02292,1.02297,1.38,1.00
2013.12.02 01:31:01.547,1.02295,1.02298,2.70,2.25
2013.12.02 01:31:02.920,1.02295,1.02299,3.45,1.00
2013.12.02 01:31:03.223,1.02297,1.02301,3.45,1.88
2013.12.02 01:31:03.425,1.02295,1.023,2.70,2.25
2013.12.02 01:31:04.183,1.02296,1.023,1.48,1.38
2013.12.02 01:31:04.692,1.02296,1.023,1.48,1.13
2013.12.02 01:31:06.404,1.02298,1.02301,1.48,2.25
2013.12.02 01:31:06.505,1.023,1.02301,1.00,1.13
2013.12.02 01:31:07.010,1.02301,1.02305,1.38,3.38
2013.12.02 01:31:07.511,1.02302,1.02307,2.25,3.45
2013.12.02 01:31:07.613,1.02304,1.02307,1.00,3.08
2013.12.02 01:31:08.218,1.02304,1.02307,1.38,1.10
2013.12.02 01:31:08.743,1.02304,1.02307,1.38,1.10
2013.12.02 01:31:14.958,1.02302,1.02308,1.10,1.65
2013.12.02 01:31:15.311,1.02301,1.02307,5.63,2.03
2013.12.02 01:31:15.815,1.02304,1.02308,1.38,1.28
2013.12.02 01:31:17.947,1.02304,1.02308,1.55,1.13
2013.12.02 01:31:26.221,1.02304,1.02308,2.03,1.13
2013.12.02 01:31:26.725,1.02304,1.02307,1.95,1.00
2013.12.02 01:31:26.977,1.02304,1.02306,1.88,1.00
2013.12.02 01:31:27.481,1.02303,1.02307,1.48,2.33
2013.12.02 01:31:29.858,1.02303,1.02306,1.48,1.00
2013.12.02 01:31:32.468,1.02303,1.02306,1.20,1.38
2013.12.02 01:31:32.990,1.02303,1.02306,1.38,3.38
2013.12.02 01:31:41.958,1.02303,1.02307,1.48,1.58
2013.12.02 01:31:42.261,1.02303,1.02308,1.65,2.33
2013.12.02 01:31:42.312,1.02305,1.02308,1.48,2.63
2013.12.02 01:31:54.292,1.02305,1.02307,1.10,1.00
2013.12.02 01:31:55.147,1.02305,1.02307,1.38,1.10
2013.12.02 01:31:55.654,1.02305,1.02309,1.38,3.38
2013.12.02 01:31:56.285,1.02305,1.02306,1.00,1.00
2013.12.02 01:32:03.318,1.02305,1.02307,1.00,1.10
2013.12.02 01:32:04.558,1.02306,1.0231,1.38,1.28
2013.12.02 01:32:15.170,1.02307,1.02309,1.38,1.10
2013.12.02 01:32:16.160,1.02307,1.02309,1.00,1.00
2013.12.02 01:32:18.140,1.02307,1.02309,1.38,1.10
2013.12.02 01:32:19.129,1.02307,1.02309,1.00,1.00
2013.12.02 01:32:21.107,1.02307,1.02309,1.38,1.10
2013.12.02 01:32:24.643,1.02304,1.02309,1.65,1.48
2013.12.02 01:32:24.794,1.02302,1.02306,2.70,1.10
2013.12.02 01:32:24.946,1.02301,1.02305,1.20,3.38
2013.12.02 01:32:25.098,1.023,1.02303,1.00,1.28
2013.12.02 01:32:25.620,1.02298,1.02303,1.95,2.03
2013.12.02 01:32:27.769,1.023,1.02303,1.00,1.20
2013.12.02 01:32:27.820,1.023,1.02305,1.48,2.40
2013.12.02 01:32:32.687,1.02298,1.02304,5.33,3.83
2013.12.02 01:32:32.838,1.02297,1.02301,1.48,1.58
2013.12.02 01:32:33.040,1.023,1.02302,1.13,1.65
2013.12.02 01:32:33.343,1.023,1.02304,1.88,1.58
2013.12.02 01:32:34.444,1.02303,1.02306,1.13,3.83
2013.12.02 01:32:34.753,1.02304,1.02306,1.00,1.10
2013.12.02 01:32:36.982,1.02304,1.02308,3.26,4.06
2013.12.02 01:32:37.344,1.02305,1.02308,1.08,1.89
2013.12.02 01:32:37.445,1.02305,1.02308,1.00,1.89
2013.12.02 01:32:37.797,1.02304,1.02308,1.20,1.13
2013.12.02 01:32:37.898,1.02304,1.02308,1.10,1.38
2013.12.02 01:32:37.999,1.02304,1.02307,1.10,1.20
2013.12.02 01:32:38.100,1.02304,1.02308,1.10,5.64
2013.12.02 01:32:38.201,1.02304,1.02308,1.08,3.09
2013.12.02 01:32:38.729,1.02304,1.02307,1.00,1.21
2013.12.02 01:32:41.056,1.02302,1.02307,1.55,1.21
2013.12.02 01:32:41.410,1.02302,1.02307,1.88,3.46
2013.12.02 01:32:42.002,1.02304,1.02306,1.00,1.18
2013.12.02 01:32:42.518,1.02302,1.02306,1.88,1.18
2013.12.02 01:32:43.066,1.02304,1.02306,1.00,1.18
2013.12.02 01:32:44.230,1.02302,1.02306,1.88,1.18
2013.12.02 01:32:44.538,1.023,1.02304,1.58,2.63
2013.12.02 01:32:44.690,1.02299,1.02302,1.50,1.58
2013.12.02 01:32:45.149,1.02298,1.02304,1.48,4.50
2013.12.02 01:32:45.301,1.02303,1.02305,1.20,1.00
2013.12.02 01:32:46.534,1.02303,1.02306,1.20,1.00
2013.12.02 01:32:47.073,1.02301,1.02307,4.20,1.96
2013.12.02 01:32:47.282,1.02301,1.02305,1.58,2.25
2013.12.02 01:32:47.384,1.02301,1.02303,1.00,2.70
2013.12.02 01:32:47.586,1.023,1.02305,3.08,1.00
2013.12.02 01:32:47.788,1.023,1.02306,4.58,3.08
2013.12.02 01:32:47.890,1.02303,1.02307,1.38,1.59
2013.12.02 01:32:48.394,1.02302,1.02307,1.58,1.65
2013.12.02 01:32:48.653,1.02302,1.02307,1.48,1.29
2013.12.02 01:32:48.805,1.02302,1.02306,1.38,2.25
2013.12.02 01:32:48.905,1.02301,1.02303,1.00,1.88
2013.12.02 01:32:48.956,1.02299,1.02303,1.20,1.95
2013.12.02 01:32:49.761,1.02298,1.02301,1.20,1.00
2013.12.02 01:32:49.811,1.02298,1.02301,1.20,1.01
2013.12.02 01:32:50.165,1.02293,1.02298,2.03,1.10
2013.12.02 01:32:51.392,1.02293,1.02298,1.55,1.58
2013.12.02 01:32:51.729,1.02293,1.02299,2.03,2.34
2013.12.02 01:32:53.856,1.02295,1.02298,1.38,1.10
2013.12.02 01:32:55.160,1.02293,1.02299,2.40,1.10
2013.12.02 01:32:58.455,1.02293,1.02298,2.40,2.34
2013.12.02 01:32:58.658,1.02293,1.02296,1.13,1.10
2013.12.02 01:32:58.709,1.02293,1.02296,1.13,1.11
2013.12.02 01:32:59.113,1.02292,1.02294,1.00,1.95
2013.12.02 01:32:59.466,1.02284,1.02293,2.70,1.58
2013.12.02 01:32:59.971,1.02287,1.02293,3.45,2.71
2013.12.02 01:33:00.173,1.02287,1.02291,2.63,1.00
2013.12.02 01:33:00.224,1.02285,1.0229,5.33,1.14
2013.12.02 01:33:00.728,1.02285,1.0229,1.95,1.19
2013.12.02 01:33:00.879,1.02287,1.02291,1.48,1.12
2013.12.02 01:33:01.081,1.02282,1.02289,2.48,3.00
2013.12.02 01:33:01.131,1.02282,1.02285,1.00,7.73
2013.12.02 01:33:01.182,1.0228,1.02283,1.50,1.48
2013.12.02 01:33:01.284,1.02278,1.02281,1.13,1.59
2013.12.02 01:33:01.335,1.02277,1.0228,1.10,3.76
2013.12.02 01:33:01.638,1.02277,1.02282,1.58,1.10
2013.12.02 01:33:01.942,1.02282,1.02288,2.03,2.79
2013.12.02 01:33:02.043,1.02282,1.02288,2.03,2.79
2013.12.02 01:33:02.553,1.02282,1.02288,2.03,2.40
2013.12.02 01:33:05.395,1.02283,1.02288,1.10,1.55
2013.12.02 01:33:05.914,1.02283,1.02288,1.10,1.28
2013.12.02 01:33:06.422,1.02285,1.02289,2.70,8.64
2013.12.02 01:33:06.934,1.02285,1.02289,2.70,1.14
2013.12.02 01:33:19.243,1.02285,1.02289,2.70,1.50
2013.12.02 01:33:19.747,1.02288,1.02291,1.55,1.88
2013.12.02 01:33:20.150,1.02285,1.02291,4.95,3.83
2013.12.02 01:33:21.444,1.02285,1.02291,4.58,2.33
2013.12.02 01:33:21.546,1.02285,1.02288,1.10,1.50
2013.12.02 01:33:22.050,1.02285,1.02289,3.45,1.88
2013.12.02 01:33:22.514,1.02285,1.02289,2.18,1.50
2013.12.02 01:33:23.108,1.02276,1.02286,1.38,9.24
2013.12.02 01:33:23.159,1.02273,1.02282,2.25,3.10
2013.12.02 01:33:23.260,1.02275,1.02277,1.50,1.10
2013.12.02 01:33:23.310,1.02274,1.02277,1.50,2.70
2013.12.02 01:33:23.361,1.02273,1.02276,1.10,1.38
2013.12.02 01:33:23.412,1.02271,1.02274,2.55,1.00
2013.12.02 01:33:23.866,1.02274,1.02277,2.70,1.00
2013.12.02 01:33:23.917,1.02274,1.02279,3.53,1.00
2013.12.02 01:33:23.967,1.02276,1.0228,1.00,3.08
2013.12.02 01:33:24.068,1.0228,1.02282,1.00,1.00
2013.12.02 01:33:24.276,1.02277,1.02282,1.28,3.63
2013.12.02 01:33:24.479,1.02275,1.02279,1.18,2.88
2013.12.02 01:33:24.580,1.02272,1.02278,2.70,3.76
2013.12.02 01:33:24.782,1.02272,1.02278,3.45,3.25
2013.12.02 01:33:25.185,1.02274,1.02278,1.48,3.00
2013.12.02 01:33:26.988,1.02274,1.02276,1.48,1.00
2013.12.02 01:33:27.039,1.02272,1.02276,2.55,7.88
2013.12.02 01:33:27.140,1.02268,1.02271,1.20,1.00
2013.12.02 01:33:27.291,1.02262,1.02269,1.48,1.00
2013.12.02 01:33:27.443,1.02266,1.02271,1.95,1.00
2013.12.02 01:33:27.947,1.02269,1.02272,1.38,1.50
2013.12.02 01:33:28.048,1.02269,1.02274,2.33,2.25
2013.12.02 01:33:28.149,1.02271,1.02272,1.00,1.00
2013.12.02 01:33:28.351,1.02269,1.02271,1.13,1.00
2013.12.02 01:33:28.854,1.02268,1.0227,1.00,1.00
2013.12.02 01:33:29.431,1.02265,1.0227,7.20,1.13
2013.12.02 01:33:29.934,1.02268,1.02271,1.38,1.13
2013.12.02 01:33:30.691,1.02268,1.02271,1.00,1.13
2013.12.02 01:33:30.993,1.02263,1.02269,1.18,3.76
2013.12.02 01:33:31.145,1.02263,1.02269,2.40,1.00
2013.12.02 01:33:31.246,1.02266,1.0227,1.38,1.00
2013.12.02 01:33:31.549,1.02266,1.02271,1.55,1.13
2013.12.02 01:33:31.700,1.02266,1.02271,1.28,1.50
2013.12.02 01:33:31.902,1.02265,1.02271,4.95,2.63
2013.12.02 01:33:32.406,1.02265,1.02271,1.18,3.38
2013.12.02 01:33:32.981,1.02266,1.02271,1.10,1.50
2013.12.02 01:33:33.082,1.02266,1.02272,3.75,3.45
2013.12.02 01:33:33.183,1.02265,1.02271,1.65,2.58
2013.12.02 01:33:33.636,1.02265,1.0227,1.10,1.75
2013.12.02 01:33:34.089,1.02265,1.0227,1.18,1.75
2013.12.02 01:33:36.402,1.02265,1.02271,1.55,2.70
2013.12.02 01:33:36.604,1.02267,1.02273,1.45,3.08
2013.12.02 01:33:36.959,1.02266,1.02273,2.78,2.65
2013.12.02 01:33:37.060,1.02267,1.02273,1.48,5.70
2013.12.02 01:33:37.363,1.02268,1.02273,4.20,1.88
2013.12.02 01:33:39.882,1.0227,1.02273,1.00,1.00
2013.12.02 01:33:40.437,1.02271,1.02273,1.18,1.00
2013.12.02 01:33:41.556,1.0227,1.02273,3.08,1.00
2013.12.02 01:33:41.759,1.0227,1.02275,5.33,1.13
2013.12.02 01:33:42.264,1.02273,1.02278,1.20,7.50
2013.12.02 01:33:42.768,1.02273,1.02278,1.18,1.48
2013.12.02 01:33:43.272,1.02273,1.02278,1.28,1.48
2013.12.02 01:33:46.851,1.02274,1.02278,1.48,1.10
2013.12.02 01:33:48.383,1.02275,1.02278,1.88,1.10
2013.12.02 01:33:48.635,1.02276,1.02281,3.45,1.50
2013.12.02 01:33:48.938,1.02276,1.02281,2.70,2.25
2013.12.02 01:33:49.895,1.02275,1.0228,1.55,5.70
2013.12.02 01:33:50.661,1.02275,1.0228,1.55,5.70
2013.12.02 01:33:51.183,1.02276,1.02281,1.48,2.03
2013.12.02 01:33:51.686,1.02276,1.0228,1.48,1.48
2013.12.02 01:33:58.522,1.02275,1.0228,4.58,3.76
2013.12.02 01:33:58.825,1.02277,1.02282,1.95,1.10
2013.12.02 01:33:59.178,1.0228,1.02282,1.00,1.00
2013.12.02 01:33:59.311,1.0228,1.02283,1.00,1.10
2013.12.02 01:34:00.055,1.02279,1.02283,1.50,3.00
2013.12.02 01:34:00.207,1.02279,1.02284,1.55,1.11
2013.12.02 01:34:00.308,1.02279,1.02282,1.00,1.18
2013.12.02 01:34:00.509,1.02278,1.02283,1.55,1.12
2013.12.02 01:34:00.762,1.02278,1.02282,1.10,1.08
2013.12.02 01:34:00.863,1.02279,1.02283,1.48,1.12
2013.12.02 01:34:01.569,1.0228,1.02284,1.38,1.10
2013.12.02 01:34:02.431,1.0228,1.02283,1.00,1.20
2013.12.02 01:34:02.482,1.0228,1.02283,1.00,3.76
2013.12.02 01:34:02.935,1.02277,1.02281,1.00,3.00
2013.12.02 01:34:03.446,1.02275,1.02281,1.85,3.09
2013.12.02 01:34:09.909,1.02277,1.02279,1.38,1.10
2013.12.02 01:34:10.211,1.02277,1.02282,1.48,2.34
2013.12.02 01:34:10.765,1.02277,1.0228,1.10,1.00
2013.12.02 01:34:11.307,1.02277,1.02282,1.48,2.34
2013.12.02 01:34:13.531,1.0228,1.02282,1.00,3.44
2013.12.02 01:34:13.632,1.0228,1.02282,1.50,1.10
2013.12.02 01:34:13.783,1.02281,1.02284,1.38,1.10
2013.12.02 01:34:13.985,1.02282,1.02287,2.03,2.34
2013.12.02 01:34:15.152,1.02282,1.02287,1.55,2.34
2013.12.02 01:34:15.678,1.02281,1.02286,1.48,1.66
2013.12.02 01:34:16.182,1.02281,1.02286,3.45,1.02
2013.12.02 01:34:16.487,1.02283,1.02286,2.70,1.02
2013.12.02 01:34:16.790,1.02287,1.0229,1.00,1.18
2013.12.02 01:34:16.840,1.02284,1.0229,2.78,1.28
2013.12.02 01:34:16.941,1.02284,1.02289,2.03,1.48
2013.12.02 01:34:17.042,1.02284,1.02289,2.03,1.49
2013.12.02 01:34:17.294,1.02284,1.02289,2.40,1.48
2013.12.02 01:34:18.268,1.02284,1.0229,2.03,2.41
2013.12.02 01:34:20.960,1.02284,1.0229,2.03,2.79
2013.12.02 01:34:28.700,1.02284,1.02289,1.55,1.12
2013.12.02 01:34:43.250,1.02285,1.0229,1.20,2.03
2013.12.02 01:34:48.110,1.02284,1.02289,1.18,9.45
2013.12.02 01:34:48.261,1.02283,1.02289,3.08,8.70
2013.12.02 01:34:51.696,1.02284,1.02288,1.00,1.65
2013.12.02 01:34:52.166,1.02281,1.02286,1.38,3.45
2013.12.02 01:34:56.144,1.02281,1.02286,1.00,3.45
2013.12.02 01:34:56.347,1.0228,1.02281,1.00,1.13
2013.12.02 01:34:56.800,1.02279,1.02281,1.00,1.20
2013.12.02 01:34:56.901,1.02277,1.02281,2.63,1.28
2013.12.02 01:34:57.411,1.0228,1.02283,1.00,1.55
2013.12.02 01:34:58.406,1.02279,1.02283,1.88,1.55
2013.12.02 01:34:58.508,1.02277,1.02281,1.13,4.88
2013.12.02 01:34:58.911,1.02277,1.0228,1.13,2.70
2013.12.02 01:35:01.056,1.02277,1.0228,1.13,2.70
2013.12.02 01:35:01.157,1.02277,1.0228,3.00,2.25
2013.12.02 01:35:01.207,1.02277,1.0228,3.00,2.18
2013.12.02 01:35:01.441,1.02279,1.02283,1.20,1.48
2013.12.02 01:35:01.947,1.02279,1.02284,1.20,1.55
2013.12.02 01:35:07.921,1.02279,1.02283,1.10,1.58
2013.12.02 01:35:08.224,1.02274,1.02279,3.15,1.48
2013.12.02 01:35:08.325,1.02277,1.02278,1.00,1.13
2013.12.02 01:35:08.829,1.02275,1.02278,1.58,1.48
2013.12.02 01:35:15.741,1.02275,1.02278,1.38,2.03
2013.12.02 01:35:16.144,1.02275,1.02278,1.13,1.55
2013.12.02 01:35:16.605,1.02275,1.02278,1.00,2.03
2013.12.02 01:35:16.706,1.02275,1.02278,1.00,4.20
2013.12.02 01:35:19.702,1.02275,1.02277,1.13,1.00
2013.12.02 01:35:20.222,1.02274,1.02277,1.20,1.00
2013.12.02 01:35:20.727,1.02274,1.02277,1.48,1.00
2013.12.02 01:35:21.408,1.02274,1.02277,1.20,1.00
2013.12.02 01:35:26.391,1.02274,1.02278,1.48,1.48
2013.12.02 01:35:26.901,1.02274,1.02278,1.58,1.20
2013.12.02 01:35:30.166,1.02274,1.02278,1.48,1.85
2013.12.02 01:35:30.677,1.02274,1.02278,1.20,1.85
2013.12.02 01:35:31.510,1.02274,1.02278,1.58,1.58
2013.12.02 01:35:31.561,1.02274,1.02278,1.58,1.20
2013.12.02 01:35:32.202,1.02275,1.02278,1.50,1.10
2013.12.02 01:35:33.685,1.02275,1.02278,1.38,1.48
2013.12.02 01:35:35.102,1.02275,1.02278,1.38,1.20
2013.12.02 01:35:37.191,1.02275,1.02278,1.00,3.45
2013.12.02 01:35:37.637,1.02277,1.02279,2.26,2.18
2013.12.02 01:35:37.738,1.02278,1.02284,1.10,5.70
2013.12.02 01:35:38.284,1.0228,1.02284,1.00,5.33
2013.12.02 01:35:41.470,1.02278,1.02284,1.58,3.83
2013.12.02 01:35:41.622,1.02276,1.02282,1.95,3.08
2013.12.02 01:35:41.673,1.02278,1.02282,1.00,3.45
2013.12.02 01:35:43.513,1.02277,1.02282,1.00,3.45
2013.12.02 01:35:44.017,1.02274,1.02278,1.50,2.63
2013.12.02 01:35:45.469,1.02274,1.02279,1.58,4.58
2013.12.02 01:35:45.976,1.02275,1.02279,1.38,2.40
2013.12.02 01:35:46.701,1.02275,1.02279,1.65,4.50
2013.12.02 01:35:47.205,1.02275,1.02279,1.38,1.65
2013.12.02 01:35:55.586,1.02273,1.02279,2.40,3.90
2013.12.02 01:36:04.971,1.02273,1.02277,2.03,1.50
2013.12.02 01:36:05.475,1.02273,1.02276,1.65,1.13
2013.12.02 01:36:11.779,1.02271,1.02275,4.20,1.50
2013.12.02 01:36:12.083,1.02272,1.02276,1.28,1.00
2013.12.02 01:36:12.133,1.02271,1.02276,3.45,1.00
2013.12.02 01:36:12.708,1.02271,1.02276,1.85,2.68
2013.12.02 01:36:14.025,1.02271,1.02276,1.48,2.68
2013.12.02 01:36:14.075,1.0227,1.02276,1.18,3.41
2013.12.02 01:36:14.478,1.02271,1.02275,3.08,1.00
2013.12.02 01:36:15.854,1.02271,1.02273,2.25,1.13
2013.12.02 01:36:15.904,1.02269,1.02272,2.70,1.00
2013.12.02 01:36:16.005,1.02269,1.02273,1.13,2.03
2013.12.02 01:36:16.056,1.0227,1.02273,1.13,1.18
2013.12.02 01:36:16.207,1.02271,1.02275,1.48,1.10
2013.12.02 01:36:17.081,1.02273,1.02277,1.20,1.20
2013.12.02 01:36:17.480,1.02271,1.02274,4.13,1.50
2013.12.02 01:36:17.582,1.0227,1.02274,1.00,4.20
2013.12.02 01:36:17.633,1.02268,1.02274,1.95,4.78
2013.12.02 01:36:17.885,1.02271,1.02275,1.55,1.00
2013.12.02 01:36:18.390,1.0227,1.02276,4.20,2.33
2013.12.02 01:36:19.491,1.02273,1.02276,1.13,1.58
2013.12.02 01:36:19.694,1.02272,1.02276,2.55,1.38
2013.12.02 01:36:19.745,1.02268,1.02274,1.85,4.58
2013.12.02 01:36:19.796,1.02268,1.02274,1.85,4.40
2013.12.02 01:36:19.948,1.02271,1.02275,1.48,2.33
2013.12.02 01:36:20.453,1.02271,1.02275,1.48,1.10
2013.12.02 01:36:21.340,1.0227,1.02275,2.03,1.95
2013.12.02 01:36:21.492,1.02269,1.02274,1.13,5.70
2013.12.02 01:36:21.996,1.02269,1.02272,1.13,1.48
2013.12.02 01:36:22.107,1.02269,1.02273,1.38,1.10
2013.12.02 01:36:22.258,1.0227,1.02275,2.40,1.10
2013.12.02 01:36:22.802,1.02271,1.02275,2.70,1.00
2013.12.02 01:36:23.228,1.02272,1.02278,2.40,1.18
2013.12.02 01:36:24.010,1.02274,1.02278,1.00,1.55
2013.12.02 01:36:24.585,1.02273,1.02278,1.20,1.55
2013.12.02 01:36:28.720,1.02273,1.02278,1.20,1.93
2013.12.02 01:36:29.822,1.02271,1.02277,4.58,1.10
2013.12.02 01:36:33.764,1.02273,1.02278,1.20,2.40
2013.12.02 01:36:35.649,1.02273,1.02277,1.20,1.20
2013.12.02 01:36:39.416,1.02273,1.02277,1.20,2.33
2013.12.02 01:36:40.810,1.02271,1.02277,1.58,4.58
2013.12.02 01:36:43.628,1.0227,1.02276,2.78,1.65
2013.12.02 01:36:43.679,1.0227,1.02276,2.33,4.20
2013.12.02 01:36:43.780,1.0227,1.02274,1.38,2.70
2013.12.02 01:36:43.882,1.02269,1.02274,1.20,3.15
2013.12.02 01:36:44.133,1.02269,1.02273,1.13,2.68
2013.12.02 01:36:44.335,1.0227,1.02276,6.75,1.58
2013.12.02 01:36:44.745,1.02271,1.02276,2.93,2.63
2013.12.02 01:36:44.897,1.02269,1.02275,1.13,9.01
2013.12.02 01:36:45.400,1.02269,1.02273,1.13,2.68
2013.12.02 01:36:49.029,1.02267,1.02269,1.18,1.00
2013.12.02 01:36:49.080,1.02266,1.02269,1.10,1.50
2013.12.02 01:36:49.181,1.02263,1.02269,1.18,3.78
2013.12.02 01:36:49.534,1.02264,1.02269,1.00,3.16
2013.12.02 01:36:50.053,1.02264,1.02269,1.10,3.91
2013.12.02 01:36:50.695,1.0226,1.02266,2.25,3.61
2013.12.02 01:36:50.746,1.02256,1.02263,3.75,4.73
2013.12.02 01:36:50.847,1.02247,1.02256,2.50,8.93
2013.12.02 01:36:50.948,1.02245,1.02255,1.88,10.50
2013.12.02 01:36:51.174,1.02249,1.02254,1.38,2.33
2013.12.02 01:36:51.276,1.02249,1.02254,1.38,1.00
2013.12.02 01:36:51.378,1.02251,1.02257,1.38,5.25
2013.12.02 01:36:51.530,1.02254,1.02257,1.00,1.00
2013.12.02 01:36:51.631,1.02256,1.02259,1.00,1.50
2013.12.02 01:36:51.934,1.02255,1.0226,2.33,1.00
2013.12.02 01:36:51.984,1.02254,1.0226,1.20,1.50
2013.12.02 01:36:52.086,1.02253,1.0226,1.88,5.13
2013.12.02 01:36:52.389,1.02252,1.02259,1.58,4.21
2013.12.02 01:36:52.490,1.02252,1.02259,1.58,3.83
2013.12.02 01:36:52.692,1.02252,1.02259,1.58,4.21
2013.12.02 01:36:53.195,1.02252,1.02259,1.48,4.58
2013.12.02 01:36:53.710,1.02252,1.02256,1.00,4.13
2013.12.02 01:36:53.761,1.02249,1.02253,1.88,1.13
2013.12.02 01:36:53.962,1.02252,1.02255,1.48,2.18
2013.12.02 01:36:54.013,1.02252,1.02257,1.55,1.58
2013.12.02 01:36:54.164,1.02251,1.02253,2.18,1.13
2013.12.02 01:36:54.215,1.0225,1.02253,1.58,1.13
2013.12.02 01:36:54.265,1.02251,1.02255,1.00,2.70
2013.12.02 01:36:54.518,1.02251,1.02255,1.10,2.25
2013.12.02 01:36:54.870,1.02252,1.02256,1.13,4.20
2013.12.02 01:36:55.374,1.02252,1.02256,1.10,1.00
2013.12.02 01:36:55.475,1.02252,1.02257,1.48,1.28
2013.12.02 01:36:56.281,1.02253,1.02258,2.03,1.10
2013.12.02 01:36:56.803,1.02253,1.02258,3.15,1.48
2013.12.02 01:36:56.854,1.02252,1.02258,2.93,2.96
2013.12.02 01:36:56.905,1.02251,1.02255,5.63,3.83
2013.12.02 01:36:57.157,1.02252,1.02256,1.28,1.02
2013.12.02 01:36:59.212,1.02252,1.02257,2.03,1.20
2013.12.02 01:37:00.430,1.02253,1.02258,1.58,1.55
2013.12.02 01:37:00.531,1.02253,1.02257,1.50,5.64
2013.12.02 01:37:01.036,1.0225,1.02256,1.38,6.76
2013.12.02 01:37:01.188,1.02249,1.02255,1.48,4.50
2013.12.02 01:37:01.591,1.02246,1.02251,4.20,2.14
2013.12.02 01:37:01.642,1.02247,1.02251,2.70,3.75
2013.12.02 01:37:01.743,1.02243,1.0225,4.58,3.92
2013.12.02 01:37:01.894,1.02243,1.0225,4.58,7.29
2013.12.02 01:37:02.398,1.02243,1.02249,1.48,4.96
2013.12.02 01:37:02.902,1.02243,1.02249,1.48,8.72
2013.12.02 01:37:03.425,1.02243,1.02249,3.45,10.22
2013.12.02 01:37:03.576,1.02243,1.02249,2.70,10.59
2013.12.02 01:37:03.699,1.02242,1.02248,1.10,4.49
2013.12.02 01:37:05.399,1.0224,1.02247,4.20,2.70
2013.12.02 01:37:05.960,1.0224,1.02247,4.95,2.70
2013.12.02 01:37:06.273,1.02242,1.02247,2.33,2.70
2013.12.02 01:37:06.324,1.02241,1.02247,1.10,5.03
2013.12.02 01:37:06.425,1.02241,1.02247,2.33,2.40
2013.12.02 01:37:06.828,1.02241,1.02247,1.95,3.22
2013.12.02 01:37:06.980,1.02243,1.02247,1.18,1.50
2013.12.02 01:37:07.284,1.02241,1.02247,1.18,2.66
2013.12.02 01:37:07.440,1.02241,1.02246,1.00,6.39
2013.12.02 01:37:07.943,1.0224,1.02246,3.08,2.71
2013.12.02 01:37:09.127,1.0224,1.02246,3.83,1.00
2013.12.02 01:37:09.586,1.0224,1.02246,1.50,6.02
2013.12.02 01:37:10.172,1.0224,1.02246,1.65,1.10
2013.12.02 01:37:11.236,1.0224,1.02245,2.03,1.10
2013.12.02 01:37:11.337,1.0224,1.02245,3.53,1.48
2013.12.02 01:37:11.639,1.02243,1.02246,1.00,1.18
2013.12.02 01:37:21.796,1.02241,1.02246,3.38,1.38
2013.12.02 01:37:24.778,1.02241,1.02245,3.45,1.38
2013.12.02 01:37:25.129,1.02241,1.02245,3.45,1.00
2013.12.02 01:37:26.416,1.02241,1.02245,3.45,1.38
2013.12.02 01:37:26.920,1.02241,1.02246,3.38,1.38
2013.12.02 01:37:27.575,1.02242,1.02246,3.08,1.00
2013.12.02 01:37:28.111,1.02241,1.02246,3.45,1.00
2013.12.02 01:37:28.414,1.0224,1.02245,1.18,1.48
2013.12.02 01:37:28.616,1.0224,1.02245,1.18,2.33
2013.12.02 01:37:29.120,1.0224,1.02244,1.50,1.55
2013.12.02 01:37:29.529,1.02241,1.02245,1.00,2.33
2013.12.02 01:37:29.580,1.02242,1.02245,1.20,2.18
2013.12.02 01:37:29.631,1.02242,1.02246,5.70,1.50
2013.12.02 01:37:29.733,1.02242,1.02247,5.33,1.13
2013.12.02 01:37:29.834,1.02242,1.02247,2.33,1.28
2013.12.02 01:37:42.489,1.02242,1.02247,3.83,4.88
2013.12.02 01:37:42.641,1.02244,1.02247,1.48,1.38
2013.12.02 01:37:42.742,1.02244,1.02248,1.10,1.58
2013.12.02 01:37:43.246,1.02242,1.02245,3.08,1.00
2013.12.02 01:37:43.498,1.02242,1.02245,1.10,1.00
2013.12.02 01:37:43.902,1.02243,1.02247,2.33,4.13
2013.12.02 01:37:46.789,1.02243,1.02245,2.25,1.00
2013.12.02 01:37:50.585,1.02242,1.02246,4.50,1.13
2013.12.02 01:37:50.787,1.02243,1.02247,1.18,1.00
2013.12.02 01:37:50.938,1.02245,1.02249,1.08,1.20
2013.12.02 01:37:51.090,1.02247,1.0225,1.00,2.70
2013.12.02 01:37:51.191,1.02249,1.02251,1.00,1.13
2013.12.02 01:37:51.494,1.02251,1.02256,1.10,4.50
2013.12.02 01:37:51.797,1.02248,1.02251,1.00,1.58
2013.12.02 01:37:52.302,1.02246,1.0225,1.18,1.75
2013.12.02 01:37:52.824,1.02246,1.02251,1.65,1.58
2013.12.02 01:37:54.689,1.02247,1.02251,1.48,1.48
2013.12.02 01:37:54.740,1.02248,1.02251,1.20,1.13
2013.12.02 01:37:54.841,1.02248,1.02253,1.10,2.34
2013.12.02 01:37:55.364,1.02247,1.02252,3.45,1.39
2013.12.02 01:37:56.939,1.02247,1.02252,3.00,1.39
2013.12.02 01:37:58.108,1.02247,1.02252,3.45,1.39
2013.12.02 01:38:02.795,1.02247,1.02252,1.28,1.47
2013.12.02 01:38:03.299,1.02247,1.02252,1.20,1.57
2013.12.02 01:38:06.357,1.02246,1.02248,1.58,1.02
2013.12.02 01:38:06.660,1.02243,1.02246,1.20,1.38
2013.12.02 01:38:06.762,1.02241,1.02244,1.10,1.13
2013.12.02 01:38:07.266,1.0224,1.02244,2.78,1.38
2013.12.02 01:38:09.357,1.0224,1.02244,2.03,1.38
2013.12.02 01:38:09.762,1.02239,1.02241,1.10,1.13
2013.12.02 01:38:09.812,1.02238,1.02241,1.18,1.00
2013.12.02 01:38:09.864,1.02236,1.02241,2.40,2.33
2013.12.02 01:38:09.915,1.02236,1.0224,1.65,1.38
2013.12.02 01:38:10.067,1.02238,1.02239,1.00,1.10
2013.12.02 01:38:10.168,1.02236,1.02239,1.00,1.20
2013.12.02 01:38:10.218,1.02236,1.02237,1.00,1.00
2013.12.02 01:38:10.572,1.02237,1.0224,1.13,1.65
2013.12.02 01:38:10.781,1.02236,1.02241,4.20,1.13
2013.12.02 01:38:11.163,1.02239,1.02243,1.18,1.50
2013.12.02 01:38:11.465,1.0224,1.02245,3.83,1.38
2013.12.02 01:38:14.099,1.0224,1.02245,4.20,1.13
2013.12.02 01:38:14.351,1.02243,1.02248,1.18,2.03
2013.12.02 01:38:15.212,1.02243,1.02249,3.15,1.57
2013.12.02 01:38:15.313,1.02246,1.0225,1.20,4.96
2013.12.02 01:38:15.667,1.02244,1.02249,3.08,1.02
2013.12.02 01:38:15.969,1.02246,1.0225,1.10,1.48
2013.12.02 01:38:16.070,1.02245,1.02251,1.95,2.40
2013.12.02 01:38:16.574,1.02244,1.0225,3.83,2.34
2013.12.02 01:38:17.392,1.02243,1.02248,3.68,2.63
2013.12.02 01:38:17.442,1.02243,1.02248,1.50,3.45
2013.12.02 01:38:17.493,1.0224,1.02244,1.88,2.25
2013.12.02 01:38:17.644,1.02237,1.02242,1.20,1.65
2013.12.02 01:38:17.695,1.02237,1.02241,1.20,1.11
2013.12.02 01:38:18.212,1.02236,1.0224,1.38,2.34
2013.12.02 01:38:18.976,1.02234,1.02239,2.33,1.19
2013.12.02 01:38:19.077,1.02234,1.02237,1.58,1.00
2013.12.02 01:38:19.600,1.02234,1.02238,1.20,1.20
2013.12.02 01:38:20.457,1.02234,1.02237,1.20,1.00
2013.12.02 01:38:20.985,1.02234,1.02238,1.20,1.20
2013.12.02 01:38:21.238,1.02235,1.02239,5.03,1.50
2013.12.02 01:38:21.742,1.02236,1.0224,1.48,1.10
2013.12.02 01:38:22.044,1.02236,1.0224,1.13,3.46
2013.12.02 01:38:22.196,1.02236,1.0224,1.20,1.95
2013.12.02 01:38:22.348,1.02236,1.02241,1.58,1.55
2013.12.02 01:38:22.650,1.02234,1.02238,1.00,6.06
2013.12.02 01:38:22.701,1.02234,1.02237,1.00,2.20
2013.12.02 01:38:23.004,1.02227,1.02233,1.58,4.85
2013.12.02 01:38:23.105,1.02225,1.0223,1.13,2.28
2013.12.02 01:38:23.206,1.02227,1.0223,1.10,2.25
2013.12.02 01:38:23.358,1.02225,1.0223,3.68,1.46
2013.12.02 01:38:23.559,1.02224,1.02229,1.55,2.21
2013.12.02 01:38:23.610,1.02227,1.02229,1.00,1.00
2013.12.02 01:38:23.913,1.02229,1.02232,3.08,1.00
2013.12.02 01:38:24.014,1.02228,1.02232,1.18,1.14
2013.12.02 01:38:24.418,1.02228,1.02232,1.10,1.14
2013.12.02 01:38:24.519,1.02227,1.02232,3.45,1.39
2013.12.02 01:38:24.772,1.02229,1.02232,2.33,1.00
2013.12.02 01:38:25.376,1.02228,1.02232,1.55,1.00
2013.12.02 01:38:26.006,1.02228,1.02232,1.48,1.08
2013.12.02 01:38:26.157,1.02228,1.02233,1.55,1.95
2013.12.02 01:38:29.016,1.02228,1.02233,2.40,1.20
2013.12.02 01:38:29.519,1.02231,1.02234,1.50,1.65
2013.12.02 01:38:30.372,1.0223,1.02234,1.95,1.58
2013.12.02 01:38:33.119,1.02231,1.02234,2.70,1.00
2013.12.02 01:38:34.176,1.02232,1.02236,1.65,1.88
2013.12.02 01:38:36.700,1.02232,1.02237,2.40,1.10
2013.12.02 01:38:40.717,1.02233,1.02236,1.48,3.75
2013.12.02 01:38:41.221,1.02231,1.02236,2.70,5.63
2013.12.02 01:38:43.175,1.02232,1.02236,1.55,1.00
2013.12.02 01:38:43.427,1.02235,1.0224,2.70,1.38
2013.12.02 01:38:43.731,1.02239,1.0224,3.30,1.00
2013.12.02 01:38:43.782,1.02239,1.02244,3.45,1.00
2013.12.02 01:38:44.291,1.02239,1.02245,3.45,1.58
2013.12.02 01:38:47.279,1.02239,1.02242,3.45,1.13
2013.12.02 01:38:47.430,1.02238,1.02242,1.20,1.58
2013.12.02 01:38:47.733,1.0224,1.02244,1.00,2.70
2013.12.02 01:38:47.884,1.02244,1.02246,1.00,1.38
2013.12.02 01:38:48.388,1.02243,1.02246,1.00,1.55
2013.12.02 01:38:48.893,1.02243,1.02246,1.48,1.10
2013.12.02 01:38:49.397,1.02244,1.02247,1.50,1.10
2013.12.02 01:38:50.556,1.02244,1.02247,1.13,1.20
2013.12.02 01:38:52.749,1.02245,1.02247,1.00,1.20
2013.12.02 01:39:01.003,1.02245,1.02247,1.58,1.00
2013.12.02 01:39:01.107,1.02247,1.02251,1.13,4.88
2013.12.02 01:39:01.209,1.02249,1.02251,1.20,1.20
2013.12.02 01:39:01.512,1.02251,1.02255,4.58,1.88
2013.12.02 01:39:02.016,1.02253,1.02256,1.20,1.00
2013.12.02 01:39:02.229,1.02251,1.02254,3.00,1.00
2013.12.02 01:39:02.280,1.02249,1.02253,4.58,1.00
2013.12.02 01:39:02.735,1.02252,1.02255,1.08,1.58
2013.12.02 01:39:03.088,1.02252,1.02256,1.65,1.13
2013.12.02 01:39:03.592,1.02253,1.02256,1.48,1.00
2013.12.02 01:39:03.744,1.02255,1.02258,1.13,5.03
2013.12.02 01:39:04.261,1.02256,1.02258,1.00,1.55
2013.12.02 01:39:05.118,1.02256,1.02258,1.00,1.55
2013.12.02 01:39:05.320,1.02248,1.0225,1.00,1.00
2013.12.02 01:39:05.572,1.02246,1.0225,1.50,2.70
2013.12.02 01:39:05.723,1.02248,1.02252,1.00,2.63
2013.12.02 01:39:05.824,1.02249,1.02253,1.48,1.08
2013.12.02 01:39:06.127,1.02253,1.02258,1.10,5.03
2013.12.02 01:39:06.631,1.02254,1.02258,1.00,1.55
2013.12.02 01:39:07.135,1.02254,1.02258,1.38,4.65
2013.12.02 01:39:07.666,1.02254,1.02258,1.00,1.55
2013.12.02 01:39:09.870,1.02253,1.02258,1.58,3.76
2013.12.02 01:39:15.466,1.02252,1.02258,3.15,1.51
2013.12.02 01:39:15.768,1.02257,1.02259,1.13,1.10
2013.12.02 01:39:16.020,1.02257,1.02259,1.13,1.48
2013.12.02 01:39:16.996,1.02257,1.02262,1.20,1.65
2013.12.02 01:39:17.500,1.02259,1.02263,1.00,5.33
2013.12.02 01:39:17.551,1.02259,1.02263,1.48,1.95
2013.12.02 01:39:17.803,1.02262,1.02263,1.13,1.10
2013.12.02 01:39:17.904,1.02262,1.02265,1.13,1.20
2013.12.02 01:39:18.407,1.02262,1.02265,1.28,1.50
2013.12.02 01:39:21.610,1.02261,1.02266,2.70,1.38
2013.12.02 01:39:21.728,1.02259,1.02263,1.00,2.70
2013.12.02 01:39:21.779,1.02258,1.02261,1.50,2.33
2013.12.02 01:39:21.880,1.02255,1.02258,1.10,1.13
2013.12.02 01:39:37.785,1.02253,1.02258,4.58,1.00
2013.12.02 01:39:46.339,1.02254,1.02259,4.58,1.00
2013.12.02 01:39:46.440,1.02257,1.0226,3.08,1.00
2013.12.02 01:39:46.491,1.02257,1.02261,3.45,2.25
2013.12.02 01:39:46.541,1.02259,1.02263,2.70,1.50
2013.12.02 01:39:46.643,1.02262,1.02264,1.00,1.00
2013.12.02 01:39:46.744,1.02263,1.02266,1.65,1.00
2013.12.02 01:39:46.895,1.02264,1.02268,2.70,1.13
2013.12.02 01:39:47.802,1.02264,1.02267,3.08,1.13
2013.12.02 01:39:48.621,1.02263,1.02267,2.40,1.13
2013.12.02 01:39:52.202,1.02264,1.02268,3.08,1.50
2013.12.02 01:39:59.225,1.02264,1.02269,4.20,1.13
2013.12.02 01:39:59.276,1.02264,1.02269,4.20,1.13
2013.12.02 01:39:59.478,1.02269,1.02272,1.13,1.20
2013.12.02 01:39:59.579,1.02269,1.02275,3.83,2.70
2013.12.02 01:39:59.882,1.02272,1.02277,4.88,1.50
2013.12.02 01:40:01.075,1.02271,1.02277,4.58,1.95
2013.12.02 01:40:01.584,1.02271,1.02277,5.61,1.95
2013.12.02 01:40:02.086,1.02271,1.02278,6.83,2.40
2013.12.02 01:40:02.749,1.02271,1.02278,7.48,2.40
2013.12.02 01:40:03.263,1.02272,1.02278,7.51,1.50
2013.12.02 01:40:03.870,1.02274,1.0228,3.53,1.65
2013.12.02 01:40:03.920,1.02274,1.0228,8.63,1.13
2013.12.02 01:40:04.424,1.02275,1.0228,2.33,1.28
2013.12.02 01:40:07.426,1.02275,1.02279,1.10,9.08
2013.12.02 01:40:07.627,1.02277,1.02281,3.70,1.00
2013.12.02 01:40:07.829,1.02277,1.02282,4.83,1.00
2013.12.02 01:40:08.031,1.02279,1.02284,4.88,1.20
2013.12.02 01:40:08.535,1.02281,1.02286,4.11,1.88
2013.12.02 01:40:08.687,1.02281,1.02285,1.20,1.10
2013.12.02 01:40:08.788,1.02278,1.02284,7.88,1.95
2013.12.02 01:40:08.839,1.02278,1.02284,5.63,2.33
2013.12.02 01:40:08.990,1.02277,1.02283,2.40,2.78
2013.12.02 01:40:09.141,1.02278,1.02283,4.51,1.10
2013.12.02 01:40:09.444,1.02279,1.02285,4.28,1.18
2013.12.02 01:40:09.545,1.0228,1.02286,4.85,1.58
2013.12.02 01:40:11.131,1.0228,1.02286,3.83,2.33
2013.12.02 01:40:11.437,1.02281,1.02285,1.38,2.70
2013.12.02 01:40:11.589,1.02279,1.02285,1.95,4.20
2013.12.02 01:40:11.639,1.02279,1.02284,1.20,2.03
2013.12.02 01:40:12.143,1.02276,1.02281,1.85,1.18
2013.12.02 01:40:13.074,1.02274,1.0228,2.78,3.75
2013.12.02 01:40:13.196,1.02274,1.0228,2.95,3.83
2013.12.02 01:40:14.014,1.02274,1.02279,1.00,1.28
2013.12.02 01:40:14.676,1.02274,1.0228,2.70,4.20
2013.12.02 01:40:14.979,1.02275,1.0228,3.35,1.00
2013.12.02 01:40:15.331,1.02275,1.02281,5.71,1.10
2013.12.02 01:40:15.634,1.02281,1.02285,2.26,2.70
2013.12.02 01:40:15.937,1.0228,1.02285,1.00,3.83
2013.12.02 01:40:16.038,1.0228,1.02282,1.88,5.48
2013.12.02 01:40:16.241,1.02274,1.02281,3.83,6.38
2013.12.02 01:40:16.342,1.02275,1.0228,6.38,1.00
2013.12.02 01:40:16.453,1.02275,1.0228,1.18,1.85
2013.12.02 01:40:16.503,1.02272,1.02279,2.70,7.51
2013.12.02 01:40:16.604,1.02274,1.02279,1.48,1.65
2013.12.02 01:40:16.705,1.02274,1.02279,2.70,1.28
2013.12.02 01:40:16.857,1.02275,1.02279,1.00,1.65
2013.12.02 01:40:17.058,1.02274,1.02279,1.95,2.40
2013.12.02 01:40:17.361,1.02275,1.02279,1.00,2.40
2013.12.02 01:40:22.337,1.02272,1.02279,5.70,2.40
2013.12.02 01:40:22.896,1.02272,1.02279,5.95,1.28
2013.12.02 01:40:22.997,1.02274,1.0228,2.68,3.30
2013.12.02 01:40:23.047,1.02274,1.0228,5.71,1.10
2013.12.02 01:40:23.552,1.02274,1.02281,5.95,2.03
2013.12.02 01:40:23.905,1.02274,1.02279,4.20,1.38
2013.12.02 01:40:24.007,1.02274,1.02278,1.58,1.20
2013.12.02 01:40:25.002,1.02272,1.02278,9.08,1.10
2013.12.02 01:40:25.556,1.02278,1.02283,1.00,8.86
2013.12.02 01:40:25.607,1.0228,1.02283,1.00,8.11
2013.12.02 01:40:25.758,1.02282,1.02284,1.10,2.25
2013.12.02 01:40:25.910,1.0228,1.02285,3.08,1.88
2013.12.02 01:40:26.061,1.02282,1.02286,1.48,1.58
2013.12.02 01:40:26.564,1.02282,1.02287,1.95,1.28
2013.12.02 01:40:26.957,1.02282,1.02287,1.20,1.55
2013.12.02 01:40:27.524,1.0228,1.02282,2.25,1.00
2013.12.02 01:40:27.743,1.0228,1.02285,1.48,1.28
2013.12.02 01:40:27.945,1.0228,1.02287,5.70,1.55
2013.12.02 01:40:29.054,1.02281,1.02288,16.88,1.10
2013.12.02 01:40:33.408,1.02285,1.02289,2.33,1.50
2013.12.02 01:40:33.660,1.02284,1.02289,1.29,1.58
2013.12.02 01:40:35.236,1.02283,1.02288,2.71,1.38
2013.12.02 01:40:40.104,1.02287,1.02289,1.00,3.38
2013.12.02 01:40:40.255,1.02287,1.02292,1.65,1.58
2013.12.02 01:40:40.356,1.02287,1.02293,3.53,1.28
2013.12.02 01:40:40.558,1.02289,1.02297,7.89,2.03
2013.12.02 01:40:41.062,1.0229,1.02296,3.34,2.70
2013.12.02 01:40:43.003,1.0229,1.02297,5.34,1.55
2013.12.02 01:40:44.311,1.0229,1.02297,5.99,1.55
2013.12.02 01:40:44.462,1.02293,1.02299,4.50,1.48
2013.12.02 01:40:44.563,1.02293,1.02299,4.86,1.48
2013.12.02 01:40:44.865,1.02293,1.02299,4.50,1.48
2013.12.02 01:40:45.746,1.02293,1.02299,2.95,3.45
2013.12.02 01:40:45.847,1.02292,1.02299,3.53,4.20
2013.12.02 01:40:46.351,1.02292,1.02298,2.03,1.28
2013.12.02 01:40:48.840,1.02292,1.02296,1.28,1.00
2013.12.02 01:40:49.193,1.02289,1.02293,1.65,1.10
2013.12.02 01:40:49.294,1.02289,1.02295,5.23,1.10
2013.12.02 01:40:49.395,1.02288,1.02293,2.70,1.48
2013.12.02 01:40:49.496,1.02287,1.02292,2.40,1.45
2013.12.02 01:40:50.000,1.02287,1.02292,1.20,1.28
2013.12.02 01:40:50.571,1.02285,1.02291,3.08,1.48
2013.12.02 01:40:51.075,1.02284,1.02289,2.40,1.10
2013.12.02 01:40:51.679,1.02284,1.0229,3.43,1.18
2013.12.02 01:40:52.437,1.02284,1.02289,1.65,1.10
2013.12.02 01:40:52.588,1.02284,1.02288,1.50,1.18
2013.12.02 01:40:53.195,1.02284,1.02288,1.50,1.28
2013.12.02 01:40:58.436,1.02282,1.02288,1.65,2.03
2013.12.02 01:40:59.954,1.02282,1.02288,1.28,2.03
2013.12.02 01:41:00.476,1.02282,1.02287,1.13,6.45
2013.12.02 01:41:01.619,1.02282,1.02287,1.38,6.45
2013.12.02 01:41:02.356,1.0228,1.02283,1.66,1.00
2013.12.02 01:41:02.406,1.0228,1.02282,1.10,1.00
2013.12.02 01:41:02.608,1.02277,1.02282,1.50,2.70
2013.12.02 01:41:02.911,1.02277,1.02282,2.51,2.33
2013.12.02 01:41:03.062,1.02277,1.02284,3.15,4.58
2013.12.02 01:41:03.264,1.02277,1.02282,1.50,2.70
2013.12.02 01:41:04.120,1.02277,1.02281,1.13,1.28
2013.12.02 01:41:04.673,1.02277,1.02279,1.00,1.00
2013.12.02 01:41:05.934,1.02277,1.02279,1.00,1.08
2013.12.02 01:41:06.889,1.02275,1.02278,1.50,1.10
2013.12.02 01:41:07.091,1.02272,1.02276,2.33,1.10
2013.12.02 01:41:07.142,1.02272,1.02276,1.50,3.00
2013.12.02 01:41:07.647,1.02272,1.02276,1.50,3.00
2013.12.02 01:41:09.285,1.02272,1.02276,2.25,3.08
2013.12.02 01:41:11.725,1.02272,1.02276,1.00,3.08
2013.12.02 01:41:12.028,1.02269,1.02274,2.63,2.33
2013.12.02 01:41:12.937,1.02269,1.02272,1.50,1.10
2013.12.02 01:41:13.038,1.02265,1.0227,3.83,1.10
2013.12.02 01:41:13.240,1.02264,1.02267,1.58,1.00
2013.12.02 01:41:13.341,1.02262,1.02266,2.18,3.00
2013.12.02 01:41:13.548,1.02262,1.02265,1.13,1.18
2013.12.02 01:41:14.155,1.02262,1.02265,1.88,1.18
2013.12.02 01:41:14.609,1.02262,1.02266,1.88,2.18
2013.12.02 01:41:14.761,1.02264,1.02267,2.13,1.10
2013.12.02 01:41:15.165,1.02264,1.02267,1.38,1.10
2013.12.02 01:41:15.316,1.02266,1.0227,3.33,1.20
2013.12.02 01:41:15.417,1.02266,1.0227,2.63,1.28
2013.12.02 01:41:15.468,1.02266,1.02269,2.63,2.93
2013.12.02 01:41:15.619,1.02266,1.0227,2.63,1.18
2013.12.02 01:41:15.670,1.02266,1.02269,1.13,3.00
2013.12.02 01:41:16.024,1.02265,1.02268,1.00,1.18
2013.12.02 01:41:16.427,1.02264,1.02267,1.13,2.33
2013.12.02 01:41:16.987,1.02264,1.02267,1.50,2.25
2013.12.02 01:41:17.524,1.02264,1.02267,1.50,2.33
2013.12.02 01:41:17.827,1.02264,1.02267,1.13,2.33
2013.12.02 01:41:19.734,1.02264,1.02268,1.50,3.00
2013.12.02 01:41:20.385,1.02264,1.02268,1.50,1.18
2013.12.02 01:41:20.864,1.02266,1.02274,6.45,5.70
2013.12.02 01:41:20.915,1.0227,1.02274,6.38,4.58
2013.12.02 01:41:20.966,1.02274,1.02279,7.83,1.00
2013.12.02 01:41:21.067,1.02277,1.02283,9.53,1.55
2013.12.02 01:41:21.117,1.02278,1.02284,4.58,2.33
2013.12.02 01:41:21.168,1.02279,1.02285,6.91,1.28
2013.12.02 01:41:21.219,1.02281,1.02285,2.50,1.18
2013.12.02 01:41:21.321,1.02283,1.02287,2.20,1.20
2013.12.02 01:41:21.825,1.02283,1.02288,2.28,1.45
2013.12.02 01:41:22.339,1.02283,1.0229,6.35,1.65
2013.12.02 01:41:23.165,1.02283,1.02287,5.60,1.00
2013.12.02 01:41:23.367,1.02277,1.02281,1.20,1.20
2013.12.02 01:41:23.871,1.02277,1.02281,1.00,1.20
2013.12.02 01:41:24.701,1.02276,1.02281,1.55,1.20
2013.12.02 01:41:25.204,1.02276,1.0228,1.28,1.13
2013.12.02 01:41:25.960,1.02276,1.0228,1.18,1.38
2013.12.02 01:41:26.263,1.02271,1.02276,5.33,2.63
2013.12.02 01:41:26.364,1.02271,1.02278,5.28,3.45
2013.12.02 01:41:26.515,1.02272,1.02278,2.95,2.70
2013.12.02 01:41:26.667,1.02272,1.02279,5.20,2.03
2013.12.02 01:41:27.174,1.02272,1.02278,4.86,1.10
2013.12.02 01:41:27.739,1.02272,1.02278,1.55,3.38
2013.12.02 01:41:28.696,1.02276,1.02279,4.13,3.68
2013.12.02 01:41:28.748,1.02276,1.02279,7.95,1.00
2013.12.02 01:41:29.017,1.02277,1.02283,2.71,2.70
2013.12.02 01:41:29.118,1.02277,1.02284,1.95,3.45
2013.12.02 01:41:29.420,1.02278,1.02286,5.60,4.20
2013.12.02 01:41:33.197,1.02278,1.02281,3.08,1.00
2013.12.02 01:41:33.299,1.02278,1.02281,1.20,1.00
2013.12.02 01:41:33.826,1.02278,1.02282,1.13,3.45
2013.12.02 01:41:33.876,1.02278,1.02282,1.38,2.25
2013.12.02 01:41:34.028,1.02278,1.02284,2.95,3.08
2013.12.02 01:41:34.079,1.02278,1.02284,3.33,2.63
2013.12.02 01:41:34.130,1.02278,1.02286,9.36,4.20
2013.12.02 01:41:35.823,1.02278,1.02286,9.36,4.20
2013.12.02 01:41:35.975,1.0228,1.02288,4.95,4.20
2013.12.02 01:41:36.479,1.02281,1.02289,7.88,2.78
2013.12.02 01:41:37.913,1.02282,1.02288,5.60,1.10
2013.12.02 01:41:38.417,1.02282,1.02289,6.08,1.93
2013.12.02 01:41:38.922,1.02282,1.02288,6.08,1.10
2013.12.02 01:41:39.774,1.02284,1.02288,2.20,1.10
2013.12.02 01:41:40.328,1.02284,1.0229,6.08,1.10
2013.12.02 01:41:40.480,1.02286,1.02292,5.23,1.48
2013.12.02 01:41:40.581,1.02288,1.02294,2.58,3.45
2013.12.02 01:41:40.682,1.0229,1.02296,2.95,3.08
2013.12.02 01:41:40.985,1.02291,1.02298,2.41,3.08
2013.12.02 01:41:41.560,1.02292,1.02298,2.58,3.08
2013.12.02 01:41:57.346,1.02291,1.02298,4.28,3.45
2013.12.02 01:41:58.410,1.02291,1.02298,5.23,7.88
2013.12.02 01:41:58.932,1.02291,1.02298,8.63,1.48
2013.12.02 01:42:03.482,1.02291,1.02297,9.76,1.13
2013.12.02 01:42:08.309,1.02293,1.02297,3.05,1.13
2013.12.02 01:42:08.460,1.02294,1.02299,2.58,5.03
2013.12.02 01:42:08.511,1.02297,1.02303,3.25,4.88
2013.12.02 01:42:08.562,1.02299,1.02303,2.28,4.88
2013.12.02 01:42:08.663,1.02304,1.02308,4.28,1.00
2013.12.02 01:42:08.764,1.02304,1.0231,5.03,1.10
2013.12.02 01:42:08.916,1.02306,1.02312,7.21,1.10
2013.12.02 01:42:09.118,1.02309,1.02316,3.91,9.08
2013.12.02 01:42:09.219,1.02309,1.02315,5.03,1.18
2013.12.02 01:42:09.320,1.0231,1.02315,3.83,1.18
2013.12.02 01:42:09.421,1.0231,1.02315,4.58,1.18
2013.12.02 01:42:11.567,1.02311,1.02316,4.51,2.33
2013.12.02 01:42:11.718,1.02312,1.02318,3.83,3.45
2013.12.02 01:42:11.819,1.02312,1.0232,7.58,9.08
2013.12.02 01:42:12.323,1.02312,1.02317,6.08,1.88
2013.12.02 01:42:12.424,1.02312,1.02317,3.15,2.70
2013.12.02 01:42:12.785,1.02311,1.02314,1.65,3.75
2013.12.02 01:42:13.037,1.0231,1.02315,1.95,2.03
2013.12.02 01:42:13.394,1.02308,1.02313,2.33,2.63
2013.12.02 01:42:13.647,1.02307,1.02312,2.70,1.55
2013.12.02 01:42:13.748,1.02307,1.02313,3.84,2.70
2013.12.02 01:42:13.959,1.02307,1.02313,3.84,2.70
2013.12.02 01:42:14.476,1.02308,1.02313,1.00,2.70
2013.12.02 01:42:15.475,1.02308,1.02313,1.51,2.70
2013.12.02 01:42:15.991,1.02308,1.02313,1.51,2.70
2013.12.02 01:42:17.147,1.02308,1.02313,2.64,2.70
2013.12.02 01:42:17.198,1.02308,1.02313,2.64,2.25
2013.12.02 01:42:17.551,1.02311,1.02314,1.00,2.70
2013.12.02 01:42:17.753,1.02311,1.02317,3.71,2.70
2013.12.02 01:42:23.714,1.02312,1.02317,2.49,2.70
2013.12.02 01:42:23.866,1.02314,1.02319,5.71,1.00
2013.12.02 01:42:24.068,1.02314,1.02318,3.08,1.38
2013.12.02 01:42:24.375,1.02314,1.02317,1.10,1.13
2013.12.02 01:42:24.879,1.02314,1.02317,1.10,1.38
2013.12.02 01:42:27.176,1.02314,1.02317,1.00,1.55
2013.12.02 01:42:29.043,1.02314,1.02317,1.50,1.28
2013.12.02 01:42:29.281,1.02312,1.02316,1.38,2.33
2013.12.02 01:42:30.360,1.02312,1.02316,2.50,2.55
2013.12.02 01:42:31.132,1.02312,1.02316,2.25,2.55
2013.12.02 01:42:31.434,1.02312,1.02317,2.71,1.18
2013.12.02 01:42:31.837,1.02312,1.02318,5.71,1.10
2013.12.02 01:42:33.526,1.02315,1.02318,1.00,1.10
2013.12.02 01:42:34.065,1.02313,1.02317,1.65,1.00
2013.12.02 01:42:35.097,1.02313,1.02317,1.65,1.00
2013.12.02 01:42:35.450,1.0231,1.02316,5.70,1.58
2013.12.02 01:42:35.803,1.0231,1.02314,4.95,1.00
2013.12.02 01:42:36.379,1.0231,1.02315,4.20,1.50
2013.12.02 01:42:37.185,1.0231,1.02315,4.95,1.00
2013.12.02 01:42:37.286,1.0231,1.02315,4.95,1.00
2013.12.02 01:42:38.328,1.0231,1.02314,4.95,1.00
2013.12.02 01:42:38.379,1.0231,1.02316,2.78,3.68
2013.12.02 01:42:38.732,1.0231,1.02314,1.58,1.10
2013.12.02 01:42:38.833,1.0231,1.02316,1.58,3.75
2013.12.02 01:42:39.599,1.02312,1.02314,1.50,1.10
2013.12.02 01:42:39.751,1.02312,1.02317,2.78,1.10
2013.12.02 01:42:40.053,1.02312,1.02317,4.29,1.10
2013.12.02 01:42:40.154,1.02312,1.02317,4.29,1.10
2013.12.02 01:42:40.255,1.02312,1.02317,4.29,1.10
2013.12.02 01:42:40.563,1.02312,1.02317,4.67,1.10
2013.12.02 01:42:41.068,1.02313,1.02318,4.85,1.00
2013.12.02 01:42:41.680,1.02313,1.02318,5.71,1.00
2013.12.02 01:42:44.945,1.02315,1.02319,2.33,1.10
2013.12.02 01:42:45.458,1.02315,1.02319,4.58,1.00
2013.12.02 01:42:47.846,1.02315,1.02319,2.33,1.20
2013.12.02 01:42:48.684,1.02315,1.02318,2.33,1.00
2013.12.02 01:42:48.735,1.02314,1.02318,2.40,1.38
2013.12.02 01:42:49.255,1.02314,1.02316,1.13,1.38
2013.12.02 01:42:49.771,1.02314,1.02316,1.50,1.00
2013.12.02 01:42:50.481,1.02313,1.02316,1.95,1.00
2013.12.02 01:42:53.231,1.02314,1.02316,1.50,1.13
2013.12.02 01:42:53.993,1.02314,1.02318,1.88,3.00
2013.12.02 01:42:54.500,1.02314,1.02316,1.50,1.10
2013.12.02 01:42:55.568,1.02313,1.02317,2.63,1.10
2013.12.02 01:42:56.092,1.02314,1.02317,1.10,1.00
2013.12.02 01:42:56.608,1.02314,1.02316,1.00,1.10
2013.12.02 01:42:57.152,1.02313,1.02316,1.50,1.48
2013.12.02 01:42:57.564,1.02311,1.02315,1.58,1.08
2013.12.02 01:42:57.984,1.02311,1.02318,2.40,7.58
2013.12.02 01:42:58.085,1.02311,1.02314,2.40,1.00
2013.12.02 01:42:58.596,1.02311,1.02315,2.40,1.13
2013.12.02 01:42:58.748,1.02312,1.02315,1.48,1.00
2013.12.02 01:42:58.849,1.02312,1.02315,1.10,1.13
2013.12.02 01:42:59.000,1.02312,1.02316,1.48,1.10
2013.12.02 01:42:59.511,1.02312,1.02316,2.33,1.48
2013.12.02 01:43:00.681,1.02312,1.02316,1.58,1.48
2013.12.02 01:43:00.985,1.02313,1.02316,1.88,1.10
2013.12.02 01:43:02.873,1.02313,1.02315,1.38,1.00
2013.12.02 01:43:03.179,1.02309,1.02314,2.70,1.55
2013.12.02 01:43:03.280,1.02309,1.02314,2.33,1.18
2013.12.02 01:43:03.381,1.02309,1.02314,2.70,1.55
2013.12.02 01:43:03.482,1.02309,1.02314,2.33,1.18
2013.12.02 01:43:05.903,1.0231,1.02314,1.88,1.65
2013.12.02 01:43:06.105,1.0231,1.02314,1.50,2.03
2013.12.02 01:43:06.256,1.0231,1.02314,1.50,1.65
2013.12.02 01:43:06.357,1.0231,1.02314,1.50,2.03
2013.12.02 01:43:06.811,1.0231,1.02314,1.50,5.40
2013.12.02 01:43:06.912,1.0231,1.02314,1.50,2.03
2013.12.02 01:43:07.759,1.0231,1.02314,1.88,1.18
2013.12.02 01:43:08.963,1.02309,1.02314,1.58,1.18
2013.12.02 01:43:09.265,1.02312,1.02316,3.83,1.00
2013.12.02 01:43:11.110,1.02312,1.02315,3.45,1.00
2013.12.02 01:43:11.615,1.02312,1.02315,3.83,1.00
2013.12.02 01:43:21.130,1.02311,1.02315,2.70,1.20
2013.12.02 01:43:23.904,1.02312,1.02315,1.00,1.20
2013.12.02 01:43:32.185,1.02311,1.02315,1.48,4.20
2013.12.02 01:43:32.236,1.0231,1.02314,1.13,2.70
2013.12.02 01:43:32.538,1.02309,1.02313,1.50,1.18
2013.12.02 01:43:32.690,1.02305,1.02311,1.58,4.58
2013.12.02 01:43:33.313,1.02305,1.0231,1.10,1.55
2013.12.02 01:43:33.842,1.02304,1.0231,1.28,2.03
2013.12.02 01:43:34.301,1.02304,1.02307,1.18,1.38
2013.12.02 01:43:34.975,1.02303,1.02307,1.58,1.48
2013.12.02 01:43:35.715,1.02304,1.02309,1.13,3.45
2013.12.02 01:43:35.917,1.02306,1.0231,1.00,1.55
2013.12.02 01:43:36.068,1.02308,1.02312,4.88,1.28
2013.12.02 01:43:36.421,1.0231,1.02313,1.00,2.70
2013.12.02 01:43:36.572,1.02309,1.02314,1.28,1.10
2013.12.02 01:43:37.083,1.02309,1.02314,1.28,1.48
2013.12.02 01:43:37.960,1.02311,1.02314,1.00,1.48
2013.12.02 01:43:38.464,1.02309,1.02314,1.28,1.48
2013.12.02 01:43:43.202,1.02309,1.02313,1.13,2.70
2013.12.02 01:43:43.756,1.02309,1.02314,1.20,1.55
2013.12.02 01:43:44.259,1.0231,1.02314,1.13,1.28
2013.12.02 01:43:50.163,1.02309,1.02314,1.95,1.18
2013.12.02 01:43:50.693,1.0231,1.02314,1.00,1.18
2013.12.02 01:43:51.272,1.02309,1.02314,1.20,1.55
2013.12.02 01:43:51.944,1.0231,1.02314,1.00,1.55
2013.12.02 01:43:53.869,1.02309,1.02314,1.20,1.55
2013.12.02 01:43:53.970,1.02308,1.02313,4.88,2.70
2013.12.02 01:43:54.222,1.02307,1.02312,1.20,2.03
2013.12.02 01:43:54.474,1.02307,1.02312,1.10,2.03
2013.12.02 01:43:55.141,1.02307,1.02312,1.20,1.55
2013.12.02 01:43:57.366,1.02307,1.02312,1.88,3.45
2013.12.02 01:44:00.755,1.02307,1.02312,4.88,3.08
2013.12.02 01:44:02.034,1.02307,1.02312,4.95,1.18
2013.12.02 01:44:05.451,1.02306,1.02309,1.18,1.00
2013.12.02 01:44:05.803,1.02306,1.02309,1.55,1.00
2013.12.02 01:44:08.878,1.02306,1.0231,1.55,1.00
2013.12.02 01:44:11.741,1.02306,1.0231,1.55,1.00
2013.12.02 01:44:11.994,1.02306,1.02312,2.78,1.65
2013.12.02 01:44:12.196,1.02308,1.02313,5.03,1.10
2013.12.02 01:44:12.700,1.0231,1.02314,1.45,1.08
2013.12.02 01:44:12.952,1.02311,1.02316,2.03,1.20
2013.12.02 01:44:16.240,1.02311,1.02315,1.55,1.00
2013.12.02 01:44:16.342,1.02311,1.02315,1.38,3.83
2013.12.02 01:44:16.493,1.02309,1.02312,1.48,1.00
2013.12.02 01:44:16.996,1.02308,1.02313,2.03,1.10
2013.12.02 01:44:19.050,1.02308,1.02313,2.03,1.10
2013.12.02 01:44:19.609,1.02309,1.02313,2.63,1.00
2013.12.02 01:44:20.756,1.02309,1.02314,3.45,1.00
2013.12.02 01:44:24.602,1.02309,1.02313,3.45,1.00
2013.12.02 01:44:24.955,1.02308,1.02314,2.70,3.45
2013.12.02 01:44:25.458,1.02307,1.02312,2.03,1.10
2013.12.02 01:44:27.306,1.02308,1.02312,1.48,1.10
2013.12.02 01:44:27.925,1.02308,1.02312,1.48,1.10
2013.12.02 01:44:28.747,1.02308,1.02312,1.48,1.10
2013.12.02 01:44:29.271,1.02307,1.02312,2.03,1.10
2013.12.02 01:44:29.777,1.02307,1.02312,1.55,1.95
2013.12.02 01:44:30.282,1.02307,1.02312,1.28,5.70
2013.12.02 01:44:35.904,1.02306,1.02309,3.45,1.00
2013.12.02 01:44:36.774,1.02306,1.02309,1.13,1.10
2013.12.02 01:44:40.341,1.02306,1.02308,1.13,1.00
2013.12.02 01:44:40.392,1.02303,1.02307,1.00,2.25
2013.12.02 01:44:40.442,1.02303,1.02305,1.00,1.10
2013.12.02 01:44:40.965,1.02303,1.02304,1.00,1.10
2013.12.02 01:44:41.429,1.023,1.02303,1.95,1.00
2013.12.02 01:44:41.530,1.02299,1.02301,1.10,1.00
2013.12.02 01:44:41.631,1.02296,1.023,1.50,3.08
2013.12.02 01:44:41.732,1.02293,1.02299,2.40,1.18
2013.12.02 01:44:41.833,1.02293,1.02298,1.13,2.33
2013.12.02 01:44:42.135,1.0229,1.02294,1.95,1.10
2013.12.02 01:44:42.981,1.02289,1.02292,1.55,1.00
2013.12.02 01:44:43.585,1.02288,1.02295,4.20,1.18
2013.12.02 01:44:44.189,1.0229,1.02294,1.48,1.10
2013.12.02 01:44:45.557,1.02291,1.02295,2.70,1.00
2013.12.02 01:44:46.076,1.0229,1.02295,1.48,1.18
2013.12.02 01:44:47.665,1.02291,1.02296,1.38,3.83
2013.12.02 01:44:47.766,1.02293,1.02297,2.70,1.00
2013.12.02 01:44:48.069,1.02293,1.023,4.20,2.78
2013.12.02 01:44:48.220,1.02296,1.02299,1.38,1.10
2013.12.02 01:44:48.321,1.02296,1.02301,4.20,1.13
2013.12.02 01:44:48.422,1.02297,1.02303,2.03,2.03
2013.12.02 01:44:48.523,1.023,1.02306,1.95,3.08
2013.12.02 01:44:48.625,1.02303,1.02306,2.33,1.00
2013.12.02 01:44:49.155,1.02303,1.02304,2.18,1.00
2013.12.02 01:44:49.961,1.02301,1.02305,2.70,1.00
2013.12.02 01:44:51.907,1.02301,1.02306,2.70,1.00
2013.12.02 01:44:53.142,1.02303,1.02307,1.48,1.10
2013.12.02 01:44:53.656,1.02303,1.02307,3.08,1.00
2013.12.02 01:44:53.808,1.02303,1.02307,1.00,1.18
2013.12.02 01:44:56.851,1.02303,1.02304,1.00,1.00
2013.12.02 01:44:59.210,1.02301,1.02304,1.28,1.00
2013.12.02 01:44:59.512,1.023,1.02303,1.28,1.00
2013.12.02 01:45:00.122,1.023,1.02302,1.13,1.10
2013.12.02 01:45:00.324,1.023,1.02306,2.70,3.08
2013.12.02 01:45:00.526,1.023,1.02306,4.95,1.10
2013.12.02 01:45:01.696,1.023,1.02304,1.48,1.10
2013.12.02 01:45:02.461,1.023,1.02303,1.48,1.00
2013.12.02 01:45:03.303,1.023,1.02303,1.48,1.00
2013.12.02 01:45:04.910,1.023,1.02304,1.48,1.10
2013.12.02 01:45:06.650,1.023,1.02304,1.95,1.10
2013.12.02 01:45:07.510,1.023,1.02304,1.95,1.10
2013.12.02 01:45:07.830,1.02295,1.023,1.58,1.18
2013.12.02 01:45:07.981,1.02296,1.02298,1.00,1.00
2013.12.02 01:45:08.706,1.02296,1.02297,1.13,1.00
2013.12.02 01:45:09.424,1.02296,1.023,1.38,3.08
2013.12.02 01:45:09.727,1.02293,1.02297,2.03,1.00
2013.12.02 01:45:09.878,1.02293,1.02296,1.38,1.18
2013.12.02 01:45:13.335,1.02291,1.02296,1.95,1.18
2013.12.02 01:45:15.972,1.02291,1.02296,1.95,1.18
2013.12.02 01:45:18.517,1.02291,1.02296,1.20,1.65
2013.12.02 01:45:19.043,1.02291,1.02296,1.48,1.65
2013.12.02 01:45:19.837,1.02291,1.02296,1.20,1.55
2013.12.02 01:45:20.374,1.02291,1.02294,1.10,1.38
2013.12.02 01:45:20.627,1.02287,1.02292,1.48,1.28
2013.12.02 01:45:20.728,1.02287,1.02289,1.10,1.00
2013.12.02 01:45:21.030,1.02283,1.02289,1.48,3.83
2013.12.02 01:45:21.534,1.02283,1.02287,1.95,1.10
2013.12.02 01:45:22.477,1.02283,1.02288,1.95,1.55
2013.12.02 01:45:22.984,1.02281,1.02286,4.20,1.00
2013.12.02 01:45:25.132,1.02282,1.02284,1.55,1.00
2013.12.02 01:45:25.183,1.02281,1.02284,3.30,1.45
2013.12.02 01:45:25.284,1.02281,1.02286,3.30,3.38
2013.12.02 01:45:25.787,1.02281,1.02286,1.28,1.48
2013.12.02 01:45:27.015,1.02283,1.02286,1.00,1.48
2013.12.02 01:45:27.602,1.02281,1.02285,3.15,1.13
2013.12.02 01:45:27.954,1.02282,1.02287,1.48,3.38
2013.12.02 01:45:28.206,1.02287,1.02288,1.13,1.00
2013.12.02 01:45:28.408,1.02285,1.02288,1.00,1.10
2013.12.02 01:45:30.338,1.02284,1.02289,1.58,1.18
2013.12.02 01:45:31.476,1.02284,1.02289,1.65,1.20
2013.12.02 01:45:31.988,1.02284,1.02289,4.20,1.13
2013.12.02 01:45:32.650,1.02284,1.02287,1.10,1.00
2013.12.02 01:45:32.751,1.02282,1.02286,1.00,1.18
2013.12.02 01:45:33.883,1.02282,1.02285,1.38,1.10
2013.12.02 01:45:34.085,1.02282,1.02288,1.88,2.18
2013.12.02 01:45:34.388,1.02288,1.02292,1.38,2.03
2013.12.02 01:45:34.489,1.02286,1.02291,3.53,1.48
2013.12.02 01:45:35.230,1.02287,1.02291,1.50,3.45
2013.12.02 01:45:35.431,1.02286,1.02291,2.63,3.45
2013.12.02 01:45:35.683,1.02284,1.02288,2.25,1.18
2013.12.02 01:45:35.986,1.0228,1.02283,1.13,1.10
2013.12.02 01:45:37.875,1.0228,1.02282,1.20,1.00
2013.12.02 01:45:38.178,1.02284,1.02288,1.10,1.38
2013.12.02 01:45:38.481,1.02281,1.02286,2.18,2.63
2013.12.02 01:45:38.734,1.02276,1.02278,1.13,1.28
2013.12.02 01:45:38.893,1.02272,1.02278,1.65,2.03
2013.12.02 01:45:39.525,1.02271,1.02273,1.10,1.00
2013.12.02 01:45:39.677,1.0227,1.02272,1.88,1.00
2013.12.02 01:45:39.828,1.02264,1.02269,1.00,2.70
2013.12.02 01:45:40.332,1.0226,1.02266,2.03,1.28
2013.12.02 01:45:40.433,1.02261,1.02266,2.33,1.13
2013.12.02 01:45:42.061,1.02261,1.02266,2.33,1.50
2013.12.02 01:45:42.213,1.02258,1.02264,2.03,1.55
2013.12.02 01:45:42.767,1.02258,1.02262,1.55,1.00
2013.12.02 01:45:43.283,1.02258,1.02262,1.38,1.10
2013.12.02 01:45:43.441,1.02259,1.02265,3.90,1.55
2013.12.02 01:45:43.491,1.0226,1.02265,3.38,1.48
2013.12.02 01:45:43.995,1.02261,1.02266,1.28,1.48
2013.12.02 01:45:49.464,1.02263,1.02266,1.38,1.10
2013.12.02 01:45:49.766,1.0227,1.02274,2.25,2.55
2013.12.02 01:45:49.918,1.02271,1.02276,2.70,1.38
2013.12.02 01:45:50.170,1.02272,1.02277,1.55,1.10
2013.12.02 01:45:50.691,1.02272,1.02277,1.28,1.10
2013.12.02 01:45:51.531,1.02272,1.02277,1.18,1.48
2013.12.02 01:45:56.925,1.02271,1.02276,12.45,1.00
2013.12.02 01:45:57.728,1.02271,1.02278,12.45,1.65
2013.12.02 01:45:58.031,1.0228,1.02282,2.93,2.25
2013.12.02 01:45:58.132,1.0228,1.02286,3.45,1.48
2013.12.02 01:45:59.107,1.02281,1.02286,3.45,1.48
2013.12.02 01:45:59.381,1.02282,1.02286,2.25,1.75
2013.12.02 01:45:59.432,1.02279,1.02286,2.63,3.28
2013.12.02 01:45:59.586,1.02274,1.02278,1.18,1.38
2013.12.02 01:46:00.090,1.02274,1.02277,1.18,1.13
2013.12.02 01:46:00.695,1.02273,1.02277,2.70,1.38
2013.12.02 01:46:00.797,1.02272,1.02277,1.20,1.55
2013.12.02 01:46:01.099,1.02271,1.02276,1.38,3.45
2013.12.02 01:46:01.568,1.02274,1.02278,1.38,3.45
2013.12.02 01:46:01.669,1.02274,1.02278,2.70,1.00
2013.12.02 01:46:01.870,1.02272,1.02276,6.45,1.00
2013.12.02 01:46:07.080,1.02273,1.02276,1.38,1.10
2013.12.02 01:46:08.241,1.02272,1.02276,6.45,1.00
2013.12.02 01:46:10.541,1.02276,1.02279,1.00,1.65
2013.12.02 01:46:10.794,1.02276,1.02278,1.13,1.10
2013.12.02 01:46:11.572,1.02276,1.02278,1.38,1.10
2013.12.02 01:46:11.723,1.02278,1.0228,1.00,2.18
2013.12.02 01:46:11.824,1.02279,1.02284,4.20,3.38
2013.12.02 01:46:11.926,1.02281,1.02285,3.45,1.13
2013.12.02 01:46:12.489,1.02282,1.02287,2.70,1.50
2013.12.02 01:46:12.945,1.02282,1.02287,3.08,1.13
2013.12.02 01:46:14.448,1.02284,1.02289,1.58,1.55
2013.12.02 01:46:14.600,1.02286,1.0229,1.10,1.95
2013.12.02 01:46:14.651,1.02285,1.0229,5.40,1.58
2013.12.02 01:46:14.752,1.02289,1.02293,1.00,1.18
2013.12.02 01:46:14.854,1.0229,1.02295,1.65,1.20
2013.12.02 01:46:15.007,1.02291,1.02295,3.45,1.10
2013.12.02 01:46:15.058,1.02292,1.02298,2.33,1.95
2013.12.02 01:46:18.793,1.02292,1.02298,3.45,2.33
2013.12.02 01:46:18.944,1.0229,1.02293,3.00,1.58
2013.12.02 01:46:19.046,1.02286,1.02292,6.75,1.18
2013.12.02 01:46:19.097,1.02286,1.02292,6.75,1.55
2013.12.02 01:46:19.601,1.02285,1.0229,3.83,1.10
2013.12.02 01:46:20.105,1.02286,1.0229,1.10,1.20
2013.12.02 01:46:20.365,1.02284,1.02288,4.20,1.00
2013.12.02 01:46:20.669,1.02281,1.02285,1.00,2.03
2013.12.02 01:46:20.727,1.02278,1.02282,2.63,1.13
2013.12.02 01:46:20.778,1.02277,1.02282,1.65,1.10
2013.12.02 01:46:21.282,1.02278,1.02282,1.28,1.10
2013.12.02 01:46:21.635,1.02279,1.02282,3.00,1.10
2013.12.02 01:46:22.140,1.02279,1.02284,1.18,1.48
2013.12.02 01:46:22.800,1.02278,1.02282,3.08,1.00
2013.12.02 01:46:23.104,1.02277,1.02279,1.18,1.00
2013.12.02 01:46:23.306,1.02275,1.0228,1.18,1.10
2013.12.02 01:46:23.659,1.02274,1.02278,2.70,1.00
2013.12.02 01:46:23.963,1.02271,1.02275,5.33,1.00
2013.12.02 01:46:24.216,1.02273,1.02279,3.83,1.48
2013.12.02 01:46:24.418,1.02274,1.02281,2.03,4.20
2013.12.02 01:46:24.520,1.02276,1.02281,3.08,1.00
2013.12.02 01:46:24.671,1.02274,1.02281,2.78,3.83
2013.12.02 01:46:25.077,1.02273,1.02279,4.58,1.10
2013.12.02 01:46:25.280,1.02273,1.02278,3.08,1.38
2013.12.02 01:46:25.431,1.02272,1.02277,1.65,1.20
2013.12.02 01:46:26.138,1.02272,1.02277,2.70,1.10
2013.12.02 01:46:26.643,1.02273,1.02279,2.70,1.95
2013.12.02 01:46:27.046,1.02273,1.02279,2.33,2.70
2013.12.02 01:46:27.147,1.02273,1.02278,3.45,1.13
2013.12.02 01:46:27.260,1.02273,1.02278,3.08,1.38
2013.12.02 01:46:27.361,1.02273,1.02278,2.63,1.20
2013.12.02 01:46:27.462,1.02272,1.02278,1.65,1.55
2013.12.02 01:46:28.580,1.02271,1.02277,5.33,1.10
2013.12.02 01:46:29.088,1.02271,1.02278,5.33,1.93
2013.12.02 01:46:29.593,1.02271,1.02277,12.83,1.10
2013.12.02 01:46:30.106,1.02271,1.02278,12.83,1.93
2013.12.02 01:46:30.411,1.02273,1.02277,2.70,1.00
2013.12.02 01:46:31.083,1.02273,1.02278,2.33,1.75
2013.12.02 01:46:32.449,1.02273,1.02278,2.70,1.50
2013.12.02 01:46:32.550,1.02273,1.02278,2.33,1.50
2013.12.02 01:46:32.651,1.02273,1.02278,2.70,1.50
2013.12.02 01:46:32.752,1.02273,1.02278,2.33,1.50
2013.12.02 01:46:32.853,1.02273,1.02278,2.70,1.50
2013.12.02 01:46:33.721,1.02273,1.02278,2.70,1.38
2013.12.02 01:46:34.242,1.02273,1.02279,3.45,1.58
2013.12.02 01:46:34.746,1.02273,1.02278,2.70,1.38
2013.12.02 01:46:35.375,1.02273,1.02278,3.45,1.13
2013.12.02 01:46:35.890,1.02273,1.02278,2.70,1.38
2013.12.02 01:46:37.390,1.02273,1.02278,2.70,1.13
2013.12.02 01:46:37.920,1.02273,1.02278,2.70,1.38
2013.12.02 01:46:40.133,1.02273,1.02278,2.70,1.13
2013.12.02 01:46:40.586,1.02271,1.02277,12.83,1.10
2013.12.02 01:46:41.327,1.02271,1.02278,12.83,1.55
2013.12.02 01:46:41.630,1.0228,1.02284,1.00,2.03
2013.12.02 01:46:41.933,1.02281,1.02288,5.33,2.03
2013.12.02 01:46:42.448,1.02281,1.02288,5.33,1.55
2013.12.02 01:46:43.105,1.02282,1.02288,3.08,1.45
2013.12.02 01:46:43.626,1.02283,1.02288,2.70,1.38
2013.12.02 01:46:45.540,1.02281,1.02287,12.08,1.20
2013.12.02 01:46:49.493,1.02283,1.02287,2.70,1.00
2013.12.02 01:46:51.710,1.02283,1.02288,2.70,1.13
2013.12.02 01:46:53.381,1.02283,1.02288,1.48,1.65
2013.12.02 01:46:55.398,1.02283,1.02288,1.10,2.03
2013.12.02 01:46:56.527,1.02283,1.02286,1.00,1.48
2013.12.02 01:46:56.829,1.02279,1.02283,1.18,1.38
2013.12.02 01:46:56.981,1.02279,1.02285,1.55,2.03
2013.12.02 01:46:57.284,1.02281,1.02285,2.63,1.20
2013.12.02 01:46:57.810,1.0228,1.02286,3.45,1.58
2013.12.02 01:47:17.703,1.0228,1.02286,2.70,2.33
2013.12.02 01:47:21.031,1.02279,1.02284,3.53,1.10
2013.12.02 01:47:21.132,1.02279,1.02284,2.63,3.08
2013.12.02 01:47:21.435,1.02275,1.02279,1.38,3.08
2013.12.02 01:47:21.586,1.02272,1.02279,2.78,5.33
2013.12.02 01:47:21.687,1.02272,1.02277,1.88,2.33
2013.12.02 01:47:21.738,1.02272,1.02277,1.88,2.70
2013.12.02 01:47:21.889,1.02272,1.02277,1.88,2.33
2013.12.02 01:47:21.992,1.02272,1.02277,1.88,2.70
2013.12.02 01:47:22.096,1.02272,1.02277,1.88,2.33
2013.12.02 01:47:23.016,1.02272,1.02278,1.45,4.20
2013.12.02 01:47:23.533,1.02273,1.02278,1.48,2.03
2013.12.02 01:47:24.199,1.02273,1.02278,1.48,1.65
2013.12.02 01:47:24.703,1.02273,1.02278,3.45,1.00
2013.12.02 01:47:26.734,1.02275,1.02279,3.00,1.38
2013.12.02 01:47:27.238,1.02275,1.0228,3.45,1.88
2013.12.02 01:47:27.742,1.02275,1.0228,3.08,1.88
2013.12.02 01:47:27.944,1.02278,1.02282,1.00,1.65
2013.12.02 01:47:28.045,1.02278,1.02282,1.28,1.50
2013.12.02 01:47:31.021,1.02278,1.02282,1.18,2.25
2013.12.02 01:47:31.563,1.02278,1.02282,1.18,2.25
2013.12.02 01:47:33.090,1.02278,1.02282,1.18,2.25
2013.12.02 01:47:33.595,1.02278,1.02281,1.00,1.20
2013.12.02 01:47:33.998,1.02276,1.0228,1.65,1.38
2013.12.02 01:47:34.099,1.02276,1.0228,2.03,1.13
2013.12.02 01:47:34.503,1.02276,1.0228,1.65,1.38
2013.12.02 01:47:34.704,1.02274,1.02279,1.20,2.78
2013.12.02 01:47:35.208,1.02274,1.02279,1.10,2.78
2013.12.02 01:47:37.621,1.02274,1.02279,1.20,2.78
2013.12.02 01:47:38.381,1.02274,1.02279,1.10,2.78
2013.12.02 01:47:38.911,1.02274,1.02279,1.20,2.78
2013.12.02 01:47:39.415,1.02274,1.02279,1.10,2.78
2013.12.02 01:47:41.138,1.02274,1.02279,1.20,2.78
2013.12.02 01:47:41.290,1.02276,1.02279,1.00,1.65
2013.12.02 01:47:41.391,1.02274,1.02279,1.20,1.65
2013.12.02 01:47:41.643,1.02274,1.02279,3.45,1.50
2013.12.02 01:47:41.946,1.02278,1.02284,7.95,2.70
2013.12.02 01:47:43.632,1.02278,1.02283,4.20,1.00
2013.12.02 01:47:45.349,1.02278,1.02283,1.55,2.33
2013.12.02 01:47:46.004,1.02279,1.02283,2.63,1.58
2013.12.02 01:47:46.819,1.02279,1.02283,2.70,1.50
2013.12.02 01:47:55.559,1.02279,1.02283,2.70,1.50
2013.12.02 01:47:56.107,1.02278,1.02281,3.08,1.13
2013.12.02 01:47:56.158,1.02278,1.02281,1.10,1.95
2013.12.02 01:47:56.309,1.02276,1.0228,1.65,1.88
2013.12.02 01:47:56.933,1.02275,1.02279,2.33,1.38
2013.12.02 01:47:57.444,1.02276,1.02279,1.10,1.75
2013.12.02 01:47:59.889,1.02275,1.02279,1.10,1.85
2013.12.02 01:48:01.456,1.02273,1.02279,4.95,2.33
2013.12.02 01:48:01.967,1.02275,1.0228,1.58,1.65
2013.12.02 01:48:04.744,1.02275,1.02279,1.20,1.48
2013.12.02 01:48:05.278,1.02275,1.02279,1.58,1.20
2013.12.02 01:48:07.039,1.02275,1.02279,1.58,1.58
2013.12.02 01:48:07.543,1.02273,1.02277,1.58,1.20
2013.12.02 01:48:08.349,1.02275,1.02277,1.00,1.20
2013.12.02 01:48:08.550,1.02281,1.02284,1.00,1.48
2013.12.02 01:48:08.702,1.02281,1.02287,3.83,1.95
2013.12.02 01:48:08.954,1.02282,1.02287,4.20,1.50
2013.12.02 01:48:09.493,1.02282,1.02287,4.95,1.00
2013.12.02 01:48:12.395,1.02284,1.02289,2.25,1.95
2013.12.02 01:48:18.575,1.02284,1.02288,2.25,1.13
2013.12.02 01:48:20.558,1.02284,1.02288,2.33,1.38
2013.12.02 01:48:20.710,1.02283,1.02285,1.20,1.00
2013.12.02 01:48:21.012,1.0228,1.02285,1.28,1.58
2013.12.02 01:48:21.264,1.02282,1.02285,1.08,1.13
2013.12.02 01:48:21.771,1.02282,1.02286,1.18,1.75
2013.12.02 01:48:22.275,1.02283,1.02286,1.00,1.38
2013.12.02 01:48:22.968,1.02283,1.02285,1.00,1.00
2013.12.02 01:48:26.147,1.02281,1.02285,2.70,1.00
2013.12.02 01:48:26.248,1.02281,1.02285,3.45,1.00
2013.12.02 01:48:29.258,1.02281,1.02285,2.18,3.75
2013.12.02 01:48:29.309,1.02278,1.02283,1.10,1.55
2013.12.02 01:48:29.365,1.02278,1.02283,1.58,1.20
2013.12.02 01:48:29.870,1.02278,1.02283,2.03,1.10
2013.12.02 01:48:31.365,1.02278,1.02281,1.55,1.00
2013.12.02 01:48:31.668,1.02275,1.0228,1.65,2.33
2013.12.02 01:48:31.970,1.02273,1.02277,3.15,1.00
2013.12.02 01:48:32.574,1.02273,1.02278,1.28,1.20
2013.12.02 01:48:33.078,1.02273,1.02277,1.18,1.50
2013.12.02 01:48:34.090,1.02273,1.02278,1.20,2.78
2013.12.02 01:48:34.593,1.02273,1.02278,1.13,8.70
2013.12.02 01:48:36.378,1.02273,1.02278,1.50,8.70
2013.12.02 01:48:38.733,1.02271,1.02275,1.18,7.88
2013.12.02 01:48:38.885,1.02267,1.02271,1.20,1.58
2013.12.02 01:48:39.389,1.02266,1.02271,1.10,1.93
2013.12.02 01:48:39.893,1.02266,1.02271,1.10,1.93
2013.12.02 01:48:44.695,1.02266,1.0227,1.58,1.58
2013.12.02 01:48:46.200,1.02266,1.0227,5.70,1.58
2013.12.02 01:48:46.301,1.0227,1.02273,1.38,1.18
2013.12.02 01:48:46.352,1.02272,1.02275,1.00,7.65
2013.12.02 01:48:46.453,1.02273,1.02276,1.00,1.10
2013.12.02 01:48:48.488,1.02272,1.02274,1.20,1.00
2013.12.02 01:48:48.640,1.02268,1.02272,1.00,3.38
2013.12.02 01:48:48.741,1.02267,1.0227,1.10,1.48
2013.12.02 01:48:49.330,1.02266,1.0227,3.08,1.00
2013.12.02 01:48:52.269,1.02266,1.02271,3.45,1.50
2013.12.02 01:48:54.494,1.02266,1.0227,1.28,1.10
2013.12.02 01:48:54.797,1.02265,1.02269,1.28,1.38
2013.12.02 01:48:54.948,1.02263,1.02267,1.38,1.28
2013.12.02 01:48:56.300,1.02263,1.02267,1.45,1.20
2013.12.02 01:48:56.665,1.02263,1.02267,1.55,1.13
2013.12.02 01:48:57.203,1.02263,1.02267,1.55,1.13
2013.12.02 01:48:57.708,1.02265,1.02269,1.13,1.65
2013.12.02 01:48:58.193,1.02265,1.02269,1.50,1.65
2013.12.02 01:48:59.858,1.02265,1.02269,1.65,1.00
2013.12.02 01:49:01.148,1.02265,1.0227,2.40,1.10
2013.12.02 01:49:01.350,1.0227,1.02274,1.13,4.95
2013.12.02 01:49:01.502,1.0227,1.02275,1.58,1.65
2013.12.02 01:49:01.804,1.02272,1.02275,2.70,1.00
2013.12.02 01:49:04.455,1.02271,1.02277,1.55,2.40
2013.12.02 01:49:04.959,1.02271,1.02277,2.03,1.65
2013.12.02 01:49:05.470,1.02271,1.02277,2.03,1.65
2013.12.02 01:49:06.814,1.02271,1.02277,2.78,1.55
2013.12.02 01:49:06.865,1.02273,1.02277,3.63,1.10
2013.12.02 01:49:07.168,1.02278,1.02284,4.95,1.96
2013.12.02 01:49:07.319,1.02281,1.02286,4.40,1.58
2013.12.02 01:49:07.420,1.02281,1.02287,4.20,1.95
2013.12.02 01:49:07.924,1.02282,1.02289,10.51,2.34
2013.12.02 01:49:09.949,1.02283,1.02287,4.20,1.02
2013.12.02 01:49:10.101,1.02281,1.02282,1.00,1.00
2013.12.02 01:49:10.152,1.02279,1.02282,1.10,1.00
2013.12.02 01:49:10.203,1.02279,1.02283,1.10,1.21
2013.12.02 01:49:10.354,1.02276,1.02281,2.03,1.48
2013.12.02 01:49:10.405,1.02276,1.02281,1.65,1.48
2013.12.02 01:49:11.160,1.02276,1.02282,2.03,3.01
2013.12.02 01:49:11.412,1.02276,1.02282,1.65,2.64
2013.12.02 01:49:12.592,1.02276,1.02282,1.65,2.64
2013.12.02 01:49:12.844,1.02278,1.02282,1.00,1.89
2013.12.02 01:49:13.046,1.02279,1.02283,1.38,2.63
2013.12.02 01:49:13.349,1.02284,1.02289,1.18,1.59
2013.12.02 01:49:14.087,1.02284,1.02288,1.10,1.39
2013.12.02 01:49:14.289,1.02283,1.02289,3.45,2.34
2013.12.02 01:49:18.809,1.02283,1.02288,2.25,3.09
2013.12.02 01:49:26.054,1.02283,1.02287,1.65,1.14
2013.12.02 01:49:32.880,1.02284,1.02287,1.48,1.13
2013.12.02 01:49:33.183,1.02286,1.02289,1.20,1.00
2013.12.02 01:49:34.503,1.02286,1.02289,1.48,1.00
2013.12.02 01:49:34.705,1.02289,1.02291,1.00,1.18
2013.12.02 01:49:34.806,1.02289,1.02293,1.95,1.11
2013.12.02 01:49:34.907,1.02291,1.02295,1.20,1.66
2013.12.02 01:49:34.958,1.02291,1.02295,1.95,1.29
2013.12.02 01:49:35.497,1.02292,1.02296,1.55,1.01
2013.12.02 01:49:46.786,1.02291,1.02297,4.95,1.58
2013.12.02 01:49:46.988,1.02294,1.02298,1.13,1.28
2013.12.02 01:49:47.038,1.02296,1.02299,1.00,2.63
2013.12.02 01:49:47.341,1.02296,1.023,1.13,1.28
2013.12.02 01:49:49.474,1.02296,1.023,1.38,1.28
2013.12.02 01:49:58.162,1.02296,1.02301,1.38,3.75
2013.12.02 01:49:58.262,1.02297,1.02301,1.48,1.10
2013.12.02 01:49:58.766,1.02297,1.02301,1.48,1.10
2013.12.02 01:50:00.663,1.02297,1.02301,1.48,1.10
2013.12.02 01:50:00.764,1.02298,1.02302,1.10,1.20
2013.12.02 01:50:00.866,1.02301,1.02304,1.00,1.28
2013.12.02 01:50:01.018,1.02301,1.02306,2.03,1.08
2013.12.02 01:50:01.220,1.02304,1.02308,1.38,1.55
2013.12.02 01:50:01.726,1.02304,1.02309,1.38,3.45
2013.12.02 01:50:01.988,1.02303,1.02309,1.48,4.60
2013.12.02 01:50:04.829,1.02302,1.02308,1.55,2.05
2013.12.02 01:50:05.183,1.02302,1.02308,1.55,2.42
2013.12.02 01:50:05.532,1.02302,1.02308,2.03,1.22
2013.12.02 01:50:05.633,1.02307,1.02309,2.13,1.00
2013.12.02 01:50:06.137,1.02308,1.02311,1.00,6.15
2013.12.02 01:50:06.540,1.02305,1.0231,1.28,2.33
2013.12.02 01:50:07.145,1.02304,1.0231,3.45,2.33
2013.12.02 01:50:07.246,1.02304,1.0231,1.20,4.58
2013.12.02 01:50:12.563,1.02307,1.02309,1.38,1.10
2013.12.02 01:50:12.816,1.02307,1.02311,3.45,3.00
2013.12.02 01:50:12.917,1.02305,1.0231,1.55,1.10
2013.12.02 01:50:13.421,1.02305,1.0231,1.55,1.20
2013.12.02 01:50:15.117,1.02305,1.0231,1.48,4.13
2013.12.02 01:50:21.749,1.02302,1.02308,4.95,1.48
2013.12.02 01:50:21.800,1.02302,1.02305,1.13,1.18
2013.12.02 01:50:22.002,1.02299,1.02303,1.13,6.01
2013.12.02 01:50:22.052,1.02295,1.02301,2.40,2.40
2013.12.02 01:50:22.204,1.02294,1.02298,3.45,1.00
2013.12.02 01:50:22.254,1.02294,1.02298,1.00,1.18
2013.12.02 01:50:24.273,1.02291,1.02296,4.20,1.38
2013.12.02 01:50:24.627,1.02293,1.02297,1.10,1.58
2013.12.02 01:50:25.131,1.02291,1.02296,4.58,1.00
2013.12.02 01:50:25.183,1.02291,1.02296,3.83,1.88
2013.12.02 01:50:26.678,1.0229,1.02296,2.40,1.65
2013.12.02 01:50:27.182,1.02291,1.02295,1.48,1.10
2013.12.02 01:50:32.617,1.0229,1.02295,1.65,1.10
2013.12.02 01:50:33.122,1.02289,1.02295,5.33,1.58
2013.12.02 01:50:33.778,1.0229,1.02295,1.65,1.58
2013.12.02 01:50:34.282,1.0229,1.02295,1.58,2.40
2013.12.02 01:50:34.787,1.0229,1.02294,1.13,1.18
2013.12.02 01:50:35.799,1.0229,1.02294,1.50,1.65
2013.12.02 01:50:36.779,1.0229,1.02293,1.00,5.15
2013.12.02 01:50:36.981,1.02286,1.02292,1.10,6.46
2013.12.02 01:50:37.082,1.02284,1.02288,1.10,4.13
2013.12.02 01:50:39.170,1.02283,1.02287,1.13,5.23
2013.12.02 01:50:39.827,1.02283,1.02286,1.00,2.65
2013.12.02 01:50:53.600,1.0228,1.02284,1.93,1.00
2013.12.02 01:50:54.006,1.0228,1.02282,1.10,1.10
2013.12.02 01:50:54.308,1.02278,1.02281,1.38,1.08
2013.12.02 01:50:54.409,1.02278,1.0228,1.00,1.10
2013.12.02 01:50:54.510,1.02275,1.02279,1.65,1.00
2013.12.02 01:50:54.762,1.02275,1.02277,1.13,1.00
2013.12.02 01:50:55.220,1.02275,1.02278,1.38,1.10
2013.12.02 01:50:55.321,1.02275,1.02277,1.13,1.50
2013.12.02 01:50:56.016,1.02276,1.02278,1.38,1.10
2013.12.02 01:50:56.669,1.02273,1.02277,1.65,1.50
2013.12.02 01:50:56.770,1.02273,1.02277,1.38,2.40
2013.12.02 01:50:56.971,1.02273,1.02277,1.38,1.10
2013.12.02 01:50:57.637,1.02273,1.02276,1.13,1.58
2013.12.02 01:50:57.788,1.0227,1.02274,3.83,1.00
2013.12.02 01:50:58.326,1.0227,1.02274,1.75,1.65
2013.12.02 01:51:00.284,1.02268,1.02273,1.65,1.10
2013.12.02 01:51:00.786,1.02268,1.02273,1.65,1.10
2013.12.02 01:51:01.294,1.0227,1.02274,1.55,1.00
2013.12.02 01:51:01.805,1.0227,1.02275,1.38,3.83
2013.12.02 01:51:03.134,1.0227,1.02275,1.55,1.58
2013.12.02 01:51:03.336,1.0227,1.02273,1.55,1.00
2013.12.02 01:51:05.324,1.0227,1.02275,1.55,1.58
2013.12.02 01:51:10.962,1.02272,1.02275,1.28,1.00
2013.12.02 01:51:11.876,1.02273,1.02276,3.35,1.00
2013.12.02 01:51:11.977,1.02275,1.02277,1.18,1.50
2013.12.02 01:51:12.280,1.02276,1.02279,4.11,1.00
2013.12.02 01:51:12.381,1.02277,1.02282,1.28,2.70
2013.12.02 01:51:12.431,1.0228,1.02282,1.95,1.58
2013.12.02 01:51:12.784,1.0228,1.02285,2.03,1.58
2013.12.02 01:51:13.036,1.02282,1.02286,1.18,1.38
2013.12.02 01:51:14.092,1.02282,1.02286,1.28,1.00
2013.12.02 01:51:14.444,1.02282,1.02284,1.28,1.00
2013.12.02 01:51:14.948,1.02282,1.02285,1.18,1.00
2013.12.02 01:51:17.159,1.02281,1.02285,2.33,1.38
2013.12.02 01:51:17.210,1.0228,1.02283,1.58,1.00
2013.12.02 01:51:17.311,1.02276,1.02281,4.95,1.00
2013.12.02 01:51:17.411,1.02275,1.0228,2.03,1.10
2013.12.02 01:51:17.512,1.02274,1.02278,1.08,1.20
2013.12.02 01:51:17.664,1.02273,1.02278,1.20,1.28
2013.12.02 01:51:18.568,1.02275,1.02278,1.00,1.28
2013.12.02 01:51:19.398,1.02275,1.02278,1.10,1.13
2013.12.02 01:51:23.663,1.02275,1.02281,1.95,3.45
2013.12.02 01:51:23.965,1.02277,1.02282,1.65,1.10
2013.12.02 01:51:24.268,1.0228,1.02283,1.00,1.18
2013.12.02 01:51:24.936,1.0228,1.02283,1.10,1.00
2013.12.02 01:51:25.189,1.02276,1.0228,1.20,1.58
2013.12.02 01:51:25.441,1.02276,1.02278,1.10,1.00
2013.12.02 01:51:26.406,1.02275,1.02278,1.10,1.20
2013.12.02 01:51:27.163,1.02275,1.02278,3.45,1.00
2013.12.02 01:51:27.214,1.02277,1.0228,1.10,1.13
2013.12.02 01:51:27.365,1.02279,1.02283,1.08,3.38
2013.12.02 01:51:27.416,1.0228,1.02286,1.28,1.65
2013.12.02 01:51:27.517,1.02283,1.02286,1.00,1.20
2013.12.02 01:51:28.028,1.02283,1.02286,1.10,1.00
2013.12.02 01:51:29.895,1.02283,1.02286,1.18,1.13
2013.12.02 01:51:30.047,1.02283,1.02288,3.45,1.50
2013.12.02 01:51:30.852,1.02284,1.02288,1.13,1.65
2013.12.02 01:51:36.639,1.02284,1.02288,1.00,5.40
2013.12.02 01:51:37.143,1.02284,1.02286,1.00,1.00
2013.12.02 01:51:38.948,1.02283,1.02284,1.10,1.00
2013.12.02 01:51:39.821,1.02282,1.02284,1.18,1.00
2013.12.02 01:51:40.341,1.02282,1.02285,1.00,1.10
2013.12.02 01:51:46.708,1.02281,1.02285,1.58,1.10
2013.12.02 01:51:47.010,1.0228,1.02282,1.18,1.00
2013.12.02 01:51:47.212,1.02277,1.0228,1.50,1.20
2013.12.02 01:51:47.313,1.02275,1.02279,1.58,1.48
2013.12.02 01:51:47.515,1.02273,1.02277,1.38,2.25
2013.12.02 01:51:49.057,1.02273,1.02277,1.48,1.18
2013.12.02 01:51:49.561,1.02273,1.02277,1.48,1.10
2013.12.02 01:51:51.062,1.02273,1.02277,1.10,1.48
2013.12.02 01:51:52.048,1.02274,1.02277,1.00,1.48
2013.12.02 01:51:53.359,1.02272,1.02277,2.78,1.48
2013.12.02 01:51:53.665,1.02271,1.02274,2.18,3.75
2013.12.02 01:51:54.168,1.02274,1.02276,1.10,2.25
2013.12.02 01:51:54.270,1.02273,1.02278,1.18,1.48
2013.12.02 01:51:55.343,1.02273,1.02278,1.28,1.20
2013.12.02 01:51:55.853,1.02273,1.02278,1.20,3.38
2013.12.02 01:51:56.458,1.02272,1.02278,1.95,3.45
2013.12.02 01:52:01.317,1.02272,1.02278,4.13,1.28
2013.12.02 01:52:01.906,1.02272,1.02278,4.20,1.20
2013.12.02 01:52:02.209,1.02271,1.02275,1.00,3.75
2013.12.02 01:52:02.360,1.02273,1.02276,1.50,1.10
2013.12.02 01:52:02.461,1.02273,1.02277,1.55,1.00
2013.12.02 01:52:02.512,1.02272,1.02277,1.20,3.00
2013.12.02 01:52:02.865,1.02274,1.02278,1.08,2.63
2013.12.02 01:52:02.917,1.02274,1.0228,1.18,3.15
2013.12.02 01:52:03.421,1.02273,1.02279,3.83,1.20
2013.12.02 01:52:04.278,1.02273,1.02278,3.08,1.00
2013.12.02 01:52:04.530,1.02275,1.0228,3.08,1.50
2013.12.02 01:52:04.580,1.02275,1.0228,3.08,1.13
2013.12.02 01:52:04.631,1.02275,1.0228,1.10,1.28
2013.12.02 01:52:07.382,1.02275,1.02277,1.20,1.00
2013.12.02 01:52:07.583,1.02271,1.02276,2.03,1.10
2013.12.02 01:52:07.785,1.02276,1.02279,1.00,2.25
2013.12.02 01:52:07.836,1.02277,1.02281,1.00,3.45
2013.12.02 01:52:07.937,1.02276,1.02281,1.18,1.20
2013.12.02 01:52:07.988,1.02277,1.02281,3.00,1.50
2013.12.02 01:52:08.139,1.02277,1.02282,3.83,1.13
2013.12.02 01:52:08.341,1.0228,1.02285,1.58,1.55
2013.12.02 01:52:08.643,1.02281,1.02286,2.70,1.13
2013.12.02 01:52:09.174,1.02282,1.02286,2.33,1.13
2013.12.02 01:52:14.603,1.0228,1.02286,4.20,1.20
2013.12.02 01:52:15.107,1.0228,1.02285,2.70,1.00
2013.12.02 01:52:15.646,1.0228,1.02286,3.45,1.58
2013.12.02 01:52:24.743,1.0228,1.02286,3.38,1.65
2013.12.02 01:52:24.794,1.0228,1.02286,1.20,3.83
2013.12.02 01:52:25.258,1.02279,1.02284,1.88,2.70
2013.12.02 01:52:25.510,1.02274,1.02278,1.00,1.18
2013.12.02 01:52:26.015,1.02274,1.02279,1.38,3.08
2013.12.02 01:52:26.522,1.02274,1.02279,1.13,3.45
2013.12.02 01:52:28.015,1.02275,1.02279,1.00,3.45
2013.12.02 01:52:29.319,1.02275,1.0228,3.75,3.75
2013.12.02 01:52:29.621,1.02278,1.02283,1.00,4.58
2013.12.02 01:52:29.773,1.02279,1.02283,1.95,1.18
2013.12.02 01:52:29.874,1.02279,1.02284,4.13,1.10
2013.12.02 01:52:30.378,1.0228,1.02284,2.03,1.00
2013.12.02 01:52:30.934,1.02281,1.02284,2.70,1.00
2013.12.02 01:52:33.559,1.02281,1.02285,2.70,1.00
2013.12.02 01:52:34.094,1.0228,1.02285,1.55,1.10
2013.12.02 01:52:34.374,1.0228,1.02285,1.55,1.58
2013.12.02 01:52:34.584,1.0228,1.02285,1.55,1.58
2013.12.02 01:52:36.255,1.0228,1.02285,1.55,1.95
2013.12.02 01:52:36.306,1.0228,1.02283,1.55,1.00
2013.12.02 01:52:37.356,1.02279,1.02283,1.95,1.10
2013.12.02 01:52:37.859,1.02277,1.02282,4.95,1.00
2013.12.02 01:52:38.696,1.02277,1.02282,1.48,1.65
2013.12.02 01:52:42.404,1.02277,1.02282,4.20,1.00
2013.12.02 01:52:43.536,1.02277,1.0228,2.70,1.00
2013.12.02 01:52:45.544,1.02277,1.02281,2.33,1.38
2013.12.02 01:52:45.796,1.02274,1.0228,2.78,2.03
2013.12.02 01:52:45.897,1.02275,1.02279,3.45,1.00
2013.12.02 01:52:46.404,1.02275,1.0228,4.20,1.00
2013.12.02 01:52:46.782,1.02277,1.0228,2.70,1.00
2013.12.02 01:52:47.817,1.02279,1.02283,1.48,1.58
2013.12.02 01:52:47.867,1.0228,1.02283,3.45,1.00
2013.12.02 01:52:48.371,1.0228,1.02284,3.45,1.00
2013.12.02 01:52:49.057,1.02282,1.02285,2.33,1.00
2013.12.02 01:52:50.813,1.0228,1.02284,1.38,1.18
2013.12.02 01:52:51.015,1.02282,1.02287,2.70,2.25
2013.12.02 01:52:51.571,1.02282,1.02286,2.70,1.50
2013.12.02 01:52:54.438,1.02281,1.02285,1.28,1.00
2013.12.02 01:52:59.691,1.0228,1.02285,1.55,1.08
2013.12.02 01:53:00.205,1.0228,1.02286,3.45,3.08
2013.12.02 01:53:06.553,1.0228,1.02286,4.20,2.33
2013.12.02 01:53:07.715,1.0228,1.02285,3.45,1.13
2013.12.02 01:53:12.106,1.0228,1.02284,3.45,1.13
2013.12.02 01:53:12.207,1.0228,1.02281,2.55,1.00
2013.12.02 01:53:12.258,1.02279,1.02281,1.28,1.00
2013.12.02 01:53:12.359,1.02276,1.02281,1.10,2.78
2013.12.02 01:53:12.461,1.02275,1.0228,1.00,3.83
2013.12.02 01:53:12.965,1.02275,1.02279,1.55,1.00
2013.12.02 01:53:14.581,1.02277,1.02281,1.18,1.88
2013.12.02 01:53:14.884,1.02278,1.02283,3.38,2.33
2013.12.02 01:53:20.860,1.02279,1.02284,1.55,1.58
2013.12.02 01:53:22.119,1.02279,1.02283,1.55,1.00
2013.12.02 01:53:25.776,1.02279,1.02284,1.55,1.58
2013.12.02 01:53:27.324,1.02279,1.02284,1.55,1.20
2013.12.02 01:53:30.609,1.02279,1.02284,1.55,1.58
2013.12.02 01:53:35.814,1.02279,1.02284,1.55,1.95
2013.12.02 01:53:36.139,1.02279,1.02283,1.38,1.18
2013.12.02 01:53:42.845,1.02281,1.02284,1.38,3.00
2013.12.02 01:53:42.946,1.02281,1.02286,1.38,5.70
2013.12.02 01:53:43.449,1.02281,1.02286,3.83,1.38
2013.12.02 01:53:45.062,1.02281,1.02286,4.20,1.38
2013.12.02 01:53:54.619,1.02281,1.02286,4.20,1.38
2013.12.02 01:53:55.124,1.02281,1.02286,4.20,1.13
2013.12.02 01:54:04.648,1.02281,1.02287,4.20,1.95
2013.12.02 01:54:08.696,1.02281,1.02287,4.20,1.95
2013.12.02 01:54:08.897,1.02284,1.02289,1.88,3.00
2013.12.02 01:54:09.401,1.02285,1.0229,1.95,3.00
2013.12.02 01:54:09.905,1.02285,1.0229,1.95,1.65
2013.12.02 01:54:10.317,1.02288,1.02291,1.58,1.13
2013.12.02 01:54:10.418,1.02289,1.02293,2.03,1.00
2013.12.02 01:54:10.620,1.02291,1.02293,1.00,1.10
2013.12.02 01:54:10.922,1.02292,1.02296,1.38,2.93
2013.12.02 01:54:10.973,1.02294,1.02297,1.38,1.20
2013.12.02 01:54:18.572,1.02294,1.02299,1.13,4.58
2013.12.02 01:54:26.791,1.02292,1.02296,1.55,1.00
2013.12.02 01:54:27.295,1.02291,1.02296,3.45,1.00
2013.12.02 01:54:28.525,1.02291,1.02295,3.45,1.00
2013.12.02 01:54:29.274,1.02291,1.02297,3.45,3.08
2013.12.02 01:54:29.824,1.02291,1.02297,3.45,3.08
2013.12.02 01:54:33.759,1.02291,1.02297,3.45,3.08
2013.12.02 01:54:34.111,1.02293,1.02298,1.48,2.03
2013.12.02 01:54:34.615,1.02293,1.02298,4.20,1.38
2013.12.02 01:54:37.353,1.02293,1.02297,3.83,1.00
2013.12.02 01:54:41.361,1.02293,1.02296,4.20,1.00
2013.12.02 01:54:44.137,1.02293,1.02295,4.13,1.00
2013.12.02 01:54:51.275,1.02293,1.02296,4.20,1.00
2013.12.02 01:54:53.255,1.02293,1.02295,4.13,1.00
2013.12.02 01:55:02.296,1.02294,1.02296,1.55,1.00
2013.12.02 01:55:05.810,1.02294,1.02298,1.28,1.50
2013.12.02 01:55:10.867,1.02294,1.02299,1.55,1.95
2013.12.02 01:55:11.018,1.02294,1.02299,2.03,1.10
2013.12.02 01:55:11.320,1.02296,1.02302,2.03,3.08
2013.12.02 01:55:11.421,1.02299,1.02303,1.95,1.10
2013.12.02 01:55:11.573,1.02299,1.02305,4.95,2.70
2013.12.02 01:55:12.076,1.02301,1.02305,1.48,1.10
2013.12.02 01:55:12.654,1.02301,1.02305,1.48,1.10
2013.12.02 01:55:13.294,1.02301,1.02305,1.48,1.10
2013.12.02 01:55:14.183,1.02301,1.02305,1.95,1.10
2013.12.02 01:55:31.998,1.02301,1.02306,4.20,1.13
2013.12.02 01:55:35.304,1.02301,1.02307,4.95,1.95
2013.12.02 01:55:35.813,1.02302,1.02308,3.03,2.03
2013.12.02 01:55:36.954,1.02302,1.02308,2.78,2.40
2013.12.02 01:55:39.426,1.02302,1.02306,1.55,1.00
2013.12.02 01:55:39.527,1.02302,1.02306,1.18,1.38
2013.12.02 01:55:40.030,1.02302,1.02306,1.00,5.78
2013.12.02 01:55:40.545,1.02301,1.02304,1.10,1.50
2013.12.02 01:55:44.433,1.02301,1.02304,1.48,1.00
2013.12.02 01:55:44.534,1.02301,1.02307,3.38,3.90
2013.12.02 01:55:44.836,1.02303,1.02307,3.38,1.13
2013.12.02 01:55:45.412,1.02304,1.02309,1.55,2.33
2013.12.02 01:55:48.753,1.02305,1.02309,1.48,1.48
2013.12.02 01:55:49.055,1.0231,1.02314,1.88,1.28
2013.12.02 01:55:49.563,1.0231,1.02314,2.03,1.00
2013.12.02 01:55:53.147,1.02312,1.02316,1.10,5.70
2013.12.02 01:55:53.359,1.02313,1.02319,2.70,6.83
2013.12.02 01:55:55.247,1.02313,1.02318,1.95,1.28
2013.12.02 01:55:57.773,1.02313,1.02318,1.10,1.58
2013.12.02 01:55:58.911,1.02312,1.02317,1.20,5.25
2013.12.02 01:56:00.267,1.02312,1.02317,3.45,2.25
2013.12.02 01:56:01.934,1.02313,1.02317,1.28,2.25
2013.12.02 01:56:02.794,1.02313,1.02318,1.55,1.95
2013.12.02 01:56:04.563,1.02313,1.02318,2.03,1.10
2013.12.02 01:56:14.572,1.02314,1.02318,1.20,1.95
2013.12.02 01:56:16.197,1.02315,1.02318,1.00,1.20
2013.12.02 01:56:16.543,1.02316,1.02318,1.00,1.20
2013.12.02 01:56:17.185,1.02315,1.02318,1.00,1.20
2013.12.02 01:56:18.361,1.02316,1.0232,1.38,3.45
2013.12.02 01:56:18.512,1.0232,1.02324,1.00,3.08
2013.12.02 01:56:18.765,1.02323,1.02326,1.00,3.45
2013.12.02 01:56:18.966,1.02324,1.02326,1.13,1.10
2013.12.02 01:56:19.570,1.02323,1.02328,1.88,3.08
2013.12.02 01:56:24.315,1.02323,1.02328,1.88,3.45
2013.12.02 01:56:24.417,1.02321,1.02325,2.25,1.55
2013.12.02 01:56:24.618,1.0232,1.02321,1.00,1.00
2013.12.02 01:56:24.921,1.02316,1.0232,3.45,1.00
2013.12.02 01:56:25.174,1.02316,1.0232,3.38,1.38
2013.12.02 01:56:25.325,1.02316,1.0232,1.00,5.63
2013.12.02 01:56:25.376,1.02314,1.02319,1.50,4.21
2013.12.02 01:56:28.594,1.02314,1.02318,1.38,1.18
2013.12.02 01:56:29.481,1.02314,1.02319,1.13,4.20
2013.12.02 01:56:35.142,1.02316,1.02319,2.25,1.50
2013.12.02 01:56:35.344,1.02318,1.02323,4.95,1.00
2013.12.02 01:56:35.394,1.02321,1.02323,1.00,1.00
2013.12.02 01:56:35.870,1.02324,1.02328,1.38,1.18
2013.12.02 01:56:38.571,1.02324,1.02329,1.13,4.58
2013.12.02 01:56:41.980,1.02324,1.02329,1.38,3.45
2013.12.02 01:56:42.910,1.02323,1.02329,2.70,3.45
2013.12.02 01:56:43.418,1.02322,1.02327,2.70,2.63
2013.12.02 01:56:44.381,1.02324,1.02327,2.63,3.75
2013.12.02 01:56:44.634,1.02323,1.02329,1.28,9.53
2013.12.02 01:56:44.735,1.02323,1.02327,1.20,2.63
2013.12.02 01:56:52.614,1.02323,1.02327,1.45,1.08
2013.12.02 01:56:52.665,1.02323,1.02328,1.55,1.20
2013.12.02 01:56:53.168,1.02323,1.02328,1.55,1.10
2013.12.02 01:56:53.684,1.02323,1.02328,1.55,1.20
2013.12.02 01:56:59.643,1.02323,1.02328,3.45,1.20
2013.12.02 01:57:00.176,1.02323,1.02328,1.55,1.20
2013.12.02 01:57:02.594,1.02323,1.02328,1.28,1.48
2013.12.02 01:57:03.854,1.02326,1.02329,2.18,3.08
2013.12.02 01:57:04.358,1.02324,1.0233,2.78,3.75
2013.12.02 01:57:04.903,1.02324,1.02328,1.95,1.20
2013.12.02 01:57:05.842,1.02324,1.02327,1.20,1.00
2013.12.02 01:57:10.238,1.02323,1.02326,1.55,1.00
2013.12.02 01:57:12.110,1.02321,1.02326,2.40,1.10
2013.12.02 01:57:13.849,1.02321,1.02326,2.25,3.08
2013.12.02 01:57:14.493,1.02321,1.02324,1.50,1.10
2013.12.02 01:57:14.795,1.02316,1.02323,3.38,7.95
2013.12.02 01:57:14.896,1.02315,1.02317,1.10,1.00
2013.12.02 01:57:14.947,1.02313,1.02316,1.95,1.00
2013.12.02 01:57:14.997,1.02313,1.02315,1.20,1.00
2013.12.02 01:57:15.451,1.02313,1.02317,1.00,1.65
2013.12.02 01:57:15.501,1.02313,1.02317,1.88,1.10
2013.12.02 01:57:16.005,1.02313,1.02317,2.03,1.00
2013.12.02 01:57:16.538,1.02313,1.02317,2.03,1.00
2013.12.02 01:57:17.076,1.02313,1.02317,2.03,1.00
2013.12.02 01:57:23.101,1.02313,1.0232,7.13,1.10
2013.12.02 01:57:23.917,1.02314,1.02318,3.45,1.00
2013.12.02 01:57:26.728,1.02314,1.02318,2.70,1.00
2013.12.02 01:57:27.432,1.02313,1.02318,1.95,1.18
2013.12.02 01:57:30.016,1.02313,1.02318,1.95,1.18
2013.12.02 01:57:35.631,1.02313,1.02318,4.20,1.00
2013.12.02 01:57:37.073,1.02314,1.0232,1.55,2.03
2013.12.02 01:57:41.780,1.02314,1.0232,2.03,2.03
2013.12.02 01:57:42.350,1.02313,1.02318,3.45,1.88
2013.12.02 01:57:42.653,1.02314,1.02318,1.13,3.45
2013.12.02 01:57:43.168,1.02314,1.02317,1.13,2.33
2013.12.02 01:57:44.803,1.02313,1.02317,1.13,2.33
2013.12.02 01:57:47.207,1.02313,1.02319,2.03,2.03
2013.12.02 01:57:48.720,1.02313,1.02318,1.28,1.48
2013.12.02 01:57:49.225,1.02312,1.02318,4.95,1.95
2013.12.02 01:57:55.172,1.02312,1.02318,1.95,8.70
2013.12.02 01:58:00.484,1.02312,1.02316,1.10,1.48
2013.12.02 01:58:00.886,1.02313,1.02318,1.75,2.93
2013.12.02 01:58:00.988,1.02317,1.02319,1.00,1.50
2013.12.02 01:58:01.140,1.02315,1.02321,2.63,1.65
2013.12.02 01:58:01.241,1.02314,1.02319,1.55,1.20
2013.12.02 01:58:02.991,1.02313,1.02319,3.08,1.95
2013.12.02 01:58:03.193,1.02312,1.02318,1.58,4.20
2013.12.02 01:58:05.222,1.02312,1.02318,1.20,4.20
2013.12.02 01:58:07.193,1.02312,1.02318,1.20,4.95
2013.12.02 01:58:07.551,1.02313,1.02318,1.58,1.18
2013.12.02 01:58:08.055,1.02313,1.02319,2.40,1.28
2013.12.02 01:58:09.529,1.02314,1.0232,1.20,4.20
2013.12.02 01:58:23.189,1.02313,1.02317,2.40,1.00
2013.12.02 01:58:27.673,1.02314,1.02319,1.20,1.55
2013.12.02 01:58:28.556,1.02314,1.02319,1.20,1.58
2013.12.02 01:58:30.988,1.02313,1.02318,2.33,1.28
2013.12.02 01:58:47.048,1.02312,1.02316,1.55,1.00
2013.12.02 01:58:47.640,1.02312,1.02316,1.28,1.13
2013.12.02 01:58:50.643,1.02312,1.02316,1.10,1.38
2013.12.02 01:58:50.694,1.0231,1.02315,1.10,1.65
2013.12.02 01:58:50.995,1.02309,1.02312,1.00,1.48
2013.12.02 01:58:51.147,1.02307,1.02311,1.00,2.03
2013.12.02 01:58:57.729,1.02306,1.02311,1.58,1.55
2013.12.02 01:58:58.725,1.02305,1.02309,1.55,1.00
2013.12.02 01:58:59.228,1.02304,1.02309,1.48,2.03
2013.12.02 01:59:01.552,1.02302,1.02308,5.25,1.65
2013.12.02 01:59:02.174,1.02302,1.02307,2.33,1.18
2013.12.02 01:59:19.503,1.02304,1.02308,1.45,1.08
2013.12.02 01:59:20.004,1.02304,1.02308,1.55,1.00
2013.12.02 01:59:22.157,1.02304,1.02309,4.20,1.58
2013.12.02 01:59:22.461,1.02307,1.02311,2.33,1.88
2013.12.02 01:59:22.964,1.02307,1.02311,2.70,1.88
2013.12.02 01:59:23.317,1.02309,1.02313,2.70,1.13
2013.12.02 01:59:23.623,1.02312,1.02314,2.63,1.00
2013.12.02 01:59:24.148,1.02312,1.02315,2.70,1.00
2013.12.02 01:59:25.259,1.02312,1.02315,2.18,1.75
2013.12.02 01:59:25.411,1.02309,1.02313,1.10,1.48
2013.12.02 01:59:25.461,1.02309,1.02314,1.48,1.18
2013.12.02 01:59:25.613,1.0231,1.02316,2.03,2.40
2013.12.02 01:59:25.765,1.02313,1.02315,1.18,1.00
2013.12.02 01:59:26.532,1.02313,1.02317,1.28,1.13
2013.12.02 01:59:28.537,1.02313,1.02317,1.18,1.38
2013.12.02 01:59:31.027,1.02313,1.02318,1.10,4.50
2013.12.02 01:59:35.071,1.02313,1.02317,1.38,1.65
2013.12.02 01:59:37.679,1.02313,1.02317,1.45,1.50
2013.12.02 01:59:37.780,1.02317,1.02318,1.00,1.00
2013.12.02 01:59:44.654,1.02315,1.02318,1.48,1.00
2013.12.02 01:59:46.570,1.02314,1.02317,3.45,1.00
