2010.04.09 12:00:01.970,0.93655,0.93665,14.70,4.80
2010.04.09 12:00:02.303,0.93655,0.93665,14.60,1.00
2010.04.09 12:00:03.122,0.93655,0.93665,15.40,4.10
2010.04.09 12:00:04.136,0.93655,0.93665,11.40,8.10
2010.04.09 12:00:04.763,0.93655,0.93665,11.30,8.10
2010.04.09 12:00:04.922,0.93655,0.93665,11.60,8.10
2010.04.09 12:00:05.085,0.9366,0.9367,4.80,10.80
2010.04.09 12:00:05.245,0.9366,0.9367,7.20,8.50
2010.04.09 12:00:06.067,0.9366,0.9367,14.40,8.10
2010.04.09 12:00:06.317,0.9366,0.9367,14.40,4.10
2010.04.09 12:00:08.364,0.9366,0.9367,15.20,4.10
2010.04.09 12:00:09.423,0.9366,0.9367,13.60,4.10
2010.04.09 12:00:09.711,0.9366,0.9367,12.00,5.70
2010.04.09 12:00:10.152,0.9366,0.9367,8.00,9.70
2010.04.09 12:00:45.725,0.9366,0.9367,6.40,9.70
2010.04.09 12:00:55.082,0.9366,0.9367,11.20,5.70
2010.04.09 12:00:57.680,0.93665,0.93675,4.80,11.30
2010.04.09 12:00:58.364,0.93665,0.9367,4.80,4.10
2010.04.09 12:00:59.650,0.93665,0.9367,1.00,4.10
2010.04.09 12:00:59.865,0.9366,0.9367,4.00,10.50
2010.04.09 12:01:00.809,0.93655,0.93665,11.30,3.20
2010.04.09 12:01:01.132,0.93655,0.93665,12.10,3.20
2010.04.09 12:01:09.206,0.93655,0.93665,10.40,4.80
2010.04.09 12:01:09.430,0.93655,0.9366,4.00,1.60
2010.04.09 12:01:09.649,0.9365,0.9366,1.60,8.90
2010.04.09 12:01:11.070,0.9365,0.9366,3.20,8.90
2010.04.09 12:01:12.515,0.9365,0.9366,1.60,8.90
2010.04.09 12:01:12.736,0.9365,0.9366,1.60,10.50
2010.04.09 12:01:14.032,0.9365,0.9366,10.40,5.70
2010.04.09 12:01:14.151,0.9365,0.9366,8.00,6.50
2010.04.09 12:01:14.957,0.9365,0.9366,3.20,7.30
2010.04.09 12:01:16.132,0.9365,0.9366,3.20,8.90
2010.04.09 12:01:16.474,0.9365,0.9366,7.20,4.90
2010.04.09 12:01:16.837,0.9365,0.9366,8.80,4.90
2010.04.09 12:01:17.567,0.9365,0.9366,8.00,4.90
2010.04.09 12:01:17.922,0.93655,0.93665,12.00,4.80
2010.04.09 12:01:19.203,0.93655,0.93665,12.00,6.50
2010.04.09 12:01:19.335,0.93655,0.9366,4.00,1.00
2010.04.09 12:01:20.138,0.93655,0.93665,12.00,4.80
2010.04.09 12:01:23.103,0.93655,0.93665,13.60,4.80
2010.04.09 12:01:23.368,0.93655,0.93665,12.00,4.80
2010.04.09 12:01:24.883,0.93655,0.93665,13.60,4.80
2010.04.09 12:01:25.121,0.93655,0.93665,6.40,4.90
2010.04.09 12:01:29.390,0.93655,0.93665,14.00,4.80
2010.04.09 12:01:29.490,0.93655,0.93665,17.40,4.80
2010.04.09 12:01:29.640,0.93655,0.93665,17.20,4.80
2010.04.09 12:01:29.741,0.93655,0.93665,14.00,4.80
2010.04.09 12:01:29.889,0.93655,0.93665,12.00,4.80
2010.04.09 12:01:30.240,0.93655,0.93665,14.40,3.20
2010.04.09 12:01:30.290,0.93655,0.93665,16.00,3.20
2010.04.09 12:01:30.930,0.93655,0.93665,12.00,4.80
2010.04.09 12:01:37.644,0.93655,0.93665,13.60,4.80
2010.04.09 12:01:38.839,0.93655,0.93665,16.00,3.20
2010.04.09 12:01:38.958,0.93655,0.93665,13.60,4.80
2010.04.09 12:01:39.077,0.93655,0.93665,14.00,4.80
2010.04.09 12:01:39.437,0.93655,0.93665,13.60,4.80
2010.04.09 12:01:41.233,0.9366,0.9367,3.20,10.50
2010.04.09 12:01:41.509,0.9366,0.9367,4.80,5.70
2010.04.09 12:01:41.778,0.9366,0.9367,10.40,1.60
2010.04.09 12:01:43.546,0.9366,0.93675,16.80,12.50
2010.04.09 12:01:43.754,0.93665,0.93675,12.00,7.20
2010.04.09 12:01:46.896,0.93665,0.93675,12.00,7.30
2010.04.09 12:01:47.042,0.93665,0.93675,3.20,9.70
2010.04.09 12:01:49.046,0.93665,0.93675,5.60,8.10
2010.04.09 12:01:49.204,0.93665,0.93675,17.60,6.20
2010.04.09 12:01:49.240,0.93665,0.93675,21.60,1.00
2010.04.09 12:01:49.414,0.93665,0.93675,21.60,1.00
2010.04.09 12:01:50.040,0.93665,0.9367,5.20,1.60
2010.04.09 12:01:50.061,0.93665,0.9367,4.80,1.60
2010.04.09 12:01:50.398,0.93655,0.9366,16.80,1.00
2010.04.09 12:01:50.732,0.93655,0.9366,2.40,1.00
2010.04.09 12:01:51.059,0.93655,0.9366,1.60,1.00
2010.04.09 12:01:52.031,0.9366,0.93665,1.00,7.30
2010.04.09 12:01:52.740,0.9366,0.93665,4.80,1.60
2010.04.09 12:01:53.025,0.9366,0.9367,5.60,6.50
2010.04.09 12:01:55.126,0.9366,0.93665,4.00,1.60
2010.04.09 12:01:55.324,0.93655,0.93665,12.80,1.60
2010.04.09 12:01:56.615,0.93655,0.9367,15.20,14.90
2010.04.09 12:01:56.836,0.9366,0.9367,4.80,6.90
2010.04.09 12:01:57.054,0.9366,0.9367,4.80,6.50
2010.04.09 12:01:57.277,0.93655,0.93665,12.80,1.60
2010.04.09 12:01:57.497,0.93655,0.93665,12.00,1.60
2010.04.09 12:01:58.614,0.93655,0.93665,16.00,1.60
2010.04.09 12:01:59.335,0.9366,0.9367,1.60,10.50
2010.04.09 12:01:59.424,0.9366,0.9367,1.60,13.70
2010.04.09 12:01:59.795,0.9366,0.93665,1.00,1.00
2010.04.09 12:02:00.134,0.9366,0.9367,1.60,13.70
2010.04.09 12:02:00.306,0.9366,0.9367,5.60,9.70
2010.04.09 12:02:00.475,0.9366,0.9367,5.60,5.70
2010.04.09 12:02:02.311,0.9366,0.9367,7.20,5.70
2010.04.09 12:02:02.635,0.9366,0.9367,8.00,5.70
2010.04.09 12:02:06.701,0.9366,0.9367,7.20,6.50
2010.04.09 12:02:11.260,0.9366,0.9367,8.80,4.90
2010.04.09 12:02:11.966,0.9366,0.9367,10.40,3.30
2010.04.09 12:02:13.202,0.9366,0.9367,9.60,3.30
2010.04.09 12:02:13.270,0.9366,0.9367,9.60,1.70
2010.04.09 12:02:13.340,0.9366,0.9367,10.00,1.70
2010.04.09 12:02:14.264,0.9366,0.9367,9.60,1.70
2010.04.09 12:02:18.739,0.93665,0.9367,1.60,1.70
2010.04.09 12:02:18.840,0.93665,0.9367,6.40,1.00
2010.04.09 12:02:18.939,0.9367,0.93675,1.60,7.00
2010.04.09 12:02:19.715,0.9367,0.9368,1.60,10.90
2010.04.09 12:02:19.854,0.9367,0.9368,7.20,6.50
2010.04.09 12:02:20.131,0.9367,0.9368,1.60,10.50
2010.04.09 12:02:20.271,0.93665,0.93675,13.60,1.60
2010.04.09 12:02:20.412,0.93665,0.93675,12.80,3.20
2010.04.09 12:02:20.678,0.93665,0.93675,12.00,6.40
2010.04.09 12:02:21.098,0.93665,0.93675,8.00,6.50
2010.04.09 12:02:21.930,0.93665,0.93675,15.20,4.90
2010.04.09 12:02:22.667,0.93665,0.93675,21.60,3.20
2010.04.09 12:02:22.906,0.93665,0.93675,12.00,4.80
2010.04.09 12:02:24.478,0.93665,0.93675,8.00,4.80
2010.04.09 12:02:24.526,0.93665,0.93675,8.00,4.90
2010.04.09 12:02:24.837,0.93665,0.93675,10.40,3.30
2010.04.09 12:02:25.484,0.93665,0.93675,22.40,3.20
2010.04.09 12:02:25.971,0.93665,0.93675,15.20,4.80
2010.04.09 12:02:26.220,0.93665,0.93675,8.80,4.80
2010.04.09 12:02:26.468,0.93665,0.93675,8.80,4.90
2010.04.09 12:02:26.806,0.93665,0.93675,7.20,4.90
2010.04.09 12:02:27.146,0.93665,0.93675,8.00,4.90
2010.04.09 12:02:30.573,0.93665,0.93675,4.80,11.30
2010.04.09 12:02:30.702,0.9366,0.9367,9.60,1.70
2010.04.09 12:02:30.827,0.9366,0.9367,10.40,1.70
2010.04.09 12:02:31.325,0.9366,0.9367,10.40,3.30
2010.04.09 12:02:33.924,0.9366,0.9367,12.80,1.70
2010.04.09 12:02:34.185,0.9366,0.9367,17.60,1.00
2010.04.09 12:02:34.848,0.9366,0.93675,21.60,10.50
2010.04.09 12:02:35.261,0.9366,0.93675,21.20,10.50
2010.04.09 12:02:35.508,0.9366,0.93675,17.20,8.90
2010.04.09 12:02:35.758,0.9366,0.9367,18.80,1.70
2010.04.09 12:02:36.431,0.9366,0.9367,10.80,1.60
2010.04.09 12:02:36.588,0.9366,0.9367,10.40,3.30
2010.04.09 12:02:39.416,0.9367,0.93675,1.00,14.90
2010.04.09 12:02:39.585,0.93665,0.9367,6.40,1.70
2010.04.09 12:02:39.754,0.93665,0.93675,1.60,9.70
2010.04.09 12:02:40.390,0.93665,0.93675,1.00,9.70
2010.04.09 12:02:45.164,0.9367,0.93675,1.00,7.30
2010.04.09 12:02:45.766,0.9367,0.93675,1.00,1.70
2010.04.09 12:02:46.068,0.93665,0.93675,7.20,2.50
2010.04.09 12:02:46.367,0.93665,0.93675,4.00,6.50
2010.04.09 12:02:47.344,0.93665,0.93675,9.60,6.50
2010.04.09 12:02:47.506,0.93665,0.93675,5.60,2.50
2010.04.09 12:02:47.675,0.93665,0.9367,4.00,1.00
2010.04.09 12:02:47.835,0.93665,0.9367,3.20,1.00
2010.04.09 12:02:48.164,0.93665,0.9367,3.20,1.70
2010.04.09 12:02:48.326,0.9366,0.9367,7.60,5.70
2010.04.09 12:02:48.496,0.9366,0.9367,6.00,5.70
2010.04.09 12:02:49.349,0.9366,0.9367,5.60,5.70
2010.04.09 12:02:51.648,0.9366,0.9367,6.40,5.70
2010.04.09 12:02:54.572,0.9366,0.9367,4.80,5.70
2010.04.09 12:02:56.116,0.9366,0.9367,4.00,5.70
2010.04.09 12:02:56.222,0.9366,0.9367,6.40,5.70
2010.04.09 12:02:56.323,0.9366,0.9367,5.60,5.70
2010.04.09 12:02:56.431,0.9366,0.9367,5.60,8.90
2010.04.09 12:02:57.056,0.9366,0.9367,4.80,10.50
2010.04.09 12:02:58.649,0.9366,0.9367,8.80,6.50
2010.04.09 12:03:00.901,0.9366,0.9367,7.20,6.50
2010.04.09 12:03:04.660,0.9366,0.93665,1.60,3.30
2010.04.09 12:03:04.756,0.93655,0.93665,12.00,4.80
2010.04.09 12:03:06.519,0.93655,0.93665,13.60,4.80
2010.04.09 12:03:06.577,0.93655,0.93665,16.00,3.20
2010.04.09 12:03:06.647,0.93655,0.93665,14.40,3.20
2010.04.09 12:03:06.677,0.93655,0.93665,12.00,4.80
2010.04.09 12:03:07.325,0.93655,0.93665,12.80,4.80
2010.04.09 12:03:07.613,0.93655,0.93665,8.00,4.90
2010.04.09 12:03:07.899,0.93655,0.93665,12.00,4.80
2010.04.09 12:03:08.177,0.93655,0.93665,14.40,3.20
2010.04.09 12:03:08.460,0.93655,0.93665,12.80,4.80
2010.04.09 12:03:08.690,0.93655,0.93665,8.80,4.90
2010.04.09 12:03:08.918,0.93655,0.93665,12.00,4.80
2010.04.09 12:03:10.455,0.93655,0.93665,12.80,4.80
2010.04.09 12:03:10.906,0.93655,0.93665,12.00,4.80
2010.04.09 12:03:12.894,0.93655,0.93665,20.80,3.20
2010.04.09 12:03:13.076,0.93655,0.93665,22.40,3.20
2010.04.09 12:03:13.796,0.93655,0.93665,23.20,3.20
2010.04.09 12:03:13.978,0.93655,0.93665,23.20,1.60
2010.04.09 12:03:14.849,0.93655,0.93665,24.00,1.60
2010.04.09 12:03:15.873,0.93655,0.9367,24.00,11.60
2010.04.09 12:03:17.554,0.93655,0.93665,8.80,4.90
2010.04.09 12:03:19.033,0.93655,0.93665,10.40,4.90
2010.04.09 12:03:21.383,0.93655,0.93665,16.80,3.30
2010.04.09 12:03:21.433,0.93655,0.93665,16.40,3.30
2010.04.09 12:03:21.484,0.93655,0.93665,18.00,3.30
2010.04.09 12:03:21.582,0.93655,0.93665,22.00,3.30
2010.04.09 12:03:21.633,0.93655,0.93665,22.00,3.20
2010.04.09 12:03:21.682,0.93655,0.93665,22.40,3.20
2010.04.09 12:03:22.694,0.93655,0.93665,23.20,1.60
2010.04.09 12:03:23.013,0.93655,0.9367,23.20,11.30
2010.04.09 12:03:23.457,0.93655,0.9367,24.00,11.30
2010.04.09 12:03:24.222,0.93655,0.9367,24.00,12.10
2010.04.09 12:03:25.222,0.93655,0.9367,24.00,12.50
2010.04.09 12:03:26.337,0.93655,0.93665,10.40,1.70
2010.04.09 12:03:26.483,0.93655,0.93665,9.60,1.70
2010.04.09 12:03:26.621,0.93655,0.93665,13.60,1.60
2010.04.09 12:03:27.320,0.93655,0.93665,9.60,1.70
2010.04.09 12:03:28.539,0.93655,0.93665,10.40,1.60
2010.04.09 12:03:28.731,0.93655,0.9367,17.60,15.70
2010.04.09 12:03:29.477,0.93655,0.9367,18.00,16.50
2010.04.09 12:03:29.687,0.93655,0.9367,24.80,11.30
2010.04.09 12:03:30.542,0.9366,0.93665,1.60,1.60
2010.04.09 12:03:31.497,0.93655,0.93665,4.00,8.90
2010.04.09 12:03:32.161,0.93655,0.93665,8.80,4.90
2010.04.09 12:03:33.575,0.93655,0.93665,8.00,4.90
2010.04.09 12:03:33.631,0.93655,0.93665,12.00,4.80
2010.04.09 12:03:34.962,0.93655,0.93665,13.60,4.80
2010.04.09 12:03:37.491,0.9366,0.93665,4.00,3.20
2010.04.09 12:03:37.804,0.9366,0.93665,4.80,3.20
2010.04.09 12:03:38.281,0.9366,0.9367,4.80,6.50
2010.04.09 12:03:40.406,0.9366,0.9367,6.40,6.50
2010.04.09 12:03:40.620,0.9366,0.9367,6.40,7.30
2010.04.09 12:03:50.851,0.9366,0.9367,6.40,6.50
2010.04.09 12:03:50.966,0.9366,0.9367,8.00,6.50
2010.04.09 12:03:50.989,0.9366,0.9367,9.20,6.50
2010.04.09 12:03:51.210,0.9367,0.93675,1.00,7.60
2010.04.09 12:03:51.428,0.9367,0.9368,1.00,10.90
2010.04.09 12:03:52.075,0.9367,0.9368,2.40,10.90
2010.04.09 12:03:52.325,0.9367,0.9368,6.40,6.50
2010.04.09 12:03:53.047,0.9367,0.9368,6.40,5.70
2010.04.09 12:04:09.685,0.9368,0.93685,1.00,12.90
2010.04.09 12:04:09.767,0.9368,0.93685,1.00,4.90
2010.04.09 12:04:09.844,0.93675,0.93685,5.20,4.10
2010.04.09 12:04:09.923,0.9368,0.93685,1.00,3.30
2010.04.09 12:04:10.082,0.93675,0.93685,8.80,4.10
2010.04.09 12:04:10.302,0.93675,0.93685,12.80,4.00
2010.04.09 12:04:11.323,0.93675,0.93685,4.00,8.10
2010.04.09 12:04:12.017,0.93675,0.93685,8.00,4.10
2010.04.09 12:04:12.282,0.93675,0.93685,8.80,4.10
2010.04.09 12:04:16.270,0.93675,0.93685,4.00,8.10
2010.04.09 12:04:16.613,0.93675,0.93685,4.00,9.70
2010.04.09 12:04:17.844,0.93675,0.93685,4.00,8.10
2010.04.09 12:04:18.189,0.93675,0.93685,4.00,9.70
2010.04.09 12:04:18.531,0.93675,0.93685,4.00,8.10
2010.04.09 12:04:23.342,0.93675,0.93685,4.00,9.70
2010.04.09 12:04:23.993,0.93675,0.93685,4.00,8.10
2010.04.09 12:04:34.074,0.93675,0.93685,4.80,8.10
2010.04.09 12:04:34.185,0.93675,0.93685,4.80,4.10
2010.04.09 12:04:34.294,0.93675,0.93685,8.80,4.10
2010.04.09 12:04:34.515,0.93675,0.93685,12.80,4.00
2010.04.09 12:04:36.822,0.9368,0.93685,1.00,1.60
2010.04.09 12:04:36.987,0.9368,0.9369,1.00,10.50
2010.04.09 12:04:40.169,0.93675,0.93685,13.60,1.00
2010.04.09 12:04:43.960,0.93675,0.93685,12.00,4.00
2010.04.09 12:04:44.089,0.93675,0.93685,4.00,8.10
2010.04.09 12:04:44.437,0.93675,0.9368,3.20,1.00
2010.04.09 12:04:44.546,0.93675,0.9368,3.20,1.00
2010.04.09 12:04:44.695,0.9367,0.9368,11.20,1.00
2010.04.09 12:05:02.586,0.93665,0.9367,21.60,1.00
2010.04.09 12:05:02.752,0.93665,0.9367,1.60,1.60
2010.04.09 12:05:03.204,0.93665,0.9367,1.00,1.60
2010.04.09 12:05:03.991,0.93665,0.93675,4.80,8.90
2010.04.09 12:05:04.300,0.9367,0.9368,6.40,5.70
2010.04.09 12:05:04.603,0.9367,0.9368,6.40,9.70
2010.04.09 12:05:04.912,0.93665,0.93675,14.40,2.40
2010.04.09 12:05:05.805,0.93665,0.93675,8.80,2.50
2010.04.09 12:05:06.396,0.93665,0.93675,14.40,2.40
2010.04.09 12:05:07.789,0.9367,0.93675,5.60,1.60
2010.04.09 12:05:14.845,0.9367,0.9368,5.60,6.50
2010.04.09 12:05:14.955,0.9367,0.9368,5.60,5.70
2010.04.09 12:05:35.022,0.9367,0.93675,4.80,1.00
2010.04.09 12:05:35.918,0.93665,0.93675,14.40,1.00
2010.04.09 12:05:37.080,0.9367,0.9368,1.00,14.10
2010.04.09 12:05:37.160,0.9367,0.9368,1.60,10.10
2010.04.09 12:05:37.472,0.9367,0.9368,5.60,5.70
2010.04.09 12:05:41.029,0.9367,0.93675,4.80,1.00
2010.04.09 12:05:46.168,0.9367,0.93675,4.00,1.00
2010.04.09 12:05:46.923,0.9367,0.93675,4.80,1.00
2010.04.09 12:05:48.433,0.9367,0.9368,9.60,8.40
2010.04.09 12:05:49.189,0.9367,0.9368,11.20,8.00
2010.04.09 12:05:50.745,0.9367,0.9368,11.20,9.60
2010.04.09 12:05:54.035,0.9367,0.9368,11.20,5.60
2010.04.09 12:05:59.006,0.9367,0.9368,12.00,5.60
2010.04.09 12:05:59.205,0.9367,0.9368,8.00,5.70
2010.04.09 12:06:13.912,0.9367,0.9368,7.20,5.70
2010.04.09 12:06:18.680,0.9367,0.9368,7.20,9.70
2010.04.09 12:06:20.006,0.9367,0.9368,5.60,9.70
2010.04.09 12:06:20.471,0.9367,0.9368,5.60,8.10
2010.04.09 12:06:25.450,0.9367,0.9368,5.60,9.70
2010.04.09 12:06:26.363,0.9367,0.93675,4.00,1.00
2010.04.09 12:06:26.524,0.93665,0.93675,15.20,4.80
2010.04.09 12:06:27.546,0.9367,0.93675,4.80,4.80
2010.04.09 12:06:29.497,0.9367,0.93675,7.20,4.00
2010.04.09 12:06:29.788,0.9367,0.9368,6.40,8.10
2010.04.09 12:06:36.696,0.9367,0.9368,5.60,8.90
2010.04.09 12:06:38.469,0.9367,0.9368,5.60,7.30
2010.04.09 12:06:38.975,0.9367,0.9368,5.60,8.90
2010.04.09 12:06:45.283,0.9367,0.9368,5.60,8.90
2010.04.09 12:06:46.031,0.9367,0.9368,9.60,5.70
2010.04.09 12:06:46.223,0.93675,0.9368,2.80,1.60
2010.04.09 12:06:46.389,0.93675,0.9368,5.60,4.80
2010.04.09 12:06:46.555,0.93675,0.9368,2.40,4.90
2010.04.09 12:06:46.722,0.93675,0.9368,4.80,1.00
2010.04.09 12:06:47.504,0.93675,0.93685,14.80,4.80
2010.04.09 12:06:48.984,0.9368,0.93685,1.60,4.80
2010.04.09 12:06:50.616,0.9368,0.93685,4.00,4.00
2010.04.09 12:06:50.713,0.9368,0.9369,4.00,12.10
2010.04.09 12:06:52.200,0.9368,0.9369,8.80,8.10
2010.04.09 12:06:56.271,0.9368,0.9369,9.60,8.10
2010.04.09 12:06:56.471,0.9368,0.9369,11.20,8.10
2010.04.09 12:06:58.291,0.9368,0.93685,11.20,4.00
2010.04.09 12:06:58.421,0.9368,0.93685,8.00,4.00
2010.04.09 12:06:58.553,0.9368,0.93685,1.60,4.80
2010.04.09 12:06:58.682,0.9368,0.93685,1.60,4.90
2010.04.09 12:07:00.285,0.9368,0.93685,1.60,4.80
2010.04.09 12:07:04.238,0.93675,0.93685,6.40,8.90
2010.04.09 12:07:07.458,0.93675,0.93685,6.40,8.90
2010.04.09 12:07:07.509,0.93675,0.9368,5.60,1.00
2010.04.09 12:07:07.608,0.93675,0.9368,5.60,4.90
2010.04.09 12:07:08.294,0.93675,0.9368,4.80,1.00
2010.04.09 12:07:09.000,0.93675,0.93685,7.20,8.70
2010.04.09 12:07:09.133,0.93675,0.93685,11.20,8.00
2010.04.09 12:07:09.252,0.93675,0.93685,14.40,8.00
2010.04.09 12:07:09.376,0.93675,0.9368,13.60,1.00
2010.04.09 12:07:09.497,0.93675,0.9368,9.60,1.00
2010.04.09 12:07:10.871,0.93675,0.9368,2.40,4.80
2010.04.09 12:07:11.071,0.93675,0.9368,1.60,4.90
2010.04.09 12:07:11.259,0.9367,0.93675,10.40,4.00
2010.04.09 12:07:11.452,0.93665,0.9367,18.80,4.00
2010.04.09 12:07:11.642,0.93665,0.9367,12.40,4.80
2010.04.09 12:07:11.833,0.93665,0.9367,4.00,4.80
2010.04.09 12:07:12.729,0.93665,0.9367,3.20,4.80
2010.04.09 12:07:13.069,0.93665,0.93675,10.40,4.90
2010.04.09 12:07:13.733,0.93665,0.93675,8.80,6.50
2010.04.09 12:07:14.673,0.9366,0.9367,10.40,4.80
2010.04.09 12:07:14.797,0.9366,0.9367,10.40,8.00
2010.04.09 12:07:17.581,0.93665,0.9367,1.60,8.00
2010.04.09 12:07:17.790,0.93665,0.93675,12.80,8.00
2010.04.09 12:07:18.172,0.93665,0.93675,8.80,8.10
2010.04.09 12:07:20.996,0.93665,0.9367,8.80,4.00
2010.04.09 12:07:21.085,0.93665,0.9367,7.20,4.80
2010.04.09 12:07:21.177,0.93665,0.9367,1.60,4.80
2010.04.09 12:07:21.355,0.9366,0.9367,11.20,4.80
2010.04.09 12:07:21.537,0.9366,0.9367,10.40,4.80
2010.04.09 12:07:26.110,0.9366,0.93665,9.60,1.00
2010.04.09 12:07:26.358,0.9366,0.93665,8.00,4.80
2010.04.09 12:07:26.487,0.9366,0.93665,6.40,4.80
2010.04.09 12:07:26.725,0.9366,0.93665,2.40,4.80
2010.04.09 12:07:27.083,0.9366,0.93665,1.60,4.80
2010.04.09 12:07:28.246,0.9366,0.9367,4.00,12.50
2010.04.09 12:07:28.377,0.9366,0.9367,4.00,12.10
2010.04.09 12:07:28.514,0.9366,0.9367,4.80,12.10
2010.04.09 12:07:28.643,0.9366,0.9367,8.80,8.10
2010.04.09 12:07:29.171,0.93655,0.9366,5.60,4.80
2010.04.09 12:07:29.310,0.9366,0.93665,1.60,8.90
2010.04.09 12:07:29.470,0.9366,0.93665,5.60,5.20
2010.04.09 12:07:30.173,0.9366,0.93665,4.80,7.20
2010.04.09 12:07:30.328,0.9366,0.93665,1.00,6.40
2010.04.09 12:07:31.474,0.93655,0.9366,13.60,1.00
2010.04.09 12:07:31.745,0.93655,0.9366,9.60,4.80
2010.04.09 12:07:32.014,0.93655,0.9366,1.60,4.80
2010.04.09 12:07:32.102,0.93655,0.9366,3.20,4.80
2010.04.09 12:07:33.625,0.93655,0.9366,3.20,4.90
2010.04.09 12:07:34.225,0.93655,0.9366,1.60,4.90
2010.04.09 12:07:34.365,0.93655,0.9366,1.60,4.80
2010.04.09 12:07:35.306,0.93655,0.9366,1.60,4.90
2010.04.09 12:07:37.411,0.93655,0.9366,1.60,4.80
2010.04.09 12:07:37.586,0.93655,0.9366,1.60,4.90
2010.04.09 12:07:38.562,0.93655,0.9366,3.20,4.90
2010.04.09 12:07:38.837,0.9366,0.93665,1.00,13.40
2010.04.09 12:07:39.116,0.9366,0.93665,1.60,2.10
2010.04.09 12:07:39.962,0.9366,0.93665,6.40,1.60
2010.04.09 12:07:41.351,0.9366,0.9367,6.40,8.10
2010.04.09 12:07:42.018,0.9366,0.9367,8.00,8.10
2010.04.09 12:07:42.084,0.9366,0.9367,9.60,8.10
2010.04.09 12:07:43.376,0.93655,0.9366,2.80,4.80
2010.04.09 12:07:44.314,0.9365,0.9366,11.20,4.90
2010.04.09 12:07:45.213,0.9365,0.93655,4.00,4.80
2010.04.09 12:07:45.294,0.9365,0.93655,6.40,4.00
2010.04.09 12:07:45.382,0.9365,0.93655,2.40,1.00
2010.04.09 12:07:46.181,0.9365,0.9366,6.40,10.50
2010.04.09 12:07:46.408,0.9365,0.9366,6.40,8.10
2010.04.09 12:07:48.096,0.9365,0.9366,8.00,8.00
2010.04.09 12:07:48.420,0.9365,0.9366,9.60,8.10
2010.04.09 12:07:52.643,0.9365,0.9366,8.00,8.10
2010.04.09 12:07:56.547,0.9365,0.93655,6.40,1.60
2010.04.09 12:07:56.800,0.93645,0.93655,12.80,6.40
2010.04.09 12:07:57.051,0.93645,0.93655,7.20,8.10
2010.04.09 12:07:57.892,0.9365,0.93655,5.60,4.00
2010.04.09 12:08:00.833,0.93645,0.9365,8.00,4.80
2010.04.09 12:08:00.995,0.93645,0.9365,1.60,4.80
2010.04.09 12:08:01.188,0.93645,0.9365,2.40,4.00
2010.04.09 12:08:01.287,0.93645,0.93655,4.00,13.20
2010.04.09 12:08:01.385,0.93645,0.93655,13.60,9.00
2010.04.09 12:08:01.488,0.93645,0.93655,13.60,8.40
2010.04.09 12:08:01.588,0.93645,0.93655,15.60,6.80
2010.04.09 12:08:01.687,0.93645,0.93655,15.20,6.40
2010.04.09 12:08:01.786,0.93645,0.93655,14.40,6.40
2010.04.09 12:08:01.985,0.93645,0.93655,15.20,6.40
2010.04.09 12:08:02.975,0.9365,0.93655,1.00,1.60
2010.04.09 12:08:03.285,0.9365,0.9366,8.80,8.10
2010.04.09 12:08:03.496,0.9365,0.9366,8.80,6.50
2010.04.09 12:08:03.707,0.9365,0.9366,10.40,6.50
2010.04.09 12:08:05.427,0.9365,0.9366,8.80,6.50
2010.04.09 12:08:05.714,0.9365,0.93655,2.40,4.80
2010.04.09 12:08:06.556,0.9365,0.93655,1.60,4.80
2010.04.09 12:08:07.578,0.93645,0.9365,14.80,4.80
2010.04.09 12:08:08.519,0.9365,0.9366,5.60,9.70
2010.04.09 12:08:08.865,0.9365,0.9366,7.20,6.50
2010.04.09 12:08:11.514,0.9365,0.9366,7.20,8.10
2010.04.09 12:08:13.554,0.9365,0.93655,3.20,1.00
2010.04.09 12:08:13.745,0.93645,0.9365,6.40,4.80
2010.04.09 12:08:13.935,0.93645,0.9365,3.20,4.80
2010.04.09 12:08:14.375,0.93645,0.9365,6.40,4.00
2010.04.09 12:08:15.140,0.93645,0.93655,14.40,6.40
2010.04.09 12:08:15.237,0.93645,0.93655,14.80,6.40
2010.04.09 12:08:15.334,0.9365,0.93655,1.00,5.60
2010.04.09 12:08:17.925,0.9365,0.93655,1.00,4.00
2010.04.09 12:08:19.181,0.9365,0.93655,4.80,4.00
2010.04.09 12:08:19.362,0.9365,0.93655,5.60,4.00
2010.04.09 12:08:23.953,0.9365,0.93655,7.20,4.00
2010.04.09 12:08:24.138,0.9365,0.9366,8.70,4.90
2010.04.09 12:08:24.313,0.9365,0.9366,9.10,4.90
2010.04.09 12:08:25.024,0.93655,0.9366,2.40,1.00
2010.04.09 12:08:25.250,0.93655,0.93665,9.60,4.90
2010.04.09 12:08:25.471,0.93655,0.93665,10.30,4.90
2010.04.09 12:08:26.233,0.93655,0.93665,10.30,4.80
2010.04.09 12:08:26.575,0.93655,0.93665,14.30,4.80
2010.04.09 12:08:32.386,0.9366,0.93665,4.00,4.80
2010.04.09 12:08:32.521,0.9366,0.93665,4.70,4.80
2010.04.09 12:08:34.023,0.93655,0.93665,14.40,4.80
2010.04.09 12:08:34.924,0.93655,0.93665,15.20,4.80
2010.04.09 12:08:40.019,0.93655,0.93665,14.40,4.80
2010.04.09 12:08:40.297,0.93655,0.93665,15.20,4.80
2010.04.09 12:08:44.451,0.93655,0.93665,10.40,4.90
2010.04.09 12:08:44.575,0.93655,0.93665,11.20,4.90
2010.04.09 12:08:44.756,0.93655,0.93665,15.20,4.80
2010.04.09 12:08:45.464,0.93655,0.93665,13.60,4.80
2010.04.09 12:08:48.906,0.93655,0.93665,15.20,4.80
2010.04.09 12:08:49.415,0.93655,0.9366,13.60,1.00
2010.04.09 12:08:49.588,0.93655,0.9366,4.00,4.80
2010.04.09 12:08:49.938,0.93655,0.9366,2.40,4.80
2010.04.09 12:08:50.126,0.9365,0.9366,12.40,4.80
2010.04.09 12:08:50.959,0.93655,0.93665,4.00,12.10
2010.04.09 12:08:51.175,0.93655,0.93665,12.80,8.00
2010.04.09 12:08:51.388,0.93655,0.93665,14.00,6.40
2010.04.09 12:08:51.604,0.93655,0.93665,15.60,6.40
2010.04.09 12:08:51.817,0.93655,0.93665,15.20,6.40
2010.04.09 12:08:53.234,0.93655,0.93665,13.60,6.40
2010.04.09 12:08:56.832,0.9366,0.93665,4.00,6.40
2010.04.09 12:08:56.913,0.9366,0.93665,4.80,6.40
2010.04.09 12:08:57.717,0.93655,0.93665,14.40,6.40
2010.04.09 12:08:58.932,0.93655,0.93665,14.40,4.80
2010.04.09 12:09:03.322,0.93655,0.93665,16.00,4.80
2010.04.09 12:09:09.141,0.93655,0.93665,15.20,4.80
2010.04.09 12:09:09.259,0.9366,0.93665,4.00,4.80
2010.04.09 12:09:09.499,0.9366,0.93665,4.80,4.80
2010.04.09 12:09:09.619,0.9366,0.93665,1.00,4.80
2010.04.09 12:09:09.740,0.93655,0.93665,16.00,4.80
2010.04.09 12:09:11.657,0.93655,0.93665,15.20,4.80
2010.04.09 12:09:12.700,0.93655,0.93665,16.00,4.80
2010.04.09 12:09:15.527,0.9366,0.93665,1.00,4.80
2010.04.09 12:09:15.697,0.9366,0.93665,4.80,4.80
2010.04.09 12:09:19.159,0.9366,0.93665,1.00,4.80
2010.04.09 12:09:19.461,0.93655,0.93665,15.10,4.80
2010.04.09 12:09:35.492,0.93655,0.93665,15.50,4.80
2010.04.09 12:09:35.576,0.93655,0.93665,15.20,4.80
2010.04.09 12:09:36.247,0.93655,0.93665,15.60,4.80
2010.04.09 12:09:41.814,0.93655,0.9366,8.80,4.80
2010.04.09 12:09:41.994,0.9365,0.9366,16.40,6.40
2010.04.09 12:09:42.172,0.9365,0.9366,15.20,6.40
2010.04.09 12:09:42.352,0.9365,0.9366,11.20,6.50
2010.04.09 12:09:43.055,0.9365,0.9366,12.00,6.50
2010.04.09 12:09:43.652,0.93655,0.9366,1.00,5.70
2010.04.09 12:09:43.823,0.93655,0.9366,6.40,1.00
2010.04.09 12:09:43.994,0.9366,0.93665,1.00,7.60
2010.04.09 12:09:44.173,0.9366,0.93665,1.00,5.60
2010.04.09 12:09:45.032,0.93655,0.9366,14.80,4.80
2010.04.09 12:09:45.668,0.93655,0.9366,13.20,4.80
2010.04.09 12:09:45.769,0.93655,0.93665,11.20,10.00
2010.04.09 12:09:45.863,0.93655,0.93665,12.80,8.40
2010.04.09 12:09:45.951,0.93655,0.93665,12.80,8.00
2010.04.09 12:09:47.291,0.93655,0.93665,8.80,8.10
2010.04.09 12:09:48.732,0.93655,0.93665,12.80,8.00
2010.04.09 12:09:51.719,0.93655,0.93665,13.50,8.00
2010.04.09 12:09:51.880,0.93655,0.93665,15.10,6.40
2010.04.09 12:09:52.341,0.93655,0.93665,14.40,6.40
2010.04.09 12:09:54.353,0.9366,0.93665,1.00,6.40
2010.04.09 12:09:55.059,0.9366,0.93665,4.80,6.40
2010.04.09 12:09:55.391,0.93655,0.93665,14.40,6.40
2010.04.09 12:09:56.470,0.93655,0.93665,14.40,6.40
2010.04.09 12:09:57.335,0.93655,0.93665,14.40,6.40
2010.04.09 12:09:57.643,0.9366,0.93665,4.00,6.40
2010.04.09 12:09:58.432,0.9366,0.93665,8.80,6.40
2010.04.09 12:09:58.793,0.9366,0.9367,11.60,4.90
2010.04.09 12:10:01.774,0.93665,0.9367,1.60,4.90
2010.04.09 12:10:02.419,0.9367,0.93675,1.00,12.20
2010.04.09 12:10:02.538,0.9367,0.93675,4.00,6.40
2010.04.09 12:10:02.650,0.9367,0.93675,1.00,6.40
2010.04.09 12:10:02.866,0.9367,0.93675,1.00,4.80
2010.04.09 12:10:04.758,0.93665,0.93675,14.40,4.80
2010.04.09 12:10:06.771,0.93665,0.93675,12.80,6.40
2010.04.09 12:10:07.319,0.9367,0.93675,1.00,1.60
2010.04.09 12:10:07.427,0.9367,0.93675,5.60,1.60
2010.04.09 12:10:07.537,0.9367,0.9368,5.60,10.50
2010.04.09 12:10:08.228,0.9367,0.9368,8.80,6.50
2010.04.09 12:10:08.541,0.93675,0.9368,1.00,1.00
2010.04.09 12:10:08.848,0.93675,0.93685,1.00,12.90
2010.04.09 12:10:15.114,0.93675,0.93685,4.00,12.10
2010.04.09 12:10:15.238,0.93675,0.93685,6.40,12.10
2010.04.09 12:10:15.497,0.93675,0.93685,5.60,12.10
2010.04.09 12:10:15.622,0.93675,0.93685,4.00,12.10
2010.04.09 12:10:15.756,0.93675,0.9368,3.20,1.00
2010.04.09 12:10:15.885,0.93675,0.9368,3.20,4.80
2010.04.09 12:10:16.017,0.9367,0.9368,12.30,4.80
2010.04.09 12:10:16.729,0.9367,0.9368,12.00,4.90
2010.04.09 12:10:17.424,0.93675,0.9368,1.00,4.10
2010.04.09 12:10:17.574,0.93675,0.93685,1.00,12.10
2010.04.09 12:10:19.574,0.9367,0.9368,20.80,1.00
2010.04.09 12:10:19.775,0.9367,0.9368,12.00,4.80
2010.04.09 12:10:19.974,0.9367,0.9368,11.20,4.90
2010.04.09 12:10:20.919,0.9367,0.9368,12.00,4.80
2010.04.09 12:10:21.672,0.9367,0.9368,12.00,4.90
2010.04.09 12:10:21.828,0.9367,0.9368,11.50,4.90
2010.04.09 12:10:22.631,0.93675,0.93685,6.40,13.20
2010.04.09 12:10:22.924,0.93675,0.93685,4.80,12.10
2010.04.09 12:10:23.282,0.9368,0.93685,4.00,8.00
2010.04.09 12:10:23.634,0.93675,0.9368,1.60,4.90
2010.04.09 12:10:24.550,0.9367,0.9368,11.60,4.90
2010.04.09 12:10:24.777,0.9367,0.9368,12.00,4.90
2010.04.09 12:10:25.003,0.9367,0.9368,11.20,4.90
2010.04.09 12:10:25.111,0.9367,0.9368,11.60,4.90
2010.04.09 12:10:25.880,0.9367,0.9368,11.70,4.90
2010.04.09 12:10:25.991,0.93675,0.9368,2.40,4.10
2010.04.09 12:10:26.102,0.93675,0.9368,1.00,1.00
2010.04.09 12:10:27.049,0.93675,0.93685,1.00,12.10
2010.04.09 12:10:28.374,0.9368,0.93685,1.00,5.70
2010.04.09 12:10:28.612,0.9368,0.93685,1.00,1.60
2010.04.09 12:10:28.855,0.9368,0.93685,4.80,9.20
2010.04.09 12:10:29.578,0.9367,0.9368,12.40,4.90
2010.04.09 12:10:29.687,0.9367,0.9368,10.40,6.50
2010.04.09 12:10:30.524,0.9367,0.9368,11.20,6.50
2010.04.09 12:10:32.240,0.93665,0.9367,1.60,4.80
2010.04.09 12:10:33.011,0.93665,0.9367,5.60,1.00
2010.04.09 12:10:33.121,0.9367,0.93675,1.00,8.40
2010.04.09 12:10:33.725,0.9367,0.93675,1.00,6.80
2010.04.09 12:10:34.080,0.9367,0.9368,2.40,14.10
2010.04.09 12:10:34.422,0.9367,0.9368,6.40,10.50
2010.04.09 12:10:34.948,0.9367,0.9368,6.40,9.70
2010.04.09 12:10:36.285,0.9367,0.93675,5.60,4.80
2010.04.09 12:10:36.533,0.9367,0.93675,4.00,4.80
2010.04.09 12:10:36.781,0.93665,0.93675,9.60,4.90
2010.04.09 12:10:37.023,0.93665,0.93675,5.60,8.90
2010.04.09 12:10:37.260,0.93665,0.93675,4.00,8.90
2010.04.09 12:10:38.453,0.93665,0.93675,5.60,8.90
2010.04.09 12:10:39.090,0.93665,0.93675,14.40,4.80
2010.04.09 12:10:39.488,0.93665,0.93675,6.40,8.90
2010.04.09 12:10:39.687,0.93665,0.93675,14.40,4.80
2010.04.09 12:10:40.482,0.9367,0.93675,1.00,4.00
2010.04.09 12:10:40.873,0.93665,0.93675,14.40,4.80
2010.04.09 12:10:42.319,0.9367,0.93675,1.00,4.00
2010.04.09 12:10:44.958,0.93665,0.93675,14.80,4.80
2010.04.09 12:10:45.146,0.93665,0.93675,14.40,4.80
2010.04.09 12:10:45.338,0.93665,0.93675,10.40,4.90
2010.04.09 12:10:50.104,0.93665,0.93675,10.40,4.80
2010.04.09 12:10:50.228,0.93665,0.93675,14.40,4.80
2010.04.09 12:10:55.153,0.93665,0.93675,14.40,6.40
2010.04.09 12:10:55.327,0.93665,0.93675,10.40,10.40
2010.04.09 12:10:55.354,0.93665,0.93675,5.60,10.50
2010.04.09 12:10:57.074,0.93665,0.93675,4.00,10.50
2010.04.09 12:10:58.197,0.93665,0.93675,4.80,10.50
2010.04.09 12:10:58.643,0.93665,0.93675,4.00,10.50
2010.04.09 12:10:59.738,0.93665,0.93675,8.80,6.50
2010.04.09 12:11:00.024,0.93665,0.9367,8.00,1.00
2010.04.09 12:11:00.103,0.93665,0.9367,8.00,4.80
2010.04.09 12:11:00.145,0.93665,0.9367,6.40,4.80
2010.04.09 12:11:00.184,0.93665,0.9367,1.60,4.90
2010.04.09 12:11:00.265,0.9366,0.9367,12.40,4.90
2010.04.09 12:11:00.386,0.9366,0.9367,11.20,4.90
2010.04.09 12:11:00.503,0.9366,0.9367,11.20,6.50
2010.04.09 12:11:01.144,0.9366,0.9367,9.60,12.10
2010.04.09 12:11:01.433,0.9366,0.9367,5.60,12.10
2010.04.09 12:11:02.647,0.93655,0.9366,12.00,4.80
2010.04.09 12:11:03.415,0.9365,0.93655,10.80,4.00
2010.04.09 12:11:03.710,0.93645,0.93655,15.20,4.80
2010.04.09 12:11:04.285,0.93645,0.93655,14.40,4.80
2010.04.09 12:11:05.652,0.93645,0.93655,22.40,4.80
2010.04.09 12:11:05.703,0.93655,0.9366,1.60,13.60
2010.04.09 12:11:05.753,0.93655,0.9366,6.40,8.00
2010.04.09 12:11:05.805,0.93655,0.9366,8.00,8.00
2010.04.09 12:11:05.864,0.93655,0.9366,11.20,2.20
2010.04.09 12:11:06.559,0.93655,0.9366,7.20,1.00
2010.04.09 12:11:06.909,0.93655,0.93665,11.20,6.50
2010.04.09 12:11:09.702,0.9365,0.9366,8.80,6.00
2010.04.09 12:11:09.865,0.9365,0.9366,9.60,6.50
2010.04.09 12:11:10.030,0.9365,0.9366,10.00,6.50
2010.04.09 12:11:10.111,0.9365,0.9366,11.60,6.50
2010.04.09 12:11:12.368,0.9365,0.9366,10.80,6.50
2010.04.09 12:11:12.512,0.93655,0.93665,1.00,12.10
2010.04.09 12:11:12.649,0.93655,0.93665,1.60,12.10
2010.04.09 12:11:12.929,0.93655,0.93665,1.00,12.10
2010.04.09 12:11:14.092,0.93655,0.93665,1.00,13.70
2010.04.09 12:11:14.781,0.93655,0.93665,1.00,12.10
2010.04.09 12:11:16.532,0.9366,0.93665,1.00,11.30
2010.04.09 12:11:17.344,0.9366,0.93665,1.00,7.20
2010.04.09 12:11:19.149,0.9366,0.93665,1.60,3.20
2010.04.09 12:11:19.989,0.9366,0.9367,5.60,13.70
2010.04.09 12:11:20.074,0.9366,0.9367,7.60,9.70
2010.04.09 12:11:31.505,0.9366,0.9367,7.20,10.90
2010.04.09 12:11:31.633,0.9366,0.9367,5.60,10.90
2010.04.09 12:11:39.700,0.9366,0.93665,5.60,4.00
2010.04.09 12:11:39.879,0.93655,0.9366,15.60,1.00
2010.04.09 12:11:40.029,0.93655,0.9366,9.60,4.80
2010.04.09 12:11:40.175,0.9365,0.9366,11.20,4.80
2010.04.09 12:11:40.316,0.9365,0.9366,10.40,4.80
2010.04.09 12:11:40.453,0.9365,0.9366,8.80,4.80
2010.04.09 12:11:40.595,0.9365,0.9366,9.60,6.00
2010.04.09 12:11:40.735,0.9365,0.9366,9.60,6.10
2010.04.09 12:11:46.830,0.9365,0.9366,11.20,6.10
2010.04.09 12:11:47.061,0.9365,0.9366,9.60,6.10
2010.04.09 12:11:47.292,0.9365,0.9366,10.00,6.10
2010.04.09 12:11:53.034,0.9365,0.9366,9.60,6.10
2010.04.09 12:11:53.240,0.9365,0.9366,9.60,7.70
2010.04.09 12:11:53.441,0.9365,0.9366,9.60,6.10
2010.04.09 12:11:53.839,0.9365,0.9366,9.60,7.70
2010.04.09 12:11:54.931,0.9365,0.9366,10.00,7.70
2010.04.09 12:11:56.732,0.9365,0.9366,10.00,6.10
2010.04.09 12:11:57.901,0.9365,0.9366,10.00,6.00
2010.04.09 12:11:58.244,0.9365,0.9366,9.60,6.00
2010.04.09 12:11:58.589,0.93655,0.93665,7.20,10.80
2010.04.09 12:11:58.934,0.93655,0.93665,11.20,6.40
2010.04.09 12:11:59.863,0.93655,0.93665,12.80,6.40
2010.04.09 12:12:00.216,0.9366,0.9367,5.60,11.70
2010.04.09 12:12:00.369,0.9366,0.9367,7.20,10.90
2010.04.09 12:12:01.871,0.9366,0.9367,7.60,10.90
2010.04.09 12:12:03.790,0.9366,0.9367,7.20,10.90
2010.04.09 12:12:07.756,0.9366,0.9367,7.60,10.90
2010.04.09 12:12:08.409,0.9366,0.9367,7.60,10.80
2010.04.09 12:12:09.222,0.9366,0.9367,7.60,10.90
2010.04.09 12:12:11.245,0.9366,0.9367,9.20,10.90
2010.04.09 12:12:12.945,0.9366,0.9367,5.20,10.90
2010.04.09 12:12:13.075,0.9366,0.9367,4.80,14.90
2010.04.09 12:12:13.206,0.9366,0.9367,8.80,10.90
2010.04.09 12:12:13.336,0.9366,0.9367,9.20,10.80
2010.04.09 12:12:13.464,0.9366,0.9367,9.20,9.20
2010.04.09 12:12:14.405,0.9366,0.9367,9.60,10.90
2010.04.09 12:12:17.727,0.9366,0.93665,5.60,1.00
2010.04.09 12:12:17.795,0.9366,0.93665,5.60,4.80
2010.04.09 12:12:18.426,0.9366,0.93665,5.60,6.40
2010.04.09 12:12:18.479,0.93655,0.93665,8.80,9.70
2010.04.09 12:12:22.443,0.93655,0.93665,8.80,8.10
2010.04.09 12:12:29.534,0.93655,0.93665,4.00,12.10
2010.04.09 12:12:31.682,0.93655,0.93665,8.40,8.10
2010.04.09 12:12:32.463,0.93655,0.93665,12.50,8.00
2010.04.09 12:12:36.840,0.93655,0.93665,12.60,8.00
2010.04.09 12:12:37.181,0.93655,0.93665,14.20,4.80
2010.04.09 12:12:38.287,0.93655,0.93665,12.70,8.00
2010.04.09 12:12:38.953,0.93655,0.93665,13.60,8.00
2010.04.09 12:12:44.532,0.93655,0.93665,13.70,8.00
2010.04.09 12:12:47.003,0.93655,0.93665,13.70,9.40
2010.04.09 12:13:00.491,0.93655,0.93665,13.60,9.40
2010.04.09 12:13:02.714,0.93655,0.93665,15.10,6.20
2010.04.09 12:13:03.653,0.93655,0.93665,15.10,4.80
2010.04.09 12:13:05.191,0.93655,0.93665,15.20,4.80
2010.04.09 12:13:14.294,0.93655,0.93665,15.20,8.00
2010.04.09 12:13:14.565,0.93655,0.93665,11.20,8.10
2010.04.09 12:13:16.841,0.93655,0.9366,7.20,2.40
2010.04.09 12:13:17.567,0.9365,0.93655,4.00,1.00
2010.04.09 12:13:17.838,0.93645,0.9365,1.60,1.00
2010.04.09 12:13:18.101,0.93645,0.9365,1.60,1.60
2010.04.09 12:13:19.171,0.93645,0.9365,1.60,2.00
2010.04.09 12:13:20.310,0.9364,0.9365,15.20,2.00
2010.04.09 12:13:27.283,0.9364,0.9365,15.20,3.60
2010.04.09 12:13:27.354,0.9364,0.9365,15.20,5.20
2010.04.09 12:13:29.597,0.9364,0.9365,8.70,5.20
2010.04.09 12:13:32.996,0.9364,0.9365,8.70,5.20
2010.04.09 12:13:33.804,0.9364,0.9365,1.60,15.60
2010.04.09 12:13:34.136,0.93635,0.93645,14.40,8.00
2010.04.09 12:13:34.339,0.93635,0.93645,9.60,8.00
2010.04.09 12:13:35.099,0.93635,0.93645,5.60,8.10
2010.04.09 12:13:36.746,0.93635,0.93645,7.20,8.10
2010.04.09 12:13:37.458,0.93635,0.93645,5.50,8.10
2010.04.09 12:13:37.708,0.93635,0.93645,5.50,8.00
2010.04.09 12:13:37.836,0.93635,0.93645,9.50,8.00
2010.04.09 12:13:39.127,0.93635,0.93645,6.40,8.10
2010.04.09 12:13:39.466,0.93635,0.93645,11.10,8.00
2010.04.09 12:13:39.810,0.93635,0.93645,7.10,8.10
2010.04.09 12:13:40.807,0.93635,0.93645,11.10,8.00
2010.04.09 12:13:42.916,0.93635,0.9364,1.60,6.00
2010.04.09 12:13:45.335,0.9363,0.9364,14.30,6.00
2010.04.09 12:13:45.474,0.9363,0.9364,10.30,6.00
2010.04.09 12:13:46.126,0.9363,0.9364,8.70,9.20
2010.04.09 12:13:46.347,0.9363,0.9364,9.60,14.00
2010.04.09 12:13:46.790,0.9363,0.9364,4.00,18.00
2010.04.09 12:13:47.008,0.9363,0.9364,5.60,17.60
2010.04.09 12:13:47.804,0.9363,0.9364,9.60,13.60
2010.04.09 12:13:48.150,0.9363,0.9364,9.60,11.20
2010.04.09 12:13:48.333,0.9363,0.9364,8.00,11.20
2010.04.09 12:13:48.510,0.9363,0.93635,5.60,4.80
2010.04.09 12:13:48.687,0.9363,0.93635,1.60,4.80
2010.04.09 12:13:49.447,0.93625,0.93635,16.00,8.00
2010.04.09 12:13:49.619,0.9363,0.93635,1.00,1.60
2010.04.09 12:13:50.524,0.9363,0.93635,2.40,1.60
2010.04.09 12:13:51.152,0.9363,0.9364,6.40,9.30
2010.04.09 12:13:51.773,0.9363,0.9364,6.40,10.90
2010.04.09 12:13:51.939,0.9363,0.9364,9.60,9.30
2010.04.09 12:13:52.422,0.9363,0.9364,8.00,9.30
2010.04.09 12:13:53.431,0.9363,0.9364,9.60,9.30
2010.04.09 12:13:56.405,0.9363,0.9364,11.20,7.70
2010.04.09 12:13:59.841,0.9363,0.9364,14.30,7.60
2010.04.09 12:14:03.721,0.9363,0.9364,14.40,7.60
2010.04.09 12:14:08.599,0.9363,0.9364,8.80,7.70
2010.04.09 12:14:08.976,0.9363,0.9364,10.40,7.70
2010.04.09 12:14:10.946,0.9363,0.9364,8.80,7.70
2010.04.09 12:14:13.510,0.9363,0.9364,10.40,7.70
2010.04.09 12:14:23.134,0.9363,0.9364,12.00,7.70
2010.04.09 12:14:23.276,0.9363,0.9364,10.40,7.70
2010.04.09 12:14:23.415,0.9363,0.9364,8.80,7.70
2010.04.09 12:14:23.555,0.9363,0.9364,10.40,7.70
2010.04.09 12:14:26.287,0.9363,0.9364,10.40,7.60
2010.04.09 12:14:26.487,0.9363,0.9364,10.40,7.70
2010.04.09 12:14:26.684,0.9363,0.9364,10.40,7.60
2010.04.09 12:14:27.026,0.9363,0.9364,10.80,2.40
2010.04.09 12:14:27.367,0.93635,0.93645,1.00,12.60
2010.04.09 12:14:27.715,0.93635,0.93645,1.60,8.10
2010.04.09 12:14:28.486,0.93635,0.93645,4.80,8.10
2010.04.09 12:14:28.688,0.93635,0.93645,1.00,12.10
2010.04.09 12:14:29.146,0.93635,0.93645,5.60,8.10
2010.04.09 12:14:29.672,0.93635,0.93645,1.60,12.10
2010.04.09 12:14:29.932,0.93635,0.93645,1.00,12.10
2010.04.09 12:14:32.333,0.93635,0.93645,1.00,13.70
2010.04.09 12:14:32.971,0.93635,0.93645,1.00,12.10
2010.04.09 12:14:34.904,0.93635,0.93645,9.60,8.00
2010.04.09 12:14:35.385,0.93635,0.93645,11.20,8.00
2010.04.09 12:14:35.495,0.93635,0.93645,9.60,8.00
2010.04.09 12:14:36.494,0.93635,0.93645,5.60,8.10
2010.04.09 12:14:36.703,0.93635,0.93645,7.20,8.10
2010.04.09 12:14:37.057,0.93635,0.93645,11.20,8.00
2010.04.09 12:14:37.724,0.93635,0.93645,5.60,12.00
2010.04.09 12:14:37.878,0.93635,0.93645,4.80,8.10
2010.04.09 12:14:38.183,0.93635,0.93645,1.00,12.10
2010.04.09 12:14:38.336,0.93635,0.93645,11.20,8.00
2010.04.09 12:14:39.407,0.93635,0.93645,9.60,8.00
2010.04.09 12:14:40.250,0.93635,0.93645,9.60,9.60
2010.04.09 12:14:40.411,0.93635,0.9364,1.60,4.10
2010.04.09 12:14:41.052,0.93635,0.9364,5.60,4.00
2010.04.09 12:14:41.215,0.93635,0.93645,1.00,8.10
2010.04.09 12:14:42.151,0.93635,0.93645,1.00,9.70
2010.04.09 12:14:45.663,0.93635,0.9364,1.00,1.60
2010.04.09 12:14:46.133,0.93635,0.9364,1.00,5.60
2010.04.09 12:14:46.898,0.93635,0.9364,1.00,2.40
2010.04.09 12:14:47.247,0.9363,0.9364,10.40,7.70
2010.04.09 12:14:51.394,0.93635,0.9364,1.60,6.10
2010.04.09 12:14:51.589,0.93635,0.9364,1.00,6.10
2010.04.09 12:14:51.781,0.93635,0.9364,1.00,6.00
2010.04.09 12:14:52.620,0.9363,0.9364,11.20,9.30
2010.04.09 12:14:59.264,0.9364,0.93645,4.00,4.90
2010.04.09 12:15:00.143,0.93635,0.9364,1.00,1.00
2010.04.09 12:15:00.250,0.93635,0.93645,1.00,12.10
2010.04.09 12:15:01.656,0.9364,0.93645,4.80,1.60
2010.04.09 12:15:01.979,0.9364,0.9365,8.00,9.30
2010.04.09 12:15:03.242,0.9364,0.9365,8.80,9.20
2010.04.09 12:15:03.798,0.9364,0.9365,8.80,7.60
2010.04.09 12:15:04.022,0.9364,0.9365,14.40,7.60
2010.04.09 12:15:04.879,0.9364,0.9365,10.40,7.60
2010.04.09 12:15:05.397,0.9364,0.9365,10.40,7.70
2010.04.09 12:15:07.075,0.9364,0.9365,8.80,9.30
2010.04.09 12:15:08.320,0.9364,0.9365,10.40,7.70
2010.04.09 12:15:08.882,0.9364,0.9365,8.80,9.30
2010.04.09 12:15:11.837,0.93635,0.93645,3.20,10.90
2010.04.09 12:15:12.066,0.93635,0.93645,7.20,4.90
2010.04.09 12:15:12.294,0.93635,0.93645,8.80,4.90
2010.04.09 12:15:13.417,0.93635,0.93645,12.80,4.80
2010.04.09 12:15:14.046,0.93635,0.93645,12.80,8.00
2010.04.09 12:15:14.961,0.9364,0.93645,4.80,8.00
2010.04.09 12:15:15.278,0.93635,0.93645,14.40,4.80
2010.04.09 12:15:18.667,0.93635,0.93645,12.80,4.80
2010.04.09 12:15:19.011,0.93635,0.93645,14.40,4.80
2010.04.09 12:15:23.602,0.9364,0.93645,2.40,8.90
2010.04.09 12:15:23.814,0.9364,0.93645,1.60,4.80
2010.04.09 12:15:25.456,0.9364,0.93645,9.60,4.80
2010.04.09 12:15:25.542,0.9364,0.93645,5.60,4.80
2010.04.09 12:15:25.615,0.9364,0.93645,1.60,4.90
2010.04.09 12:15:25.642,0.93635,0.93645,15.20,4.90
2010.04.09 12:15:25.671,0.93635,0.93645,15.20,4.80
2010.04.09 12:15:26.972,0.93635,0.93645,11.20,4.90
2010.04.09 12:15:27.320,0.93635,0.93645,14.40,4.80
2010.04.09 12:15:32.651,0.9364,0.93645,1.00,4.00
2010.04.09 12:15:33.412,0.93635,0.93645,14.70,4.80
2010.04.09 12:15:33.763,0.93635,0.93645,14.30,4.80
2010.04.09 12:15:37.163,0.93635,0.93645,12.70,4.80
2010.04.09 12:15:37.278,0.93635,0.93645,14.30,4.80
2010.04.09 12:15:40.487,0.9364,0.93645,1.00,4.80
2010.04.09 12:15:41.515,0.9364,0.93645,4.70,4.80
2010.04.09 12:15:41.676,0.9364,0.93645,4.00,4.80
2010.04.09 12:15:42.417,0.9364,0.93645,4.70,4.80
2010.04.09 12:15:42.763,0.9364,0.9365,8.70,8.00
2010.04.09 12:15:43.106,0.9364,0.9365,9.90,8.00
2010.04.09 12:15:43.458,0.9364,0.9365,9.10,8.00
2010.04.09 12:15:45.604,0.9364,0.9365,7.50,9.60
2010.04.09 12:15:46.213,0.9364,0.9365,9.10,9.60
2010.04.09 12:15:46.334,0.9364,0.9365,10.70,8.00
2010.04.09 12:15:47.043,0.9364,0.9365,12.30,6.40
2010.04.09 12:15:47.290,0.9364,0.9365,12.40,6.40
2010.04.09 12:15:48.604,0.9364,0.9365,16.40,6.40
2010.04.09 12:15:49.889,0.9364,0.9365,16.80,6.40
2010.04.09 12:15:53.186,0.93645,0.9365,1.00,1.60
2010.04.09 12:15:53.323,0.93645,0.9365,2.40,1.60
2010.04.09 12:15:53.469,0.93645,0.93655,8.40,8.10
2010.04.09 12:15:53.602,0.93645,0.93655,2.80,8.10
2010.04.09 12:15:53.744,0.93645,0.93655,2.80,12.10
2010.04.09 12:15:53.884,0.93645,0.93655,3.20,12.10
2010.04.09 12:15:55.098,0.93645,0.93655,7.20,8.10
2010.04.09 12:15:57.097,0.93645,0.9365,2.40,1.00
2010.04.09 12:15:57.443,0.93645,0.9365,1.60,4.80
2010.04.09 12:15:59.934,0.93645,0.9365,3.20,4.80
2010.04.09 12:15:59.971,0.93645,0.9365,1.60,4.80
2010.04.09 12:16:00.060,0.93645,0.9365,3.20,4.80
2010.04.09 12:16:00.110,0.93645,0.9365,1.60,4.80
2010.04.09 12:16:00.201,0.9364,0.9365,16.40,4.80
2010.04.09 12:16:00.290,0.9364,0.9365,15.40,4.80
2010.04.09 12:16:00.386,0.9364,0.9365,15.60,4.80
2010.04.09 12:16:01.282,0.9364,0.9365,19.60,4.80
2010.04.09 12:16:01.469,0.9364,0.9365,16.80,4.80
2010.04.09 12:16:01.659,0.93645,0.9365,1.60,4.80
2010.04.09 12:16:01.845,0.93645,0.9365,3.20,4.80
2010.04.09 12:16:02.632,0.93645,0.9365,1.60,4.80
2010.04.09 12:16:11.591,0.9364,0.9365,17.60,4.80
2010.04.09 12:16:13.058,0.9364,0.9365,18.40,4.00
2010.04.09 12:16:13.563,0.9364,0.9365,18.20,4.00
2010.04.09 12:16:14.772,0.93645,0.93655,8.00,8.90
2010.04.09 12:16:15.118,0.93645,0.93655,7.20,7.30
2010.04.09 12:16:16.177,0.93645,0.93655,8.00,7.30
2010.04.09 12:16:16.407,0.93645,0.93655,8.00,8.90
2010.04.09 12:16:17.098,0.93645,0.93655,7.20,9.70
2010.04.09 12:16:18.077,0.93645,0.93655,7.20,8.10
2010.04.09 12:16:22.143,0.93645,0.93655,12.00,5.60
2010.04.09 12:16:22.483,0.9365,0.93655,1.00,5.60
2010.04.09 12:16:22.819,0.93645,0.93655,7.20,5.60
2010.04.09 12:16:23.058,0.93645,0.93655,8.00,5.60
2010.04.09 12:16:23.297,0.93645,0.93655,8.80,5.60
2010.04.09 12:16:23.526,0.93645,0.93655,8.40,5.60
2010.04.09 12:16:24.348,0.93645,0.93655,8.40,4.00
2010.04.09 12:16:24.686,0.9365,0.9366,3.20,12.10
2010.04.09 12:16:25.022,0.9365,0.9366,1.60,11.30
2010.04.09 12:16:25.225,0.9365,0.9366,3.20,11.30
2010.04.09 12:16:25.952,0.93645,0.93655,7.60,6.40
2010.04.09 12:16:26.228,0.93645,0.93655,8.40,4.00
2010.04.09 12:16:26.504,0.93645,0.93655,8.00,4.00
2010.04.09 12:16:27.616,0.9365,0.93655,1.00,4.00
2010.04.09 12:16:27.830,0.9365,0.93655,4.80,4.00
2010.04.09 12:16:28.049,0.9365,0.93655,6.40,4.00
2010.04.09 12:16:28.270,0.9365,0.9366,5.60,8.90
2010.04.09 12:16:28.486,0.9365,0.93655,4.80,4.00
2010.04.09 12:16:32.763,0.9365,0.93655,4.80,7.20
2010.04.09 12:16:32.975,0.9364,0.9365,16.80,4.00
2010.04.09 12:16:33.619,0.9364,0.9365,12.00,4.00
2010.04.09 12:16:33.899,0.9364,0.9365,11.20,7.30
2010.04.09 12:16:34.174,0.9364,0.9365,6.40,11.20
2010.04.09 12:16:34.445,0.9364,0.93645,4.80,6.40
2010.04.09 12:16:34.718,0.9364,0.93645,2.40,4.00
2010.04.09 12:16:39.151,0.9364,0.93645,2.40,4.10
2010.04.09 12:16:42.515,0.9364,0.93645,2.40,1.00
2010.04.09 12:16:42.860,0.9364,0.9365,8.80,8.10
2010.04.09 12:16:44.246,0.9364,0.9365,7.20,8.10
2010.04.09 12:16:44.598,0.9364,0.9365,3.20,12.10
2010.04.09 12:16:44.760,0.9364,0.9365,3.20,13.70
2010.04.09 12:16:45.022,0.9364,0.9365,7.20,9.70
2010.04.09 12:16:46.289,0.9364,0.9365,3.20,13.70
2010.04.09 12:16:46.503,0.9364,0.9365,6.40,9.70
2010.04.09 12:16:46.711,0.9364,0.9365,3.20,13.70
2010.04.09 12:16:46.934,0.9364,0.9365,7.20,9.70
2010.04.09 12:16:48.216,0.9364,0.9365,7.20,8.10
2010.04.09 12:16:51.799,0.9364,0.9365,7.20,9.70
2010.04.09 12:16:52.637,0.9364,0.9365,2.40,13.70
2010.04.09 12:16:53.700,0.9364,0.9365,6.40,9.70
2010.04.09 12:16:54.646,0.9364,0.9365,7.20,8.10
2010.04.09 12:16:57.347,0.93635,0.9364,14.00,4.80
2010.04.09 12:16:57.490,0.93635,0.9364,2.00,1.00
2010.04.09 12:16:57.709,0.93635,0.9364,1.60,1.00
2010.04.09 12:16:58.552,0.93635,0.9364,2.40,1.00
2010.04.09 12:16:58.761,0.93635,0.93645,7.60,4.10
2010.04.09 12:16:58.967,0.93635,0.93645,7.20,4.10
2010.04.09 12:16:59.568,0.93635,0.93645,6.40,4.10
2010.04.09 12:16:59.808,0.93635,0.93645,2.40,8.10
2010.04.09 12:17:00.048,0.93635,0.93645,3.20,8.10
2010.04.09 12:17:00.288,0.93635,0.93645,7.20,8.10
2010.04.09 12:17:01.273,0.93635,0.9364,4.80,1.00
2010.04.09 12:17:01.386,0.9363,0.9364,12.40,4.90
2010.04.09 12:17:02.155,0.9363,0.9364,12.40,4.80
2010.04.09 12:17:02.396,0.9363,0.9364,12.40,4.90
2010.04.09 12:17:05.435,0.9363,0.9364,11.60,4.90
2010.04.09 12:17:09.446,0.9364,0.93645,1.00,13.40
2010.04.09 12:17:09.708,0.93635,0.93645,11.20,8.00
2010.04.09 12:17:10.620,0.93635,0.93645,7.20,8.10
2010.04.09 12:17:10.789,0.93635,0.93645,6.40,8.10
2010.04.09 12:17:11.117,0.93635,0.9364,5.60,4.80
2010.04.09 12:17:11.288,0.93635,0.9364,1.60,4.90
2010.04.09 12:17:14.392,0.93635,0.9364,1.60,1.00
2010.04.09 12:17:15.309,0.93635,0.9364,3.20,1.00
2010.04.09 12:17:16.783,0.93635,0.9364,1.60,1.00
2010.04.09 12:17:20.730,0.93635,0.9364,3.20,1.00
2010.04.09 12:17:22.011,0.93635,0.9364,1.60,1.00
2010.04.09 12:17:24.199,0.93635,0.9364,1.60,1.00
2010.04.09 12:17:26.869,0.93635,0.9364,1.60,1.00
2010.04.09 12:17:28.699,0.93635,0.9364,1.60,1.00
2010.04.09 12:17:34.718,0.93635,0.93645,3.20,8.10
2010.04.09 12:17:35.061,0.93635,0.93645,11.60,1.00
2010.04.09 12:17:38.809,0.93635,0.9364,10.80,1.00
2010.04.09 12:17:38.937,0.93635,0.9364,8.00,1.00
2010.04.09 12:17:39.069,0.93635,0.9364,7.20,1.00
2010.04.09 12:17:39.200,0.93635,0.9364,1.60,1.00
2010.04.09 12:17:42.145,0.93635,0.93645,2.40,8.50
2010.04.09 12:17:42.487,0.93635,0.93645,2.40,8.10
2010.04.09 12:17:43.573,0.9364,0.93645,1.00,3.30
2010.04.09 12:17:43.697,0.9364,0.93645,1.00,1.00
2010.04.09 12:17:48.606,0.9364,0.93645,4.00,1.00
2010.04.09 12:17:48.736,0.9364,0.9365,4.00,9.70
2010.04.09 12:17:49.075,0.9364,0.9365,8.00,9.70
2010.04.09 12:17:49.415,0.9364,0.9365,8.00,5.70
2010.04.09 12:17:54.716,0.9364,0.9365,4.00,8.10
2010.04.09 12:17:55.653,0.9364,0.9365,8.00,4.10
2010.04.09 12:17:55.829,0.9364,0.9365,11.20,2.50
2010.04.09 12:17:56.773,0.9364,0.9365,5.60,6.50
2010.04.09 12:17:57.671,0.9364,0.9365,9.60,2.50
2010.04.09 12:17:58.534,0.9364,0.9365,9.60,2.40
2010.04.09 12:17:58.601,0.9364,0.9365,8.80,2.40
2010.04.09 12:18:01.100,0.9364,0.9365,10.40,2.40
2010.04.09 12:18:02.183,0.9364,0.9365,10.40,2.50
2010.04.09 12:18:02.803,0.9364,0.9365,9.60,4.10
2010.04.09 12:18:03.693,0.9364,0.9365,9.60,2.50
2010.04.09 12:18:07.293,0.9364,0.9365,11.20,2.50
2010.04.09 12:18:07.646,0.9364,0.9365,10.40,2.40
2010.04.09 12:18:09.499,0.9364,0.9365,11.00,2.40
2010.04.09 12:18:10.810,0.9364,0.9365,9.40,4.00
2010.04.09 12:18:11.545,0.9364,0.9365,11.80,2.40
2010.04.09 12:18:11.628,0.9364,0.9365,11.00,2.40
2010.04.09 12:18:13.820,0.9364,0.9365,9.40,2.40
2010.04.09 12:18:19.454,0.9364,0.9365,10.20,2.50
2010.04.09 12:18:19.801,0.9364,0.9365,9.40,2.40
2010.04.09 12:18:30.885,0.9364,0.9365,9.40,6.40
2010.04.09 12:18:35.503,0.9364,0.9365,15.00,6.40
2010.04.09 12:18:35.656,0.9365,0.93655,1.00,13.20
2010.04.09 12:18:35.756,0.9365,0.93655,1.00,5.70
2010.04.09 12:18:35.854,0.9365,0.93655,1.00,1.00
2010.04.09 12:18:35.953,0.9365,0.9366,1.00,17.70
2010.04.09 12:18:36.636,0.9365,0.9366,1.00,14.10
2010.04.09 12:18:36.929,0.9365,0.9366,5.60,9.70
2010.04.09 12:18:38.165,0.9365,0.9366,7.20,8.10
2010.04.09 12:18:38.275,0.9365,0.9366,7.20,9.70
2010.04.09 12:18:49.702,0.9365,0.9366,7.60,9.70
2010.04.09 12:18:50.042,0.9365,0.9366,8.40,9.60
2010.04.09 12:18:50.384,0.9365,0.9366,16.20,6.40
2010.04.09 12:18:51.327,0.93655,0.93665,12.80,8.40
2010.04.09 12:18:51.546,0.9366,0.93665,1.00,7.20
2010.04.09 12:18:51.762,0.9366,0.9367,4.80,10.50
2010.04.09 12:18:52.099,0.9366,0.9367,5.60,10.50
2010.04.09 12:18:53.653,0.9366,0.9367,7.20,9.70
2010.04.09 12:18:55.038,0.9366,0.9367,7.20,5.70
2010.04.09 12:18:55.601,0.93655,0.93665,12.80,1.00
2010.04.09 12:18:56.400,0.93655,0.93665,16.80,1.00
2010.04.09 12:18:56.517,0.9366,0.9367,7.20,4.10
2010.04.09 12:18:56.741,0.9366,0.9367,8.80,4.10
2010.04.09 12:18:56.960,0.9366,0.9367,12.00,4.10
2010.04.09 12:18:57.291,0.93665,0.9367,1.00,1.00
2010.04.09 12:18:57.400,0.93665,0.93675,8.80,8.80
2010.04.09 12:18:57.702,0.93665,0.93675,12.80,4.00
2010.04.09 12:19:00.332,0.9367,0.9368,4.80,10.40
2010.04.09 12:19:01.099,0.9367,0.9368,7.20,4.00
2010.04.09 12:19:01.297,0.9367,0.9368,12.80,4.00
2010.04.09 12:19:02.817,0.9367,0.9368,9.60,4.10
2010.04.09 12:19:03.076,0.9367,0.9368,12.80,4.00
2010.04.09 12:19:03.588,0.9367,0.9368,12.80,5.60
2010.04.09 12:19:04.237,0.9367,0.9368,12.80,4.00
2010.04.09 12:19:04.508,0.9366,0.9367,3.30,15.30
2010.04.09 12:19:04.771,0.93655,0.9367,14.00,15.40
2010.04.09 12:19:05.034,0.93655,0.93665,13.60,1.60
2010.04.09 12:19:05.676,0.93655,0.93665,15.20,1.60
2010.04.09 12:19:05.958,0.9366,0.9367,2.40,12.90
2010.04.09 12:19:06.155,0.9366,0.9367,6.40,4.90
2010.04.09 12:19:06.920,0.9366,0.9367,7.20,3.30
2010.04.09 12:19:07.270,0.93655,0.9367,16.40,13.70
2010.04.09 12:19:07.619,0.93655,0.9367,13.60,15.30
2010.04.09 12:19:07.957,0.93655,0.9367,15.20,15.30
2010.04.09 12:19:09.240,0.93655,0.9367,15.20,15.70
2010.04.09 12:19:10.816,0.93655,0.93665,15.20,1.60
2010.04.09 12:19:11.656,0.93655,0.93665,13.60,1.60
2010.04.09 12:19:13.918,0.93655,0.93665,15.20,1.60
2010.04.09 12:19:14.553,0.93655,0.93665,13.60,1.60
2010.04.09 12:19:23.016,0.93655,0.93665,5.60,1.60
2010.04.09 12:19:23.161,0.93655,0.93665,5.60,1.70
2010.04.09 12:19:25.830,0.93655,0.93665,4.80,1.70
2010.04.09 12:19:26.201,0.93655,0.93665,4.80,5.70
2010.04.09 12:19:26.272,0.93655,0.93665,3.20,7.30
2010.04.09 12:19:26.341,0.93655,0.93665,3.20,8.90
2010.04.09 12:19:26.536,0.9365,0.93665,9.40,18.10
2010.04.09 12:19:26.734,0.9365,0.9366,11.80,1.00
2010.04.09 12:19:26.924,0.9365,0.9366,14.20,1.70
2010.04.09 12:19:27.713,0.93655,0.9366,1.60,1.60
2010.04.09 12:19:28.172,0.9365,0.9366,18.60,1.60
2010.04.09 12:19:28.407,0.9365,0.9366,16.00,1.60
2010.04.09 12:19:28.649,0.9365,0.9366,16.00,1.70
2010.04.09 12:19:28.996,0.93655,0.9366,1.60,1.60
2010.04.09 12:19:30.700,0.93655,0.93665,1.60,8.90
2010.04.09 12:19:31.104,0.93655,0.93665,8.00,4.90
2010.04.09 12:19:31.184,0.93655,0.93665,12.00,4.80
2010.04.09 12:19:31.260,0.93655,0.93665,12.00,3.20
2010.04.09 12:19:31.410,0.9366,0.93665,4.00,3.20
2010.04.09 12:19:31.490,0.9366,0.93665,8.00,3.20
2010.04.09 12:19:33.570,0.93655,0.93665,12.00,3.20
2010.04.09 12:19:33.963,0.93655,0.93665,12.00,4.80
2010.04.09 12:19:34.781,0.93655,0.93665,12.00,3.20
2010.04.09 12:19:35.770,0.93655,0.93665,12.00,4.80
2010.04.09 12:19:36.040,0.93655,0.93665,8.00,8.80
2010.04.09 12:19:36.782,0.93655,0.93665,3.20,8.90
2010.04.09 12:19:39.411,0.93655,0.93665,11.20,4.80
2010.04.09 12:19:39.558,0.93655,0.93665,12.00,1.60
2010.04.09 12:19:39.698,0.93655,0.93665,12.00,1.70
2010.04.09 12:19:39.839,0.93655,0.93665,8.00,1.70
2010.04.09 12:19:39.977,0.93655,0.93665,7.20,1.70
2010.04.09 12:19:40.258,0.93655,0.93665,3.20,5.70
2010.04.09 12:19:42.357,0.93655,0.93665,8.00,5.70
2010.04.09 12:19:42.521,0.93655,0.93665,3.20,5.70
2010.04.09 12:19:45.426,0.93655,0.93665,4.00,5.70
2010.04.09 12:19:45.637,0.93655,0.93665,12.00,1.60
2010.04.09 12:19:46.057,0.93655,0.93665,13.60,1.60
2010.04.09 12:19:47.042,0.93655,0.93665,15.20,1.60
2010.04.09 12:19:47.087,0.9366,0.93665,1.00,1.60
2010.04.09 12:19:48.021,0.93655,0.93665,15.20,1.60
2010.04.09 12:19:52.445,0.93655,0.93665,15.60,1.60
2010.04.09 12:19:52.676,0.93655,0.9367,20.40,10.90
2010.04.09 12:19:53.534,0.9366,0.9367,8.00,3.20
2010.04.09 12:19:53.769,0.9366,0.9367,12.00,1.70
2010.04.09 12:19:55.158,0.9366,0.9367,9.60,3.30
2010.04.09 12:19:55.944,0.9366,0.9367,9.60,1.70
2010.04.09 12:19:56.106,0.9366,0.9367,11.20,1.70
2010.04.09 12:19:59.134,0.9366,0.9367,16.40,1.60
2010.04.09 12:19:59.273,0.9366,0.9367,12.40,1.70
2010.04.09 12:20:00.464,0.9366,0.9367,12.40,1.70
2010.04.09 12:20:01.202,0.93665,0.93675,6.40,4.10
2010.04.09 12:20:01.300,0.93665,0.93675,2.40,7.30
2010.04.09 12:20:01.393,0.93665,0.93675,1.60,7.30
2010.04.09 12:20:06.326,0.93665,0.93675,1.60,8.90
2010.04.09 12:20:06.462,0.93665,0.93675,1.60,7.30
2010.04.09 12:20:07.065,0.93665,0.93675,1.60,8.90
2010.04.09 12:20:08.202,0.93665,0.93675,1.60,7.30
2010.04.09 12:20:08.521,0.93665,0.93675,1.60,11.30
2010.04.09 12:20:09.264,0.9366,0.9367,13.20,1.00
2010.04.09 12:20:09.602,0.9366,0.9367,12.80,1.70
2010.04.09 12:20:11.506,0.9366,0.9367,12.00,1.70
2010.04.09 12:20:12.653,0.9366,0.9367,10.40,1.70
2010.04.09 12:20:12.999,0.9366,0.9367,11.20,1.70
2010.04.09 12:20:13.347,0.9366,0.9367,12.80,1.60
2010.04.09 12:20:13.858,0.9366,0.9367,12.00,1.60
2010.04.09 12:20:15.115,0.9366,0.9367,10.40,1.70
2010.04.09 12:20:15.332,0.9366,0.9367,12.00,1.70
2010.04.09 12:20:16.364,0.9366,0.9367,12.00,1.60
2010.04.09 12:20:18.218,0.9366,0.9367,11.20,1.60
2010.04.09 12:20:18.866,0.9366,0.9367,9.60,1.60
2010.04.09 12:20:19.014,0.9366,0.9367,10.40,1.70
2010.04.09 12:20:19.158,0.9366,0.9367,10.40,1.60
2010.04.09 12:20:19.729,0.9366,0.9367,12.00,1.60
2010.04.09 12:20:24.516,0.9366,0.9367,12.80,1.60
2010.04.09 12:20:25.950,0.9366,0.9367,16.80,1.60
2010.04.09 12:20:26.053,0.93665,0.93675,9.60,3.60
2010.04.09 12:20:26.151,0.93665,0.93675,9.60,3.20
2010.04.09 12:20:26.347,0.93665,0.93675,10.40,3.20
2010.04.09 12:20:32.363,0.9367,0.93675,1.60,3.20
2010.04.09 12:20:32.637,0.9367,0.93675,1.60,1.60
2010.04.09 12:20:32.909,0.9367,0.9368,1.60,8.90
2010.04.09 12:20:33.190,0.93665,0.9367,16.00,1.00
2010.04.09 12:20:34.055,0.93625,0.9365,1.00,2.50
2010.04.09 12:20:34.242,0.9362,0.9365,5.60,4.90
2010.04.09 12:20:34.956,0.93625,0.9365,1.00,4.10
2010.04.09 12:20:35.306,0.93635,0.9364,2.40,4.10
2010.04.09 12:20:36.894,0.9364,0.93645,1.00,7.40
2010.04.09 12:20:37.213,0.9364,0.93645,1.00,1.00
2010.04.09 12:20:37.427,0.9364,0.93645,2.40,1.00
2010.04.09 12:20:37.647,0.9364,0.93645,2.40,4.10
2010.04.09 12:20:38.532,0.93645,0.9365,1.00,5.70
2010.04.09 12:20:38.698,0.93645,0.9365,4.00,1.60
2010.04.09 12:20:38.857,0.93645,0.93655,4.00,9.70
2010.04.09 12:20:40.893,0.93645,0.9365,3.20,1.00
2010.04.09 12:20:40.945,0.93645,0.9365,3.20,1.00
2010.04.09 12:20:40.993,0.93645,0.9365,1.60,1.00
2010.04.09 12:20:41.094,0.9364,0.9365,5.60,1.00
2010.04.09 12:20:41.204,0.9364,0.9365,4.80,1.00
2010.04.09 12:20:41.316,0.9364,0.9365,6.40,1.00
2010.04.09 12:20:41.729,0.93645,0.93655,2.40,13.70
2010.04.09 12:20:42.652,0.93645,0.93655,2.40,5.70
2010.04.09 12:20:43.038,0.93645,0.9365,1.60,2.40
2010.04.09 12:20:43.234,0.9364,0.9365,5.60,4.00
2010.04.09 12:20:43.618,0.9364,0.9365,5.60,2.50
2010.04.09 12:20:44.910,0.9364,0.9365,5.60,2.40
2010.04.09 12:20:45.043,0.9364,0.9365,5.60,4.00
2010.04.09 12:20:45.188,0.9364,0.9365,5.60,5.60
2010.04.09 12:20:51.753,0.9364,0.9365,5.60,2.40
2010.04.09 12:20:51.911,0.9365,0.93655,1.00,6.40
2010.04.09 12:20:52.067,0.9365,0.9366,1.00,6.00
2010.04.09 12:20:52.225,0.9365,0.9366,2.40,6.00
2010.04.09 12:20:52.380,0.9365,0.9366,4.00,5.60
2010.04.09 12:20:52.533,0.9365,0.9366,4.00,4.00
2010.04.09 12:20:52.966,0.9366,0.93665,1.00,10.40
2010.04.09 12:20:53.774,0.93655,0.93665,1.00,5.60
2010.04.09 12:20:53.928,0.93655,0.93665,2.40,5.60
2010.04.09 12:20:54.376,0.9366,0.93665,1.00,4.80
2010.04.09 12:20:54.673,0.93655,0.93665,4.00,5.60
2010.04.09 12:20:55.410,0.93655,0.93665,2.40,4.00
2010.04.09 12:20:56.039,0.93655,0.9366,1.60,1.00
2010.04.09 12:20:59.392,0.9364,0.93645,51.00,1.00
2010.04.09 12:20:59.671,0.93625,0.9363,36.20,1.00
2010.04.09 12:20:59.965,0.93635,0.9364,1.60,17.50
2010.04.09 12:21:00.833,0.93625,0.93635,3.20,1.00
2010.04.09 12:21:01.137,0.93625,0.93635,2.40,4.00
2010.04.09 12:21:01.878,0.93625,0.93635,4.00,4.00
2010.04.09 12:21:02.031,0.9363,0.93635,1.00,3.20
2010.04.09 12:21:02.182,0.9363,0.9364,1.00,6.40
2010.04.09 12:21:03.007,0.9364,0.93645,1.00,5.80
2010.04.09 12:21:03.329,0.9364,0.9365,4.80,5.60
2010.04.09 12:21:03.511,0.9364,0.9365,3.20,5.60
2010.04.09 12:21:04.858,0.93635,0.9364,15.60,1.00
2010.04.09 12:21:05.061,0.93635,0.9364,1.20,2.40
2010.04.09 12:21:05.868,0.93625,0.9363,2.40,1.00
2010.04.09 12:21:06.199,0.93625,0.93635,3.20,12.00
2010.04.09 12:21:06.310,0.93625,0.93635,3.20,8.40
2010.04.09 12:21:06.420,0.9363,0.93635,1.00,3.20
2010.04.09 12:21:07.450,0.93625,0.93635,4.80,4.00
2010.04.09 12:21:08.043,0.9363,0.9364,1.00,10.80
2010.04.09 12:21:08.341,0.9363,0.9364,1.00,5.60
2010.04.09 12:21:08.650,0.9363,0.9364,8.00,2.40
2010.04.09 12:21:08.962,0.9364,0.93645,1.00,5.60
2010.04.09 12:21:09.818,0.9364,0.9365,2.40,6.80
2010.04.09 12:21:10.039,0.9364,0.9365,1.60,11.20
2010.04.09 12:21:10.270,0.9363,0.93635,20.80,1.60
2010.04.09 12:21:10.501,0.9362,0.9363,5.60,1.50
2010.04.09 12:21:10.728,0.9362,0.93635,4.80,20.40
2010.04.09 12:21:10.949,0.9362,0.9363,2.40,3.20
2010.04.09 12:21:11.988,0.9362,0.9363,4.80,3.20
2010.04.09 12:21:12.217,0.9362,0.93635,4.80,8.20
2010.04.09 12:21:13.206,0.9362,0.93635,6.40,8.20
2010.04.09 12:21:17.027,0.93625,0.93635,1.60,7.60
2010.04.09 12:21:19.512,0.93625,0.93635,1.60,8.00
2010.04.09 12:21:21.333,0.93625,0.93635,1.60,10.00
2010.04.09 12:21:21.583,0.93625,0.93635,1.60,8.80
2010.04.09 12:21:22.268,0.9362,0.93635,7.20,8.80
2010.04.09 12:21:27.411,0.9362,0.93635,7.20,9.20
2010.04.09 12:21:27.461,0.9362,0.93635,7.20,10.80
2010.04.09 12:21:31.349,0.93625,0.93635,1.60,10.80
2010.04.09 12:21:31.450,0.93625,0.93635,1.60,9.60
2010.04.09 12:21:31.702,0.93625,0.93635,1.60,9.20
2010.04.09 12:21:32.870,0.93625,0.93635,1.60,10.20
2010.04.09 12:21:33.190,0.93625,0.93635,1.60,11.00
2010.04.09 12:21:33.510,0.93625,0.93635,3.20,8.20
2010.04.09 12:21:35.725,0.93625,0.93635,1.60,9.80
2010.04.09 12:21:35.941,0.9362,0.93635,8.00,9.50
2010.04.09 12:21:36.909,0.9362,0.93635,8.00,9.80
2010.04.09 12:21:38.848,0.93625,0.93635,1.60,9.80
2010.04.09 12:21:40.157,0.93625,0.93635,3.20,8.20
2010.04.09 12:21:41.499,0.93625,0.93635,1.60,6.60
2010.04.09 12:21:41.702,0.93625,0.93635,1.60,9.80
2010.04.09 12:21:43.006,0.9362,0.9363,7.20,6.60
2010.04.09 12:21:45.430,0.9363,0.93635,1.00,8.80
2010.04.09 12:21:45.676,0.93625,0.93635,6.40,6.80
2010.04.09 12:21:45.921,0.93625,0.93635,6.40,6.40
2010.04.09 12:21:46.198,0.93625,0.93635,5.60,6.40
2010.04.09 12:21:46.472,0.9363,0.93635,1.00,1.60
2010.04.09 12:21:47.019,0.93615,0.9362,11.20,4.80
2010.04.09 12:21:47.669,0.93615,0.9362,1.00,4.80
2010.04.09 12:21:47.912,0.9361,0.9362,5.60,5.90
2010.04.09 12:21:48.307,0.9361,0.9362,5.60,5.80
2010.04.09 12:21:50.567,0.9361,0.9362,5.60,7.40
2010.04.09 12:21:50.681,0.93615,0.9362,1.00,5.00
2010.04.09 12:21:50.789,0.93615,0.9362,1.00,1.00
2010.04.09 12:21:50.899,0.93615,0.9362,2.40,1.00
2010.04.09 12:21:51.009,0.93615,0.93625,2.40,8.00
2010.04.09 12:21:51.117,0.93615,0.93625,2.40,9.60
2010.04.09 12:21:51.226,0.93615,0.93625,2.40,8.00
2010.04.09 12:21:52.027,0.93615,0.9362,3.20,1.00
2010.04.09 12:21:52.312,0.93615,0.9362,1.60,5.80
2010.04.09 12:21:58.764,0.9361,0.9362,5.60,5.80
2010.04.09 12:21:59.064,0.9361,0.9362,7.20,5.80
2010.04.09 12:21:59.839,0.9361,0.9362,5.60,7.40
2010.04.09 12:22:00.116,0.9361,0.9362,5.60,5.80
2010.04.09 12:22:00.395,0.9361,0.9362,5.60,7.80
2010.04.09 12:22:02.516,0.9361,0.93615,4.00,4.00
2010.04.09 12:22:02.668,0.9361,0.93615,1.60,11.40
2010.04.09 12:22:02.815,0.93605,0.9361,2.40,5.80
2010.04.09 12:22:04.045,0.93605,0.9361,1.60,5.80
2010.04.09 12:22:06.427,0.93605,0.93615,4.80,8.00
2010.04.09 12:22:06.896,0.93605,0.93615,5.60,6.40
2010.04.09 12:22:08.526,0.9361,0.93615,1.00,4.00
2010.04.09 12:22:09.762,0.93605,0.93615,7.20,4.80
2010.04.09 12:22:09.851,0.93605,0.93615,6.00,4.80
2010.04.09 12:22:10.194,0.93605,0.93615,6.80,4.80
2010.04.09 12:22:11.022,0.9361,0.9362,1.00,10.80
2010.04.09 12:22:11.176,0.9361,0.9362,2.40,10.80
2010.04.09 12:22:14.177,0.93605,0.93615,8.10,4.80
2010.04.09 12:22:14.861,0.93605,0.93615,8.50,4.80
2010.04.09 12:22:15.321,0.93605,0.93615,7.70,4.80
2010.04.09 12:22:16.315,0.9361,0.93615,1.00,5.60
2010.04.09 12:22:16.455,0.9361,0.93615,1.00,1.60
2010.04.09 12:22:16.723,0.9361,0.9362,1.00,12.60
2010.04.09 12:22:17.350,0.9361,0.9362,1.00,12.20
2010.04.09 12:22:17.702,0.9361,0.9362,1.00,10.60
2010.04.09 12:22:19.643,0.9361,0.9362,1.00,9.60
2010.04.09 12:22:20.650,0.9361,0.9362,2.40,9.60
2010.04.09 12:22:21.841,0.9361,0.9362,4.00,9.60
2010.04.09 12:22:23.142,0.9361,0.9362,4.00,8.00
2010.04.09 12:22:23.201,0.9361,0.9362,4.40,8.00
2010.04.09 12:22:23.840,0.9362,0.93625,1.00,12.90
2010.04.09 12:22:24.189,0.9362,0.93625,2.40,4.00
2010.04.09 12:22:24.539,0.9362,0.93625,1.00,4.00
2010.04.09 12:22:24.887,0.93615,0.93625,5.20,4.80
2010.04.09 12:22:25.845,0.93615,0.93625,4.80,4.80
2010.04.09 12:22:26.200,0.9362,0.93625,1.00,4.00
2010.04.09 12:22:26.346,0.93615,0.93625,8.40,4.80
2010.04.09 12:22:27.095,0.93615,0.93625,9.60,4.80
2010.04.09 12:22:27.248,0.9362,0.93625,1.00,4.00
2010.04.09 12:22:29.506,0.93615,0.93625,4.00,4.80
2010.04.09 12:22:30.864,0.93615,0.93625,6.00,4.80
2010.04.09 12:22:31.116,0.9362,0.93625,1.00,4.00
2010.04.09 12:22:33.537,0.93625,0.93635,4.00,2.80
2010.04.09 12:22:33.744,0.9363,0.93635,1.00,1.60
2010.04.09 12:22:33.971,0.9363,0.9364,1.00,10.80
2010.04.09 12:22:34.204,0.9363,0.9364,1.00,10.40
2010.04.09 12:22:34.895,0.9363,0.93635,1.00,1.60
2010.04.09 12:22:35.238,0.9363,0.9364,1.00,11.40
2010.04.09 12:22:36.729,0.9363,0.9364,1.00,11.20
2010.04.09 12:22:38.035,0.9363,0.9364,1.00,10.40
2010.04.09 12:22:39.061,0.9363,0.9364,2.40,9.60
2010.04.09 12:22:39.526,0.93625,0.9363,9.20,1.00
2010.04.09 12:22:39.758,0.9363,0.9364,2.40,7.30
2010.04.09 12:22:39.997,0.9363,0.9364,2.40,10.00
2010.04.09 12:22:41.024,0.93635,0.93645,1.00,6.00
2010.04.09 12:22:41.375,0.9364,0.9365,1.00,14.50
2010.04.09 12:22:41.479,0.9364,0.9365,1.00,6.40
2010.04.09 12:22:41.587,0.9364,0.93645,1.00,1.60
2010.04.09 12:22:41.786,0.9364,0.9365,1.00,10.40
2010.04.09 12:22:47.723,0.93635,0.93645,13.60,1.00
2010.04.09 12:22:48.272,0.93635,0.93645,15.20,1.00
2010.04.09 12:22:49.145,0.93635,0.93645,15.30,1.00
2010.04.09 12:22:50.021,0.9364,0.9365,3.30,4.00
2010.04.09 12:22:50.279,0.9364,0.9365,7.20,4.00
2010.04.09 12:22:51.274,0.9364,0.9365,7.80,4.00
2010.04.09 12:22:51.515,0.9364,0.9365,7.20,4.00
2010.04.09 12:22:52.582,0.93645,0.9365,1.00,1.60
2010.04.09 12:22:52.835,0.93645,0.93655,4.00,2.40
2010.04.09 12:22:53.088,0.9365,0.93655,1.00,1.60
2010.04.09 12:22:53.340,0.9365,0.9366,2.40,6.40
2010.04.09 12:22:54.231,0.9365,0.9366,4.00,4.00
2010.04.09 12:22:54.581,0.93655,0.9366,3.20,1.00
2010.04.09 12:22:54.891,0.9365,0.9366,6.40,1.00
2010.04.09 12:22:56.635,0.9365,0.93655,3.20,1.00
2010.04.09 12:22:56.805,0.93645,0.9365,20.40,1.00
2010.04.09 12:22:57.437,0.9365,0.93655,1.60,4.80
2010.04.09 12:22:57.793,0.93645,0.93655,3.20,5.60
2010.04.09 12:22:58.132,0.93645,0.93655,2.40,5.60
2010.04.09 12:22:58.932,0.9364,0.9365,12.40,1.00
2010.04.09 12:22:59.132,0.9364,0.9365,4.80,1.00
2010.04.09 12:22:59.829,0.9364,0.9365,2.40,1.00
2010.04.09 12:23:00.129,0.9364,0.9365,1.00,5.60
2010.04.09 12:23:01.551,0.9365,0.93655,1.00,10.80
2010.04.09 12:23:01.651,0.93645,0.9365,1.00,2.40
2010.04.09 12:23:02.358,0.93645,0.93655,1.00,5.60
2010.04.09 12:23:05.224,0.93645,0.93655,1.00,9.60
2010.04.09 12:23:05.518,0.9364,0.9365,10.20,1.00
2010.04.09 12:23:06.667,0.9364,0.9365,10.20,2.40
2010.04.09 12:23:08.628,0.9364,0.9365,10.20,1.00
2010.04.09 12:23:08.810,0.9364,0.9365,10.30,1.00
2010.04.09 12:23:09.036,0.9364,0.9365,11.10,1.00
2010.04.09 12:23:10.397,0.9364,0.9365,10.30,1.00
2010.04.09 12:23:10.886,0.9364,0.9365,10.70,1.00
2010.04.09 12:23:11.138,0.93645,0.93655,1.00,12.40
2010.04.09 12:23:11.393,0.93645,0.93655,3.60,4.00
2010.04.09 12:23:12.181,0.93645,0.93655,5.20,2.40
2010.04.09 12:23:12.443,0.93645,0.93655,4.80,2.40
2010.04.09 12:23:15.138,0.93645,0.93655,4.00,2.40
2010.04.09 12:23:20.894,0.9365,0.9366,1.00,5.60
2010.04.09 12:23:21.259,0.93645,0.93655,10.00,1.00
2010.04.09 12:23:21.607,0.93645,0.93655,8.80,1.00
2010.04.09 12:23:22.259,0.93645,0.93655,4.80,1.00
2010.04.09 12:23:25.436,0.9365,0.9366,1.00,4.00
2010.04.09 12:23:25.665,0.9365,0.9366,1.60,4.00
2010.04.09 12:23:26.479,0.9365,0.9366,3.20,4.00
2010.04.09 12:23:26.728,0.9365,0.9366,4.80,5.60
2010.04.09 12:23:26.965,0.9365,0.9366,4.80,4.00
2010.04.09 12:23:28.035,0.9365,0.9366,3.20,4.00
2010.04.09 12:23:28.714,0.9365,0.9366,3.20,5.60
2010.04.09 12:23:31.087,0.93645,0.9365,9.20,1.00
2010.04.09 12:23:31.350,0.9364,0.93645,4.40,1.00
2010.04.09 12:23:32.192,0.9364,0.9365,4.00,4.80
2010.04.09 12:23:38.293,0.9364,0.9365,4.00,3.20
2010.04.09 12:23:39.132,0.9364,0.9365,5.60,3.20
2010.04.09 12:23:40.180,0.9365,0.93655,2.40,10.40
2010.04.09 12:23:40.375,0.9365,0.93655,4.00,2.00
2010.04.09 12:23:41.178,0.93645,0.93655,1.60,3.20
2010.04.09 12:23:44.343,0.93645,0.93655,1.60,4.80
2010.04.09 12:23:47.129,0.93645,0.93655,1.60,3.20
2010.04.09 12:23:48.679,0.93645,0.93655,4.80,3.20
2010.04.09 12:23:49.483,0.93645,0.93655,4.80,4.80
2010.04.09 12:23:52.158,0.93645,0.93655,4.80,3.20
2010.04.09 12:23:52.929,0.93645,0.93655,4.80,4.80
2010.04.09 12:23:55.077,0.9365,0.93655,1.00,3.20
2010.04.09 12:23:55.995,0.9365,0.9366,1.60,7.70
2010.04.09 12:23:56.446,0.9365,0.9366,1.60,6.30
2010.04.09 12:23:56.557,0.93645,0.93655,13.20,2.40
2010.04.09 12:23:56.669,0.9365,0.9366,1.00,7.50
2010.04.09 12:23:56.779,0.93645,0.9366,6.80,13.10
2010.04.09 12:23:56.997,0.93645,0.9366,5.60,13.10
2010.04.09 12:23:57.894,0.93645,0.9366,9.60,9.10
2010.04.09 12:23:58.247,0.9365,0.9366,1.00,10.90
2010.04.09 12:23:58.593,0.93645,0.9366,6.40,17.30
2010.04.09 12:23:58.805,0.93645,0.9366,6.40,13.10
2010.04.09 12:23:59.768,0.93645,0.9366,6.40,13.70
2010.04.09 12:24:02.295,0.93645,0.9366,6.40,13.90
2010.04.09 12:24:04.119,0.93645,0.9366,6.40,13.70
2010.04.09 12:24:06.367,0.93645,0.93655,4.80,3.20
2010.04.09 12:24:06.459,0.93655,0.93665,2.40,4.20
2010.04.09 12:24:06.547,0.93655,0.93665,3.20,5.70
2010.04.09 12:24:06.637,0.93655,0.93665,1.60,7.30
2010.04.09 12:24:07.293,0.93655,0.93665,1.60,5.70
2010.04.09 12:24:07.375,0.93655,0.93665,1.60,5.30
2010.04.09 12:24:08.395,0.93655,0.93665,1.60,4.50
2010.04.09 12:24:11.841,0.93655,0.93665,1.60,6.10
2010.04.09 12:24:12.079,0.9365,0.9366,7.20,1.60
2010.04.09 12:24:12.726,0.93655,0.9366,1.60,1.60
2010.04.09 12:24:13.064,0.93655,0.93665,1.60,4.40
2010.04.09 12:24:13.878,0.9365,0.93665,8.00,14.00
2010.04.09 12:24:14.324,0.9365,0.93665,8.80,14.00
2010.04.09 12:24:16.276,0.9365,0.93665,8.80,14.90
2010.04.09 12:24:17.990,0.9365,0.93665,8.90,14.90
2010.04.09 12:24:18.671,0.9365,0.93665,8.90,14.90
2010.04.09 12:24:18.851,0.9365,0.93665,8.90,14.20
2010.04.09 12:24:19.201,0.9365,0.93665,8.90,13.60
2010.04.09 12:24:21.991,0.9365,0.93665,7.30,13.60
2010.04.09 12:24:24.087,0.9366,0.93665,1.00,3.20
2010.04.09 12:24:24.386,0.93655,0.9367,4.80,13.00
2010.04.09 12:24:24.687,0.93655,0.93665,4.80,3.20
2010.04.09 12:24:25.564,0.9365,0.93665,8.90,13.80
2010.04.09 12:24:25.922,0.9364,0.9365,4.00,2.20
2010.04.09 12:24:26.072,0.9364,0.9365,4.40,2.20
2010.04.09 12:24:26.223,0.93645,0.9365,1.00,6.20
2010.04.09 12:24:26.680,0.9364,0.9365,3.60,6.20
2010.04.09 12:24:27.567,0.9364,0.9365,1.00,13.20
2010.04.09 12:24:28.093,0.93635,0.93645,9.60,1.00
2010.04.09 12:24:29.457,0.9364,0.9365,1.00,13.20
2010.04.09 12:24:29.713,0.9364,0.9365,1.00,8.40
2010.04.09 12:24:29.964,0.9364,0.9365,7.20,6.00
2010.04.09 12:24:30.462,0.9364,0.9365,15.20,5.80
2010.04.09 12:24:31.531,0.93645,0.9365,1.00,3.40
2010.04.09 12:24:31.612,0.93645,0.9365,1.00,1.60
2010.04.09 12:24:31.937,0.93645,0.9365,1.00,2.00
2010.04.09 12:24:33.029,0.93645,0.9365,1.00,1.60
2010.04.09 12:24:33.349,0.93645,0.9365,1.60,1.60
2010.04.09 12:24:34.030,0.93645,0.9365,1.00,1.60
2010.04.09 12:24:34.676,0.93645,0.93655,1.00,9.70
2010.04.09 12:24:34.856,0.93645,0.93655,2.40,9.70
2010.04.09 12:24:35.378,0.93645,0.93655,7.20,5.70
2010.04.09 12:24:36.296,0.93645,0.93655,7.20,12.90
2010.04.09 12:24:36.384,0.93635,0.9364,1.60,1.00
2010.04.09 12:24:36.466,0.9363,0.9364,12.00,1.00
2010.04.09 12:24:36.632,0.9363,0.9364,8.00,6.40
2010.04.09 12:24:36.718,0.9363,0.9364,4.00,10.50
2010.04.09 12:24:36.800,0.9363,0.9364,8.00,2.50
2010.04.09 12:24:36.967,0.9363,0.9364,7.20,2.50
2010.04.09 12:24:37.679,0.9363,0.9364,7.20,4.10
2010.04.09 12:24:39.998,0.9363,0.9364,7.20,5.70
2010.04.09 12:24:42.054,0.9363,0.9364,7.20,5.60
2010.04.09 12:24:42.284,0.9363,0.9364,7.20,4.00
2010.04.09 12:24:43.009,0.9363,0.9364,7.20,4.10
2010.04.09 12:24:43.125,0.9363,0.9364,11.20,4.10
2010.04.09 12:24:43.350,0.93635,0.93645,5.60,6.50
2010.04.09 12:24:43.577,0.93635,0.93645,9.60,5.60
2010.04.09 12:24:43.798,0.93635,0.93645,12.80,4.00
2010.04.09 12:24:44.026,0.9364,0.93645,1.00,3.20
2010.04.09 12:24:44.912,0.9364,0.9365,1.00,13.70
2010.04.09 12:24:46.238,0.9364,0.9365,2.40,12.10
2010.04.09 12:24:46.484,0.9365,0.93655,1.00,1.00
2010.04.09 12:24:48.786,0.93645,0.93655,10.40,1.00
2010.04.09 12:24:49.439,0.93645,0.93655,6.80,1.00
2010.04.09 12:24:49.728,0.93645,0.93655,7.60,1.00
2010.04.09 12:24:50.004,0.93645,0.93655,9.20,1.00
2010.04.09 12:24:50.274,0.93645,0.9365,6.80,1.00
2010.04.09 12:24:50.545,0.93645,0.93655,6.80,2.10
2010.04.09 12:24:51.405,0.93645,0.93655,11.60,3.60
2010.04.09 12:24:51.717,0.93645,0.9365,2.40,1.00
2010.04.09 12:24:51.793,0.93645,0.9365,1.60,1.00
2010.04.09 12:24:53.416,0.93645,0.93655,3.20,6.10
2010.04.09 12:24:53.766,0.93645,0.93655,13.20,1.00
2010.04.09 12:24:54.577,0.93645,0.93655,14.80,1.00
2010.04.09 12:24:56.371,0.93645,0.9365,12.40,1.00
2010.04.09 12:24:56.534,0.93645,0.9365,5.60,1.00
2010.04.09 12:24:56.692,0.93645,0.9365,1.60,1.00
2010.04.09 12:24:57.440,0.93645,0.93655,12.80,1.00
2010.04.09 12:24:57.624,0.93645,0.93655,12.80,3.50
2010.04.09 12:24:57.682,0.93645,0.93655,8.80,3.50
2010.04.09 12:24:57.742,0.93645,0.93655,10.40,3.70
2010.04.09 12:24:57.861,0.93645,0.93655,8.80,4.00
2010.04.09 12:24:59.301,0.93645,0.93655,8.80,3.20
2010.04.09 12:24:59.645,0.9365,0.93655,1.00,1.60
2010.04.09 12:24:59.998,0.9365,0.9366,2.40,9.70
2010.04.09 12:25:00.346,0.9365,0.9366,7.20,5.70
2010.04.09 12:25:06.827,0.9365,0.93655,6.40,9.20
2010.04.09 12:25:06.894,0.9365,0.93655,1.00,2.40
2010.04.09 12:25:06.959,0.9365,0.93655,1.00,1.00
2010.04.09 12:25:07.018,0.93645,0.93655,12.80,1.00
2010.04.09 12:25:07.512,0.9365,0.93655,1.00,1.00
2010.04.09 12:25:07.638,0.9365,0.93655,4.80,1.00
2010.04.09 12:25:08.580,0.9365,0.9366,5.60,9.70
2010.04.09 12:25:16.462,0.9365,0.93655,4.80,1.00
2010.04.09 12:25:17.781,0.9365,0.9366,5.60,9.70
2010.04.09 12:25:22.709,0.9365,0.9366,8.00,4.10
2010.04.09 12:25:22.908,0.9365,0.9366,12.40,4.00
2010.04.09 12:25:23.648,0.93655,0.9366,1.00,3.20
2010.04.09 12:25:23.831,0.9366,0.9367,13.20,2.40
2010.04.09 12:25:23.995,0.9366,0.9367,14.80,2.40
2010.04.09 12:25:24.498,0.9366,0.9367,9.20,2.50
2010.04.09 12:25:24.667,0.9366,0.9367,7.20,5.70
2010.04.09 12:25:25.008,0.9366,0.9367,7.60,5.70
2010.04.09 12:25:25.920,0.9366,0.9367,10.00,2.50
2010.04.09 12:25:25.981,0.93665,0.9367,1.60,1.00
2010.04.09 12:25:26.275,0.93665,0.9367,1.60,1.00
2010.04.09 12:25:27.075,0.9366,0.9367,10.40,2.40
2010.04.09 12:25:27.359,0.9366,0.9367,8.00,2.50
2010.04.09 12:25:28.216,0.9366,0.9367,8.00,5.70
2010.04.09 12:25:28.405,0.9366,0.9367,10.00,4.10
2010.04.09 12:25:28.594,0.9366,0.9367,11.60,4.10
2010.04.09 12:25:29.359,0.9367,0.93675,2.40,7.20
2010.04.09 12:25:29.984,0.9367,0.93675,2.40,1.60
2010.04.09 12:25:30.362,0.9367,0.9368,9.20,5.70
2010.04.09 12:25:30.828,0.9367,0.9368,5.20,9.70
2010.04.09 12:25:31.630,0.9367,0.93675,4.80,1.20
2010.04.09 12:25:31.839,0.93665,0.9367,1.60,1.00
2010.04.09 12:25:32.044,0.9367,0.93675,1.00,4.10
2010.04.09 12:25:32.241,0.9367,0.9368,1.00,12.50
2010.04.09 12:25:32.439,0.9367,0.9368,1.00,10.10
2010.04.09 12:25:33.105,0.9367,0.9368,4.00,10.10
2010.04.09 12:25:33.461,0.9367,0.93675,1.60,6.90
2010.04.09 12:25:33.811,0.93665,0.9367,1.60,1.00
2010.04.09 12:25:34.772,0.93665,0.93675,7.20,10.80
2010.04.09 12:25:35.125,0.9366,0.9367,10.40,1.00
2010.04.09 12:25:35.408,0.9366,0.9367,8.00,1.00
2010.04.09 12:25:35.695,0.9366,0.9367,7.20,2.50
2010.04.09 12:25:36.522,0.9366,0.9367,11.60,5.60
2010.04.09 12:25:36.667,0.9366,0.9367,14.40,1.00
2010.04.09 12:25:37.775,0.9366,0.9367,12.80,2.40
2010.04.09 12:25:38.133,0.9366,0.9367,12.80,1.00
2010.04.09 12:25:40.773,0.9366,0.9367,12.80,2.40
2010.04.09 12:25:40.995,0.9366,0.9367,12.80,1.00
2010.04.09 12:25:42.044,0.9366,0.93675,12.00,15.70
2010.04.09 12:25:42.264,0.9366,0.9367,12.00,1.60
2010.04.09 12:25:43.118,0.9366,0.9367,3.20,9.30
2010.04.09 12:25:43.469,0.93655,0.9366,2.40,1.00
2010.04.09 12:25:43.816,0.93655,0.9366,1.00,2.40
2010.04.09 12:25:44.763,0.9366,0.93665,1.00,7.30
2010.04.09 12:25:45.085,0.9366,0.93665,4.80,1.60
2010.04.09 12:25:45.397,0.9366,0.9367,2.10,9.70
2010.04.09 12:25:46.021,0.9366,0.9367,1.30,9.70
2010.04.09 12:25:46.318,0.9366,0.9367,5.60,5.70
2010.04.09 12:25:46.903,0.9366,0.9367,6.40,5.70
2010.04.09 12:25:47.196,0.93655,0.93665,13.60,1.00
2010.04.09 12:25:48.129,0.93655,0.9366,8.00,2.40
2010.04.09 12:25:48.320,0.9365,0.9366,14.40,2.50
2010.04.09 12:25:48.503,0.9365,0.9366,10.00,2.50
2010.04.09 12:25:48.693,0.9365,0.9366,10.00,4.10
2010.04.09 12:25:49.455,0.9365,0.9366,10.40,4.10
2010.04.09 12:25:49.652,0.9365,0.9366,10.10,2.40
2010.04.09 12:25:49.960,0.9365,0.9366,10.50,2.40
2010.04.09 12:25:50.269,0.9365,0.9366,10.50,2.50
2010.04.09 12:25:50.579,0.9365,0.9366,10.10,2.50
2010.04.09 12:25:50.892,0.9365,0.9366,13.30,1.00
2010.04.09 12:25:51.338,0.9365,0.9366,13.30,1.00
2010.04.09 12:25:51.558,0.93655,0.9366,1.00,1.00
2010.04.09 12:25:52.410,0.93655,0.9366,1.00,1.00
2010.04.09 12:25:52.509,0.9366,0.93665,4.80,8.40
2010.04.09 12:25:52.600,0.9366,0.9367,4.80,9.30
2010.04.09 12:25:52.940,0.9366,0.9367,3.20,9.70
2010.04.09 12:25:53.280,0.9366,0.9367,8.00,5.70
2010.04.09 12:25:54.919,0.9366,0.9367,9.60,4.10
2010.04.09 12:25:55.079,0.9366,0.9367,10.00,4.10
2010.04.09 12:25:56.014,0.9366,0.9367,13.20,2.40
2010.04.09 12:25:56.362,0.93665,0.9367,1.60,1.00
2010.04.09 12:25:56.715,0.9367,0.9368,6.40,8.50
2010.04.09 12:25:56.960,0.9367,0.9368,8.40,5.70
2010.04.09 12:25:59.206,0.9367,0.9368,8.00,5.70
2010.04.09 12:25:59.566,0.9367,0.9368,9.60,2.50
2010.04.09 12:25:59.747,0.9367,0.9368,10.00,2.50
2010.04.09 12:26:01.410,0.93685,0.9369,1.00,3.20
2010.04.09 12:26:01.458,0.93685,0.9369,1.00,1.60
2010.04.09 12:26:01.496,0.9368,0.93695,2.80,8.80
2010.04.09 12:26:01.540,0.9368,0.93695,6.80,4.80
2010.04.09 12:26:01.587,0.93685,0.93695,1.00,4.60
2010.04.09 12:26:01.627,0.93685,0.93695,1.00,4.80
2010.04.09 12:26:02.298,0.9367,0.93685,25.20,1.00
2010.04.09 12:26:02.581,0.93675,0.93685,13.60,2.40
2010.04.09 12:26:02.868,0.93675,0.93685,14.40,4.00
2010.04.09 12:26:03.147,0.93675,0.93685,13.60,4.00
2010.04.09 12:26:03.428,0.93675,0.93685,13.70,4.00
2010.04.09 12:26:03.722,0.93685,0.9369,1.00,7.30
2010.04.09 12:26:04.606,0.93685,0.9369,17.30,1.00
2010.04.09 12:26:04.776,0.93685,0.93695,4.00,17.30
2010.04.09 12:26:04.938,0.9369,0.93695,1.00,9.30
2010.04.09 12:26:05.098,0.9369,0.93695,1.00,1.60
2010.04.09 12:26:05.259,0.9369,0.93695,1.00,1.70
2010.04.09 12:26:05.415,0.9369,0.93695,1.00,1.00
2010.04.09 12:26:05.577,0.93685,0.937,15.60,16.10
2010.04.09 12:26:05.739,0.9369,0.93695,1.00,1.60
2010.04.09 12:26:06.030,0.9369,0.93695,8.80,1.60
2010.04.09 12:26:06.916,0.9369,0.937,11.20,4.00
2010.04.09 12:26:07.034,0.93695,0.937,5.60,3.20
2010.04.09 12:26:07.161,0.93695,0.937,5.60,1.60
2010.04.09 12:26:07.812,0.9369,0.937,19.40,1.60
2010.04.09 12:26:07.933,0.9369,0.937,17.60,3.20
2010.04.09 12:26:09.179,0.93695,0.937,8.80,1.60
2010.04.09 12:26:09.402,0.93695,0.93705,8.80,8.90
2010.04.09 12:26:10.300,0.9369,0.937,17.60,3.20
2010.04.09 12:26:11.175,0.9369,0.937,18.00,3.20
2010.04.09 12:26:12.133,0.9369,0.937,13.60,7.20
2010.04.09 12:26:12.450,0.9369,0.937,13.60,3.30
2010.04.09 12:26:12.705,0.9369,0.937,12.80,4.90
2010.04.09 12:26:13.689,0.93695,0.93705,9.60,8.90
2010.04.09 12:26:13.879,0.93695,0.93705,10.40,4.90
2010.04.09 12:26:14.066,0.93695,0.93705,14.40,4.80
2010.04.09 12:26:14.257,0.93695,0.93705,10.40,4.90
2010.04.09 12:26:19.052,0.93695,0.93705,12.00,4.90
2010.04.09 12:26:19.111,0.93695,0.93705,16.00,4.80
2010.04.09 12:26:19.171,0.937,0.93705,1.00,4.80
2010.04.09 12:26:19.233,0.937,0.93705,1.00,3.20
2010.04.09 12:26:19.352,0.93695,0.93705,14.40,7.20
2010.04.09 12:26:19.472,0.93695,0.93705,10.40,7.70
2010.04.09 12:26:20.108,0.93695,0.93705,11.20,9.30
2010.04.09 12:26:20.439,0.93695,0.93705,1.60,17.30
2010.04.09 12:26:21.396,0.937,0.93705,1.00,13.30
2010.04.09 12:26:21.714,0.93695,0.93705,18.80,3.20
2010.04.09 12:26:22.555,0.93695,0.93705,18.80,1.60
2010.04.09 12:26:22.709,0.93695,0.93705,18.00,1.60
2010.04.09 12:26:23.412,0.93705,0.9371,1.00,6.50
2010.04.09 12:26:23.556,0.9372,0.93725,1.60,36.60
2010.04.09 12:26:24.529,0.9372,0.93725,1.60,18.90
2010.04.09 12:26:24.851,0.9372,0.9373,18.40,4.80
2010.04.09 12:26:26.374,0.93725,0.9373,5.60,1.00
2010.04.09 12:26:26.650,0.93725,0.93735,8.80,8.90
2010.04.09 12:26:27.160,0.93725,0.93735,12.80,4.90
2010.04.09 12:26:28.903,0.93725,0.93735,17.50,4.80
2010.04.09 12:26:29.243,0.93725,0.93735,10.40,8.80
2010.04.09 12:26:29.372,0.93725,0.93735,6.40,9.20
2010.04.09 12:26:29.502,0.93725,0.93735,4.80,15.70
2010.04.09 12:26:29.631,0.93725,0.9373,3.20,4.00
2010.04.09 12:26:29.760,0.93725,0.9373,1.60,4.10
2010.04.09 12:26:30.700,0.93725,0.93735,1.60,17.30
2010.04.09 12:26:31.584,0.93725,0.93735,6.40,7.60
2010.04.09 12:26:31.636,0.9373,0.93735,1.00,3.20
2010.04.09 12:26:32.141,0.9373,0.93735,2.40,1.60
2010.04.09 12:26:32.303,0.9373,0.9374,6.40,9.70
2010.04.09 12:26:32.631,0.9373,0.93735,1.60,1.00
2010.04.09 12:26:32.793,0.9373,0.93735,1.60,2.40
2010.04.09 12:26:32.963,0.93725,0.93735,16.80,2.40
2010.04.09 12:26:33.885,0.93725,0.93735,16.40,2.40
2010.04.09 12:26:34.787,0.93725,0.93735,16.80,2.40
2010.04.09 12:26:34.949,0.9373,0.93735,1.00,1.60
2010.04.09 12:26:35.109,0.9373,0.93735,5.20,1.60
2010.04.09 12:26:35.269,0.9373,0.93735,1.20,1.60
2010.04.09 12:26:35.609,0.93725,0.93735,18.80,1.60
2010.04.09 12:26:36.728,0.9373,0.93735,1.00,1.60
2010.04.09 12:26:38.309,0.93725,0.93735,16.50,2.40
2010.04.09 12:26:38.994,0.93725,0.93735,18.10,2.40
2010.04.09 12:26:39.919,0.93725,0.9373,15.70,1.00
2010.04.09 12:26:40.081,0.93725,0.9373,9.60,2.40
2010.04.09 12:26:40.764,0.93725,0.9373,9.60,6.40
2010.04.09 12:26:41.117,0.9372,0.93725,4.60,2.40
2010.04.09 12:26:42.299,0.9372,0.93725,4.60,2.40
2010.04.09 12:26:42.504,0.93715,0.93725,19.80,1.60
2010.04.09 12:26:43.638,0.93715,0.93725,18.20,1.60
2010.04.09 12:26:43.913,0.93715,0.93725,18.20,1.60
2010.04.09 12:26:44.447,0.9372,0.93725,1.00,1.60
2010.04.09 12:26:44.716,0.9372,0.93725,4.80,1.60
2010.04.09 12:26:45.283,0.9372,0.9373,11.20,4.90
2010.04.09 12:26:46.819,0.9372,0.93725,9.60,8.00
2010.04.09 12:26:47.016,0.93715,0.93725,17.60,1.60
2010.04.09 12:26:49.075,0.93715,0.93725,17.50,1.60
2010.04.09 12:26:49.424,0.93715,0.93725,19.10,1.60
2010.04.09 12:26:50.316,0.93715,0.93725,17.50,1.60
2010.04.09 12:26:57.271,0.93715,0.93725,17.50,1.70
2010.04.09 12:26:57.373,0.9371,0.93725,25.20,17.30
2010.04.09 12:26:57.475,0.9371,0.93725,26.20,17.30
2010.04.09 12:26:57.572,0.9371,0.9372,26.20,1.00
2010.04.09 12:26:57.673,0.9371,0.9372,22.20,1.00
2010.04.09 12:26:57.772,0.9371,0.93725,19.00,18.10
2010.04.09 12:26:58.052,0.9371,0.93725,18.40,18.10
2010.04.09 12:26:58.151,0.9371,0.93725,20.00,18.10
2010.04.09 12:26:59.302,0.9371,0.93725,21.60,18.10
2010.04.09 12:26:59.492,0.9371,0.9372,20.00,3.20
2010.04.09 12:27:00.104,0.9371,0.9372,14.40,3.20
2010.04.09 12:27:00.283,0.9371,0.93715,6.40,1.60
2010.04.09 12:27:02.561,0.9371,0.93715,10.40,1.60
2010.04.09 12:27:02.652,0.9371,0.93715,6.40,1.60
2010.04.09 12:27:05.726,0.93705,0.9371,14.70,1.00
2010.04.09 12:27:05.974,0.93705,0.9371,4.00,1.00
2010.04.09 12:27:06.222,0.93705,0.93715,4.80,10.50
2010.04.09 12:27:07.116,0.93705,0.9371,4.00,1.00
2010.04.09 12:27:07.305,0.93695,0.93705,15.90,1.00
2010.04.09 12:27:07.481,0.93695,0.93705,15.10,1.00
2010.04.09 12:27:08.009,0.937,0.9371,1.00,14.90
2010.04.09 12:27:08.353,0.93695,0.93705,15.10,1.00
2010.04.09 12:27:09.269,0.937,0.9371,6.40,6.50
2010.04.09 12:27:09.435,0.937,0.9371,7.10,5.70
2010.04.09 12:27:11.622,0.937,0.9371,8.00,9.70
2010.04.09 12:27:11.752,0.937,0.9371,6.40,6.50
2010.04.09 12:27:12.436,0.937,0.93705,3.20,1.00
2010.04.09 12:27:12.522,0.93695,0.93705,14.40,1.00
2010.04.09 12:27:12.858,0.937,0.9371,1.00,14.10
2010.04.09 12:27:13.111,0.937,0.9371,1.00,13.70
2010.04.09 12:27:13.359,0.937,0.9371,1.00,13.30
2010.04.09 12:27:14.676,0.93695,0.937,8.00,1.00
2010.04.09 12:27:14.902,0.93695,0.93705,7.20,4.50
2010.04.09 12:27:15.108,0.93695,0.93705,7.20,4.10
2010.04.09 12:27:15.740,0.93695,0.93705,7.20,5.60
2010.04.09 12:27:15.948,0.93695,0.93705,11.20,5.60
2010.04.09 12:27:16.159,0.93695,0.93705,7.20,5.70
2010.04.09 12:27:18.597,0.93695,0.93705,6.40,5.70
2010.04.09 12:27:18.820,0.93695,0.93705,11.20,4.00
2010.04.09 12:27:19.037,0.93695,0.93705,11.20,4.10
2010.04.09 12:27:19.257,0.93695,0.93705,7.20,4.10
2010.04.09 12:27:20.174,0.93695,0.93705,8.00,4.10
2010.04.09 12:27:23.764,0.937,0.93705,1.00,3.30
2010.04.09 12:27:24.014,0.937,0.9371,2.40,14.80
2010.04.09 12:27:24.198,0.937,0.9371,8.00,10.50
2010.04.09 12:27:24.379,0.937,0.9371,9.60,4.10
2010.04.09 12:27:25.916,0.937,0.9371,8.00,5.70
2010.04.09 12:27:27.009,0.937,0.9371,8.00,4.10
2010.04.09 12:27:27.408,0.937,0.9371,9.60,2.50
2010.04.09 12:27:33.036,0.937,0.9371,8.00,5.70
2010.04.09 12:27:33.763,0.937,0.9371,6.40,5.70
2010.04.09 12:27:35.686,0.9371,0.93715,1.60,6.20
2010.04.09 12:27:36.378,0.9371,0.93715,1.60,12.50
2010.04.09 12:27:36.606,0.93705,0.93715,1.00,13.30
2010.04.09 12:27:39.012,0.93705,0.93715,1.00,12.90
2010.04.09 12:27:39.072,0.93705,0.9371,1.00,4.00
2010.04.09 12:27:39.757,0.93705,0.9371,1.00,7.20
2010.04.09 12:27:39.970,0.937,0.9371,8.80,8.10
2010.04.09 12:27:42.011,0.937,0.9371,7.20,9.70
2010.04.09 12:27:42.306,0.937,0.9371,7.20,8.10
2010.04.09 12:27:43.688,0.937,0.9371,7.20,9.70
2010.04.09 12:27:44.264,0.937,0.9371,8.00,9.70
2010.04.09 12:27:44.724,0.937,0.93705,3.20,1.00
2010.04.09 12:27:44.832,0.937,0.93705,1.00,4.80
2010.04.09 12:27:44.942,0.937,0.93705,1.00,6.40
2010.04.09 12:27:45.052,0.93695,0.93705,11.20,6.40
2010.04.09 12:27:45.163,0.93695,0.93705,12.00,6.50
2010.04.09 12:27:45.271,0.93695,0.93705,7.20,9.70
2010.04.09 12:27:46.554,0.93695,0.937,5.60,6.40
2010.04.09 12:27:46.606,0.9369,0.937,8.00,11.70
2010.04.09 12:27:46.840,0.9369,0.937,8.00,10.90
2010.04.09 12:27:46.892,0.9369,0.937,6.40,10.90
2010.04.09 12:27:47.153,0.9369,0.937,2.40,10.90
2010.04.09 12:27:47.200,0.9369,0.937,2.40,14.90
2010.04.09 12:27:47.440,0.9369,0.937,6.40,14.90
2010.04.09 12:27:47.490,0.9369,0.937,6.40,10.90
2010.04.09 12:27:47.653,0.9369,0.937,6.40,11.70
2010.04.09 12:27:49.609,0.9369,0.937,6.40,11.80
2010.04.09 12:27:49.720,0.9369,0.93695,6.40,1.60
2010.04.09 12:27:49.833,0.9369,0.93695,1.60,9.70
2010.04.09 12:27:50.841,0.93685,0.93695,2.40,14.50
2010.04.09 12:27:51.010,0.93685,0.93695,10.40,9.60
2010.04.09 12:27:51.184,0.93685,0.93695,11.20,9.60
2010.04.09 12:27:51.511,0.9369,0.93695,1.00,8.80
2010.04.09 12:27:51.686,0.9369,0.93695,1.00,3.20
2010.04.09 12:27:51.857,0.9369,0.937,1.00,15.60
2010.04.09 12:27:52.106,0.9369,0.937,2.40,14.80
2010.04.09 12:27:52.922,0.9369,0.937,8.00,8.10
2010.04.09 12:27:53.423,0.9369,0.937,8.00,9.70
2010.04.09 12:27:53.676,0.9369,0.937,9.60,8.10
2010.04.09 12:27:53.933,0.9369,0.937,8.00,8.10
2010.04.09 12:27:55.042,0.93695,0.937,1.00,1.70
2010.04.09 12:27:55.347,0.937,0.9371,1.00,14.50
2010.04.09 12:27:56.014,0.937,0.9371,2.40,13.70
2010.04.09 12:27:56.311,0.937,0.9371,9.60,8.00
2010.04.09 12:27:57.171,0.937,0.9371,9.60,8.10
2010.04.09 12:27:59.117,0.937,0.9371,10.00,8.10
2010.04.09 12:27:59.439,0.937,0.9371,10.00,6.50
2010.04.09 12:28:00.107,0.937,0.9371,10.00,6.40
2010.04.09 12:28:00.946,0.937,0.9371,10.00,6.50
2010.04.09 12:28:01.229,0.93705,0.9371,1.00,5.70
2010.04.09 12:28:01.519,0.9371,0.93715,1.00,7.30
2010.04.09 12:28:01.610,0.9371,0.93715,1.00,5.70
2010.04.09 12:28:01.713,0.9371,0.93715,1.00,4.00
2010.04.09 12:28:02.311,0.9371,0.9372,1.00,14.10
2010.04.09 12:28:02.413,0.9371,0.9372,8.00,9.70
2010.04.09 12:28:03.527,0.9371,0.9372,7.10,9.70
2010.04.09 12:28:03.739,0.9371,0.9372,7.10,9.60
2010.04.09 12:28:09.276,0.93715,0.9372,1.00,8.80
2010.04.09 12:28:09.397,0.93715,0.9372,1.00,7.20
2010.04.09 12:28:09.517,0.93715,0.93725,1.00,16.10
2010.04.09 12:28:10.205,0.93715,0.93725,1.00,14.50
2010.04.09 12:28:10.511,0.93715,0.93725,8.80,9.70
2010.04.09 12:28:14.064,0.93715,0.93725,12.80,9.60
2010.04.09 12:28:14.424,0.93715,0.93725,13.60,9.60
2010.04.09 12:28:14.547,0.9372,0.93725,1.00,8.80
2010.04.09 12:28:15.245,0.9372,0.93725,1.00,7.30
2010.04.09 12:28:15.410,0.93715,0.93725,8.80,8.10
2010.04.09 12:28:15.736,0.93715,0.9372,8.00,4.80
2010.04.09 12:28:15.895,0.93715,0.9372,3.20,6.40
2010.04.09 12:28:16.055,0.93715,0.9372,3.20,4.80
2010.04.09 12:28:19.944,0.9371,0.9372,12.00,6.40
2010.04.09 12:28:20.205,0.9371,0.9372,10.40,8.00
2010.04.09 12:28:24.112,0.9371,0.9372,10.80,8.00
2010.04.09 12:28:24.441,0.9371,0.9372,10.80,6.40
2010.04.09 12:28:27.016,0.93715,0.93725,7.20,9.70
2010.04.09 12:28:29.040,0.9372,0.93725,4.00,9.60
2010.04.09 12:28:29.073,0.9372,0.9373,5.60,10.50
2010.04.09 12:28:30.603,0.9372,0.9373,5.60,9.70
2010.04.09 12:28:33.945,0.93725,0.9373,1.00,1.00
2010.04.09 12:28:34.074,0.9373,0.93735,1.00,8.20
2010.04.09 12:28:34.201,0.9373,0.93735,2.40,3.20
2010.04.09 12:28:34.321,0.9373,0.93735,2.40,1.60
2010.04.09 12:28:34.439,0.9373,0.93735,1.00,1.60
2010.04.09 12:28:35.241,0.9373,0.93735,2.40,1.60
2010.04.09 12:28:35.572,0.9373,0.9374,2.40,13.70
2010.04.09 12:28:35.891,0.9373,0.9374,4.00,13.70
2010.04.09 12:28:36.211,0.9373,0.9374,4.40,12.10
2010.04.09 12:28:36.529,0.9373,0.9374,6.00,12.10
2010.04.09 12:28:37.430,0.93735,0.9374,6.40,1.60
2010.04.09 12:28:37.662,0.9373,0.9374,9.60,10.50
2010.04.09 12:28:38.477,0.9373,0.9374,17.60,4.00
2010.04.09 12:28:38.659,0.9373,0.9374,16.00,4.00
2010.04.09 12:28:38.839,0.9373,0.9374,11.20,8.10
2010.04.09 12:28:39.559,0.9373,0.9374,4.00,8.10
2010.04.09 12:28:39.800,0.9373,0.9374,4.00,12.10
2010.04.09 12:28:43.816,0.9373,0.9374,4.00,13.70
2010.04.09 12:28:45.598,0.9373,0.9374,3.20,13.70
2010.04.09 12:28:45.878,0.9373,0.9374,4.00,13.70
2010.04.09 12:28:46.158,0.9373,0.9374,3.20,13.70
2010.04.09 12:28:46.579,0.9373,0.9374,2.40,13.70
2010.04.09 12:28:47.880,0.9373,0.9374,2.40,14.50
2010.04.09 12:28:57.166,0.93735,0.9374,1.00,5.70
2010.04.09 12:28:57.950,0.93735,0.9374,1.00,5.60
2010.04.09 12:28:58.040,0.93735,0.93745,4.80,9.70
2010.04.09 12:28:58.386,0.93735,0.93745,4.80,5.70
2010.04.09 12:28:58.723,0.93735,0.93745,6.00,5.70
2010.04.09 12:28:59.351,0.93735,0.93745,6.80,5.70
2010.04.09 12:28:59.572,0.9374,0.9375,1.00,9.70
2010.04.09 12:28:59.785,0.9374,0.9375,2.40,9.70
2010.04.09 12:29:01.495,0.9374,0.9375,6.40,5.60
2010.04.09 12:29:01.631,0.9374,0.9375,5.60,5.60
2010.04.09 12:29:03.486,0.9375,0.93755,1.00,13.70
2010.04.09 12:29:03.694,0.9375,0.9376,1.00,13.70
2010.04.09 12:29:03.906,0.9375,0.9376,3.20,10.90
2010.04.09 12:29:04.114,0.9375,0.9376,2.40,9.70
2010.04.09 12:29:04.324,0.9375,0.9376,4.00,9.70
2010.04.09 12:29:05.365,0.9375,0.9376,4.00,13.70
2010.04.09 12:29:06.852,0.9375,0.9376,4.00,14.10
2010.04.09 12:29:07.605,0.9375,0.93755,1.60,4.00
2010.04.09 12:29:09.652,0.9375,0.93755,1.60,5.60
2010.04.09 12:29:09.997,0.93745,0.93755,9.60,10.10
2010.04.09 12:29:10.112,0.93745,0.93755,9.60,14.10
2010.04.09 12:29:10.231,0.93745,0.93755,5.60,14.10
2010.04.09 12:29:10.474,0.93745,0.93755,5.60,13.70
2010.04.09 12:29:10.595,0.93745,0.93755,14.70,9.70
2010.04.09 12:29:10.716,0.9375,0.9376,4.80,11.70
2010.04.09 12:29:11.657,0.9375,0.9376,6.90,9.70
2010.04.09 12:29:12.410,0.9375,0.9376,6.10,9.70
2010.04.09 12:29:12.509,0.9375,0.9376,6.60,9.70
2010.04.09 12:29:12.711,0.9375,0.9376,9.80,8.10
2010.04.09 12:29:13.381,0.9375,0.9376,9.00,9.70
2010.04.09 12:29:13.741,0.9375,0.9376,9.00,10.10
2010.04.09 12:29:14.081,0.9375,0.9376,8.00,10.10
2010.04.09 12:29:15.301,0.9375,0.9376,8.00,9.70
2010.04.09 12:29:15.610,0.9375,0.9376,11.10,9.60
2010.04.09 12:29:17.078,0.9375,0.9376,13.50,2.40
2010.04.09 12:29:17.228,0.93755,0.9376,4.00,1.60
2010.04.09 12:29:17.981,0.93755,0.9377,8.80,19.40
2010.04.09 12:29:18.309,0.9376,0.9377,1.00,18.80
2010.04.09 12:29:18.630,0.93755,0.9377,14.10,18.10
2010.04.09 12:29:18.951,0.93755,0.9377,12.50,17.30
2010.04.09 12:29:20.223,0.9376,0.93775,1.00,23.10
2010.04.09 12:29:20.543,0.9376,0.93775,1.00,20.70
2010.04.09 12:29:22.009,0.9376,0.9377,2.40,13.70
2010.04.09 12:29:22.911,0.9376,0.93765,2.40,1.00
2010.04.09 12:29:23.202,0.9376,0.93775,2.40,20.30
2010.04.09 12:29:24.177,0.9376,0.93775,9.60,20.30
2010.04.09 12:29:24.524,0.9376,0.93775,14.40,20.40
2010.04.09 12:29:24.870,0.9376,0.93775,13.60,20.40
2010.04.09 12:29:25.813,0.9376,0.93775,12.60,20.40
2010.04.09 12:29:26.159,0.9376,0.93775,11.00,20.40
2010.04.09 12:29:27.710,0.9376,0.9377,11.00,9.60
2010.04.09 12:29:28.736,0.9376,0.9377,7.00,9.60
2010.04.09 12:29:28.988,0.9376,0.93765,3.00,1.00
2010.04.09 12:29:29.167,0.9376,0.93775,3.00,20.30
2010.04.09 12:29:29.905,0.9376,0.93775,4.00,20.30
2010.04.09 12:29:32.318,0.9376,0.9377,4.00,12.10
2010.04.09 12:29:32.465,0.9376,0.9377,5.60,12.10
2010.04.09 12:29:34.438,0.9376,0.9377,4.00,12.10
2010.04.09 12:29:34.596,0.9376,0.9377,12.00,8.00
2010.04.09 12:29:34.744,0.9376,0.9377,11.20,8.00
2010.04.09 12:29:36.765,0.9376,0.9377,11.20,9.60
2010.04.09 12:29:40.645,0.9376,0.9377,12.00,9.60
2010.04.09 12:29:40.988,0.93755,0.9376,4.80,4.80
2010.04.09 12:29:41.709,0.9375,0.93765,5.60,21.50
2010.04.09 12:29:41.992,0.9375,0.93765,5.60,21.10
2010.04.09 12:29:42.135,0.9376,0.93765,1.00,13.90
2010.04.09 12:29:42.227,0.93755,0.93765,1.60,17.30
2010.04.09 12:29:42.325,0.93755,0.93765,1.60,17.30
2010.04.09 12:29:42.415,0.93755,0.93765,1.60,17.30
2010.04.09 12:29:42.773,0.93755,0.93765,2.40,17.30
2010.04.09 12:29:44.044,0.9375,0.9376,4.00,10.20
2010.04.09 12:29:44.384,0.9375,0.9376,1.00,18.10
2010.04.09 12:29:45.074,0.93745,0.9376,5.20,18.30
2010.04.09 12:29:45.248,0.9375,0.9376,3.20,17.50
2010.04.09 12:29:45.425,0.93755,0.93765,1.00,25.20
2010.04.09 12:29:46.370,0.93745,0.9375,4.00,1.00
2010.04.09 12:29:46.723,0.93745,0.9375,1.60,1.00
2010.04.09 12:29:46.842,0.9374,0.93745,4.40,4.80
2010.04.09 12:29:46.959,0.9374,0.93745,4.00,4.80
2010.04.09 12:29:47.078,0.9374,0.93745,2.40,1.00
2010.04.09 12:29:47.799,0.9374,0.9375,8.00,6.50
2010.04.09 12:29:47.991,0.93755,0.9376,1.00,9.70
2010.04.09 12:29:48.745,0.93755,0.9376,1.00,18.90
2010.04.09 12:29:49.315,0.93755,0.93765,1.00,25.60
2010.04.09 12:29:49.515,0.93755,0.9376,1.00,16.90
2010.04.09 12:29:50.612,0.93755,0.93765,1.00,14.10
2010.04.09 12:29:50.868,0.93755,0.93765,9.50,7.20
2010.04.09 12:29:51.113,0.93755,0.93765,8.70,10.80
2010.04.09 12:29:51.614,0.93755,0.9376,1.00,2.40
2010.04.09 12:29:52.051,0.9375,0.9376,16.80,2.40
2010.04.09 12:29:55.483,0.9375,0.9376,11.20,4.00
2010.04.09 12:29:56.061,0.9375,0.9376,7.20,4.10
2010.04.09 12:29:56.399,0.9375,0.9376,7.20,9.70
2010.04.09 12:29:56.521,0.9375,0.93755,7.00,1.60
2010.04.09 12:29:56.642,0.9375,0.93755,4.80,2.40
2010.04.09 12:29:56.762,0.93745,0.9375,12.80,1.00
2010.04.09 12:29:57.466,0.93745,0.9375,4.80,1.00
2010.04.09 12:29:57.615,0.93745,0.9375,1.00,1.00
2010.04.09 12:29:58.748,0.9374,0.9375,12.80,1.00
2010.04.09 12:29:59.042,0.93745,0.93755,1.60,10.90
2010.04.09 12:29:59.345,0.9375,0.93755,1.00,4.00
2010.04.09 12:29:59.644,0.9375,0.93755,1.60,2.40
2010.04.09 12:30:00.482,0.9375,0.93755,5.60,1.00
2010.04.09 12:30:00.649,0.9375,0.93755,7.20,1.00
2010.04.09 12:30:01.499,0.9375,0.93755,5.60,1.00
2010.04.09 12:30:01.668,0.9375,0.93755,5.60,2.40
2010.04.09 12:30:01.969,0.9375,0.93755,5.60,2.20
2010.04.09 12:30:02.728,0.9375,0.93755,5.60,1.60
2010.04.09 12:30:03.139,0.9375,0.93755,1.00,3.20
2010.04.09 12:30:03.280,0.93745,0.93755,13.30,8.00
2010.04.09 12:30:03.419,0.93745,0.93755,12.90,8.00
2010.04.09 12:30:03.828,0.93745,0.93755,12.90,9.60
2010.04.09 12:30:04.347,0.93745,0.93755,12.00,9.60
2010.04.09 12:30:06.327,0.93745,0.93755,12.00,9.60
2010.04.09 12:30:06.512,0.93745,0.93755,11.20,10.40
2010.04.09 12:30:07.270,0.9374,0.9375,14.00,1.00
2010.04.09 12:30:07.497,0.9374,0.9375,12.80,1.00
2010.04.09 12:30:10.074,0.9374,0.9375,14.40,1.00
2010.04.09 12:30:10.257,0.9374,0.9375,12.80,1.00
2010.04.09 12:30:12.812,0.9374,0.9375,7.20,4.10
2010.04.09 12:30:13.613,0.93735,0.9374,14.50,1.00
2010.04.09 12:30:13.853,0.93735,0.93745,12.70,5.60
2010.04.09 12:30:15.079,0.93735,0.93745,12.60,5.60
2010.04.09 12:30:18.036,0.93735,0.93745,4.00,5.60
2010.04.09 12:30:18.287,0.93735,0.93745,4.00,5.70
2010.04.09 12:30:18.785,0.93735,0.93745,4.00,5.60
2010.04.09 12:30:22.134,0.93735,0.93745,4.00,5.70
2010.04.09 12:30:23.092,0.93735,0.93745,4.00,5.60
2010.04.09 12:30:23.514,0.9374,0.93745,1.00,4.80
2010.04.09 12:30:23.655,0.9374,0.93745,1.00,3.20
2010.04.09 12:30:23.794,0.9374,0.9375,1.00,11.30
2010.04.09 12:30:23.934,0.9374,0.9375,1.00,10.50
2010.04.09 12:30:24.183,0.9374,0.9375,1.60,10.50
2010.04.09 12:30:24.434,0.9374,0.9375,1.60,9.70
2010.04.09 12:30:24.684,0.9374,0.9375,5.60,5.70
2010.04.09 12:30:25.439,0.9374,0.9375,5.60,7.30
2010.04.09 12:30:31.982,0.9374,0.93745,5.60,3.20
2010.04.09 12:30:33.009,0.9374,0.93745,5.60,4.80
2010.04.09 12:30:33.346,0.9374,0.93745,5.60,3.20
2010.04.09 12:30:37.760,0.93735,0.9374,9.60,1.60
2010.04.09 12:30:38.102,0.93735,0.9374,9.60,3.20
2010.04.09 12:30:38.270,0.93735,0.9374,5.60,3.20
2010.04.09 12:30:40.290,0.93735,0.9374,9.60,3.20
2010.04.09 12:30:40.633,0.93735,0.9374,4.80,4.00
2010.04.09 12:30:40.803,0.93735,0.9374,1.00,7.20
2010.04.09 12:30:40.969,0.9373,0.9374,5.60,7.20
2010.04.09 12:30:41.139,0.9373,0.9374,5.60,7.30
2010.04.09 12:30:41.990,0.9373,0.93735,5.60,1.60
2010.04.09 12:30:42.851,0.9373,0.93735,5.60,3.20
2010.04.09 12:30:42.972,0.9373,0.93735,1.00,4.00
2010.04.09 12:30:43.031,0.9373,0.93735,1.00,4.80
2010.04.09 12:30:43.757,0.93725,0.9373,4.80,3.20
2010.04.09 12:30:44.098,0.93725,0.9373,1.50,3.20
2010.04.09 12:30:44.780,0.93725,0.9373,9.50,3.20
2010.04.09 12:30:47.146,0.93725,0.93735,9.50,7.20
2010.04.09 12:30:49.202,0.9372,0.9373,7.90,5.70
2010.04.09 12:30:50.684,0.9372,0.9373,7.80,5.70
2010.04.09 12:30:51.014,0.9372,0.9373,11.80,5.60
2010.04.09 12:30:51.355,0.9372,0.9373,9.30,7.20
2010.04.09 12:30:51.688,0.9372,0.9373,4.50,8.00
2010.04.09 12:30:52.565,0.9372,0.93725,4.50,1.60
2010.04.09 12:30:52.922,0.9372,0.9373,6.10,6.40
2010.04.09 12:30:53.180,0.9372,0.9373,10.10,4.80
2010.04.09 12:30:53.781,0.9372,0.9373,10.40,4.80
2010.04.09 12:30:54.049,0.9372,0.9373,6.10,6.50
2010.04.09 12:30:55.947,0.9372,0.9373,6.90,5.70
2010.04.09 12:30:56.288,0.9372,0.9373,10.60,2.40
2010.04.09 12:30:56.864,0.9372,0.9373,10.80,3.20
2010.04.09 12:30:56.985,0.9372,0.9373,6.80,7.30
2010.04.09 12:30:57.105,0.9372,0.9373,10.40,7.20
2010.04.09 12:30:57.226,0.9372,0.9373,10.40,3.20
2010.04.09 12:30:57.344,0.9372,0.9373,10.20,2.40
2010.04.09 12:30:57.485,0.9372,0.9373,10.60,2.40
2010.04.09 12:30:58.690,0.93725,0.93735,11.00,5.70
2010.04.09 12:30:59.415,0.93725,0.93735,11.10,5.70
2010.04.09 12:30:59.599,0.93725,0.93735,7.10,5.80
2010.04.09 12:30:59.945,0.93725,0.93735,11.10,5.70
2010.04.09 12:31:01.178,0.93725,0.93735,10.30,6.50
2010.04.09 12:31:01.865,0.93725,0.93735,11.10,5.70
2010.04.09 12:31:02.556,0.93725,0.9373,11.10,1.60
2010.04.09 12:31:02.737,0.93725,0.9373,9.50,1.60
2010.04.09 12:31:03.707,0.93725,0.93735,8.70,6.50
2010.04.09 12:31:05.084,0.93725,0.93735,10.30,6.40
2010.04.09 12:31:05.334,0.93725,0.93735,10.40,6.40
2010.04.09 12:31:12.902,0.93725,0.9373,6.40,1.60
2010.04.09 12:31:13.248,0.93725,0.9373,1.00,2.40
2010.04.09 12:31:13.594,0.9372,0.9373,5.60,6.50
2010.04.09 12:31:14.570,0.9372,0.93725,5.60,1.60
2010.04.09 12:31:15.092,0.9372,0.9373,5.60,6.50
2010.04.09 12:31:19.949,0.9372,0.9373,7.00,5.70
2010.04.09 12:31:21.420,0.9372,0.9373,13.40,4.00
2010.04.09 12:31:21.663,0.93725,0.93735,1.40,11.30
2010.04.09 12:31:21.800,0.93725,0.93735,5.40,7.30
2010.04.09 12:31:21.929,0.93725,0.93735,5.40,6.60
2010.04.09 12:31:28.338,0.93725,0.93735,9.50,6.40
2010.04.09 12:31:28.526,0.93725,0.93735,11.10,6.40
2010.04.09 12:31:28.722,0.9373,0.93735,1.00,1.60
2010.04.09 12:31:29.523,0.9373,0.9374,14.30,9.60
2010.04.09 12:31:30.380,0.9373,0.9374,13.50,12.00
2010.04.09 12:31:34.246,0.9373,0.93735,13.50,1.00
2010.04.09 12:31:39.319,0.9373,0.9374,13.50,8.80
2010.04.09 12:31:45.783,0.9373,0.93735,13.50,1.00
2010.04.09 12:31:49.864,0.9373,0.9374,13.60,4.80
2010.04.09 12:31:57.339,0.93735,0.9374,1.60,4.80
2010.04.09 12:31:57.969,0.93735,0.9374,1.60,3.20
2010.04.09 12:31:58.020,0.9373,0.9374,16.00,3.20
2010.04.09 12:31:58.115,0.9373,0.9374,15.20,3.20
2010.04.09 12:31:58.195,0.9373,0.9374,15.20,4.80
2010.04.09 12:31:58.839,0.9373,0.9374,15.20,3.20
2010.04.09 12:32:00.629,0.9373,0.9374,17.60,1.00
2010.04.09 12:32:00.885,0.93735,0.9374,5.60,4.00
2010.04.09 12:32:01.135,0.9374,0.93745,4.80,6.40
2010.04.09 12:32:01.971,0.9374,0.9375,5.60,6.50
2010.04.09 12:32:02.213,0.9374,0.93745,5.60,4.00
2010.04.09 12:32:02.344,0.9374,0.93745,1.00,5.70
2010.04.09 12:32:02.472,0.9374,0.93745,4.00,6.40
2010.04.09 12:32:02.590,0.93735,0.93745,11.90,2.40
2010.04.09 12:32:02.830,0.93735,0.93745,13.50,2.40
2010.04.09 12:32:03.704,0.93735,0.93745,13.60,1.00
2010.04.09 12:32:05.222,0.9374,0.9375,7.20,5.70
2010.04.09 12:32:12.609,0.9374,0.9375,7.20,9.70
2010.04.09 12:32:12.646,0.9374,0.9375,3.20,9.70
2010.04.09 12:32:13.128,0.9374,0.9375,3.20,5.70
2010.04.09 12:32:13.186,0.9374,0.9375,7.20,5.70
2010.04.09 12:32:20.935,0.9374,0.9375,6.40,6.50
2010.04.09 12:32:21.988,0.9374,0.9375,3.20,9.70
2010.04.09 12:32:29.701,0.9374,0.9375,3.30,9.70
2010.04.09 12:32:30.492,0.9374,0.9375,3.30,5.70
2010.04.09 12:32:30.591,0.9374,0.9375,7.30,5.60
2010.04.09 12:32:30.793,0.9374,0.9375,3.30,9.70
2010.04.09 12:32:30.936,0.9374,0.9375,2.50,10.50
2010.04.09 12:32:31.519,0.9374,0.9375,3.30,9.70
2010.04.09 12:32:31.864,0.9374,0.9375,7.30,5.70
2010.04.09 12:32:32.885,0.9374,0.9375,7.20,9.70
2010.04.09 12:32:33.014,0.9374,0.9375,6.40,10.50
2010.04.09 12:32:33.142,0.9374,0.9375,2.40,10.50
2010.04.09 12:32:34.752,0.9374,0.93745,2.40,1.60
2010.04.09 12:32:37.940,0.9374,0.9375,2.40,10.50
2010.04.09 12:32:38.753,0.9374,0.9375,7.20,5.70
2010.04.09 12:32:42.502,0.93735,0.9374,14.40,1.00
2010.04.09 12:32:42.742,0.9374,0.93745,4.80,1.60
2010.04.09 12:32:43.244,0.9374,0.9375,4.80,7.70
2010.04.09 12:32:43.494,0.9374,0.93745,4.80,1.60
2010.04.09 12:32:44.940,0.9374,0.93745,5.60,1.60
2010.04.09 12:32:46.330,0.9374,0.93745,5.60,5.60
2010.04.09 12:32:46.672,0.93735,0.9374,1.60,2.40
2010.04.09 12:32:47.009,0.93735,0.9374,1.60,1.00
2010.04.09 12:32:47.500,0.9373,0.9374,17.40,1.00
2010.04.09 12:32:47.663,0.9373,0.9374,11.80,1.00
2010.04.09 12:32:47.836,0.9373,0.9374,7.80,2.90
2010.04.09 12:32:48.609,0.9373,0.9374,7.80,4.50
2010.04.09 12:32:48.814,0.9373,0.9374,7.80,5.70
2010.04.09 12:32:49.630,0.9373,0.9374,7.80,9.70
2010.04.09 12:32:50.339,0.9373,0.93735,2.40,1.00
2010.04.09 12:32:50.684,0.9373,0.93735,1.00,1.00
2010.04.09 12:32:54.652,0.9373,0.93735,1.00,2.40
2010.04.09 12:32:54.688,0.9373,0.93735,1.00,1.00
2010.04.09 12:32:57.768,0.9373,0.9374,1.00,10.50
2010.04.09 12:32:57.847,0.9373,0.9374,1.50,9.70
2010.04.09 12:32:58.007,0.9373,0.9374,5.50,5.70
2010.04.09 12:32:58.088,0.93735,0.9374,1.00,4.90
2010.04.09 12:32:58.167,0.93735,0.9374,1.00,1.70
2010.04.09 12:32:58.327,0.93735,0.9374,1.00,1.60
2010.04.09 12:33:05.347,0.93735,0.93745,1.00,10.50
2010.04.09 12:33:08.834,0.93735,0.93745,4.80,9.70
2010.04.09 12:33:09.045,0.93735,0.93745,8.80,4.10
2010.04.09 12:33:11.334,0.93735,0.93745,4.80,8.10
2010.04.09 12:33:11.673,0.93735,0.93745,4.00,8.90
2010.04.09 12:33:12.566,0.93735,0.93745,12.80,4.00
2010.04.09 12:33:15.769,0.9374,0.93745,1.00,1.60
2010.04.09 12:33:16.088,0.9374,0.9375,5.60,6.50
2010.04.09 12:33:16.405,0.9374,0.9375,7.20,6.50
2010.04.09 12:33:26.749,0.9374,0.9375,2.40,10.50
2010.04.09 12:33:29.098,0.9374,0.9375,7.20,6.50
2010.04.09 12:33:39.389,0.9374,0.9375,3.20,10.50
2010.04.09 12:33:39.598,0.9374,0.93745,1.60,1.00
2010.04.09 12:33:39.808,0.93735,0.93745,14.80,2.40
2010.04.09 12:33:40.711,0.93735,0.93745,14.80,4.00
2010.04.09 12:33:40.891,0.93735,0.93745,14.40,4.00
2010.04.09 12:33:46.825,0.93735,0.9374,12.80,1.00
2010.04.09 12:33:46.977,0.93735,0.9374,2.40,1.00
2010.04.09 12:33:47.125,0.93735,0.9374,1.70,1.00
2010.04.09 12:33:47.275,0.93735,0.9374,1.60,1.00
2010.04.09 12:33:47.724,0.93735,0.9374,1.60,1.00
2010.04.09 12:33:54.213,0.93735,0.93745,4.00,12.90
2010.04.09 12:33:54.471,0.93735,0.93745,11.20,4.80
2010.04.09 12:33:54.572,0.93735,0.93745,11.20,4.00
2010.04.09 12:33:54.622,0.93735,0.93745,12.80,4.00
2010.04.09 12:33:54.673,0.93735,0.93745,14.40,4.00
2010.04.09 12:33:57.676,0.93735,0.93745,14.40,1.00
2010.04.09 12:34:01.193,0.9374,0.9375,1.00,15.70
2010.04.09 12:34:02.077,0.9375,0.9376,6.40,3.30
2010.04.09 12:34:02.274,0.9375,0.9376,7.20,2.40
2010.04.09 12:34:02.471,0.9375,0.9376,8.80,2.40
2010.04.09 12:34:03.061,0.9375,0.9376,7.20,5.60
2010.04.09 12:34:03.341,0.9375,0.9376,7.20,5.70
2010.04.09 12:34:04.720,0.93755,0.9376,4.80,1.00
2010.04.09 12:34:04.912,0.93755,0.93765,1.00,14.90
2010.04.09 12:34:05.096,0.9375,0.93765,16.80,14.90
2010.04.09 12:34:05.985,0.9375,0.93765,12.80,14.90
2010.04.09 12:34:06.277,0.93755,0.93765,1.00,14.90
2010.04.09 12:34:06.564,0.9376,0.9377,1.00,15.30
2010.04.09 12:34:07.701,0.93755,0.9377,12.80,18.90
2010.04.09 12:34:09.001,0.93755,0.93765,14.40,2.40
2010.04.09 12:34:09.315,0.9376,0.93765,4.80,4.00
2010.04.09 12:34:09.622,0.93755,0.93765,12.80,4.00
2010.04.09 12:34:12.994,0.93755,0.9376,12.00,1.00
2010.04.09 12:34:14.762,0.93755,0.9377,12.80,18.90
2010.04.09 12:34:17.999,0.93755,0.93765,16.80,4.00
2010.04.09 12:34:18.168,0.9376,0.93765,1.00,3.20
2010.04.09 12:34:18.360,0.9376,0.9377,4.80,14.90
2010.04.09 12:34:18.548,0.9376,0.9377,1.00,18.90
2010.04.09 12:34:18.739,0.93755,0.9377,14.40,18.90
2010.04.09 12:34:19.150,0.93755,0.9377,12.80,18.90
2010.04.09 12:34:21.335,0.93755,0.9377,8.80,19.00
2010.04.09 12:34:21.434,0.93755,0.9377,4.80,18.90
2010.04.09 12:34:21.716,0.93755,0.9377,12.80,19.00
2010.04.09 12:34:22.516,0.93755,0.9377,12.80,21.40
2010.04.09 12:34:22.790,0.93755,0.9376,8.80,1.00
2010.04.09 12:34:22.855,0.93755,0.9376,8.00,2.40
2010.04.09 12:34:22.917,0.93755,0.9376,4.00,2.40
2010.04.09 12:34:22.976,0.9375,0.9376,8.80,2.50
2010.04.09 12:34:23.629,0.9375,0.93755,8.80,8.00
2010.04.09 12:34:23.700,0.9375,0.93755,8.00,8.00
2010.04.09 12:34:23.768,0.9374,0.93745,5.60,7.20
2010.04.09 12:34:24.118,0.93725,0.9374,5.60,11.80
2010.04.09 12:34:24.473,0.9372,0.9373,1.00,2.50
2010.04.09 12:34:24.821,0.93715,0.9373,7.20,6.50
2010.04.09 12:34:25.067,0.93715,0.9373,7.20,7.30
2010.04.09 12:34:25.894,0.93715,0.93725,18.40,1.00
2010.04.09 12:34:26.038,0.93715,0.93725,12.80,1.00
2010.04.09 12:34:26.185,0.93715,0.93725,12.80,4.00
2010.04.09 12:34:26.464,0.93715,0.93725,12.80,4.80
2010.04.09 12:34:26.604,0.93715,0.93725,12.80,4.00
2010.04.09 12:34:27.029,0.93715,0.9372,10.40,1.00
2010.04.09 12:34:27.287,0.93715,0.9372,5.60,1.00
2010.04.09 12:34:27.948,0.9371,0.9372,9.60,1.00
2010.04.09 12:34:28.212,0.9371,0.9372,8.80,4.00
2010.04.09 12:34:28.374,0.9371,0.9372,8.80,2.40
2010.04.09 12:34:30.672,0.9371,0.9372,8.80,4.00
2010.04.09 12:34:32.256,0.93715,0.9372,1.00,4.00
2010.04.09 12:34:33.029,0.93715,0.9372,1.00,1.00
2010.04.09 12:34:33.407,0.9372,0.9373,5.60,6.50
2010.04.09 12:34:33.755,0.9372,0.9373,6.40,6.50
2010.04.09 12:34:34.047,0.9372,0.9373,7.20,5.70
2010.04.09 12:34:38.812,0.9372,0.9373,7.20,4.10
2010.04.09 12:34:39.614,0.9372,0.9373,7.20,5.70
2010.04.09 12:34:43.675,0.93715,0.9372,22.00,1.00
2010.04.09 12:34:44.026,0.9371,0.9372,10.40,2.40
2010.04.09 12:34:44.962,0.9371,0.9372,7.20,2.50
2010.04.09 12:34:46.227,0.9371,0.9372,7.20,5.80
2010.04.09 12:34:49.672,0.9371,0.9372,12.80,2.40
2010.04.09 12:34:49.835,0.9371,0.9372,12.80,1.00
2010.04.09 12:34:49.993,0.9371,0.9372,14.40,1.00
2010.04.09 12:34:50.776,0.9372,0.93725,1.00,13.70
2010.04.09 12:34:51.125,0.9372,0.9373,7.20,4.10
2010.04.09 12:34:53.478,0.9372,0.9373,7.20,5.70
2010.04.09 12:34:53.588,0.9372,0.9373,6.40,6.50
2010.04.09 12:34:53.698,0.9372,0.9373,2.40,10.50
2010.04.09 12:35:01.788,0.9372,0.9373,6.40,8.80
2010.04.09 12:35:02.139,0.9372,0.9373,10.40,2.50
2010.04.09 12:35:02.491,0.9372,0.9373,11.20,2.50
2010.04.09 12:35:02.933,0.9372,0.9373,12.00,2.50
2010.04.09 12:35:04.057,0.9372,0.9373,10.40,2.50
2010.04.09 12:35:04.276,0.9372,0.9373,9.60,2.50
2010.04.09 12:35:05.767,0.9372,0.9373,9.60,4.10
2010.04.09 12:35:08.046,0.9372,0.9373,6.40,5.70
2010.04.09 12:35:08.119,0.9372,0.93725,1.00,1.00
2010.04.09 12:35:08.187,0.93715,0.93725,12.80,2.40
2010.04.09 12:35:12.148,0.9372,0.93725,1.00,1.60
2010.04.09 12:35:13.786,0.9372,0.9373,1.00,15.30
2010.04.09 12:35:13.920,0.9372,0.9373,7.20,5.70
2010.04.09 12:35:18.473,0.9372,0.9373,7.20,4.10
2010.04.09 12:35:18.718,0.9372,0.93725,2.40,8.90
2010.04.09 12:35:18.967,0.9372,0.9373,7.20,4.50
2010.04.09 12:35:19.214,0.9372,0.9373,7.20,6.10
2010.04.09 12:35:20.017,0.9372,0.9373,7.20,5.70
2010.04.09 12:35:22.348,0.93715,0.93725,15.20,1.00
2010.04.09 12:35:22.660,0.93715,0.93725,13.60,1.00
2010.04.09 12:35:22.822,0.93715,0.93725,13.60,2.40
2010.04.09 12:35:23.821,0.93715,0.93725,15.20,2.40
2010.04.09 12:35:24.322,0.93715,0.93725,11.20,2.50
2010.04.09 12:35:24.820,0.93715,0.93725,9.60,2.50
2010.04.09 12:35:26.934,0.93715,0.93725,13.60,2.40
2010.04.09 12:35:27.262,0.93715,0.9372,12.80,1.00
2010.04.09 12:35:27.352,0.93715,0.9372,4.80,1.00
2010.04.09 12:35:27.443,0.93715,0.9372,1.60,1.00
2010.04.09 12:35:27.689,0.9371,0.9372,11.60,1.00
2010.04.09 12:35:28.432,0.9371,0.9372,8.80,4.00
2010.04.09 12:35:28.603,0.9371,0.9372,7.20,5.60
2010.04.09 12:35:29.258,0.9371,0.9372,7.20,4.00
2010.04.09 12:35:30.453,0.9371,0.9372,7.20,5.60
2010.04.09 12:35:32.320,0.9371,0.9372,7.20,5.70
2010.04.09 12:35:32.719,0.9371,0.9372,7.20,5.60
2010.04.09 12:35:37.179,0.9371,0.9372,2.40,10.50
2010.04.09 12:35:37.916,0.9371,0.9372,6.40,6.40
2010.04.09 12:35:38.155,0.9371,0.9372,7.20,5.60
2010.04.09 12:35:42.353,0.9371,0.9372,7.20,5.60
2010.04.09 12:35:42.599,0.937,0.93705,6.40,1.00
2010.04.09 12:35:42.660,0.937,0.93705,1.60,1.00
2010.04.09 12:35:43.496,0.937,0.9371,6.40,14.50
2010.04.09 12:35:43.555,0.937,0.9371,7.20,10.50
2010.04.09 12:35:44.196,0.937,0.9371,7.20,6.50
2010.04.09 12:35:44.882,0.937,0.9371,7.20,5.70
2010.04.09 12:35:45.186,0.937,0.9371,8.80,5.70
2010.04.09 12:35:45.286,0.937,0.9371,8.80,5.60
2010.04.09 12:35:45.384,0.937,0.9371,10.40,4.00
2010.04.09 12:35:47.269,0.937,0.9371,10.40,2.40
2010.04.09 12:35:47.375,0.937,0.9371,10.40,1.00
2010.04.09 12:35:47.475,0.937,0.9371,10.80,1.00
2010.04.09 12:35:47.674,0.93705,0.93715,1.00,16.90
2010.04.09 12:35:47.775,0.93705,0.93715,5.60,10.40
2010.04.09 12:35:47.874,0.93705,0.93715,9.60,6.40
2010.04.09 12:35:48.176,0.93705,0.93715,5.60,6.50
2010.04.09 12:35:49.257,0.9371,0.93715,1.00,3.30
2010.04.09 12:35:49.487,0.9371,0.93715,1.00,1.00
2010.04.09 12:35:49.638,0.9371,0.9372,1.00,14.50
2010.04.09 12:35:50.678,0.93705,0.93715,13.20,1.00
2010.04.09 12:35:51.132,0.93705,0.93715,12.80,1.00
2010.04.09 12:35:55.903,0.9371,0.93715,4.80,1.00
2010.04.09 12:35:58.089,0.9371,0.9372,7.20,5.60
2010.04.09 12:36:00.577,0.9371,0.9372,7.20,4.00
2010.04.09 12:36:00.812,0.9371,0.9372,7.60,2.40
2010.04.09 12:36:01.781,0.9371,0.9372,9.20,2.40
2010.04.09 12:36:02.732,0.9371,0.9372,4.80,4.10
2010.04.09 12:36:02.810,0.9371,0.9372,4.00,8.90
2010.04.09 12:36:02.972,0.9371,0.9372,4.80,8.10
2010.04.09 12:36:03.807,0.9371,0.9372,8.80,4.00
2010.04.09 12:36:03.956,0.9371,0.9372,7.20,4.00
2010.04.09 12:36:08.572,0.9371,0.9372,7.60,4.00
2010.04.09 12:36:13.521,0.9371,0.93715,4.40,2.40
2010.04.09 12:36:13.641,0.9371,0.93715,1.00,2.50
2010.04.09 12:36:13.868,0.9371,0.93715,1.00,2.40
2010.04.09 12:36:19.568,0.9371,0.93715,1.00,1.60
2010.04.09 12:36:20.726,0.9371,0.93715,1.00,2.40
2010.04.09 12:36:21.720,0.93705,0.9371,10.47,1.00
2010.04.09 12:36:21.869,0.93705,0.9371,4.00,1.00
2010.04.09 12:36:22.466,0.93705,0.9371,3.80,1.00
2010.04.09 12:36:22.856,0.93705,0.9371,2.20,1.00
2010.04.09 12:36:25.124,0.93705,0.9371,1.60,1.00
2010.04.09 12:36:28.155,0.93705,0.93715,11.80,4.00
2010.04.09 12:36:31.029,0.9371,0.93715,4.00,4.00
2010.04.09 12:36:31.238,0.93705,0.9371,4.80,4.00
2010.04.09 12:36:31.450,0.937,0.93705,10.00,1.60
2010.04.09 12:36:31.658,0.93695,0.937,8.80,1.00
2010.04.09 12:36:32.380,0.93695,0.937,4.80,1.00
2010.04.09 12:36:32.708,0.9369,0.937,7.30,6.50
2010.04.09 12:36:36.513,0.9369,0.937,7.30,4.90
2010.04.09 12:36:36.804,0.9369,0.937,11.30,4.80
2010.04.09 12:36:38.552,0.937,0.93705,1.00,16.50
2010.04.09 12:36:38.716,0.93695,0.93705,1.00,12.10
2010.04.09 12:36:38.876,0.93695,0.93705,4.80,8.10
2010.04.09 12:36:39.033,0.93695,0.93705,4.80,7.30
2010.04.09 12:36:39.193,0.93695,0.93705,1.00,11.30
2010.04.09 12:36:40.711,0.93695,0.93705,1.60,7.30
2010.04.09 12:36:40.843,0.93695,0.93705,5.60,7.30
2010.04.09 12:36:45.532,0.937,0.93705,1.00,3.30
2010.04.09 12:36:46.180,0.93695,0.93705,7.60,2.50
2010.04.09 12:36:46.321,0.93695,0.93705,11.20,2.40
2010.04.09 12:36:46.584,0.93695,0.93705,10.40,4.80
2010.04.09 12:36:47.110,0.93695,0.93705,11.20,4.00
2010.04.09 12:36:47.951,0.93695,0.93705,11.20,2.40
2010.04.09 12:36:54.085,0.93695,0.93705,11.20,4.00
2010.04.09 12:36:56.260,0.93695,0.93705,12.80,6.40
2010.04.09 12:36:56.448,0.93695,0.93705,12.80,8.00
2010.04.09 12:36:56.794,0.93695,0.937,1.00,1.00
2010.04.09 12:36:57.140,0.9369,0.937,12.90,1.00
2010.04.09 12:36:57.481,0.9369,0.937,11.30,2.40
2010.04.09 12:36:58.179,0.9369,0.937,11.30,5.60
2010.04.09 12:36:58.324,0.9369,0.937,7.20,5.70
2010.04.09 12:37:00.897,0.9369,0.937,5.50,6.90
2010.04.09 12:37:01.028,0.9369,0.937,5.50,10.10
2010.04.09 12:37:01.157,0.9369,0.937,4.80,14.10
2010.04.09 12:37:01.287,0.9369,0.937,1.00,14.10
2010.04.09 12:37:02.450,0.93685,0.9369,3.30,1.00
2010.04.09 12:37:02.509,0.9368,0.9369,12.70,2.40
2010.04.09 12:37:02.767,0.9368,0.9369,12.70,3.20
2010.04.09 12:37:03.156,0.9368,0.9369,8.70,3.20
2010.04.09 12:37:03.827,0.9368,0.9369,8.70,3.30
2010.04.09 12:37:03.878,0.9368,0.9369,12.70,3.20
2010.04.09 12:37:06.328,0.93675,0.93685,6.30,5.70
2010.04.09 12:37:06.561,0.93675,0.93685,4.70,9.70
2010.04.09 12:37:06.791,0.93675,0.9368,1.00,1.00
2010.04.09 12:37:07.529,0.9368,0.93685,1.00,9.80
2010.04.09 12:37:08.416,0.9369,0.93695,1.00,13.70
2010.04.09 12:37:08.491,0.9369,0.93695,1.00,3.30
2010.04.09 12:37:08.637,0.93685,0.93695,13.20,2.50
2010.04.09 12:37:08.779,0.93685,0.93695,6.00,6.40
2010.04.09 12:37:08.857,0.93685,0.93695,4.80,6.50
2010.04.09 12:37:09.541,0.93685,0.9369,3.20,1.00
2010.04.09 12:37:09.892,0.93685,0.9369,1.60,1.00
2010.04.09 12:37:10.916,0.93685,0.93695,2.40,9.70
2010.04.09 12:37:12.267,0.93685,0.9369,4.00,1.00
2010.04.09 12:37:12.425,0.93685,0.9369,4.00,2.40
2010.04.09 12:37:13.029,0.9368,0.9369,12.80,2.40
2010.04.09 12:37:13.130,0.9368,0.93685,1.60,1.00
2010.04.09 12:37:13.317,0.9368,0.9369,1.60,12.90
2010.04.09 12:37:13.494,0.9368,0.9369,1.00,10.50
2010.04.09 12:37:13.583,0.9368,0.9369,1.00,6.50
2010.04.09 12:37:13.673,0.9368,0.9369,4.80,6.50
2010.04.09 12:37:15.804,0.9368,0.93685,1.00,1.60
2010.04.09 12:37:16.184,0.93675,0.93685,13.20,5.60
2010.04.09 12:37:16.376,0.9368,0.93685,1.00,4.80
2010.04.09 12:37:17.526,0.93675,0.93685,12.80,5.60
2010.04.09 12:37:17.622,0.93675,0.93685,12.80,4.00
2010.04.09 12:37:17.933,0.93675,0.93685,12.80,4.80
2010.04.09 12:37:17.982,0.93675,0.9368,12.00,1.00
2010.04.09 12:37:18.032,0.93675,0.9368,10.40,1.00
2010.04.09 12:37:18.174,0.93675,0.9368,5.60,1.00
2010.04.09 12:37:18.273,0.9367,0.9368,13.20,2.40
2010.04.09 12:37:19.210,0.93675,0.93685,9.60,7.60
2010.04.09 12:37:19.515,0.93675,0.93685,9.60,6.40
2010.04.09 12:37:19.828,0.93675,0.93685,9.60,5.60
2010.04.09 12:37:21.360,0.9368,0.93685,1.00,10.90
2010.04.09 12:37:21.609,0.9368,0.93685,1.00,3.60
2010.04.09 12:37:21.847,0.9367,0.93685,18.70,8.10
2010.04.09 12:37:22.082,0.9367,0.93685,18.70,9.70
2010.04.09 12:37:22.903,0.9367,0.93685,17.20,9.70
2010.04.09 12:37:24.486,0.9367,0.93685,17.10,9.70
2010.04.09 12:37:26.515,0.9367,0.93675,16.30,1.60
2010.04.09 12:37:26.745,0.9367,0.9368,3.10,12.90
2010.04.09 12:37:27.376,0.9367,0.9368,3.10,13.00
2010.04.09 12:37:27.612,0.93665,0.9367,4.00,1.00
2010.04.09 12:37:27.806,0.93665,0.9367,1.00,1.00
2010.04.09 12:37:27.994,0.9367,0.93675,1.00,4.90
2010.04.09 12:37:28.184,0.9367,0.93675,1.00,3.20
2010.04.09 12:37:28.377,0.9367,0.93675,1.00,1.70
2010.04.09 12:37:28.563,0.9367,0.93675,4.80,1.70
2010.04.09 12:37:28.756,0.9367,0.9368,7.20,4.80
2010.04.09 12:37:29.404,0.9367,0.9368,10.40,8.80
2010.04.09 12:37:29.702,0.93665,0.93675,13.20,1.00
2010.04.09 12:37:30.669,0.93665,0.93675,12.80,1.00
2010.04.09 12:37:31.132,0.93665,0.93675,12.80,2.40
2010.04.09 12:37:31.319,0.93665,0.93675,8.80,2.40
2010.04.09 12:37:31.511,0.93665,0.93675,12.80,2.40
2010.04.09 12:37:31.702,0.93665,0.9367,1.60,1.00
2010.04.09 12:37:32.538,0.93665,0.9367,1.60,1.00
2010.04.09 12:37:35.026,0.93665,0.9367,1.60,1.00
2010.04.09 12:37:35.090,0.9366,0.9367,10.80,1.00
2010.04.09 12:37:37.927,0.9366,0.9367,10.40,1.00
2010.04.09 12:37:39.967,0.9366,0.9367,10.40,1.00
2010.04.09 12:37:40.411,0.9366,0.93665,4.80,14.40
2010.04.09 12:37:41.036,0.9366,0.93665,4.80,5.60
2010.04.09 12:37:41.386,0.93645,0.93655,14.40,4.80
2010.04.09 12:37:42.031,0.93645,0.93655,14.40,4.00
2010.04.09 12:37:43.250,0.93645,0.93655,15.20,3.20
2010.04.09 12:37:43.416,0.93645,0.9366,15.20,17.30
2010.04.09 12:37:43.576,0.93645,0.9366,15.20,16.50
2010.04.09 12:37:44.471,0.93645,0.9366,15.60,16.50
2010.04.09 12:37:44.743,0.9365,0.9366,7.20,4.90
2010.04.09 12:37:45.417,0.9365,0.93665,12.40,19.70
2010.04.09 12:37:45.485,0.9365,0.93665,14.00,19.70
2010.04.09 12:37:45.555,0.9365,0.93665,18.00,19.70
2010.04.09 12:37:45.686,0.9365,0.93665,18.80,19.70
2010.04.09 12:37:46.209,0.9365,0.93665,18.80,19.80
2010.04.09 12:37:46.338,0.9365,0.93665,18.80,17.50
2010.04.09 12:37:46.680,0.93655,0.93665,5.60,7.70
2010.04.09 12:37:47.030,0.93655,0.93665,13.60,3.20
2010.04.09 12:37:50.884,0.93655,0.93665,13.80,3.20
2010.04.09 12:38:03.584,0.93655,0.93665,13.80,1.60
2010.04.09 12:38:05.051,0.93655,0.93665,15.40,1.60
2010.04.09 12:38:05.890,0.93655,0.9366,12.00,1.00
2010.04.09 12:38:06.142,0.9365,0.93655,5.60,4.00
2010.04.09 12:38:06.388,0.9364,0.93645,13.60,1.00
2010.04.09 12:38:07.354,0.93635,0.93645,13.60,1.00
2010.04.09 12:38:08.781,0.93635,0.93645,9.60,1.00
2010.04.09 12:38:09.446,0.93635,0.93645,5.60,4.90
2010.04.09 12:38:11.894,0.93635,0.93645,14.40,1.00
2010.04.09 12:38:15.240,0.93635,0.93645,12.80,1.00
2010.04.09 12:38:16.050,0.93635,0.93645,14.40,1.00
2010.04.09 12:38:16.732,0.93635,0.9364,9.60,1.00
2010.04.09 12:38:17.075,0.93635,0.93645,14.40,1.00
2010.04.09 12:38:17.330,0.93635,0.93645,12.80,1.00
2010.04.09 12:38:19.038,0.9363,0.93635,4.80,1.00
2010.04.09 12:38:19.153,0.9363,0.93635,5.60,1.00
2010.04.09 12:38:19.349,0.9363,0.9364,5.60,4.40
2010.04.09 12:38:19.549,0.9363,0.9364,5.60,4.00
2010.04.09 12:38:19.748,0.9363,0.9364,5.60,4.10
2010.04.09 12:38:19.948,0.9363,0.9364,5.60,4.00
2010.04.09 12:38:21.197,0.9363,0.9364,5.60,5.60
2010.04.09 12:38:22.570,0.9363,0.9364,5.60,4.00
2010.04.09 12:38:22.706,0.9363,0.9364,7.20,4.00
2010.04.09 12:38:24.226,0.9363,0.9364,8.80,4.00
2010.04.09 12:38:25.267,0.9363,0.9364,8.80,2.40
2010.04.09 12:38:28.190,0.93635,0.93645,1.00,19.70
2010.04.09 12:38:28.874,0.93635,0.93645,5.60,4.90
2010.04.09 12:38:28.998,0.93635,0.93645,12.80,2.40
2010.04.09 12:38:30.428,0.93635,0.9364,13.60,1.00
2010.04.09 12:38:30.589,0.93635,0.9364,2.30,1.00
2010.04.09 12:38:31.066,0.93635,0.9364,1.60,1.00
2010.04.09 12:38:31.407,0.9363,0.9364,11.20,1.00
2010.04.09 12:38:32.303,0.9363,0.9364,11.20,1.00
2010.04.09 12:38:32.425,0.9363,0.9364,10.40,1.00
2010.04.09 12:38:32.935,0.9363,0.9364,10.40,1.00
2010.04.09 12:38:39.683,0.93635,0.93645,4.80,10.00
2010.04.09 12:38:39.734,0.93635,0.93645,8.80,5.20
2010.04.09 12:38:39.784,0.93635,0.93645,9.60,5.20
2010.04.09 12:38:39.941,0.93635,0.93645,9.60,4.80
2010.04.09 12:38:39.993,0.93635,0.93645,11.20,4.80
2010.04.09 12:38:40.152,0.93635,0.93645,11.20,4.00
2010.04.09 12:38:40.896,0.9364,0.93645,1.00,1.60
2010.04.09 12:38:41.943,0.9364,0.9365,1.00,14.50
2010.04.09 12:38:46.553,0.9364,0.9365,4.80,10.40
2010.04.09 12:38:47.903,0.9364,0.9365,11.20,5.60
2010.04.09 12:38:48.104,0.93645,0.9365,10.40,2.40
2010.04.09 12:38:48.843,0.93655,0.9366,1.00,12.90
2010.04.09 12:38:49.063,0.93655,0.93665,11.20,5.60
2010.04.09 12:38:49.511,0.9366,0.93665,4.00,5.60
2010.04.09 12:38:50.129,0.9366,0.93665,8.00,5.60
2010.04.09 12:38:50.407,0.9366,0.9367,1.00,14.90
2010.04.09 12:38:50.683,0.9366,0.9367,1.00,12.90
2010.04.09 12:38:50.955,0.9366,0.9367,7.20,3.30
2010.04.09 12:38:51.731,0.9366,0.9367,8.80,2.50
2010.04.09 12:38:52.077,0.9366,0.9367,11.20,2.50
2010.04.09 12:38:52.416,0.93665,0.9367,1.60,1.00
2010.04.09 12:38:53.072,0.93665,0.93675,14.50,2.40
2010.04.09 12:38:53.988,0.9367,0.9368,11.20,10.40
2010.04.09 12:38:54.225,0.9367,0.93675,11.20,4.00
2010.04.09 12:38:54.468,0.9367,0.93675,8.00,7.20
2010.04.09 12:38:54.703,0.93665,0.93675,4.00,14.00
2010.04.09 12:38:54.942,0.9366,0.9367,11.20,1.00
2010.04.09 12:38:55.715,0.93665,0.93675,11.20,4.80
2010.04.09 12:38:55.885,0.93665,0.93675,12.80,2.40
2010.04.09 12:38:56.826,0.93665,0.93675,14.40,2.40
2010.04.09 12:38:57.854,0.93665,0.93675,8.80,2.50
2010.04.09 12:38:58.773,0.93665,0.9367,6.40,1.00
2010.04.09 12:38:59.114,0.9366,0.9367,16.00,1.00
2010.04.09 12:39:02.098,0.9366,0.9367,16.00,1.00
2010.04.09 12:39:02.377,0.93665,0.93675,2.40,12.10
2010.04.09 12:39:03.378,0.9367,0.93675,1.00,4.80
2010.04.09 12:39:03.604,0.93665,0.9367,2.40,1.00
2010.04.09 12:39:08.017,0.93665,0.9367,1.00,1.00
2010.04.09 12:39:09.220,0.9366,0.9367,16.00,1.00
2010.04.09 12:39:09.562,0.93665,0.93675,3.20,9.70
2010.04.09 12:39:09.913,0.93665,0.93675,11.20,4.80
2010.04.09 12:39:10.258,0.93665,0.93675,11.20,4.00
2010.04.09 12:39:12.862,0.93665,0.93675,12.80,4.00
2010.04.09 12:39:13.674,0.93665,0.9367,4.80,2.40
2010.04.09 12:39:13.860,0.9366,0.9367,5.20,15.50
2010.04.09 12:39:14.052,0.9366,0.93665,1.00,13.60
2010.04.09 12:39:14.241,0.93655,0.9366,1.60,1.00
2010.04.09 12:39:14.427,0.9365,0.9366,10.40,1.00
2010.04.09 12:39:14.605,0.9365,0.9366,10.40,2.50
2010.04.09 12:39:16.293,0.9365,0.9366,8.80,2.50
2010.04.09 12:39:16.762,0.9365,0.9366,7.20,2.50
2010.04.09 12:39:17.599,0.9365,0.9366,8.80,2.50
2010.04.09 12:39:21.149,0.9365,0.9366,10.40,2.50
2010.04.09 12:39:26.105,0.9365,0.9366,10.30,2.50
2010.04.09 12:39:26.464,0.9365,0.9366,10.40,2.50
2010.04.09 12:39:28.415,0.93655,0.9366,1.00,1.70
2010.04.09 12:39:28.685,0.93655,0.93665,4.00,9.70
2010.04.09 12:39:29.286,0.93655,0.93665,4.00,8.90
2010.04.09 12:39:29.494,0.93655,0.93665,7.20,4.10
2010.04.09 12:39:29.703,0.93655,0.93665,7.20,8.10
2010.04.09 12:39:29.913,0.93655,0.93665,2.40,10.50
2010.04.09 12:39:30.123,0.93655,0.9366,2.40,1.00
2010.04.09 12:39:30.332,0.9365,0.9366,11.20,1.00
2010.04.09 12:39:35.012,0.9365,0.9366,9.60,6.50
2010.04.09 12:39:35.660,0.9365,0.9366,5.60,2.50
2010.04.09 12:39:35.980,0.9365,0.9366,9.60,1.00
2010.04.09 12:39:36.598,0.9365,0.9366,9.60,2.50
2010.04.09 12:39:37.498,0.9365,0.9366,11.20,2.50
2010.04.09 12:39:37.799,0.9365,0.9366,11.00,2.50
2010.04.09 12:39:38.890,0.9365,0.9366,5.60,2.40
2010.04.09 12:39:38.941,0.93645,0.9366,4.80,4.20
2010.04.09 12:39:39.000,0.93645,0.9365,4.80,1.60
2010.04.09 12:39:39.050,0.9364,0.93645,5.60,2.40
2010.04.09 12:39:39.148,0.9364,0.93645,5.60,3.20
2010.04.09 12:39:39.819,0.93645,0.9365,1.00,9.80
2010.04.09 12:39:40.164,0.9365,0.93655,4.80,4.80
2010.04.09 12:39:40.509,0.9365,0.93655,4.00,4.00
2010.04.09 12:39:41.440,0.9366,0.93665,4.00,6.40
2010.04.09 12:39:42.012,0.93655,0.93665,8.00,5.60
2010.04.09 12:39:42.301,0.93655,0.93665,12.00,5.60
2010.04.09 12:39:42.591,0.93655,0.93665,12.80,6.40
2010.04.09 12:39:45.248,0.9365,0.93655,4.80,1.00
2010.04.09 12:39:45.597,0.9365,0.93655,4.00,1.00
2010.04.09 12:39:45.740,0.9365,0.93655,4.00,2.80
2010.04.09 12:39:45.879,0.93645,0.93655,4.80,7.60
2010.04.09 12:39:46.018,0.93645,0.93655,4.80,7.20
2010.04.09 12:39:48.807,0.93645,0.93655,4.80,11.20
2010.04.09 12:39:48.867,0.93645,0.93655,1.00,11.30
2010.04.09 12:39:52.429,0.9365,0.93655,1.00,8.90
2010.04.09 12:39:52.690,0.93645,0.93655,14.00,2.40
2010.04.09 12:39:53.647,0.9364,0.9365,7.20,5.60
2010.04.09 12:39:56.315,0.93635,0.9364,20.80,1.00
2010.04.09 12:39:56.650,0.9363,0.9364,18.00,1.00
2010.04.09 12:39:56.978,0.9363,0.9364,7.20,1.00
2010.04.09 12:39:57.782,0.9363,0.9364,7.20,4.00
2010.04.09 12:40:01.166,0.9363,0.9364,7.20,1.00
2010.04.09 12:40:01.844,0.9363,0.9364,8.80,1.00
2010.04.09 12:40:02.405,0.9363,0.9364,10.80,1.00
2010.04.09 12:40:02.690,0.93635,0.93645,2.40,10.10
2010.04.09 12:40:03.516,0.93635,0.93645,10.00,2.50
2010.04.09 12:40:03.609,0.93635,0.93645,15.20,2.40
2010.04.09 12:40:03.696,0.93635,0.93645,15.20,1.00
2010.04.09 12:40:03.785,0.9364,0.93645,4.00,1.00
2010.04.09 12:40:03.877,0.93645,0.9365,4.00,14.00
2010.04.09 12:40:04.167,0.9364,0.93645,4.00,1.00
2010.04.09 12:40:06.023,0.9364,0.9365,4.80,9.20
2010.04.09 12:40:06.467,0.9364,0.93645,8.80,1.00
2010.04.09 12:40:07.453,0.9364,0.93645,4.00,1.00
2010.04.09 12:40:07.682,0.9364,0.93645,8.00,1.00
2010.04.09 12:40:07.908,0.9364,0.9365,8.80,6.40
2010.04.09 12:40:08.865,0.9364,0.9365,11.20,4.00
2010.04.09 12:40:09.123,0.9364,0.9365,7.20,4.10
2010.04.09 12:40:10.653,0.9364,0.9365,7.20,2.40
2010.04.09 12:40:10.851,0.9364,0.9365,7.20,4.00
2010.04.09 12:40:15.311,0.9364,0.9365,7.20,5.60
2010.04.09 12:40:17.066,0.9364,0.9365,7.20,4.00
2010.04.09 12:40:17.391,0.9364,0.9365,7.20,5.60
2010.04.09 12:40:17.560,0.9364,0.9365,7.20,4.00
2010.04.09 12:40:19.804,0.9364,0.93645,3.20,8.90
2010.04.09 12:40:20.013,0.9364,0.9365,9.60,6.40
2010.04.09 12:40:20.835,0.9364,0.9365,9.60,4.80
2010.04.09 12:40:21.083,0.93645,0.9365,8.00,4.00
2010.04.09 12:40:21.322,0.93645,0.9365,4.00,4.00
2010.04.09 12:40:22.345,0.93645,0.9365,8.00,4.80
2010.04.09 12:40:22.586,0.93645,0.9365,8.00,8.80
2010.04.09 12:40:23.274,0.93645,0.9365,8.00,11.20
2010.04.09 12:40:23.631,0.93635,0.9364,10.40,1.00
2010.04.09 12:40:24.402,0.93635,0.9364,8.00,2.40
2010.04.09 12:40:24.664,0.93635,0.9364,4.00,2.40
2010.04.09 12:40:28.878,0.9363,0.9364,12.80,2.40
2010.04.09 12:40:29.036,0.9363,0.9364,8.80,2.40
2010.04.09 12:40:29.992,0.9363,0.9364,10.40,1.00
2010.04.09 12:40:30.351,0.9363,0.9364,14.40,1.60
2010.04.09 12:40:31.247,0.9363,0.9364,10.40,1.60
2010.04.09 12:40:32.182,0.93635,0.9364,4.00,1.60
2010.04.09 12:40:34.669,0.93635,0.9364,4.00,1.00
2010.04.09 12:40:34.820,0.9364,0.9365,10.40,8.60
2010.04.09 12:40:34.961,0.9364,0.9365,11.20,6.80
2010.04.09 12:40:35.099,0.9364,0.93645,11.20,1.00
2010.04.09 12:40:35.712,0.93645,0.9365,4.00,4.80
2010.04.09 12:40:36.003,0.93645,0.9365,4.00,4.00
2010.04.09 12:40:38.571,0.93645,0.9365,4.00,1.00
2010.04.09 12:40:39.496,0.9364,0.9365,10.40,1.00
2010.04.09 12:40:43.198,0.9364,0.9365,14.40,1.00
2010.04.09 12:40:43.289,0.9364,0.9365,14.40,1.00
2010.04.09 12:40:43.372,0.9364,0.9365,10.40,1.00
2010.04.09 12:40:45.158,0.9364,0.9365,10.40,1.00
2010.04.09 12:40:45.495,0.9364,0.9365,10.40,1.00
2010.04.09 12:40:46.429,0.9364,0.9365,6.40,8.90
2010.04.09 12:40:46.781,0.9364,0.9365,10.40,4.00
2010.04.09 12:40:48.155,0.9364,0.9365,10.40,6.30
2010.04.09 12:40:48.368,0.9364,0.9365,10.40,4.40
2010.04.09 12:40:50.265,0.9364,0.9365,10.40,4.00
2010.04.09 12:40:51.377,0.9364,0.9365,10.40,4.00
2010.04.09 12:40:53.664,0.9364,0.9365,10.40,4.00
2010.04.09 12:40:54.972,0.9364,0.9365,14.40,4.00
2010.04.09 12:40:55.313,0.9364,0.9365,10.40,4.00
2010.04.09 12:40:56.161,0.9364,0.9365,10.40,4.00
2010.04.09 12:40:59.691,0.9364,0.9365,10.40,1.00
2010.04.09 12:41:02.071,0.93645,0.9365,4.00,1.00
2010.04.09 12:41:02.293,0.93645,0.9365,8.80,1.00
2010.04.09 12:41:02.516,0.9365,0.93655,1.00,9.30
2010.04.09 12:41:02.733,0.93645,0.93655,3.20,9.70
2010.04.09 12:41:03.514,0.93645,0.93655,5.60,4.90
2010.04.09 12:41:03.746,0.93645,0.93655,6.40,8.10
2010.04.09 12:41:03.933,0.93645,0.93655,14.40,4.00
2010.04.09 12:41:04.120,0.93645,0.93655,13.60,4.80
2010.04.09 12:41:04.299,0.93645,0.93655,5.60,8.90
2010.04.09 12:41:05.437,0.93645,0.93655,6.40,7.30
2010.04.09 12:41:05.777,0.93645,0.93655,6.40,5.70
2010.04.09 12:41:06.379,0.93645,0.93655,6.40,5.70
2010.04.09 12:41:07.490,0.93645,0.93655,6.40,5.70
2010.04.09 12:41:11.202,0.93645,0.93655,4.80,7.30
2010.04.09 12:41:11.949,0.93645,0.93655,5.60,7.30
2010.04.09 12:41:12.274,0.93645,0.93655,14.80,4.80
2010.04.09 12:41:12.610,0.93645,0.93655,14.40,1.60
2010.04.09 12:41:13.595,0.93645,0.93655,6.40,1.00
2010.04.09 12:41:13.944,0.93645,0.93655,5.60,5.70
2010.04.09 12:41:14.297,0.9365,0.93655,1.00,1.00
2010.04.09 12:41:15.282,0.9365,0.9366,1.00,11.30
2010.04.09 12:41:16.436,0.93645,0.9365,19.10,1.00
2010.04.09 12:41:16.679,0.93645,0.93655,21.00,1.00
2010.04.09 12:41:17.340,0.93645,0.93655,18.60,1.00
2010.04.09 12:41:17.583,0.93645,0.93655,5.70,5.70
2010.04.09 12:41:18.257,0.93645,0.93655,5.70,8.90
2010.04.09 12:41:19.624,0.93645,0.93655,6.50,8.10
2010.04.09 12:41:19.825,0.93645,0.93655,10.50,4.10
2010.04.09 12:41:21.456,0.93645,0.93655,5.80,8.90
2010.04.09 12:41:21.566,0.93645,0.93655,11.20,8.90
2010.04.09 12:41:21.680,0.93645,0.93655,11.20,4.90
2010.04.09 12:41:21.791,0.93645,0.93655,11.20,4.00
2010.04.09 12:41:21.899,0.93645,0.93655,11.10,4.10
2010.04.09 12:41:22.008,0.93645,0.9365,8.70,1.00
2010.04.09 12:41:22.116,0.93645,0.9365,7.10,1.00
2010.04.09 12:41:22.808,0.9365,0.93655,4.80,9.60
2010.04.09 12:41:23.157,0.9365,0.93655,1.00,1.60
2010.04.09 12:41:26.786,0.9365,0.93655,5.60,1.60
2010.04.09 12:41:29.854,0.9365,0.93655,1.00,1.60
2010.04.09 12:41:36.236,0.9365,0.93655,2.40,1.60
2010.04.09 12:41:37.053,0.9365,0.9366,4.00,8.90
2010.04.09 12:41:38.540,0.9365,0.9366,8.00,4.90
2010.04.09 12:41:38.890,0.9365,0.9366,8.80,4.10
2010.04.09 12:41:39.243,0.9365,0.9366,7.20,4.10
2010.04.09 12:41:40.353,0.9365,0.9366,3.20,8.10
2010.04.09 12:41:40.559,0.9365,0.9366,2.40,8.90
2010.04.09 12:41:41.358,0.9365,0.9366,6.40,8.90
2010.04.09 12:41:41.701,0.9365,0.9366,7.20,4.10
2010.04.09 12:41:43.263,0.9365,0.9366,8.80,2.50
2010.04.09 12:41:43.401,0.9365,0.9366,10.40,2.50
2010.04.09 12:41:44.856,0.9364,0.9365,17.20,1.00
2010.04.09 12:41:44.916,0.9365,0.93655,1.00,16.10
2010.04.09 12:41:44.981,0.93645,0.93655,1.00,17.30
2010.04.09 12:41:45.038,0.93645,0.93655,1.00,15.30
2010.04.09 12:41:45.102,0.93645,0.93655,2.40,13.70
2010.04.09 12:41:45.161,0.93645,0.93655,4.00,9.70
2010.04.09 12:41:45.222,0.93645,0.93655,4.00,10.50
2010.04.09 12:41:45.282,0.93645,0.93655,4.80,10.50
2010.04.09 12:41:45.902,0.93645,0.93655,4.80,8.90
2010.04.09 12:41:45.939,0.93645,0.93655,4.80,7.30
2010.04.09 12:41:46.632,0.93645,0.93655,4.80,6.50
2010.04.09 12:41:47.297,0.93645,0.93655,4.80,8.90
2010.04.09 12:41:48.588,0.93645,0.93655,6.40,8.10
2010.04.09 12:41:49.127,0.93645,0.93655,6.40,8.90
2010.04.09 12:41:54.798,0.93645,0.93655,5.60,8.90
2010.04.09 12:41:59.207,0.93645,0.93655,4.00,8.90
2010.04.09 12:41:59.657,0.93645,0.93655,8.80,8.10
2010.04.09 12:41:59.887,0.93645,0.93655,8.80,4.10
2010.04.09 12:42:01.606,0.93645,0.93655,4.80,8.10
2010.04.09 12:42:01.747,0.93645,0.93655,4.00,8.90
2010.04.09 12:42:03.476,0.93645,0.93655,14.40,2.50
2010.04.09 12:42:03.772,0.93645,0.93655,14.40,2.40
2010.04.09 12:42:04.244,0.93645,0.93655,10.40,2.50
2010.04.09 12:42:11.304,0.93645,0.9365,8.00,1.00
2010.04.09 12:42:12.051,0.93645,0.9365,1.00,1.00
2010.04.09 12:42:12.434,0.9364,0.9365,11.20,1.00
2010.04.09 12:42:13.422,0.9364,0.9365,11.20,1.00
2010.04.09 12:42:14.996,0.93645,0.93655,6.40,6.50
2010.04.09 12:42:15.125,0.93645,0.93655,5.60,7.30
2010.04.09 12:42:17.117,0.93645,0.9365,8.00,1.00
2010.04.09 12:42:18.303,0.93645,0.9365,9.60,1.00
2010.04.09 12:42:18.624,0.9365,0.93655,4.00,3.20
2010.04.09 12:42:19.558,0.9365,0.93655,1.00,7.20
2010.04.09 12:42:19.909,0.93645,0.9365,4.00,1.00
2010.04.09 12:42:21.553,0.93645,0.93655,9.60,6.20
2010.04.09 12:42:21.844,0.9365,0.93655,8.00,1.00
2010.04.09 12:42:22.131,0.9365,0.93655,4.00,1.40
2010.04.09 12:42:22.975,0.93645,0.93655,12.80,5.40
2010.04.09 12:42:23.228,0.93645,0.93655,4.80,10.40
2010.04.09 12:42:23.951,0.93645,0.93655,4.80,8.80
2010.04.09 12:42:27.783,0.9365,0.93655,1.00,10.40
2010.04.09 12:42:28.129,0.9365,0.93655,1.00,6.40
2010.04.09 12:42:28.453,0.9365,0.93655,1.00,7.20
2010.04.09 12:42:29.817,0.9365,0.93655,1.00,7.30
2010.04.09 12:42:30.499,0.9365,0.93655,1.00,8.90
2010.04.09 12:42:31.339,0.9365,0.93655,1.00,7.30
2010.04.09 12:42:33.498,0.9365,0.93655,4.80,3.20
2010.04.09 12:42:33.660,0.9365,0.93655,1.00,8.90
2010.04.09 12:42:33.988,0.9365,0.93655,1.00,7.30
2010.04.09 12:42:37.761,0.9365,0.93655,1.00,8.90
2010.04.09 12:42:38.110,0.9365,0.93655,1.00,10.50
2010.04.09 12:42:43.545,0.9365,0.93655,1.00,8.90
2010.04.09 12:42:48.268,0.9365,0.93655,1.00,4.90
2010.04.09 12:42:48.416,0.9365,0.93655,1.00,4.80
2010.04.09 12:42:48.566,0.9365,0.93655,1.00,4.00
2010.04.09 12:42:49.429,0.93645,0.93655,5.60,8.90
2010.04.09 12:42:50.214,0.9365,0.93655,1.00,8.10
2010.04.09 12:42:50.476,0.9365,0.93655,8.00,1.00
2010.04.09 12:42:52.133,0.9365,0.93655,8.00,1.00
2010.04.09 12:42:52.493,0.9365,0.93655,1.00,1.00
2010.04.09 12:42:53.401,0.93645,0.93655,19.20,1.00
2010.04.09 12:42:53.550,0.9365,0.9366,1.00,10.50
2010.04.09 12:42:54.811,0.9365,0.9366,3.20,5.70
2010.04.09 12:42:55.091,0.9365,0.9366,8.80,4.10
2010.04.09 12:42:56.821,0.9365,0.9366,10.40,2.50
2010.04.09 12:42:58.783,0.9365,0.9366,8.00,4.90
2010.04.09 12:42:59.531,0.9365,0.9366,4.00,8.90
2010.04.09 12:42:59.861,0.9365,0.9366,6.40,7.30
2010.04.09 12:43:00.507,0.9365,0.9366,10.40,3.20
2010.04.09 12:43:01.456,0.9365,0.9366,10.80,2.50
2010.04.09 12:43:01.828,0.93655,0.9366,1.00,1.00
2010.04.09 12:43:02.661,0.93655,0.93665,2.40,8.90
2010.04.09 12:43:02.882,0.9366,0.93665,1.00,9.70
2010.04.09 12:43:03.223,0.9366,0.93665,1.00,6.50
2010.04.09 12:43:03.912,0.9366,0.93665,1.00,10.50
2010.04.09 12:43:04.702,0.9366,0.93665,1.00,10.40
2010.04.09 12:43:04.945,0.9366,0.93665,1.00,10.50
2010.04.09 12:43:07.028,0.9366,0.93665,1.00,6.50
2010.04.09 12:43:07.369,0.9366,0.93665,1.00,10.50
2010.04.09 12:43:15.117,0.9366,0.93665,1.00,8.90
2010.04.09 12:43:15.336,0.9366,0.93665,1.00,4.10
2010.04.09 12:43:15.797,0.93655,0.93665,8.80,4.10
2010.04.09 12:43:16.537,0.93655,0.93665,12.80,4.00
2010.04.09 12:43:17.496,0.93655,0.93665,14.40,4.00
2010.04.09 12:43:17.646,0.93655,0.93665,12.80,4.00
2010.04.09 12:43:19.404,0.93655,0.93665,14.40,4.00
2010.04.09 12:43:20.076,0.93655,0.93665,12.80,5.60
2010.04.09 12:43:22.158,0.93655,0.93665,9.60,8.80
2010.04.09 12:43:22.468,0.93655,0.93665,9.60,10.40
2010.04.09 12:43:22.767,0.93655,0.9366,8.00,1.00
2010.04.09 12:43:23.584,0.9365,0.9366,14.80,4.80
2010.04.09 12:43:23.929,0.9365,0.9366,18.40,1.00
2010.04.09 12:43:24.225,0.9365,0.9366,18.40,1.60
2010.04.09 12:43:25.100,0.9365,0.9366,18.40,1.00
2010.04.09 12:43:26.684,0.9365,0.9366,18.80,1.00
2010.04.09 12:43:27.367,0.9365,0.9366,5.20,11.30
2010.04.09 12:43:28.119,0.9365,0.9366,4.80,11.30
2010.04.09 12:43:28.463,0.9365,0.9366,4.80,12.10
2010.04.09 12:43:29.135,0.9365,0.9366,4.80,10.50
2010.04.09 12:43:30.063,0.93655,0.9366,1.00,10.50
2010.04.09 12:43:30.379,0.93655,0.9366,1.00,6.50
2010.04.09 12:43:32.624,0.9365,0.9366,18.40,2.40
2010.04.09 12:43:33.072,0.93655,0.9366,1.00,1.60
2010.04.09 12:43:34.770,0.9365,0.9366,4.80,11.30
2010.04.09 12:43:36.189,0.9365,0.9366,4.80,12.90
2010.04.09 12:43:38.686,0.9365,0.9366,4.00,12.90
2010.04.09 12:43:41.380,0.9365,0.9366,5.60,11.30
2010.04.09 12:43:41.803,0.9365,0.9366,4.00,12.90
2010.04.09 12:43:42.154,0.9365,0.9366,4.00,11.30
2010.04.09 12:43:43.116,0.9365,0.9366,2.40,14.50
2010.04.09 12:43:46.262,0.9365,0.9366,4.00,12.90
2010.04.09 12:43:46.494,0.9365,0.9366,10.40,10.40
2010.04.09 12:43:46.724,0.9365,0.9366,4.80,12.10
2010.04.09 12:43:46.956,0.9365,0.9366,3.20,13.70
2010.04.09 12:43:47.759,0.9365,0.9366,2.40,14.50
2010.04.09 12:43:47.991,0.9365,0.9366,4.00,12.90
2010.04.09 12:43:48.249,0.9365,0.9366,2.40,12.90
2010.04.09 12:43:48.749,0.9365,0.9366,2.40,14.50
2010.04.09 12:43:49.589,0.9365,0.9366,4.00,12.90
2010.04.09 12:43:56.578,0.93655,0.9366,4.00,8.90
2010.04.09 12:43:56.730,0.9366,0.93665,8.80,5.20
2010.04.09 12:43:56.892,0.9367,0.93675,1.00,16.10
2010.04.09 12:43:57.624,0.9367,0.93675,1.00,6.80
2010.04.09 12:43:57.976,0.9367,0.9368,1.00,14.50
2010.04.09 12:43:58.325,0.9367,0.9368,7.20,4.90
2010.04.09 12:43:58.550,0.9367,0.9368,8.80,4.90
2010.04.09 12:44:00.870,0.9367,0.9368,3.20,14.90
2010.04.09 12:44:00.989,0.9367,0.9368,7.20,10.10
2010.04.09 12:44:01.349,0.9367,0.9368,7.20,10.90
2010.04.09 12:44:02.055,0.9367,0.93675,1.00,2.40
2010.04.09 12:44:02.402,0.9367,0.93675,1.00,1.60
2010.04.09 12:44:04.698,0.9367,0.9368,2.40,14.90
2010.04.09 12:44:04.877,0.9367,0.9368,1.00,15.30
2010.04.09 12:44:04.965,0.93665,0.9367,18.80,1.00
2010.04.09 12:44:05.058,0.93665,0.9367,10.00,1.00
2010.04.09 12:44:05.701,0.93665,0.9367,6.00,1.60
2010.04.09 12:44:06.049,0.9366,0.9367,2.40,14.50
2010.04.09 12:44:09.845,0.9366,0.93665,2.40,4.00
2010.04.09 12:44:10.579,0.9366,0.93665,1.60,4.80
2010.04.09 12:44:11.244,0.93655,0.93665,16.40,4.80
2010.04.09 12:44:11.836,0.93655,0.93665,15.60,4.80
2010.04.09 12:44:12.102,0.93655,0.9366,12.00,1.00
2010.04.09 12:44:12.381,0.93655,0.9366,1.60,4.80
2010.04.09 12:44:12.918,0.9365,0.9366,6.40,8.90
2010.04.09 12:44:13.816,0.9365,0.9366,6.40,9.70
2010.04.09 12:44:15.632,0.9365,0.9366,6.80,9.70
2010.04.09 12:44:17.564,0.9365,0.9366,6.40,9.70
2010.04.09 12:44:17.930,0.9365,0.9366,6.50,9.70
2010.04.09 12:44:18.123,0.93655,0.9366,1.00,4.90
2010.04.09 12:44:18.314,0.93655,0.93665,2.40,13.30
2010.04.09 12:44:18.502,0.93655,0.93665,4.00,13.30
2010.04.09 12:44:18.723,0.93655,0.93665,5.60,12.90
2010.04.09 12:44:19.161,0.93655,0.93665,6.40,12.10
2010.04.09 12:44:19.383,0.93655,0.93665,14.40,8.00
2010.04.09 12:44:19.977,0.93655,0.93665,13.60,8.80
2010.04.09 12:44:20.364,0.93655,0.93665,9.60,7.30
2010.04.09 12:44:20.561,0.93655,0.93665,9.60,5.70
2010.04.09 12:44:21.041,0.9366,0.93665,1.00,4.90
2010.04.09 12:44:21.162,0.9366,0.93665,1.00,1.00
2010.04.09 12:44:21.229,0.93655,0.93665,18.80,1.00
2010.04.09 12:44:21.291,0.93655,0.93665,14.40,4.80
2010.04.09 12:44:21.352,0.93655,0.93665,14.40,4.80
2010.04.09 12:44:21.981,0.93655,0.93665,12.80,4.80
2010.04.09 12:44:22.307,0.9366,0.9367,1.00,14.50
2010.04.09 12:44:24.243,0.9366,0.9367,4.80,14.40
2010.04.09 12:44:24.320,0.9366,0.9367,5.60,9.60
2010.04.09 12:44:24.471,0.9366,0.9367,4.80,10.40
2010.04.09 12:44:24.550,0.9366,0.9367,1.00,10.50
2010.04.09 12:44:24.629,0.9366,0.9367,1.00,14.50
2010.04.09 12:44:28.978,0.9366,0.9367,5.60,8.10
2010.04.09 12:44:29.578,0.9366,0.9367,5.60,8.00
2010.04.09 12:44:29.668,0.9366,0.9367,5.60,9.60
2010.04.09 12:44:29.939,0.9366,0.9367,9.60,8.00
2010.04.09 12:44:30.208,0.9366,0.9367,11.20,8.00
2010.04.09 12:44:31.281,0.9366,0.9367,7.20,9.60
2010.04.09 12:44:31.422,0.9366,0.9367,5.60,9.60
2010.04.09 12:44:34.782,0.9366,0.9367,5.60,8.00
2010.04.09 12:44:35.081,0.9366,0.9367,9.60,9.60
2010.04.09 12:44:35.840,0.9366,0.9367,5.60,9.70
2010.04.09 12:44:35.981,0.9366,0.9367,5.60,9.60
2010.04.09 12:44:36.270,0.9366,0.9367,5.60,9.70
2010.04.09 12:44:37.245,0.9366,0.93665,5.60,2.40
2010.04.09 12:44:37.598,0.93655,0.9366,1.00,12.00
2010.04.09 12:44:37.942,0.9365,0.9366,6.40,9.60
2010.04.09 12:44:40.143,0.9365,0.9366,8.80,8.00
2010.04.09 12:44:40.989,0.9365,0.9366,7.20,8.00
2010.04.09 12:44:42.635,0.9365,0.9366,7.20,9.60
2010.04.09 12:44:42.956,0.9365,0.9366,8.80,8.00
2010.04.09 12:44:43.975,0.9365,0.9366,10.40,8.00
2010.04.09 12:44:47.824,0.9365,0.9366,10.40,4.80
2010.04.09 12:44:48.606,0.9365,0.9366,8.80,8.00
2010.04.09 12:44:53.834,0.9365,0.9366,8.80,6.40
2010.04.09 12:44:55.972,0.9365,0.9366,8.80,8.20
2010.04.09 12:44:56.118,0.9365,0.93655,5.60,4.80
2010.04.09 12:44:56.256,0.9365,0.93655,1.60,4.80
2010.04.09 12:44:56.672,0.9365,0.93655,2.40,4.80
2010.04.09 12:44:56.952,0.9365,0.93655,6.40,4.80
2010.04.09 12:44:58.572,0.9365,0.93655,6.40,1.00
2010.04.09 12:44:59.113,0.9365,0.93655,4.80,4.00
2010.04.09 12:44:59.284,0.93645,0.93655,4.00,10.50
2010.04.09 12:44:59.453,0.93645,0.93655,4.00,15.30
2010.04.09 12:44:59.622,0.93645,0.93655,3.20,16.90
2010.04.09 12:44:59.792,0.93645,0.93655,3.20,20.10
2010.04.09 12:45:00.546,0.9365,0.93655,12.00,1.00
2010.04.09 12:45:00.680,0.93655,0.93665,9.60,4.00
2010.04.09 12:45:00.803,0.93655,0.93665,12.80,4.00
2010.04.09 12:45:01.643,0.93655,0.9366,12.00,1.00
2010.04.09 12:45:01.990,0.9365,0.93655,8.80,4.80
2010.04.09 12:45:02.623,0.9365,0.93655,4.80,1.00
2010.04.09 12:45:02.815,0.93645,0.9365,4.80,6.60
2010.04.09 12:45:03.013,0.93645,0.9365,6.40,5.80
2010.04.09 12:45:03.213,0.9365,0.93655,4.80,6.00
2010.04.09 12:45:03.415,0.9365,0.93655,4.80,2.80
2010.04.09 12:45:04.198,0.9365,0.93655,4.00,6.40
2010.04.09 12:45:04.487,0.9365,0.93655,4.80,6.40
2010.04.09 12:45:10.583,0.9365,0.93655,4.00,6.40
2010.04.09 12:45:10.899,0.9364,0.93645,15.60,1.60
2010.04.09 12:45:11.637,0.9364,0.93645,12.00,4.80
2010.04.09 12:45:11.963,0.9364,0.93645,8.80,4.80
2010.04.09 12:45:12.841,0.9364,0.93645,9.60,4.00
2010.04.09 12:45:13.793,0.9364,0.9365,11.20,8.80
2010.04.09 12:45:16.749,0.9364,0.9365,11.20,4.80
2010.04.09 12:45:16.837,0.9364,0.9365,12.80,4.80
2010.04.09 12:45:17.087,0.9364,0.9365,12.80,4.00
2010.04.09 12:45:17.429,0.9364,0.9365,14.40,4.00
2010.04.09 12:45:25.368,0.9364,0.9365,12.80,4.00
2010.04.09 12:45:25.509,0.9364,0.9365,14.40,4.00
2010.04.09 12:45:28.058,0.9364,0.9365,11.20,9.60
2010.04.09 12:45:28.246,0.9364,0.9365,7.20,9.60
2010.04.09 12:45:28.606,0.9364,0.9365,7.20,10.40
2010.04.09 12:45:33.869,0.9364,0.9365,12.80,9.60
2010.04.09 12:45:33.993,0.9364,0.9365,14.40,8.00
2010.04.09 12:45:35.321,0.93645,0.93655,11.20,10.00
2010.04.09 12:45:35.653,0.93645,0.93655,11.20,9.60
2010.04.09 12:45:36.227,0.93645,0.93655,11.20,11.20
2010.04.09 12:45:36.474,0.93645,0.93655,11.20,9.60
2010.04.09 12:45:38.543,0.93645,0.9365,10.40,4.80
2010.04.09 12:45:38.734,0.93645,0.9365,5.60,4.80
2010.04.09 12:45:38.925,0.93645,0.9365,1.60,4.80
2010.04.09 12:45:39.314,0.93645,0.9365,1.60,6.40
2010.04.09 12:45:39.501,0.9364,0.9365,13.60,6.40
2010.04.09 12:45:40.391,0.9364,0.9365,18.80,1.00
2010.04.09 12:45:40.590,0.9364,0.9365,18.70,1.00
2010.04.09 12:45:40.788,0.93645,0.93655,2.40,14.10
2010.04.09 12:45:40.974,0.93645,0.93655,2.40,13.70
2010.04.09 12:45:41.674,0.93645,0.93655,3.20,12.10
2010.04.09 12:45:42.307,0.93645,0.93655,7.20,9.70
2010.04.09 12:45:44.874,0.93645,0.93655,7.20,8.10
2010.04.09 12:45:45.017,0.93645,0.93655,7.20,8.00
2010.04.09 12:45:45.152,0.93645,0.93655,11.20,8.00
2010.04.09 12:45:50.103,0.93645,0.93655,7.20,9.70
2010.04.09 12:45:50.868,0.93645,0.93655,7.20,8.10
2010.04.09 12:45:59.987,0.93645,0.9365,1.60,1.00
2010.04.09 12:46:00.855,0.9364,0.93645,12.80,4.80
2010.04.09 12:46:00.921,0.9364,0.93645,8.80,4.80
2010.04.09 12:46:02.569,0.9364,0.93645,8.80,6.40
2010.04.09 12:46:06.211,0.9364,0.93645,8.80,4.80
2010.04.09 12:46:06.434,0.9364,0.93645,9.60,4.00
2010.04.09 12:46:09.218,0.9364,0.9365,9.60,12.20
2010.04.09 12:46:09.566,0.9364,0.9365,12.80,6.40
2010.04.09 12:46:09.744,0.9364,0.9365,14.40,6.40
2010.04.09 12:46:09.917,0.9364,0.9365,12.80,6.40
2010.04.09 12:46:17.977,0.93645,0.93655,7.20,12.10
2010.04.09 12:46:18.205,0.93645,0.93655,7.20,11.70
2010.04.09 12:46:19.827,0.93645,0.93655,7.20,11.30
2010.04.09 12:46:20.803,0.93645,0.93655,7.20,8.90
2010.04.09 12:46:20.991,0.93645,0.93655,7.20,8.10
2010.04.09 12:46:21.181,0.93645,0.93655,7.20,9.70
2010.04.09 12:46:23.513,0.9364,0.93645,18.80,1.60
2010.04.09 12:46:23.562,0.93635,0.9364,8.00,4.80
2010.04.09 12:46:23.602,0.93635,0.9364,6.40,4.80
2010.04.09 12:46:23.641,0.9363,0.9364,17.60,4.80
2010.04.09 12:46:23.681,0.9363,0.9364,16.00,4.80
2010.04.09 12:46:23.843,0.9363,0.9364,16.40,4.80
2010.04.09 12:46:23.882,0.9363,0.9364,14.80,6.40
2010.04.09 12:46:23.961,0.9363,0.9364,10.80,6.40
2010.04.09 12:46:24.041,0.9363,0.9364,8.40,6.40
2010.04.09 12:46:24.085,0.9363,0.9364,8.00,6.40
2010.04.09 12:46:24.300,0.9363,0.9364,8.00,4.80
2010.04.09 12:46:24.973,0.9363,0.9364,7.20,4.80
2010.04.09 12:46:25.251,0.9363,0.9364,7.20,1.00
2010.04.09 12:46:25.538,0.9364,0.93645,1.00,1.60
2010.04.09 12:46:26.114,0.9364,0.9365,9.60,10.40
2010.04.09 12:46:26.315,0.9364,0.9365,1.00,14.50
2010.04.09 12:46:26.511,0.9364,0.93645,1.00,1.00
2010.04.09 12:46:26.702,0.9364,0.93645,1.00,4.10
2010.04.09 12:46:28.281,0.9364,0.9365,1.00,14.50
2010.04.09 12:46:28.574,0.9364,0.9365,1.00,10.90
2010.04.09 12:46:28.863,0.9364,0.9365,1.00,10.50
2010.04.09 12:46:29.750,0.9364,0.9365,1.00,10.60
2010.04.09 12:46:29.935,0.9363,0.9364,2.40,10.50
2010.04.09 12:46:30.880,0.9363,0.9364,2.40,8.90
2010.04.09 12:46:31.702,0.93635,0.9364,1.00,8.00
2010.04.09 12:46:31.983,0.93635,0.93645,11.20,7.20
2010.04.09 12:46:32.701,0.93635,0.93645,11.20,6.40
2010.04.09 12:46:32.942,0.93635,0.93645,11.20,4.00
2010.04.09 12:46:33.571,0.93635,0.9364,10.40,1.00
2010.04.09 12:46:33.772,0.93635,0.9364,1.60,1.00
2010.04.09 12:46:34.924,0.93635,0.93645,3.20,8.90
2010.04.09 12:46:35.108,0.93635,0.9364,1.60,1.00
2010.04.09 12:46:38.981,0.9363,0.93635,4.00,4.80
2010.04.09 12:46:39.159,0.93625,0.9363,5.70,1.00
2010.04.09 12:46:39.251,0.93625,0.9363,10.40,1.00
2010.04.09 12:46:39.429,0.93625,0.9363,12.40,1.00
2010.04.09 12:46:39.610,0.93625,0.93635,18.80,3.20
2010.04.09 12:46:39.702,0.93625,0.93635,19.60,2.40
2010.04.09 12:46:40.302,0.9363,0.93635,4.00,2.40
2010.04.09 12:46:40.602,0.93635,0.93645,11.20,5.60
2010.04.09 12:46:40.898,0.93635,0.93645,11.20,7.20
2010.04.09 12:46:41.200,0.93625,0.9363,10.80,1.00
2010.04.09 12:46:41.502,0.9363,0.93635,1.60,1.60
2010.04.09 12:46:42.493,0.9363,0.9364,2.40,14.50
2010.04.09 12:46:43.659,0.9363,0.93635,1.60,6.40
2010.04.09 12:46:44.399,0.9362,0.9363,14.40,1.00
2010.04.09 12:46:44.552,0.9362,0.9363,11.20,2.40
2010.04.09 12:46:44.707,0.9362,0.9363,5.60,1.00
2010.04.09 12:46:46.313,0.9362,0.9363,5.60,2.40
2010.04.09 12:46:46.406,0.9362,0.9363,5.60,1.00
2010.04.09 12:46:46.865,0.9362,0.9363,5.60,2.40
2010.04.09 12:46:46.957,0.9362,0.9363,5.60,1.00
2010.04.09 12:46:47.046,0.9362,0.9363,5.60,1.00
2010.04.09 12:46:47.387,0.9362,0.9363,7.20,1.00
2010.04.09 12:46:48.362,0.9362,0.93625,4.80,1.00
2010.04.09 12:46:48.537,0.9362,0.93625,4.00,1.00
2010.04.09 12:46:48.716,0.93615,0.93625,19.60,1.00
2010.04.09 12:46:48.895,0.93615,0.93625,16.50,1.00
2010.04.09 12:46:49.617,0.93615,0.9362,15.20,1.00
2010.04.09 12:46:49.758,0.93615,0.9362,1.60,2.40
2010.04.09 12:46:49.894,0.9361,0.9362,13.60,2.40
2010.04.09 12:46:51.350,0.9361,0.93615,3.20,1.00
2010.04.09 12:46:51.467,0.9361,0.93615,1.60,1.00
2010.04.09 12:46:51.585,0.9361,0.93615,6.40,1.00
2010.04.09 12:46:51.707,0.9361,0.93615,1.00,1.00
2010.04.09 12:46:51.824,0.93605,0.93615,12.80,1.00
2010.04.09 12:46:53.841,0.93605,0.93615,14.40,1.00
2010.04.09 12:46:55.693,0.9361,0.9362,4.80,8.50
2010.04.09 12:46:55.850,0.9361,0.9362,5.60,8.10
2010.04.09 12:46:55.886,0.9361,0.9362,7.20,8.10
2010.04.09 12:46:55.915,0.9361,0.9362,7.20,7.30
2010.04.09 12:46:55.945,0.9361,0.9362,2.40,7.30
2010.04.09 12:46:55.974,0.9361,0.9362,2.40,6.50
2010.04.09 12:46:56.034,0.9361,0.9362,2.40,10.50
2010.04.09 12:46:56.064,0.9361,0.9362,7.20,10.50
2010.04.09 12:46:56.144,0.9361,0.9362,7.20,6.50
2010.04.09 12:47:05.040,0.9361,0.9362,8.80,4.10
2010.04.09 12:47:05.102,0.9361,0.9362,8.80,4.00
2010.04.09 12:47:05.161,0.9361,0.9362,12.80,4.00
2010.04.09 12:47:05.280,0.9361,0.9362,14.40,2.40
2010.04.09 12:47:06.814,0.9361,0.9362,8.80,2.50
2010.04.09 12:47:09.441,0.9361,0.9362,12.80,2.40
2010.04.09 12:47:11.261,0.93615,0.9362,4.00,2.40
2010.04.09 12:47:11.779,0.9361,0.9362,14.40,2.40
2010.04.09 12:47:12.783,0.93615,0.9362,1.00,1.00
2010.04.09 12:47:13.043,0.93615,0.93625,10.00,3.20
2010.04.09 12:47:13.952,0.93615,0.93625,13.20,2.40
2010.04.09 12:47:14.101,0.93615,0.93625,12.80,2.40
2010.04.09 12:47:15.401,0.93615,0.93625,13.50,2.40
2010.04.09 12:47:16.178,0.93615,0.93625,13.50,1.00
2010.04.09 12:47:21.927,0.9362,0.9363,1.00,14.90
2010.04.09 12:47:22.143,0.9362,0.9363,6.40,4.90
2010.04.09 12:47:22.362,0.9362,0.9363,7.20,5.70
2010.04.09 12:47:23.144,0.9362,0.9363,7.20,2.50
2010.04.09 12:47:23.156,0.9362,0.9363,7.20,1.00
2010.04.09 12:47:23.507,0.9362,0.9363,8.80,2.50
2010.04.09 12:47:30.944,0.9362,0.9363,8.80,1.00
2010.04.09 12:47:33.114,0.9362,0.9363,9.20,1.00
2010.04.09 12:47:36.442,0.9362,0.9363,8.80,1.00
2010.04.09 12:47:37.817,0.93625,0.9363,1.60,1.00
2010.04.09 12:47:38.135,0.93625,0.93635,11.20,2.40
2010.04.09 12:47:38.445,0.93625,0.93635,12.80,2.40
2010.04.09 12:47:39.347,0.9363,0.9364,2.40,14.50
2010.04.09 12:47:39.632,0.9363,0.9364,2.40,14.50
2010.04.09 12:47:39.734,0.9363,0.9364,2.40,9.70
2010.04.09 12:47:39.834,0.9363,0.9364,12.00,5.60
2010.04.09 12:47:39.933,0.9363,0.9364,15.20,1.00
2010.04.09 12:47:40.034,0.93635,0.93645,1.00,14.40
2010.04.09 12:47:40.136,0.9364,0.93645,1.60,11.30
2010.04.09 12:47:41.014,0.9364,0.93645,4.80,1.00
2010.04.09 12:47:41.314,0.93635,0.93645,4.80,5.70
2010.04.09 12:47:41.555,0.9364,0.93645,4.80,1.00
2010.04.09 12:47:41.795,0.9364,0.93645,8.80,1.00
2010.04.09 12:47:42.044,0.9364,0.93645,4.80,1.00
2010.04.09 12:47:42.286,0.9364,0.93645,8.80,1.00
2010.04.09 12:47:42.536,0.9364,0.9365,14.40,3.20
2010.04.09 12:47:42.884,0.9364,0.9365,12.80,2.40
2010.04.09 12:47:43.783,0.9364,0.9365,14.40,2.40
2010.04.09 12:47:45.113,0.9364,0.9365,12.80,2.40
2010.04.09 12:47:45.333,0.9364,0.9365,9.00,2.40
2010.04.09 12:47:47.102,0.9364,0.9365,13.00,2.40
2010.04.09 12:47:47.871,0.9364,0.9365,9.00,2.40
2010.04.09 12:47:48.870,0.9364,0.9365,9.00,4.00
2010.04.09 12:47:49.040,0.9364,0.9365,7.40,4.00
2010.04.09 12:47:49.943,0.9364,0.9365,7.40,5.70
2010.04.09 12:47:50.513,0.9364,0.9365,7.20,6.30
2010.04.09 12:47:52.633,0.9364,0.9365,6.40,7.10
2010.04.09 12:47:53.587,0.93635,0.9364,9.60,4.80
2010.04.09 12:47:53.751,0.9363,0.93635,2.80,1.00
2010.04.09 12:47:54.509,0.9363,0.93635,1.00,1.00
2010.04.09 12:47:54.661,0.93625,0.93635,15.20,2.40
2010.04.09 12:47:55.002,0.93625,0.93635,14.40,2.40
2010.04.09 12:47:56.201,0.93625,0.93635,12.80,2.40
2010.04.09 12:47:59.048,0.93625,0.93635,12.80,2.40
2010.04.09 12:47:59.952,0.9363,0.93635,4.00,1.00
2010.04.09 12:48:00.058,0.93625,0.93635,14.40,1.00
2010.04.09 12:48:00.540,0.93625,0.93635,12.80,2.40
2010.04.09 12:48:01.265,0.93625,0.93635,14.40,2.40
2010.04.09 12:48:02.144,0.9362,0.9363,10.40,1.00
2010.04.09 12:48:02.461,0.9362,0.9363,8.80,2.50
2010.04.09 12:48:02.779,0.9362,0.9363,8.80,2.40
2010.04.09 12:48:03.758,0.9363,0.9364,5.60,5.20
2010.04.09 12:48:04.060,0.9363,0.9364,10.40,1.00
2010.04.09 12:48:04.354,0.9363,0.9364,14.40,1.00
2010.04.09 12:48:05.227,0.93635,0.9364,1.60,1.00
2010.04.09 12:48:05.578,0.9364,0.9365,9.60,11.60
2010.04.09 12:48:05.919,0.9364,0.9365,5.60,9.20
2010.04.09 12:48:06.267,0.9364,0.9365,5.60,8.80
2010.04.09 12:48:20.891,0.9364,0.9365,5.60,10.40
2010.04.09 12:48:24.042,0.9364,0.93645,4.80,1.00
2010.04.09 12:48:31.626,0.9364,0.9365,5.60,10.40
2010.04.09 12:48:32.351,0.9364,0.93645,4.80,1.00
2010.04.09 12:48:35.035,0.9364,0.9365,5.60,10.40
2010.04.09 12:48:35.733,0.9364,0.93645,4.80,1.00
2010.04.09 12:48:44.422,0.9364,0.93645,4.80,6.40
2010.04.09 12:48:44.456,0.9364,0.93645,4.00,6.40
2010.04.09 12:48:44.497,0.93635,0.93645,7.20,10.50
2010.04.09 12:48:44.651,0.93635,0.93645,7.20,9.60
2010.04.09 12:48:44.716,0.93635,0.93645,6.40,10.40
2010.04.09 12:48:50.965,0.93635,0.93645,6.40,6.50
2010.04.09 12:48:51.085,0.93635,0.93645,10.40,6.40
2010.04.09 12:48:51.207,0.9364,0.93645,4.80,1.60
2010.04.09 12:48:51.449,0.9364,0.93645,4.80,1.00
2010.04.09 12:48:52.228,0.9364,0.9365,2.40,10.90
2010.04.09 12:48:52.302,0.9364,0.9365,2.40,10.50
2010.04.09 12:48:52.945,0.9364,0.9365,2.40,8.10
2010.04.09 12:48:53.086,0.9364,0.9365,2.40,4.00
2010.04.09 12:48:53.162,0.9364,0.9365,2.80,4.00
2010.04.09 12:48:53.566,0.9364,0.9365,2.80,2.40
2010.04.09 12:48:54.503,0.9364,0.9365,6.80,2.40
2010.04.09 12:48:54.571,0.9364,0.9365,2.40,7.30
2010.04.09 12:48:54.634,0.9364,0.9365,2.40,8.90
2010.04.09 12:48:56.315,0.9364,0.9365,2.40,6.50
2010.04.09 12:48:56.595,0.9364,0.9365,2.40,2.40
2010.04.09 12:48:59.255,0.9364,0.9365,2.40,4.00
2010.04.09 12:49:00.052,0.9364,0.9365,2.40,4.10
2010.04.09 12:49:00.764,0.9364,0.9365,2.40,4.00
2010.04.09 12:49:01.004,0.9364,0.9365,2.40,2.40
2010.04.09 12:49:01.823,0.9364,0.9365,11.20,2.40
2010.04.09 12:49:06.203,0.9364,0.9365,7.20,2.40
2010.04.09 12:49:11.671,0.9364,0.9365,11.20,2.40
2010.04.09 12:49:19.213,0.9364,0.9365,10.40,8.80
2010.04.09 12:49:19.320,0.9364,0.9365,6.40,8.90
2010.04.09 12:49:19.538,0.9364,0.9365,6.40,10.50
2010.04.09 12:49:25.118,0.9364,0.9365,10.40,10.50
2010.04.09 12:49:25.210,0.9364,0.9365,10.40,6.50
2010.04.09 12:49:25.386,0.9364,0.9365,11.20,5.70
2010.04.09 12:49:29.625,0.9364,0.9365,7.20,9.70
2010.04.09 12:49:29.965,0.9364,0.9365,6.40,10.50
2010.04.09 12:49:31.295,0.9364,0.93645,6.40,1.00
2010.04.09 12:49:31.407,0.93635,0.9364,17.80,1.60
2010.04.09 12:49:31.517,0.9364,0.93645,4.00,10.00
2010.04.09 12:49:32.249,0.9363,0.9364,7.20,9.70
2010.04.09 12:49:32.388,0.9363,0.9364,7.20,10.50
2010.04.09 12:49:33.388,0.9363,0.9364,6.40,10.50
2010.04.09 12:49:45.956,0.9363,0.93635,4.80,1.60
2010.04.09 12:49:46.310,0.9363,0.9364,4.80,10.50
2010.04.09 12:49:47.925,0.9363,0.93635,1.00,1.60
2010.04.09 12:49:48.091,0.93625,0.93635,11.60,5.70
2010.04.09 12:49:48.841,0.93625,0.9363,11.20,1.60
2010.04.09 12:49:49.192,0.9362,0.9363,4.80,10.50
2010.04.09 12:49:52.371,0.9362,0.9363,5.60,9.70
2010.04.09 12:49:52.681,0.9362,0.9363,13.60,5.60
2010.04.09 12:49:54.903,0.9362,0.9363,9.60,5.70
2010.04.09 12:49:55.078,0.9362,0.9363,9.60,8.50
2010.04.09 12:49:55.704,0.93615,0.9362,16.40,1.00
2010.04.09 12:49:56.053,0.93605,0.93615,19.20,1.00
2010.04.09 12:49:56.398,0.93605,0.93615,15.20,4.10
2010.04.09 12:49:56.744,0.93605,0.93615,17.60,4.80
2010.04.09 12:49:57.093,0.93605,0.93615,16.80,4.00
2010.04.09 12:49:58.014,0.93605,0.93615,15.20,4.00
2010.04.09 12:49:58.159,0.93605,0.93615,11.20,8.00
2010.04.09 12:49:58.307,0.93605,0.9361,6.40,1.00
2010.04.09 12:49:58.451,0.93605,0.9361,1.60,1.00
2010.04.09 12:49:59.675,0.936,0.9361,16.80,2.40
2010.04.09 12:50:00.136,0.936,0.9361,18.40,2.40
2010.04.09 12:50:01.492,0.936,0.9361,16.80,2.40
2010.04.09 12:50:01.831,0.936,0.9361,18.40,2.40
2010.04.09 12:50:02.618,0.936,0.9361,16.80,2.40
2010.04.09 12:50:10.965,0.936,0.9361,18.40,2.40
2010.04.09 12:50:11.256,0.936,0.9361,16.80,2.40
2010.04.09 12:50:15.199,0.936,0.9361,18.40,2.40
2010.04.09 12:50:15.526,0.936,0.9361,16.80,2.40
2010.04.09 12:50:18.035,0.936,0.9361,12.80,2.40
2010.04.09 12:50:18.315,0.936,0.9361,12.80,4.10
2010.04.09 12:50:20.157,0.936,0.93605,8.80,4.00
2010.04.09 12:50:20.351,0.93595,0.93605,11.60,10.50
2010.04.09 12:50:20.540,0.93595,0.936,4.00,4.00
2010.04.09 12:50:20.728,0.9359,0.936,13.60,4.00
2010.04.09 12:50:21.523,0.9359,0.936,2.40,10.50
2010.04.09 12:50:23.009,0.9359,0.93595,4.80,2.40
2010.04.09 12:50:23.922,0.93585,0.93595,6.40,14.00
2010.04.09 12:50:24.111,0.9359,0.936,1.00,10.50
2010.04.09 12:50:27.323,0.9359,0.936,2.40,10.50
2010.04.09 12:50:27.684,0.9359,0.936,3.20,10.50
2010.04.09 12:50:28.773,0.9359,0.93595,1.60,1.00
2010.04.09 12:50:29.104,0.9359,0.93595,1.60,1.60
2010.04.09 12:50:29.437,0.9359,0.93595,1.60,3.30
2010.04.09 12:50:29.774,0.9359,0.93595,1.60,8.10
2010.04.09 12:50:29.985,0.93585,0.9359,4.00,1.00
2010.04.09 12:50:30.834,0.93585,0.93595,8.80,10.40
2010.04.09 12:50:31.522,0.93585,0.93595,12.80,2.40
2010.04.09 12:50:31.679,0.93585,0.9359,4.00,1.00
2010.04.09 12:50:32.385,0.93585,0.93595,12.80,4.00
2010.04.09 12:50:32.633,0.9359,0.93595,1.00,1.60
2010.04.09 12:50:32.884,0.9359,0.93595,4.00,1.00
2010.04.09 12:50:33.414,0.9359,0.93595,4.80,1.00
2010.04.09 12:50:33.705,0.93585,0.9359,4.00,1.00
2010.04.09 12:50:34.598,0.93585,0.93595,12.80,1.00
2010.04.09 12:50:35.152,0.9359,0.936,1.00,15.70
2010.04.09 12:50:35.252,0.9359,0.936,4.80,10.90
2010.04.09 12:50:35.351,0.9359,0.936,5.60,10.90
2010.04.09 12:50:35.662,0.9359,0.936,5.60,6.50
2010.04.09 12:50:37.031,0.9359,0.936,7.20,5.70
2010.04.09 12:50:37.569,0.9359,0.936,3.20,9.70
2010.04.09 12:50:38.050,0.9359,0.936,3.20,8.10
2010.04.09 12:50:38.391,0.9359,0.936,7.20,4.10
2010.04.09 12:50:38.734,0.93585,0.9359,12.00,1.00
2010.04.09 12:50:38.942,0.93585,0.9359,4.00,1.00
2010.04.09 12:50:40.150,0.9359,0.93595,1.00,16.90
2010.04.09 12:50:40.333,0.93585,0.93595,4.80,12.10
2010.04.09 12:50:40.511,0.93585,0.93595,12.80,4.00
2010.04.09 12:50:41.013,0.9359,0.936,1.60,11.70
2010.04.09 12:50:41.159,0.9359,0.936,1.60,11.30
2010.04.09 12:50:41.304,0.93585,0.93595,12.80,1.00
2010.04.09 12:50:42.542,0.9359,0.93595,1.00,1.00
2010.04.09 12:50:42.901,0.93585,0.93595,12.80,1.00
2010.04.09 12:50:44.850,0.9359,0.93595,4.80,1.00
2010.04.09 12:50:45.065,0.93585,0.93595,14.40,1.00
2010.04.09 12:50:45.534,0.9359,0.93595,4.00,1.00
2010.04.09 12:50:46.720,0.9359,0.93595,4.80,1.00
2010.04.09 12:50:47.059,0.9359,0.936,5.60,6.50
2010.04.09 12:50:47.229,0.9359,0.936,5.60,5.70
2010.04.09 12:50:48.694,0.9359,0.93595,4.00,1.00
2010.04.09 12:50:49.044,0.9359,0.93595,5.60,1.00
2010.04.09 12:50:49.766,0.9359,0.93595,4.80,1.00
2010.04.09 12:50:53.887,0.9359,0.936,5.60,10.90
2010.04.09 12:50:54.167,0.9359,0.93595,4.80,1.00
2010.04.09 12:50:55.585,0.9359,0.93595,4.00,1.00
2010.04.09 12:50:55.745,0.93585,0.93595,12.80,1.00
2010.04.09 12:50:56.665,0.9359,0.93595,4.00,1.00
2010.04.09 12:50:57.085,0.9359,0.93595,4.80,1.00
2010.04.09 12:50:58.474,0.9359,0.936,7.20,10.40
2010.04.09 12:50:58.733,0.9359,0.93595,4.80,1.00
2010.04.09 12:50:58.896,0.9359,0.93595,4.00,1.00
2010.04.09 12:50:59.207,0.93585,0.93595,13.60,2.40
2010.04.09 12:50:59.368,0.93585,0.93595,12.00,2.40
2010.04.09 12:51:12.350,0.9359,0.93595,1.00,2.40
2010.04.09 12:51:13.171,0.9359,0.93595,4.00,2.40
2010.04.09 12:51:13.496,0.9359,0.93595,1.00,2.40
2010.04.09 12:51:14.575,0.93585,0.93595,12.80,2.40
2010.04.09 12:51:15.254,0.93585,0.93595,12.80,4.00
2010.04.09 12:51:15.481,0.93585,0.93595,12.80,2.40
2010.04.09 12:51:17.072,0.93585,0.93595,14.40,2.40
2010.04.09 12:51:20.126,0.93585,0.93595,15.20,2.40
2010.04.09 12:51:21.026,0.9359,0.93595,4.00,2.40
2010.04.09 12:51:21.277,0.93585,0.93595,15.20,2.40
2010.04.09 12:51:26.403,0.93585,0.93595,13.60,2.40
2010.04.09 12:51:28.368,0.93585,0.93595,13.60,1.00
2010.04.09 12:51:28.937,0.93585,0.93595,4.00,8.90
2010.04.09 12:51:29.223,0.93585,0.93595,4.00,11.30
2010.04.09 12:51:29.469,0.93585,0.93595,1.00,11.30
2010.04.09 12:51:31.148,0.9358,0.9359,20.60,1.00
2010.04.09 12:51:31.838,0.9358,0.9359,16.20,1.00
2010.04.09 12:51:31.863,0.9358,0.9359,9.80,2.50
2010.04.09 12:51:31.887,0.9358,0.9359,9.00,2.50
2010.04.09 12:51:33.350,0.93575,0.9358,16.20,1.00
2010.04.09 12:51:33.679,0.93575,0.9358,4.00,1.00
2010.04.09 12:51:34.011,0.93575,0.9358,5.60,1.00
2010.04.09 12:51:34.761,0.9358,0.93585,1.00,7.40
2010.04.09 12:51:34.892,0.9358,0.9359,1.00,14.90
2010.04.09 12:51:35.259,0.9358,0.9359,4.80,10.90
2010.04.09 12:51:35.736,0.9358,0.9359,5.60,10.90
2010.04.09 12:51:35.981,0.9358,0.93585,1.00,1.60
2010.04.09 12:51:36.217,0.93575,0.93585,5.60,5.70
2010.04.09 12:51:37.090,0.93575,0.93585,13.60,2.40
2010.04.09 12:51:37.720,0.9358,0.93585,1.60,2.40
2010.04.09 12:51:37.879,0.9358,0.93585,1.60,1.60
2010.04.09 12:51:38.336,0.9358,0.9359,3.20,9.70
2010.04.09 12:51:39.278,0.9358,0.9359,4.00,3.30
2010.04.09 12:51:39.566,0.93575,0.93585,4.00,11.30
2010.04.09 12:51:39.712,0.93575,0.93585,5.60,10.50
2010.04.09 12:51:39.861,0.93575,0.9358,5.60,1.00
2010.04.09 12:51:40.795,0.93575,0.93585,16.40,1.60
2010.04.09 12:51:43.639,0.93575,0.93585,14.80,1.60
2010.04.09 12:51:43.845,0.93575,0.9359,16.40,17.30
2010.04.09 12:51:44.069,0.9358,0.9359,4.00,10.50
2010.04.09 12:51:44.271,0.9358,0.9359,8.00,4.10
2010.04.09 12:51:44.465,0.9358,0.9359,9.60,4.10
2010.04.09 12:51:44.653,0.9358,0.9359,9.60,3.30
2010.04.09 12:51:45.980,0.9358,0.9359,9.60,1.70
2010.04.09 12:51:46.188,0.9359,0.93595,1.60,11.20
2010.04.09 12:51:46.324,0.93585,0.93595,10.40,11.20
2010.04.09 12:51:46.446,0.93585,0.93595,2.40,17.30
2010.04.09 12:51:46.564,0.93585,0.93595,1.60,17.20
2010.04.09 12:51:47.289,0.93585,0.9359,1.60,1.00
2010.04.09 12:51:47.634,0.9358,0.9359,9.50,1.70
2010.04.09 12:51:47.976,0.9358,0.93585,7.90,2.40
2010.04.09 12:51:48.318,0.9358,0.9359,6.40,6.10
2010.04.09 12:51:48.666,0.9358,0.93585,1.00,1.60
2010.04.09 12:51:49.483,0.93575,0.93585,13.60,3.20
2010.04.09 12:51:52.473,0.93575,0.93585,13.60,1.60
2010.04.09 12:51:52.943,0.93575,0.93585,5.60,7.30
2010.04.09 12:51:54.004,0.93575,0.93585,13.60,1.60
2010.04.09 12:51:54.291,0.93575,0.93585,14.40,1.60
2010.04.09 12:51:54.583,0.9358,0.93585,1.00,1.60
2010.04.09 12:51:55.871,0.93575,0.93585,14.40,1.60
2010.04.09 12:52:00.413,0.93575,0.93585,13.60,1.60
2010.04.09 12:52:00.614,0.93575,0.93585,13.60,1.70
2010.04.09 12:52:00.689,0.93575,0.93585,9.60,1.70
2010.04.09 12:52:01.639,0.93575,0.93585,13.60,1.60
2010.04.09 12:52:02.211,0.93575,0.93585,9.60,2.10
2010.04.09 12:52:02.921,0.93575,0.93585,4.00,13.70
2010.04.09 12:52:03.177,0.9357,0.9358,9.60,1.70
2010.04.09 12:52:04.173,0.93575,0.93585,3.20,12.50
2010.04.09 12:52:04.260,0.93575,0.93585,7.20,3.70
2010.04.09 12:52:04.338,0.93575,0.93585,8.00,3.30
2010.04.09 12:52:04.668,0.93575,0.93585,8.00,3.20
2010.04.09 12:52:04.749,0.93575,0.93585,12.00,3.20
2010.04.09 12:52:06.139,0.93575,0.93585,13.60,3.20
2010.04.09 12:52:07.103,0.93575,0.93585,11.20,10.40
2010.04.09 12:52:07.233,0.93575,0.93585,5.60,12.90
2010.04.09 12:52:07.440,0.93575,0.93585,1.60,16.90
2010.04.09 12:52:07.639,0.93575,0.93585,1.60,18.50
2010.04.09 12:52:07.839,0.93575,0.93585,1.60,18.90
2010.04.09 12:52:14.389,0.9358,0.93585,5.60,13.20
2010.04.09 12:52:14.568,0.9358,0.9359,6.40,8.80
2010.04.09 12:52:14.626,0.9358,0.9359,2.40,8.80
2010.04.09 12:52:14.687,0.9358,0.9359,4.00,10.90
2010.04.09 12:52:14.748,0.9358,0.9359,4.40,9.70
2010.04.09 12:52:14.806,0.9358,0.9359,3.60,9.70
2010.04.09 12:52:15.407,0.9358,0.9359,7.60,9.70
2010.04.09 12:52:15.474,0.9358,0.9359,8.00,5.70
2010.04.09 12:52:18.466,0.9358,0.9359,8.00,4.10
2010.04.09 12:52:18.800,0.93585,0.9359,9.60,3.20
2010.04.09 12:52:19.136,0.93585,0.93595,1.60,10.50
2010.04.09 12:52:20.903,0.9358,0.93595,13.60,13.30
2010.04.09 12:52:22.108,0.93585,0.93595,1.60,10.90
2010.04.09 12:52:22.504,0.93585,0.93595,1.60,10.50
2010.04.09 12:52:26.902,0.93585,0.93595,3.20,9.70
2010.04.09 12:52:27.772,0.93585,0.93595,9.60,8.90
2010.04.09 12:52:27.994,0.93585,0.93595,9.60,3.40
2010.04.09 12:52:28.220,0.93585,0.93595,4.80,9.80
2010.04.09 12:52:28.653,0.93585,0.93595,5.60,9.00
2010.04.09 12:52:28.874,0.93585,0.93595,9.60,5.00
2010.04.09 12:52:29.688,0.93585,0.93595,9.60,3.40
2010.04.09 12:52:30.042,0.93585,0.93595,8.80,8.20
2010.04.09 12:52:30.193,0.93585,0.93595,8.80,5.80
2010.04.09 12:52:30.344,0.93585,0.93595,9.10,5.70
2010.04.09 12:52:30.493,0.93585,0.93595,9.60,5.30
2010.04.09 12:52:30.642,0.93585,0.93595,9.60,4.90
2010.04.09 12:52:33.513,0.93585,0.93595,4.80,8.10
2010.04.09 12:52:33.928,0.93585,0.93595,8.80,4.10
2010.04.09 12:52:34.136,0.93585,0.93595,9.60,3.30
2010.04.09 12:52:34.347,0.93585,0.93595,13.60,3.20
2010.04.09 12:52:34.752,0.93585,0.93595,9.60,3.30
2010.04.09 12:52:45.611,0.93585,0.93595,8.80,5.70
2010.04.09 12:52:46.600,0.93585,0.93595,7.20,5.80
2010.04.09 12:52:46.714,0.9358,0.9359,5.60,5.70
2010.04.09 12:52:48.079,0.9358,0.9359,6.40,4.90
2010.04.09 12:52:48.419,0.9358,0.9359,5.60,5.70
2010.04.09 12:52:50.178,0.9358,0.9359,5.20,6.50
2010.04.09 12:52:50.380,0.9358,0.9359,2.80,10.50
2010.04.09 12:52:51.242,0.9358,0.9359,5.60,6.50
2010.04.09 12:52:51.528,0.9358,0.9359,5.60,7.30
2010.04.09 12:52:54.799,0.9358,0.93585,4.80,4.00
2010.04.09 12:52:54.921,0.9358,0.93585,5.60,3.20
2010.04.09 12:52:55.620,0.9358,0.93585,5.60,4.00
2010.04.09 12:52:56.456,0.93575,0.93585,13.20,6.40
2010.04.09 12:52:56.569,0.93575,0.93585,12.80,6.40
2010.04.09 12:52:56.684,0.9358,0.93585,1.00,4.00
2010.04.09 12:52:57.124,0.9358,0.93585,1.00,4.80
2010.04.09 12:52:57.792,0.9358,0.93585,5.50,4.00
2010.04.09 12:52:59.117,0.9358,0.93585,4.70,4.80
2010.04.09 12:53:01.195,0.9358,0.93585,4.80,4.80
2010.04.09 12:53:01.286,0.9358,0.93585,5.60,3.20
2010.04.09 12:53:01.486,0.9358,0.9359,5.60,11.70
2010.04.09 12:53:03.650,0.9358,0.93585,4.80,1.00
2010.04.09 12:53:05.865,0.9358,0.93585,4.80,5.60
2010.04.09 12:53:06.601,0.93575,0.9358,9.60,1.00
2010.04.09 12:53:06.756,0.9358,0.93585,1.00,2.40
2010.04.09 12:53:06.988,0.9358,0.93585,1.00,3.20
2010.04.09 12:53:07.218,0.9358,0.93585,4.80,2.40
2010.04.09 12:53:08.386,0.9358,0.93585,4.80,1.00
2010.04.09 12:53:11.879,0.9358,0.9359,5.60,5.70
2010.04.09 12:53:13.861,0.9358,0.9359,5.60,4.10
2010.04.09 12:53:16.774,0.9358,0.9359,7.20,4.10
2010.04.09 12:53:17.014,0.9358,0.9359,7.20,2.50
2010.04.09 12:53:17.092,0.93585,0.9359,1.00,1.00
2010.04.09 12:53:17.172,0.93585,0.9359,2.40,1.00
2010.04.09 12:53:17.332,0.93585,0.93595,7.20,8.00
2010.04.09 12:53:17.413,0.93585,0.93595,11.20,4.80
2010.04.09 12:53:18.081,0.93585,0.93595,11.20,4.00
2010.04.09 12:53:18.432,0.93585,0.93595,12.80,4.00
2010.04.09 12:53:18.784,0.9359,0.936,5.60,11.70
2010.04.09 12:53:19.130,0.93585,0.9359,10.40,1.00
2010.04.09 12:53:19.726,0.93585,0.9359,9.60,1.00
2010.04.09 12:53:20.015,0.93585,0.9359,1.60,1.00
2010.04.09 12:53:22.179,0.93585,0.93595,2.40,9.70
2010.04.09 12:53:22.283,0.93585,0.93595,11.20,5.60
2010.04.09 12:53:22.621,0.93585,0.93595,11.20,4.80
2010.04.09 12:53:23.640,0.93585,0.93595,11.20,4.00
2010.04.09 12:53:26.630,0.93585,0.93595,12.80,4.00
2010.04.09 12:53:31.768,0.93585,0.93595,13.20,4.00
2010.04.09 12:53:31.893,0.9359,0.936,1.00,11.30
2010.04.09 12:53:32.051,0.93585,0.9359,14.80,1.00
2010.04.09 12:53:32.200,0.9359,0.936,4.80,6.50
2010.04.09 12:53:32.351,0.9359,0.936,3.20,10.50
2010.04.09 12:53:32.510,0.9359,0.936,7.20,5.70
2010.04.09 12:53:32.812,0.9359,0.93595,4.80,4.80
2010.04.09 12:53:33.505,0.93585,0.9359,5.60,1.00
2010.04.09 12:53:33.992,0.93585,0.9359,1.60,1.00
2010.04.09 12:53:37.918,0.9358,0.93585,5.20,4.00
2010.04.09 12:53:38.154,0.9357,0.93575,1.00,10.50
2010.04.09 12:53:38.383,0.93565,0.93575,3.20,8.10
2010.04.09 12:53:38.609,0.93565,0.93575,2.40,8.10
2010.04.09 12:53:39.336,0.9357,0.93575,1.00,5.70
2010.04.09 12:53:39.637,0.9357,0.9358,8.00,6.50
2010.04.09 12:53:41.048,0.9357,0.9358,8.00,8.10
2010.04.09 12:53:41.900,0.9357,0.9358,10.40,6.50
2010.04.09 12:53:43.075,0.9357,0.9358,10.80,6.50
2010.04.09 12:53:43.432,0.9357,0.9358,8.80,4.90
2010.04.09 12:53:45.971,0.93565,0.9357,15.20,4.00
2010.04.09 12:53:46.127,0.9357,0.93575,1.00,1.00
2010.04.09 12:53:46.277,0.9357,0.93575,1.00,1.00
2010.04.09 12:53:46.415,0.9357,0.9358,1.00,14.50
2010.04.09 12:53:49.402,0.93565,0.9357,2.40,4.80
2010.04.09 12:53:49.710,0.9356,0.9357,8.80,6.40
2010.04.09 12:53:50.381,0.9356,0.9357,8.80,8.00
2010.04.09 12:53:50.528,0.9356,0.9357,1.60,14.50
2010.04.09 12:53:50.734,0.9356,0.9357,5.60,10.50
2010.04.09 12:53:51.360,0.9356,0.93565,5.60,4.00
2010.04.09 12:53:51.566,0.9356,0.93565,1.60,4.00
2010.04.09 12:53:51.724,0.9356,0.93565,1.00,4.00
2010.04.09 12:53:52.273,0.93555,0.93565,16.80,4.80
2010.04.09 12:53:52.424,0.93555,0.9356,16.00,1.00
2010.04.09 12:53:52.503,0.93555,0.9356,14.40,1.00
2010.04.09 12:53:52.584,0.93555,0.9356,4.80,4.80
2010.04.09 12:53:53.205,0.93555,0.9356,4.40,4.80
2010.04.09 12:53:53.551,0.9355,0.9356,8.80,9.60
2010.04.09 12:53:54.273,0.9355,0.9356,7.20,9.60
2010.04.09 12:53:54.466,0.9355,0.9356,7.20,10.40
2010.04.09 12:53:54.756,0.9355,0.93555,3.20,4.00
2010.04.09 12:53:54.844,0.9355,0.93555,2.40,4.80
2010.04.09 12:53:55.490,0.9355,0.9356,1.60,15.20
2010.04.09 12:53:55.579,0.9355,0.9356,5.60,9.70
2010.04.09 12:53:55.836,0.9355,0.9356,5.50,10.50
2010.04.09 12:53:57.618,0.9355,0.9356,4.80,10.50
2010.04.09 12:53:57.719,0.9355,0.9356,5.50,10.50
2010.04.09 12:53:57.815,0.93545,0.93555,17.60,4.80
2010.04.09 12:53:58.002,0.93545,0.93555,16.80,4.80
2010.04.09 12:53:58.875,0.9355,0.93555,1.60,4.80
2010.04.09 12:53:59.218,0.9355,0.9356,7.10,9.60
2010.04.09 12:53:59.565,0.9355,0.9356,7.10,9.70
2010.04.09 12:54:01.252,0.9355,0.9356,8.70,8.10
2010.04.09 12:54:02.311,0.9355,0.9356,7.10,9.60
2010.04.09 12:54:02.769,0.9355,0.9356,7.10,8.00
2010.04.09 12:54:03.230,0.9355,0.9356,10.70,8.00
2010.04.09 12:54:04.264,0.9355,0.9356,14.70,8.00
2010.04.09 12:54:05.894,0.93545,0.9355,18.50,4.00
2010.04.09 12:54:06.150,0.93545,0.93555,4.70,14.90
2010.04.09 12:54:06.406,0.93545,0.93555,12.70,10.40
2010.04.09 12:54:07.574,0.93545,0.93555,16.80,5.60
2010.04.09 12:54:07.908,0.9355,0.93555,1.00,1.60
2010.04.09 12:54:08.244,0.9355,0.93555,4.00,6.40
2010.04.09 12:54:09.067,0.93545,0.9355,14.00,1.00
2010.04.09 12:54:09.419,0.9354,0.9355,16.80,7.20
2010.04.09 12:54:10.589,0.9354,0.93545,16.00,2.40
2010.04.09 12:54:10.784,0.9354,0.93545,4.80,8.80
2010.04.09 12:54:10.983,0.93535,0.9354,15.60,4.80
2010.04.09 12:54:11.761,0.9354,0.93545,1.00,9.60
2010.04.09 12:54:11.855,0.9354,0.93545,1.60,1.60
2010.04.09 12:54:11.948,0.9354,0.93545,1.00,1.60
2010.04.09 12:54:12.671,0.9354,0.93545,1.60,1.60
2010.04.09 12:54:13.780,0.9354,0.93545,1.00,2.00
2010.04.09 12:54:14.487,0.93535,0.9354,9.90,4.80
2010.04.09 12:54:14.634,0.93535,0.9354,1.60,4.80
2010.04.09 12:54:15.102,0.9353,0.9354,14.40,4.80
2010.04.09 12:54:15.651,0.93535,0.93545,1.00,14.90
2010.04.09 12:54:16.248,0.93535,0.9354,5.60,4.00
2010.04.09 12:54:16.444,0.9354,0.93545,1.00,5.60
2010.04.09 12:54:16.821,0.9354,0.9355,1.60,14.00
2010.04.09 12:54:17.008,0.9354,0.9355,1.40,12.90
2010.04.09 12:54:17.199,0.9354,0.9355,7.00,8.90
2010.04.09 12:54:17.387,0.9354,0.9355,7.00,8.10
2010.04.09 12:54:17.728,0.9354,0.9355,7.00,9.20
2010.04.09 12:54:18.483,0.9355,0.93555,4.00,8.80
2010.04.09 12:54:18.630,0.93545,0.93555,9.40,8.80
2010.04.09 12:54:18.766,0.93545,0.93555,9.40,8.70
2010.04.09 12:54:18.908,0.93545,0.93555,11.00,8.70
2010.04.09 12:54:20.821,0.93545,0.93555,11.30,8.70
2010.04.09 12:54:20.938,0.93545,0.93555,11.00,8.70
2010.04.09 12:54:21.666,0.93545,0.93555,11.20,8.00
2010.04.09 12:54:21.791,0.9355,0.93555,1.00,1.60
2010.04.09 12:54:22.088,0.9355,0.93555,1.60,1.60
2010.04.09 12:54:22.389,0.9355,0.93555,5.60,1.60
2010.04.09 12:54:23.407,0.9355,0.93555,4.00,6.40
2010.04.09 12:54:23.631,0.93545,0.93555,7.20,8.10
2010.04.09 12:54:23.849,0.93545,0.93555,3.10,12.10
2010.04.09 12:54:24.066,0.93545,0.93555,2.40,12.90
2010.04.09 12:54:25.131,0.93545,0.93555,12.70,8.00
2010.04.09 12:54:28.347,0.93545,0.93555,11.10,8.00
2010.04.09 12:54:29.816,0.93545,0.9355,10.30,1.00
2010.04.09 12:54:29.906,0.93545,0.9355,9.60,6.40
2010.04.09 12:54:30.522,0.93545,0.9355,4.00,7.60
2010.04.09 12:54:30.621,0.9354,0.9355,10.40,6.00
2010.04.09 12:54:30.795,0.9354,0.9355,10.40,5.80
2010.04.09 12:54:30.974,0.9354,0.9355,14.40,5.80
2010.04.09 12:54:33.846,0.9354,0.9355,14.40,1.80
2010.04.09 12:54:33.905,0.93545,0.9355,1.60,1.00
2010.04.09 12:54:33.966,0.93545,0.93555,5.60,11.70
2010.04.09 12:54:34.024,0.93545,0.93555,9.60,9.20
2010.04.09 12:54:34.084,0.93545,0.93555,9.60,8.80
2010.04.09 12:54:34.145,0.93545,0.93555,9.60,8.00
2010.04.09 12:54:35.760,0.93545,0.93555,11.20,8.00
2010.04.09 12:54:36.736,0.93545,0.93555,12.80,8.00
2010.04.09 12:54:37.879,0.93545,0.93555,14.40,6.40
2010.04.09 12:54:39.174,0.9355,0.93555,10.40,4.80
2010.04.09 12:54:40.109,0.9355,0.93555,4.80,4.00
2010.04.09 12:54:40.172,0.9355,0.9356,4.80,8.90
2010.04.09 12:54:40.327,0.9355,0.9356,4.80,7.30
2010.04.09 12:54:40.362,0.9355,0.9356,8.80,7.20
2010.04.09 12:54:40.392,0.9355,0.9356,12.80,3.20
2010.04.09 12:54:40.485,0.93555,0.9356,1.00,3.20
2010.04.09 12:54:40.511,0.93555,0.9356,1.00,7.20
2010.04.09 12:54:41.116,0.93555,0.9356,1.00,9.80
2010.04.09 12:54:41.420,0.9355,0.9356,7.20,11.60
2010.04.09 12:54:42.030,0.93545,0.9355,10.50,1.00
2010.04.09 12:54:42.338,0.93545,0.9355,2.40,4.80
2010.04.09 12:54:42.575,0.93545,0.9355,1.00,5.80
2010.04.09 12:54:42.814,0.93545,0.9355,1.00,6.00
2010.04.09 12:54:44.980,0.9354,0.9355,10.40,6.00
2010.04.09 12:54:49.395,0.9354,0.9355,3.20,12.40
2010.04.09 12:54:49.669,0.9354,0.9355,7.20,7.60
2010.04.09 12:54:51.291,0.9354,0.9355,8.80,7.60
2010.04.09 12:54:52.398,0.9354,0.9355,8.80,10.00
2010.04.09 12:54:52.568,0.9354,0.9355,8.80,10.20
2010.04.09 12:54:53.473,0.9354,0.9355,8.80,7.40
2010.04.09 12:54:53.789,0.9354,0.9355,8.80,7.60
2010.04.09 12:54:55.328,0.9354,0.9355,10.40,7.60
2010.04.09 12:54:57.276,0.9354,0.9355,10.40,6.00
2010.04.09 12:54:59.160,0.9354,0.9355,14.40,5.80
2010.04.09 12:54:59.420,0.93545,0.93555,1.60,14.10
2010.04.09 12:54:59.663,0.93545,0.9355,2.40,2.40
2010.04.09 12:54:59.841,0.93545,0.9355,1.60,7.40
2010.04.09 12:54:59.929,0.93545,0.9355,1.60,5.80
2010.04.09 12:55:00.020,0.93545,0.9355,6.40,1.00
2010.04.09 12:55:00.109,0.93545,0.93555,6.40,10.50
2010.04.09 12:55:00.776,0.93545,0.93555,2.40,14.50
2010.04.09 12:55:01.900,0.93545,0.93555,2.40,12.90
2010.04.09 12:55:02.730,0.93545,0.93555,3.20,13.70
2010.04.09 12:55:03.012,0.93545,0.9355,2.40,1.00
2010.04.09 12:55:03.361,0.93545,0.9355,1.60,6.00
2010.04.09 12:55:04.359,0.9353,0.93535,11.20,1.00
2010.04.09 12:55:04.682,0.9353,0.93535,10.40,1.00
2010.04.09 12:55:05.594,0.93535,0.93545,8.80,9.60
2010.04.09 12:55:05.862,0.93535,0.93545,11.20,8.80
2010.04.09 12:55:06.123,0.9354,0.93545,1.00,3.20
2010.04.09 12:55:06.972,0.9354,0.9355,5.60,12.40
2010.04.09 12:55:07.326,0.9354,0.9355,5.60,12.80
2010.04.09 12:55:07.971,0.9354,0.93545,5.60,1.00
2010.04.09 12:55:08.870,0.93525,0.9353,9.70,2.40
2010.04.09 12:55:09.131,0.9352,0.9353,10.40,2.40
2010.04.09 12:55:25.273,0.9352,0.9353,14.40,2.40
2010.04.09 12:55:28.710,0.9352,0.9353,10.40,2.40
2010.04.09 12:55:28.891,0.9352,0.9353,7.20,4.00
2010.04.09 12:55:29.072,0.9352,0.9353,5.60,5.60
2010.04.09 12:55:29.250,0.9352,0.9353,5.60,5.70
2010.04.09 12:55:38.688,0.9352,0.9353,4.80,6.60
2010.04.09 12:55:39.612,0.9351,0.9352,10.00,2.40
2010.04.09 12:55:39.777,0.93515,0.93525,1.00,10.60
2010.04.09 12:55:40.825,0.93515,0.93525,1.00,9.00
2010.04.09 12:55:41.556,0.9351,0.9352,15.60,1.00
2010.04.09 12:55:41.808,0.9351,0.9352,8.90,3.20
2010.04.09 12:55:42.483,0.9351,0.9352,1.00,10.50
2010.04.09 12:55:42.557,0.9351,0.9352,2.40,8.90
2010.04.09 12:55:43.287,0.9351,0.9352,1.00,10.50
2010.04.09 12:55:44.717,0.935,0.9351,7.20,4.90
2010.04.09 12:55:44.912,0.93505,0.9351,1.00,4.90
2010.04.09 12:55:45.102,0.935,0.9351,4.80,7.30
2010.04.09 12:55:45.289,0.935,0.9351,6.40,5.70
2010.04.09 12:55:45.482,0.935,0.9351,4.80,4.90
2010.04.09 12:55:46.130,0.935,0.9351,12.80,1.00
2010.04.09 12:55:46.484,0.93505,0.93515,1.60,5.80
2010.04.09 12:55:46.591,0.9351,0.93515,5.60,4.60
2010.04.09 12:55:46.689,0.93515,0.9352,8.80,1.60
2010.04.09 12:55:47.378,0.93515,0.9352,1.00,6.50
2010.04.09 12:55:47.484,0.93515,0.9352,1.60,6.50
2010.04.09 12:55:48.667,0.9351,0.9352,5.20,6.50
2010.04.09 12:55:48.829,0.9351,0.9352,3.20,6.50
2010.04.09 12:55:48.997,0.9351,0.9352,4.00,6.50
2010.04.09 12:55:49.157,0.9351,0.9352,8.80,6.50
2010.04.09 12:55:49.320,0.93515,0.9352,1.60,6.50
2010.04.09 12:55:50.089,0.93515,0.9352,3.20,4.90
2010.04.09 12:55:50.364,0.9351,0.9352,11.20,2.40
2010.04.09 12:55:50.639,0.9351,0.9352,3.20,9.70
2010.04.09 12:55:50.817,0.9351,0.9352,7.20,5.70
2010.04.09 12:55:51.507,0.9351,0.93515,6.40,1.00
2010.04.09 12:55:51.687,0.9351,0.93515,1.60,1.00
2010.04.09 12:55:52.471,0.9351,0.9352,7.20,8.90
2010.04.09 12:55:53.056,0.9351,0.93515,6.40,1.00
2010.04.09 12:55:54.003,0.9351,0.93515,5.60,1.00
2010.04.09 12:55:54.265,0.9351,0.93515,1.60,1.00
2010.04.09 12:55:54.787,0.9351,0.93515,6.40,1.00
2010.04.09 12:55:55.053,0.9351,0.93515,5.60,1.00
2010.04.09 12:55:55.216,0.9351,0.93515,1.60,1.00
2010.04.09 12:55:55.899,0.9351,0.93515,6.40,1.00
2010.04.09 12:55:56.070,0.93505,0.9351,14.40,1.00
2010.04.09 12:55:56.240,0.9351,0.93515,2.40,1.00
2010.04.09 12:55:56.407,0.9351,0.93515,1.60,1.00
2010.04.09 12:55:56.578,0.9351,0.9352,6.40,4.90
2010.04.09 12:55:57.431,0.9351,0.9352,7.20,6.50
2010.04.09 12:55:57.663,0.9351,0.9352,7.20,5.70
2010.04.09 12:55:57.898,0.9351,0.9352,7.20,10.50
2010.04.09 12:55:58.134,0.9351,0.9352,2.40,14.50
2010.04.09 12:55:58.593,0.9351,0.9352,1.00,14.50
2010.04.09 12:55:58.897,0.9351,0.9352,1.00,14.90
2010.04.09 12:55:59.989,0.9351,0.9352,1.00,14.50
2010.04.09 12:56:01.824,0.93505,0.93515,14.80,1.00
2010.04.09 12:56:02.836,0.9351,0.9352,4.80,10.50
2010.04.09 12:56:03.061,0.9351,0.9352,5.60,10.50
2010.04.09 12:56:06.214,0.9351,0.9352,7.20,4.10
2010.04.09 12:56:06.683,0.9351,0.9352,7.20,4.90
2010.04.09 12:56:06.912,0.9351,0.9352,11.20,4.00
2010.04.09 12:56:07.142,0.9351,0.9352,7.20,4.80
2010.04.09 12:56:07.471,0.9351,0.9352,7.20,4.00
2010.04.09 12:56:08.792,0.9351,0.9352,7.20,4.80
2010.04.09 12:56:09.218,0.9351,0.9352,7.20,4.00
2010.04.09 12:56:09.392,0.9351,0.93515,6.40,3.20
2010.04.09 12:56:09.562,0.9351,0.93515,3.20,8.90
2010.04.09 12:56:09.732,0.9351,0.93515,6.40,1.00
2010.04.09 12:56:10.121,0.9352,0.93525,1.00,20.50
2010.04.09 12:56:10.382,0.9352,0.93525,1.00,8.40
2010.04.09 12:56:11.021,0.9352,0.93525,1.00,4.00
2010.04.09 12:56:11.236,0.93525,0.93535,12.80,5.60
2010.04.09 12:56:11.443,0.93525,0.93535,12.80,4.00
2010.04.09 12:56:12.342,0.9353,0.93535,1.00,3.20
2010.04.09 12:56:12.632,0.9353,0.9354,1.00,10.90
2010.04.09 12:56:14.023,0.9353,0.9354,1.60,14.50
2010.04.09 12:56:14.292,0.9353,0.9354,1.60,13.70
2010.04.09 12:56:14.424,0.9353,0.9354,7.20,8.10
2010.04.09 12:56:14.564,0.93525,0.9353,8.60,1.00
2010.04.09 12:56:14.704,0.9353,0.93535,1.00,12.10
2010.04.09 12:56:14.843,0.9353,0.93535,1.00,7.60
2010.04.09 12:56:15.538,0.9353,0.93535,1.00,1.60
2010.04.09 12:56:16.834,0.93525,0.9353,2.40,1.00
2010.04.09 12:56:17.294,0.9352,0.9353,8.80,5.70
2010.04.09 12:56:17.968,0.93515,0.9352,10.80,1.00
2010.04.09 12:56:18.201,0.9351,0.9352,6.40,7.30
2010.04.09 12:56:18.866,0.93515,0.9352,1.00,6.50
2010.04.09 12:56:19.094,0.93515,0.9352,3.20,4.90
2010.04.09 12:56:19.993,0.93515,0.9352,3.20,1.00
2010.04.09 12:56:20.081,0.93515,0.93525,7.20,4.90
2010.04.09 12:56:20.170,0.93515,0.93525,3.20,4.80
2010.04.09 12:56:20.908,0.93515,0.93525,3.20,8.60
2010.04.09 12:56:21.678,0.93515,0.93525,3.20,9.30
2010.04.09 12:56:22.336,0.93515,0.93525,3.20,9.40
2010.04.09 12:56:22.545,0.93515,0.93525,3.20,9.60
2010.04.09 12:56:24.375,0.93515,0.93525,2.40,9.60
2010.04.09 12:56:26.479,0.93515,0.93525,12.80,5.60
2010.04.09 12:56:26.564,0.93515,0.93525,12.00,5.40
2010.04.09 12:56:27.230,0.93515,0.93525,8.00,9.40
2010.04.09 12:56:27.330,0.93515,0.93525,4.00,9.60
2010.04.09 12:56:27.517,0.93515,0.93525,2.40,9.60
2010.04.09 12:56:28.836,0.93515,0.93525,2.40,9.70
2010.04.09 12:56:32.143,0.93515,0.93525,4.00,9.70
2010.04.09 12:56:32.316,0.9352,0.93525,1.00,2.40
2010.04.09 12:56:33.186,0.9352,0.93525,1.00,6.50
2010.04.09 12:56:35.967,0.93515,0.9352,6.00,1.00
2010.04.09 12:56:36.055,0.93515,0.9352,4.00,5.70
2010.04.09 12:56:36.317,0.93515,0.9352,5.60,5.70
2010.04.09 12:56:36.587,0.93515,0.9352,2.40,4.90
2010.04.09 12:56:37.487,0.93515,0.9352,1.60,5.70
2010.04.09 12:56:37.713,0.9351,0.9352,6.40,5.70
2010.04.09 12:56:37.939,0.9351,0.9352,6.40,7.30
2010.04.09 12:56:38.178,0.9351,0.9352,2.40,10.50
2010.04.09 12:56:38.992,0.9351,0.93515,1.60,1.00
2010.04.09 12:56:39.683,0.9351,0.9352,2.40,10.50
2010.04.09 12:56:41.985,0.9351,0.9352,2.40,13.70
2010.04.09 12:56:44.634,0.9351,0.9352,2.80,13.70
2010.04.09 12:56:45.339,0.9351,0.9352,4.40,12.10
2010.04.09 12:56:45.652,0.9351,0.9352,6.00,7.30
2010.04.09 12:56:47.602,0.9351,0.9352,6.80,7.30
2010.04.09 12:56:48.741,0.9351,0.9352,6.00,7.30
2010.04.09 12:56:48.940,0.9351,0.9352,6.00,10.40
2010.04.09 12:56:49.282,0.9351,0.9352,6.60,10.40
2010.04.09 12:56:50.167,0.9351,0.9352,4.60,10.40
2010.04.09 12:56:51.659,0.9351,0.9352,4.60,12.00
2010.04.09 12:56:52.007,0.9351,0.9352,3.00,12.00
2010.04.09 12:56:53.274,0.9351,0.9352,3.00,13.60
2010.04.09 12:56:54.788,0.9351,0.9352,2.40,13.60
2010.04.09 12:56:55.089,0.9351,0.9352,2.40,18.90
2010.04.09 12:56:55.296,0.9351,0.9352,1.00,18.90
2010.04.09 12:56:55.492,0.93505,0.93515,13.60,1.00
2010.04.09 12:56:58.405,0.93505,0.9351,1.60,1.00
2010.04.09 12:56:59.352,0.935,0.9351,4.80,10.50
2010.04.09 12:56:59.685,0.93495,0.935,7.20,5.40
2010.04.09 12:56:59.835,0.9349,0.935,11.60,9.30
2010.04.09 12:56:59.978,0.9349,0.935,7.20,9.30
2010.04.09 12:57:00.129,0.9349,0.93495,1.60,1.00
2010.04.09 12:57:00.279,0.9349,0.93495,1.00,1.50
2010.04.09 12:57:00.428,0.9349,0.93495,1.00,3.20
2010.04.09 12:57:01.105,0.93485,0.93495,14.30,4.00
2010.04.09 12:57:01.458,0.9349,0.93495,1.00,3.20
2010.04.09 12:57:01.940,0.93485,0.93495,7.20,1.00
2010.04.09 12:57:02.521,0.93485,0.93495,7.30,1.00
2010.04.09 12:57:02.865,0.93485,0.9349,4.10,1.60
2010.04.09 12:57:03.202,0.93485,0.9349,3.20,1.00
2010.04.09 12:57:03.881,0.9348,0.9349,11.60,5.40
2010.04.09 12:57:04.150,0.9348,0.9349,13.20,4.80
2010.04.09 12:57:04.744,0.9348,0.9349,13.20,1.00
2010.04.09 12:57:04.953,0.93485,0.93495,1.00,11.30
2010.04.09 12:57:05.157,0.93485,0.93495,1.00,10.50
2010.04.09 12:57:05.367,0.93485,0.93495,1.30,10.50
2010.04.09 12:57:05.576,0.93485,0.93495,1.00,10.50
2010.04.09 12:57:06.130,0.93485,0.93495,1.00,11.00
2010.04.09 12:57:06.712,0.9348,0.9349,14.00,1.00
2010.04.09 12:57:07.059,0.9349,0.93495,1.00,8.10
2010.04.09 12:57:07.176,0.9349,0.93495,1.00,4.10
2010.04.09 12:57:07.297,0.93485,0.93495,7.50,4.90
2010.04.09 12:57:07.416,0.93485,0.93495,7.10,4.90
2010.04.09 12:57:07.865,0.93485,0.93495,7.10,5.30
2010.04.09 12:57:07.987,0.93485,0.93495,11.10,5.20
2010.04.09 12:57:09.346,0.93485,0.93495,7.10,5.30
2010.04.09 12:57:09.501,0.93485,0.9349,4.00,1.00
2010.04.09 12:57:09.657,0.9348,0.9349,8.80,7.10
2010.04.09 12:57:09.810,0.9348,0.9349,4.80,8.70
2010.04.09 12:57:09.957,0.9348,0.9349,3.20,8.70
2010.04.09 12:57:10.106,0.9348,0.9349,2.40,8.80
2010.04.09 12:57:11.448,0.9348,0.9349,2.40,10.40
2010.04.09 12:57:11.514,0.9348,0.9349,3.20,9.60
2010.04.09 12:57:12.325,0.9348,0.9349,8.00,8.90
2010.04.09 12:57:12.394,0.9348,0.9349,9.60,3.30
2010.04.09 12:57:13.138,0.9348,0.9349,13.50,3.20
2010.04.09 12:57:13.817,0.9348,0.9349,9.60,3.30
2010.04.09 12:57:14.635,0.9348,0.9349,8.80,8.90
2010.04.09 12:57:14.799,0.9348,0.9349,8.80,4.60
2010.04.09 12:57:14.947,0.9348,0.9349,8.80,3.20
2010.04.09 12:57:15.097,0.9348,0.9349,8.80,4.80
2010.04.09 12:57:16.857,0.9348,0.9349,4.80,4.60
2010.04.09 12:57:17.143,0.9348,0.9349,4.80,4.00
2010.04.09 12:57:18.124,0.9348,0.9349,4.80,2.40
2010.04.09 12:57:18.304,0.9348,0.9349,5.20,4.00
2010.04.09 12:57:19.598,0.9348,0.9349,5.20,2.40
2010.04.09 12:57:19.749,0.9348,0.9349,4.80,2.40
2010.04.09 12:57:20.186,0.9348,0.9349,4.80,4.00
2010.04.09 12:57:21.062,0.9348,0.9349,4.00,4.00
2010.04.09 12:57:21.209,0.9348,0.9349,1.00,10.40
2010.04.09 12:57:21.795,0.9348,0.9349,1.00,11.20
2010.04.09 12:57:23.185,0.93475,0.9348,17.00,1.00
2010.04.09 12:57:23.340,0.93475,0.9348,4.20,1.00
2010.04.09 12:57:23.492,0.93475,0.9348,1.60,1.00
2010.04.09 12:57:23.642,0.9347,0.9348,4.00,1.00
2010.04.09 12:57:24.602,0.9347,0.9348,4.40,2.40
2010.04.09 12:57:25.541,0.9347,0.9348,4.00,2.40
2010.04.09 12:57:25.794,0.9347,0.9348,4.00,4.00
2010.04.09 12:57:27.169,0.9347,0.9348,4.00,2.40
2010.04.09 12:57:28.713,0.9347,0.9348,2.40,4.00
2010.04.09 12:57:29.620,0.9347,0.9348,2.40,7.20
2010.04.09 12:57:30.962,0.9347,0.9348,1.00,7.40
2010.04.09 12:57:31.181,0.9347,0.9348,1.00,9.20
2010.04.09 12:57:31.969,0.9347,0.9348,1.00,9.10
2010.04.09 12:57:32.410,0.9347,0.9348,1.00,9.90
2010.04.09 12:57:32.562,0.93465,0.93475,12.00,1.00
2010.04.09 12:57:32.631,0.93465,0.93475,12.00,2.40
2010.04.09 12:57:32.672,0.93465,0.93475,8.80,5.60
2010.04.09 12:57:32.710,0.93465,0.93475,4.00,5.60
2010.04.09 12:57:32.753,0.93465,0.93475,2.40,5.60
2010.04.09 12:57:33.970,0.93465,0.93475,1.00,7.20
2010.04.09 12:57:34.325,0.93465,0.9347,5.60,1.60
2010.04.09 12:57:34.444,0.93465,0.9347,4.00,4.00
2010.04.09 12:57:34.577,0.9346,0.9347,1.20,5.20
2010.04.09 12:57:34.701,0.9346,0.9347,1.00,4.80
2010.04.09 12:57:35.602,0.9346,0.9347,1.60,4.80
2010.04.09 12:57:35.892,0.9346,0.9347,1.60,8.80
2010.04.09 12:57:36.177,0.9346,0.9347,1.60,9.60
2010.04.09 12:57:37.021,0.93455,0.9346,2.40,1.60
2010.04.09 12:57:37.362,0.93455,0.9346,1.60,1.60
2010.04.09 12:57:38.845,0.9345,0.9346,4.00,1.60
2010.04.09 12:57:39.728,0.93445,0.9345,16.00,1.00
2010.04.09 12:57:40.038,0.93445,0.9345,1.00,2.40
2010.04.09 12:57:40.347,0.9344,0.93455,8.00,14.40
2010.04.09 12:57:40.652,0.9344,0.9345,6.40,1.60
2010.04.09 12:57:41.694,0.9344,0.9345,6.40,3.20
2010.04.09 12:57:42.137,0.9344,0.9345,6.40,1.60
2010.04.09 12:57:42.269,0.9344,0.9345,6.40,3.20
2010.04.09 12:57:43.097,0.9344,0.93445,4.00,1.60
2010.04.09 12:57:43.437,0.9344,0.9345,4.00,4.00
2010.04.09 12:57:43.773,0.9344,0.9345,4.00,4.80
2010.04.09 12:57:46.610,0.9344,0.9345,4.00,6.40
2010.04.09 12:57:46.812,0.93435,0.9344,4.70,3.20
2010.04.09 12:57:47.014,0.9343,0.93435,12.80,4.00
2010.04.09 12:57:47.218,0.9343,0.93435,1.00,8.00
2010.04.09 12:57:47.854,0.9343,0.93435,1.00,5.60
2010.04.09 12:57:48.207,0.9343,0.9344,1.60,7.80
2010.04.09 12:57:48.889,0.9343,0.9344,1.60,6.40
2010.04.09 12:57:50.012,0.9343,0.9344,2.00,5.40
2010.04.09 12:57:50.120,0.9343,0.9344,2.00,4.80
2010.04.09 12:57:50.458,0.9343,0.9344,3.20,4.80
2010.04.09 12:57:52.215,0.9343,0.9344,3.20,4.80
2010.04.09 12:57:52.357,0.93435,0.9344,2.40,3.20
2010.04.09 12:57:52.408,0.93435,0.9344,8.00,3.20
2010.04.09 12:57:52.459,0.93435,0.9344,6.40,3.20
2010.04.09 12:57:52.508,0.93435,0.93445,8.00,7.00
2010.04.09 12:57:52.560,0.93435,0.93445,4.00,5.60
2010.04.09 12:57:52.608,0.93435,0.93445,1.60,4.80
2010.04.09 12:57:52.658,0.93435,0.93445,1.60,3.20
2010.04.09 12:57:53.270,0.93435,0.93445,5.60,3.20
2010.04.09 12:57:53.623,0.9344,0.93445,1.00,1.60
2010.04.09 12:57:53.970,0.9344,0.9345,2.40,6.40
2010.04.09 12:57:54.619,0.9344,0.9345,2.40,4.80
2010.04.09 12:57:55.216,0.9344,0.9345,1.60,5.60
2010.04.09 12:57:56.425,0.9344,0.9345,3.20,5.60
2010.04.09 12:57:56.874,0.9344,0.9345,7.20,5.60
2010.04.09 12:57:56.927,0.9344,0.9345,8.40,4.80
2010.04.09 12:57:57.753,0.93445,0.93455,1.60,5.60
2010.04.09 12:57:57.977,0.93445,0.93455,3.20,4.80
2010.04.09 12:57:59.210,0.93445,0.93455,11.60,3.20
2010.04.09 12:57:59.557,0.9345,0.9346,1.60,6.40
2010.04.09 12:57:59.905,0.9345,0.9346,1.60,6.80
2010.04.09 12:58:00.624,0.93445,0.9346,13.60,6.80
2010.04.09 12:58:00.814,0.93445,0.9346,14.40,6.80
2010.04.09 12:58:01.005,0.93445,0.93455,9.20,3.20
2010.04.09 12:58:01.200,0.93445,0.93455,8.00,4.00
2010.04.09 12:58:01.825,0.93445,0.93455,10.40,4.00
2010.04.09 12:58:01.971,0.9344,0.93445,12.60,5.60
2010.04.09 12:58:02.111,0.9344,0.93445,5.40,4.00
2010.04.09 12:58:02.386,0.9343,0.9344,9.80,1.60
2010.04.09 12:58:02.660,0.93435,0.9344,2.00,1.00
2010.04.09 12:58:03.263,0.93435,0.9344,1.20,1.00
2010.04.09 12:58:03.543,0.9343,0.9344,6.80,1.00
2010.04.09 12:58:04.372,0.93435,0.9344,8.80,1.00
2010.04.09 12:58:04.962,0.9344,0.93445,1.00,5.40
2010.04.09 12:58:05.318,0.9344,0.93445,1.00,3.20
2010.04.09 12:58:05.668,0.9344,0.9345,1.00,5.90
2010.04.09 12:58:05.988,0.9344,0.9345,1.20,5.10
2010.04.09 12:58:06.612,0.9344,0.9345,1.20,5.60
2010.04.09 12:58:06.923,0.9344,0.9345,1.20,5.20
2010.04.09 12:58:07.032,0.9344,0.9345,1.20,5.80
2010.04.09 12:58:07.739,0.93435,0.9344,3.20,1.60
2010.04.09 12:58:09.954,0.93435,0.93445,3.20,5.20
2010.04.09 12:58:10.233,0.93435,0.93445,3.20,4.80
2010.04.09 12:58:10.516,0.93435,0.93445,4.00,1.60
2010.04.09 12:58:10.802,0.93435,0.93445,5.60,1.60
2010.04.09 12:58:12.397,0.9344,0.9345,3.20,4.80
2010.04.09 12:58:12.482,0.9344,0.9345,3.20,3.20
2010.04.09 12:58:12.780,0.9344,0.9345,4.00,3.20
2010.04.09 12:58:12.822,0.9344,0.9345,5.60,3.20
2010.04.09 12:58:14.289,0.93445,0.9345,1.60,1.60
2010.04.09 12:58:14.635,0.93445,0.9345,3.20,1.60
2010.04.09 12:58:15.890,0.93445,0.93455,4.00,5.20
2010.04.09 12:58:16.580,0.93445,0.93455,4.00,4.80
2010.04.09 12:58:16.804,0.93445,0.93455,6.20,2.40
2010.04.09 12:58:18.043,0.9345,0.93455,1.60,2.40
2010.04.09 12:58:18.349,0.9345,0.9346,3.60,2.40
2010.04.09 12:58:18.652,0.9345,0.9346,6.80,2.40
2010.04.09 12:58:19.817,0.93455,0.9346,2.40,2.40
2010.04.09 12:58:20.080,0.93455,0.93465,4.00,4.00
2010.04.09 12:58:20.932,0.93455,0.93465,5.60,2.40
2010.04.09 12:58:22.670,0.93455,0.9346,3.20,1.00
2010.04.09 12:58:22.880,0.93455,0.9346,4.80,1.00
2010.04.09 12:58:24.752,0.9346,0.93465,2.40,2.80
2010.04.09 12:58:24.901,0.9346,0.9347,3.20,10.20
2010.04.09 12:58:25.050,0.9346,0.9347,3.60,8.00
2010.04.09 12:58:25.954,0.9346,0.9347,2.00,4.00
2010.04.09 12:58:26.309,0.93455,0.93465,7.20,1.00
2010.04.09 12:58:27.119,0.93455,0.93465,6.40,1.60
2010.04.09 12:58:27.866,0.93455,0.93465,4.80,3.20
2010.04.09 12:58:28.213,0.9345,0.9346,7.60,1.00
2010.04.09 12:58:30.000,0.93455,0.9346,3.20,1.00
2010.04.09 12:58:32.456,0.93455,0.9346,1.60,1.00
2010.04.09 12:58:32.996,0.9345,0.9346,6.80,1.00
2010.04.09 12:58:34.301,0.9345,0.9346,7.60,1.00
2010.04.09 12:58:34.505,0.93455,0.9346,1.60,1.00
2010.04.09 12:58:40.385,0.93455,0.93465,1.60,8.40
2010.04.09 12:58:41.311,0.9345,0.9346,8.80,1.00
2010.04.09 12:58:41.658,0.9346,0.93465,1.00,6.50
2010.04.09 12:58:42.008,0.9346,0.9347,1.60,9.30
2010.04.09 12:58:42.797,0.9346,0.9347,7.20,4.90
2010.04.09 12:58:43.154,0.9346,0.9347,8.80,4.90
2010.04.09 12:58:43.510,0.9346,0.9347,7.20,6.50
2010.04.09 12:58:43.774,0.9346,0.9347,3.20,8.90
2010.04.09 12:58:44.413,0.9346,0.9347,7.20,8.90
2010.04.09 12:58:44.643,0.9346,0.9347,8.80,5.30
2010.04.09 12:58:44.858,0.9346,0.93465,8.00,1.00
2010.04.09 12:58:45.078,0.93455,0.9346,5.60,1.00
2010.04.09 12:58:46.044,0.9345,0.9346,14.40,1.60
2010.04.09 12:58:46.399,0.9345,0.9346,7.20,2.40
2010.04.09 12:58:46.743,0.9345,0.9346,8.80,4.10
2010.04.09 12:58:47.809,0.9345,0.9346,7.20,4.10
2010.04.09 12:58:49.086,0.9345,0.9346,5.60,4.10
2010.04.09 12:58:51.694,0.9345,0.9346,7.20,2.50
2010.04.09 12:58:51.905,0.9345,0.9346,8.80,2.40
2010.04.09 12:58:52.113,0.9345,0.9346,7.20,4.10
2010.04.09 12:58:53.254,0.9345,0.9346,7.20,2.50
2010.04.09 12:58:54.696,0.93445,0.9345,12.00,1.00
2010.04.09 12:58:54.875,0.93445,0.9345,4.80,1.00
2010.04.09 12:58:55.053,0.9345,0.93455,1.00,9.30
2010.04.09 12:58:55.931,0.93445,0.93455,14.40,4.40
2010.04.09 12:58:56.137,0.93445,0.93455,14.40,4.00
2010.04.09 12:58:59.635,0.9345,0.9346,1.00,11.30
2010.04.09 12:58:59.885,0.9345,0.9346,2.40,8.90
2010.04.09 12:59:00.139,0.9345,0.9346,3.20,4.90
2010.04.09 12:59:00.938,0.9345,0.9346,7.20,4.80
2010.04.09 12:59:01.157,0.9345,0.9346,5.60,5.20
2010.04.09 12:59:01.484,0.9345,0.9346,4.80,5.30
2010.04.09 12:59:03.080,0.9345,0.9346,5.60,4.90
2010.04.09 12:59:08.620,0.9345,0.9346,7.20,4.90
2010.04.09 12:59:13.698,0.9345,0.9346,5.60,4.90
2010.04.09 12:59:13.986,0.9345,0.9346,1.60,8.90
2010.04.09 12:59:14.277,0.9345,0.9346,5.60,4.90
2010.04.09 12:59:19.418,0.9345,0.9346,5.60,6.50
2010.04.09 12:59:19.568,0.9345,0.9346,7.20,5.70
2010.04.09 12:59:20.058,0.9345,0.9346,7.20,5.60
2010.04.09 12:59:24.529,0.9345,0.9346,8.80,4.00
2010.04.09 12:59:26.435,0.9345,0.9346,14.20,2.40
2010.04.09 12:59:26.648,0.93455,0.93465,1.00,8.90
2010.04.09 12:59:29.875,0.93455,0.93465,10.40,4.80
2010.04.09 12:59:30.034,0.93455,0.93465,7.20,4.80
2010.04.09 12:59:30.192,0.93455,0.93465,2.40,8.90
2010.04.09 12:59:30.671,0.93455,0.93465,3.20,8.90
2010.04.09 12:59:30.831,0.93455,0.93465,2.40,8.90
2010.04.09 12:59:31.956,0.9346,0.93465,1.00,3.20
2010.04.09 12:59:32.115,0.9346,0.93465,1.00,1.60
2010.04.09 12:59:32.195,0.9346,0.9347,1.00,17.70
2010.04.09 12:59:32.830,0.9346,0.9347,3.20,17.70
2010.04.09 12:59:32.919,0.9346,0.9347,3.20,15.30
2010.04.09 12:59:33.945,0.9346,0.9347,3.20,13.70
2010.04.09 12:59:34.173,0.9346,0.9347,3.20,12.10
2010.04.09 12:59:35.280,0.9346,0.9347,7.20,11.30
2010.04.09 12:59:37.412,0.9346,0.93465,7.20,1.00
2010.04.09 12:59:37.472,0.93455,0.93465,5.60,9.70
2010.04.09 12:59:40.229,0.93455,0.9346,5.60,1.00
2010.04.09 12:59:42.305,0.93455,0.9346,5.60,1.00
2010.04.09 12:59:42.351,0.93455,0.9346,4.80,1.00
2010.04.09 12:59:42.370,0.93455,0.9346,4.00,1.00
2010.04.09 12:59:42.440,0.93455,0.9346,4.00,2.50
2010.04.09 12:59:42.462,0.9345,0.9346,8.20,2.50
2010.04.09 12:59:42.484,0.9345,0.93455,5.80,1.00
2010.04.09 12:59:42.550,0.9345,0.93455,4.80,1.00
2010.04.09 12:59:43.188,0.9345,0.93455,4.80,1.00
2010.04.09 12:59:43.517,0.9345,0.93455,5.60,4.10
2010.04.09 12:59:43.830,0.9345,0.9346,5.60,8.90
2010.04.09 12:59:44.475,0.9345,0.93455,5.60,4.10
2010.04.09 12:59:45.124,0.9345,0.93455,5.60,4.90
2010.04.09 12:59:45.479,0.9345,0.93455,1.00,4.80
2010.04.09 12:59:45.594,0.9345,0.93455,1.00,8.90
2010.04.09 12:59:46.444,0.9344,0.93445,5.60,4.10
2010.04.09 12:59:47.119,0.9344,0.93445,8.80,1.00
2010.04.09 12:59:47.660,0.9344,0.93445,8.00,1.00
2010.04.09 12:59:47.865,0.9344,0.93445,1.00,1.00
2010.04.09 12:59:48.491,0.9344,0.93445,1.00,1.00
2010.04.09 12:59:48.749,0.9344,0.93445,1.00,4.90
2010.04.09 12:59:49.000,0.93435,0.93445,9.60,5.70
2010.04.09 12:59:49.252,0.9344,0.93445,1.00,1.00
2010.04.09 12:59:49.843,0.9344,0.9345,6.40,8.90
2010.04.09 12:59:50.584,0.9344,0.9345,8.00,8.90
2010.04.09 12:59:50.677,0.93445,0.9345,1.60,1.00
2010.04.09 12:59:50.769,0.9344,0.9345,9.60,4.90
2010.04.09 12:59:50.856,0.9344,0.9345,9.60,5.70
2010.04.09 12:59:54.209,0.93445,0.9345,4.80,4.90
2010.04.09 12:59:54.519,0.9344,0.9345,10.00,5.70
2010.04.09 12:59:55.358,0.93445,0.9345,1.60,1.70
2010.04.09 12:59:55.453,0.9344,0.9345,15.10,4.80
2010.04.09 12:59:55.548,0.9344,0.9345,12.00,4.80
2010.04.09 12:59:55.649,0.9344,0.9345,8.00,4.80
2010.04.09 12:59:55.748,0.9344,0.9345,8.00,5.60
2010.04.09 12:59:57.683,0.93445,0.9345,1.60,4.80
2010.04.09 12:59:57.871,0.9344,0.9345,6.40,5.70
2010.04.09 12:59:58.050,0.9344,0.9345,8.00,5.70
