2012.04.10 11:00:00.847,0.81135,0.8114,1.13,1.50
2012.04.10 11:00:05.664,0.81136,0.81141,1.50,1.13
2012.04.10 11:00:06.227,0.81135,0.8114,1.13,1.50
2012.04.10 11:00:06.787,0.81135,0.8114,1.13,2.25
2012.04.10 11:00:07.312,0.81135,0.8114,1.13,2.25
2012.04.10 11:00:11.815,0.81135,0.8114,1.13,2.25
2012.04.10 11:00:12.196,0.81131,0.81137,3.38,2.10
2012.04.10 11:00:12.269,0.81131,0.81135,1.50,2.63
2012.04.10 11:00:12.602,0.81127,0.81131,1.13,1.50
2012.04.10 11:00:12.985,0.81127,0.81133,2.63,1.50
2012.04.10 11:00:15.558,0.81131,0.81136,1.13,1.50
2012.04.10 11:00:15.720,0.81131,0.81136,1.13,1.50
2012.04.10 11:00:16.286,0.81131,0.81137,2.63,2.63
2012.04.10 11:00:17.062,0.81131,0.81136,1.13,1.50
2012.04.10 11:00:19.543,0.81131,0.81137,1.13,1.13
2012.04.10 11:00:20.008,0.81131,0.81135,1.13,1.50
2012.04.10 11:00:20.354,0.81128,0.81133,2.25,1.50
2012.04.10 11:00:20.786,0.81132,0.81137,1.50,1.13
2012.04.10 11:00:22.684,0.81134,0.81138,1.13,1.50
2012.04.10 11:00:23.305,0.81137,0.81141,1.13,1.88
2012.04.10 11:00:23.636,0.81134,0.8114,1.50,1.50
2012.04.10 11:00:23.987,0.81141,0.81145,1.13,3.00
2012.04.10 11:00:24.125,0.81141,0.81146,1.13,4.88
2012.04.10 11:00:24.198,0.81141,0.81146,1.13,4.13
2012.04.10 11:00:24.407,0.81141,0.81146,1.13,1.88
2012.04.10 11:00:24.789,0.81138,0.81146,1.50,1.35
2012.04.10 11:00:24.937,0.81136,0.81142,4.13,1.80
2012.04.10 11:00:25.080,0.81136,0.8114,1.13,1.50
2012.04.10 11:00:25.370,0.81135,0.8114,2.25,1.50
2012.04.10 11:00:25.660,0.81133,0.8114,1.13,3.75
2012.04.10 11:00:25.878,0.81131,0.81137,1.50,2.25
2012.04.10 11:00:27.286,0.81134,0.81139,1.13,2.25
2012.04.10 11:00:27.618,0.81136,0.8114,1.13,1.50
2012.04.10 11:00:28.032,0.81133,0.81137,1.88,1.50
2012.04.10 11:00:28.119,0.81137,0.81142,1.50,4.50
2012.04.10 11:00:28.337,0.81137,0.81143,1.50,3.00
2012.04.10 11:00:28.536,0.81139,0.81144,1.50,3.98
2012.04.10 11:00:28.819,0.81137,0.81143,1.50,3.00
2012.04.10 11:00:29.043,0.81136,0.81142,2.63,3.75
2012.04.10 11:00:29.197,0.81133,0.81139,3.75,2.63
2012.04.10 11:00:41.750,0.81135,0.8114,1.50,1.13
2012.04.10 11:00:42.159,0.81137,0.81142,1.50,1.50
2012.04.10 11:00:42.754,0.81136,0.81141,1.13,1.13
2012.04.10 11:00:42.903,0.81133,0.81139,1.88,1.50
2012.04.10 11:00:43.584,0.81132,0.81138,1.13,1.50
2012.04.10 11:00:47.921,0.8113,0.81138,3.75,2.63
2012.04.10 11:00:53.013,0.81133,0.81138,1.50,1.13
2012.04.10 11:01:00.351,0.81131,0.81138,1.88,2.63
2012.04.10 11:01:02.142,0.81133,0.81138,1.50,1.13
2012.04.10 11:01:02.836,0.81134,0.81139,1.13,1.50
2012.04.10 11:01:03.647,0.81136,0.8114,1.50,1.13
2012.04.10 11:01:04.158,0.81135,0.8114,1.50,1.13
2012.04.10 11:01:05.578,0.81138,0.81144,1.13,1.13
2012.04.10 11:01:05.666,0.81138,0.81143,1.13,1.50
2012.04.10 11:01:05.885,0.81135,0.81141,2.25,1.50
2012.04.10 11:01:06.161,0.81138,0.81144,1.13,5.63
2012.04.10 11:01:06.305,0.81138,0.81143,1.13,2.63
2012.04.10 11:01:06.646,0.81133,0.81142,1.13,1.88
2012.04.10 11:01:06.785,0.81134,0.8114,1.13,1.50
2012.04.10 11:01:06.985,0.81134,0.8114,2.63,1.50
2012.04.10 11:01:08.197,0.81132,0.81138,1.13,1.13
2012.04.10 11:01:09.195,0.81131,0.81137,1.88,1.50
2012.04.10 11:01:09.559,0.8113,0.81137,3.98,1.50
2012.04.10 11:01:09.863,0.81129,0.81134,2.25,1.50
2012.04.10 11:01:10.406,0.81129,0.81135,3.75,1.50
2012.04.10 11:01:10.715,0.81131,0.81137,1.50,3.00
2012.04.10 11:01:11.254,0.81132,0.81137,1.50,1.50
2012.04.10 11:01:11.974,0.81133,0.81137,1.50,1.13
2012.04.10 11:01:12.968,0.8113,0.81137,2.25,1.50
2012.04.10 11:01:13.574,0.8113,0.81137,2.25,1.50
2012.04.10 11:01:14.534,0.8113,0.81137,2.25,1.50
2012.04.10 11:01:15.312,0.8113,0.81137,2.25,1.50
2012.04.10 11:01:15.877,0.8113,0.81137,2.25,1.50
2012.04.10 11:01:18.652,0.81129,0.81136,2.63,1.88
2012.04.10 11:01:19.270,0.81131,0.81137,1.50,3.00
2012.04.10 11:01:20.304,0.81131,0.81137,1.50,3.00
2012.04.10 11:01:20.843,0.81131,0.81137,1.50,3.00
2012.04.10 11:01:21.362,0.81132,0.81137,1.50,1.50
2012.04.10 11:01:23.176,0.81132,0.81139,1.50,1.88
2012.04.10 11:01:23.739,0.81133,0.81139,1.13,1.13
2012.04.10 11:01:24.462,0.81132,0.81139,2.63,1.13
2012.04.10 11:01:25.032,0.81135,0.8114,1.13,4.73
2012.04.10 11:01:26.564,0.81132,0.81139,1.50,1.88
2012.04.10 11:01:32.245,0.81134,0.81139,1.13,1.13
2012.04.10 11:01:37.907,0.81132,0.8114,1.50,5.85
2012.04.10 11:01:38.339,0.81134,0.8114,1.13,3.75
2012.04.10 11:01:38.414,0.81136,0.8114,1.13,2.63
2012.04.10 11:01:38.957,0.81134,0.8114,1.50,2.25
2012.04.10 11:01:41.063,0.81136,0.8114,1.13,1.50
2012.04.10 11:01:41.780,0.81137,0.81142,1.13,9.38
2012.04.10 11:01:42.286,0.81136,0.8114,1.13,2.25
2012.04.10 11:01:43.671,0.81134,0.8114,1.50,2.25
2012.04.10 11:01:43.944,0.81134,0.8114,1.50,2.25
2012.04.10 11:01:44.482,0.81134,0.8114,1.50,2.25
2012.04.10 11:01:45.002,0.81134,0.8114,1.50,1.50
2012.04.10 11:01:50.080,0.81136,0.81142,1.50,5.63
2012.04.10 11:01:50.618,0.81136,0.81142,1.50,3.38
2012.04.10 11:01:51.292,0.81136,0.81142,1.50,2.63
2012.04.10 11:01:52.894,0.81137,0.81144,1.50,3.30
2012.04.10 11:01:53.409,0.81137,0.81144,1.50,10.73
2012.04.10 11:01:53.485,0.81135,0.81142,1.50,1.05
2012.04.10 11:01:53.702,0.81134,0.8114,2.63,1.50
2012.04.10 11:02:07.560,0.81135,0.81142,1.50,1.13
2012.04.10 11:02:08.916,0.81134,0.81141,1.13,2.63
2012.04.10 11:02:12.194,0.81133,0.81141,2.63,3.38
2012.04.10 11:02:16.408,0.81133,0.81141,2.63,2.63
2012.04.10 11:02:16.924,0.81133,0.81141,2.63,3.38
2012.04.10 11:02:18.374,0.81133,0.81139,1.13,2.25
2012.04.10 11:02:18.668,0.8113,0.81136,1.88,1.50
2012.04.10 11:02:19.217,0.81133,0.81137,1.13,1.50
2012.04.10 11:02:21.009,0.81133,0.81139,1.13,2.25
2012.04.10 11:02:23.034,0.81133,0.81139,1.13,3.00
2012.04.10 11:02:23.176,0.81131,0.81136,1.50,1.88
2012.04.10 11:02:23.384,0.81128,0.81134,2.63,1.50
2012.04.10 11:02:23.516,0.81131,0.81136,1.13,2.25
2012.04.10 11:02:23.803,0.81131,0.81136,1.13,2.25
2012.04.10 11:02:23.948,0.81131,0.81139,2.63,2.25
2012.04.10 11:02:25.442,0.81131,0.81138,2.63,1.50
2012.04.10 11:02:25.520,0.81131,0.81136,1.13,1.50
2012.04.10 11:02:25.596,0.81131,0.81139,2.63,1.50
2012.04.10 11:02:26.475,0.81131,0.81139,2.63,2.25
2012.04.10 11:02:26.891,0.81127,0.81131,1.50,1.50
2012.04.10 11:02:27.377,0.81128,0.81133,1.13,1.50
2012.04.10 11:02:27.658,0.81129,0.81135,1.50,1.50
2012.04.10 11:02:27.728,0.81131,0.81135,1.13,1.50
2012.04.10 11:02:27.867,0.81132,0.81138,3.00,1.88
2012.04.10 11:02:28.395,0.81133,0.81139,1.50,2.63
2012.04.10 11:02:28.535,0.81131,0.81137,2.63,1.88
2012.04.10 11:02:29.738,0.81132,0.8114,1.88,1.50
2012.04.10 11:02:29.881,0.81135,0.8114,1.13,1.50
2012.04.10 11:02:29.962,0.81135,0.81142,1.13,1.80
2012.04.10 11:02:30.035,0.81137,0.81143,1.50,2.93
2012.04.10 11:02:30.860,0.81135,0.81142,1.13,4.50
2012.04.10 11:02:54.035,0.81137,0.81142,1.13,1.50
2012.04.10 11:02:56.127,0.81139,0.81146,5.25,5.25
2012.04.10 11:02:56.339,0.81141,0.81148,1.13,3.00
2012.04.10 11:02:56.492,0.81144,0.81149,1.50,6.00
2012.04.10 11:02:56.650,0.81142,0.81149,1.50,1.50
2012.04.10 11:02:56.982,0.81139,0.81144,1.50,3.75
2012.04.10 11:02:57.273,0.81133,0.8114,2.25,1.50
2012.04.10 11:02:57.417,0.81133,0.81137,2.25,1.50
2012.04.10 11:02:57.755,0.81133,0.81139,3.75,1.50
2012.04.10 11:02:57.897,0.81133,0.81141,3.75,2.25
2012.04.10 11:02:59.745,0.81135,0.81142,1.50,2.63
2012.04.10 11:03:02.319,0.81135,0.81142,1.50,2.63
2012.04.10 11:03:04.303,0.81136,0.81142,1.13,1.88
2012.04.10 11:03:04.568,0.8114,0.81144,1.13,2.48
2012.04.10 11:03:05.167,0.81137,0.81144,1.50,1.35
2012.04.10 11:03:05.309,0.81138,0.81143,1.50,2.25
2012.04.10 11:03:05.455,0.81133,0.8114,1.13,1.50
2012.04.10 11:03:05.661,0.81133,0.81137,1.13,1.50
2012.04.10 11:03:06.546,0.81133,0.8114,1.13,2.25
2012.04.10 11:03:06.687,0.81133,0.8114,1.13,1.95
2012.04.10 11:03:07.009,0.81133,0.8114,1.13,2.25
2012.04.10 11:03:07.241,0.81133,0.81138,1.88,1.50
2012.04.10 11:03:07.584,0.81135,0.81141,1.50,4.13
2012.04.10 11:03:07.655,0.81133,0.81139,3.00,1.50
2012.04.10 11:03:08.730,0.81133,0.81137,1.13,1.50
2012.04.10 11:03:09.015,0.81133,0.8114,1.13,2.25
2012.04.10 11:03:09.724,0.81133,0.8114,1.13,2.18
2012.04.10 11:03:09.866,0.81129,0.81135,3.00,1.50
2012.04.10 11:03:10.604,0.81131,0.81137,1.50,1.80
2012.04.10 11:03:12.322,0.81133,0.81137,1.13,1.50
2012.04.10 11:03:12.396,0.81131,0.81137,2.63,1.50
2012.04.10 11:03:12.602,0.81133,0.81139,1.50,1.50
2012.04.10 11:03:13.791,0.81131,0.81137,2.63,1.50
2012.04.10 11:03:13.866,0.81132,0.8114,1.50,1.50
2012.04.10 11:03:27.215,0.81132,0.8114,2.25,1.50
2012.04.10 11:03:28.477,0.81132,0.8114,1.50,1.50
2012.04.10 11:03:30.390,0.81132,0.8114,2.25,1.50
2012.04.10 11:03:30.739,0.81141,0.81146,1.50,2.85
2012.04.10 11:03:30.892,0.81141,0.81147,2.63,3.00
2012.04.10 11:03:31.250,0.81143,0.81149,1.13,1.69
2012.04.10 11:03:31.604,0.81144,0.81148,1.50,2.10
2012.04.10 11:03:31.823,0.81138,0.81143,1.50,1.50
2012.04.10 11:03:32.637,0.81139,0.81145,1.50,1.50
2012.04.10 11:03:33.164,0.81138,0.81144,1.13,1.50
2012.04.10 11:03:35.803,0.81139,0.81145,1.50,1.50
2012.04.10 11:03:36.802,0.81138,0.81144,2.25,1.50
2012.04.10 11:03:37.375,0.81138,0.81144,1.50,1.50
2012.04.10 11:03:38.986,0.81138,0.81143,1.13,1.50
2012.04.10 11:03:39.409,0.81135,0.81141,2.63,1.50
2012.04.10 11:03:39.750,0.81135,0.81139,1.88,1.50
2012.04.10 11:03:39.954,0.81138,0.81143,1.13,2.25
2012.04.10 11:03:40.663,0.81139,0.81145,1.50,1.88
2012.04.10 11:03:53.110,0.81139,0.81143,1.50,1.50
2012.04.10 11:03:53.663,0.81138,0.81143,1.13,4.88
2012.04.10 11:03:57.337,0.8114,0.81144,1.50,1.13
2012.04.10 11:03:57.848,0.81139,0.81146,1.13,1.88
2012.04.10 11:03:58.399,0.8114,0.81146,1.50,1.88
2012.04.10 11:03:58.949,0.81143,0.81149,2.63,1.88
2012.04.10 11:03:59.033,0.81143,0.81149,2.63,1.50
2012.04.10 11:04:00.145,0.81145,0.81151,1.50,3.00
2012.04.10 11:04:03.309,0.81143,0.81149,4.13,1.50
2012.04.10 11:04:10.871,0.81144,0.81151,1.50,1.13
2012.04.10 11:04:12.588,0.81143,0.8115,2.63,1.50
2012.04.10 11:04:14.299,0.81142,0.81148,1.88,1.88
2012.04.10 11:04:14.741,0.81143,0.81148,2.82,1.50
2012.04.10 11:04:14.992,0.81153,0.81158,4.88,1.50
2012.04.10 11:04:15.775,0.81155,0.81161,2.25,1.50
2012.04.10 11:04:15.888,0.81153,0.8116,2.25,1.50
2012.04.10 11:04:16.261,0.81151,0.81158,1.13,3.38
2012.04.10 11:04:16.412,0.8115,0.81155,1.50,1.50
2012.04.10 11:04:16.556,0.8115,0.81158,2.63,2.63
2012.04.10 11:04:16.809,0.8115,0.81156,1.13,1.50
2012.04.10 11:04:18.988,0.81151,0.81157,1.50,2.25
2012.04.10 11:04:19.561,0.81152,0.81157,1.13,1.50
2012.04.10 11:04:21.382,0.81152,0.8116,2.63,2.25
2012.04.10 11:04:24.578,0.81154,0.8116,1.13,2.25
2012.04.10 11:04:25.101,0.81154,0.8116,1.13,2.25
2012.04.10 11:04:26.981,0.81154,0.8116,1.13,3.00
2012.04.10 11:04:27.305,0.81154,0.8116,1.13,2.25
2012.04.10 11:04:28.653,0.81154,0.81162,2.63,2.63
2012.04.10 11:04:28.846,0.81154,0.81162,3.38,3.38
2012.04.10 11:04:29.326,0.81159,0.81164,1.50,3.00
2012.04.10 11:04:29.869,0.81159,0.81165,1.50,3.38
2012.04.10 11:04:30.195,0.81158,0.81162,1.13,1.50
2012.04.10 11:04:40.203,0.81159,0.81164,1.13,2.25
2012.04.10 11:04:44.848,0.81156,0.81162,2.25,2.25
2012.04.10 11:04:45.425,0.81155,0.81162,1.13,2.25
2012.04.10 11:04:45.513,0.81157,0.81162,1.13,2.25
2012.04.10 11:04:46.457,0.81153,0.81159,2.25,1.50
2012.04.10 11:04:50.984,0.81155,0.81159,1.13,1.50
2012.04.10 11:04:52.409,0.81152,0.81157,1.88,1.50
2012.04.10 11:04:54.816,0.81155,0.8116,1.13,3.75
2012.04.10 11:04:55.029,0.81151,0.81157,2.25,1.05
2012.04.10 11:04:55.387,0.81145,0.81151,2.25,3.75
2012.04.10 11:04:55.791,0.81141,0.81149,2.25,1.50
2012.04.10 11:04:55.872,0.81141,0.81149,3.00,1.50
2012.04.10 11:04:56.344,0.81142,0.81151,1.88,1.13
2012.04.10 11:04:57.452,0.81142,0.81151,1.88,1.13
2012.04.10 11:04:58.121,0.81141,0.81148,4.50,1.50
2012.04.10 11:05:02.936,0.81142,0.81148,1.50,1.50
2012.04.10 11:05:03.650,0.81144,0.81148,1.13,1.50
2012.04.10 11:05:07.222,0.81144,0.8115,1.13,1.50
2012.04.10 11:05:23.220,0.81146,0.8115,1.13,1.50
2012.04.10 11:05:23.298,0.81146,0.81152,1.13,3.75
2012.04.10 11:05:23.803,0.81147,0.81153,1.50,1.50
2012.04.10 11:05:25.094,0.81146,0.81151,1.13,1.50
2012.04.10 11:05:36.870,0.81146,0.81152,2.63,1.50
2012.04.10 11:05:37.227,0.81143,0.81147,1.13,1.50
2012.04.10 11:05:37.881,0.81143,0.81149,1.13,1.50
2012.04.10 11:05:38.681,0.81143,0.81151,1.13,3.98
2012.04.10 11:05:41.965,0.81143,0.81151,1.13,3.60
2012.04.10 11:05:44.025,0.81143,0.81151,1.13,3.23
2012.04.10 11:05:49.256,0.81145,0.81152,1.13,1.88
2012.04.10 11:05:50.842,0.81145,0.81152,1.50,1.50
2012.04.10 11:05:51.615,0.81146,0.81153,2.25,1.13
2012.04.10 11:05:52.176,0.81146,0.81152,1.88,1.50
2012.04.10 11:05:52.789,0.81148,0.81152,1.13,1.50
2012.04.10 11:06:07.253,0.81153,0.81157,1.13,3.00
2012.04.10 11:06:07.680,0.81153,0.81159,1.13,1.88
2012.04.10 11:06:07.929,0.81155,0.81159,1.13,1.50
2012.04.10 11:06:08.264,0.81155,0.81161,1.13,3.38
2012.04.10 11:06:08.807,0.81153,0.81161,1.50,4.13
2012.04.10 11:06:09.347,0.81155,0.81159,1.13,2.25
2012.04.10 11:06:10.866,0.81155,0.81161,1.13,2.63
2012.04.10 11:06:11.277,0.81155,0.81161,1.13,3.38
2012.04.10 11:06:12.444,0.81156,0.81162,1.50,3.00
2012.04.10 11:06:12.984,0.81156,0.81162,1.50,3.75
2012.04.10 11:06:13.518,0.81157,0.81162,1.13,1.50
2012.04.10 11:06:13.588,0.81157,0.81162,1.13,3.75
2012.04.10 11:06:13.655,0.81156,0.81162,1.50,3.00
2012.04.10 11:06:14.203,0.81153,0.81159,2.63,1.50
2012.04.10 11:06:15.409,0.81157,0.81163,1.13,2.25
2012.04.10 11:06:15.560,0.81154,0.81161,4.50,2.25
2012.04.10 11:06:15.907,0.81153,0.81158,1.13,1.50
2012.04.10 11:06:17.420,0.81157,0.81161,1.13,2.25
2012.04.10 11:06:17.956,0.81157,0.81162,1.13,1.50
2012.04.10 11:06:19.983,0.81157,0.81161,1.13,1.50
2012.04.10 11:06:21.349,0.81157,0.81162,1.13,1.50
2012.04.10 11:06:21.881,0.81157,0.81163,1.13,2.25
2012.04.10 11:06:28.639,0.81157,0.81163,1.13,2.25
2012.04.10 11:06:29.159,0.81157,0.81163,1.13,2.25
2012.04.10 11:06:29.850,0.81157,0.81163,1.13,2.25
2012.04.10 11:06:30.381,0.81157,0.81163,1.13,2.25
2012.04.10 11:06:37.623,0.81158,0.81164,1.50,4.50
2012.04.10 11:06:40.658,0.81158,0.81164,1.50,2.25
2012.04.10 11:06:41.207,0.81158,0.81164,2.63,2.25
2012.04.10 11:06:41.627,0.81158,0.81164,2.63,2.25
2012.04.10 11:06:42.183,0.81156,0.81162,1.50,2.25
2012.04.10 11:06:42.708,0.81158,0.81162,1.13,2.25
2012.04.10 11:06:43.215,0.81156,0.81162,1.50,2.25
2012.04.10 11:06:43.755,0.81158,0.81162,1.13,1.50
2012.04.10 11:06:46.172,0.81157,0.81162,1.13,1.50
2012.04.10 11:07:02.415,0.81156,0.81162,2.25,1.50
2012.04.10 11:07:02.865,0.81155,0.8116,1.13,1.50
2012.04.10 11:07:03.203,0.81152,0.81158,1.88,1.50
2012.04.10 11:07:03.941,0.81152,0.81157,1.50,1.88
2012.04.10 11:07:04.087,0.8115,0.81156,1.50,2.25
2012.04.10 11:07:04.298,0.81149,0.81153,1.13,1.50
2012.04.10 11:07:04.776,0.81149,0.81156,2.63,2.25
2012.04.10 11:07:05.593,0.81149,0.81155,2.63,2.25
2012.04.10 11:07:06.815,0.81149,0.81156,2.63,1.50
2012.04.10 11:07:07.413,0.8115,0.81156,1.50,1.50
2012.04.10 11:07:07.753,0.81149,0.81154,1.13,3.00
2012.04.10 11:07:09.185,0.81148,0.81154,1.50,4.13
2012.04.10 11:07:09.461,0.81146,0.81152,1.13,2.25
2012.04.10 11:07:09.620,0.81146,0.81152,1.13,9.23
2012.04.10 11:07:09.986,0.81144,0.8115,1.50,2.25
2012.04.10 11:07:10.124,0.81142,0.81148,1.50,1.50
2012.04.10 11:07:12.374,0.81143,0.8115,1.50,1.88
2012.04.10 11:07:13.315,0.81141,0.81149,2.63,2.63
2012.04.10 11:07:17.892,0.81141,0.81149,2.63,2.63
2012.04.10 11:07:18.572,0.81141,0.81149,2.63,2.63
2012.04.10 11:07:19.123,0.81141,0.81149,2.63,4.13
2012.04.10 11:07:19.639,0.81141,0.81149,3.38,2.25
2012.04.10 11:07:19.710,0.81143,0.81151,1.50,5.63
2012.04.10 11:07:20.132,0.81141,0.81149,2.63,1.50
2012.04.10 11:07:20.277,0.81143,0.81151,1.50,4.50
2012.04.10 11:07:20.632,0.81146,0.81151,1.50,1.50
2012.04.10 11:07:20.947,0.81141,0.81147,1.13,1.50
2012.04.10 11:07:21.669,0.81141,0.81146,1.13,1.50
2012.04.10 11:07:22.180,0.81141,0.81147,1.13,1.50
2012.04.10 11:07:23.351,0.8114,0.81146,1.13,1.50
2012.04.10 11:07:23.908,0.8114,0.81147,1.13,1.50
2012.04.10 11:07:24.972,0.8114,0.81147,1.13,2.25
2012.04.10 11:07:25.068,0.81138,0.81143,2.25,1.50
2012.04.10 11:07:25.209,0.8114,0.81146,2.63,1.88
2012.04.10 11:07:25.747,0.8114,0.81146,2.63,1.50
2012.04.10 11:07:26.124,0.81145,0.81149,1.13,2.63
2012.04.10 11:07:26.338,0.81142,0.81148,3.00,1.50
2012.04.10 11:07:26.406,0.81147,0.81152,1.50,1.13
2012.04.10 11:07:26.723,0.81147,0.81153,1.50,3.38
2012.04.10 11:07:27.254,0.81147,0.81153,1.50,4.13
2012.04.10 11:07:27.745,0.81145,0.8115,1.13,1.50
2012.04.10 11:07:40.266,0.81149,0.81153,1.13,1.13
2012.04.10 11:07:40.894,0.8115,0.81156,1.50,1.50
2012.04.10 11:07:46.954,0.8115,0.81155,2.25,1.35
2012.04.10 11:07:47.157,0.81149,0.81153,1.88,1.50
2012.04.10 11:07:47.376,0.8115,0.81156,1.50,1.50
2012.04.10 11:07:47.504,0.81149,0.81154,1.88,1.50
2012.04.10 11:07:47.697,0.8115,0.81156,1.50,1.50
2012.04.10 11:07:52.964,0.81151,0.81156,1.13,1.50
2012.04.10 11:08:01.237,0.8115,0.81156,1.50,1.50
2012.04.10 11:08:02.006,0.81149,0.81154,1.88,1.50
2012.04.10 11:08:03.305,0.81149,0.81154,1.13,1.50
2012.04.10 11:08:03.502,0.8115,0.81156,1.50,1.50
2012.04.10 11:08:09.237,0.81149,0.81155,1.13,1.50
2012.04.10 11:08:10.037,0.8115,0.81156,1.50,1.50
2012.04.10 11:08:10.860,0.8115,0.81157,1.50,1.88
2012.04.10 11:08:13.363,0.8115,0.81157,1.50,5.63
2012.04.10 11:08:13.707,0.81149,0.81153,1.13,1.50
2012.04.10 11:08:14.014,0.81149,0.81155,1.13,1.50
2012.04.10 11:08:14.542,0.81149,0.81155,1.13,3.75
2012.04.10 11:08:15.101,0.8115,0.81156,1.50,2.25
2012.04.10 11:08:15.930,0.8115,0.81155,1.50,2.25
2012.04.10 11:08:16.285,0.81143,0.81148,1.50,1.50
2012.04.10 11:08:16.793,0.81143,0.81148,1.50,1.50
2012.04.10 11:08:16.947,0.81145,0.81153,1.50,6.23
2012.04.10 11:08:21.724,0.81145,0.81153,1.50,5.85
2012.04.10 11:08:22.198,0.81148,0.81153,1.50,4.35
2012.04.10 11:08:22.338,0.81144,0.81152,1.50,1.50
2012.04.10 11:08:24.705,0.81144,0.81152,1.50,8.85
2012.04.10 11:08:25.217,0.81143,0.8115,1.13,2.85
2012.04.10 11:08:27.635,0.81143,0.8115,1.13,2.85
2012.04.10 11:08:27.988,0.81142,0.81146,1.50,1.88
2012.04.10 11:08:28.607,0.81138,0.81143,3.38,1.50
2012.04.10 11:08:28.901,0.81135,0.8114,1.50,1.50
2012.04.10 11:08:29.191,0.81138,0.81142,2.63,2.10
2012.04.10 11:08:29.861,0.81138,0.81143,2.63,2.25
2012.04.10 11:08:30.374,0.81138,0.81144,4.88,3.60
2012.04.10 11:08:31.017,0.81137,0.81142,1.50,2.25
2012.04.10 11:08:31.570,0.81138,0.81142,1.13,2.25
2012.04.10 11:08:35.345,0.81138,0.81143,1.13,1.13
2012.04.10 11:08:35.420,0.8114,0.81144,1.50,2.25
2012.04.10 11:08:35.706,0.81136,0.81141,1.50,1.50
2012.04.10 11:08:38.257,0.8113,0.81135,2.25,3.75
2012.04.10 11:08:38.397,0.81131,0.81135,1.50,9.38
2012.04.10 11:08:38.672,0.81121,0.81127,3.00,2.25
2012.04.10 11:08:38.968,0.81122,0.81127,1.88,1.50
2012.04.10 11:08:39.459,0.81122,0.81127,1.13,1.50
2012.04.10 11:08:41.195,0.81122,0.8113,2.63,3.75
2012.04.10 11:08:42.434,0.8112,0.81126,2.63,1.50
2012.04.10 11:08:43.146,0.81122,0.81127,2.63,1.50
2012.04.10 11:08:43.252,0.81117,0.81123,1.88,2.25
2012.04.10 11:08:43.331,0.81116,0.81121,1.13,1.50
2012.04.10 11:08:43.692,0.81118,0.81123,1.50,1.50
2012.04.10 11:08:44.115,0.81116,0.81123,1.13,1.50
2012.04.10 11:08:46.234,0.81118,0.81124,1.50,4.50
2012.04.10 11:08:47.323,0.81118,0.81124,1.50,3.75
2012.04.10 11:08:48.720,0.8112,0.81126,1.50,2.63
2012.04.10 11:08:49.242,0.8112,0.81126,1.50,4.88
2012.04.10 11:08:49.372,0.81118,0.81124,1.50,1.50
2012.04.10 11:08:50.519,0.8112,0.81126,1.50,2.63
2012.04.10 11:08:51.308,0.81121,0.81126,1.50,1.13
2012.04.10 11:08:51.672,0.81121,0.81129,1.50,2.63
2012.04.10 11:08:51.819,0.8112,0.81127,1.50,1.50
2012.04.10 11:08:52.509,0.81122,0.81128,1.50,1.50
2012.04.10 11:08:52.891,0.81124,0.8113,2.63,1.50
2012.04.10 11:08:53.522,0.81125,0.81131,1.50,3.98
2012.04.10 11:08:58.003,0.81124,0.81131,1.13,3.98
2012.04.10 11:09:02.619,0.81124,0.81128,1.13,1.50
2012.04.10 11:09:02.766,0.81122,0.81128,1.50,1.50
2012.04.10 11:09:03.257,0.8112,0.81127,2.25,1.50
2012.04.10 11:09:05.435,0.8112,0.81125,1.50,1.50
2012.04.10 11:09:06.016,0.8112,0.81125,4.35,1.50
2012.04.10 11:09:06.437,0.81125,0.8113,1.50,1.13
2012.04.10 11:09:06.775,0.81122,0.8113,4.88,2.63
2012.04.10 11:09:06.845,0.81122,0.8113,3.38,2.63
2012.04.10 11:09:06.985,0.81122,0.8113,3.38,2.63
2012.04.10 11:09:07.195,0.81122,0.8113,3.38,2.63
2012.04.10 11:09:07.938,0.81125,0.8113,1.50,1.13
2012.04.10 11:09:08.738,0.81125,0.81131,1.50,2.25
2012.04.10 11:09:12.975,0.81127,0.81131,1.13,1.50
2012.04.10 11:09:13.334,0.81127,0.81133,2.63,1.50
2012.04.10 11:09:13.967,0.81128,0.81136,2.25,5.25
2012.04.10 11:09:14.045,0.81128,0.81135,2.25,1.35
2012.04.10 11:09:14.595,0.81127,0.81133,2.63,1.50
2012.04.10 11:09:18.516,0.81127,0.81132,1.13,1.50
2012.04.10 11:09:19.146,0.81127,0.81133,2.63,3.38
2012.04.10 11:09:19.545,0.81127,0.81133,2.63,4.13
2012.04.10 11:09:20.351,0.81127,0.81133,2.63,3.38
2012.04.10 11:09:21.173,0.81127,0.81133,2.63,3.38
2012.04.10 11:09:21.250,0.81124,0.81132,1.50,2.25
2012.04.10 11:09:21.537,0.81125,0.8113,1.50,1.50
2012.04.10 11:09:21.821,0.81122,0.81127,1.13,1.50
2012.04.10 11:09:27.123,0.81124,0.8113,1.13,3.75
2012.04.10 11:09:27.257,0.81124,0.81129,1.13,1.50
2012.04.10 11:09:27.854,0.81124,0.81131,2.63,1.88
2012.04.10 11:09:31.903,0.81124,0.81131,2.63,1.13
2012.04.10 11:09:32.469,0.81124,0.81132,2.63,7.73
2012.04.10 11:09:40.155,0.81124,0.81132,2.63,7.73
2012.04.10 11:09:40.707,0.81125,0.81132,1.13,6.23
2012.04.10 11:09:41.594,0.81127,0.81132,1.50,3.23
2012.04.10 11:09:41.670,0.81125,0.81132,1.13,4.73
2012.04.10 11:09:42.272,0.81127,0.81133,1.50,2.85
2012.04.10 11:09:46.346,0.81125,0.81132,1.13,2.25
2012.04.10 11:10:04.833,0.81127,0.81132,1.13,2.25
2012.04.10 11:10:06.846,0.8113,0.81134,1.13,4.50
2012.04.10 11:10:07.276,0.8113,0.81136,1.13,1.13
2012.04.10 11:10:10.207,0.8113,0.81138,1.13,3.60
2012.04.10 11:10:11.227,0.81132,0.81142,2.48,1.50
2012.04.10 11:10:11.576,0.81139,0.81144,1.13,1.35
2012.04.10 11:10:11.779,0.81139,0.81144,1.13,1.73
2012.04.10 11:10:12.596,0.81139,0.81145,1.13,4.88
2012.04.10 11:10:17.747,0.81143,0.81147,1.13,3.38
2012.04.10 11:10:18.246,0.81143,0.81148,1.13,3.75
2012.04.10 11:10:18.339,0.81146,0.8115,1.13,1.50
2012.04.10 11:10:18.847,0.81147,0.81151,1.50,1.50
2012.04.10 11:10:19.492,0.81146,0.81152,1.13,4.88
2012.04.10 11:10:20.100,0.81146,0.81152,1.13,2.63
2012.04.10 11:10:20.707,0.81146,0.81152,1.13,2.63
2012.04.10 11:10:21.366,0.81146,0.81152,1.13,1.88
2012.04.10 11:10:22.416,0.81146,0.81152,1.13,2.63
2012.04.10 11:10:22.543,0.81146,0.81152,1.13,2.63
2012.04.10 11:10:26.384,0.81146,0.81152,2.63,2.63
2012.04.10 11:10:26.462,0.81146,0.81152,1.13,3.38
2012.04.10 11:10:28.402,0.81146,0.81152,1.13,4.13
2012.04.10 11:10:28.958,0.81146,0.81152,1.13,2.63
2012.04.10 11:10:29.566,0.81146,0.81152,1.13,4.13
2012.04.10 11:10:30.622,0.81146,0.81152,1.13,2.63
2012.04.10 11:10:31.195,0.81147,0.81152,1.13,3.38
2012.04.10 11:10:31.735,0.81147,0.81153,2.63,3.00
2012.04.10 11:10:32.316,0.8115,0.81154,1.13,1.88
2012.04.10 11:10:34.068,0.8115,0.81157,1.13,2.55
2012.04.10 11:10:34.805,0.8115,0.81157,1.13,3.38
2012.04.10 11:10:36.239,0.8115,0.81157,1.28,2.93
2012.04.10 11:10:37.243,0.8115,0.81157,1.28,3.38
2012.04.10 11:10:40.025,0.8115,0.81157,1.13,3.38
2012.04.10 11:10:52.689,0.8115,0.81157,1.13,1.88
2012.04.10 11:10:52.781,0.81153,0.81158,1.13,2.25
2012.04.10 11:10:59.147,0.81152,0.81158,1.13,1.13
2012.04.10 11:11:00.986,0.81149,0.81154,4.13,2.25
2012.04.10 11:11:04.408,0.81152,0.81156,1.13,2.25
2012.04.10 11:11:04.665,0.81152,0.81158,1.13,2.10
2012.04.10 11:11:05.404,0.81152,0.81157,1.13,1.50
2012.04.10 11:11:09.422,0.81152,0.81157,1.13,2.25
2012.04.10 11:11:09.650,0.8115,0.81156,2.63,1.50
2012.04.10 11:11:11.134,0.81152,0.81158,1.50,4.35
2012.04.10 11:11:12.020,0.81152,0.81158,1.50,4.35
2012.04.10 11:11:12.359,0.8115,0.81157,1.13,2.25
2012.04.10 11:11:13.095,0.8115,0.81156,1.13,1.35
2012.04.10 11:11:13.237,0.81149,0.81155,1.50,3.38
2012.04.10 11:11:13.590,0.81144,0.8115,7.88,1.50
2012.04.10 11:11:14.468,0.81148,0.81152,1.50,1.50
2012.04.10 11:11:14.974,0.81147,0.81151,1.13,1.50
2012.04.10 11:11:21.133,0.81147,0.81154,2.63,4.50
2012.04.10 11:11:22.143,0.81147,0.81152,1.13,1.50
2012.04.10 11:11:27.371,0.81147,0.81154,2.63,2.25
2012.04.10 11:11:27.719,0.81147,0.81152,1.13,1.50
2012.04.10 11:11:51.353,0.81147,0.81154,4.88,2.25
2012.04.10 11:11:55.124,0.81147,0.81151,4.88,1.50
2012.04.10 11:11:57.537,0.81145,0.81152,5.25,1.50
2012.04.10 11:11:58.222,0.81145,0.8115,1.13,1.50
2012.04.10 11:11:58.307,0.81143,0.81149,3.75,1.50
2012.04.10 11:11:58.882,0.81142,0.81149,4.13,1.50
2012.04.10 11:11:59.029,0.81142,0.81149,3.75,3.75
2012.04.10 11:11:59.099,0.81141,0.81147,1.13,2.25
2012.04.10 11:11:59.253,0.81138,0.81143,3.75,1.50
2012.04.10 11:11:59.596,0.81144,0.81149,3.75,2.25
2012.04.10 11:11:59.689,0.81147,0.81152,3.75,4.28
2012.04.10 11:11:59.767,0.81142,0.81151,4.88,1.28
2012.04.10 11:11:59.991,0.81148,0.81154,2.63,1.28
2012.04.10 11:12:00.212,0.8115,0.81156,1.50,2.63
2012.04.10 11:12:00.290,0.81152,0.81157,1.13,1.13
2012.04.10 11:12:00.368,0.81152,0.81158,1.13,1.50
2012.04.10 11:12:00.442,0.8115,0.81155,5.25,1.50
2012.04.10 11:12:00.661,0.81157,0.81161,1.13,1.88
2012.04.10 11:12:01.280,0.81157,0.81163,1.13,1.13
2012.04.10 11:12:01.794,0.81158,0.81164,1.50,1.50
2012.04.10 11:12:02.083,0.81156,0.81163,1.50,1.50
2012.04.10 11:12:02.589,0.81157,0.81163,1.13,2.25
2012.04.10 11:12:03.094,0.81154,0.81162,1.50,1.50
2012.04.10 11:12:03.744,0.81157,0.81162,1.13,2.25
2012.04.10 11:12:04.456,0.81156,0.81163,1.50,2.63
2012.04.10 11:12:04.993,0.81157,0.81162,1.13,1.50
2012.04.10 11:12:08.072,0.81155,0.81163,1.50,3.38
2012.04.10 11:12:08.583,0.81154,0.8116,1.13,1.50
2012.04.10 11:12:09.205,0.81153,0.81159,5.63,2.25
2012.04.10 11:12:10.136,0.81156,0.81161,1.13,2.25
2012.04.10 11:12:10.875,0.81156,0.81161,1.13,2.25
2012.04.10 11:12:11.225,0.81158,0.81163,1.50,3.00
2012.04.10 11:12:14.807,0.81158,0.81163,1.50,1.50
2012.04.10 11:12:15.292,0.81156,0.81163,6.38,1.50
2012.04.10 11:12:15.752,0.81155,0.81163,2.63,6.38
2012.04.10 11:12:15.904,0.81154,0.81162,1.88,1.50
2012.04.10 11:12:16.590,0.81155,0.8116,2.63,1.50
2012.04.10 11:12:18.107,0.81155,0.81161,2.63,1.50
2012.04.10 11:12:18.615,0.81155,0.81162,2.63,2.25
2012.04.10 11:12:20.431,0.81154,0.8116,1.88,1.50
2012.04.10 11:12:22.193,0.81155,0.81161,2.63,1.50
2012.04.10 11:12:22.704,0.81155,0.8116,2.63,1.50
2012.04.10 11:12:24.629,0.81155,0.81161,2.63,1.50
2012.04.10 11:12:25.753,0.81155,0.81161,4.13,1.50
2012.04.10 11:12:25.957,0.81158,0.81163,1.50,2.25
2012.04.10 11:12:28.192,0.81155,0.81163,2.63,2.25
2012.04.10 11:12:28.935,0.81155,0.81162,2.63,1.50
2012.04.10 11:12:32.125,0.81158,0.81163,1.50,2.25
2012.04.10 11:12:32.638,0.81157,0.81164,1.13,2.25
2012.04.10 11:12:33.203,0.81158,0.81163,1.50,1.50
2012.04.10 11:12:35.467,0.81158,0.81163,1.50,1.50
2012.04.10 11:12:41.482,0.81158,0.81163,1.50,1.50
2012.04.10 11:12:42.194,0.81158,0.81164,1.50,3.38
2012.04.10 11:12:42.890,0.81158,0.81164,1.50,2.63
2012.04.10 11:12:43.435,0.81157,0.81162,3.75,1.50
2012.04.10 11:12:43.953,0.81159,0.81165,1.13,1.50
2012.04.10 11:12:44.485,0.8116,0.81165,4.13,2.25
2012.04.10 11:12:50.578,0.8116,0.81166,5.63,2.25
2012.04.10 11:12:51.114,0.8116,0.81166,5.63,2.25
2012.04.10 11:12:51.653,0.8116,0.81166,5.63,2.25
2012.04.10 11:12:53.058,0.8116,0.81166,5.63,2.25
2012.04.10 11:12:53.619,0.8116,0.81166,5.63,2.25
2012.04.10 11:12:54.271,0.8116,0.81166,5.63,3.00
2012.04.10 11:12:54.418,0.81158,0.81165,3.75,1.50
2012.04.10 11:12:54.757,0.81158,0.81164,1.50,3.00
2012.04.10 11:12:55.267,0.81157,0.81162,2.25,1.50
2012.04.10 11:12:55.787,0.81158,0.81164,1.88,3.00
2012.04.10 11:12:56.495,0.81158,0.81164,1.88,2.25
2012.04.10 11:12:56.825,0.81158,0.81164,1.88,3.00
2012.04.10 11:12:57.901,0.81158,0.81163,1.88,1.50
2012.04.10 11:12:58.237,0.81157,0.81163,6.38,1.50
2012.04.10 11:12:58.513,0.81157,0.81163,6.75,1.50
2012.04.10 11:12:58.600,0.81157,0.81162,1.50,1.50
2012.04.10 11:13:01.136,0.81157,0.81165,4.50,4.88
2012.04.10 11:13:01.646,0.81159,0.81165,1.50,2.63
2012.04.10 11:13:02.190,0.81157,0.81162,1.50,1.50
2012.04.10 11:13:02.820,0.81157,0.81162,1.13,3.00
2012.04.10 11:13:03.331,0.81157,0.81162,1.50,2.25
2012.04.10 11:13:06.766,0.81159,0.81164,1.50,1.88
2012.04.10 11:13:07.434,0.81157,0.81163,1.88,2.25
2012.04.10 11:13:07.949,0.81156,0.81161,1.50,1.50
2012.04.10 11:13:08.754,0.81156,0.81163,2.63,1.50
2012.04.10 11:13:10.748,0.81156,0.81163,2.63,1.50
2012.04.10 11:13:11.302,0.81156,0.81163,2.63,1.88
2012.04.10 11:13:11.646,0.81156,0.8116,2.63,1.35
2012.04.10 11:13:12.172,0.81155,0.81161,1.50,1.13
2012.04.10 11:13:13.083,0.81154,0.81161,1.50,2.63
2012.04.10 11:13:13.638,0.81153,0.81161,4.13,2.63
2012.04.10 11:13:14.122,0.81152,0.81159,4.88,2.63
2012.04.10 11:13:14.436,0.81149,0.81155,1.88,1.88
2012.04.10 11:13:14.779,0.81146,0.8115,1.50,1.50
2012.04.10 11:13:15.335,0.81145,0.8115,1.88,1.50
2012.04.10 11:13:15.406,0.81147,0.81152,1.13,1.50
2012.04.10 11:13:22.736,0.81151,0.81157,1.50,1.88
2012.04.10 11:13:23.383,0.81149,0.81155,4.13,1.50
2012.04.10 11:13:44.819,0.81149,0.81154,1.13,1.50
2012.04.10 11:13:45.466,0.81148,0.81154,1.88,1.50
2012.04.10 11:13:46.066,0.81148,0.81155,1.13,2.63
2012.04.10 11:13:51.154,0.81149,0.81155,1.13,1.50
2012.04.10 11:14:11.764,0.81149,0.81153,1.13,1.50
2012.04.10 11:14:16.599,0.81146,0.81153,1.13,2.25
2012.04.10 11:14:16.667,0.81145,0.81152,7.50,1.13
2012.04.10 11:14:16.738,0.81145,0.8115,6.00,1.50
2012.04.10 11:14:17.212,0.81144,0.81148,1.13,1.50
2012.04.10 11:14:17.292,0.81144,0.81151,1.50,1.50
2012.04.10 11:14:17.858,0.81146,0.81152,1.50,1.13
2012.04.10 11:14:18.973,0.81144,0.8115,2.63,1.50
2012.04.10 11:14:24.544,0.81147,0.81153,1.13,1.50
2012.04.10 11:14:24.620,0.81147,0.81155,1.13,2.63
2012.04.10 11:14:24.896,0.81148,0.81155,1.50,1.13
2012.04.10 11:14:25.414,0.81147,0.81155,1.13,1.13
2012.04.10 11:14:30.903,0.81149,0.81154,1.13,1.50
2012.04.10 11:14:31.462,0.81149,0.81155,1.13,1.13
2012.04.10 11:14:33.265,0.81149,0.81154,1.13,1.50
2012.04.10 11:14:33.405,0.81146,0.81152,6.00,1.13
2012.04.10 11:14:33.748,0.81145,0.8115,1.13,1.50
2012.04.10 11:14:33.955,0.81145,0.81152,1.88,2.63
2012.04.10 11:14:35.514,0.81144,0.81152,7.13,2.63
2012.04.10 11:14:50.717,0.81148,0.81152,4.50,2.63
2012.04.10 11:14:50.927,0.81148,0.81154,4.88,1.50
2012.04.10 11:14:56.935,0.81148,0.81152,1.13,1.50
2012.04.10 11:14:57.206,0.81145,0.81152,3.75,1.50
2012.04.10 11:14:57.724,0.81145,0.81151,4.50,1.50
2012.04.10 11:15:05.747,0.81146,0.81153,2.25,1.13
2012.04.10 11:15:06.248,0.81149,0.81154,1.88,1.50
2012.04.10 11:15:06.796,0.8115,0.81156,1.50,3.38
2012.04.10 11:15:07.377,0.81149,0.81156,2.63,1.13
2012.04.10 11:15:10.834,0.81152,0.81157,1.13,2.25
2012.04.10 11:15:11.047,0.81152,0.81158,1.13,1.13
2012.04.10 11:15:11.521,0.81151,0.81156,1.50,1.13
2012.04.10 11:15:11.740,0.81148,0.81155,2.25,1.50
2012.04.10 11:15:12.299,0.81151,0.81156,1.50,1.13
2012.04.10 11:15:16.128,0.81152,0.81156,1.50,1.13
2012.04.10 11:15:16.554,0.8115,0.81156,1.50,1.13
2012.04.10 11:15:16.708,0.81146,0.81151,1.50,1.13
2012.04.10 11:15:17.062,0.81149,0.81154,1.13,2.25
2012.04.10 11:15:22.975,0.81148,0.81154,1.50,2.25
2012.04.10 11:15:28.687,0.8115,0.81155,1.50,1.88
2012.04.10 11:15:28.769,0.81151,0.81156,1.13,3.00
2012.04.10 11:15:29.305,0.81153,0.81157,1.50,1.13
2012.04.10 11:15:29.829,0.81152,0.81157,1.50,1.13
2012.04.10 11:15:35.395,0.81154,0.81158,1.13,1.88
2012.04.10 11:15:35.747,0.81155,0.81162,1.50,2.63
2012.04.10 11:15:35.817,0.81154,0.81162,3.00,3.38
2012.04.10 11:15:35.956,0.81155,0.81162,1.50,4.50
2012.04.10 11:15:36.355,0.81157,0.81162,1.50,3.00
2012.04.10 11:15:36.548,0.81157,0.81162,1.50,2.25
2012.04.10 11:15:40.414,0.81154,0.8116,1.50,1.13
2012.04.10 11:15:40.634,0.81152,0.8116,4.88,2.63
2012.04.10 11:15:41.716,0.81154,0.8116,1.50,1.13
2012.04.10 11:15:46.819,0.81155,0.81161,1.13,1.88
2012.04.10 11:15:47.338,0.81155,0.81161,1.13,1.88
2012.04.10 11:15:48.206,0.81155,0.81161,1.13,1.88
2012.04.10 11:15:48.738,0.81155,0.8116,1.13,1.50
2012.04.10 11:15:49.092,0.81151,0.81155,3.75,1.50
2012.04.10 11:15:49.499,0.81146,0.8115,1.88,1.50
2012.04.10 11:15:49.838,0.81146,0.81152,7.13,1.50
2012.04.10 11:15:49.975,0.8115,0.81154,1.13,1.50
2012.04.10 11:15:50.535,0.81146,0.81152,1.88,1.50
2012.04.10 11:15:51.052,0.81147,0.81152,1.50,1.50
2012.04.10 11:15:51.698,0.81148,0.81153,1.50,1.13
2012.04.10 11:16:14.703,0.81146,0.81153,1.88,2.63
2012.04.10 11:16:18.537,0.81147,0.81155,2.63,3.38
2012.04.10 11:16:19.439,0.81147,0.81155,2.63,2.63
2012.04.10 11:16:28.355,0.81148,0.81155,1.13,1.50
2012.04.10 11:16:32.075,0.81149,0.81156,1.50,1.88
2012.04.10 11:16:38.314,0.8115,0.81156,1.13,1.13
2012.04.10 11:17:01.443,0.81152,0.81156,1.50,1.13
2012.04.10 11:17:01.795,0.81154,0.81159,1.50,1.13
2012.04.10 11:17:01.874,0.81152,0.81156,1.50,1.13
2012.04.10 11:17:05.834,0.81152,0.81158,1.50,2.25
2012.04.10 11:17:16.853,0.81153,0.81158,1.13,1.50
2012.04.10 11:17:17.358,0.81155,0.8116,1.13,1.88
2012.04.10 11:17:17.904,0.81155,0.8116,2.25,1.50
2012.04.10 11:17:18.045,0.81155,0.81163,5.25,3.75
2012.04.10 11:17:18.189,0.81157,0.81163,1.50,2.25
2012.04.10 11:17:18.579,0.8116,0.81164,1.50,1.50
2012.04.10 11:17:18.670,0.81156,0.81163,1.50,2.25
2012.04.10 11:17:18.876,0.81158,0.81163,1.50,2.63
2012.04.10 11:17:20.177,0.81157,0.81163,1.50,4.13
2012.04.10 11:17:20.384,0.81155,0.81161,1.13,1.50
2012.04.10 11:17:21.800,0.81155,0.81162,2.63,1.13
2012.04.10 11:17:22.092,0.81155,0.81162,2.63,6.23
2012.04.10 11:17:27.647,0.81153,0.8116,1.13,2.25
2012.04.10 11:17:27.859,0.81151,0.81157,1.13,1.13
2012.04.10 11:17:28.190,0.81151,0.81155,1.13,1.50
2012.04.10 11:17:28.705,0.81151,0.81157,1.13,1.88
2012.04.10 11:17:37.630,0.81151,0.81158,1.13,2.25
2012.04.10 11:17:41.325,0.81151,0.81155,1.13,1.50
2012.04.10 11:17:41.806,0.81147,0.81153,2.63,1.50
2012.04.10 11:17:42.094,0.81151,0.81156,1.13,2.25
2012.04.10 11:17:43.016,0.81149,0.81155,1.13,1.13
2012.04.10 11:17:43.565,0.81149,0.81154,1.13,2.25
2012.04.10 11:17:43.945,0.81146,0.81152,1.50,1.50
2012.04.10 11:17:44.540,0.81149,0.81153,1.13,1.50
2012.04.10 11:17:48.029,0.8115,0.81155,1.13,1.50
2012.04.10 11:17:48.100,0.8115,0.81155,1.13,1.50
2012.04.10 11:17:48.248,0.81152,0.81158,1.50,6.00
2012.04.10 11:17:48.749,0.81152,0.81158,1.50,3.00
2012.04.10 11:17:48.815,0.8115,0.81157,1.13,1.88
2012.04.10 11:17:53.306,0.81151,0.81157,1.88,1.50
2012.04.10 11:17:53.565,0.81151,0.81159,3.38,2.63
2012.04.10 11:17:54.227,0.81154,0.81159,1.50,1.13
2012.04.10 11:17:59.582,0.81155,0.8116,1.13,1.50
2012.04.10 11:18:00.157,0.81157,0.81161,1.50,1.13
2012.04.10 11:18:00.511,0.81159,0.81165,4.13,2.63
2012.04.10 11:18:00.866,0.81162,0.81166,1.13,1.50
2012.04.10 11:18:00.939,0.81162,0.81168,2.63,1.13
2012.04.10 11:18:02.548,0.81162,0.81166,1.13,1.50
2012.04.10 11:18:03.086,0.81159,0.81165,4.13,1.50
2012.04.10 11:18:05.120,0.81162,0.81168,1.13,2.63
2012.04.10 11:18:13.770,0.81161,0.81167,1.88,1.13
2012.04.10 11:18:13.909,0.81161,0.81165,1.88,1.50
2012.04.10 11:18:14.597,0.81161,0.81167,3.38,2.63
2012.04.10 11:18:31.943,0.81161,0.81166,1.88,1.50
2012.04.10 11:18:32.949,0.81161,0.81167,1.88,1.13
2012.04.10 11:18:35.709,0.81167,0.81172,1.13,2.18
2012.04.10 11:18:36.075,0.81171,0.81176,1.13,2.40
2012.04.10 11:18:36.156,0.81171,0.81178,2.63,1.80
2012.04.10 11:18:36.370,0.81176,0.81182,1.13,3.00
2012.04.10 11:18:36.804,0.81179,0.81184,1.13,6.60
2012.04.10 11:18:37.343,0.81179,0.81184,1.13,1.50
2012.04.10 11:18:40.571,0.81179,0.81184,1.13,2.25
2012.04.10 11:18:40.718,0.81175,0.8118,1.50,1.13
2012.04.10 11:18:40.790,0.81172,0.81179,3.38,1.50
2012.04.10 11:18:41.317,0.81173,0.8118,1.50,3.38
2012.04.10 11:18:44.027,0.81173,0.8118,1.50,1.88
2012.04.10 11:18:44.094,0.81171,0.81176,3.00,1.13
2012.04.10 11:18:44.447,0.8117,0.81175,1.13,1.50
2012.04.10 11:18:44.820,0.81167,0.81171,1.50,1.50
2012.04.10 11:18:44.958,0.81167,0.81173,1.50,1.50
2012.04.10 11:18:53.364,0.81167,0.81172,1.50,1.13
2012.04.10 11:18:53.862,0.81167,0.81172,1.50,1.88
2012.04.10 11:18:54.784,0.81167,0.81172,1.50,1.88
2012.04.10 11:18:57.375,0.81167,0.81172,1.50,1.88
2012.04.10 11:18:57.937,0.81167,0.81172,1.50,1.13
2012.04.10 11:18:58.619,0.81167,0.81173,1.50,2.25
2012.04.10 11:18:59.480,0.81167,0.81173,1.50,3.00
2012.04.10 11:19:02.221,0.81167,0.81173,1.50,2.25
2012.04.10 11:19:12.337,0.81167,0.81173,1.50,2.25
2012.04.10 11:19:12.871,0.81167,0.81173,1.50,2.25
2012.04.10 11:19:13.465,0.81166,0.81171,1.13,2.25
2012.04.10 11:19:14.255,0.81167,0.81173,1.50,1.50
2012.04.10 11:19:14.788,0.81168,0.81174,1.50,1.13
2012.04.10 11:19:14.928,0.81166,0.81174,2.63,2.63
2012.04.10 11:19:19.168,0.81166,0.81174,3.38,3.38
2012.04.10 11:19:19.995,0.81166,0.81174,4.13,3.38
2012.04.10 11:19:20.615,0.81166,0.81174,3.38,4.13
2012.04.10 11:19:24.717,0.81166,0.81174,3.38,3.38
2012.04.10 11:19:25.223,0.81166,0.81174,3.38,4.13
2012.04.10 11:19:28.654,0.81166,0.81174,3.38,3.38
2012.04.10 11:19:29.437,0.81167,0.81174,1.50,2.63
2012.04.10 11:19:29.777,0.81169,0.81175,1.13,1.13
2012.04.10 11:19:35.007,0.81168,0.81175,2.25,1.13
2012.04.10 11:19:36.463,0.81167,0.81173,3.38,1.50
2012.04.10 11:19:37.444,0.81167,0.81173,3.38,1.50
2012.04.10 11:19:38.003,0.81167,0.81172,1.13,3.75
2012.04.10 11:19:41.588,0.81166,0.81172,1.13,3.38
2012.04.10 11:19:42.107,0.81166,0.81171,1.13,2.10
2012.04.10 11:19:42.627,0.81166,0.81171,1.13,2.10
2012.04.10 11:19:43.168,0.81166,0.81172,1.13,4.13
2012.04.10 11:19:43.847,0.81166,0.81172,1.13,1.88
2012.04.10 11:19:50.754,0.81166,0.81172,1.88,3.00
2012.04.10 11:19:51.441,0.81166,0.81172,1.88,3.00
2012.04.10 11:19:56.076,0.81165,0.81171,1.88,1.13
2012.04.10 11:19:56.665,0.81166,0.81171,1.50,1.13
2012.04.10 11:19:57.240,0.81166,0.81171,1.50,2.25
2012.04.10 11:19:57.987,0.81165,0.81171,1.88,2.63
2012.04.10 11:19:58.494,0.81166,0.81171,1.50,1.13
2012.04.10 11:19:58.969,0.81165,0.81169,1.13,1.50
2012.04.10 11:19:59.562,0.81165,0.81171,1.88,1.88
2012.04.10 11:19:59.715,0.81167,0.81171,1.50,1.88
2012.04.10 11:20:00.186,0.8117,0.81175,1.50,1.88
2012.04.10 11:20:00.439,0.81168,0.81175,1.50,2.25
2012.04.10 11:20:00.944,0.81167,0.81171,1.50,1.13
2012.04.10 11:20:05.404,0.81167,0.81173,2.63,1.13
2012.04.10 11:20:21.605,0.81167,0.81173,1.13,5.48
2012.04.10 11:20:21.799,0.81164,0.81168,1.13,2.10
2012.04.10 11:20:21.867,0.81161,0.81167,3.00,1.13
2012.04.10 11:20:22.009,0.81159,0.81163,1.50,1.13
2012.04.10 11:20:22.308,0.81155,0.81159,2.67,1.13
2012.04.10 11:20:22.678,0.8115,0.81156,1.50,1.13
2012.04.10 11:20:22.808,0.81148,0.81154,1.13,1.13
2012.04.10 11:20:22.884,0.81147,0.81154,3.75,2.48
2012.04.10 11:20:23.025,0.81144,0.81149,1.88,1.13
2012.04.10 11:20:23.570,0.81144,0.81149,1.13,1.13
2012.04.10 11:20:24.485,0.81141,0.81149,3.75,1.13
2012.04.10 11:20:25.036,0.81142,0.81149,1.13,1.88
2012.04.10 11:20:26.502,0.81141,0.81149,2.63,1.13
2012.04.10 11:20:26.650,0.8114,0.81144,3.38,1.13
2012.04.10 11:20:26.929,0.81138,0.81143,1.13,1.50
2012.04.10 11:20:27.060,0.81135,0.81139,2.25,1.50
2012.04.10 11:20:27.684,0.81138,0.81142,1.13,1.50
2012.04.10 11:20:27.755,0.81138,0.81144,1.13,3.38
2012.04.10 11:20:31.595,0.81138,0.81144,1.13,3.38
2012.04.10 11:20:31.667,0.81136,0.81141,1.88,1.13
2012.04.10 11:20:31.878,0.81135,0.81141,1.50,2.63
2012.04.10 11:20:32.086,0.81133,0.8114,1.88,1.50
2012.04.10 11:20:33.339,0.81133,0.81139,1.13,1.50
2012.04.10 11:20:33.407,0.8113,0.81136,2.63,1.13
2012.04.10 11:20:33.911,0.8113,0.81135,1.13,1.50
2012.04.10 11:20:34.449,0.81127,0.81132,2.25,1.13
2012.04.10 11:20:34.958,0.81124,0.81132,5.25,2.63
2012.04.10 11:20:35.548,0.81125,0.81132,2.25,2.63
2012.04.10 11:20:39.555,0.81126,0.81132,2.63,1.13
2012.04.10 11:20:40.381,0.81128,0.81134,1.13,2.63
2012.04.10 11:20:40.463,0.81137,0.81141,1.43,2.63
2012.04.10 11:20:40.545,0.81133,0.81137,2.25,1.50
2012.04.10 11:20:40.625,0.81141,0.81145,1.13,6.38
2012.04.10 11:20:40.704,0.81141,0.81147,1.88,2.63
2012.04.10 11:20:40.928,0.81144,0.81149,1.50,1.50
2012.04.10 11:20:41.285,0.81142,0.81147,2.25,1.13
2012.04.10 11:20:41.636,0.81143,0.81147,1.50,1.13
2012.04.10 11:20:42.178,0.81141,0.81147,3.38,1.13
2012.04.10 11:20:43.007,0.81141,0.81147,3.38,1.13
2012.04.10 11:20:45.674,0.81142,0.81149,1.13,1.88
2012.04.10 11:20:54.244,0.81142,0.81149,1.88,1.88
2012.04.10 11:20:55.165,0.81142,0.81149,1.13,1.88
2012.04.10 11:20:57.797,0.81143,0.8115,1.50,3.38
2012.04.10 11:20:59.111,0.81139,0.81144,1.88,2.85
2012.04.10 11:20:59.399,0.81135,0.81141,2.63,1.50
2012.04.10 11:20:59.608,0.81135,0.81139,1.50,1.13
2012.04.10 11:21:00.127,0.81134,0.81139,1.13,2.63
2012.04.10 11:21:02.565,0.81135,0.81139,1.50,1.13
2012.04.10 11:21:13.405,0.81135,0.81141,1.50,2.63
2012.04.10 11:21:13.661,0.81137,0.81141,1.50,1.13
2012.04.10 11:21:13.871,0.81137,0.81143,1.50,1.50
2012.04.10 11:21:14.092,0.81139,0.81144,1.50,1.50
2012.04.10 11:21:14.425,0.81137,0.81144,2.25,1.13
2012.04.10 11:21:18.656,0.81137,0.81144,2.25,1.13
2012.04.10 11:21:23.294,0.81138,0.81144,2.63,1.13
2012.04.10 11:21:24.099,0.8114,0.81144,1.50,1.13
2012.04.10 11:21:25.980,0.81138,0.81144,5.25,1.13
2012.04.10 11:21:26.520,0.81138,0.81144,3.75,1.13
2012.04.10 11:21:26.775,0.81138,0.81144,4.50,1.13
2012.04.10 11:21:28.323,0.81135,0.81141,1.13,1.13
2012.04.10 11:21:28.682,0.81132,0.81137,1.88,1.13
2012.04.10 11:21:29.224,0.81132,0.81137,1.13,1.13
2012.04.10 11:21:31.172,0.81131,0.81136,3.00,2.10
2012.04.10 11:21:31.459,0.81131,0.81137,1.13,1.13
2012.04.10 11:21:31.528,0.81127,0.81134,3.00,1.13
2012.04.10 11:21:31.667,0.81126,0.81134,8.48,1.13
2012.04.10 11:21:31.736,0.81127,0.81134,1.13,1.13
2012.04.10 11:21:32.148,0.8113,0.81136,1.88,1.50
2012.04.10 11:21:32.302,0.8113,0.81136,3.38,1.50
2012.04.10 11:21:32.837,0.8113,0.81136,3.38,1.50
2012.04.10 11:21:33.869,0.8113,0.81135,3.38,3.00
2012.04.10 11:21:34.147,0.81127,0.81133,1.50,1.50
2012.04.10 11:21:34.464,0.81127,0.81131,1.13,1.50
2012.04.10 11:21:34.536,0.81127,0.81133,2.63,1.50
2012.04.10 11:21:34.666,0.8113,0.81135,1.13,1.50
2012.04.10 11:21:38.867,0.81127,0.81135,3.75,2.63
2012.04.10 11:21:39.423,0.81127,0.81132,1.50,1.50
2012.04.10 11:21:40.168,0.81127,0.81132,2.25,1.50
2012.04.10 11:21:44.215,0.81127,0.81132,2.25,1.50
2012.04.10 11:21:49.447,0.81128,0.81132,1.50,1.50
2012.04.10 11:21:49.939,0.81131,0.81135,1.13,1.50
2012.04.10 11:21:50.015,0.81131,0.81137,1.13,1.88
2012.04.10 11:21:50.994,0.81132,0.81137,1.13,1.50
2012.04.10 11:21:54.471,0.81132,0.81138,2.63,1.50
2012.04.10 11:21:55.488,0.8113,0.81135,1.50,1.50
2012.04.10 11:21:55.895,0.81131,0.81137,1.50,3.00
2012.04.10 11:21:59.827,0.8113,0.81138,4.50,1.50
2012.04.10 11:22:01.495,0.81132,0.81138,1.13,1.50
2012.04.10 11:22:01.805,0.81132,0.8114,2.63,2.25
2012.04.10 11:22:01.949,0.81134,0.81142,1.50,6.75
2012.04.10 11:22:02.476,0.81134,0.81142,1.50,4.50
2012.04.10 11:22:03.395,0.81136,0.81142,1.13,2.63
2012.04.10 11:22:03.866,0.81137,0.81145,3.00,2.63
2012.04.10 11:22:04.239,0.81143,0.81148,1.50,2.25
2012.04.10 11:22:04.715,0.8114,0.81146,1.50,1.13
2012.04.10 11:22:05.218,0.81139,0.81146,2.25,1.13
2012.04.10 11:22:05.767,0.81138,0.81144,4.13,1.50
2012.04.10 11:22:14.266,0.81139,0.81147,4.13,2.63
2012.04.10 11:22:14.336,0.81141,0.81147,2.25,1.13
2012.04.10 11:22:16.507,0.81141,0.81147,2.25,1.13
2012.04.10 11:22:17.676,0.81141,0.81149,1.50,3.38
2012.04.10 11:22:17.824,0.8114,0.81146,3.75,1.50
2012.04.10 11:22:18.950,0.81139,0.81145,1.50,1.50
2012.04.10 11:22:19.300,0.81137,0.81143,1.50,1.50
2012.04.10 11:22:19.637,0.81137,0.81142,1.50,1.50
2012.04.10 11:22:19.708,0.81137,0.81144,1.50,2.25
2012.04.10 11:22:20.302,0.81138,0.81145,2.25,1.13
2012.04.10 11:22:20.848,0.81141,0.81145,1.50,1.13
2012.04.10 11:22:20.918,0.81139,0.81145,1.88,2.63
2012.04.10 11:22:22.091,0.81137,0.81143,1.50,1.50
2012.04.10 11:22:22.595,0.81137,0.81143,1.50,1.50
2012.04.10 11:22:23.029,0.81135,0.8114,1.13,1.50
2012.04.10 11:22:23.431,0.81138,0.81144,1.50,2.25
2012.04.10 11:22:24.170,0.81138,0.81144,3.38,1.50
2012.04.10 11:22:24.696,0.8114,0.81146,1.88,1.50
2012.04.10 11:22:25.929,0.81138,0.81144,3.00,1.50
2012.04.10 11:22:25.999,0.81138,0.81144,2.63,1.50
2012.04.10 11:22:26.141,0.81136,0.81141,2.63,1.50
2012.04.10 11:22:26.761,0.81138,0.81144,1.13,1.50
2012.04.10 11:22:27.439,0.81139,0.81145,1.50,1.50
2012.04.10 11:22:27.997,0.81138,0.81144,1.13,1.50
2012.04.10 11:22:28.516,0.81138,0.81143,1.13,1.50
2012.04.10 11:22:29.041,0.8114,0.81146,1.50,2.25
2012.04.10 11:22:29.128,0.81138,0.81142,1.88,1.50
2012.04.10 11:22:29.636,0.81137,0.81142,2.63,1.50
2012.04.10 11:22:31.258,0.81138,0.81142,1.13,1.50
2012.04.10 11:22:32.376,0.81138,0.81144,1.88,2.25
2012.04.10 11:22:32.804,0.81141,0.81145,2.25,1.13
2012.04.10 11:22:32.914,0.81136,0.81141,1.50,1.50
2012.04.10 11:22:33.732,0.81138,0.81143,1.88,1.50
2012.04.10 11:22:40.590,0.81138,0.81145,2.63,1.13
2012.04.10 11:22:41.220,0.81138,0.81144,1.13,1.50
2012.04.10 11:22:51.060,0.81138,0.81145,3.38,1.13
2012.04.10 11:23:00.910,0.81139,0.81145,1.50,1.13
2012.04.10 11:23:01.258,0.81143,0.81147,1.50,1.50
2012.04.10 11:23:01.746,0.81143,0.81149,1.50,3.38
2012.04.10 11:23:01.872,0.81146,0.8115,1.13,1.13
2012.04.10 11:23:02.040,0.81146,0.81152,1.13,1.50
2012.04.10 11:23:02.138,0.8115,0.81154,1.13,2.18
2012.04.10 11:23:02.224,0.8115,0.81156,3.38,2.25
2012.04.10 11:23:02.308,0.8115,0.81156,3.38,1.88
2012.04.10 11:23:02.382,0.81154,0.81158,1.50,2.63
2012.04.10 11:23:02.819,0.81153,0.81157,1.50,1.88
2012.04.10 11:23:02.914,0.81154,0.81159,1.50,3.38
2012.04.10 11:23:03.438,0.8115,0.81157,2.63,1.13
2012.04.10 11:23:04.267,0.8115,0.81156,1.13,1.50
2012.04.10 11:23:04.784,0.8115,0.81157,2.63,1.13
2012.04.10 11:23:05.059,0.81154,0.81158,1.13,2.25
2012.04.10 11:23:05.347,0.81154,0.8116,1.88,2.25
2012.04.10 11:23:05.833,0.81154,0.81162,1.50,4.13
2012.04.10 11:23:05.911,0.81156,0.81162,1.13,4.13
2012.04.10 11:23:06.372,0.81159,0.81164,1.50,2.18
2012.04.10 11:23:06.900,0.81156,0.81164,2.63,3.68
2012.04.10 11:23:09.117,0.81156,0.81164,2.63,3.30
2012.04.10 11:23:12.134,0.81156,0.81164,2.25,4.43
2012.04.10 11:23:12.905,0.81156,0.81164,2.25,4.13
2012.04.10 11:23:13.316,0.81155,0.81163,4.13,2.25
2012.04.10 11:23:13.646,0.81155,0.81162,2.63,1.50
2012.04.10 11:23:13.988,0.81151,0.81157,1.88,1.13
2012.04.10 11:23:14.274,0.8115,0.81157,1.88,2.63
2012.04.10 11:23:14.779,0.81151,0.81157,1.13,1.50
2012.04.10 11:23:25.196,0.81151,0.81157,1.13,2.25
2012.04.10 11:23:25.286,0.81148,0.81154,3.38,1.50
2012.04.10 11:23:25.643,0.81146,0.81151,1.88,1.50
2012.04.10 11:23:26.199,0.81145,0.81151,2.63,1.50
2012.04.10 11:23:26.987,0.81147,0.81154,1.50,1.50
2012.04.10 11:23:28.620,0.81147,0.81154,2.25,1.50
2012.04.10 11:23:29.306,0.81149,0.81155,1.50,2.63
2012.04.10 11:23:32.333,0.81146,0.81151,3.38,1.13
2012.04.10 11:23:32.725,0.81143,0.8115,2.63,1.50
2012.04.10 11:23:32.804,0.81143,0.8115,2.25,1.50
2012.04.10 11:23:33.351,0.81144,0.81151,2.63,2.63
2012.04.10 11:23:33.854,0.8114,0.81144,2.25,1.13
2012.04.10 11:23:34.001,0.81142,0.81146,1.50,2.25
2012.04.10 11:23:34.376,0.81139,0.81144,1.50,2.63
2012.04.10 11:23:34.471,0.81138,0.81142,1.13,1.50
2012.04.10 11:23:34.865,0.81138,0.81144,2.63,2.63
2012.04.10 11:23:37.635,0.81138,0.81144,2.63,3.38
2012.04.10 11:23:40.698,0.81137,0.81143,1.13,3.38
2012.04.10 11:23:41.736,0.81138,0.81143,1.50,2.63
2012.04.10 11:23:43.109,0.81137,0.81143,1.13,3.38
2012.04.10 11:23:51.917,0.81137,0.81143,1.13,2.25
2012.04.10 11:23:57.366,0.81135,0.81143,2.63,6.23
2012.04.10 11:24:08.953,0.81135,0.81141,2.63,1.50
2012.04.10 11:24:09.296,0.81132,0.81138,3.38,1.50
2012.04.10 11:24:10.073,0.81135,0.81141,1.13,3.38
2012.04.10 11:24:13.565,0.81134,0.81141,1.13,3.38
2012.04.10 11:24:16.755,0.81135,0.81142,1.50,4.88
2012.04.10 11:24:21.224,0.81137,0.81143,1.13,5.48
2012.04.10 11:24:21.442,0.81138,0.81144,1.50,2.55
2012.04.10 11:24:21.975,0.81137,0.81142,1.13,1.50
2012.04.10 11:24:25.938,0.81134,0.8114,1.88,1.50
2012.04.10 11:24:26.842,0.81137,0.81142,1.13,2.63
2012.04.10 11:24:27.345,0.81136,0.81142,1.13,2.25
2012.04.10 11:24:28.886,0.81136,0.81141,1.13,1.50
2012.04.10 11:24:35.596,0.81136,0.81142,2.63,2.25
2012.04.10 11:24:36.178,0.81136,0.81141,1.88,1.50
2012.04.10 11:24:49.088,0.81135,0.81141,1.88,2.63
2012.04.10 11:25:04.797,0.81135,0.81141,1.13,3.38
2012.04.10 11:25:04.940,0.81133,0.8114,1.88,2.55
2012.04.10 11:25:05.150,0.81132,0.81138,3.38,2.25
2012.04.10 11:25:05.607,0.81133,0.8114,1.50,1.88
2012.04.10 11:25:06.116,0.81132,0.81139,1.50,1.50
2012.04.10 11:25:10.296,0.81131,0.81137,4.50,1.13
2012.04.10 11:25:10.862,0.81132,0.81136,1.13,1.50
2012.04.10 11:25:11.655,0.81131,0.81137,4.50,1.13
2012.04.10 11:25:13.030,0.81131,0.81135,1.13,1.50
2012.04.10 11:25:13.376,0.81126,0.81133,6.00,1.50
2012.04.10 11:25:13.940,0.81128,0.81134,1.50,1.50
2012.04.10 11:25:15.973,0.81128,0.81134,2.63,3.38
2012.04.10 11:25:16.202,0.81127,0.81134,1.88,1.43
2012.04.10 11:25:16.359,0.81127,0.81132,3.38,1.43
2012.04.10 11:25:16.511,0.81125,0.81131,1.88,2.55
2012.04.10 11:25:16.917,0.8112,0.81125,5.25,1.13
2012.04.10 11:25:17.060,0.81118,0.81124,1.50,1.50
2012.04.10 11:25:17.132,0.81115,0.81119,6.30,1.13
2012.04.10 11:25:17.889,0.81113,0.81118,1.50,1.50
2012.04.10 11:25:18.416,0.81113,0.81119,3.00,1.13
2012.04.10 11:25:19.646,0.81116,0.81122,1.50,2.63
2012.04.10 11:25:21.326,0.81117,0.81124,1.50,3.38
2012.04.10 11:25:21.469,0.81117,0.81125,2.63,3.75
2012.04.10 11:25:21.538,0.8112,0.81125,1.50,2.25
2012.04.10 11:25:21.746,0.81118,0.81124,3.00,2.25
2012.04.10 11:25:22.920,0.81118,0.81124,1.50,2.25
2012.04.10 11:25:23.138,0.81119,0.81126,1.50,1.13
2012.04.10 11:25:23.208,0.81119,0.81125,1.50,1.50
2012.04.10 11:25:23.728,0.81118,0.81124,1.50,1.50
2012.04.10 11:25:24.076,0.8112,0.81126,2.25,1.50
2012.04.10 11:25:24.981,0.81122,0.81127,1.50,1.13
2012.04.10 11:25:25.550,0.81122,0.81128,1.50,1.50
2012.04.10 11:25:26.397,0.81124,0.8113,1.50,2.63
2012.04.10 11:25:28.379,0.81121,0.81129,1.50,1.50
2012.04.10 11:25:30.285,0.81121,0.81126,1.50,2.85
2012.04.10 11:25:30.561,0.81116,0.81123,1.50,1.50
2012.04.10 11:25:30.907,0.81117,0.81125,6.23,3.00
2012.04.10 11:25:30.991,0.81117,0.81122,1.50,1.50
2012.04.10 11:25:31.630,0.81118,0.81124,1.50,1.50
2012.04.10 11:25:32.145,0.81118,0.81124,1.50,2.25
2012.04.10 11:25:32.425,0.81115,0.81122,1.50,1.88
2012.04.10 11:25:32.709,0.81114,0.8112,2.63,1.50
2012.04.10 11:25:33.283,0.81116,0.81122,1.50,4.13
2012.04.10 11:25:38.705,0.81114,0.81121,1.13,1.50
2012.04.10 11:25:41.089,0.81115,0.81122,1.50,1.88
2012.04.10 11:25:42.126,0.81118,0.81122,1.50,1.13
2012.04.10 11:25:44.205,0.81118,0.81123,1.50,3.75
2012.04.10 11:25:55.856,0.81118,0.81122,1.50,1.50
2012.04.10 11:25:56.327,0.81116,0.81122,2.63,2.25
2012.04.10 11:25:57.069,0.81117,0.81123,1.50,3.75
2012.04.10 11:25:57.605,0.81117,0.81123,1.50,3.00
2012.04.10 11:25:58.077,0.8112,0.81125,1.50,1.43
2012.04.10 11:25:58.162,0.81118,0.81123,1.50,1.13
2012.04.10 11:25:58.517,0.81116,0.81123,1.13,2.63
2012.04.10 11:25:58.906,0.81118,0.81123,1.50,1.13
2012.04.10 11:26:06.358,0.81118,0.81124,1.50,1.50
2012.04.10 11:26:07.551,0.81119,0.81126,1.50,1.13
2012.04.10 11:26:11.142,0.81117,0.81125,3.38,1.50
2012.04.10 11:26:11.458,0.81121,0.81126,1.50,1.88
2012.04.10 11:26:11.609,0.81119,0.81125,1.50,1.88
2012.04.10 11:26:15.845,0.81122,0.81128,1.50,1.50
2012.04.10 11:26:16.375,0.81123,0.81129,1.50,1.88
2012.04.10 11:26:16.889,0.81122,0.81128,1.50,3.00
2012.04.10 11:26:21.554,0.81122,0.81127,1.50,1.13
2012.04.10 11:26:28.978,0.8112,0.81127,2.63,2.63
2012.04.10 11:26:32.075,0.81122,0.81127,1.50,1.88
2012.04.10 11:26:32.405,0.81119,0.81125,1.88,1.13
2012.04.10 11:26:45.734,0.81114,0.8112,1.88,1.50
2012.04.10 11:26:46.256,0.81114,0.8112,1.13,1.50
2012.04.10 11:26:47.812,0.81114,0.8112,1.13,6.60
2012.04.10 11:26:48.384,0.81111,0.81117,1.50,1.50
2012.04.10 11:26:50.268,0.81114,0.81119,1.13,2.63
2012.04.10 11:26:50.404,0.81113,0.81119,1.50,2.63
2012.04.10 11:26:51.497,0.81114,0.81119,1.13,2.25
2012.04.10 11:26:52.175,0.81113,0.81119,1.50,2.25
2012.04.10 11:26:53.764,0.81114,0.81119,1.13,1.50
2012.04.10 11:26:53.839,0.8111,0.81116,2.63,1.13
2012.04.10 11:26:53.979,0.8111,0.81116,1.88,1.13
2012.04.10 11:26:54.187,0.81109,0.81113,1.13,1.50
2012.04.10 11:26:54.745,0.81109,0.81114,1.13,1.50
2012.04.10 11:26:55.088,0.8111,0.81116,1.50,2.63
2012.04.10 11:26:58.565,0.81109,0.81115,1.13,1.50
2012.04.10 11:26:59.519,0.81111,0.81115,1.13,1.50
2012.04.10 11:27:06.640,0.81111,0.81117,1.13,1.50
2012.04.10 11:27:07.195,0.81112,0.81118,1.50,1.50
2012.04.10 11:27:07.714,0.81112,0.81118,1.50,1.88
2012.04.10 11:27:08.752,0.81112,0.81118,1.50,1.13
2012.04.10 11:27:09.659,0.81112,0.81118,1.50,1.88
2012.04.10 11:27:10.196,0.81112,0.81118,1.50,1.13
2012.04.10 11:27:11.744,0.81113,0.81118,1.50,1.13
2012.04.10 11:27:12.254,0.81114,0.81118,1.50,1.13
2012.04.10 11:27:12.695,0.81112,0.81116,1.50,3.75
2012.04.10 11:27:12.849,0.8111,0.81115,1.88,1.50
2012.04.10 11:27:13.269,0.81105,0.81111,1.13,2.25
2012.04.10 11:27:14.946,0.81106,0.81112,1.50,2.63
2012.04.10 11:27:15.408,0.8111,0.81115,1.13,1.13
2012.04.10 11:27:15.484,0.8111,0.81117,2.63,2.18
2012.04.10 11:27:15.633,0.81112,0.81118,1.13,3.75
2012.04.10 11:27:16.057,0.81115,0.81121,1.50,3.75
2012.04.10 11:27:16.255,0.81112,0.8112,2.63,2.25
2012.04.10 11:27:16.940,0.81112,0.8112,3.23,2.25
2012.04.10 11:27:17.290,0.81115,0.8112,1.50,1.50
2012.04.10 11:27:17.486,0.81112,0.8112,3.75,1.50
2012.04.10 11:27:17.556,0.81115,0.81121,1.50,3.00
2012.04.10 11:27:18.236,0.81114,0.8112,1.50,1.50
2012.04.10 11:27:20.980,0.81116,0.81121,1.50,1.13
2012.04.10 11:27:21.116,0.81113,0.81121,3.00,2.63
2012.04.10 11:27:23.018,0.81109,0.81114,6.00,1.13
2012.04.10 11:27:23.374,0.81105,0.8111,1.50,1.50
2012.04.10 11:27:23.877,0.81102,0.81108,4.13,1.50
2012.04.10 11:27:24.341,0.81107,0.81111,1.13,2.25
2012.04.10 11:27:26.209,0.81104,0.81111,1.13,3.38
2012.04.10 11:27:26.969,0.81104,0.81111,1.13,3.38
2012.04.10 11:27:27.961,0.81104,0.81108,1.13,1.50
2012.04.10 11:27:32.104,0.81103,0.81108,1.13,1.50
2012.04.10 11:27:34.344,0.81104,0.8111,1.50,4.50
2012.04.10 11:27:35.605,0.81103,0.81108,1.13,1.50
2012.04.10 11:27:37.095,0.81104,0.8111,1.50,2.63
2012.04.10 11:27:37.622,0.81104,0.8111,2.25,2.63
2012.04.10 11:27:37.769,0.81107,0.81113,1.13,1.50
2012.04.10 11:27:38.324,0.81107,0.81114,1.13,5.63
2012.04.10 11:27:38.939,0.81107,0.81114,2.63,1.88
2012.04.10 11:27:39.289,0.8111,0.81115,2.63,1.50
2012.04.10 11:27:39.558,0.8111,0.81118,2.63,2.93
2012.04.10 11:27:40.347,0.8111,0.81118,2.63,2.55
2012.04.10 11:27:40.907,0.8111,0.81118,2.63,3.30
2012.04.10 11:27:41.177,0.8111,0.81117,2.63,2.10
2012.04.10 11:27:41.527,0.81107,0.81111,1.50,1.50
2012.04.10 11:27:42.048,0.81107,0.81111,1.50,1.50
2012.04.10 11:27:42.665,0.81109,0.81115,1.88,2.25
2012.04.10 11:27:42.758,0.81109,0.81117,5.63,1.50
2012.04.10 11:27:43.315,0.8111,0.81117,1.13,1.50
2012.04.10 11:27:43.844,0.81111,0.81118,1.50,1.43
2012.04.10 11:27:45.740,0.81114,0.81119,1.13,1.50
2012.04.10 11:27:45.878,0.81114,0.81121,1.13,3.75
2012.04.10 11:27:47.438,0.81114,0.81119,1.13,1.50
2012.04.10 11:27:51.023,0.81113,0.81119,1.13,1.50
2012.04.10 11:27:51.560,0.81113,0.8112,2.63,2.25
2012.04.10 11:27:54.284,0.81113,0.81119,1.13,1.50
2012.04.10 11:27:55.008,0.81113,0.8112,2.63,1.50
2012.04.10 11:28:02.878,0.81114,0.81121,1.13,2.63
2012.04.10 11:28:06.953,0.81114,0.81118,1.13,1.50
2012.04.10 11:28:08.715,0.81114,0.8112,1.50,2.63
2012.04.10 11:28:09.578,0.81114,0.8112,1.50,4.13
2012.04.10 11:28:10.303,0.81113,0.81118,1.13,1.50
2012.04.10 11:28:10.882,0.81113,0.81119,1.13,1.50
2012.04.10 11:28:14.037,0.81111,0.81119,3.75,1.50
2012.04.10 11:28:17.964,0.81113,0.8112,1.50,2.63
2012.04.10 11:28:19.949,0.81113,0.81121,1.50,2.63
2012.04.10 11:28:21.687,0.81112,0.81118,3.00,1.50
2012.04.10 11:28:22.198,0.81114,0.8112,1.50,1.50
2012.04.10 11:28:22.505,0.81112,0.81119,1.50,1.50
2012.04.10 11:28:23.191,0.81112,0.81116,1.50,1.50
2012.04.10 11:28:23.752,0.81112,0.81118,3.00,1.50
2012.04.10 11:28:24.358,0.81114,0.8112,1.50,3.00
2012.04.10 11:28:24.696,0.81116,0.81121,1.50,1.13
2012.04.10 11:28:24.967,0.81114,0.81121,1.50,1.13
2012.04.10 11:28:25.547,0.81115,0.81122,1.13,2.63
2012.04.10 11:28:28.378,0.81115,0.81119,1.13,1.50
2012.04.10 11:28:28.878,0.81115,0.81121,2.63,1.50
2012.04.10 11:28:46.207,0.81115,0.81121,2.25,1.50
2012.04.10 11:28:46.279,0.81118,0.81124,1.13,4.05
2012.04.10 11:28:46.826,0.81118,0.81125,2.63,1.88
2012.04.10 11:28:47.166,0.81118,0.81122,1.13,1.50
2012.04.10 11:28:47.866,0.81118,0.81125,1.13,4.13
2012.04.10 11:28:55.796,0.81119,0.81125,1.50,1.13
2012.04.10 11:28:56.315,0.81118,0.81124,2.63,1.50
2012.04.10 11:29:02.642,0.81118,0.81122,1.50,1.13
2012.04.10 11:29:02.932,0.81113,0.81121,4.13,1.50
2012.04.10 11:29:04.031,0.81113,0.81121,3.75,1.50
2012.04.10 11:29:04.636,0.81116,0.81122,1.50,2.63
2012.04.10 11:29:08.997,0.81117,0.81122,1.50,1.13
2012.04.10 11:29:09.491,0.81115,0.81122,2.63,1.13
2012.04.10 11:29:09.575,0.8112,0.81124,2.10,1.13
2012.04.10 11:29:09.929,0.81118,0.81123,6.38,1.50
2012.04.10 11:29:10.436,0.81118,0.81124,2.63,1.50
2012.04.10 11:29:17.931,0.81118,0.81124,4.50,1.50
2012.04.10 11:29:18.157,0.81119,0.81126,1.88,1.13
2012.04.10 11:29:19.512,0.81119,0.81126,2.63,1.13
2012.04.10 11:29:20.020,0.81119,0.81125,2.63,1.13
2012.04.10 11:29:20.930,0.8112,0.81125,1.50,1.13
2012.04.10 11:29:21.463,0.81121,0.81125,1.50,1.13
2012.04.10 11:29:22.776,0.81119,0.81125,3.00,1.13
2012.04.10 11:29:24.158,0.81119,0.81124,1.50,1.50
2012.04.10 11:29:24.827,0.8112,0.81125,1.50,1.13
2012.04.10 11:29:45.237,0.8112,0.81126,1.50,1.50
2012.04.10 11:29:51.668,0.8112,0.81126,1.88,2.25
2012.04.10 11:29:52.241,0.81118,0.81125,1.88,2.25
2012.04.10 11:29:52.750,0.8112,0.81126,1.88,1.50
2012.04.10 11:29:53.558,0.81118,0.81124,2.63,1.50
2012.04.10 11:29:53.769,0.81119,0.81127,2.63,1.50
2012.04.10 11:29:54.414,0.81119,0.81125,1.88,1.50
2012.04.10 11:29:54.727,0.81117,0.81123,1.50,1.50
2012.04.10 11:30:00.278,0.81118,0.81126,1.88,1.88
2012.04.10 11:30:00.848,0.81118,0.81125,2.63,1.80
2012.04.10 11:30:00.918,0.81118,0.81125,1.88,1.80
2012.04.10 11:30:01.376,0.81117,0.81123,1.88,1.50
2012.04.10 11:30:02.268,0.81115,0.81122,1.20,1.50
2012.04.10 11:30:03.045,0.81114,0.81122,3.45,1.50
2012.04.10 11:30:05.158,0.81114,0.81122,2.63,1.50
2012.04.10 11:30:05.701,0.81115,0.81121,1.50,2.25
2012.04.10 11:30:10.775,0.81113,0.81119,1.50,1.50
2012.04.10 11:30:15.464,0.81113,0.81118,1.50,1.13
2012.04.10 11:30:16.871,0.81112,0.81118,1.88,2.63
2012.04.10 11:30:17.221,0.8111,0.81115,1.46,1.50
2012.04.10 11:30:17.300,0.81112,0.81118,2.63,1.13
2012.04.10 11:30:17.839,0.81112,0.81117,1.88,1.50
2012.04.10 11:30:18.519,0.81112,0.81118,3.38,1.13
2012.04.10 11:30:24.475,0.81112,0.81118,3.38,1.13
2012.04.10 11:30:25.901,0.81112,0.81118,2.63,1.13
2012.04.10 11:30:25.980,0.81112,0.8112,3.38,2.63
2012.04.10 11:30:27.487,0.81112,0.8112,3.38,2.63
2012.04.10 11:30:28.008,0.81113,0.8112,1.50,2.63
2012.04.10 11:30:29.197,0.81113,0.81119,1.50,1.50
2012.04.10 11:30:29.624,0.81112,0.81116,1.50,1.50
2012.04.10 11:30:29.705,0.81112,0.81118,1.50,1.50
2012.04.10 11:30:30.339,0.81109,0.81115,3.00,1.50
2012.04.10 11:30:31.634,0.81111,0.81117,3.00,2.63
2012.04.10 11:30:35.017,0.81111,0.81115,1.13,1.50
2012.04.10 11:30:35.997,0.81111,0.81117,3.00,2.63
2012.04.10 11:30:36.516,0.81112,0.81118,1.50,2.63
2012.04.10 11:30:37.096,0.81109,0.81115,4.50,1.50
2012.04.10 11:30:37.576,0.81112,0.81118,1.50,2.63
2012.04.10 11:30:47.681,0.81111,0.81117,1.50,1.13
2012.04.10 11:30:58.750,0.81114,0.81122,1.50,4.13
2012.04.10 11:30:58.875,0.81114,0.81119,1.50,1.13
2012.04.10 11:31:08.703,0.81113,0.81119,1.50,2.63
2012.04.10 11:31:12.066,0.81115,0.81119,1.50,1.13
2012.04.10 11:31:13.796,0.81113,0.81119,3.00,2.63
2012.04.10 11:31:20.416,0.81114,0.81119,3.98,1.50
2012.04.10 11:31:20.640,0.81117,0.81122,1.50,1.88
2012.04.10 11:31:20.980,0.81116,0.81122,1.50,8.63
2012.04.10 11:31:21.052,0.81114,0.8112,2.63,1.50
2012.04.10 11:31:21.625,0.81114,0.81119,1.50,1.13
2012.04.10 11:31:25.990,0.81114,0.8112,2.63,2.63
2012.04.10 11:31:26.261,0.81116,0.8112,1.50,1.13
2012.04.10 11:31:26.638,0.81114,0.8112,2.63,1.13
2012.04.10 11:31:26.899,0.81116,0.8112,1.50,1.13
2012.04.10 11:31:27.208,0.81114,0.8112,2.63,2.63
2012.04.10 11:31:27.410,0.81116,0.8112,1.50,1.13
2012.04.10 11:31:27.909,0.81114,0.8112,1.88,1.13
2012.04.10 11:31:30.895,0.81116,0.8112,1.50,1.13
2012.04.10 11:31:31.036,0.81116,0.81122,2.63,2.63
2012.04.10 11:31:31.575,0.81117,0.81122,2.25,1.13
2012.04.10 11:31:33.362,0.8112,0.81126,1.50,6.38
2012.04.10 11:31:33.899,0.81118,0.81122,1.50,1.13
2012.04.10 11:31:34.463,0.81117,0.81122,1.50,1.13
2012.04.10 11:31:35.010,0.81116,0.81122,3.00,2.63
2012.04.10 11:31:36.148,0.81118,0.81122,1.13,1.50
2012.04.10 11:31:36.221,0.81118,0.81124,2.63,1.50
2012.04.10 11:31:39.391,0.81118,0.81124,2.63,2.25
2012.04.10 11:31:41.655,0.81118,0.81122,1.50,1.13
2012.04.10 11:31:41.766,0.81115,0.81121,1.88,1.50
2012.04.10 11:31:42.273,0.81114,0.8112,1.13,1.50
2012.04.10 11:31:44.742,0.81115,0.81121,1.50,3.00
2012.04.10 11:31:53.336,0.81117,0.81122,1.50,1.88
2012.04.10 11:31:53.482,0.81115,0.81121,1.50,1.50
2012.04.10 11:31:53.558,0.81114,0.81119,1.13,1.50
2012.04.10 11:31:54.212,0.81115,0.81121,1.50,1.50
2012.04.10 11:31:55.555,0.81116,0.81122,1.50,1.13
2012.04.10 11:31:55.640,0.81119,0.81124,1.50,2.25
2012.04.10 11:31:56.869,0.81118,0.81124,1.13,3.38
2012.04.10 11:31:57.556,0.81119,0.81124,1.50,1.13
2012.04.10 11:32:01.314,0.81119,0.81125,2.63,2.63
2012.04.10 11:32:01.660,0.81122,0.8113,1.50,3.68
2012.04.10 11:32:10.768,0.81122,0.81128,2.63,1.13
2012.04.10 11:32:22.572,0.81124,0.8113,1.13,1.50
2012.04.10 11:32:22.654,0.81124,0.81132,3.38,2.63
2012.04.10 11:32:22.802,0.81128,0.81132,1.50,1.13
2012.04.10 11:32:23.156,0.81126,0.81132,1.50,1.13
2012.04.10 11:32:23.671,0.81126,0.81131,1.50,1.50
2012.04.10 11:32:24.092,0.81124,0.8113,1.13,1.50
2012.04.10 11:32:24.965,0.81125,0.81132,1.50,2.07
2012.04.10 11:32:25.533,0.81125,0.81132,1.50,2.82
2012.04.10 11:32:27.249,0.81125,0.81132,1.50,1.88
2012.04.10 11:32:27.769,0.81125,0.81131,1.50,1.13
2012.04.10 11:32:28.059,0.81123,0.81129,3.00,1.50
2012.04.10 11:32:28.677,0.81123,0.81129,4.88,1.50
2012.04.10 11:32:28.969,0.81126,0.8113,1.50,1.50
2012.04.10 11:32:29.040,0.81124,0.8113,3.75,1.50
2012.04.10 11:32:54.600,0.81125,0.8113,1.13,1.50
2012.04.10 11:32:55.273,0.81126,0.81131,1.50,1.88
2012.04.10 11:33:00.581,0.81125,0.81131,2.63,1.13
2012.04.10 11:33:00.938,0.81127,0.81131,1.50,1.88
2012.04.10 11:33:04.846,0.81125,0.81131,1.13,2.63
2012.04.10 11:33:13.597,0.81126,0.81131,2.25,1.13
2012.04.10 11:33:13.673,0.81128,0.81134,1.13,2.63
2012.04.10 11:33:14.225,0.81129,0.81134,1.50,1.13
2012.04.10 11:33:15.974,0.81128,0.81133,1.13,1.50
2012.04.10 11:33:23.259,0.81125,0.81133,3.38,3.00
2012.04.10 11:33:23.401,0.81128,0.81133,1.13,6.00
2012.04.10 11:33:23.540,0.81124,0.81131,1.50,1.50
2012.04.10 11:33:23.857,0.81128,0.81134,2.63,4.88
2012.04.10 11:33:24.641,0.81125,0.81131,2.25,1.50
2012.04.10 11:33:24.999,0.81125,0.81131,3.75,1.50
2012.04.10 11:33:26.852,0.81126,0.81133,1.88,1.13
2012.04.10 11:33:30.665,0.81128,0.81134,1.13,2.63
2012.04.10 11:33:33.246,0.81128,0.81134,1.13,2.65
2012.04.10 11:33:36.179,0.81128,0.81134,1.13,2.63
2012.04.10 11:33:41.306,0.81128,0.81136,2.63,3.38
2012.04.10 11:33:46.397,0.81128,0.81133,1.13,1.50
2012.04.10 11:33:48.661,0.81129,0.81133,2.10,1.50
2012.04.10 11:33:48.983,0.81137,0.81141,1.13,1.50
2012.04.10 11:33:49.074,0.81138,0.81144,1.50,3.75
2012.04.10 11:33:49.959,0.81137,0.81143,1.13,2.25
2012.04.10 11:33:54.238,0.81136,0.81143,1.13,1.50
2012.04.10 11:34:00.881,0.8114,0.81144,1.13,1.13
2012.04.10 11:34:01.168,0.8114,0.81145,1.13,2.25
2012.04.10 11:34:01.380,0.81142,0.81146,1.50,1.88
2012.04.10 11:34:01.970,0.8114,0.81144,1.13,2.25
2012.04.10 11:34:03.211,0.8114,0.81145,1.13,1.50
2012.04.10 11:34:06.420,0.81137,0.81144,1.88,1.13
2012.04.10 11:34:07.169,0.81137,0.81144,1.50,1.88
2012.04.10 11:34:07.683,0.81137,0.81144,1.50,1.13
2012.04.10 11:34:08.497,0.81136,0.81143,1.50,1.50
2012.04.10 11:34:08.708,0.81138,0.81144,1.50,4.13
2012.04.10 11:34:09.772,0.81138,0.81144,1.50,3.38
2012.04.10 11:34:09.906,0.81136,0.81143,2.25,2.25
2012.04.10 11:34:10.446,0.81137,0.81144,1.50,3.38
2012.04.10 11:34:11.009,0.81136,0.81143,1.50,1.50
2012.04.10 11:34:11.556,0.81138,0.81144,1.50,4.88
2012.04.10 11:34:18.105,0.81137,0.81144,2.25,1.13
2012.04.10 11:34:19.038,0.81137,0.81143,2.25,1.50
2012.04.10 11:34:19.601,0.81137,0.81144,1.50,2.63
2012.04.10 11:34:19.946,0.81137,0.81144,1.50,3.38
2012.04.10 11:34:21.128,0.81136,0.81142,2.63,2.25
2012.04.10 11:34:27.270,0.81138,0.81144,1.50,4.13
2012.04.10 11:34:27.516,0.81138,0.81144,1.50,4.13
2012.04.10 11:34:27.941,0.81138,0.81144,1.50,5.63
2012.04.10 11:34:28.127,0.81136,0.81143,1.13,2.25
2012.04.10 11:34:28.280,0.81136,0.81143,1.13,3.00
2012.04.10 11:34:28.845,0.81136,0.81141,1.13,1.50
2012.04.10 11:34:30.053,0.81136,0.81142,2.63,2.25
2012.04.10 11:34:38.965,0.81135,0.8114,1.13,1.50
2012.04.10 11:34:40.094,0.81136,0.81142,1.50,1.50
2012.04.10 11:34:48.401,0.81138,0.81142,1.13,1.50
2012.04.10 11:34:48.468,0.81138,0.81145,1.13,3.38
2012.04.10 11:34:48.928,0.81138,0.81142,1.13,1.50
2012.04.10 11:34:53.882,0.81137,0.81142,1.13,1.50
2012.04.10 11:34:55.475,0.81137,0.81141,1.13,1.50
2012.04.10 11:34:56.780,0.81137,0.81143,1.13,4.50
2012.04.10 11:34:57.877,0.81137,0.81143,1.13,3.75
2012.04.10 11:35:03.967,0.81137,0.81143,1.13,2.63
2012.04.10 11:35:05.436,0.81137,0.81143,1.13,3.38
2012.04.10 11:35:05.754,0.81134,0.8114,2.63,1.50
2012.04.10 11:35:07.215,0.81136,0.8114,1.13,1.50
2012.04.10 11:35:08.189,0.81136,0.81142,2.63,2.63
2012.04.10 11:35:15.355,0.81137,0.81142,1.13,1.50
2012.04.10 11:35:25.724,0.8114,0.81144,1.13,2.25
2012.04.10 11:35:25.823,0.8114,0.81145,1.88,1.50
2012.04.10 11:35:25.901,0.81143,0.81148,1.50,2.63
2012.04.10 11:35:26.447,0.81143,0.81148,1.50,1.13
2012.04.10 11:35:26.800,0.81141,0.81147,1.50,3.75
2012.04.10 11:35:26.938,0.81139,0.81145,1.50,1.13
2012.04.10 11:35:27.266,0.81137,0.81145,3.00,1.13
2012.04.10 11:35:27.834,0.81135,0.81141,1.50,2.63
2012.04.10 11:35:27.936,0.81133,0.81141,3.75,3.38
2012.04.10 11:35:28.438,0.81133,0.8114,3.00,1.50
2012.04.10 11:35:28.950,0.81134,0.81141,2.63,1.13
2012.04.10 11:35:32.309,0.81141,0.81145,1.50,1.13
2012.04.10 11:35:32.521,0.81138,0.81144,3.00,1.50
2012.04.10 11:35:33.129,0.81137,0.81143,1.13,1.50
2012.04.10 11:35:37.552,0.81136,0.81143,1.50,1.50
2012.04.10 11:35:48.117,0.81135,0.8114,2.25,1.13
2012.04.10 11:35:51.619,0.81137,0.81144,1.50,1.13
2012.04.10 11:35:52.124,0.81136,0.8114,1.50,1.13
2012.04.10 11:35:56.705,0.81134,0.81139,3.00,1.13
2012.04.10 11:35:57.327,0.81134,0.81139,1.50,1.13
2012.04.10 11:35:57.836,0.81133,0.81139,3.38,1.13
2012.04.10 11:35:59.703,0.81135,0.81141,1.13,1.50
2012.04.10 11:36:00.268,0.81136,0.81142,1.50,2.25
2012.04.10 11:36:03.909,0.81137,0.81142,1.13,1.50
2012.04.10 11:36:08.834,0.81136,0.81141,1.50,1.13
2012.04.10 11:36:09.382,0.81135,0.8114,1.13,1.50
2012.04.10 11:36:14.589,0.81136,0.81142,1.50,1.50
2012.04.10 11:36:15.229,0.81135,0.8114,1.13,1.50
2012.04.10 11:36:15.837,0.81134,0.81138,1.50,1.13
2012.04.10 11:36:15.912,0.81131,0.81138,4.88,1.13
2012.04.10 11:36:16.197,0.8113,0.81135,1.50,1.50
2012.04.10 11:36:16.720,0.81127,0.81133,1.88,1.50
2012.04.10 11:36:17.768,0.8113,0.81134,1.13,1.50
2012.04.10 11:36:18.377,0.81128,0.81134,2.63,2.63
2012.04.10 11:36:18.909,0.81128,0.81133,1.13,1.50
2012.04.10 11:36:19.462,0.81128,0.81134,2.63,2.63
2012.04.10 11:36:25.075,0.81126,0.81132,3.00,1.50
2012.04.10 11:36:25.486,0.81126,0.8113,1.13,1.50
2012.04.10 11:36:26.746,0.81126,0.81132,1.13,1.50
2012.04.10 11:36:27.329,0.81126,0.81133,1.13,1.50
2012.04.10 11:36:31.969,0.81125,0.81133,3.00,2.63
2012.04.10 11:36:35.755,0.81125,0.81132,3.00,1.50
2012.04.10 11:36:35.827,0.81125,0.8113,1.50,1.50
2012.04.10 11:36:48.497,0.81125,0.81133,4.50,2.63
2012.04.10 11:36:49.033,0.81125,0.81133,4.50,2.63
2012.04.10 11:36:49.111,0.81128,0.81133,1.50,1.13
2012.04.10 11:36:49.236,0.81125,0.81133,3.75,2.63
2012.04.10 11:36:52.210,0.81125,0.81132,3.00,1.50
2012.04.10 11:36:52.279,0.81125,0.8113,1.50,1.50
2012.04.10 11:36:52.844,0.81126,0.81131,1.50,1.13
2012.04.10 11:36:53.797,0.81125,0.8113,1.50,1.50
2012.04.10 11:36:59.940,0.81126,0.81131,1.50,1.13
2012.04.10 11:37:04.200,0.81126,0.81132,2.63,2.63
2012.04.10 11:37:08.057,0.81131,0.81135,1.13,1.50
2012.04.10 11:37:08.130,0.81131,0.81135,1.13,1.50
2012.04.10 11:37:08.272,0.81133,0.81138,2.85,1.50
2012.04.10 11:37:08.348,0.81133,0.81138,2.85,1.50
2012.04.10 11:37:08.491,0.81136,0.81141,1.13,2.25
2012.04.10 11:37:09.079,0.81136,0.81141,1.13,2.25
2012.04.10 11:37:12.186,0.81135,0.8114,1.50,1.13
2012.04.10 11:37:12.468,0.81133,0.8114,1.50,3.38
2012.04.10 11:37:12.549,0.81132,0.81136,1.50,1.13
2012.04.10 11:37:12.941,0.81126,0.81131,1.50,1.50
2012.04.10 11:37:13.200,0.81128,0.81133,1.13,1.50
2012.04.10 11:37:14.315,0.81128,0.81135,1.13,3.75
2012.04.10 11:37:16.539,0.81128,0.81133,2.55,1.50
2012.04.10 11:37:16.747,0.81128,0.81135,2.63,1.50
2012.04.10 11:37:17.219,0.8113,0.81136,1.50,1.13
2012.04.10 11:37:17.659,0.81132,0.81137,1.50,1.88
2012.04.10 11:37:21.979,0.81131,0.81136,1.13,1.50
2012.04.10 11:37:22.482,0.81128,0.81134,1.50,1.13
2012.04.10 11:37:22.576,0.81128,0.81134,3.00,1.13
2012.04.10 11:37:27.725,0.81128,0.81133,1.88,1.13
2012.04.10 11:37:29.417,0.81128,0.81133,1.13,2.63
2012.04.10 11:37:30.267,0.81127,0.81133,3.00,2.63
2012.04.10 11:37:32.860,0.81129,0.81133,1.50,1.13
2012.04.10 11:37:33.807,0.81129,0.81134,1.50,1.13
2012.04.10 11:37:45.591,0.81129,0.81133,1.50,1.13
2012.04.10 11:37:45.796,0.81127,0.81133,1.13,1.13
2012.04.10 11:37:49.197,0.81127,0.81132,1.13,2.85
2012.04.10 11:37:49.268,0.81124,0.81128,2.25,1.13
2012.04.10 11:37:49.478,0.81124,0.81128,1.50,1.13
2012.04.10 11:37:49.617,0.81122,0.81128,1.13,2.63
2012.04.10 11:37:50.180,0.81123,0.81128,1.50,1.13
2012.04.10 11:37:51.130,0.81122,0.81128,1.13,2.63
2012.04.10 11:38:04.049,0.81123,0.81128,1.50,1.13
2012.04.10 11:38:12.957,0.81123,0.81129,3.38,2.63
2012.04.10 11:38:26.356,0.81121,0.81128,1.88,1.50
2012.04.10 11:38:26.650,0.81121,0.81128,2.63,1.50
2012.04.10 11:38:27.083,0.81126,0.81132,1.50,3.38
2012.04.10 11:38:30.018,0.81123,0.81129,3.38,2.63
2012.04.10 11:38:30.981,0.81126,0.81131,1.13,1.50
2012.04.10 11:38:31.117,0.81126,0.81131,4.13,1.50
2012.04.10 11:38:31.788,0.81126,0.81132,4.13,1.50
2012.04.10 11:38:33.548,0.81126,0.81132,4.50,1.50
2012.04.10 11:38:33.880,0.81127,0.81134,3.00,1.13
2012.04.10 11:38:46.776,0.81128,0.81135,1.88,1.50
2012.04.10 11:38:58.881,0.81127,0.81134,1.50,4.50
2012.04.10 11:38:59.428,0.81125,0.81129,1.88,1.13
2012.04.10 11:38:59.529,0.81123,0.81129,1.88,2.63
2012.04.10 11:39:00.082,0.81123,0.81129,2.63,1.13
2012.04.10 11:39:03.612,0.81123,0.81128,1.13,1.50
2012.04.10 11:39:11.607,0.81124,0.8113,1.50,4.13
2012.04.10 11:39:17.606,0.81125,0.8113,1.13,1.50
2012.04.10 11:39:18.868,0.81125,0.81131,2.63,1.13
2012.04.10 11:39:19.621,0.81126,0.81131,1.50,1.13
2012.04.10 11:39:20.129,0.81125,0.81131,1.88,2.63
2012.04.10 11:39:24.517,0.81127,0.81131,1.13,1.50
2012.04.10 11:39:24.849,0.81127,0.81133,1.13,4.13
2012.04.10 11:39:25.900,0.81125,0.8113,1.88,1.50
2012.04.10 11:39:40.676,0.81125,0.8113,2.63,1.50
2012.04.10 11:39:41.215,0.81125,0.81132,2.63,1.50
2012.04.10 11:39:43.052,0.81125,0.8113,1.88,1.50
2012.04.10 11:39:46.544,0.81124,0.81128,2.25,1.13
2012.04.10 11:39:46.988,0.81122,0.81128,3.75,1.13
2012.04.10 11:39:47.204,0.8112,0.81126,5.25,1.50
2012.04.10 11:39:47.598,0.81121,0.81128,2.25,1.13
2012.04.10 11:39:47.815,0.81122,0.81128,1.50,1.13
2012.04.10 11:39:48.334,0.81123,0.81128,1.50,1.13
2012.04.10 11:39:49.349,0.81124,0.81131,1.13,1.88
2012.04.10 11:39:49.857,0.81125,0.81132,2.25,3.30
2012.04.10 11:39:59.752,0.81124,0.8113,1.88,1.50
2012.04.10 11:40:02.140,0.81126,0.8113,1.13,1.50
2012.04.10 11:40:02.214,0.81126,0.81133,1.88,2.25
2012.04.10 11:40:02.435,0.81128,0.81134,1.50,5.63
2012.04.10 11:40:02.651,0.81126,0.81133,1.13,2.25
2012.04.10 11:40:03.199,0.81126,0.8113,1.50,1.50
2012.04.10 11:40:06.429,0.81134,0.81138,3.75,1.50
2012.04.10 11:40:06.651,0.81141,0.81145,3.23,1.50
2012.04.10 11:40:06.857,0.81143,0.81149,1.50,2.25
2012.04.10 11:40:07.014,0.81138,0.81142,5.63,1.13
2012.04.10 11:40:07.360,0.8114,0.81146,3.38,1.13
2012.04.10 11:40:07.451,0.81143,0.81149,1.50,2.25
2012.04.10 11:40:11.558,0.8114,0.81146,4.13,1.13
2012.04.10 11:40:13.288,0.81141,0.81147,1.88,1.13
2012.04.10 11:40:14.025,0.81141,0.81147,2.18,1.13
2012.04.10 11:40:14.104,0.81141,0.81148,2.48,1.50
2012.04.10 11:40:14.249,0.81145,0.8115,1.13,1.88
2012.04.10 11:40:14.390,0.8115,0.81154,1.50,3.75
2012.04.10 11:40:14.982,0.81153,0.81157,1.50,2.25
2012.04.10 11:40:15.065,0.81148,0.81154,3.38,2.63
2012.04.10 11:40:16.217,0.81148,0.81154,5.25,2.63
2012.04.10 11:40:20.007,0.81148,0.81154,3.75,1.13
2012.04.10 11:40:21.904,0.81148,0.81152,1.13,1.50
2012.04.10 11:40:22.118,0.81148,0.81154,1.88,2.63
2012.04.10 11:40:22.308,0.81147,0.81152,2.10,1.13
2012.04.10 11:40:22.877,0.81147,0.81152,3.00,1.13
2012.04.10 11:40:23.488,0.81148,0.81152,1.50,1.13
2012.04.10 11:40:24.004,0.81147,0.81152,2.25,1.13
2012.04.10 11:40:24.898,0.81146,0.81151,1.13,1.50
2012.04.10 11:40:25.227,0.81148,0.81153,1.13,1.50
2012.04.10 11:40:36.400,0.81148,0.81153,1.88,1.50
2012.04.10 11:40:36.909,0.8115,0.81156,2.63,1.13
2012.04.10 11:40:38.366,0.81149,0.81155,4.88,1.50
2012.04.10 11:40:45.317,0.8115,0.81155,1.88,1.50
2012.04.10 11:40:47.901,0.81152,0.81158,1.50,3.00
2012.04.10 11:40:48.118,0.81155,0.8116,1.13,3.00
2012.04.10 11:40:48.336,0.81157,0.81163,2.25,2.63
2012.04.10 11:40:49.218,0.81159,0.81163,1.50,1.13
2012.04.10 11:40:49.348,0.81157,0.81163,1.88,1.13
2012.04.10 11:40:49.420,0.81159,0.81164,1.13,1.50
2012.04.10 11:40:49.953,0.81159,0.81165,2.63,1.50
2012.04.10 11:40:51.171,0.81159,0.81165,3.38,1.50
2012.04.10 11:40:51.241,0.81159,0.81165,4.13,1.50
2012.04.10 11:40:51.309,0.8116,0.81167,1.50,1.13
2012.04.10 11:40:51.867,0.81159,0.81166,1.50,1.50
2012.04.10 11:40:58.266,0.81159,0.81166,1.50,2.25
2012.04.10 11:40:58.788,0.81159,0.81164,1.50,1.50
2012.04.10 11:40:59.857,0.81155,0.81162,2.63,1.50
2012.04.10 11:41:00.368,0.81159,0.81163,1.13,1.50
2012.04.10 11:41:01.417,0.81159,0.81165,1.88,3.38
2012.04.10 11:41:01.561,0.81159,0.81165,3.38,1.88
2012.04.10 11:41:01.626,0.81159,0.81165,2.63,1.13
2012.04.10 11:41:02.249,0.81159,0.81165,3.00,1.88
2012.04.10 11:41:03.581,0.81159,0.81165,3.00,1.13
2012.04.10 11:41:04.628,0.8116,0.81165,1.50,1.13
2012.04.10 11:41:04.915,0.81158,0.81164,1.88,1.50
2012.04.10 11:41:05.477,0.81159,0.81165,1.50,1.13
2012.04.10 11:41:06.067,0.81158,0.81164,1.13,1.50
2012.04.10 11:41:06.710,0.81158,0.81165,2.63,1.13
2012.04.10 11:41:07.400,0.81158,0.81163,1.13,1.50
2012.04.10 11:41:08.157,0.81157,0.81163,3.38,1.50
2012.04.10 11:41:08.498,0.8116,0.81165,1.50,1.43
2012.04.10 11:41:08.711,0.81158,0.81164,3.38,1.50
2012.04.10 11:41:09.494,0.81157,0.81163,1.88,1.50
2012.04.10 11:41:09.572,0.81156,0.8116,1.50,1.50
2012.04.10 11:41:09.651,0.81157,0.81164,1.13,1.50
2012.04.10 11:41:10.190,0.81155,0.81161,4.50,1.50
2012.04.10 11:41:10.766,0.81155,0.81161,3.38,1.50
2012.04.10 11:41:11.220,0.81156,0.81163,1.50,1.13
2012.04.10 11:41:11.501,0.81156,0.81162,1.50,1.50
2012.04.10 11:41:12.057,0.81158,0.81163,1.50,1.13
2012.04.10 11:41:12.765,0.81157,0.81163,1.50,2.63
2012.04.10 11:41:14.358,0.81156,0.81163,1.13,2.63
2012.04.10 11:41:14.697,0.81155,0.8116,2.25,1.50
2012.04.10 11:41:14.947,0.81156,0.81162,1.88,2.25
2012.04.10 11:41:17.046,0.81157,0.81162,1.13,1.50
2012.04.10 11:41:17.377,0.81158,0.81165,1.50,5.63
2012.04.10 11:41:17.447,0.81159,0.81165,1.50,3.38
2012.04.10 11:41:22.916,0.81157,0.81163,3.00,1.50
2012.04.10 11:41:23.777,0.81158,0.81164,1.50,1.50
2012.04.10 11:41:24.463,0.81157,0.81163,1.13,1.50
2012.04.10 11:41:24.837,0.81158,0.81164,1.50,1.50
2012.04.10 11:41:25.192,0.81157,0.81164,2.63,7.35
2012.04.10 11:41:25.268,0.81157,0.81165,3.38,4.88
2012.04.10 11:41:25.398,0.81157,0.81162,1.13,1.50
2012.04.10 11:41:25.608,0.81157,0.81165,2.63,3.00
2012.04.10 11:41:26.478,0.81157,0.81163,1.88,1.50
2012.04.10 11:41:29.426,0.81157,0.81163,1.88,2.63
2012.04.10 11:41:30.098,0.81157,0.81163,4.13,1.13
2012.04.10 11:41:31.961,0.81157,0.81165,4.50,1.50
2012.04.10 11:41:32.030,0.8116,0.81165,1.88,1.50
2012.04.10 11:41:32.579,0.81161,0.81166,2.25,1.13
2012.04.10 11:41:33.105,0.81162,0.81166,1.50,1.13
2012.04.10 11:41:33.486,0.8116,0.81166,3.38,1.13
2012.04.10 11:41:40.254,0.81162,0.81168,1.13,2.63
2012.04.10 11:41:40.826,0.8116,0.81165,1.50,1.50
2012.04.10 11:41:43.460,0.81163,0.81168,1.50,2.63
2012.04.10 11:41:44.087,0.81164,0.81168,1.50,1.13
2012.04.10 11:41:44.647,0.81163,0.81168,1.88,1.13
2012.04.10 11:41:45.299,0.81165,0.81171,2.25,1.50
2012.04.10 11:41:45.596,0.81173,0.81177,1.13,1.50
2012.04.10 11:41:45.881,0.81178,0.81183,1.13,2.25
2012.04.10 11:41:46.092,0.81176,0.81181,3.00,1.13
2012.04.10 11:41:46.468,0.81174,0.8118,2.63,2.25
2012.04.10 11:41:46.612,0.8117,0.81176,1.50,1.13
2012.04.10 11:41:46.759,0.81168,0.81172,1.50,1.50
2012.04.10 11:41:48.447,0.81166,0.81174,3.00,3.00
2012.04.10 11:41:48.650,0.81166,0.81174,3.00,5.85
2012.04.10 11:41:48.978,0.81164,0.8117,1.88,1.13
2012.04.10 11:41:49.306,0.81163,0.81168,1.13,1.50
2012.04.10 11:41:50.380,0.81165,0.8117,1.50,3.00
2012.04.10 11:41:50.737,0.8116,0.81166,1.88,1.50
2012.04.10 11:41:50.949,0.8116,0.81166,1.88,1.50
2012.04.10 11:41:51.349,0.81162,0.81169,1.13,1.88
2012.04.10 11:41:51.698,0.81167,0.81171,1.13,1.50
2012.04.10 11:41:51.921,0.8117,0.81177,1.13,2.25
2012.04.10 11:41:53.201,0.81166,0.81171,3.00,1.13
2012.04.10 11:41:53.528,0.81163,0.81168,1.88,1.13
2012.04.10 11:41:53.728,0.8116,0.81165,1.50,1.50
2012.04.10 11:41:53.856,0.81161,0.81167,1.50,1.50
2012.04.10 11:41:55.508,0.81162,0.81168,1.50,1.13
2012.04.10 11:42:17.847,0.81162,0.81167,1.50,1.13
2012.04.10 11:42:22.568,0.81161,0.81167,3.00,2.63
2012.04.10 11:42:23.125,0.81161,0.81166,1.50,1.13
2012.04.10 11:42:31.755,0.81162,0.81166,1.50,1.13
2012.04.10 11:42:35.480,0.8116,0.81166,2.25,1.13
2012.04.10 11:42:39.147,0.81163,0.81169,1.50,1.50
2012.04.10 11:43:12.643,0.81161,0.81165,1.50,1.35
2012.04.10 11:43:12.796,0.81159,0.81164,1.50,1.50
2012.04.10 11:43:13.069,0.8116,0.81166,1.13,1.50
2012.04.10 11:43:13.596,0.81161,0.81167,1.50,2.63
2012.04.10 11:43:14.639,0.81161,0.81165,1.50,1.35
2012.04.10 11:43:15.221,0.81158,0.81167,2.25,4.50
2012.04.10 11:43:16.610,0.81159,0.81163,1.50,1.88
2012.04.10 11:43:16.680,0.81157,0.81163,2.25,3.38
2012.04.10 11:43:16.889,0.81156,0.8116,1.13,1.50
2012.04.10 11:43:17.168,0.81156,0.81162,1.50,1.50
2012.04.10 11:43:17.687,0.81156,0.81161,1.50,1.50
2012.04.10 11:43:18.469,0.81155,0.8116,1.88,1.13
2012.04.10 11:43:19.008,0.81155,0.8116,1.50,1.13
2012.04.10 11:43:19.406,0.81153,0.81159,2.63,1.50
2012.04.10 11:43:20.501,0.81153,0.81159,3.38,1.50
2012.04.10 11:43:20.709,0.81156,0.81162,1.13,2.25
2012.04.10 11:43:21.062,0.81159,0.81163,1.50,1.13
2012.04.10 11:43:21.269,0.81157,0.81163,1.50,1.13
2012.04.10 11:43:21.871,0.81153,0.81158,1.13,1.13
2012.04.10 11:43:22.148,0.81151,0.81157,2.25,1.50
2012.04.10 11:43:22.729,0.81151,0.81157,1.88,1.50
2012.04.10 11:43:23.308,0.81152,0.81158,1.50,2.63
2012.04.10 11:43:31.393,0.81159,0.81164,1.88,2.25
2012.04.10 11:43:31.497,0.81162,0.81168,1.50,2.63
2012.04.10 11:43:31.702,0.81165,0.8117,1.50,1.50
2012.04.10 11:43:32.209,0.81165,0.8117,1.50,4.13
2012.04.10 11:43:32.828,0.81165,0.81171,1.50,1.50
2012.04.10 11:43:32.986,0.81163,0.8117,2.63,1.50
2012.04.10 11:43:33.131,0.8116,0.81164,2.25,1.13
2012.04.10 11:43:33.410,0.81157,0.81164,2.63,2.63
2012.04.10 11:43:33.551,0.81157,0.81162,1.88,1.50
2012.04.10 11:43:33.937,0.81157,0.81164,1.50,2.63
2012.04.10 11:43:34.430,0.81157,0.81162,1.50,1.50
2012.04.10 11:43:38.950,0.81157,0.81163,3.00,1.50
2012.04.10 11:43:41.150,0.81158,0.81163,1.13,1.50
2012.04.10 11:43:41.433,0.81157,0.81163,3.38,1.50
2012.04.10 11:43:41.515,0.81161,0.81166,1.13,2.25
2012.04.10 11:43:41.659,0.81162,0.81168,1.50,3.38
2012.04.10 11:43:43.800,0.81165,0.8117,1.13,1.50
2012.04.10 11:43:44.015,0.81165,0.81171,2.63,2.25
2012.04.10 11:43:44.556,0.81166,0.81172,1.50,2.63
2012.04.10 11:43:45.578,0.81166,0.81172,2.25,2.63
2012.04.10 11:43:46.038,0.81166,0.8117,1.50,1.13
2012.04.10 11:43:46.182,0.81163,0.8117,1.50,1.88
2012.04.10 11:43:46.389,0.81162,0.81168,1.50,1.50
2012.04.10 11:44:01.646,0.8116,0.81166,1.88,1.50
2012.04.10 11:44:04.953,0.8116,0.81166,1.88,1.50
2012.04.10 11:44:07.287,0.81162,0.81167,1.50,1.13
2012.04.10 11:44:11.308,0.8116,0.81166,1.88,1.50
2012.04.10 11:44:20.052,0.81161,0.81168,1.50,1.13
2012.04.10 11:44:22.498,0.8116,0.81166,3.00,1.50
2012.04.10 11:44:23.684,0.81161,0.81168,1.50,1.13
2012.04.10 11:44:24.289,0.8116,0.81166,2.63,1.50
2012.04.10 11:44:29.831,0.81162,0.81168,1.50,2.63
2012.04.10 11:44:30.880,0.81159,0.81167,3.75,1.50
2012.04.10 11:44:31.299,0.81162,0.81168,1.50,1.50
2012.04.10 11:44:34.426,0.8116,0.81166,1.50,1.50
2012.04.10 11:44:37.829,0.81158,0.81163,3.75,1.50
2012.04.10 11:44:37.900,0.8116,0.81166,1.50,1.13
2012.04.10 11:44:38.858,0.81159,0.81165,1.88,1.50
2012.04.10 11:44:39.307,0.81159,0.81167,2.18,1.50
2012.04.10 11:44:39.590,0.81161,0.81168,1.43,2.63
2012.04.10 11:44:39.998,0.81161,0.81168,1.13,2.63
2012.04.10 11:44:40.387,0.81162,0.81168,2.25,1.13
2012.04.10 11:44:40.528,0.81164,0.8117,1.13,2.25
2012.04.10 11:44:41.080,0.81165,0.81171,1.50,2.63
2012.04.10 11:44:43.001,0.81164,0.8117,1.13,1.50
2012.04.10 11:44:43.616,0.81164,0.8117,1.13,3.00
2012.04.10 11:44:43.691,0.81159,0.81163,3.98,1.13
2012.04.10 11:44:43.838,0.81157,0.81163,4.35,2.63
2012.04.10 11:44:44.166,0.81155,0.81161,1.50,2.25
2012.04.10 11:44:44.660,0.81153,0.8116,2.25,1.13
2012.04.10 11:44:44.729,0.81155,0.8116,1.50,1.13
2012.04.10 11:44:44.797,0.81153,0.8116,2.25,1.13
2012.04.10 11:44:45.013,0.81153,0.81158,1.50,1.88
2012.04.10 11:44:45.234,0.8115,0.81156,1.88,5.85
2012.04.10 11:44:45.442,0.81148,0.81154,1.13,1.50
2012.04.10 11:44:46.269,0.8115,0.81154,2.40,1.50
2012.04.10 11:44:46.710,0.81151,0.81155,1.50,1.50
2012.04.10 11:44:46.795,0.81158,0.81165,3.00,1.50
2012.04.10 11:44:46.874,0.81161,0.81166,1.50,1.13
2012.04.10 11:44:46.952,0.81161,0.81169,1.50,3.38
2012.04.10 11:44:47.035,0.8116,0.81167,2.63,1.50
2012.04.10 11:44:47.264,0.81152,0.81156,1.13,1.50
2012.04.10 11:44:47.930,0.81154,0.81159,1.13,2.25
2012.04.10 11:44:48.478,0.81154,0.8116,2.63,1.50
2012.04.10 11:44:48.877,0.81152,0.81157,1.50,1.13
2012.04.10 11:44:49.416,0.81149,0.81157,3.75,2.63
2012.04.10 11:44:50.183,0.81152,0.81157,1.50,1.13
2012.04.10 11:44:51.322,0.8115,0.81156,1.88,2.25
2012.04.10 11:44:51.860,0.81149,0.81155,1.13,1.50
2012.04.10 11:44:52.987,0.81149,0.81157,3.38,2.63
2012.04.10 11:44:53.598,0.81153,0.81157,1.13,1.50
2012.04.10 11:44:54.133,0.81153,0.81158,1.13,1.50
2012.04.10 11:44:55.529,0.8115,0.81157,2.25,4.50
2012.04.10 11:44:55.743,0.81146,0.81153,1.50,1.13
2012.04.10 11:44:55.823,0.81145,0.8115,2.25,1.50
2012.04.10 11:44:55.973,0.81145,0.81152,2.25,1.50
2012.04.10 11:44:56.192,0.81147,0.81153,6.60,1.13
2012.04.10 11:44:56.271,0.81149,0.81155,1.13,1.50
2012.04.10 11:44:56.409,0.81149,0.81157,6.23,1.50
2012.04.10 11:44:56.619,0.81153,0.81159,1.50,3.00
2012.04.10 11:44:58.158,0.81154,0.81159,1.13,1.88
2012.04.10 11:44:58.371,0.81154,0.81162,2.63,4.13
2012.04.10 11:44:58.512,0.81156,0.81162,1.50,4.13
2012.04.10 11:44:59.068,0.81155,0.81161,1.50,3.00
2012.04.10 11:45:02.898,0.81155,0.81161,1.50,3.38
2012.04.10 11:45:03.446,0.81155,0.81161,1.50,3.38
2012.04.10 11:45:03.711,0.81154,0.81159,1.13,1.50
2012.04.10 11:45:11.047,0.81155,0.81159,1.13,1.50
2012.04.10 11:45:12.014,0.81155,0.81161,2.63,2.63
2012.04.10 11:45:14.668,0.81155,0.81161,2.63,2.63
2012.04.10 11:45:15.184,0.81156,0.81162,1.50,3.38
2012.04.10 11:45:15.688,0.81155,0.81162,1.13,4.88
2012.04.10 11:45:16.332,0.81155,0.81162,1.13,5.63
2012.04.10 11:45:18.615,0.81155,0.81162,1.13,3.75
2012.04.10 11:45:27.093,0.81155,0.81162,1.13,3.75
2012.04.10 11:45:29.278,0.81155,0.81162,1.13,3.75
2012.04.10 11:45:29.816,0.81155,0.81162,1.13,3.75
2012.04.10 11:45:30.551,0.81155,0.81162,1.13,4.50
2012.04.10 11:45:40.168,0.81154,0.81162,2.63,4.13
2012.04.10 11:45:40.727,0.81154,0.81162,3.38,5.63
2012.04.10 11:45:47.115,0.81154,0.81162,3.38,5.63
2012.04.10 11:45:47.452,0.81155,0.81162,1.88,2.25
2012.04.10 11:45:47.978,0.81156,0.81163,2.25,1.88
2012.04.10 11:45:48.321,0.81155,0.81161,2.63,1.50
2012.04.10 11:45:50.768,0.81155,0.81161,1.88,1.50
2012.04.10 11:45:51.297,0.81155,0.81163,4.88,2.63
2012.04.10 11:45:54.190,0.81156,0.81163,2.63,1.50
2012.04.10 11:45:54.910,0.81156,0.81163,1.88,1.50
2012.04.10 11:45:55.261,0.8116,0.81164,1.13,1.88
2012.04.10 11:45:55.787,0.8116,0.81165,2.63,1.13
2012.04.10 11:46:03.498,0.81158,0.81165,1.50,2.63
2012.04.10 11:46:03.573,0.81157,0.81164,1.13,2.25
2012.04.10 11:46:03.837,0.81155,0.8116,1.13,1.50
2012.04.10 11:46:05.245,0.81156,0.8116,1.88,1.50
2012.04.10 11:46:07.173,0.81156,0.81162,1.88,1.13
2012.04.10 11:46:07.423,0.81158,0.81162,1.50,1.13
2012.04.10 11:46:07.776,0.8116,0.81164,1.13,1.50
2012.04.10 11:46:08.081,0.81162,0.81166,1.50,1.13
2012.04.10 11:46:08.614,0.81161,0.81166,2.25,1.13
2012.04.10 11:46:14.217,0.81161,0.81167,2.63,2.63
2012.04.10 11:46:19.711,0.81163,0.81167,1.50,1.13
2012.04.10 11:46:20.267,0.81163,0.81168,1.50,1.13
2012.04.10 11:46:20.816,0.81168,0.81172,1.13,4.88
2012.04.10 11:46:20.977,0.81168,0.81172,1.13,1.50
2012.04.10 11:46:21.417,0.81173,0.81177,1.50,1.50
2012.04.10 11:46:21.578,0.81175,0.81179,1.50,1.13
2012.04.10 11:46:21.683,0.81172,0.81179,3.00,1.13
2012.04.10 11:46:22.539,0.81171,0.81177,4.50,1.50
2012.04.10 11:46:22.889,0.8117,0.81174,2.25,5.85
2012.04.10 11:46:23.019,0.81165,0.8117,2.10,1.13
2012.04.10 11:46:23.166,0.81165,0.8117,2.18,1.13
2012.04.10 11:46:23.725,0.81164,0.81169,1.43,1.50
2012.04.10 11:46:24.466,0.81166,0.81172,1.50,2.25
2012.04.10 11:46:28.941,0.81163,0.81169,1.80,1.13
2012.04.10 11:46:30.785,0.81167,0.81173,1.50,1.50
2012.04.10 11:46:31.217,0.81163,0.81169,3.00,2.63
2012.04.10 11:46:38.920,0.81163,0.81168,1.50,1.13
2012.04.10 11:46:41.000,0.81161,0.81167,2.25,1.50
2012.04.10 11:46:43.250,0.81161,0.81166,1.50,1.13
2012.04.10 11:46:49.109,0.81161,0.81167,2.63,1.50
2012.04.10 11:46:50.979,0.81159,0.81165,4.88,2.63
2012.04.10 11:46:51.053,0.81159,0.81165,4.88,2.63
2012.04.10 11:46:51.206,0.81159,0.81163,1.13,1.50
2012.04.10 11:46:56.049,0.81158,0.81163,1.13,1.50
2012.04.10 11:46:56.400,0.81161,0.81165,1.13,1.50
2012.04.10 11:46:56.471,0.81161,0.81167,2.63,2.63
2012.04.10 11:46:57.050,0.81161,0.81167,3.38,2.63
2012.04.10 11:46:57.672,0.81161,0.81167,2.63,2.63
2012.04.10 11:46:58.069,0.81163,0.81167,1.50,1.13
2012.04.10 11:46:58.407,0.81165,0.81169,1.13,1.50
2012.04.10 11:47:01.891,0.81165,0.81171,1.13,2.63
2012.04.10 11:47:08.857,0.81166,0.81172,1.13,3.75
2012.04.10 11:47:18.274,0.81167,0.81172,1.50,1.50
2012.04.10 11:47:18.752,0.81169,0.81174,1.13,2.63
2012.04.10 11:47:19.481,0.8117,0.81176,1.50,3.00
2012.04.10 11:47:20.028,0.81169,0.81174,1.88,2.63
2012.04.10 11:47:37.921,0.8117,0.81178,1.50,2.48
2012.04.10 11:47:38.540,0.81172,0.81179,3.75,1.13
2012.04.10 11:47:38.624,0.81174,0.81182,3.38,2.63
2012.04.10 11:47:39.822,0.81174,0.81182,3.38,2.63
2012.04.10 11:47:40.308,0.81174,0.81182,2.63,2.63
2012.04.10 11:47:40.561,0.81179,0.81184,1.13,3.75
2012.04.10 11:47:41.080,0.81183,0.81188,1.88,1.50
2012.04.10 11:47:41.231,0.81183,0.81189,2.63,1.13
2012.04.10 11:47:41.449,0.81185,0.81189,1.50,1.13
2012.04.10 11:47:42.465,0.81184,0.81189,2.25,1.13
2012.04.10 11:47:43.027,0.81185,0.81189,1.50,1.13
2012.04.10 11:47:44.131,0.81189,0.81196,4.50,3.00
2012.04.10 11:47:44.350,0.81192,0.81197,1.50,1.50
2012.04.10 11:47:44.501,0.81195,0.812,1.50,1.13
2012.04.10 11:47:44.722,0.81191,0.81196,3.00,1.13
2012.04.10 11:47:44.841,0.81192,0.81196,1.50,1.88
2012.04.10 11:47:44.918,0.8119,0.81196,1.50,2.63
2012.04.10 11:47:45.478,0.81192,0.81196,1.50,1.13
2012.04.10 11:47:45.553,0.81189,0.81195,1.88,1.50
2012.04.10 11:47:46.099,0.8119,0.81196,1.50,2.63
2012.04.10 11:47:47.242,0.81188,0.81194,3.75,1.50
2012.04.10 11:47:47.653,0.81188,0.81192,1.50,1.50
2012.04.10 11:47:47.946,0.81186,0.81191,1.50,1.13
2012.04.10 11:47:48.303,0.81182,0.81188,4.88,1.13
2012.04.10 11:47:48.380,0.81185,0.81191,1.50,3.75
2012.04.10 11:47:48.579,0.81182,0.81188,3.00,2.63
2012.04.10 11:47:50.903,0.81182,0.81187,1.50,1.50
2012.04.10 11:47:53.341,0.81184,0.81188,1.50,1.13
2012.04.10 11:47:53.410,0.81184,0.8119,5.10,3.00
2012.04.10 11:47:53.485,0.81186,0.8119,1.50,3.00
2012.04.10 11:47:53.631,0.81187,0.81193,1.50,2.63
2012.04.10 11:47:53.830,0.81185,0.8119,1.88,1.13
2012.04.10 11:47:54.169,0.81184,0.81188,1.50,1.50
2012.04.10 11:47:54.456,0.81184,0.8119,3.00,1.13
2012.04.10 11:47:55.286,0.81187,0.81193,1.50,1.88
2012.04.10 11:47:55.722,0.81184,0.8119,1.88,1.13
2012.04.10 11:47:58.579,0.81184,0.8119,3.23,1.13
2012.04.10 11:47:58.784,0.81186,0.81192,2.63,1.50
2012.04.10 11:47:58.994,0.81188,0.81194,1.50,3.38
2012.04.10 11:47:59.351,0.81186,0.81191,1.13,1.50
2012.04.10 11:48:00.848,0.81185,0.8119,1.50,1.13
2012.04.10 11:48:01.451,0.81184,0.81189,1.13,1.50
2012.04.10 11:48:02.000,0.8118,0.81188,3.00,2.63
2012.04.10 11:48:02.078,0.8118,0.81185,1.50,1.50
2012.04.10 11:48:04.069,0.8118,0.81188,2.63,4.13
2012.04.10 11:48:07.433,0.81181,0.81188,1.13,2.25
2012.04.10 11:48:26.757,0.81181,0.81186,1.13,1.50
2012.04.10 11:48:28.161,0.81178,0.81184,2.63,1.13
2012.04.10 11:48:28.623,0.81174,0.81179,3.00,1.50
2012.04.10 11:48:29.130,0.81173,0.81178,1.50,1.50
2012.04.10 11:48:30.440,0.81173,0.8118,2.25,2.25
2012.04.10 11:48:31.799,0.81175,0.81181,1.50,2.63
2012.04.10 11:48:35.276,0.81174,0.81179,1.50,1.50
2012.04.10 11:48:35.708,0.81171,0.81177,5.63,1.50
2012.04.10 11:48:35.935,0.81174,0.81179,1.13,1.50
2012.04.10 11:48:36.211,0.81175,0.81181,1.50,1.88
2012.04.10 11:48:36.876,0.81176,0.81182,1.50,1.88
2012.04.10 11:48:37.422,0.81175,0.81181,1.50,1.50
2012.04.10 11:48:46.562,0.81174,0.8118,1.13,1.50
2012.04.10 11:48:54.952,0.81174,0.81178,1.13,1.50
2012.04.10 11:48:55.308,0.81172,0.81176,1.13,1.50
2012.04.10 11:48:58.948,0.81172,0.81177,1.13,1.50
2012.04.10 11:49:01.964,0.81169,0.81175,4.50,1.50
2012.04.10 11:49:05.819,0.81168,0.81173,2.63,1.50
2012.04.10 11:49:07.116,0.81171,0.81176,1.13,1.50
2012.04.10 11:49:07.194,0.81171,0.81176,1.13,1.50
2012.04.10 11:49:07.697,0.81171,0.81177,2.63,2.63
2012.04.10 11:49:12.180,0.81172,0.81177,1.13,1.50
2012.04.10 11:49:18.599,0.81174,0.8118,1.13,3.00
2012.04.10 11:49:18.759,0.81177,0.81182,1.13,1.13
2012.04.10 11:49:19.048,0.81178,0.81183,1.50,1.50
2012.04.10 11:49:20.711,0.81177,0.81183,1.13,2.63
2012.04.10 11:49:22.264,0.81178,0.81183,1.50,2.63
2012.04.10 11:49:22.545,0.81183,0.81188,1.50,2.63
2012.04.10 11:49:22.857,0.8118,0.81188,2.63,4.13
2012.04.10 11:49:28.429,0.8118,0.81188,2.63,4.50
2012.04.10 11:49:30.186,0.8118,0.81188,2.63,3.38
2012.04.10 11:49:33.137,0.8118,0.81188,2.63,4.13
2012.04.10 11:49:33.650,0.81178,0.81184,3.38,1.13
2012.04.10 11:49:34.184,0.81176,0.81181,1.50,1.50
2012.04.10 11:49:34.450,0.81177,0.81183,1.88,1.50
2012.04.10 11:49:35.849,0.81178,0.81184,1.50,1.13
2012.04.10 11:49:36.947,0.81178,0.81183,1.13,1.50
2012.04.10 11:49:37.212,0.81184,0.81188,1.73,2.63
2012.04.10 11:49:37.423,0.81182,0.81186,1.13,1.50
2012.04.10 11:49:37.649,0.81187,0.81192,1.50,1.13
2012.04.10 11:49:37.792,0.81189,0.81193,1.50,1.50
2012.04.10 11:49:38.388,0.81187,0.81192,1.50,1.13
2012.04.10 11:49:43.064,0.81187,0.81191,1.50,1.50
2012.04.10 11:49:43.608,0.81187,0.81192,3.38,1.13
2012.04.10 11:49:48.742,0.81187,0.81193,4.50,2.63
2012.04.10 11:49:49.190,0.81187,0.81192,2.63,2.10
2012.04.10 11:49:49.529,0.81182,0.81188,6.00,1.50
2012.04.10 11:49:49.880,0.81188,0.81194,1.50,4.50
2012.04.10 11:49:50.398,0.81188,0.81194,1.50,2.63
2012.04.10 11:49:56.324,0.81192,0.81197,1.13,3.00
2012.04.10 11:49:56.471,0.81192,0.81197,1.88,3.00
2012.04.10 11:49:56.544,0.81196,0.812,1.13,1.13
2012.04.10 11:49:56.977,0.81197,0.81203,1.50,1.13
2012.04.10 11:49:57.496,0.81196,0.81202,2.63,1.88
2012.04.10 11:49:58.790,0.81196,0.81201,1.13,1.50
2012.04.10 11:50:00.081,0.81196,0.81202,2.63,2.48
2012.04.10 11:50:00.604,0.81196,0.812,1.50,1.88
2012.04.10 11:50:00.696,0.81192,0.81198,2.63,1.50
2012.04.10 11:50:01.889,0.81192,0.81197,1.13,1.50
2012.04.10 11:50:05.459,0.81192,0.81197,1.13,2.25
2012.04.10 11:50:06.800,0.81192,0.81197,1.13,2.25
2012.04.10 11:50:07.227,0.81189,0.81197,3.75,3.38
2012.04.10 11:50:07.773,0.81189,0.81197,3.75,2.63
2012.04.10 11:50:12.937,0.81191,0.81197,1.13,2.63
2012.04.10 11:50:13.661,0.81191,0.81196,1.13,1.50
2012.04.10 11:50:13.728,0.81188,0.81194,4.13,1.50
2012.04.10 11:50:13.919,0.81191,0.81196,1.13,1.50
2012.04.10 11:50:15.078,0.8119,0.81196,2.25,4.35
2012.04.10 11:50:15.548,0.81191,0.81196,1.13,1.50
2012.04.10 11:50:16.077,0.81191,0.81197,1.13,2.63
2012.04.10 11:50:18.103,0.81191,0.81197,1.13,4.88
2012.04.10 11:50:18.181,0.81189,0.81195,1.50,2.48
2012.04.10 11:50:18.466,0.81187,0.81193,1.50,2.25
2012.04.10 11:50:18.612,0.81184,0.8119,2.63,1.88
2012.04.10 11:50:18.758,0.81182,0.81187,1.50,1.50
2012.04.10 11:50:18.974,0.81185,0.8119,1.50,2.63
2012.04.10 11:50:19.126,0.81186,0.81195,2.63,5.48
2012.04.10 11:50:19.279,0.81189,0.81197,3.38,3.38
2012.04.10 11:50:19.700,0.81189,0.81197,3.38,2.63
2012.04.10 11:50:24.994,0.81189,0.81197,3.75,2.63
2012.04.10 11:50:26.658,0.81189,0.81197,3.75,3.38
2012.04.10 11:50:26.729,0.81189,0.81194,1.88,1.13
2012.04.10 11:50:26.797,0.81189,0.81194,2.63,1.13
2012.04.10 11:50:30.736,0.8119,0.81194,1.50,1.13
2012.04.10 11:50:32.376,0.81188,0.81194,3.75,2.63
2012.04.10 11:50:35.162,0.81188,0.81194,2.63,2.63
2012.04.10 11:50:35.870,0.81188,0.81194,2.63,5.25
2012.04.10 11:50:40.142,0.81188,0.81193,1.50,1.13
2012.04.10 11:50:44.075,0.81189,0.81193,1.50,1.13
2012.04.10 11:50:44.578,0.81188,0.81194,1.50,1.50
2012.04.10 11:50:49.740,0.81188,0.81194,2.25,1.50
2012.04.10 11:50:49.815,0.81191,0.81197,1.13,3.38
2012.04.10 11:50:54.787,0.81189,0.81195,3.75,1.13
2012.04.10 11:50:58.559,0.81189,0.81195,1.13,3.38
2012.04.10 11:50:59.098,0.81189,0.81195,3.38,1.13
2012.04.10 11:51:00.569,0.81189,0.81194,1.50,1.13
2012.04.10 11:51:00.938,0.81188,0.81192,1.13,1.50
2012.04.10 11:51:01.481,0.81188,0.81194,2.63,4.13
2012.04.10 11:51:05.982,0.81186,0.81191,1.88,1.13
2012.04.10 11:51:06.126,0.81186,0.81191,1.50,1.88
2012.04.10 11:51:06.269,0.81185,0.81189,1.13,1.50
2012.04.10 11:51:08.500,0.81186,0.81191,1.50,1.88
2012.04.10 11:51:09.058,0.81187,0.81194,2.63,1.50
2012.04.10 11:51:09.191,0.81187,0.81194,3.00,1.50
2012.04.10 11:51:09.731,0.81187,0.81195,5.10,2.63
2012.04.10 11:51:11.252,0.81188,0.81195,1.13,2.63
2012.04.10 11:51:13.170,0.81188,0.81195,1.88,2.63
2012.04.10 11:51:14.319,0.81188,0.81195,1.50,1.50
2012.04.10 11:51:14.719,0.81188,0.81194,2.25,2.25
2012.04.10 11:51:15.227,0.81188,0.81192,2.25,1.50
2012.04.10 11:51:18.378,0.81188,0.81194,3.00,3.00
2012.04.10 11:51:19.876,0.81188,0.81193,1.13,1.50
2012.04.10 11:51:26.650,0.81187,0.81192,1.50,1.50
2012.04.10 11:51:27.197,0.81187,0.81191,1.13,1.50
2012.04.10 11:51:27.267,0.81187,0.81194,1.13,1.50
2012.04.10 11:51:31.562,0.81186,0.81192,3.00,1.13
2012.04.10 11:51:37.758,0.81185,0.81191,1.50,1.13
2012.04.10 11:51:40.534,0.81185,0.8119,1.13,1.50
2012.04.10 11:51:40.878,0.8118,0.81188,4.50,1.50
2012.04.10 11:51:41.011,0.81185,0.8119,1.13,3.00
2012.04.10 11:51:41.742,0.81181,0.81187,1.50,1.50
2012.04.10 11:51:43.677,0.81185,0.8119,1.13,1.50
2012.04.10 11:51:43.757,0.81187,0.81192,1.50,1.88
2012.04.10 11:51:44.118,0.81187,0.81193,1.50,1.13
2012.04.10 11:51:48.681,0.81188,0.81194,1.13,1.13
2012.04.10 11:51:58.469,0.81188,0.81194,1.43,1.13
2012.04.10 11:51:58.730,0.81188,0.81194,2.63,1.13
2012.04.10 11:52:01.550,0.81186,0.81193,6.00,1.50
2012.04.10 11:52:01.618,0.81188,0.81194,2.63,4.88
2012.04.10 11:52:01.690,0.81186,0.81192,1.50,2.63
2012.04.10 11:52:01.948,0.81184,0.81191,1.43,2.25
2012.04.10 11:52:02.210,0.81184,0.81188,1.13,1.50
2012.04.10 11:52:02.558,0.81184,0.81191,1.13,1.50
2012.04.10 11:52:02.962,0.81184,0.81188,1.13,1.50
2012.04.10 11:52:03.502,0.8118,0.81187,1.13,1.50
2012.04.10 11:52:07.319,0.81182,0.81187,1.13,1.50
2012.04.10 11:52:09.329,0.81182,0.81186,1.13,1.50
2012.04.10 11:52:09.840,0.81179,0.81185,1.88,1.50
2012.04.10 11:52:13.152,0.81181,0.81185,1.13,1.50
2012.04.10 11:52:13.854,0.81181,0.81186,1.13,1.50
2012.04.10 11:52:18.079,0.8118,0.81185,1.88,1.13
2012.04.10 11:52:19.169,0.81179,0.81184,2.25,1.50
2012.04.10 11:52:19.509,0.81177,0.81182,1.05,1.50
2012.04.10 11:52:20.724,0.81175,0.81181,1.13,1.50
2012.04.10 11:52:21.271,0.81176,0.81182,1.50,3.00
2012.04.10 11:52:24.173,0.81177,0.81182,1.13,1.50
2012.04.10 11:52:28.548,0.81176,0.81182,2.63,2.25
2012.04.10 11:52:37.378,0.81177,0.81182,2.10,1.50
2012.04.10 11:52:37.840,0.81177,0.81184,5.85,1.88
2012.04.10 11:52:38.832,0.81177,0.81182,1.13,1.50
2012.04.10 11:52:39.172,0.81177,0.81184,1.13,2.63
2012.04.10 11:52:39.685,0.81177,0.81184,1.13,3.38
2012.04.10 11:52:42.560,0.81177,0.81184,7.73,2.63
2012.04.10 11:52:42.635,0.81175,0.81181,5.63,1.50
2012.04.10 11:52:49.862,0.81177,0.81183,2.25,4.13
2012.04.10 11:52:51.363,0.81176,0.81182,2.63,1.50
2012.04.10 11:52:51.882,0.81176,0.81183,4.13,1.13
2012.04.10 11:52:53.597,0.81176,0.81183,3.38,1.13
2012.04.10 11:52:54.433,0.81176,0.81182,1.88,1.50
2012.04.10 11:52:54.977,0.81176,0.81183,3.38,1.13
2012.04.10 11:53:01.911,0.81176,0.81183,3.38,1.13
2012.04.10 11:53:02.431,0.81176,0.81183,3.38,1.13
2012.04.10 11:53:05.177,0.81176,0.81183,4.13,1.13
2012.04.10 11:53:15.130,0.81178,0.81184,1.88,1.50
2012.04.10 11:53:15.203,0.81178,0.81186,4.13,1.50
2012.04.10 11:53:15.341,0.81178,0.81186,5.63,1.50
2012.04.10 11:53:15.680,0.81183,0.81189,1.50,3.38
2012.04.10 11:53:16.189,0.81184,0.81189,1.50,1.13
2012.04.10 11:53:16.750,0.81183,0.81189,1.50,1.13
2012.04.10 11:53:17.276,0.81182,0.81189,2.63,1.13
2012.04.10 11:53:39.592,0.81181,0.81187,3.00,1.50
2012.04.10 11:53:44.185,0.8118,0.81186,1.13,1.50
2012.04.10 11:53:45.879,0.81181,0.81187,1.50,3.00
2012.04.10 11:54:04.053,0.8118,0.81185,1.88,1.50
2012.04.10 11:54:04.627,0.8118,0.81185,1.88,1.50
2012.04.10 11:54:07.060,0.81181,0.81185,1.13,1.50
2012.04.10 11:54:09.377,0.8118,0.81185,1.88,1.50
2012.04.10 11:54:11.476,0.8118,0.81185,1.88,1.50
2012.04.10 11:54:12.042,0.8118,0.81185,1.13,1.50
2012.04.10 11:54:12.589,0.8118,0.81185,1.88,1.50
2012.04.10 11:54:13.208,0.8118,0.81185,1.88,1.50
2012.04.10 11:54:16.413,0.8118,0.81185,1.88,1.50
2012.04.10 11:54:20.387,0.8118,0.81185,1.88,1.50
2012.04.10 11:54:21.793,0.81178,0.81183,1.13,2.63
2012.04.10 11:54:22.094,0.81175,0.8118,1.13,3.00
2012.04.10 11:54:22.883,0.81176,0.81182,1.50,1.50
2012.04.10 11:54:26.191,0.81176,0.81182,2.25,1.50
2012.04.10 11:54:31.475,0.81176,0.81182,2.25,2.63
2012.04.10 11:54:33.643,0.81177,0.81182,1.88,1.13
2012.04.10 11:54:33.770,0.81182,0.81186,1.50,1.13
2012.04.10 11:54:33.868,0.81182,0.81186,2.25,1.13
2012.04.10 11:54:34.409,0.81181,0.81186,1.50,1.13
2012.04.10 11:54:38.774,0.81181,0.81187,2.63,2.63
2012.04.10 11:54:44.620,0.81181,0.81187,3.38,2.63
2012.04.10 11:54:53.372,0.81181,0.81187,3.38,2.63
2012.04.10 11:55:01.181,0.81179,0.81186,2.25,1.50
2012.04.10 11:55:01.727,0.81179,0.81186,2.25,1.50
2012.04.10 11:55:02.484,0.81181,0.81187,1.50,2.63
2012.04.10 11:55:21.001,0.81181,0.81186,1.13,1.50
2012.04.10 11:55:22.529,0.81181,0.81187,1.13,1.13
2012.04.10 11:55:27.787,0.81182,0.81188,1.13,2.63
2012.04.10 11:55:33.536,0.81182,0.81187,1.88,1.50
2012.04.10 11:55:38.694,0.81182,0.81188,1.88,2.63
2012.04.10 11:55:42.377,0.81181,0.81187,3.38,1.13
2012.04.10 11:55:42.899,0.81181,0.81187,1.88,2.63
2012.04.10 11:55:48.088,0.81181,0.81187,1.88,2.63
2012.04.10 11:55:48.579,0.81184,0.81188,1.50,1.13
2012.04.10 11:55:49.556,0.81182,0.81187,2.63,1.50
2012.04.10 11:55:54.768,0.81179,0.81186,2.63,1.13
2012.04.10 11:55:54.865,0.81178,0.81184,4.13,3.00
2012.04.10 11:55:55.172,0.81176,0.81181,1.50,2.63
2012.04.10 11:55:55.676,0.81173,0.81177,1.50,1.50
2012.04.10 11:55:55.781,0.81173,0.8118,1.50,1.50
2012.04.10 11:55:56.440,0.81174,0.81181,1.50,1.13
2012.04.10 11:56:04.129,0.81179,0.81183,1.13,2.25
2012.04.10 11:56:04.687,0.81182,0.81187,1.50,1.13
2012.04.10 11:56:04.948,0.81182,0.81187,1.50,1.13
2012.04.10 11:56:05.080,0.8118,0.81186,2.25,1.50
2012.04.10 11:56:09.541,0.81181,0.81186,1.13,1.50
2012.04.10 11:56:12.710,0.81186,0.8119,1.13,1.13
2012.04.10 11:56:12.783,0.81184,0.81189,1.35,1.50
2012.04.10 11:56:12.921,0.81188,0.81192,1.50,1.50
2012.04.10 11:56:13.130,0.81191,0.81196,1.50,1.13
2012.04.10 11:56:13.258,0.81193,0.81197,1.50,1.35
2012.04.10 11:56:13.401,0.81189,0.81194,1.50,1.13
2012.04.10 11:56:13.748,0.81187,0.81194,1.50,1.13
2012.04.10 11:56:22.589,0.81188,0.81195,1.13,1.50
2012.04.10 11:56:24.062,0.81192,0.81197,1.13,1.50
2012.04.10 11:56:24.412,0.81187,0.81192,6.00,1.50
2012.04.10 11:56:24.549,0.81187,0.81192,1.50,1.50
2012.04.10 11:56:25.406,0.81187,0.81195,3.00,4.13
2012.04.10 11:56:26.995,0.81187,0.81195,3.00,4.13
2012.04.10 11:56:27.898,0.81187,0.81195,2.63,3.38
2012.04.10 11:56:29.635,0.81187,0.81192,1.13,1.50
2012.04.10 11:56:42.189,0.81187,0.81192,2.63,1.50
2012.04.10 11:56:42.336,0.81188,0.81194,2.25,1.50
2012.04.10 11:56:42.880,0.81187,0.81193,1.88,1.50
2012.04.10 11:56:48.260,0.81187,0.81193,1.88,1.50
2012.04.10 11:56:48.768,0.81187,0.81193,1.13,1.50
2012.04.10 11:56:50.417,0.81187,0.81191,1.13,1.50
2012.04.10 11:56:50.587,0.81187,0.81193,1.13,3.00
2012.04.10 11:56:57.579,0.81189,0.81193,1.13,1.50
2012.04.10 11:56:58.119,0.81189,0.81194,1.13,1.50
2012.04.10 11:56:58.725,0.81187,0.81192,1.50,1.50
2012.04.10 11:56:59.493,0.81192,0.81196,1.13,1.50
2012.04.10 11:56:59.632,0.8119,0.81195,1.50,1.50
2012.04.10 11:56:59.841,0.81193,0.81197,1.50,1.50
2012.04.10 11:56:59.912,0.81193,0.812,1.50,1.13
2012.04.10 11:56:59.980,0.81196,0.812,1.50,1.13
2012.04.10 11:57:00.511,0.81197,0.81203,1.50,1.88
2012.04.10 11:57:01.255,0.81196,0.812,1.50,1.13
2012.04.10 11:57:01.783,0.81197,0.81203,1.13,4.88
2012.04.10 11:57:03.249,0.81197,0.81203,1.13,3.38
2012.04.10 11:57:03.911,0.81197,0.81203,1.13,4.13
2012.04.10 11:57:04.121,0.81197,0.81203,1.13,3.38
2012.04.10 11:57:04.799,0.81197,0.81203,1.13,1.88
2012.04.10 11:57:05.391,0.81197,0.81203,1.13,1.13
2012.04.10 11:57:05.635,0.81197,0.81203,1.13,1.88
2012.04.10 11:57:06.033,0.81195,0.81199,1.50,1.13
2012.04.10 11:57:06.626,0.81193,0.81201,5.63,1.13
2012.04.10 11:57:06.806,0.81196,0.81201,1.13,3.00
2012.04.10 11:57:07.193,0.81193,0.81199,3.38,1.13
2012.04.10 11:57:07.959,0.81194,0.81199,1.50,1.13
2012.04.10 11:57:08.834,0.81196,0.81202,1.50,2.25
2012.04.10 11:57:10.889,0.81193,0.81199,2.63,1.13
2012.04.10 11:57:12.472,0.81189,0.81194,2.25,1.88
2012.04.10 11:57:12.806,0.81191,0.81195,1.50,6.75
2012.04.10 11:57:12.923,0.81184,0.81188,2.63,1.50
2012.04.10 11:57:14.963,0.81184,0.81188,1.13,1.50
2012.04.10 11:57:15.851,0.81184,0.8119,4.13,1.13
2012.04.10 11:57:16.950,0.81196,0.81201,1.13,5.40
2012.04.10 11:57:17.109,0.81194,0.81199,1.13,1.50
2012.04.10 11:57:17.325,0.81197,0.81202,1.50,1.13
2012.04.10 11:57:18.102,0.81196,0.81201,1.13,1.50
2012.04.10 11:57:19.848,0.81196,0.812,1.13,1.50
2012.04.10 11:57:20.406,0.81196,0.81201,1.13,1.50
2012.04.10 11:57:21.017,0.81195,0.81199,1.50,1.13
2012.04.10 11:57:21.092,0.81193,0.81199,3.00,2.63
2012.04.10 11:57:21.377,0.81191,0.81197,3.00,1.50
2012.04.10 11:57:21.939,0.81191,0.81196,1.50,1.50
2012.04.10 11:57:23.245,0.81188,0.81195,2.25,1.13
2012.04.10 11:57:23.423,0.81185,0.81189,2.63,1.50
2012.04.10 11:57:23.632,0.81187,0.81192,1.13,1.50
2012.04.10 11:57:23.849,0.81187,0.81195,1.43,2.63
2012.04.10 11:57:24.411,0.81193,0.81197,3.00,1.50
2012.04.10 11:57:24.518,0.812,0.81205,2.63,2.63
2012.04.10 11:57:24.610,0.81205,0.8121,1.50,1.13
2012.04.10 11:57:24.834,0.81197,0.81201,4.13,1.43
2012.04.10 11:57:24.971,0.812,0.81204,1.13,1.50
2012.04.10 11:57:25.038,0.81203,0.81208,1.50,1.13
2012.04.10 11:57:25.112,0.81203,0.81208,1.50,1.13
2012.04.10 11:57:25.453,0.81201,0.81207,1.50,1.50
2012.04.10 11:57:27.647,0.81204,0.81209,1.13,1.88
2012.04.10 11:57:28.130,0.81204,0.8121,1.13,2.25
2012.04.10 11:57:29.511,0.81201,0.81207,2.25,1.88
2012.04.10 11:57:29.877,0.81202,0.81207,2.85,2.25
2012.04.10 11:57:29.952,0.81202,0.81207,1.13,2.25
2012.04.10 11:57:32.746,0.81199,0.81205,2.25,2.25
2012.04.10 11:57:33.697,0.81199,0.81205,1.50,2.25
2012.04.10 11:57:34.050,0.81197,0.81202,2.25,1.88
2012.04.10 11:57:34.131,0.81197,0.81202,3.00,1.88
2012.04.10 11:57:34.274,0.81196,0.812,1.13,1.50
2012.04.10 11:57:34.460,0.81196,0.81202,2.63,4.88
2012.04.10 11:57:35.934,0.81194,0.81199,1.88,1.13
2012.04.10 11:57:36.561,0.81191,0.81195,2.63,1.50
2012.04.10 11:57:36.716,0.81191,0.81198,2.63,1.50
2012.04.10 11:57:36.862,0.81191,0.81198,2.63,2.25
2012.04.10 11:57:37.072,0.81191,0.81198,1.13,2.25
2012.04.10 11:57:39.014,0.81196,0.81201,1.13,1.50
2012.04.10 11:57:39.410,0.81196,0.812,1.13,1.50
2012.04.10 11:57:39.495,0.81198,0.81202,1.50,1.13
2012.04.10 11:57:39.996,0.81196,0.81202,2.63,2.63
2012.04.10 11:57:40.834,0.81198,0.81202,1.50,1.13
2012.04.10 11:57:41.192,0.81196,0.81202,2.63,2.63
2012.04.10 11:57:45.220,0.81194,0.81201,2.63,5.25
2012.04.10 11:57:45.383,0.81192,0.81196,2.25,2.48
2012.04.10 11:57:45.527,0.81184,0.81188,2.78,1.13
2012.04.10 11:57:45.745,0.8118,0.81184,3.00,1.13
2012.04.10 11:57:45.822,0.8118,0.81185,2.85,1.50
2012.04.10 11:57:46.369,0.81179,0.81184,2.63,1.13
2012.04.10 11:57:47.269,0.81178,0.81184,5.48,1.13
2012.04.10 11:57:48.139,0.8118,0.81184,1.50,1.13
2012.04.10 11:57:52.284,0.81182,0.81186,1.13,1.50
2012.04.10 11:57:52.431,0.81182,0.81188,2.63,2.63
2012.04.10 11:57:58.531,0.81186,0.81191,1.13,1.88
2012.04.10 11:57:58.886,0.81188,0.81194,1.50,2.25
2012.04.10 11:57:59.246,0.81188,0.81194,1.50,1.13
2012.04.10 11:57:59.792,0.81187,0.81194,1.50,1.88
2012.04.10 11:58:02.261,0.81186,0.81193,1.13,1.50
2012.04.10 11:58:05.461,0.81186,0.81193,1.88,1.50
2012.04.10 11:58:06.390,0.81186,0.81192,1.13,1.13
2012.04.10 11:58:11.359,0.81185,0.81191,2.63,1.13
2012.04.10 11:58:18.014,0.81185,0.81189,1.13,1.50
2012.04.10 11:58:18.352,0.81183,0.81187,1.50,1.88
2012.04.10 11:58:18.689,0.81179,0.81185,2.63,4.13
2012.04.10 11:58:19.560,0.81178,0.81185,2.63,1.88
2012.04.10 11:58:20.034,0.81177,0.81183,1.50,1.50
2012.04.10 11:58:20.678,0.81177,0.81183,2.63,3.75
2012.04.10 11:58:21.032,0.81173,0.81178,1.13,1.50
2012.04.10 11:58:21.434,0.81177,0.81181,1.13,1.50
2012.04.10 11:58:21.892,0.81177,0.81183,1.13,2.25
2012.04.10 11:58:22.463,0.81177,0.81183,1.13,2.25
2012.04.10 11:58:23.029,0.81177,0.81183,1.13,2.25
2012.04.10 11:58:23.768,0.81177,0.81183,1.13,2.25
2012.04.10 11:58:24.300,0.81176,0.81183,1.13,1.50
2012.04.10 11:58:24.960,0.81178,0.81184,1.50,2.63
2012.04.10 11:58:25.583,0.81177,0.81183,3.00,2.25
2012.04.10 11:58:35.365,0.81175,0.81182,2.85,1.50
2012.04.10 11:58:35.879,0.81175,0.81182,3.60,1.50
2012.04.10 11:58:39.751,0.81175,0.81182,2.85,1.50
2012.04.10 11:58:41.059,0.81177,0.81182,1.13,1.50
2012.04.10 11:58:41.619,0.81177,0.81181,1.13,1.50
2012.04.10 11:58:59.219,0.81178,0.81183,1.13,1.50
2012.04.10 11:58:59.292,0.81178,0.81183,1.13,3.00
2012.04.10 11:58:59.621,0.81178,0.81186,3.38,2.63
2012.04.10 11:58:59.691,0.81178,0.81184,1.88,1.50
2012.04.10 11:59:04.480,0.81177,0.81183,1.50,1.13
2012.04.10 11:59:04.926,0.81177,0.81181,1.50,1.50
2012.04.10 11:59:12.692,0.81174,0.81179,3.38,1.50
2012.04.10 11:59:13.139,0.81177,0.81182,1.13,1.50
2012.04.10 11:59:13.688,0.81177,0.81183,1.13,2.63
2012.04.10 11:59:14.360,0.81178,0.81183,1.50,1.13
2012.04.10 11:59:14.901,0.81177,0.81182,1.13,1.50
2012.04.10 11:59:18.002,0.81176,0.81181,1.13,1.50
2012.04.10 11:59:18.929,0.81177,0.81182,1.50,1.88
2012.04.10 11:59:19.611,0.81176,0.81181,1.13,1.50
2012.04.10 11:59:20.140,0.81177,0.81182,1.50,1.88
2012.04.10 11:59:21.361,0.81176,0.81182,1.13,3.38
2012.04.10 11:59:22.918,0.81176,0.81181,1.13,1.50
2012.04.10 11:59:24.314,0.81177,0.81182,1.50,1.13
2012.04.10 11:59:24.828,0.81176,0.81182,1.13,2.63
2012.04.10 11:59:27.866,0.81177,0.81182,1.50,1.13
2012.04.10 11:59:32.500,0.81177,0.81182,1.50,2.63
2012.04.10 11:59:32.574,0.81174,0.81178,1.50,1.13
2012.04.10 11:59:32.974,0.81168,0.81174,3.45,2.63
2012.04.10 11:59:33.257,0.81165,0.81171,4.13,1.50
2012.04.10 11:59:38.351,0.81165,0.81171,4.13,1.50
2012.04.10 11:59:38.879,0.81166,0.81173,2.63,1.13
2012.04.10 11:59:40.281,0.81166,0.81173,3.00,1.13
2012.04.10 11:59:42.927,0.81168,0.81173,1.50,1.13
2012.04.10 11:59:46.367,0.81168,0.81175,1.50,1.13
2012.04.10 11:59:54.859,0.81172,0.81176,1.13,1.50
2012.04.10 11:59:55.190,0.81172,0.81178,1.13,4.88
2012.04.10 11:59:59.823,0.81172,0.81177,2.25,1.13
