2011.06.28 03:00:02.949,0.80806,0.80816,1.13,6.00
2011.06.28 03:00:03.278,0.80809,0.80818,1.13,2.25
2011.06.28 03:00:05.269,0.80806,0.80815,6.00,1.13
2011.06.28 03:00:05.490,0.80804,0.80813,1.50,1.13
2011.06.28 03:00:05.608,0.80803,0.80813,3.08,1.13
2011.06.28 03:00:06.159,0.80802,0.80812,1.50,1.50
2011.06.28 03:00:17.487,0.80803,0.80814,2.25,1.88
2011.06.28 03:00:17.821,0.80806,0.80815,1.88,3.75
2011.06.28 03:00:18.522,0.80806,0.80817,1.88,1.13
2011.06.28 03:00:21.079,0.80804,0.80813,1.50,1.13
2011.06.28 03:00:22.279,0.80803,0.80813,1.50,1.50
2011.06.28 03:00:22.387,0.80803,0.80813,1.50,1.50
2011.06.28 03:00:22.720,0.80804,0.80813,1.13,1.50
2011.06.28 03:00:24.177,0.80804,0.80813,1.13,1.50
2011.06.28 03:00:27.068,0.80801,0.8081,1.50,1.13
2011.06.28 03:00:27.180,0.80799,0.80809,1.50,1.50
2011.06.28 03:00:27.740,0.80802,0.80811,1.13,1.50
2011.06.28 03:00:28.298,0.80801,0.80812,1.13,1.50
2011.06.28 03:00:32.819,0.808,0.8081,2.63,1.13
2011.06.28 03:00:36.324,0.80799,0.80811,1.50,2.63
2011.06.28 03:00:39.428,0.80798,0.80809,2.25,1.88
2011.06.28 03:00:40.318,0.80799,0.80809,1.13,1.50
2011.06.28 03:00:57.188,0.808,0.8081,2.25,1.13
2011.06.28 03:00:57.519,0.80801,0.80812,1.50,2.63
2011.06.28 03:01:02.327,0.80801,0.8081,1.50,1.13
2011.06.28 03:01:08.559,0.808,0.80809,1.50,1.13
2011.06.28 03:01:21.041,0.80801,0.8081,1.50,1.13
2011.06.28 03:01:32.320,0.80802,0.80812,1.13,2.63
2011.06.28 03:01:37.639,0.80803,0.80812,1.50,1.88
2011.06.28 03:01:37.857,0.80802,0.80812,1.88,1.88
2011.06.28 03:01:48.859,0.808,0.80811,8.25,1.13
2011.06.28 03:01:55.057,0.808,0.80811,1.50,2.63
2011.06.28 03:01:59.738,0.808,0.80807,5.25,1.50
2011.06.28 03:02:00.178,0.80798,0.80809,2.25,1.13
2011.06.28 03:02:00.728,0.808,0.8081,1.50,1.13
2011.06.28 03:02:05.068,0.808,0.8081,1.88,1.13
2011.06.28 03:02:06.359,0.80799,0.80808,1.50,1.13
2011.06.28 03:02:07.348,0.80798,0.80808,1.88,1.13
2011.06.28 03:02:10.043,0.80799,0.80809,1.13,2.63
2011.06.28 03:02:10.576,0.80798,0.8081,2.63,1.50
2011.06.28 03:02:11.138,0.80802,0.80811,1.13,3.75
2011.06.28 03:02:11.251,0.80799,0.80809,2.63,1.50
2011.06.28 03:02:20.770,0.80799,0.80808,1.13,1.50
2011.06.28 03:02:20.990,0.80799,0.80809,1.88,1.13
2011.06.28 03:02:22.987,0.80799,0.8081,1.50,1.50
2011.06.28 03:02:25.895,0.80799,0.8081,1.50,2.25
2011.06.28 03:02:26.009,0.80797,0.80807,5.10,2.25
2011.06.28 03:02:26.228,0.80799,0.80809,1.13,2.63
2011.06.28 03:02:46.298,0.80797,0.80808,1.50,1.50
2011.06.28 03:03:02.463,0.80798,0.80808,1.35,1.50
2011.06.28 03:03:06.937,0.80797,0.80808,3.23,2.63
2011.06.28 03:03:07.489,0.80797,0.80806,1.35,1.50
2011.06.28 03:03:08.038,0.80795,0.80806,3.60,1.88
2011.06.28 03:03:08.148,0.80795,0.80805,1.50,1.50
2011.06.28 03:03:08.920,0.80797,0.80806,1.88,1.50
2011.06.28 03:03:09.250,0.80795,0.80804,1.50,1.50
2011.06.28 03:03:09.699,0.80797,0.80807,1.50,2.25
2011.06.28 03:03:10.247,0.80795,0.80807,3.38,2.25
2011.06.28 03:03:15.978,0.80797,0.80807,1.50,1.50
2011.06.28 03:03:25.557,0.80797,0.80808,2.25,1.50
2011.06.28 03:03:26.108,0.80797,0.80808,2.63,1.50
2011.06.28 03:03:56.088,0.80798,0.80808,1.35,2.25
2011.06.28 03:03:59.509,0.80797,0.80808,5.85,2.25
2011.06.28 03:04:00.058,0.80797,0.80808,5.85,2.25
2011.06.28 03:04:14.569,0.80798,0.80808,1.35,2.25
2011.06.28 03:04:15.858,0.80799,0.80809,1.13,1.50
2011.06.28 03:04:16.188,0.80798,0.80808,2.10,2.25
2011.06.28 03:04:33.801,0.80797,0.80808,1.88,2.63
2011.06.28 03:04:35.388,0.80797,0.80807,1.50,1.88
2011.06.28 03:04:46.317,0.80796,0.80806,1.13,1.50
2011.06.28 03:04:46.428,0.80794,0.80806,6.38,1.50
2011.06.28 03:04:46.649,0.80795,0.80807,1.13,2.25
2011.06.28 03:04:47.336,0.80795,0.80807,1.13,2.25
2011.06.28 03:04:50.497,0.80795,0.80806,1.13,1.88
2011.06.28 03:04:53.209,0.80794,0.80805,1.88,1.13
2011.06.28 03:04:53.649,0.80792,0.80801,5.66,1.13
2011.06.28 03:04:54.199,0.80791,0.80801,1.50,1.88
2011.06.28 03:04:54.640,0.80792,0.80803,1.13,3.00
2011.06.28 03:04:54.749,0.80793,0.80803,1.50,1.50
2011.06.28 03:04:54.860,0.80794,0.80804,1.13,6.00
2011.06.28 03:04:55.324,0.80795,0.80805,1.13,2.25
2011.06.28 03:04:55.881,0.80794,0.80805,1.50,3.38
2011.06.28 03:04:56.438,0.80793,0.80804,1.50,1.50
2011.06.28 03:05:09.269,0.80793,0.80805,1.88,2.25
2011.06.28 03:05:13.030,0.80792,0.80802,1.50,1.50
2011.06.28 03:05:16.569,0.80791,0.80802,2.25,1.88
2011.06.28 03:05:20.200,0.80791,0.808,2.25,1.13
2011.06.28 03:05:20.320,0.8079,0.80799,2.25,1.50
2011.06.28 03:05:22.049,0.8079,0.80799,1.50,1.13
2011.06.28 03:05:22.600,0.80791,0.80801,4.50,1.50
2011.06.28 03:05:22.817,0.80791,0.80802,5.25,1.88
2011.06.28 03:05:23.477,0.80791,0.80802,8.10,1.88
2011.06.28 03:05:23.590,0.80795,0.80803,4.50,1.50
2011.06.28 03:05:23.808,0.80795,0.80804,4.50,1.35
2011.06.28 03:05:23.920,0.80793,0.80801,4.50,1.13
2011.06.28 03:05:24.148,0.80792,0.80801,1.50,1.13
2011.06.28 03:05:30.678,0.80791,0.80798,1.50,1.50
2011.06.28 03:05:31.010,0.8079,0.80799,4.50,1.50
2011.06.28 03:05:32.170,0.8079,0.80801,1.88,1.88
2011.06.28 03:05:32.509,0.80792,0.80803,2.25,1.88
2011.06.28 03:05:37.991,0.80792,0.80801,1.50,1.13
2011.06.28 03:05:39.488,0.80791,0.808,1.50,1.13
2011.06.28 03:05:39.820,0.80786,0.80796,1.35,1.13
2011.06.28 03:05:40.047,0.80785,0.80796,1.50,1.13
2011.06.28 03:05:41.517,0.80786,0.80796,5.25,1.13
2011.06.28 03:05:41.629,0.80787,0.80797,1.50,1.50
2011.06.28 03:05:43.799,0.80786,0.80797,1.50,1.50
2011.06.28 03:05:43.910,0.80785,0.80797,2.63,1.50
2011.06.28 03:05:44.555,0.80785,0.80797,1.88,1.50
2011.06.28 03:05:51.097,0.80787,0.80798,1.50,2.25
2011.06.28 03:05:54.278,0.80787,0.80798,1.50,6.38
2011.06.28 03:05:54.387,0.80786,0.80797,1.50,2.25
2011.06.28 03:05:55.758,0.80786,0.80797,4.88,1.50
2011.06.28 03:05:55.869,0.80787,0.80798,2.25,2.25
2011.06.28 03:05:59.994,0.80787,0.80798,2.25,1.50
2011.06.28 03:06:00.547,0.80787,0.80798,2.25,2.25
2011.06.28 03:06:08.928,0.80787,0.80797,1.88,1.50
2011.06.28 03:06:09.476,0.80787,0.80798,1.88,1.50
2011.06.28 03:06:14.607,0.80787,0.80798,2.25,1.50
2011.06.28 03:06:14.719,0.80786,0.80796,4.88,1.50
2011.06.28 03:06:15.267,0.80786,0.80797,1.88,1.88
2011.06.28 03:06:21.040,0.80786,0.80798,1.88,3.00
2011.06.28 03:06:21.588,0.80787,0.80798,1.50,2.25
2011.06.28 03:06:42.804,0.80787,0.80798,1.50,2.25
2011.06.28 03:06:43.869,0.80786,0.80795,5.25,1.13
2011.06.28 03:06:44.199,0.80785,0.80793,1.50,1.13
2011.06.28 03:06:44.309,0.80784,0.80793,2.25,1.13
2011.06.28 03:06:44.856,0.80784,0.80793,1.50,1.13
2011.06.28 03:07:10.288,0.80785,0.80795,1.13,1.50
2011.06.28 03:07:10.618,0.80784,0.80793,1.50,1.50
2011.06.28 03:07:11.058,0.80784,0.80796,1.50,1.13
2011.06.28 03:07:15.558,0.80784,0.80794,1.50,1.13
2011.06.28 03:07:15.889,0.80782,0.80791,1.50,1.50
2011.06.28 03:07:16.001,0.80781,0.80791,1.50,1.50
2011.06.28 03:07:16.558,0.80781,0.80791,1.50,3.00
2011.06.28 03:07:17.329,0.80781,0.80792,5.25,1.50
2011.06.28 03:07:22.949,0.8078,0.8079,1.50,1.50
2011.06.28 03:07:24.858,0.8078,0.80789,1.50,1.88
2011.06.28 03:07:25.408,0.80781,0.80789,1.50,1.50
2011.06.28 03:07:38.937,0.80781,0.80791,1.50,3.00
2011.06.28 03:07:46.647,0.80781,0.80791,1.88,1.50
2011.06.28 03:07:46.758,0.80781,0.80792,1.88,2.25
2011.06.28 03:07:57.878,0.80782,0.80792,1.50,2.25
2011.06.28 03:07:58.427,0.80782,0.80793,5.63,1.50
2011.06.28 03:08:44.077,0.80782,0.80793,1.88,1.50
2011.06.28 03:08:58.063,0.80782,0.80794,1.88,1.88
2011.06.28 03:08:58.739,0.80782,0.80793,1.88,1.50
2011.06.28 03:09:26.297,0.80782,0.80793,2.48,1.50
2011.06.28 03:09:35.297,0.80786,0.80795,1.13,2.25
2011.06.28 03:09:35.629,0.80788,0.80796,1.13,1.50
2011.06.28 03:09:35.850,0.80788,0.80799,1.13,6.75
2011.06.28 03:10:04.027,0.80788,0.80799,1.13,3.00
2011.06.28 03:10:29.963,0.80788,0.80799,1.13,2.25
2011.06.28 03:10:57.219,0.80789,0.80798,1.13,1.50
2011.06.28 03:10:58.608,0.80789,0.80798,1.13,1.50
2011.06.28 03:11:03.907,0.80789,0.80798,1.13,2.25
2011.06.28 03:11:05.788,0.80789,0.80798,1.13,2.25
2011.06.28 03:11:36.694,0.80789,0.80799,1.13,1.50
2011.06.28 03:11:37.247,0.80789,0.80799,1.13,2.63
2011.06.28 03:11:51.469,0.80789,0.80798,1.13,1.50
2011.06.28 03:11:57.947,0.80789,0.80799,1.13,2.63
2011.06.28 03:12:08.083,0.80788,0.80799,1.13,2.63
2011.06.28 03:12:18.918,0.80788,0.80798,1.13,1.13
2011.06.28 03:12:19.908,0.80786,0.80797,1.88,1.50
2011.06.28 03:12:20.128,0.80786,0.80796,1.88,4.50
2011.06.28 03:12:20.350,0.80784,0.80795,2.25,5.63
2011.06.28 03:12:23.317,0.80784,0.80794,1.50,1.50
2011.06.28 03:12:54.238,0.80783,0.80793,1.13,1.88
2011.06.28 03:12:54.788,0.80782,0.80792,2.85,1.50
2011.06.28 03:12:55.328,0.80782,0.80791,1.50,1.13
2011.06.28 03:12:55.441,0.80779,0.8079,3.38,2.25
2011.06.28 03:12:55.999,0.80779,0.8079,1.88,3.00
2011.06.28 03:13:04.489,0.80779,0.80789,1.88,1.88
2011.06.28 03:13:20.791,0.80778,0.80788,1.13,2.63
2011.06.28 03:13:26.169,0.80778,0.80787,1.13,1.50
2011.06.28 03:13:29.528,0.80778,0.80788,1.88,1.13
2011.06.28 03:13:34.593,0.80778,0.80789,2.63,1.50
2011.06.28 03:13:34.822,0.8078,0.8079,1.88,1.13
2011.06.28 03:13:34.941,0.80781,0.80791,1.13,4.50
2011.06.28 03:13:35.489,0.80782,0.80793,1.35,1.13
2011.06.28 03:13:36.258,0.80782,0.80793,1.73,1.13
2011.06.28 03:13:41.748,0.80782,0.80792,1.73,1.13
2011.06.28 03:13:46.018,0.80782,0.80792,1.35,1.13
2011.06.28 03:13:46.910,0.8078,0.80791,1.88,1.50
2011.06.28 03:13:47.019,0.8078,0.8079,1.88,1.88
2011.06.28 03:14:21.299,0.80781,0.80791,1.50,1.50
2011.06.28 03:14:21.521,0.80783,0.80792,1.13,1.50
2011.06.28 03:14:30.732,0.80783,0.80793,1.13,2.25
2011.06.28 03:14:35.079,0.80782,0.80792,3.98,1.50
2011.06.28 03:14:36.949,0.80781,0.8079,1.13,1.50
2011.06.28 03:14:37.169,0.80779,0.8079,5.63,1.50
2011.06.28 03:14:37.829,0.80783,0.80791,1.13,2.25
2011.06.28 03:14:37.940,0.80783,0.80792,1.13,1.50
2011.06.28 03:14:40.330,0.80782,0.80792,1.13,1.50
2011.06.28 03:14:41.540,0.8078,0.80792,2.10,5.63
2011.06.28 03:14:41.759,0.80781,0.80792,1.88,5.25
2011.06.28 03:14:43.549,0.80782,0.80793,1.88,5.25
2011.06.28 03:14:51.799,0.80782,0.80792,1.88,1.50
2011.06.28 03:15:02.769,0.80781,0.80792,1.50,1.50
2011.06.28 03:15:03.317,0.8078,0.80791,2.48,5.25
2011.06.28 03:15:35.421,0.80782,0.80791,1.13,1.50
2011.06.28 03:15:42.069,0.80781,0.80791,1.50,1.50
2011.06.28 03:15:42.617,0.8078,0.80791,1.88,5.25
2011.06.28 03:15:49.461,0.8078,0.8079,1.50,1.88
2011.06.28 03:15:50.129,0.80778,0.80788,1.13,1.13
2011.06.28 03:15:56.009,0.80779,0.80789,1.13,1.88
2011.06.28 03:15:56.449,0.80779,0.8079,1.88,1.50
2011.06.28 03:15:57.420,0.80779,0.8079,1.50,1.88
2011.06.28 03:15:58.420,0.80778,0.80789,1.73,2.25
2011.06.28 03:16:13.888,0.80779,0.80789,1.50,1.50
2011.06.28 03:16:32.421,0.8078,0.8079,1.50,2.25
2011.06.28 03:16:36.182,0.8078,0.8079,1.50,2.25
2011.06.28 03:16:53.357,0.8078,0.8079,1.50,2.25
2011.06.28 03:16:58.950,0.8078,0.80791,1.50,1.88
2011.06.28 03:17:06.670,0.8078,0.80789,1.50,1.13
2011.06.28 03:17:06.999,0.80778,0.80789,2.25,1.13
2011.06.28 03:17:08.541,0.80778,0.80788,1.50,1.13
2011.06.28 03:17:09.089,0.80778,0.80788,1.50,1.50
2011.06.28 03:17:13.152,0.80775,0.80784,3.00,1.13
2011.06.28 03:17:13.378,0.80777,0.80787,2.25,1.13
2011.06.28 03:17:15.398,0.80778,0.80788,1.88,1.88
2011.06.28 03:17:18.218,0.80778,0.80787,1.88,2.25
2011.06.28 03:17:18.879,0.80778,0.80788,1.88,1.88
2011.06.28 03:17:21.519,0.80777,0.80787,1.50,1.13
2011.06.28 03:18:11.079,0.80777,0.80788,2.48,2.25
2011.06.28 03:18:11.629,0.80777,0.80788,3.23,1.50
2011.06.28 03:18:47.180,0.80775,0.80785,3.38,1.13
2011.06.28 03:18:47.290,0.80775,0.80786,3.38,3.75
2011.06.28 03:18:47.512,0.80775,0.80785,2.25,1.13
2011.06.28 03:18:47.850,0.80773,0.80781,1.50,1.13
2011.06.28 03:18:47.960,0.80773,0.80785,1.88,5.63
2011.06.28 03:18:48.069,0.80774,0.80785,1.50,1.88
2011.06.28 03:18:52.078,0.80773,0.80781,3.00,1.13
2011.06.28 03:18:52.190,0.80773,0.80781,2.25,1.13
2011.06.28 03:18:55.801,0.8077,0.80781,6.75,1.13
2011.06.28 03:18:57.012,0.80768,0.80775,2.25,1.13
2011.06.28 03:18:57.351,0.80764,0.80773,1.50,1.13
2011.06.28 03:18:57.898,0.80762,0.80773,2.25,1.13
2011.06.28 03:18:59.318,0.80763,0.80773,1.50,1.13
2011.06.28 03:19:00.441,0.80765,0.80775,1.50,1.13
2011.06.28 03:19:02.401,0.80769,0.80778,1.50,1.13
2011.06.28 03:19:25.878,0.80768,0.80779,2.63,1.50
2011.06.28 03:19:35.179,0.80768,0.80779,1.88,2.25
2011.06.28 03:19:35.730,0.80768,0.80777,1.13,1.50
2011.06.28 03:19:37.282,0.80768,0.80779,1.13,5.25
2011.06.28 03:19:45.140,0.80771,0.8078,1.13,4.50
2011.06.28 03:19:45.692,0.80773,0.80782,1.13,1.50
2011.06.28 03:19:46.238,0.80773,0.80783,1.13,4.50
2011.06.28 03:19:47.340,0.80777,0.80783,1.13,3.75
2011.06.28 03:19:47.874,0.80773,0.80784,1.13,1.50
2011.06.28 03:19:53.228,0.80771,0.80782,3.00,4.50
2011.06.28 03:19:53.559,0.80771,0.80782,1.50,6.00
2011.06.28 03:19:53.780,0.8077,0.80779,1.50,3.75
2011.06.28 03:19:54.328,0.8077,0.80779,1.50,4.50
2011.06.28 03:20:09.579,0.80771,0.8078,1.50,1.50
2011.06.28 03:20:09.689,0.80771,0.80782,1.88,5.25
2011.06.28 03:20:10.440,0.80772,0.80782,1.50,1.50
2011.06.28 03:20:10.988,0.80773,0.80782,1.88,1.50
2011.06.28 03:20:11.543,0.80773,0.80783,1.88,5.25
2011.06.28 03:20:14.690,0.80773,0.80784,1.88,1.50
2011.06.28 03:20:15.240,0.80773,0.80785,1.50,1.88
2011.06.28 03:20:15.348,0.80774,0.80785,1.13,1.88
2011.06.28 03:20:22.659,0.80774,0.80785,1.13,1.50
2011.06.28 03:20:34.770,0.80778,0.80787,1.50,1.50
2011.06.28 03:20:34.990,0.80774,0.80785,5.63,1.88
2011.06.28 03:20:49.352,0.80773,0.80782,1.50,1.50
2011.06.28 03:20:49.909,0.80771,0.80782,2.25,2.25
2011.06.28 03:21:00.273,0.8077,0.80781,2.48,1.50
2011.06.28 03:21:10.511,0.80767,0.80775,1.50,4.50
2011.06.28 03:21:10.840,0.80766,0.80777,1.88,1.50
2011.06.28 03:21:11.389,0.80766,0.80777,1.88,1.50
2011.06.28 03:21:15.706,0.80767,0.80777,1.50,1.50
2011.06.28 03:21:15.819,0.80769,0.80778,1.13,3.00
2011.06.28 03:21:16.150,0.8077,0.80779,1.13,1.50
2011.06.28 03:21:16.699,0.8077,0.80781,1.13,6.00
2011.06.28 03:21:23.521,0.80771,0.80778,1.13,1.50
2011.06.28 03:21:23.631,0.80769,0.80777,1.35,1.50
2011.06.28 03:21:23.850,0.80771,0.8078,1.13,1.50
2011.06.28 03:21:23.961,0.80769,0.80779,1.73,1.50
2011.06.28 03:21:24.070,0.80769,0.80779,1.35,2.63
2011.06.28 03:21:26.730,0.80767,0.80776,1.50,1.50
2011.06.28 03:21:26.840,0.80765,0.80776,1.50,5.25
2011.06.28 03:21:27.477,0.80765,0.80776,1.50,6.00
2011.06.28 03:21:28.360,0.80765,0.80775,1.50,2.25
2011.06.28 03:21:28.470,0.80764,0.80775,1.13,6.75
2011.06.28 03:21:28.689,0.80764,0.80775,1.13,5.25
2011.06.28 03:21:38.058,0.80765,0.80776,1.50,6.00
2011.06.28 03:21:46.820,0.80767,0.80776,1.13,4.50
2011.06.28 03:21:47.151,0.80769,0.80779,1.13,4.50
2011.06.28 03:21:47.261,0.80769,0.80781,1.13,6.00
2011.06.28 03:21:48.779,0.80771,0.80781,1.13,1.50
2011.06.28 03:21:56.469,0.80772,0.80782,1.13,1.50
2011.06.28 03:22:21.531,0.80767,0.80773,1.50,1.13
2011.06.28 03:22:21.752,0.80766,0.80776,1.50,1.50
2011.06.28 03:22:22.310,0.80766,0.80776,3.00,1.50
2011.06.28 03:22:28.802,0.80766,0.80775,1.50,1.50
2011.06.28 03:22:32.101,0.80766,0.80775,1.50,1.50
2011.06.28 03:22:32.210,0.80766,0.80776,1.50,1.50
2011.06.28 03:22:32.320,0.80768,0.80777,1.13,1.50
2011.06.28 03:22:32.870,0.80769,0.80778,1.13,2.25
2011.06.28 03:22:37.500,0.8077,0.80778,1.50,1.50
2011.06.28 03:22:37.939,0.8077,0.8078,1.50,1.50
2011.06.28 03:22:40.641,0.80769,0.80778,3.00,1.13
2011.06.28 03:22:40.971,0.8077,0.80779,1.50,1.50
2011.06.28 03:22:44.833,0.80769,0.80776,1.50,1.50
2011.06.28 03:22:45.072,0.80771,0.80779,1.50,1.50
2011.06.28 03:22:50.011,0.80767,0.80777,2.85,1.50
2011.06.28 03:22:50.339,0.8077,0.80778,1.50,1.50
2011.06.28 03:22:55.302,0.8077,0.80779,2.25,2.25
2011.06.28 03:22:55.750,0.80769,0.80776,1.50,1.13
2011.06.28 03:22:56.079,0.80768,0.80778,1.50,1.50
2011.06.28 03:22:59.942,0.80769,0.80777,1.50,1.50
2011.06.28 03:23:00.053,0.80769,0.80777,2.25,1.50
2011.06.28 03:23:00.281,0.8077,0.80778,1.50,1.88
2011.06.28 03:23:00.830,0.8077,0.8078,2.25,2.25
2011.06.28 03:23:13.929,0.8077,0.8078,2.25,1.50
2011.06.28 03:23:16.979,0.8077,0.80781,2.25,2.25
2011.06.28 03:23:17.530,0.8077,0.80782,3.41,1.13
2011.06.28 03:23:18.080,0.80773,0.80783,1.50,4.88
2011.06.28 03:23:18.192,0.80773,0.80781,1.50,1.13
2011.06.28 03:23:18.692,0.80773,0.80784,6.38,1.50
2011.06.28 03:23:21.240,0.80773,0.80782,4.50,1.13
2011.06.28 03:23:42.769,0.80774,0.80784,1.13,1.88
2011.06.28 03:23:58.823,0.80773,0.80781,1.50,1.13
2011.06.28 03:24:00.812,0.80772,0.80783,3.00,1.13
2011.06.28 03:24:01.151,0.80774,0.80784,1.13,1.13
2011.06.28 03:24:06.400,0.80775,0.80785,1.50,1.50
2011.06.28 03:24:06.950,0.80775,0.80786,2.25,1.13
2011.06.28 03:24:07.831,0.80777,0.80786,2.25,1.13
2011.06.28 03:24:08.160,0.8078,0.80786,1.50,1.13
2011.06.28 03:24:08.274,0.8078,0.80789,2.25,1.13
2011.06.28 03:24:09.490,0.80778,0.80786,2.25,1.50
2011.06.28 03:24:09.711,0.8078,0.80789,2.25,1.88
2011.06.28 03:24:09.931,0.80779,0.80787,1.50,1.13
2011.06.28 03:24:10.536,0.80781,0.80791,1.50,1.50
2011.06.28 03:24:53.780,0.80783,0.80793,1.13,1.50
2011.06.28 03:24:54.329,0.80784,0.80795,2.25,1.13
2011.06.28 03:25:03.499,0.80784,0.80795,1.50,1.13
2011.06.28 03:25:05.820,0.80783,0.80792,1.50,1.13
2011.06.28 03:25:19.550,0.80782,0.80791,1.50,1.13
2011.06.28 03:25:20.682,0.80782,0.80791,1.60,1.13
2011.06.28 03:25:27.173,0.80782,0.80791,1.50,1.13
2011.06.28 03:25:47.860,0.80782,0.80791,1.50,2.10
2011.06.28 03:25:52.052,0.80782,0.80792,1.50,1.50
2011.06.28 03:25:52.611,0.80782,0.80793,1.88,1.50
2011.06.28 03:26:09.450,0.80782,0.80793,1.88,2.25
2011.06.28 03:26:09.999,0.80782,0.80793,1.88,2.25
2011.06.28 03:26:10.331,0.80784,0.80793,1.88,1.50
2011.06.28 03:26:10.879,0.80784,0.80795,2.63,2.10
2011.06.28 03:26:12.310,0.80784,0.80795,2.63,1.50
2011.06.28 03:26:12.859,0.80785,0.80797,1.50,6.98
2011.06.28 03:26:17.185,0.80787,0.80797,1.13,1.35
2011.06.28 03:26:17.524,0.80794,0.80802,1.13,1.50
2011.06.28 03:26:17.752,0.80794,0.80803,1.13,2.25
2011.06.28 03:26:22.299,0.80794,0.80803,1.13,1.50
2011.06.28 03:26:24.553,0.80792,0.80803,1.50,2.25
2011.06.28 03:26:25.112,0.80791,0.80802,1.13,5.25
2011.06.28 03:26:27.201,0.80791,0.80801,1.88,1.50
2011.06.28 03:26:27.803,0.80791,0.808,1.13,1.50
2011.06.28 03:26:28.360,0.8079,0.80799,1.13,1.50
2011.06.28 03:26:38.370,0.80789,0.808,1.50,3.00
2011.06.28 03:26:38.484,0.80788,0.80797,3.75,1.73
2011.06.28 03:26:38.601,0.80785,0.80797,2.25,3.23
2011.06.28 03:26:38.930,0.80782,0.80794,1.13,2.25
2011.06.28 03:26:41.113,0.80783,0.80793,1.13,1.50
2011.06.28 03:26:46.510,0.80782,0.80794,1.13,5.25
2011.06.28 03:26:48.822,0.80784,0.80793,1.13,1.50
2011.06.28 03:26:54.240,0.80787,0.80795,1.13,1.50
2011.06.28 03:26:54.460,0.80787,0.80796,1.13,1.50
2011.06.28 03:26:58.180,0.80787,0.80798,1.88,1.50
2011.06.28 03:27:00.260,0.80787,0.80797,1.88,1.13
2011.06.28 03:27:07.439,0.80787,0.80796,1.50,1.13
2011.06.28 03:27:07.880,0.80788,0.80799,2.63,1.50
2011.06.28 03:27:10.769,0.80788,0.808,3.04,2.63
2011.06.28 03:27:10.990,0.8079,0.808,1.13,2.63
2011.06.28 03:27:15.192,0.80791,0.808,1.13,1.50
2011.06.28 03:27:15.915,0.80792,0.80801,1.13,1.50
2011.06.28 03:27:53.672,0.80796,0.80805,1.13,6.00
2011.06.28 03:27:54.220,0.80796,0.80805,1.13,1.50
2011.06.28 03:27:59.751,0.80794,0.80802,1.50,1.50
2011.06.28 03:28:09.630,0.80794,0.80804,1.50,1.88
2011.06.28 03:28:09.851,0.80797,0.80807,1.13,1.53
2011.06.28 03:28:10.399,0.80797,0.80806,1.13,2.27
2011.06.28 03:28:11.496,0.80795,0.80806,1.13,2.27
2011.06.28 03:28:12.049,0.80796,0.80806,1.13,1.53
2011.06.28 03:28:12.164,0.80798,0.80806,1.13,1.53
2011.06.28 03:28:22.680,0.80799,0.80806,1.13,1.50
2011.06.28 03:28:22.791,0.80799,0.80808,1.13,3.77
2011.06.28 03:28:22.899,0.80799,0.8081,1.13,5.25
2011.06.28 03:28:23.449,0.80799,0.8081,1.88,4.50
2011.06.28 03:28:27.640,0.80801,0.8081,1.13,1.50
2011.06.28 03:28:27.862,0.80801,0.80811,1.13,1.50
2011.06.28 03:28:28.521,0.80799,0.80808,1.13,1.10
2011.06.28 03:28:28.742,0.80798,0.80809,1.50,2.25
2011.06.28 03:28:28.852,0.80797,0.80807,1.13,4.50
2011.06.28 03:28:28.960,0.80795,0.80806,3.00,1.50
2011.06.28 03:28:29.510,0.80794,0.80804,2.32,1.50
2011.06.28 03:28:29.840,0.80793,0.80803,1.50,4.50
2011.06.28 03:28:39.851,0.80796,0.80805,1.13,5.25
2011.06.28 03:28:40.071,0.80796,0.80807,1.13,5.25
2011.06.28 03:28:41.550,0.80793,0.80804,6.38,1.13
2011.06.28 03:28:43.800,0.80794,0.80803,1.50,1.50
2011.06.28 03:28:44.021,0.80796,0.80806,1.88,1.50
2011.06.28 03:28:47.434,0.80799,0.80806,1.13,4.50
2011.06.28 03:28:50.081,0.80798,0.80807,1.13,2.25
2011.06.28 03:28:56.649,0.80798,0.80808,1.13,2.25
2011.06.28 03:28:57.200,0.80799,0.8081,1.88,1.50
2011.06.28 03:28:57.749,0.80799,0.80811,1.88,3.00
2011.06.28 03:28:57.860,0.80799,0.80811,1.88,2.25
2011.06.28 03:28:58.631,0.80801,0.80811,1.13,1.50
2011.06.28 03:29:07.321,0.80801,0.80811,1.13,2.25
2011.06.28 03:29:08.895,0.80801,0.8081,1.13,3.75
2011.06.28 03:29:09.125,0.80798,0.80808,1.13,3.75
2011.06.28 03:29:09.242,0.80797,0.80808,2.63,4.88
2011.06.28 03:29:10.012,0.80794,0.80803,5.25,1.73
2011.06.28 03:29:10.663,0.80796,0.80804,1.13,4.35
2011.06.28 03:29:11.001,0.80798,0.80807,1.13,5.25
2011.06.28 03:29:13.579,0.80797,0.80806,1.13,1.50
2011.06.28 03:29:13.691,0.80795,0.80805,1.88,1.50
2011.06.28 03:29:14.791,0.80792,0.80802,1.50,1.50
2011.06.28 03:29:15.354,0.80792,0.80802,1.50,1.50
2011.06.28 03:29:15.803,0.80795,0.80805,1.13,2.85
2011.06.28 03:29:17.350,0.80793,0.80802,1.50,5.25
2011.06.28 03:29:29.779,0.80791,0.80801,1.50,1.50
2011.06.28 03:29:30.221,0.8079,0.808,1.13,5.25
2011.06.28 03:29:31.861,0.80791,0.808,1.50,4.50
2011.06.28 03:29:32.409,0.8079,0.808,1.13,4.50
2011.06.28 03:29:37.270,0.80791,0.808,1.13,5.25
2011.06.28 03:29:39.361,0.80791,0.80801,1.13,1.50
2011.06.28 03:29:39.909,0.8079,0.80801,1.13,1.50
2011.06.28 03:29:41.564,0.8079,0.80801,1.13,3.00
2011.06.28 03:29:43.960,0.8079,0.80799,1.13,3.75
2011.06.28 03:29:44.511,0.8079,0.80801,1.13,1.50
2011.06.28 03:29:51.130,0.80791,0.80802,1.13,6.75
2011.06.28 03:29:51.241,0.80791,0.80802,1.13,5.25
2011.06.28 03:29:54.770,0.8079,0.80802,1.88,2.25
2011.06.28 03:30:11.222,0.80792,0.80802,1.13,1.50
2011.06.28 03:30:28.711,0.80791,0.80801,1.13,1.13
2011.06.28 03:30:38.765,0.80792,0.80803,1.50,1.50
2011.06.28 03:31:04.949,0.80792,0.80804,2.63,5.25
2011.06.28 03:31:07.001,0.8079,0.80802,3.00,2.25
2011.06.28 03:31:07.330,0.80793,0.80802,1.13,2.25
2011.06.28 03:31:07.660,0.80793,0.80801,1.13,1.50
2011.06.28 03:31:27.409,0.80793,0.80801,1.50,2.25
2011.06.28 03:31:29.764,0.80792,0.80803,2.25,1.50
2011.06.28 03:31:32.300,0.80793,0.80804,1.50,4.88
2011.06.28 03:31:37.351,0.80796,0.80804,1.50,4.88
2011.06.28 03:31:37.572,0.80798,0.80809,1.13,1.50
2011.06.28 03:31:37.682,0.80798,0.8081,1.13,6.00
2011.06.28 03:31:37.792,0.80798,0.80809,1.13,1.13
2011.06.28 03:31:43.260,0.808,0.80808,1.13,3.75
2011.06.28 03:31:43.592,0.80801,0.80811,1.13,5.85
2011.06.28 03:31:46.689,0.80801,0.80812,1.88,2.10
2011.06.28 03:31:53.333,0.808,0.8081,1.50,1.73
2011.06.28 03:31:53.891,0.80801,0.8081,1.50,5.25
2011.06.28 03:31:54.442,0.80798,0.80808,1.50,5.63
2011.06.28 03:31:54.990,0.80797,0.80807,1.50,5.10
2011.06.28 03:31:55.871,0.80798,0.80807,1.50,3.75
2011.06.28 03:31:57.941,0.80798,0.80807,1.88,4.50
2011.06.28 03:32:01.980,0.80797,0.80807,1.50,5.25
2011.06.28 03:32:02.203,0.80796,0.80806,1.50,6.00
2011.06.28 03:32:02.759,0.80796,0.80806,1.50,4.50
2011.06.28 03:32:04.370,0.80796,0.80807,2.25,1.35
2011.06.28 03:32:04.800,0.80797,0.80807,1.50,1.73
2011.06.28 03:32:05.350,0.80796,0.80804,1.88,3.75
2011.06.28 03:32:05.459,0.80796,0.80806,1.88,4.50
2011.06.28 03:32:07.050,0.80795,0.80806,2.25,4.50
2011.06.28 03:32:09.522,0.80796,0.80806,1.50,4.88
2011.06.28 03:32:13.458,0.80795,0.80804,2.25,1.13
2011.06.28 03:32:13.792,0.80792,0.80803,2.63,1.50
2011.06.28 03:32:14.011,0.80794,0.80804,1.50,1.35
2011.06.28 03:32:14.560,0.80794,0.80806,2.25,5.63
2011.06.28 03:32:16.441,0.80796,0.80807,2.25,3.23
2011.06.28 03:32:18.654,0.80796,0.80805,1.50,1.13
2011.06.28 03:32:19.212,0.80796,0.80805,2.25,1.50
2011.06.28 03:32:19.323,0.80798,0.80806,1.13,1.50
2011.06.28 03:32:19.441,0.80798,0.80807,1.13,2.25
2011.06.28 03:32:19.551,0.80796,0.80806,2.63,3.75
2011.06.28 03:32:21.400,0.80798,0.80806,1.13,3.75
2011.06.28 03:32:21.949,0.80798,0.80807,1.13,1.50
2011.06.28 03:32:23.080,0.80796,0.80806,1.50,1.13
2011.06.28 03:32:23.521,0.80798,0.80806,1.13,3.75
2011.06.28 03:32:24.070,0.80798,0.80807,1.13,4.50
2011.06.28 03:32:26.675,0.80797,0.80807,1.88,4.50
2011.06.28 03:32:27.013,0.80796,0.80806,3.00,1.13
2011.06.28 03:32:27.343,0.80797,0.80806,1.13,1.50
2011.06.28 03:32:28.561,0.80798,0.80808,1.13,5.25
2011.06.28 03:32:28.670,0.80797,0.80808,1.50,5.25
2011.06.28 03:32:29.221,0.80796,0.80807,2.25,4.88
2011.06.28 03:32:30.542,0.80797,0.80807,1.50,4.50
2011.06.28 03:32:41.084,0.80796,0.80804,1.50,4.50
2011.06.28 03:32:41.204,0.80794,0.80804,1.13,4.50
2011.06.28 03:32:41.760,0.80795,0.80804,1.50,4.50
2011.06.28 03:32:43.171,0.80794,0.80804,2.25,4.88
2011.06.28 03:32:47.103,0.80793,0.80804,1.50,6.00
2011.06.28 03:32:47.651,0.80797,0.80807,1.13,1.50
2011.06.28 03:32:47.762,0.80795,0.80807,1.50,1.35
2011.06.28 03:32:49.620,0.80797,0.80807,1.13,1.50
2011.06.28 03:32:53.370,0.80797,0.80808,1.13,6.60
2011.06.28 03:32:57.442,0.80797,0.80808,1.13,6.60
2011.06.28 03:32:57.551,0.80796,0.80806,1.50,1.13
2011.06.28 03:33:03.220,0.80795,0.80803,1.50,1.50
2011.06.28 03:33:03.771,0.80794,0.80803,1.88,1.50
2011.06.28 03:33:04.321,0.80795,0.80805,1.13,1.50
2011.06.28 03:33:10.580,0.80797,0.80806,1.13,6.00
2011.06.28 03:33:17.711,0.80797,0.80806,1.13,3.75
2011.06.28 03:33:18.041,0.80793,0.80802,1.50,1.50
2011.06.28 03:33:18.372,0.80794,0.80803,1.50,2.25
2011.06.28 03:33:18.920,0.80794,0.80803,1.50,2.25
2011.06.28 03:33:20.161,0.80796,0.80807,4.88,1.50
2011.06.28 03:33:21.150,0.80798,0.80807,1.13,1.50
2011.06.28 03:33:21.810,0.80798,0.80807,1.13,1.50
2011.06.28 03:33:26.662,0.808,0.80808,1.13,3.75
2011.06.28 03:33:27.430,0.808,0.80809,1.13,1.50
2011.06.28 03:33:29.432,0.80798,0.80809,1.50,5.85
2011.06.28 03:33:29.980,0.80798,0.80807,1.50,1.50
2011.06.28 03:33:32.403,0.80798,0.80807,1.50,1.50
2011.06.28 03:33:32.635,0.80798,0.80806,1.50,6.00
2011.06.28 03:33:32.864,0.80797,0.80806,1.88,1.50
2011.06.28 03:33:33.201,0.808,0.80809,1.13,6.75
2011.06.28 03:33:33.531,0.80799,0.80808,1.13,5.25
2011.06.28 03:33:34.681,0.80797,0.80808,1.88,5.25
2011.06.28 03:33:36.661,0.80797,0.80808,1.13,1.50
2011.06.28 03:33:42.661,0.80795,0.80804,1.50,1.50
2011.06.28 03:33:42.882,0.80792,0.80802,1.88,3.75
2011.06.28 03:33:43.101,0.80794,0.80803,1.50,1.50
2011.06.28 03:33:43.982,0.80798,0.80806,1.13,1.50
2011.06.28 03:33:44.091,0.80796,0.80807,1.13,6.00
2011.06.28 03:33:44.972,0.80797,0.80807,1.13,4.50
2011.06.28 03:33:46.309,0.80797,0.80807,1.13,3.75
2011.06.28 03:33:56.220,0.80795,0.80807,1.50,3.75
2011.06.28 03:33:56.440,0.80798,0.80807,1.13,3.75
2011.06.28 03:34:02.560,0.80797,0.80807,1.13,3.75
2011.06.28 03:34:03.400,0.80796,0.80807,1.13,4.50
2011.06.28 03:34:18.270,0.80798,0.80807,1.13,4.50
2011.06.28 03:35:03.142,0.80794,0.80804,1.50,1.13
2011.06.28 03:35:03.362,0.80796,0.80807,1.13,2.25
2011.06.28 03:35:03.472,0.80796,0.80808,1.13,4.50
2011.06.28 03:35:05.160,0.80798,0.80808,1.13,4.50
2011.06.28 03:35:09.851,0.80798,0.80808,1.13,3.75
2011.06.28 03:35:10.401,0.80798,0.80809,2.63,4.50
2011.06.28 03:35:15.232,0.808,0.80809,1.13,4.50
2011.06.28 03:35:17.900,0.80801,0.80812,1.13,4.88
2011.06.28 03:35:19.222,0.808,0.80812,1.50,5.63
2011.06.28 03:35:29.366,0.80801,0.80811,1.13,4.50
2011.06.28 03:35:34.111,0.80801,0.80811,1.50,3.75
2011.06.28 03:36:41.911,0.80799,0.80807,1.50,1.13
2011.06.28 03:36:42.022,0.808,0.80808,1.50,5.25
2011.06.28 03:36:42.571,0.80799,0.8081,1.13,5.63
2011.06.28 03:36:43.013,0.80797,0.80808,1.50,4.50
2011.06.28 03:36:43.121,0.80795,0.80806,1.50,6.23
2011.06.28 03:36:43.342,0.80794,0.80806,1.50,6.23
2011.06.28 03:36:48.551,0.80795,0.80806,1.88,5.25
2011.06.28 03:36:49.100,0.80796,0.80807,1.13,4.50
2011.06.28 03:36:55.361,0.80794,0.80804,1.50,1.13
2011.06.28 03:36:55.582,0.80796,0.80809,1.13,5.98
2011.06.28 03:36:56.130,0.80796,0.80806,1.13,3.75
2011.06.28 03:36:56.874,0.80796,0.80806,1.13,4.88
2011.06.28 03:37:15.673,0.80796,0.80806,1.13,3.75
2011.06.28 03:37:37.170,0.80796,0.80808,1.13,6.00
2011.06.28 03:37:39.001,0.80797,0.80808,1.13,4.50
2011.06.28 03:38:31.586,0.80796,0.80806,4.50,1.13
2011.06.28 03:38:31.705,0.80794,0.80806,2.76,1.88
2011.06.28 03:38:31.821,0.80797,0.80807,1.13,1.50
2011.06.28 03:38:32.152,0.80797,0.8081,1.13,6.38
2011.06.28 03:38:36.431,0.80797,0.80808,1.13,1.13
2011.06.28 03:38:37.311,0.80795,0.80804,1.50,1.13
2011.06.28 03:38:37.641,0.80797,0.80808,1.13,1.88
2011.06.28 03:39:58.661,0.80794,0.80804,1.50,1.13
2011.06.28 03:39:58.991,0.80799,0.80807,1.13,1.50
2011.06.28 03:39:59.101,0.80799,0.8081,1.13,3.23
2011.06.28 03:40:01.711,0.80795,0.80808,6.38,1.13
2011.06.28 03:40:12.690,0.80795,0.80803,4.50,1.13
2011.06.28 03:40:13.021,0.80796,0.80806,1.88,1.50
2011.06.28 03:40:24.081,0.80799,0.80809,1.88,3.75
2011.06.28 03:40:24.630,0.80799,0.8081,1.88,4.50
2011.06.28 03:40:26.823,0.80798,0.80808,1.88,4.50
2011.06.28 03:40:28.212,0.80794,0.80805,2.38,1.13
2011.06.28 03:40:28.543,0.80795,0.80808,1.88,6.98
2011.06.28 03:40:37.342,0.80796,0.80805,5.25,1.13
2011.06.28 03:41:02.210,0.80797,0.80807,1.88,1.13
2011.06.28 03:41:31.369,0.80798,0.80808,1.13,1.13
2011.06.28 03:41:55.712,0.80798,0.8081,1.88,1.13
2011.06.28 03:41:56.259,0.80799,0.8081,2.25,1.13
2011.06.28 03:42:05.832,0.808,0.8081,1.88,1.13
2011.06.28 03:42:42.520,0.808,0.80812,2.25,1.13
2011.06.28 03:42:43.404,0.80801,0.80812,2.25,1.13
2011.06.28 03:42:43.961,0.808,0.80812,2.25,1.13
2011.06.28 03:42:52.121,0.80801,0.80812,1.50,1.13
2011.06.28 03:42:58.640,0.80801,0.80812,1.50,1.13
2011.06.28 03:42:59.189,0.80802,0.80813,2.63,1.13
2011.06.28 03:43:01.539,0.80801,0.80812,1.50,1.88
2011.06.28 03:43:09.183,0.80802,0.80812,3.00,1.13
2011.06.28 03:43:09.493,0.80802,0.80812,2.25,1.13
2011.06.28 03:43:10.381,0.80803,0.80815,1.50,6.23
2011.06.28 03:43:11.042,0.80805,0.80815,1.13,5.10
2011.06.28 03:43:11.375,0.8081,0.80819,1.50,1.50
2011.06.28 03:43:11.711,0.8081,0.80821,1.50,6.75
2011.06.28 03:43:12.261,0.80809,0.80821,1.88,6.00
2011.06.28 03:43:12.811,0.8081,0.80821,1.50,5.25
2011.06.28 03:43:14.910,0.80809,0.80821,1.88,7.50
2011.06.28 03:43:15.023,0.80807,0.80814,4.50,1.13
2011.06.28 03:43:15.146,0.8081,0.80816,1.13,5.10
2011.06.28 03:43:15.264,0.80808,0.80819,1.13,3.00
2011.06.28 03:43:15.382,0.80809,0.80819,1.50,1.50
2011.06.28 03:43:30.051,0.8081,0.8082,1.13,4.50
2011.06.28 03:43:37.284,0.8081,0.80821,1.13,3.00
2011.06.28 03:43:44.491,0.8081,0.80821,1.13,1.91
2011.06.28 03:43:49.717,0.80811,0.80822,1.13,1.82
2011.06.28 03:43:59.993,0.80811,0.80822,1.88,4.50
2011.06.28 03:44:10.480,0.8081,0.80822,2.29,4.50
2011.06.28 03:44:19.593,0.80814,0.80822,1.41,4.50
2011.06.28 03:44:20.107,0.80813,0.80822,2.16,4.50
2011.06.28 03:44:30.201,0.8081,0.80822,1.88,5.85
2011.06.28 03:44:34.281,0.8081,0.80821,1.88,1.13
2011.06.28 03:44:36.751,0.80811,0.80822,1.13,5.85
2011.06.28 03:44:36.862,0.8081,0.80821,1.13,1.13
2011.06.28 03:44:40.601,0.80809,0.8082,1.88,1.13
2011.06.28 03:44:40.934,0.80806,0.80814,1.50,1.73
2011.06.28 03:44:41.052,0.80803,0.80812,1.13,4.50
2011.06.28 03:44:45.912,0.80802,0.80814,1.50,6.98
2011.06.28 03:44:46.461,0.808,0.80811,2.25,4.50
2011.06.28 03:44:49.882,0.808,0.80813,2.25,5.63
2011.06.28 03:44:50.542,0.80803,0.80813,1.13,5.10
2011.06.28 03:44:51.091,0.80803,0.80816,1.13,1.88
2011.06.28 03:44:57.542,0.80805,0.80816,1.13,1.88
2011.06.28 03:45:04.891,0.80805,0.80818,1.13,6.23
2011.06.28 03:45:07.213,0.80805,0.80816,1.13,1.13
2011.06.28 03:45:09.262,0.80805,0.80816,1.13,4.55
2011.06.28 03:45:12.902,0.80807,0.80819,1.13,1.88
2011.06.28 03:45:15.913,0.80805,0.80818,1.13,4.88
2011.06.28 03:45:16.242,0.80805,0.80816,1.13,1.13
2011.06.28 03:45:18.252,0.80806,0.80817,1.13,1.13
2011.06.28 03:45:20.759,0.80805,0.80815,1.13,1.13
2011.06.28 03:45:52.910,0.80805,0.80818,1.13,4.88
2011.06.28 03:46:25.061,0.80806,0.80818,1.13,1.13
2011.06.28 03:46:25.391,0.80809,0.8082,1.35,5.63
2011.06.28 03:46:25.503,0.80811,0.8082,1.50,3.75
2011.06.28 03:46:26.060,0.80811,0.80822,1.50,4.50
2011.06.28 03:47:03.021,0.80812,0.80822,1.50,4.50
2011.06.28 03:47:09.854,0.80812,0.80822,1.50,4.88
2011.06.28 03:47:10.361,0.80812,0.80822,1.88,4.50
2011.06.28 03:47:20.142,0.80813,0.80825,1.13,3.00
2011.06.28 03:47:20.472,0.80816,0.80827,1.13,5.25
2011.06.28 03:47:22.280,0.80815,0.80826,1.50,1.50
2011.06.28 03:47:22.611,0.80817,0.80827,1.13,6.00
2011.06.28 03:47:22.941,0.80815,0.80827,1.50,1.88
2011.06.28 03:47:25.871,0.80814,0.80826,1.50,3.38
2011.06.28 03:47:26.416,0.80814,0.80826,1.50,1.88
2011.06.28 03:47:33.791,0.80815,0.80826,1.88,1.13
2011.06.28 03:47:34.671,0.80816,0.80827,1.88,5.25
2011.06.28 03:47:35.221,0.80816,0.80829,2.10,4.50
2011.06.28 03:48:10.333,0.80816,0.80826,1.13,1.50
2011.06.28 03:48:10.556,0.80813,0.80825,1.50,5.63
2011.06.28 03:48:50.674,0.80812,0.80826,1.50,2.10
2011.06.28 03:48:50.918,0.80814,0.80826,1.13,2.85
2011.06.28 03:48:51.261,0.80816,0.80826,1.13,1.50
2011.06.28 03:48:53.601,0.80815,0.80826,1.88,1.88
2011.06.28 03:48:53.931,0.80813,0.80827,1.50,6.00
2011.06.28 03:49:13.864,0.80816,0.80828,1.13,6.00
2011.06.28 03:49:31.792,0.80817,0.80828,1.13,4.50
2011.06.28 03:49:40.692,0.80818,0.80829,1.50,1.50
2011.06.28 03:49:40.802,0.80819,0.80831,1.50,1.50
2011.06.28 03:49:40.913,0.80819,0.80832,1.91,1.50
2011.06.28 03:49:41.460,0.8082,0.80833,1.50,1.50
2011.06.28 03:49:42.011,0.80822,0.80832,1.13,6.00
2011.06.28 03:50:07.012,0.80822,0.80832,1.13,6.75
2011.06.28 03:50:19.864,0.8082,0.80832,1.50,3.75
2011.06.28 03:50:20.422,0.8082,0.80833,5.66,1.50
2011.06.28 03:50:40.682,0.80823,0.80833,1.88,1.50
2011.06.28 03:50:52.042,0.80823,0.80833,1.88,1.50
2011.06.28 03:51:06.941,0.80823,0.80834,1.13,5.63
2011.06.28 03:51:12.215,0.80824,0.80836,7.16,1.50
2011.06.28 03:51:12.443,0.80827,0.80838,1.13,5.63
2011.06.28 03:51:13.212,0.80824,0.80834,5.25,1.13
2011.06.28 03:51:16.473,0.80828,0.80835,1.13,3.75
2011.06.28 03:51:16.586,0.80828,0.80839,1.13,1.13
2011.06.28 03:51:16.706,0.8083,0.8084,1.13,1.50
2011.06.28 03:51:17.263,0.80831,0.80842,1.13,5.63
2011.06.28 03:51:17.812,0.8083,0.8084,1.13,1.50
2011.06.28 03:51:18.142,0.80827,0.80837,1.13,4.50
2011.06.28 03:51:22.023,0.80828,0.80837,1.13,3.75
2011.06.28 03:51:22.352,0.80826,0.80839,2.63,5.63
2011.06.28 03:51:22.682,0.80826,0.80837,1.13,4.50
2011.06.28 03:51:23.012,0.80827,0.80838,1.13,1.73
2011.06.28 03:51:23.122,0.80825,0.80837,2.63,1.50
2011.06.28 03:51:24.444,0.80825,0.80837,1.13,5.25
2011.06.28 03:51:33.251,0.80825,0.80836,1.88,1.13
2011.06.28 03:51:41.633,0.80825,0.80837,1.50,4.50
2011.06.28 03:51:47.211,0.80825,0.80836,1.88,1.13
2011.06.28 03:51:47.965,0.80824,0.80835,1.50,1.50
2011.06.28 03:51:57.026,0.80826,0.80838,1.50,5.25
2011.06.28 03:51:57.405,0.80825,0.80837,1.88,5.25
2011.06.28 03:51:57.961,0.80826,0.80837,1.13,3.75
2011.06.28 03:51:59.311,0.80827,0.80837,1.50,3.75
2011.06.28 03:51:59.423,0.8083,0.8084,1.13,1.50
2011.06.28 03:52:04.833,0.8083,0.80841,1.13,5.48
2011.06.28 03:52:05.383,0.80829,0.80843,2.25,6.75
2011.06.28 03:52:08.752,0.80831,0.80841,1.13,1.50
2011.06.28 03:52:26.472,0.80831,0.80843,1.13,6.00
2011.06.28 03:52:27.021,0.80831,0.80843,1.88,5.25
2011.06.28 03:52:27.923,0.8083,0.8084,3.00,1.13
2011.06.28 03:52:28.142,0.80832,0.80842,1.13,2.25
2011.06.28 03:52:29.131,0.80832,0.80844,1.13,5.25
2011.06.28 03:52:30.142,0.8083,0.8084,6.00,1.13
2011.06.28 03:52:30.583,0.80831,0.80843,6.38,1.50
2011.06.28 03:52:31.571,0.80831,0.80843,6.38,1.50
2011.06.28 03:52:47.001,0.80833,0.80843,1.13,5.25
2011.06.28 03:53:36.904,0.80835,0.80845,1.13,2.25
2011.06.28 03:53:37.461,0.80831,0.80845,1.50,2.25
2011.06.28 03:53:39.196,0.80832,0.80843,1.13,3.75
2011.06.28 03:53:39.534,0.80834,0.80843,1.13,3.75
2011.06.28 03:53:45.031,0.80834,0.80845,1.13,2.63
2011.06.28 03:53:53.743,0.80834,0.80845,1.13,1.50
2011.06.28 03:53:58.734,0.80834,0.80846,1.13,5.60
2011.06.28 03:54:00.181,0.80834,0.80846,1.13,6.35
2011.06.28 03:54:00.511,0.80834,0.80846,1.13,7.10
2011.06.28 03:54:00.624,0.80834,0.80846,1.13,6.00
2011.06.28 03:54:00.963,0.80834,0.80845,1.13,1.13
2011.06.28 03:54:01.511,0.80834,0.80846,1.13,6.35
2011.06.28 03:54:09.643,0.80834,0.80844,1.13,1.50
2011.06.28 03:54:16.742,0.80832,0.80844,1.13,1.50
2011.06.28 03:54:17.291,0.80832,0.80844,1.13,6.00
2011.06.28 03:54:29.072,0.80832,0.80844,1.13,8.25
2011.06.28 03:54:29.622,0.80831,0.80841,1.13,5.25
2011.06.28 03:54:35.002,0.80829,0.80839,1.50,1.13
2011.06.28 03:54:35.223,0.80824,0.80835,1.50,3.75
2011.06.28 03:54:35.771,0.80823,0.80836,5.25,1.50
2011.06.28 03:54:36.322,0.80823,0.80835,1.50,3.75
2011.06.28 03:54:42.093,0.80823,0.80836,1.50,1.50
2011.06.28 03:54:47.972,0.80824,0.80836,1.13,1.50
2011.06.28 03:54:54.673,0.80831,0.80838,1.13,4.50
2011.06.28 03:54:54.784,0.80831,0.8084,1.13,1.50
2011.06.28 03:54:55.014,0.80833,0.8084,1.13,1.50
2011.06.28 03:54:55.133,0.80833,0.80842,1.13,1.50
2011.06.28 03:54:56.231,0.80831,0.80842,1.13,1.50
2011.06.28 03:54:59.831,0.8083,0.80841,1.13,3.23
2011.06.28 03:55:00.272,0.8083,0.80837,1.13,2.10
2011.06.28 03:55:00.384,0.80826,0.80836,4.13,4.50
2011.06.28 03:55:00.603,0.80826,0.80836,4.13,5.10
2011.06.28 03:55:01.680,0.80824,0.80836,1.13,5.85
2011.06.28 03:55:08.612,0.80824,0.80832,1.13,2.10
2011.06.28 03:55:08.723,0.80821,0.80831,1.50,4.50
2011.06.28 03:55:08.942,0.8082,0.80831,1.13,5.10
2011.06.28 03:55:09.271,0.8082,0.80831,1.13,6.60
2011.06.28 03:55:10.154,0.80826,0.80831,1.13,1.50
2011.06.28 03:55:10.372,0.80826,0.80837,1.13,1.73
2011.06.28 03:55:10.702,0.80828,0.80839,1.50,5.25
2011.06.28 03:55:10.814,0.80829,0.80841,4.50,2.10
2011.06.28 03:55:11.574,0.80827,0.8084,5.25,1.50
2011.06.28 03:55:12.134,0.8083,0.80839,1.13,5.25
2011.06.28 03:55:12.802,0.8083,0.8084,1.13,5.25
2011.06.28 03:55:13.351,0.80829,0.8084,1.13,5.85
2011.06.28 03:55:21.882,0.80826,0.80836,5.25,1.35
2011.06.28 03:55:22.432,0.80822,0.80834,5.25,1.35
2011.06.28 03:55:22.983,0.80823,0.80834,1.13,2.48
2011.06.28 03:55:23.530,0.80823,0.80833,1.13,1.50
2011.06.28 03:55:24.983,0.80824,0.80834,1.13,2.10
2011.06.28 03:55:27.572,0.80819,0.80828,6.00,1.50
2011.06.28 03:55:27.793,0.8082,0.80831,1.13,2.10
2011.06.28 03:55:27.903,0.8082,0.8083,1.13,1.50
2011.06.28 03:55:28.342,0.80818,0.80831,4.50,3.60
2011.06.28 03:55:28.451,0.80818,0.80831,5.25,2.10
2011.06.28 03:55:31.024,0.80819,0.80833,1.50,2.10
2011.06.28 03:55:31.680,0.80819,0.80833,2.25,2.10
2011.06.28 03:55:32.540,0.80819,0.80833,2.25,2.10
2011.06.28 03:55:33.091,0.80819,0.80833,1.50,2.10
2011.06.28 03:55:33.642,0.80819,0.80833,1.50,2.10
2011.06.28 03:55:34.378,0.80819,0.80833,1.50,2.10
2011.06.28 03:55:35.571,0.80819,0.80833,1.50,2.10
2011.06.28 03:55:36.145,0.80819,0.80833,1.50,2.10
2011.06.28 03:55:37.358,0.80819,0.80833,1.50,2.10
2011.06.28 03:55:37.691,0.80819,0.80833,1.50,2.10
2011.06.28 03:55:38.281,0.80818,0.80833,6.00,2.10
2011.06.28 03:55:39.717,0.8082,0.80831,1.13,5.85
2011.06.28 03:55:40.271,0.8082,0.80831,1.13,6.60
2011.06.28 03:55:42.632,0.80818,0.80828,1.50,2.10
2011.06.28 03:56:35.987,0.80817,0.80828,1.13,5.10
2011.06.28 03:56:36.666,0.80817,0.80828,1.13,5.10
2011.06.28 03:56:39.741,0.80817,0.80828,1.13,5.10
2011.06.28 03:56:43.591,0.80817,0.80829,1.13,3.00
2011.06.28 03:56:43.811,0.80817,0.80829,1.13,3.00
2011.06.28 03:56:59.679,0.80817,0.80827,1.13,1.13
2011.06.28 03:57:00.126,0.80814,0.80825,1.50,1.73
2011.06.28 03:57:00.464,0.80813,0.80823,1.13,1.13
2011.06.28 03:57:00.803,0.80811,0.80822,1.50,1.73
2011.06.28 03:57:01.023,0.8081,0.8082,1.50,1.13
2011.06.28 03:57:01.352,0.80807,0.80817,1.88,1.13
2011.06.28 03:57:04.007,0.80808,0.80818,1.13,1.13
2011.06.28 03:57:10.173,0.80806,0.80816,1.50,1.13
2011.06.28 03:57:12.601,0.80805,0.80816,1.88,1.13
2011.06.28 03:57:48.995,0.80804,0.80816,4.13,3.23
2011.06.28 03:57:49.333,0.80806,0.80816,1.88,1.35
2011.06.28 03:57:49.993,0.80808,0.80819,4.88,1.50
2011.06.28 03:57:50.322,0.8081,0.8082,1.13,1.13
2011.06.28 03:57:53.365,0.80814,0.80823,1.13,2.25
2011.06.28 03:57:53.897,0.8082,0.80828,1.13,2.85
2011.06.28 03:57:54.020,0.80823,0.80834,4.88,1.35
2011.06.28 03:57:54.134,0.80825,0.80835,1.50,2.10
2011.06.28 03:57:54.363,0.80826,0.80837,1.88,1.50
2011.06.28 03:57:54.472,0.80826,0.80836,1.88,1.13
2011.06.28 03:57:54.914,0.80825,0.80836,1.50,1.13
2011.06.28 03:57:55.353,0.80826,0.80836,1.13,1.13
2011.06.28 03:57:57.992,0.80828,0.80837,1.13,3.75
2011.06.28 03:57:58.324,0.80826,0.80836,6.00,1.35
2011.06.28 03:57:58.871,0.80825,0.80836,1.88,1.35
2011.06.28 03:57:59.532,0.80825,0.80835,1.88,1.13
2011.06.28 03:57:59.752,0.80823,0.80835,7.13,1.13
2011.06.28 03:58:07.242,0.80823,0.80834,1.13,1.50
2011.06.28 03:58:07.792,0.80822,0.80834,1.13,1.50
2011.06.28 03:58:08.331,0.80821,0.80832,1.88,1.35
2011.06.28 03:58:08.552,0.80823,0.80833,1.13,5.25
2011.06.28 03:58:12.362,0.80822,0.80832,1.88,1.13
2011.06.28 03:58:14.822,0.80821,0.80832,1.88,1.13
2011.06.28 03:58:17.238,0.80822,0.80833,1.13,2.25
2011.06.28 03:58:20.651,0.80828,0.80833,1.13,1.50
2011.06.28 03:58:20.983,0.8083,0.8084,1.13,1.50
2011.06.28 03:58:21.092,0.8083,0.8084,1.13,1.50
2011.06.28 03:58:21.203,0.80832,0.80843,1.13,5.85
2011.06.28 03:58:21.313,0.80835,0.80844,1.13,7.50
2011.06.28 03:58:21.532,0.80835,0.80844,1.13,4.50
2011.06.28 03:58:21.752,0.80833,0.80843,1.13,1.13
2011.06.28 03:58:23.661,0.80832,0.80845,1.88,3.23
2011.06.28 03:58:25.984,0.80831,0.80843,1.13,1.13
2011.06.28 03:58:32.001,0.80831,0.80842,1.13,2.85
2011.06.28 03:58:32.114,0.8083,0.8084,3.75,1.35
2011.06.28 03:58:32.661,0.8083,0.8084,4.88,1.35
2011.06.28 03:58:40.792,0.80833,0.80842,1.13,1.35
2011.06.28 03:58:45.203,0.80834,0.80844,1.50,1.50
2011.06.28 03:58:45.315,0.80838,0.80847,1.13,4.35
2011.06.28 03:58:45.433,0.80836,0.80846,1.13,1.50
2011.06.28 03:58:46.643,0.80836,0.80846,1.13,1.88
2011.06.28 03:58:46.943,0.80834,0.80843,2.25,1.88
2011.06.28 03:58:47.285,0.80835,0.80846,1.13,1.50
2011.06.28 03:58:48.611,0.80835,0.80846,1.13,2.10
2011.06.28 03:58:49.802,0.80837,0.80847,1.13,2.10
2011.06.28 03:58:50.571,0.80837,0.80849,1.13,2.63
2011.06.28 03:58:51.222,0.80837,0.80848,1.13,1.50
2011.06.28 03:58:52.881,0.80837,0.80848,1.13,2.10
2011.06.28 03:58:55.226,0.80837,0.80848,1.13,2.10
2011.06.28 03:58:55.730,0.80837,0.80848,1.13,2.10
2011.06.28 03:58:57.561,0.80837,0.80848,1.13,1.50
2011.06.28 03:58:58.142,0.80837,0.80848,1.13,1.50
2011.06.28 03:59:01.453,0.80838,0.80849,1.13,2.25
2011.06.28 03:59:11.488,0.80838,0.80849,1.13,2.25
2011.06.28 03:59:14.154,0.80837,0.80847,1.13,2.48
2011.06.28 03:59:21.851,0.80837,0.80846,1.13,2.25
2011.06.28 03:59:23.281,0.80835,0.80846,1.13,1.50
2011.06.28 03:59:24.613,0.80835,0.80846,1.13,1.50
2011.06.28 03:59:29.622,0.80835,0.80846,1.13,2.25
2011.06.28 03:59:30.195,0.80835,0.80846,1.13,2.25
2011.06.28 03:59:32.826,0.80835,0.80846,1.13,2.25
2011.06.28 03:59:33.382,0.80836,0.80846,1.13,1.50
2011.06.28 03:59:34.311,0.80836,0.80846,1.13,1.50
2011.06.28 03:59:34.862,0.80836,0.80846,1.13,2.63
2011.06.28 03:59:36.931,0.80834,0.80842,1.50,1.50
2011.06.28 03:59:37.481,0.80833,0.80842,1.13,1.50
2011.06.28 03:59:39.883,0.80833,0.80842,1.13,1.50
2011.06.28 03:59:40.704,0.80833,0.80842,1.13,1.50
2011.06.28 03:59:41.830,0.80833,0.80842,1.13,1.50
2011.06.28 03:59:42.482,0.80833,0.80843,1.13,1.88
2011.06.28 03:59:43.041,0.80833,0.80842,1.13,1.50
2011.06.28 03:59:44.641,0.80833,0.80843,1.13,2.63
2011.06.28 03:59:45.191,0.80833,0.80842,1.13,1.50
2011.06.28 03:59:45.756,0.80833,0.80842,1.13,1.50
2011.06.28 03:59:46.475,0.80833,0.80842,1.13,1.50
2011.06.28 03:59:48.191,0.80833,0.80843,1.13,2.63
2011.06.28 03:59:48.741,0.80833,0.80842,1.13,1.50
2011.06.28 03:59:51.262,0.80833,0.80842,1.13,1.50
2011.06.28 03:59:56.574,0.80831,0.80842,1.13,2.25
2011.06.28 03:59:56.803,0.80833,0.80843,1.13,2.25
2011.06.28 03:59:57.022,0.80834,0.80844,1.50,2.63
2011.06.28 03:59:58.495,0.80834,0.80843,1.50,1.13
