2010.03.19 18:00:00.199,0.90345,0.9035,3.20,8.80
2010.03.19 18:00:00.819,0.90345,0.9035,1.60,9.60
2010.03.19 18:00:01.841,0.90345,0.90355,5.50,8.80
2010.03.19 18:00:02.002,0.90345,0.90355,5.50,8.00
2010.03.19 18:00:03.489,0.9035,0.9036,1.60,15.60
2010.03.19 18:00:04.277,0.9035,0.9036,3.20,15.60
2010.03.19 18:00:04.628,0.9035,0.9036,3.30,15.20
2010.03.19 18:00:04.972,0.9035,0.90355,1.60,4.00
2010.03.19 18:00:05.834,0.9035,0.9036,1.60,15.20
2010.03.19 18:00:06.341,0.9035,0.9036,1.60,13.60
2010.03.19 18:00:08.899,0.9035,0.9036,10.40,9.60
2010.03.19 18:00:09.833,0.9035,0.9036,6.30,4.80
2010.03.19 18:00:10.027,0.9035,0.9036,10.40,1.00
2010.03.19 18:00:11.622,0.9035,0.9036,10.30,4.80
2010.03.19 18:00:12.152,0.90355,0.9036,1.60,4.80
2010.03.19 18:00:12.952,0.90355,0.9036,1.60,1.00
2010.03.19 18:00:13.209,0.9035,0.9036,10.40,1.00
2010.03.19 18:00:13.452,0.9035,0.9036,10.30,1.00
2010.03.19 18:00:15.308,0.90355,0.9036,1.60,1.00
2010.03.19 18:00:15.665,0.90355,0.90365,13.50,1.00
2010.03.19 18:00:15.842,0.90355,0.90365,9.50,4.30
2010.03.19 18:00:16.606,0.9036,0.90365,1.60,1.00
2010.03.19 18:00:16.788,0.9036,0.9037,6.30,6.40
2010.03.19 18:00:18.898,0.9036,0.9037,6.30,5.60
2010.03.19 18:00:20.290,0.9036,0.9037,1.60,10.40
2010.03.19 18:00:20.507,0.9036,0.9037,16.00,1.60
2010.03.19 18:00:20.727,0.90365,0.90375,1.00,10.40
2010.03.19 18:00:21.842,0.90365,0.9038,13.50,16.80
2010.03.19 18:00:23.634,0.90365,0.9038,13.60,16.80
2010.03.19 18:00:24.482,0.90365,0.9038,13.50,15.20
2010.03.19 18:00:25.009,0.90365,0.90375,4.80,4.80
2010.03.19 18:00:25.333,0.90365,0.90375,3.20,10.40
2010.03.19 18:00:26.245,0.90365,0.90375,1.60,10.40
2010.03.19 18:00:28.300,0.90365,0.90375,10.30,1.60
2010.03.19 18:00:35.333,0.90365,0.90375,1.60,10.40
2010.03.19 18:00:37.616,0.9037,0.90375,1.00,10.40
2010.03.19 18:00:38.287,0.9037,0.9038,5.50,7.20
2010.03.19 18:00:45.950,0.9037,0.9038,12.80,1.60
2010.03.19 18:00:46.053,0.90375,0.90385,1.60,10.60
2010.03.19 18:00:46.150,0.90375,0.90385,3.90,10.40
2010.03.19 18:00:46.251,0.90375,0.90385,5.50,10.40
2010.03.19 18:00:47.839,0.90375,0.90385,3.90,12.00
2010.03.19 18:00:57.589,0.90375,0.90385,3.90,8.80
2010.03.19 18:00:57.737,0.90375,0.90385,5.50,8.80
2010.03.19 18:00:58.025,0.90375,0.90385,3.90,10.40
2010.03.19 18:01:02.882,0.90375,0.90385,3.90,8.80
2010.03.19 18:01:17.496,0.9038,0.90385,1.00,8.80
2010.03.19 18:01:18.162,0.9038,0.90385,1.00,4.80
2010.03.19 18:01:18.250,0.9038,0.90395,14.40,12.00
2010.03.19 18:01:18.795,0.90385,0.90395,3.20,12.00
2010.03.19 18:01:20.431,0.90385,0.90395,3.20,10.40
2010.03.19 18:01:20.790,0.90385,0.90395,3.20,12.00
2010.03.19 18:01:26.792,0.90385,0.90395,3.20,11.20
2010.03.19 18:01:26.813,0.90385,0.90395,7.20,7.20
2010.03.19 18:01:26.867,0.90385,0.90395,7.20,3.20
2010.03.19 18:01:27.822,0.90385,0.90395,11.20,3.20
2010.03.19 18:01:30.285,0.90385,0.90395,11.20,1.60
2010.03.19 18:01:30.477,0.90385,0.90395,11.90,3.20
2010.03.19 18:01:32.446,0.90385,0.90395,11.20,3.20
2010.03.19 18:01:32.669,0.90385,0.90395,11.20,1.60
2010.03.19 18:01:33.555,0.90385,0.90395,11.20,2.40
2010.03.19 18:01:33.777,0.90385,0.90395,3.20,10.40
2010.03.19 18:01:35.519,0.90385,0.90395,5.50,8.00
2010.03.19 18:01:36.173,0.90385,0.90395,5.90,8.00
2010.03.19 18:01:36.323,0.9039,0.904,1.60,16.00
2010.03.19 18:01:36.459,0.9039,0.904,1.60,14.40
2010.03.19 18:01:39.337,0.9039,0.904,1.60,16.80
2010.03.19 18:01:39.588,0.9039,0.904,1.60,16.00
2010.03.19 18:01:40.524,0.9039,0.904,6.40,8.80
2010.03.19 18:01:40.877,0.9039,0.904,7.10,6.40
2010.03.19 18:01:41.446,0.9039,0.904,7.10,4.80
2010.03.19 18:01:42.647,0.9039,0.904,8.70,4.80
2010.03.19 18:01:47.415,0.9039,0.904,10.30,4.80
2010.03.19 18:01:58.078,0.9039,0.904,8.70,4.80
2010.03.19 18:01:58.510,0.9039,0.904,10.30,4.80
2010.03.19 18:02:23.536,0.90385,0.904,27.50,4.80
2010.03.19 18:02:23.717,0.9039,0.904,8.70,5.50
2010.03.19 18:02:24.314,0.9039,0.904,10.30,5.50
2010.03.19 18:02:25.286,0.9039,0.904,8.70,5.50
2010.03.19 18:02:26.248,0.9039,0.904,4.70,11.90
2010.03.19 18:02:27.176,0.9039,0.904,1.00,17.50
2010.03.19 18:02:28.491,0.9039,0.90395,1.00,5.60
2010.03.19 18:02:28.745,0.90385,0.9039,1.00,4.00
2010.03.19 18:02:34.575,0.9039,0.90395,1.00,15.50
2010.03.19 18:02:34.755,0.9039,0.90395,1.00,10.40
2010.03.19 18:02:45.703,0.90385,0.90395,1.00,15.30
2010.03.19 18:02:45.843,0.90385,0.9039,1.00,4.00
2010.03.19 18:02:54.458,0.90385,0.9039,1.00,5.60
2010.03.19 18:03:06.536,0.90385,0.9039,1.00,10.30
2010.03.19 18:03:18.465,0.90385,0.9039,1.00,11.90
2010.03.19 18:03:18.488,0.90385,0.9039,1.00,10.30
2010.03.19 18:03:48.282,0.90385,0.9039,1.00,9.60
2010.03.19 18:03:48.483,0.90385,0.9039,1.00,5.60
2010.03.19 18:03:55.309,0.90375,0.90385,11.20,1.00
2010.03.19 18:03:55.480,0.90375,0.90385,4.80,8.80
2010.03.19 18:03:57.405,0.90375,0.9038,1.60,1.00
2010.03.19 18:03:58.111,0.9037,0.9038,10.40,8.80
2010.03.19 18:03:58.176,0.9037,0.9038,2.40,12.80
2010.03.19 18:04:03.559,0.9037,0.9038,1.60,10.40
2010.03.19 18:04:03.672,0.9037,0.9038,7.10,8.80
2010.03.19 18:04:08.167,0.9037,0.9038,5.50,8.80
2010.03.19 18:04:08.218,0.9037,0.90375,5.50,1.00
2010.03.19 18:04:09.106,0.9037,0.9038,8.80,3.20
2010.03.19 18:04:09.361,0.9037,0.9038,1.00,12.80
2010.03.19 18:04:10.061,0.9037,0.9038,1.00,13.50
2010.03.19 18:04:14.826,0.9037,0.90375,1.00,4.80
2010.03.19 18:04:14.939,0.90365,0.9037,11.20,1.00
2010.03.19 18:04:15.059,0.90365,0.9037,11.20,1.00
2010.03.19 18:04:15.181,0.90365,0.9037,11.90,1.00
2010.03.19 18:04:15.461,0.90365,0.9037,13.50,1.00
2010.03.19 18:04:20.786,0.90365,0.9037,13.60,1.00
2010.03.19 18:04:21.578,0.9037,0.90375,1.60,4.00
2010.03.19 18:04:21.682,0.9037,0.90375,5.60,3.20
2010.03.19 18:04:21.960,0.9037,0.90375,1.60,3.20
2010.03.19 18:04:23.647,0.9037,0.90375,1.60,3.20
2010.03.19 18:04:24.021,0.90365,0.90375,13.50,3.20
2010.03.19 18:04:25.629,0.9037,0.90375,4.70,1.00
2010.03.19 18:04:26.810,0.9037,0.90375,6.30,1.00
2010.03.19 18:04:28.277,0.9037,0.90375,5.60,1.00
2010.03.19 18:04:28.556,0.9037,0.90375,1.60,1.00
2010.03.19 18:04:29.115,0.9037,0.90375,6.30,1.00
2010.03.19 18:04:31.181,0.9037,0.90375,6.30,1.00
2010.03.19 18:04:32.614,0.9037,0.90375,2.30,1.00
2010.03.19 18:04:33.380,0.90365,0.90375,20.00,1.00
2010.03.19 18:04:36.246,0.90365,0.90375,20.10,1.00
2010.03.19 18:04:36.405,0.90365,0.90375,20.00,1.00
2010.03.19 18:04:38.221,0.90365,0.90375,20.10,1.00
2010.03.19 18:04:38.432,0.90365,0.90375,20.00,1.00
2010.03.19 18:05:03.489,0.9037,0.90375,3.20,1.00
2010.03.19 18:05:03.517,0.9037,0.90375,7.90,1.00
2010.03.19 18:05:05.602,0.9037,0.90375,6.30,1.00
2010.03.19 18:05:05.784,0.9037,0.90375,7.90,1.00
2010.03.19 18:05:06.723,0.9037,0.90375,5.60,1.00
2010.03.19 18:05:07.354,0.9037,0.90375,6.30,1.00
2010.03.19 18:05:08.485,0.9037,0.90375,2.30,1.00
2010.03.19 18:05:09.310,0.9037,0.90375,1.60,1.00
2010.03.19 18:05:14.072,0.90375,0.9038,11.90,1.00
2010.03.19 18:05:14.198,0.90375,0.9038,5.60,1.00
2010.03.19 18:05:14.523,0.90375,0.9038,2.30,4.80
2010.03.19 18:05:15.403,0.90375,0.9038,3.90,1.00
2010.03.19 18:05:15.628,0.90375,0.90385,3.90,8.80
2010.03.19 18:05:16.984,0.90375,0.90385,3.90,10.70
2010.03.19 18:05:17.874,0.90375,0.9038,3.90,4.00
2010.03.19 18:05:18.910,0.90375,0.9038,3.90,4.80
2010.03.19 18:05:19.175,0.90375,0.9038,2.30,4.80
2010.03.19 18:05:19.546,0.9037,0.9038,10.30,4.80
2010.03.19 18:05:25.269,0.9037,0.9038,7.10,5.60
2010.03.19 18:05:25.497,0.9037,0.9038,7.10,6.40
2010.03.19 18:05:25.716,0.9037,0.9038,5.50,8.00
2010.03.19 18:05:25.937,0.9037,0.9038,1.00,12.80
2010.03.19 18:05:34.204,0.9037,0.9038,2.40,12.80
2010.03.19 18:05:34.955,0.9037,0.9038,2.40,11.20
2010.03.19 18:05:34.983,0.9037,0.9038,4.00,9.60
2010.03.19 18:05:35.179,0.9037,0.9038,8.70,4.80
2010.03.19 18:05:41.316,0.9037,0.9038,7.10,4.80
2010.03.19 18:05:51.356,0.9038,0.90385,1.00,10.40
2010.03.19 18:05:52.150,0.9038,0.9039,1.00,12.80
2010.03.19 18:05:58.943,0.9038,0.9039,1.50,12.00
2010.03.19 18:05:59.921,0.9038,0.9039,11.10,4.00
2010.03.19 18:06:00.404,0.9038,0.9039,11.10,4.80
2010.03.19 18:06:00.657,0.9038,0.9039,7.10,8.80
2010.03.19 18:06:03.502,0.9038,0.9039,8.70,8.80
2010.03.19 18:06:04.481,0.9039,0.90395,1.00,10.40
2010.03.19 18:06:04.831,0.9038,0.9039,14.30,4.80
2010.03.19 18:06:04.956,0.9038,0.9039,14.30,4.00
2010.03.19 18:06:05.608,0.9038,0.90395,14.30,12.00
2010.03.19 18:06:05.884,0.9038,0.9039,14.30,4.00
2010.03.19 18:06:06.176,0.9038,0.9039,14.30,4.00
2010.03.19 18:06:06.466,0.9038,0.90395,14.30,12.00
2010.03.19 18:06:07.264,0.9038,0.90395,14.30,12.00
2010.03.19 18:06:08.261,0.90385,0.90395,1.00,12.00
2010.03.19 18:06:08.375,0.9039,0.90395,1.00,10.40
2010.03.19 18:06:09.713,0.90385,0.90395,6.30,8.80
2010.03.19 18:06:09.758,0.9038,0.9039,9.50,8.80
2010.03.19 18:06:10.233,0.9038,0.9039,9.50,8.00
2010.03.19 18:06:11.194,0.9038,0.9039,10.30,8.80
2010.03.19 18:06:11.516,0.9038,0.9039,14.30,4.00
2010.03.19 18:06:17.289,0.9038,0.9039,10.30,4.80
2010.03.19 18:06:17.324,0.9038,0.9039,10.30,6.40
2010.03.19 18:06:17.338,0.9038,0.9039,6.30,6.40
2010.03.19 18:06:17.354,0.9038,0.9039,5.50,5.60
2010.03.19 18:06:17.378,0.9038,0.9039,4.80,6.40
2010.03.19 18:06:17.396,0.9038,0.9039,4.80,10.40
2010.03.19 18:06:17.432,0.9038,0.9039,4.80,14.40
2010.03.19 18:06:17.466,0.9038,0.9039,3.20,15.20
2010.03.19 18:06:18.115,0.9038,0.9039,1.60,15.20
2010.03.19 18:06:18.144,0.90375,0.90385,4.80,8.80
2010.03.19 18:06:23.678,0.90375,0.90385,3.20,8.80
2010.03.19 18:06:26.465,0.90375,0.90385,3.20,10.40
2010.03.19 18:06:26.668,0.90375,0.9038,1.60,4.00
2010.03.19 18:06:29.857,0.9037,0.9038,14.30,4.80
2010.03.19 18:06:31.273,0.9037,0.9038,10.30,8.80
2010.03.19 18:06:37.109,0.9037,0.90385,14.30,10.40
2010.03.19 18:06:38.822,0.9037,0.90385,12.70,10.40
2010.03.19 18:06:39.064,0.90375,0.90385,1.60,10.40
2010.03.19 18:06:41.881,0.90375,0.9038,3.20,1.00
2010.03.19 18:06:42.056,0.90375,0.9038,1.60,1.00
2010.03.19 18:06:42.788,0.9037,0.9038,10.30,4.80
2010.03.19 18:06:43.103,0.9037,0.9038,2.40,12.80
2010.03.19 18:06:50.101,0.9037,0.9038,2.40,11.20
2010.03.19 18:06:50.942,0.9037,0.9038,6.40,8.80
2010.03.19 18:06:56.015,0.9037,0.9038,6.40,12.80
2010.03.19 18:06:56.247,0.9037,0.9038,2.40,12.80
2010.03.19 18:07:00.127,0.9037,0.9038,6.40,12.80
2010.03.19 18:07:00.258,0.9037,0.9038,7.10,8.00
2010.03.19 18:07:02.946,0.9037,0.9038,7.10,6.40
2010.03.19 18:07:08.177,0.9037,0.9038,7.10,8.00
2010.03.19 18:07:08.523,0.9037,0.9038,2.40,12.80
2010.03.19 18:07:09.486,0.90365,0.9038,23.60,11.20
2010.03.19 18:07:13.215,0.9037,0.9038,4.00,11.20
2010.03.19 18:07:13.286,0.9037,0.9038,8.70,6.40
2010.03.19 18:07:13.685,0.9037,0.9038,4.00,7.20
2010.03.19 18:07:13.884,0.9037,0.9038,4.00,11.20
2010.03.19 18:07:14.084,0.9037,0.9038,2.40,11.20
2010.03.19 18:07:31.793,0.9037,0.9038,1.00,11.20
2010.03.19 18:07:32.134,0.9037,0.9038,1.00,12.80
2010.03.19 18:07:34.139,0.9037,0.9038,2.40,12.80
2010.03.19 18:07:34.249,0.9037,0.9038,2.40,11.20
2010.03.19 18:07:44.184,0.90365,0.9038,23.10,10.40
2010.03.19 18:07:44.238,0.9037,0.9038,7.10,6.40
2010.03.19 18:07:44.857,0.9037,0.9038,8.70,4.80
2010.03.19 18:07:45.171,0.9037,0.9038,10.30,4.80
2010.03.19 18:07:52.659,0.9037,0.9038,8.70,4.80
2010.03.19 18:07:53.844,0.9037,0.9038,10.30,4.80
2010.03.19 18:08:00.980,0.9037,0.9038,10.30,1.00
2010.03.19 18:08:20.086,0.9037,0.9038,10.40,1.00
2010.03.19 18:08:20.328,0.9037,0.9038,10.30,1.00
2010.03.19 18:08:21.711,0.9037,0.9038,10.40,1.00
2010.03.19 18:08:21.798,0.90375,0.90385,1.00,11.40
2010.03.19 18:08:21.845,0.9038,0.90385,1.00,10.40
2010.03.19 18:08:21.899,0.9038,0.90385,1.00,9.60
2010.03.19 18:08:22.532,0.9038,0.90385,2.40,8.00
2010.03.19 18:08:22.576,0.9038,0.90395,15.10,12.00
2010.03.19 18:08:23.095,0.9038,0.90395,18.30,10.40
2010.03.19 18:08:24.133,0.90385,0.90395,3.20,10.40
2010.03.19 18:08:24.520,0.9039,0.90395,1.00,10.40
2010.03.19 18:08:24.703,0.90385,0.9039,7.20,1.00
2010.03.19 18:08:25.315,0.90385,0.9039,3.20,4.80
2010.03.19 18:08:25.668,0.9038,0.9039,10.30,4.80
2010.03.19 18:08:29.175,0.9038,0.9039,10.30,8.80
2010.03.19 18:08:29.621,0.9039,0.90395,1.00,9.60
2010.03.19 18:08:30.061,0.9039,0.904,4.80,13.20
2010.03.19 18:08:30.280,0.9039,0.904,5.50,12.80
2010.03.19 18:08:36.758,0.9039,0.904,5.50,11.20
2010.03.19 18:08:39.232,0.90395,0.904,5.60,6.40
2010.03.19 18:08:39.547,0.90395,0.90405,11.90,5.60
2010.03.19 18:08:39.856,0.90395,0.90405,10.30,5.60
2010.03.19 18:08:49.569,0.904,0.90405,1.00,5.60
2010.03.19 18:08:50.164,0.904,0.90405,1.00,1.60
2010.03.19 18:08:50.455,0.90395,0.90405,10.30,4.00
2010.03.19 18:08:52.671,0.90395,0.90405,6.30,8.00
2010.03.19 18:08:53.942,0.90395,0.90405,10.30,4.00
2010.03.19 18:08:54.810,0.904,0.9041,1.00,21.60
2010.03.19 18:08:55.062,0.904,0.9041,1.00,20.80
2010.03.19 18:08:55.542,0.90395,0.9041,17.50,20.80
2010.03.19 18:08:55.786,0.90395,0.90405,10.30,4.00
2010.03.19 18:08:58.346,0.90395,0.90405,10.30,4.80
2010.03.19 18:08:58.446,0.90395,0.90405,10.30,4.00
2010.03.19 18:08:59.139,0.904,0.90405,1.00,4.00
2010.03.19 18:08:59.488,0.904,0.9041,1.00,20.80
2010.03.19 18:09:00.186,0.904,0.9041,1.00,14.40
2010.03.19 18:09:00.466,0.904,0.9041,11.10,4.80
2010.03.19 18:09:01.277,0.904,0.9041,15.10,1.00
2010.03.19 18:09:01.420,0.904,0.90415,15.10,16.00
2010.03.19 18:09:02.095,0.904,0.90405,8.00,1.60
2010.03.19 18:09:02.241,0.904,0.90405,4.00,4.80
2010.03.19 18:09:02.392,0.90395,0.90405,1.00,20.40
2010.03.19 18:09:02.532,0.90395,0.90405,1.00,23.00
2010.03.19 18:09:02.672,0.9039,0.904,8.70,12.80
2010.03.19 18:09:02.811,0.9039,0.904,6.40,12.00
2010.03.19 18:09:10.784,0.9039,0.904,8.00,12.00
2010.03.19 18:09:11.007,0.9039,0.904,8.00,12.80
2010.03.19 18:09:11.649,0.9039,0.904,7.10,14.40
2010.03.19 18:09:13.315,0.9039,0.904,8.70,12.80
2010.03.19 18:09:18.776,0.9039,0.904,7.10,14.40
2010.03.19 18:09:19.411,0.9039,0.904,7.10,12.80
2010.03.19 18:09:19.556,0.9039,0.904,8.70,12.80
2010.03.19 18:09:26.213,0.9039,0.904,2.40,18.40
2010.03.19 18:09:26.363,0.9039,0.904,4.70,12.80
2010.03.19 18:09:26.512,0.9039,0.904,8.70,12.80
2010.03.19 18:09:29.952,0.9039,0.904,2.40,18.40
2010.03.19 18:09:30.707,0.9039,0.904,8.00,12.80
2010.03.19 18:09:30.772,0.9039,0.904,8.70,12.80
2010.03.19 18:09:32.171,0.9039,0.904,7.10,12.80
2010.03.19 18:09:34.391,0.9039,0.904,8.70,12.80
2010.03.19 18:09:39.272,0.9039,0.904,4.00,16.80
2010.03.19 18:09:43.207,0.9039,0.904,4.70,16.80
2010.03.19 18:09:43.627,0.9039,0.904,8.70,12.80
2010.03.19 18:09:44.621,0.9039,0.904,8.70,15.20
2010.03.19 18:09:44.921,0.9039,0.904,8.70,11.20
2010.03.19 18:09:49.189,0.9039,0.904,7.10,11.20
2010.03.19 18:09:49.346,0.9039,0.904,3.10,15.20
2010.03.19 18:09:49.511,0.9039,0.904,4.70,11.20
2010.03.19 18:09:49.670,0.9039,0.904,8.70,11.20
2010.03.19 18:09:50.563,0.9039,0.904,7.10,11.20
2010.03.19 18:09:50.815,0.9039,0.904,8.70,11.20
2010.03.19 18:09:52.982,0.9039,0.904,10.30,11.20
2010.03.19 18:09:53.105,0.9039,0.904,10.30,1.00
2010.03.19 18:10:25.593,0.9039,0.904,8.70,11.20
2010.03.19 18:10:25.946,0.9039,0.904,10.30,11.20
2010.03.19 18:10:33.028,0.9039,0.904,10.30,1.00
2010.03.19 18:10:33.658,0.90395,0.904,3.60,1.00
2010.03.19 18:10:33.722,0.90395,0.90405,7.90,12.00
2010.03.19 18:10:33.954,0.90395,0.90405,15.90,4.00
2010.03.19 18:10:34.194,0.90395,0.90405,15.70,4.00
2010.03.19 18:10:34.835,0.90395,0.90405,14.90,4.00
2010.03.19 18:10:35.855,0.90395,0.90405,4.30,13.00
2010.03.19 18:10:36.142,0.90395,0.90405,11.90,4.00
2010.03.19 18:10:37.046,0.90395,0.90405,10.30,5.60
2010.03.19 18:10:40.280,0.90395,0.90405,11.90,4.00
2010.03.19 18:10:43.294,0.90395,0.90405,13.50,4.00
2010.03.19 18:10:43.497,0.90395,0.90405,14.30,4.00
2010.03.19 18:10:45.473,0.904,0.90405,1.00,4.00
2010.03.19 18:10:45.978,0.904,0.9041,4.70,9.00
2010.03.19 18:10:46.081,0.904,0.9041,4.70,8.00
2010.03.19 18:10:46.979,0.904,0.9041,11.90,2.40
2010.03.19 18:10:47.332,0.904,0.9041,15.90,1.60
2010.03.19 18:10:48.676,0.904,0.9041,16.70,2.40
2010.03.19 18:10:48.777,0.904,0.9041,12.70,4.80
2010.03.19 18:10:50.204,0.904,0.9041,12.70,6.40
2010.03.19 18:10:50.368,0.904,0.9041,11.10,8.80
2010.03.19 18:10:51.595,0.904,0.9041,11.50,8.80
2010.03.19 18:10:52.862,0.904,0.9041,11.50,4.80
2010.03.19 18:10:54.099,0.904,0.9041,12.30,4.80
2010.03.19 18:10:54.253,0.904,0.9041,11.50,4.80
2010.03.19 18:10:57.180,0.904,0.9041,9.50,6.40
2010.03.19 18:10:57.374,0.904,0.9041,10.30,8.80
2010.03.19 18:11:20.623,0.904,0.9041,10.30,9.60
2010.03.19 18:11:21.235,0.904,0.9041,10.30,8.80
2010.03.19 18:11:27.274,0.904,0.9041,8.70,8.80
2010.03.19 18:11:41.737,0.904,0.9041,10.30,8.80
2010.03.19 18:11:46.168,0.904,0.9041,8.70,8.80
2010.03.19 18:11:57.342,0.904,0.9041,4.70,4.80
2010.03.19 18:12:04.152,0.904,0.9041,3.10,6.40
2010.03.19 18:12:04.212,0.904,0.9041,2.30,6.40
2010.03.19 18:12:04.275,0.904,0.9041,1.00,7.20
2010.03.19 18:12:04.924,0.904,0.90405,1.00,1.60
2010.03.19 18:12:05.281,0.90395,0.90405,9.20,9.60
2010.03.19 18:12:06.650,0.90395,0.90405,9.40,9.60
2010.03.19 18:12:07.336,0.90395,0.90405,9.70,9.60
2010.03.19 18:12:08.153,0.90395,0.90405,9.90,9.60
2010.03.19 18:12:08.384,0.90395,0.90405,10.70,9.60
2010.03.19 18:12:09.078,0.9039,0.90405,26.30,9.60
2010.03.19 18:12:10.291,0.90395,0.90405,10.70,9.60
2010.03.19 18:12:12.201,0.90395,0.90405,10.70,5.60
2010.03.19 18:12:12.333,0.90395,0.90405,14.70,5.60
2010.03.19 18:12:13.041,0.90395,0.90405,10.70,5.60
2010.03.19 18:12:13.284,0.90395,0.90405,10.70,9.60
2010.03.19 18:12:16.320,0.90395,0.90405,11.00,9.60
2010.03.19 18:12:17.352,0.90395,0.904,1.60,1.00
2010.03.19 18:12:17.519,0.9039,0.904,7.10,10.40
2010.03.19 18:12:17.944,0.9039,0.904,7.10,12.00
2010.03.19 18:12:18.215,0.9039,0.904,6.40,12.80
2010.03.19 18:12:18.484,0.9039,0.904,7.10,12.00
2010.03.19 18:12:19.150,0.9039,0.904,8.70,10.40
2010.03.19 18:12:20.501,0.9039,0.904,10.30,8.80
2010.03.19 18:12:59.828,0.9039,0.904,10.30,8.00
2010.03.19 18:13:00.737,0.90395,0.904,1.60,4.00
2010.03.19 18:13:01.045,0.90395,0.90405,13.90,4.00
2010.03.19 18:13:02.243,0.90395,0.90405,13.80,4.00
2010.03.19 18:13:06.728,0.90395,0.90405,12.20,4.00
2010.03.19 18:13:06.878,0.90395,0.90405,13.80,4.00
2010.03.19 18:13:08.009,0.90395,0.90405,11.90,4.00
2010.03.19 18:13:10.487,0.90395,0.90405,11.90,5.60
2010.03.19 18:13:11.348,0.90395,0.90405,11.90,4.00
2010.03.19 18:13:14.808,0.90395,0.90405,11.90,5.60
2010.03.19 18:13:20.598,0.90395,0.90405,13.50,4.00
2010.03.19 18:13:20.780,0.90395,0.90405,13.90,4.00
2010.03.19 18:13:25.476,0.90395,0.90405,14.00,4.00
2010.03.19 18:13:25.898,0.90395,0.90405,14.00,4.80
2010.03.19 18:13:26.828,0.90395,0.90405,13.90,4.00
2010.03.19 18:13:27.744,0.90395,0.90405,14.20,4.00
2010.03.19 18:13:27.999,0.90395,0.90405,14.30,4.00
2010.03.19 18:13:28.763,0.90395,0.90405,14.20,4.00
2010.03.19 18:13:30.680,0.90395,0.9041,14.30,17.80
2010.03.19 18:13:30.921,0.90395,0.90405,14.20,4.00
2010.03.19 18:13:40.070,0.90395,0.90405,10.20,8.00
2010.03.19 18:13:40.260,0.90395,0.90405,14.20,4.00
2010.03.19 18:13:40.450,0.90395,0.90405,12.60,4.00
2010.03.19 18:13:41.693,0.90395,0.90405,12.30,4.00
2010.03.19 18:13:45.749,0.90395,0.90405,9.10,6.40
2010.03.19 18:13:45.943,0.90395,0.90405,4.70,10.40
2010.03.19 18:13:46.161,0.90395,0.90405,4.00,11.20
2010.03.19 18:13:46.374,0.9039,0.90405,17.50,15.20
2010.03.19 18:13:49.373,0.9039,0.90405,18.30,14.40
2010.03.19 18:13:49.566,0.90395,0.90405,4.70,9.60
2010.03.19 18:13:50.380,0.90395,0.90405,4.70,11.20
2010.03.19 18:13:50.610,0.9039,0.90405,17.50,16.80
2010.03.19 18:13:51.054,0.90385,0.904,32.90,1.00
2010.03.19 18:13:51.882,0.9039,0.904,8.70,8.80
2010.03.19 18:13:52.218,0.90385,0.90395,5.60,10.40
2010.03.19 18:13:52.534,0.90385,0.90395,6.30,9.60
2010.03.19 18:13:52.853,0.90385,0.90395,10.30,5.60
2010.03.19 18:13:54.000,0.90385,0.90395,14.40,1.60
2010.03.19 18:13:54.048,0.9039,0.90395,1.00,1.60
2010.03.19 18:13:54.187,0.9039,0.904,1.00,17.20
2010.03.19 18:13:54.919,0.90385,0.90395,13.50,4.00
2010.03.19 18:13:55.173,0.90385,0.90395,12.30,4.00
2010.03.19 18:13:58.177,0.90385,0.90395,12.30,4.80
2010.03.19 18:13:58.500,0.90385,0.90395,6.30,12.00
2010.03.19 18:14:03.446,0.90385,0.90395,6.50,12.00
2010.03.19 18:14:03.465,0.90385,0.90395,7.70,12.00
2010.03.19 18:14:04.787,0.90385,0.90395,11.70,8.00
2010.03.19 18:14:05.133,0.9039,0.90395,1.00,1.60
2010.03.19 18:14:21.791,0.9039,0.904,1.00,16.80
2010.03.19 18:14:25.953,0.9039,0.904,1.00,15.20
2010.03.19 18:14:29.558,0.9039,0.904,1.00,15.70
2010.03.19 18:14:39.071,0.9039,0.904,1.00,11.20
2010.03.19 18:14:39.148,0.9039,0.904,5.50,11.20
2010.03.19 18:14:49.124,0.9039,0.904,1.00,15.20
2010.03.19 18:14:49.484,0.9039,0.904,1.00,15.20
2010.03.19 18:14:51.087,0.9039,0.904,1.50,11.20
2010.03.19 18:14:51.388,0.9039,0.904,1.00,16.80
2010.03.19 18:14:56.200,0.9039,0.904,1.00,15.20
2010.03.19 18:14:56.984,0.9039,0.904,1.00,16.80
2010.03.19 18:14:57.056,0.9039,0.904,1.00,16.80
2010.03.19 18:14:57.379,0.9039,0.904,1.00,15.20
2010.03.19 18:14:58.876,0.9039,0.904,4.80,11.20
2010.03.19 18:14:59.095,0.9039,0.904,5.50,11.20
2010.03.19 18:14:59.873,0.9039,0.904,5.50,12.80
2010.03.19 18:15:09.259,0.9039,0.904,5.50,11.20
2010.03.19 18:15:11.732,0.9039,0.904,4.80,11.20
2010.03.19 18:15:12.431,0.9039,0.904,1.00,16.80
2010.03.19 18:15:19.944,0.9039,0.904,1.00,15.20
2010.03.19 18:15:31.115,0.9039,0.904,1.00,15.20
2010.03.19 18:15:31.226,0.9039,0.904,1.00,16.80
2010.03.19 18:15:32.297,0.90395,0.904,1.60,6.40
2010.03.19 18:15:32.567,0.90395,0.90405,11.90,5.60
2010.03.19 18:15:49.450,0.90395,0.904,8.70,5.60
2010.03.19 18:15:49.595,0.9039,0.904,3.10,14.40
2010.03.19 18:15:49.735,0.9039,0.904,1.50,16.00
2010.03.19 18:15:49.872,0.9039,0.904,1.00,16.80
2010.03.19 18:15:50.591,0.9039,0.904,1.00,15.20
2010.03.19 18:16:10.832,0.9039,0.904,1.00,16.80
2010.03.19 18:16:11.254,0.9039,0.904,3.10,16.00
2010.03.19 18:16:12.005,0.9039,0.904,2.40,15.20
2010.03.19 18:16:12.124,0.9039,0.904,8.70,10.40
2010.03.19 18:16:12.996,0.9039,0.904,7.10,10.40
2010.03.19 18:16:13.967,0.9039,0.904,8.70,10.40
2010.03.19 18:16:14.307,0.9039,0.904,7.10,10.40
2010.03.19 18:16:14.813,0.9039,0.904,8.70,10.40
2010.03.19 18:16:16.134,0.9039,0.904,10.30,8.80
2010.03.19 18:16:31.079,0.9039,0.904,10.30,9.90
2010.03.19 18:16:31.338,0.9039,0.904,10.30,8.80
2010.03.19 18:17:12.091,0.9039,0.904,6.30,10.40
2010.03.19 18:17:12.255,0.9039,0.90395,1.00,6.40
2010.03.19 18:17:12.415,0.90385,0.9039,4.00,4.80
2010.03.19 18:17:13.085,0.9038,0.9039,10.30,4.80
2010.03.19 18:17:13.239,0.9038,0.9039,10.30,4.80
2010.03.19 18:17:18.967,0.9038,0.9039,8.70,4.80
2010.03.19 18:17:18.987,0.9038,0.9039,8.70,8.80
2010.03.19 18:17:26.655,0.9038,0.9039,8.70,10.40
2010.03.19 18:17:26.755,0.9038,0.9039,6.40,11.20
2010.03.19 18:17:26.857,0.9038,0.9039,2.40,15.20
2010.03.19 18:17:26.956,0.9038,0.9039,6.40,11.20
2010.03.19 18:17:27.265,0.9038,0.9039,7.10,10.40
2010.03.19 18:17:31.212,0.9038,0.9039,7.10,6.40
2010.03.19 18:17:31.934,0.9038,0.9039,3.10,6.40
2010.03.19 18:17:32.054,0.9038,0.90395,3.10,26.30
2010.03.19 18:17:32.174,0.9038,0.9039,2.40,11.20
2010.03.19 18:17:41.681,0.9038,0.9039,4.70,10.40
2010.03.19 18:17:41.966,0.9038,0.9039,2.30,11.20
2010.03.19 18:17:42.116,0.9038,0.9039,5.50,11.20
2010.03.19 18:17:42.266,0.9038,0.9039,4.00,7.20
2010.03.19 18:17:42.909,0.9038,0.90395,4.00,25.20
2010.03.19 18:17:43.115,0.90375,0.9038,2.30,1.00
2010.03.19 18:17:43.321,0.90375,0.9038,3.90,1.00
2010.03.19 18:17:43.515,0.90375,0.9038,3.20,1.00
2010.03.19 18:17:45.159,0.90375,0.90385,3.20,11.60
2010.03.19 18:17:45.332,0.9038,0.9039,1.00,20.70
2010.03.19 18:17:45.970,0.9038,0.9039,1.00,11.60
2010.03.19 18:17:46.337,0.9038,0.9039,5.50,6.40
2010.03.19 18:17:46.692,0.9038,0.9039,7.20,2.40
2010.03.19 18:17:47.618,0.9038,0.9039,5.60,6.40
2010.03.19 18:17:49.663,0.9038,0.9039,5.50,6.40
2010.03.19 18:17:50.731,0.9038,0.9039,5.60,6.40
2010.03.19 18:17:50.879,0.9038,0.9039,5.50,6.40
2010.03.19 18:17:56.428,0.9038,0.9039,5.50,2.40
2010.03.19 18:17:57.000,0.9038,0.9039,5.50,6.40
2010.03.19 18:17:59.405,0.9038,0.9039,5.50,2.40
2010.03.19 18:18:00.515,0.9038,0.9039,1.50,11.20
2010.03.19 18:18:01.304,0.9038,0.9039,1.00,11.20
2010.03.19 18:18:01.491,0.9038,0.9039,1.00,12.80
2010.03.19 18:18:04.621,0.9038,0.9039,1.00,11.20
2010.03.19 18:18:08.318,0.9038,0.9039,1.00,12.80
2010.03.19 18:18:09.132,0.9038,0.90395,1.00,25.90
2010.03.19 18:18:09.349,0.9038,0.9039,1.00,12.80
2010.03.19 18:18:13.755,0.90385,0.90395,8.70,4.80
2010.03.19 18:18:14.157,0.90385,0.90395,10.30,3.20
2010.03.19 18:18:15.237,0.90385,0.90395,10.30,2.70
2010.03.19 18:18:16.386,0.90385,0.90395,13.50,1.10
2010.03.19 18:18:16.681,0.90385,0.9039,8.00,2.40
2010.03.19 18:18:17.018,0.9038,0.9039,1.50,10.40
2010.03.19 18:18:17.187,0.9038,0.9039,1.50,11.20
2010.03.19 18:18:18.022,0.9038,0.9039,1.00,11.20
2010.03.19 18:18:24.682,0.9038,0.9039,1.00,15.20
2010.03.19 18:18:24.692,0.90375,0.9039,16.60,15.20
2010.03.19 18:18:24.812,0.90375,0.90385,14.60,1.60
2010.03.19 18:18:24.906,0.90375,0.90385,11.90,1.60
2010.03.19 18:18:33.861,0.90375,0.9039,14.30,16.00
2010.03.19 18:18:40.554,0.90375,0.9039,14.40,14.40
2010.03.19 18:18:46.113,0.9038,0.9039,1.00,14.40
2010.03.19 18:18:46.309,0.90375,0.9039,14.30,14.40
2010.03.19 18:18:47.359,0.90375,0.9039,14.30,16.00
2010.03.19 18:18:48.048,0.90375,0.9039,14.30,14.40
2010.03.19 18:18:48.690,0.9038,0.9039,1.00,15.20
2010.03.19 18:18:49.020,0.90375,0.9039,14.30,16.00
2010.03.19 18:18:51.248,0.90375,0.9039,13.50,16.80
2010.03.19 18:19:01.103,0.90375,0.9039,13.50,15.20
2010.03.19 18:19:15.771,0.90375,0.9039,13.50,16.80
2010.03.19 18:19:59.802,0.90375,0.9039,13.50,15.20
2010.03.19 18:20:16.148,0.90375,0.9039,13.50,16.80
2010.03.19 18:20:16.459,0.9038,0.9039,1.00,16.80
2010.03.19 18:20:17.327,0.90375,0.9039,13.50,16.80
2010.03.19 18:20:19.896,0.90375,0.9039,13.50,16.00
2010.03.19 18:20:19.945,0.90375,0.9039,13.50,14.40
2010.03.19 18:20:19.970,0.9038,0.9039,1.00,14.40
2010.03.19 18:20:20.027,0.9038,0.9039,1.00,10.40
2010.03.19 18:20:20.627,0.9038,0.9039,2.30,8.80
2010.03.19 18:20:20.652,0.9038,0.9039,3.90,8.80
2010.03.19 18:20:21.650,0.9038,0.9039,3.90,13.60
2010.03.19 18:20:21.951,0.9038,0.9039,3.90,15.20
2010.03.19 18:20:22.603,0.9038,0.9039,3.90,12.80
2010.03.19 18:20:26.012,0.9038,0.9039,3.90,13.60
2010.03.19 18:20:26.335,0.9038,0.9039,3.90,12.80
2010.03.19 18:20:27.217,0.9038,0.9039,3.90,8.80
2010.03.19 18:20:30.644,0.9038,0.9039,1.60,16.80
2010.03.19 18:20:30.837,0.9038,0.90385,1.60,8.80
2010.03.19 18:20:32.545,0.90375,0.90385,3.90,8.80
2010.03.19 18:20:33.584,0.9038,0.90385,2.40,8.80
2010.03.19 18:20:34.214,0.90375,0.9039,16.70,4.00
2010.03.19 18:20:34.262,0.9038,0.90395,13.50,13.90
2010.03.19 18:20:34.342,0.9038,0.90395,11.90,13.90
2010.03.19 18:20:34.424,0.9038,0.90395,12.70,13.10
2010.03.19 18:20:34.485,0.9038,0.90395,16.70,13.10
2010.03.19 18:20:35.496,0.90385,0.90395,7.90,6.70
2010.03.19 18:20:35.814,0.90385,0.90395,3.20,11.50
2010.03.19 18:20:43.038,0.90385,0.90395,3.90,10.70
2010.03.19 18:20:43.809,0.90385,0.90395,3.90,6.70
2010.03.19 18:20:43.926,0.90385,0.90395,7.90,6.70
2010.03.19 18:20:45.193,0.90385,0.90395,4.00,8.30
2010.03.19 18:20:45.329,0.9038,0.90395,17.60,12.30
2010.03.19 18:20:45.471,0.9038,0.90395,17.60,13.90
2010.03.19 18:20:45.609,0.9038,0.90395,13.60,13.90
2010.03.19 18:20:48.068,0.9038,0.90395,17.60,13.90
2010.03.19 18:20:49.565,0.9038,0.90395,17.50,13.90
2010.03.19 18:20:49.670,0.9038,0.90395,15.90,13.90
2010.03.19 18:20:50.435,0.90385,0.90395,4.70,11.50
2010.03.19 18:20:50.787,0.9038,0.90395,17.50,13.90
2010.03.19 18:20:51.471,0.9038,0.90395,14.30,13.10
2010.03.19 18:20:52.383,0.9038,0.90395,18.30,13.10
2010.03.19 18:20:55.844,0.9038,0.90395,17.50,13.90
2010.03.19 18:20:56.115,0.9038,0.90395,15.90,13.90
2010.03.19 18:20:57.096,0.9038,0.90395,16.70,13.10
2010.03.19 18:20:59.309,0.9038,0.90395,18.30,11.50
2010.03.19 18:20:59.573,0.9038,0.90395,18.30,13.10
2010.03.19 18:21:00.376,0.90385,0.90395,1.60,13.10
2010.03.19 18:21:00.617,0.90385,0.90395,3.20,11.50
2010.03.19 18:21:00.787,0.90385,0.90395,3.20,9.90
2010.03.19 18:21:06.012,0.90385,0.90395,3.20,11.50
2010.03.19 18:21:06.173,0.90385,0.90395,4.00,9.10
2010.03.19 18:21:08.421,0.90385,0.90395,1.00,13.10
2010.03.19 18:21:09.402,0.9038,0.90395,18.40,13.10
2010.03.19 18:21:09.638,0.9038,0.90395,18.30,13.10
2010.03.19 18:21:12.073,0.9038,0.90395,18.30,11.50
2010.03.19 18:21:12.347,0.9039,0.904,8.70,5.60
2010.03.19 18:21:12.619,0.9039,0.904,8.70,4.80
2010.03.19 18:21:12.888,0.9039,0.904,10.30,4.80
2010.03.19 18:21:17.136,0.90395,0.904,1.60,1.00
2010.03.19 18:21:17.483,0.9039,0.904,10.30,4.80
2010.03.19 18:21:18.594,0.90395,0.9041,13.90,17.20
2010.03.19 18:21:19.035,0.90395,0.90405,9.50,4.00
2010.03.19 18:21:20.312,0.90395,0.9041,13.90,16.80
2010.03.19 18:21:20.536,0.90395,0.90405,9.50,4.00
2010.03.19 18:21:30.343,0.90395,0.9041,13.50,16.80
2010.03.19 18:21:30.360,0.90395,0.9041,13.90,16.80
2010.03.19 18:21:30.420,0.90395,0.9041,13.50,16.80
2010.03.19 18:21:33.968,0.90395,0.9041,13.50,15.20
2010.03.19 18:21:34.388,0.90395,0.9041,13.50,18.70
2010.03.19 18:21:34.486,0.90395,0.9041,13.50,19.30
2010.03.19 18:21:35.215,0.90395,0.9041,13.60,19.30
2010.03.19 18:21:36.247,0.90395,0.9041,13.50,18.70
2010.03.19 18:21:36.597,0.90395,0.9041,13.50,16.80
2010.03.19 18:21:38.322,0.90395,0.9041,13.50,19.30
2010.03.19 18:21:39.225,0.90395,0.9041,13.50,16.80
2010.03.19 18:21:40.522,0.90395,0.90405,9.50,4.00
2010.03.19 18:21:43.305,0.90395,0.9041,9.50,20.50
2010.03.19 18:21:43.434,0.90395,0.9041,13.50,20.50
2010.03.19 18:21:46.453,0.90395,0.9041,13.50,19.30
2010.03.19 18:21:47.811,0.90395,0.9041,13.50,20.10
2010.03.19 18:21:50.295,0.90395,0.9041,13.50,19.50
2010.03.19 18:21:51.307,0.90395,0.9041,9.50,16.80
2010.03.19 18:21:51.657,0.90395,0.9041,13.50,15.20
2010.03.19 18:21:51.832,0.90395,0.9041,13.50,15.80
2010.03.19 18:21:52.004,0.9039,0.9041,19.10,16.10
2010.03.19 18:21:52.352,0.90395,0.9041,13.70,16.10
2010.03.19 18:21:52.525,0.90395,0.9041,14.90,15.50
2010.03.19 18:21:53.180,0.904,0.9041,2.40,11.50
2010.03.19 18:21:53.466,0.90405,0.90415,2.60,12.00
2010.03.19 18:21:58.609,0.90405,0.90415,2.60,10.40
2010.03.19 18:21:59.893,0.90405,0.90415,2.60,12.00
2010.03.19 18:22:02.630,0.90405,0.90415,1.90,12.00
2010.03.19 18:22:03.139,0.90405,0.90415,1.60,12.00
2010.03.19 18:22:05.726,0.90405,0.90415,1.60,10.40
2010.03.19 18:22:06.071,0.90405,0.90415,2.00,10.40
2010.03.19 18:22:06.421,0.90405,0.90415,2.00,12.00
2010.03.19 18:22:07.459,0.90405,0.90415,1.60,10.40
2010.03.19 18:22:08.090,0.90405,0.90415,1.60,15.60
2010.03.19 18:22:08.306,0.904,0.9041,8.70,6.40
2010.03.19 18:22:09.216,0.904,0.9041,1.00,11.20
2010.03.19 18:22:09.340,0.904,0.9041,1.00,12.80
2010.03.19 18:22:23.012,0.904,0.9041,2.40,12.80
2010.03.19 18:22:23.246,0.904,0.9041,3.10,12.00
2010.03.19 18:22:23.477,0.904,0.9041,8.70,6.40
2010.03.19 18:22:25.010,0.904,0.9041,8.70,5.60
2010.03.19 18:22:25.081,0.904,0.9041,8.70,6.40
2010.03.19 18:22:25.124,0.904,0.90415,14.40,17.60
2010.03.19 18:22:25.159,0.904,0.90415,14.40,16.00
2010.03.19 18:22:25.200,0.90405,0.9041,1.00,4.00
2010.03.19 18:22:25.238,0.90405,0.9041,2.00,4.00
2010.03.19 18:22:25.922,0.90405,0.90415,3.60,10.40
2010.03.19 18:22:25.952,0.90405,0.90415,3.20,10.40
2010.03.19 18:22:26.656,0.90405,0.90415,1.60,10.40
2010.03.19 18:22:27.500,0.90405,0.90415,1.60,12.00
2010.03.19 18:22:29.611,0.904,0.9041,4.80,4.80
2010.03.19 18:22:29.860,0.904,0.9041,1.00,12.80
2010.03.19 18:22:30.969,0.904,0.9041,6.40,11.20
2010.03.19 18:22:31.145,0.904,0.9041,8.00,7.20
2010.03.19 18:22:32.017,0.904,0.90415,18.30,10.40
2010.03.19 18:22:32.541,0.904,0.9041,14.30,1.00
2010.03.19 18:22:32.806,0.904,0.9041,10.30,4.80
2010.03.19 18:22:33.886,0.90405,0.90415,1.60,10.40
2010.03.19 18:22:34.558,0.90405,0.9041,1.60,2.40
2010.03.19 18:22:34.620,0.904,0.9041,2.40,11.20
2010.03.19 18:22:35.407,0.90395,0.90405,11.40,4.00
2010.03.19 18:22:36.917,0.90395,0.90405,11.20,4.00
2010.03.19 18:22:37.643,0.90395,0.90405,11.40,4.00
2010.03.19 18:22:37.888,0.904,0.9041,2.40,11.20
2010.03.19 18:22:38.126,0.904,0.9041,4.00,11.20
2010.03.19 18:22:38.283,0.904,0.9041,2.40,11.20
2010.03.19 18:22:46.399,0.904,0.9041,2.40,12.80
2010.03.19 18:22:52.211,0.904,0.9041,1.00,12.80
2010.03.19 18:22:54.518,0.904,0.9041,1.00,13.90
2010.03.19 18:22:55.275,0.904,0.9041,1.00,12.80
2010.03.19 18:22:58.417,0.90395,0.9041,14.20,16.80
2010.03.19 18:22:58.542,0.90395,0.90405,12.30,1.60
2010.03.19 18:22:58.639,0.90395,0.90405,6.70,1.60
2010.03.19 18:22:58.691,0.90395,0.90405,6.70,5.60
2010.03.19 18:22:58.740,0.90395,0.90405,6.30,5.60
2010.03.19 18:22:59.638,0.90395,0.90405,7.90,5.60
2010.03.19 18:23:10.784,0.90395,0.90405,9.30,5.60
2010.03.19 18:23:11.124,0.90395,0.90405,13.30,1.60
2010.03.19 18:23:11.463,0.90395,0.90405,14.10,1.60
2010.03.19 18:23:12.065,0.90395,0.90405,13.80,1.60
2010.03.19 18:23:12.365,0.90395,0.90405,13.60,1.60
2010.03.19 18:23:18.115,0.90395,0.90405,9.60,5.60
2010.03.19 18:23:19.126,0.90395,0.90405,3.90,11.20
2010.03.19 18:23:19.276,0.90395,0.90405,3.20,15.20
2010.03.19 18:23:19.999,0.9039,0.904,10.30,4.80
2010.03.19 18:23:22.934,0.90395,0.90405,1.60,14.80
2010.03.19 18:23:23.059,0.904,0.90405,1.00,10.40
2010.03.19 18:23:23.180,0.904,0.90405,1.00,1.60
2010.03.19 18:23:23.294,0.904,0.9041,1.00,13.20
2010.03.19 18:23:24.187,0.904,0.9041,1.00,17.20
2010.03.19 18:23:24.434,0.90395,0.90405,14.70,4.00
2010.03.19 18:23:25.327,0.90395,0.90405,10.30,4.00
2010.03.19 18:23:25.632,0.90395,0.90405,10.40,4.00
2010.03.19 18:23:26.781,0.9039,0.90405,19.10,4.00
2010.03.19 18:23:27.089,0.90395,0.90405,10.30,5.60
2010.03.19 18:23:28.008,0.90395,0.90405,7.10,5.60
2010.03.19 18:23:28.355,0.90395,0.90405,5.50,7.20
2010.03.19 18:23:29.832,0.90395,0.90405,5.50,5.60
2010.03.19 18:23:31.488,0.90395,0.90405,7.10,5.60
2010.03.19 18:23:38.533,0.90395,0.90405,7.10,5.60
2010.03.19 18:23:38.677,0.90395,0.90405,4.70,5.60
2010.03.19 18:23:38.957,0.90395,0.90405,1.00,5.60
2010.03.19 18:23:39.096,0.90395,0.90405,1.00,9.60
2010.03.19 18:23:39.236,0.9039,0.90405,18.40,10.40
2010.03.19 18:23:39.359,0.9039,0.90405,17.60,11.20
2010.03.19 18:23:54.362,0.9039,0.9041,18.40,19.50
2010.03.19 18:23:57.657,0.9039,0.90405,18.40,12.00
2010.03.19 18:24:08.866,0.9039,0.90405,18.30,12.00
2010.03.19 18:24:09.046,0.9039,0.90405,18.30,10.40
2010.03.19 18:24:09.702,0.9039,0.90405,18.30,12.00
2010.03.19 18:24:33.668,0.9039,0.90405,18.40,12.00
2010.03.19 18:24:39.091,0.9039,0.90405,10.40,4.00
2010.03.19 18:24:41.874,0.9039,0.90405,10.30,4.00
2010.03.19 18:24:42.083,0.9039,0.90405,10.40,4.00
2010.03.19 18:24:42.280,0.9039,0.90405,10.30,4.00
2010.03.19 18:24:51.920,0.90395,0.90405,4.70,7.20
2010.03.19 18:25:22.179,0.90395,0.90405,4.70,5.60
2010.03.19 18:25:27.720,0.90395,0.90405,4.00,6.40
2010.03.19 18:25:27.881,0.90395,0.90405,4.00,8.00
2010.03.19 18:25:28.493,0.9039,0.90405,18.40,12.00
2010.03.19 18:25:28.650,0.90395,0.90405,4.70,7.20
2010.03.19 18:25:29.230,0.90395,0.90405,4.00,8.00
2010.03.19 18:25:29.519,0.9039,0.90405,18.40,12.00
2010.03.19 18:25:32.129,0.9039,0.90405,18.30,12.00
2010.03.19 18:25:32.357,0.9039,0.90405,18.40,12.00
2010.03.19 18:25:32.817,0.9039,0.9041,18.30,19.50
2010.03.19 18:25:33.537,0.9039,0.90405,18.40,12.00
2010.03.19 18:25:34.267,0.9039,0.90405,18.30,12.00
2010.03.19 18:25:37.369,0.9039,0.904,10.30,4.80
2010.03.19 18:25:39.902,0.9039,0.904,8.70,6.40
2010.03.19 18:25:42.080,0.9039,0.904,7.10,8.00
2010.03.19 18:25:46.033,0.9039,0.904,1.60,16.80
2010.03.19 18:25:59.325,0.9039,0.904,3.90,9.60
2010.03.19 18:25:59.491,0.9039,0.904,11.90,4.00
2010.03.19 18:25:59.616,0.9039,0.90405,15.90,12.80
2010.03.19 18:25:59.692,0.9039,0.90405,16.00,12.80
2010.03.19 18:25:59.824,0.90395,0.90405,4.00,8.80
2010.03.19 18:26:00.474,0.90395,0.90405,4.00,12.00
2010.03.19 18:26:00.741,0.9039,0.90405,16.80,12.00
2010.03.19 18:26:04.151,0.90395,0.90405,1.00,12.00
2010.03.19 18:26:04.362,0.90395,0.90405,4.70,8.00
2010.03.19 18:26:09.680,0.904,0.90415,18.70,12.40
2010.03.19 18:26:09.835,0.904,0.90415,17.10,12.00
2010.03.19 18:26:12.441,0.904,0.90415,16.80,12.00
2010.03.19 18:26:12.551,0.90405,0.90415,1.00,12.00
2010.03.19 18:26:20.119,0.90405,0.90415,3.50,10.40
2010.03.19 18:26:20.298,0.90405,0.90415,5.90,9.60
2010.03.19 18:26:20.481,0.90405,0.90415,9.90,4.00
2010.03.19 18:26:20.659,0.90405,0.90415,9.40,4.00
2010.03.19 18:26:21.592,0.90405,0.90415,6.80,6.40
2010.03.19 18:26:21.790,0.90405,0.90415,4.00,8.00
2010.03.19 18:26:21.989,0.904,0.90415,18.40,12.00
2010.03.19 18:26:22.187,0.904,0.90415,18.40,12.00
2010.03.19 18:26:24.257,0.90405,0.90415,1.00,12.00
2010.03.19 18:26:24.326,0.90405,0.90415,1.00,10.40
2010.03.19 18:26:24.347,0.90405,0.90415,1.00,6.40
2010.03.19 18:26:24.388,0.90405,0.90415,1.00,6.40
2010.03.19 18:26:24.413,0.90405,0.90415,4.80,6.40
2010.03.19 18:26:24.438,0.90405,0.90415,5.60,6.40
2010.03.19 18:26:24.619,0.90405,0.90415,5.10,6.40
2010.03.19 18:26:24.720,0.90405,0.90415,5.80,5.60
2010.03.19 18:26:26.405,0.90405,0.90415,9.00,4.00
2010.03.19 18:26:27.206,0.90405,0.90415,9.10,4.00
2010.03.19 18:26:29.075,0.90405,0.9042,13.10,17.20
2010.03.19 18:26:29.436,0.90405,0.90415,9.10,4.00
2010.03.19 18:26:30.161,0.90405,0.90415,9.00,4.00
2010.03.19 18:26:32.372,0.9041,0.9042,1.00,12.80
2010.03.19 18:26:39.210,0.9041,0.9042,1.00,11.20
2010.03.19 18:26:39.282,0.9041,0.9042,1.00,12.80
2010.03.19 18:26:43.853,0.9041,0.9042,5.50,12.80
2010.03.19 18:26:44.013,0.9041,0.9042,5.50,8.80
2010.03.19 18:26:45.936,0.90415,0.9042,3.20,4.00
2010.03.19 18:26:46.026,0.90415,0.9042,3.90,4.00
2010.03.19 18:26:46.115,0.90415,0.90425,5.50,9.60
2010.03.19 18:26:46.742,0.90415,0.90425,5.50,5.60
2010.03.19 18:26:46.995,0.90415,0.9043,13.60,16.80
2010.03.19 18:26:47.238,0.90415,0.90425,12.80,1.00
2010.03.19 18:26:48.066,0.90415,0.90425,4.80,8.80
2010.03.19 18:26:48.748,0.90415,0.90425,3.20,10.40
2010.03.19 18:26:49.094,0.90415,0.90425,4.80,8.80
2010.03.19 18:26:50.296,0.90415,0.90425,3.20,8.80
2010.03.19 18:26:52.124,0.90415,0.90425,3.20,12.00
2010.03.19 18:26:52.978,0.90415,0.90425,4.80,10.40
2010.03.19 18:26:55.219,0.90415,0.90425,3.20,12.00
2010.03.19 18:27:00.509,0.90415,0.90425,3.20,12.10
2010.03.19 18:27:00.589,0.9041,0.90425,13.50,16.80
2010.03.19 18:27:01.591,0.9041,0.9042,8.70,8.00
2010.03.19 18:27:01.948,0.9041,0.9042,17.50,4.80
2010.03.19 18:27:02.586,0.9041,0.9042,17.50,1.00
2010.03.19 18:27:02.942,0.9041,0.90425,11.90,4.40
2010.03.19 18:27:04.918,0.9041,0.9042,10.30,2.40
2010.03.19 18:27:04.950,0.9041,0.9042,9.60,3.20
2010.03.19 18:27:05.022,0.9041,0.9042,9.60,7.20
2010.03.19 18:27:05.061,0.9041,0.9042,9.60,6.40
2010.03.19 18:27:05.104,0.9041,0.9042,9.60,7.20
2010.03.19 18:27:05.142,0.9041,0.9042,9.60,8.80
2010.03.19 18:27:05.220,0.9041,0.9042,5.60,8.80
2010.03.19 18:27:05.260,0.9041,0.9042,4.00,8.80
2010.03.19 18:27:06.239,0.9041,0.9042,4.00,9.20
2010.03.19 18:27:12.676,0.90405,0.9042,13.50,9.20
2010.03.19 18:27:12.804,0.90405,0.90415,9.50,4.00
2010.03.19 18:27:13.522,0.90405,0.90415,13.50,4.00
2010.03.19 18:27:13.644,0.90405,0.9042,9.50,17.20
2010.03.19 18:27:13.775,0.90405,0.90415,9.50,4.00
2010.03.19 18:27:13.905,0.90405,0.9042,9.50,17.20
2010.03.19 18:27:14.035,0.90405,0.9042,13.50,17.20
2010.03.19 18:27:30.040,0.90405,0.90415,13.50,1.00
2010.03.19 18:27:30.130,0.90405,0.9042,13.50,17.80
2010.03.19 18:27:30.223,0.90405,0.9042,13.50,18.30
2010.03.19 18:27:30.400,0.90405,0.9042,13.50,17.20
2010.03.19 18:27:41.417,0.90405,0.9042,13.50,17.60
2010.03.19 18:27:41.771,0.90405,0.9041,11.90,1.00
2010.03.19 18:27:42.053,0.90405,0.90415,7.90,6.40
2010.03.19 18:27:42.330,0.90405,0.90415,11.90,2.40
2010.03.19 18:27:48.357,0.90405,0.90415,7.90,6.40
2010.03.19 18:27:48.517,0.90405,0.90415,11.90,2.40
2010.03.19 18:27:49.517,0.90405,0.90415,7.90,6.40
2010.03.19 18:27:50.850,0.90405,0.90415,7.90,7.20
2010.03.19 18:27:51.079,0.90405,0.90415,7.90,6.40
2010.03.19 18:27:51.751,0.9041,0.90415,1.00,5.60
2010.03.19 18:27:52.003,0.9041,0.90415,10.30,4.00
2010.03.19 18:27:52.818,0.9041,0.9042,9.60,1.00
2010.03.19 18:27:52.893,0.9041,0.9042,1.60,12.80
2010.03.19 18:27:53.120,0.9041,0.9042,1.60,13.20
2010.03.19 18:27:53.258,0.90405,0.9042,18.70,13.20
2010.03.19 18:27:53.328,0.90405,0.9042,18.20,13.20
2010.03.19 18:27:53.466,0.90405,0.9042,17.40,13.20
2010.03.19 18:27:55.020,0.90405,0.9042,17.00,13.20
2010.03.19 18:27:56.060,0.90405,0.9042,17.00,13.20
2010.03.19 18:27:59.542,0.90405,0.9042,16.20,14.00
2010.03.19 18:28:00.974,0.90405,0.9042,16.20,17.20
2010.03.19 18:28:11.328,0.9041,0.9042,1.00,13.20
2010.03.19 18:28:11.613,0.9041,0.9042,4.70,13.20
2010.03.19 18:28:22.408,0.90405,0.9042,16.20,17.20
2010.03.19 18:28:23.998,0.9041,0.9042,4.70,13.20
2010.03.19 18:28:24.447,0.9041,0.9042,1.00,17.20
2010.03.19 18:28:24.600,0.90405,0.9042,16.20,17.20
2010.03.19 18:28:25.776,0.9041,0.9042,4.70,13.20
2010.03.19 18:28:28.355,0.9041,0.9042,4.00,13.20
2010.03.19 18:28:28.552,0.90405,0.9042,14.80,17.20
2010.03.19 18:28:29.415,0.90405,0.90415,10.80,4.00
2010.03.19 18:28:29.665,0.90405,0.9042,16.10,16.40
2010.03.19 18:28:29.917,0.90405,0.9042,15.40,13.20
2010.03.19 18:28:31.242,0.90405,0.9042,15.80,14.00
2010.03.19 18:28:33.699,0.9041,0.9042,1.60,14.00
2010.03.19 18:28:33.744,0.9041,0.9042,3.90,14.00
2010.03.19 18:28:33.896,0.9041,0.9042,3.90,13.60
2010.03.19 18:28:37.342,0.9041,0.9042,3.90,13.70
2010.03.19 18:28:39.704,0.9041,0.9042,3.20,13.70
2010.03.19 18:28:39.896,0.9041,0.9042,1.60,16.90
2010.03.19 18:28:40.085,0.9041,0.90415,1.60,4.00
2010.03.19 18:28:41.635,0.9041,0.9042,1.60,16.90
2010.03.19 18:28:48.532,0.9041,0.9042,1.60,15.30
2010.03.19 18:29:03.168,0.9041,0.9042,1.60,16.90
2010.03.19 18:29:04.433,0.9041,0.9042,2.40,11.30
2010.03.19 18:29:04.599,0.90415,0.9042,1.00,8.80
2010.03.19 18:29:04.756,0.90415,0.9042,8.00,4.80
2010.03.19 18:29:05.493,0.9042,0.90425,1.00,8.80
2010.03.19 18:29:05.654,0.9042,0.9043,7.10,8.00
2010.03.19 18:29:14.734,0.9042,0.9043,5.50,8.00
2010.03.19 18:29:19.344,0.9042,0.9043,5.50,8.80
2010.03.19 18:29:20.099,0.9042,0.9043,4.80,8.80
2010.03.19 18:29:20.204,0.90415,0.9043,13.50,16.80
2010.03.19 18:29:21.976,0.9042,0.9043,4.00,12.80
2010.03.19 18:29:22.109,0.9042,0.9043,4.70,12.80
2010.03.19 18:30:03.687,0.9042,0.9043,4.70,8.80
2010.03.19 18:30:04.637,0.9042,0.9043,4.70,12.80
2010.03.19 18:30:04.948,0.9042,0.9043,4.70,8.80
2010.03.19 18:30:07.983,0.9042,0.9043,4.70,9.10
2010.03.19 18:30:10.753,0.9042,0.9043,4.70,13.10
2010.03.19 18:30:11.978,0.9042,0.9043,7.10,5.10
2010.03.19 18:30:12.246,0.9042,0.9043,11.10,4.30
2010.03.19 18:30:30.987,0.9042,0.9043,11.20,4.30
2010.03.19 18:30:31.205,0.9042,0.9043,14.40,1.10
2010.03.19 18:30:34.794,0.9042,0.9043,12.80,1.10
2010.03.19 18:30:36.257,0.9042,0.9043,14.40,1.10
2010.03.19 18:30:36.656,0.9042,0.9043,14.40,1.00
2010.03.19 18:30:36.862,0.90425,0.90435,10.30,4.00
2010.03.19 18:30:37.060,0.90425,0.90435,10.30,3.20
2010.03.19 18:30:38.215,0.90425,0.90435,2.30,12.00
2010.03.19 18:30:38.996,0.90425,0.90435,2.50,12.00
2010.03.19 18:30:39.130,0.9043,0.90435,1.00,6.40
2010.03.19 18:30:39.259,0.9043,0.90435,1.00,1.60
2010.03.19 18:30:39.389,0.9043,0.9044,1.00,12.80
2010.03.19 18:30:40.061,0.9043,0.90435,1.00,1.60
2010.03.19 18:30:40.202,0.90425,0.90435,1.60,10.40
2010.03.19 18:30:40.628,0.90425,0.90435,4.80,10.40
2010.03.19 18:30:44.226,0.90425,0.90435,3.20,12.00
2010.03.19 18:30:44.454,0.90425,0.90435,3.90,9.60
2010.03.19 18:30:44.684,0.90425,0.90435,11.90,1.60
2010.03.19 18:30:48.212,0.90425,0.90435,3.20,10.40
2010.03.19 18:30:48.422,0.90425,0.90435,11.90,1.60
2010.03.19 18:30:51.225,0.90425,0.9043,11.90,1.00
2010.03.19 18:30:51.449,0.9042,0.9043,12.70,1.00
2010.03.19 18:30:52.186,0.9042,0.9043,9.50,4.80
2010.03.19 18:30:52.420,0.9042,0.9043,5.50,8.80
2010.03.19 18:30:54.283,0.9042,0.90425,4.70,1.00
2010.03.19 18:30:54.407,0.9042,0.9043,4.70,12.80
2010.03.19 18:30:54.525,0.90415,0.9043,25.20,16.80
2010.03.19 18:30:54.764,0.90415,0.9043,25.20,17.20
2010.03.19 18:30:57.461,0.90415,0.9043,25.40,17.20
2010.03.19 18:30:57.960,0.90415,0.9043,25.50,15.60
2010.03.19 18:30:58.278,0.90415,0.9043,25.50,17.20
2010.03.19 18:31:01.239,0.9042,0.9043,1.00,17.20
2010.03.19 18:31:01.652,0.9042,0.9043,4.00,13.20
2010.03.19 18:31:02.705,0.9042,0.9043,4.70,13.20
2010.03.19 18:31:06.719,0.9042,0.9043,4.70,12.80
2010.03.19 18:31:09.586,0.9042,0.9043,4.70,8.80
2010.03.19 18:31:18.031,0.9042,0.9043,4.70,12.80
2010.03.19 18:31:18.864,0.90415,0.9042,23.40,1.00
2010.03.19 18:31:19.091,0.9041,0.9042,11.90,5.60
2010.03.19 18:31:19.809,0.9041,0.9042,10.40,5.60
2010.03.19 18:31:19.884,0.9041,0.9042,10.30,5.60
2010.03.19 18:31:21.518,0.9041,0.9042,10.30,7.20
2010.03.19 18:31:22.724,0.9041,0.9042,10.40,7.20
2010.03.19 18:31:23.694,0.9041,0.9042,11.10,2.40
2010.03.19 18:31:24.726,0.9041,0.9042,11.20,2.40
2010.03.19 18:31:25.960,0.9041,0.9042,12.80,2.40
2010.03.19 18:31:26.095,0.9041,0.9042,14.40,1.00
2010.03.19 18:31:27.243,0.9041,0.9042,12.80,1.00
2010.03.19 18:31:32.271,0.9041,0.9042,12.70,1.00
2010.03.19 18:31:33.780,0.9041,0.9042,14.30,1.00
2010.03.19 18:31:41.837,0.9041,0.9042,14.40,1.00
2010.03.19 18:31:42.068,0.9041,0.9042,6.40,8.80
2010.03.19 18:31:42.522,0.9041,0.9042,7.10,7.20
2010.03.19 18:31:43.553,0.9041,0.9042,7.10,8.00
2010.03.19 18:31:49.927,0.9041,0.9042,7.10,6.40
2010.03.19 18:31:50.136,0.9041,0.9042,7.10,8.00
2010.03.19 18:31:57.484,0.9041,0.9042,7.30,8.00
2010.03.19 18:31:57.688,0.9041,0.9042,8.80,4.80
2010.03.19 18:31:57.890,0.9041,0.9042,10.40,4.80
2010.03.19 18:31:58.613,0.9041,0.9042,10.40,1.00
2010.03.19 18:31:58.867,0.90415,0.9043,15.00,17.20
2010.03.19 18:31:59.120,0.90415,0.9043,15.00,16.80
2010.03.19 18:32:00.582,0.90415,0.90425,10.00,4.80
2010.03.19 18:32:00.630,0.90415,0.90425,5.90,8.80
2010.03.19 18:32:02.026,0.90415,0.90425,5.60,8.80
2010.03.19 18:32:03.653,0.90415,0.90425,5.90,8.80
2010.03.19 18:32:03.804,0.90415,0.90425,6.70,8.80
2010.03.19 18:32:05.633,0.90415,0.90425,11.50,8.80
2010.03.19 18:32:06.246,0.90415,0.90425,17.10,4.00
2010.03.19 18:32:06.275,0.9042,0.9043,1.00,12.80
2010.03.19 18:32:06.363,0.9042,0.9043,2.40,12.80
2010.03.19 18:32:07.058,0.9042,0.9043,7.10,8.80
2010.03.19 18:32:32.839,0.9042,0.9043,6.40,8.80
2010.03.19 18:32:32.988,0.9042,0.9043,7.10,8.80
2010.03.19 18:32:39.343,0.9042,0.9043,7.10,9.50
2010.03.19 18:32:40.283,0.9042,0.9043,7.10,9.10
2010.03.19 18:32:40.388,0.90425,0.9043,1.00,6.70
2010.03.19 18:32:40.489,0.9043,0.90435,1.00,16.00
2010.03.19 18:32:40.547,0.9043,0.90435,1.00,14.40
2010.03.19 18:32:40.644,0.90425,0.9043,8.80,4.00
2010.03.19 18:32:40.685,0.90425,0.9043,10.40,4.00
2010.03.19 18:32:40.723,0.9043,0.9044,4.70,17.20
2010.03.19 18:32:40.762,0.9043,0.9044,5.50,10.80
2010.03.19 18:32:41.382,0.9043,0.9044,8.70,9.20
2010.03.19 18:32:41.414,0.9043,0.90445,12.70,12.00
2010.03.19 18:32:42.597,0.9043,0.90445,12.70,12.40
2010.03.19 18:32:43.749,0.9043,0.90445,11.90,12.40
2010.03.19 18:32:43.929,0.9043,0.9044,3.20,10.40
2010.03.19 18:32:45.696,0.90435,0.9044,3.30,10.40
2010.03.19 18:32:45.797,0.90435,0.9044,3.20,10.40
2010.03.19 18:32:46.063,0.90435,0.90445,8.00,2.40
2010.03.19 18:32:46.329,0.9043,0.90445,14.30,10.40
2010.03.19 18:32:46.586,0.9043,0.90445,14.30,12.00
2010.03.19 18:32:48.263,0.9044,0.90445,1.00,12.00
2010.03.19 18:32:48.377,0.9044,0.90445,1.00,8.00
2010.03.19 18:32:48.500,0.9044,0.90445,1.00,4.00
2010.03.19 18:32:48.617,0.9044,0.9045,1.00,14.40
2010.03.19 18:32:49.684,0.9043,0.90445,14.30,12.00
2010.03.19 18:32:50.656,0.9044,0.90445,1.00,12.00
2010.03.19 18:32:50.908,0.9044,0.9045,1.00,14.40
2010.03.19 18:32:54.660,0.9044,0.9045,1.00,12.80
2010.03.19 18:32:56.590,0.9044,0.9045,1.00,13.60
2010.03.19 18:32:58.459,0.9044,0.9045,1.00,12.80
2010.03.19 18:33:01.907,0.90435,0.9045,24.40,4.80
2010.03.19 18:33:06.242,0.9044,0.9045,4.80,8.80
2010.03.19 18:33:06.257,0.9044,0.9045,1.00,12.80
2010.03.19 18:33:18.693,0.9044,0.9045,1.50,12.80
2010.03.19 18:33:18.815,0.9044,0.9045,5.50,8.80
2010.03.19 18:33:40.150,0.9044,0.9045,5.50,10.40
2010.03.19 18:33:40.411,0.9044,0.9045,5.50,6.40
2010.03.19 18:33:40.621,0.9044,0.9045,5.50,10.40
2010.03.19 18:33:41.994,0.9044,0.9045,1.00,14.40
2010.03.19 18:33:43.601,0.9044,0.9045,1.50,14.40
2010.03.19 18:33:43.762,0.9044,0.9045,1.50,12.80
2010.03.19 18:33:43.921,0.9044,0.9045,5.50,4.80
2010.03.19 18:33:49.542,0.9045,0.90455,1.00,13.60
2010.03.19 18:33:49.653,0.9045,0.90455,1.00,12.00
2010.03.19 18:33:50.359,0.9045,0.90455,1.00,9.60
2010.03.19 18:33:50.486,0.9045,0.90455,1.00,1.60
2010.03.19 18:33:50.745,0.9045,0.90455,1.00,2.40
2010.03.19 18:33:51.019,0.90445,0.9046,4.70,18.50
2010.03.19 18:33:51.286,0.9044,0.90455,18.30,12.00
2010.03.19 18:34:00.424,0.9044,0.90455,18.40,12.00
2010.03.19 18:34:00.487,0.9045,0.90455,1.00,12.00
2010.03.19 18:34:01.101,0.9045,0.90455,1.00,1.60
2010.03.19 18:34:01.167,0.9045,0.9046,1.00,14.50
2010.03.19 18:34:04.715,0.9045,0.9046,1.00,12.80
2010.03.19 18:34:12.355,0.9046,0.90465,1.00,12.90
2010.03.19 18:34:12.693,0.9046,0.90465,1.00,1.60
2010.03.19 18:34:13.408,0.9046,0.9047,1.00,13.20
2010.03.19 18:34:13.621,0.9046,0.9047,1.00,12.80
2010.03.19 18:34:14.541,0.9046,0.9047,1.00,16.80
2010.03.19 18:34:14.781,0.90455,0.90465,3.90,9.60
2010.03.19 18:34:15.578,0.90455,0.90465,3.20,10.40
2010.03.19 18:34:16.618,0.9046,0.90465,1.00,10.40
2010.03.19 18:34:16.817,0.9046,0.9047,1.00,12.80
2010.03.19 18:34:17.206,0.9046,0.9047,1.50,12.80
2010.03.19 18:34:17.947,0.9046,0.9047,5.50,4.80
2010.03.19 18:34:18.512,0.9046,0.9047,7.10,4.00
2010.03.19 18:34:38.837,0.9046,0.9047,11.10,3.20
2010.03.19 18:34:38.937,0.9046,0.9047,12.70,1.60
2010.03.19 18:34:39.144,0.9046,0.90475,12.70,12.80
2010.03.19 18:34:39.421,0.9046,0.90475,12.70,12.00
2010.03.19 18:34:39.693,0.9046,0.90475,16.70,12.00
2010.03.19 18:34:41.978,0.9046,0.9047,16.70,1.00
2010.03.19 18:34:42.108,0.9046,0.9047,12.70,2.40
2010.03.19 18:34:45.985,0.9046,0.9047,8.70,2.40
2010.03.19 18:35:02.907,0.9046,0.9047,7.10,4.00
2010.03.19 18:35:03.138,0.9046,0.9047,7.10,4.00
2010.03.19 18:35:03.865,0.90455,0.9046,21.10,1.00
2010.03.19 18:35:04.058,0.90455,0.9046,11.90,1.00
2010.03.19 18:35:04.247,0.90455,0.9046,2.30,1.00
2010.03.19 18:35:04.495,0.90455,0.9046,1.60,1.00
2010.03.19 18:35:05.484,0.9045,0.9046,8.70,1.00
2010.03.19 18:35:17.416,0.9045,0.9046,10.30,1.00
2010.03.19 18:35:30.514,0.90455,0.9046,1.00,1.00
2010.03.19 18:35:30.644,0.9045,0.9046,10.30,1.00
2010.03.19 18:35:42.440,0.9046,0.90465,7.10,1.60
2010.03.19 18:35:42.755,0.9047,0.90475,1.00,9.60
2010.03.19 18:35:43.430,0.9047,0.90475,1.00,4.00
2010.03.19 18:35:43.676,0.90465,0.90475,7.90,5.60
2010.03.19 18:35:44.127,0.90465,0.90475,11.90,1.60
2010.03.19 18:35:45.158,0.90465,0.90475,7.90,7.20
2010.03.19 18:35:45.426,0.90465,0.90475,11.90,3.20
2010.03.19 18:35:45.694,0.90465,0.90475,7.90,7.20
2010.03.19 18:35:46.225,0.90465,0.90475,7.90,5.60
2010.03.19 18:35:46.396,0.90465,0.9047,7.90,1.00
2010.03.19 18:35:46.572,0.90465,0.9047,5.60,1.00
2010.03.19 18:35:47.548,0.90465,0.90475,1.60,16.00
2010.03.19 18:35:47.726,0.90465,0.90475,6.30,7.20
2010.03.19 18:35:48.247,0.90465,0.90475,5.60,8.00
2010.03.19 18:35:48.428,0.90465,0.90475,1.60,12.00
2010.03.19 18:35:50.502,0.90465,0.90475,10.30,3.20
2010.03.19 18:35:51.580,0.90465,0.90475,11.90,1.60
2010.03.19 18:35:51.721,0.90465,0.90475,13.50,1.60
2010.03.19 18:35:58.783,0.90465,0.90475,13.10,1.60
2010.03.19 18:35:59.420,0.90465,0.90475,11.50,1.60
2010.03.19 18:36:00.990,0.90465,0.90475,11.50,3.20
2010.03.19 18:36:01.388,0.90465,0.90475,11.50,1.60
2010.03.19 18:36:03.697,0.90465,0.90475,11.60,1.60
2010.03.19 18:36:03.823,0.90465,0.90475,11.60,3.20
2010.03.19 18:36:06.869,0.90465,0.90475,11.70,3.20
2010.03.19 18:36:08.231,0.90465,0.90475,7.70,7.20
2010.03.19 18:36:09.060,0.90465,0.90475,6.10,7.20
2010.03.19 18:36:29.074,0.90465,0.90475,6.30,7.20
2010.03.19 18:36:30.154,0.90465,0.90475,10.30,3.20
2010.03.19 18:36:31.114,0.90465,0.90475,10.30,1.60
2010.03.19 18:36:35.179,0.90465,0.90475,10.30,3.20
2010.03.19 18:36:41.229,0.90465,0.90475,11.90,1.60
2010.03.19 18:36:41.345,0.90465,0.90475,11.90,3.20
2010.03.19 18:36:41.379,0.90465,0.90475,11.20,4.00
2010.03.19 18:36:42.631,0.90465,0.90475,11.90,3.20
2010.03.19 18:36:59.483,0.90465,0.90475,11.90,1.60
2010.03.19 18:37:04.311,0.90465,0.90475,11.90,1.60
2010.03.19 18:37:09.323,0.90465,0.9048,11.90,16.80
2010.03.19 18:37:14.983,0.90465,0.9048,18.30,12.00
2010.03.19 18:37:15.328,0.9047,0.9048,7.10,9.60
2010.03.19 18:37:15.363,0.9047,0.9048,8.70,9.60
2010.03.19 18:37:15.968,0.9047,0.9048,12.70,1.60
2010.03.19 18:37:28.736,0.9047,0.90485,16.70,12.00
2010.03.19 18:37:33.107,0.9047,0.90485,12.70,12.00
2010.03.19 18:37:33.863,0.9047,0.90485,16.70,12.00
2010.03.19 18:37:40.554,0.9047,0.90485,12.70,12.00
2010.03.19 18:37:42.799,0.9047,0.9048,12.70,1.00
2010.03.19 18:37:42.995,0.9047,0.9048,11.10,2.40
2010.03.19 18:37:43.196,0.9047,0.9048,7.10,4.00
2010.03.19 18:37:43.396,0.9047,0.9048,6.40,4.80
2010.03.19 18:37:43.595,0.9047,0.9048,2.40,12.80
2010.03.19 18:37:51.536,0.90465,0.9048,14.40,16.80
2010.03.19 18:37:51.821,0.90465,0.90475,12.20,1.60
2010.03.19 18:37:54.513,0.90465,0.90475,11.90,1.60
2010.03.19 18:38:00.347,0.90465,0.90475,11.90,2.00
2010.03.19 18:38:00.382,0.90465,0.90475,10.30,2.00
2010.03.19 18:38:00.409,0.90465,0.90475,8.70,3.60
2010.03.19 18:38:00.454,0.90465,0.9047,8.70,1.00
2010.03.19 18:38:00.488,0.90465,0.9047,8.00,1.00
2010.03.19 18:38:00.518,0.90465,0.9047,8.00,2.40
2010.03.19 18:38:01.118,0.90465,0.9047,8.00,4.00
2010.03.19 18:38:01.160,0.9046,0.9047,3.10,12.00
2010.03.19 18:38:01.300,0.9046,0.9047,2.40,12.80
2010.03.19 18:38:06.269,0.90455,0.9047,14.30,16.80
2010.03.19 18:38:06.940,0.90455,0.90465,12.00,1.00
2010.03.19 18:38:07.150,0.90455,0.90465,4.00,8.80
2010.03.19 18:38:26.220,0.90455,0.90465,4.00,10.40
2010.03.19 18:38:41.577,0.90455,0.90465,4.70,9.60
2010.03.19 18:38:41.711,0.90455,0.90465,8.70,5.60
2010.03.19 18:38:46.676,0.90455,0.90465,8.70,4.00
2010.03.19 18:38:48.632,0.90455,0.90465,8.70,5.60
2010.03.19 18:38:53.894,0.90455,0.90465,4.70,9.60
2010.03.19 18:38:58.401,0.90455,0.90465,4.00,10.40
2010.03.19 18:39:29.596,0.90455,0.90465,4.00,8.80
2010.03.19 18:39:30.506,0.90455,0.90465,4.00,10.40
2010.03.19 18:39:32.217,0.90455,0.90465,8.70,5.60
2010.03.19 18:39:32.420,0.90455,0.90465,12.70,1.60
2010.03.19 18:39:38.354,0.90455,0.90465,11.90,1.60
2010.03.19 18:39:40.083,0.90455,0.9047,11.90,16.80
2010.03.19 18:39:47.841,0.90455,0.90465,3.90,8.80
2010.03.19 18:39:49.012,0.90455,0.90465,3.20,8.80
2010.03.19 18:39:50.624,0.90455,0.90465,5.60,8.80
2010.03.19 18:40:06.262,0.90455,0.90465,6.30,8.00
2010.03.19 18:40:06.334,0.90455,0.9047,14.30,16.80
2010.03.19 18:40:10.144,0.90455,0.90465,10.30,4.00
2010.03.19 18:40:10.349,0.90455,0.9047,14.30,16.80
2010.03.19 18:40:11.981,0.90455,0.90465,14.30,1.60
2010.03.19 18:40:12.834,0.90455,0.9047,14.30,16.80
2010.03.19 18:40:15.672,0.90455,0.90465,14.30,1.00
2010.03.19 18:40:15.920,0.90455,0.90465,6.30,8.80
2010.03.19 18:40:16.295,0.90455,0.90465,6.30,10.40
2010.03.19 18:40:20.262,0.90455,0.90465,10.30,6.40
2010.03.19 18:40:20.953,0.90455,0.90465,6.30,10.40
2010.03.19 18:40:21.214,0.90455,0.90465,6.30,9.60
2010.03.19 18:40:21.459,0.90455,0.90465,14.30,1.60
2010.03.19 18:40:22.865,0.90455,0.90465,6.30,10.40
2010.03.19 18:40:23.208,0.90455,0.90465,14.30,1.60
2010.03.19 18:40:23.807,0.90455,0.9047,14.30,16.80
2010.03.19 18:40:25.545,0.90455,0.9047,15.90,16.80
2010.03.19 18:40:27.352,0.90455,0.90465,14.30,1.60
2010.03.19 18:40:28.547,0.90455,0.9047,15.90,16.80
2010.03.19 18:40:29.679,0.90455,0.9047,13.50,16.80
2010.03.19 18:40:29.793,0.90455,0.90465,13.50,1.00
2010.03.19 18:40:30.033,0.90455,0.90465,5.50,8.80
2010.03.19 18:40:31.596,0.9045,0.90465,19.10,11.20
2010.03.19 18:40:31.804,0.90455,0.90465,3.20,12.00
2010.03.19 18:40:38.260,0.90455,0.90465,3.20,10.40
2010.03.19 18:40:38.508,0.90455,0.90465,11.20,4.00
2010.03.19 18:40:38.753,0.90455,0.90465,3.20,12.00
2010.03.19 18:40:57.643,0.90455,0.90465,7.90,7.20
2010.03.19 18:40:57.988,0.90455,0.90465,3.20,8.00
2010.03.19 18:40:58.339,0.90455,0.90465,4.80,10.40
2010.03.19 18:40:59.271,0.90455,0.9046,3.20,1.00
2010.03.19 18:41:06.384,0.90455,0.9046,3.20,4.80
2010.03.19 18:41:09.623,0.9045,0.9046,10.30,4.80
2010.03.19 18:41:15.462,0.9045,0.9046,10.30,1.00
2010.03.19 18:41:17.363,0.9045,0.9046,10.30,4.80
2010.03.19 18:41:19.603,0.9045,0.90465,10.30,17.60
2010.03.19 18:41:19.743,0.9045,0.90465,18.30,12.40
2010.03.19 18:41:19.886,0.9046,0.90465,1.00,10.80
2010.03.19 18:41:20.146,0.9046,0.9047,1.00,13.60
2010.03.19 18:41:20.989,0.9046,0.9047,1.00,12.80
2010.03.19 18:41:21.256,0.9046,0.9047,1.50,12.80
2010.03.19 18:41:21.916,0.9046,0.9047,5.50,8.80
2010.03.19 18:41:29.167,0.9046,0.9047,7.10,8.80
2010.03.19 18:41:29.489,0.9046,0.9047,6.80,8.00
2010.03.19 18:41:29.716,0.9046,0.9047,12.70,1.60
2010.03.19 18:41:29.943,0.9046,0.9047,16.70,1.60
2010.03.19 18:41:30.171,0.9046,0.9047,18.30,1.60
2010.03.19 18:41:30.621,0.9046,0.9047,14.30,1.60
2010.03.19 18:41:34.568,0.9046,0.90475,14.30,12.00
2010.03.19 18:41:35.547,0.9046,0.90475,18.30,12.00
2010.03.19 18:41:38.506,0.9046,0.90475,14.30,12.00
2010.03.19 18:41:38.706,0.9046,0.90475,14.30,12.40
2010.03.19 18:41:38.912,0.9046,0.9047,12.70,2.40
2010.03.19 18:41:39.693,0.9046,0.9047,8.70,6.40
2010.03.19 18:42:04.901,0.9046,0.9047,7.90,6.40
2010.03.19 18:42:05.001,0.9046,0.9047,7.20,8.00
2010.03.19 18:42:05.101,0.9046,0.9047,7.20,12.00
2010.03.19 18:42:05.203,0.9046,0.90465,3.20,4.00
2010.03.19 18:42:05.504,0.9046,0.9047,3.20,16.00
2010.03.19 18:42:07.432,0.9046,0.9047,3.20,16.80
2010.03.19 18:42:07.822,0.90455,0.9047,17.40,16.80
2010.03.19 18:42:08.172,0.90455,0.9047,16.90,16.80
2010.03.19 18:42:08.525,0.9046,0.9047,1.50,16.80
2010.03.19 18:42:09.263,0.9046,0.9047,5.50,8.00
2010.03.19 18:42:44.709,0.9046,0.9047,4.80,8.80
2010.03.19 18:42:44.793,0.9046,0.9047,1.00,12.80
2010.03.19 18:43:00.956,0.9046,0.9047,1.50,12.00
2010.03.19 18:43:01.638,0.9046,0.9047,5.50,8.00
2010.03.19 18:43:05.686,0.9046,0.9047,7.10,8.00
2010.03.19 18:43:05.905,0.9046,0.9047,7.10,6.40
2010.03.19 18:43:06.015,0.9046,0.9047,8.70,4.80
2010.03.19 18:43:28.351,0.9046,0.9047,7.10,6.40
2010.03.19 18:43:29.471,0.9046,0.9047,7.10,8.00
2010.03.19 18:43:34.948,0.90465,0.9047,1.70,8.00
2010.03.19 18:43:35.137,0.90465,0.9047,3.70,8.00
2010.03.19 18:43:38.356,0.90465,0.9047,2.00,8.00
2010.03.19 18:43:38.536,0.9046,0.9047,5.50,8.00
2010.03.19 18:43:38.761,0.9046,0.9047,1.00,8.00
2010.03.19 18:43:38.980,0.90455,0.9047,20.10,16.80
2010.03.19 18:43:41.576,0.9045,0.9047,32.80,16.80
2010.03.19 18:43:41.603,0.90455,0.9047,25.00,16.80
2010.03.19 18:43:41.785,0.90455,0.90465,25.00,4.00
2010.03.19 18:43:41.818,0.90455,0.90465,24.80,4.00
2010.03.19 18:43:41.869,0.90455,0.90465,20.80,4.00
2010.03.19 18:43:42.465,0.90455,0.90465,19.20,4.00
2010.03.19 18:43:42.830,0.90455,0.90465,7.90,7.20
2010.03.19 18:43:43.172,0.90455,0.90465,7.20,6.40
2010.03.19 18:43:43.510,0.90455,0.90465,3.20,12.00
2010.03.19 18:43:44.465,0.90455,0.90465,3.60,12.00
2010.03.19 18:43:58.222,0.90455,0.90465,3.20,12.00
2010.03.19 18:43:59.986,0.90455,0.90465,11.20,4.00
2010.03.19 18:44:00.100,0.9046,0.90465,1.00,1.60
2010.03.19 18:44:01.048,0.9046,0.90465,1.50,1.60
2010.03.19 18:44:01.866,0.9046,0.9047,5.50,8.80
2010.03.19 18:44:05.044,0.9046,0.9047,4.80,12.80
2010.03.19 18:44:05.170,0.9046,0.9047,1.00,12.80
2010.03.19 18:44:07.963,0.9046,0.90465,1.00,1.00
2010.03.19 18:44:08.329,0.9046,0.9047,1.00,12.80
2010.03.19 18:44:20.514,0.9047,0.9048,1.00,14.00
2010.03.19 18:44:20.754,0.9047,0.9048,1.00,13.20
2010.03.19 18:44:20.992,0.9047,0.9048,1.00,12.80
2010.03.19 18:44:22.026,0.9047,0.90475,1.00,1.10
2010.03.19 18:44:22.251,0.9047,0.90475,1.00,1.00
2010.03.19 18:44:22.471,0.9047,0.9048,1.00,13.10
2010.03.19 18:44:22.690,0.9047,0.9048,1.00,12.80
2010.03.19 18:44:33.745,0.90465,0.90475,8.80,6.40
2010.03.19 18:44:34.092,0.90465,0.90475,8.90,6.40
2010.03.19 18:44:38.301,0.90465,0.90475,10.50,6.40
2010.03.19 18:44:42.007,0.90465,0.90475,10.40,6.40
2010.03.19 18:44:45.470,0.90465,0.90475,13.50,6.40
2010.03.19 18:44:45.850,0.90465,0.9047,12.70,1.00
2010.03.19 18:44:45.933,0.90465,0.9047,8.00,1.00
2010.03.19 18:44:46.607,0.9046,0.9047,8.70,8.00
2010.03.19 18:44:48.545,0.9046,0.9047,5.50,8.00
2010.03.19 18:44:54.442,0.9046,0.9047,7.10,8.00
2010.03.19 18:45:02.227,0.9046,0.9047,8.00,7.20
2010.03.19 18:45:02.430,0.9046,0.9047,4.00,7.20
2010.03.19 18:45:02.528,0.9046,0.9047,4.00,11.20
2010.03.19 18:45:02.627,0.9046,0.9047,2.40,12.80
2010.03.19 18:45:15.435,0.9046,0.9047,1.60,16.80
2010.03.19 18:45:15.566,0.90455,0.9047,20.30,16.80
2010.03.19 18:45:15.780,0.90455,0.90465,16.20,8.00
2010.03.19 18:45:15.987,0.90455,0.90465,15.40,8.80
2010.03.19 18:45:19.752,0.90455,0.90465,15.60,8.80
2010.03.19 18:45:19.862,0.9045,0.90465,26.80,8.80
2010.03.19 18:45:20.642,0.90455,0.90465,14.00,8.00
2010.03.19 18:45:20.763,0.90455,0.90465,18.00,4.00
2010.03.19 18:45:20.883,0.90455,0.90465,14.00,8.00
2010.03.19 18:45:21.001,0.90455,0.90465,13.20,8.80
2010.03.19 18:45:23.582,0.90455,0.90465,13.00,8.80
2010.03.19 18:45:25.151,0.90455,0.90465,11.40,10.40
2010.03.19 18:45:28.166,0.90455,0.90465,8.00,10.40
2010.03.19 18:45:29.763,0.90455,0.90465,3.90,9.60
2010.03.19 18:45:30.095,0.90455,0.90465,3.20,10.40
2010.03.19 18:45:31.413,0.90455,0.90465,3.60,10.40
2010.03.19 18:45:31.541,0.90455,0.90465,4.00,10.40
2010.03.19 18:45:32.699,0.90455,0.90465,4.80,9.60
2010.03.19 18:45:33.089,0.90455,0.90465,8.80,5.60
2010.03.19 18:45:35.321,0.90455,0.90465,12.80,1.60
2010.03.19 18:45:35.648,0.90455,0.9047,14.40,16.80
2010.03.19 18:45:35.930,0.90455,0.9047,15.10,16.80
2010.03.19 18:45:36.799,0.90455,0.9047,11.10,16.80
2010.03.19 18:45:36.830,0.90455,0.90465,11.10,4.00
2010.03.19 18:45:39.010,0.90455,0.90465,11.00,4.00
2010.03.19 18:45:39.370,0.90455,0.9047,15.00,16.80
2010.03.19 18:45:40.848,0.90455,0.9047,15.70,16.80
2010.03.19 18:45:41.088,0.90455,0.9047,14.70,16.80
2010.03.19 18:45:41.329,0.90455,0.9047,13.90,16.80
2010.03.19 18:45:41.572,0.90455,0.90465,9.90,4.00
2010.03.19 18:45:41.620,0.90455,0.90465,8.30,4.00
2010.03.19 18:45:41.652,0.90455,0.90465,7.60,8.80
2010.03.19 18:45:41.696,0.90455,0.90465,3.60,8.80
2010.03.19 18:45:42.350,0.90455,0.90465,9.90,8.00
2010.03.19 18:45:42.701,0.90455,0.90465,9.90,4.00
2010.03.19 18:45:43.053,0.90455,0.9047,13.90,16.80
2010.03.19 18:45:43.958,0.90455,0.90465,13.50,4.00
2010.03.19 18:45:44.259,0.90455,0.90465,9.50,4.00
2010.03.19 18:45:46.416,0.90455,0.90465,9.90,4.00
2010.03.19 18:45:46.514,0.90455,0.9047,13.90,16.80
2010.03.19 18:45:46.754,0.90455,0.9047,12.30,16.80
2010.03.19 18:45:46.916,0.90455,0.9047,8.30,16.80
2010.03.19 18:45:46.960,0.90455,0.90465,8.30,4.00
2010.03.19 18:45:49.408,0.90455,0.90465,7.90,4.00
2010.03.19 18:45:51.724,0.90455,0.90465,8.30,4.00
2010.03.19 18:45:51.924,0.90455,0.9047,12.30,16.80
2010.03.19 18:45:52.395,0.90455,0.9047,12.60,16.80
2010.03.19 18:45:57.602,0.90455,0.9047,11.90,16.80
2010.03.19 18:45:58.405,0.90455,0.90465,7.90,4.00
2010.03.19 18:45:58.712,0.90455,0.90465,8.30,4.00
2010.03.19 18:45:58.863,0.90455,0.9047,12.30,16.80
2010.03.19 18:45:59.013,0.90455,0.9047,13.90,16.80
2010.03.19 18:45:59.754,0.90455,0.90465,9.90,4.00
2010.03.19 18:46:03.562,0.90455,0.90465,10.20,4.00
2010.03.19 18:46:03.961,0.90455,0.9047,10.20,16.80
2010.03.19 18:46:04.162,0.90455,0.9047,13.90,16.80
2010.03.19 18:46:04.562,0.90455,0.90465,9.90,4.00
2010.03.19 18:46:05.402,0.90455,0.9047,13.90,16.80
2010.03.19 18:46:05.941,0.90455,0.9047,13.50,16.80
2010.03.19 18:46:06.481,0.90455,0.90465,9.50,4.00
2010.03.19 18:46:07.351,0.90455,0.9047,13.50,16.80
2010.03.19 18:46:08.422,0.9045,0.90465,18.70,4.00
2010.03.19 18:46:14.557,0.9046,0.90465,1.00,4.00
2010.03.19 18:46:14.645,0.9046,0.9047,5.50,10.40
2010.03.19 18:46:14.734,0.9046,0.9047,5.50,6.40
2010.03.19 18:46:15.073,0.9046,0.9047,7.10,6.40
2010.03.19 18:46:22.892,0.9046,0.9047,8.70,4.80
2010.03.19 18:46:27.375,0.9046,0.9047,7.10,4.80
2010.03.19 18:46:51.309,0.9046,0.9047,7.10,6.40
2010.03.19 18:46:59.500,0.9046,0.9047,6.40,7.20
2010.03.19 18:47:00.392,0.9046,0.9047,7.10,6.40
2010.03.19 18:47:06.769,0.9046,0.9047,6.40,7.20
2010.03.19 18:47:06.886,0.9046,0.9047,2.40,11.20
2010.03.19 18:47:07.958,0.9046,0.90465,2.40,1.00
2010.03.19 18:47:08.278,0.9046,0.90465,2.40,8.00
2010.03.19 18:47:09.211,0.9046,0.9047,2.40,11.20
2010.03.19 18:47:09.529,0.9046,0.9047,2.40,8.80
2010.03.19 18:47:12.276,0.9046,0.9047,3.10,8.80
2010.03.19 18:47:12.317,0.9046,0.9047,7.10,4.80
2010.03.19 18:47:13.134,0.9046,0.9047,7.10,6.40
2010.03.19 18:47:27.607,0.9046,0.9047,8.70,4.80
2010.03.19 18:47:34.918,0.9046,0.9047,7.10,6.40
2010.03.19 18:47:52.683,0.9046,0.9047,8.70,4.80
2010.03.19 18:48:17.261,0.9046,0.9047,7.10,4.80
2010.03.19 18:48:17.580,0.9046,0.9047,8.70,4.80
2010.03.19 18:48:25.849,0.9046,0.9047,6.40,5.60
2010.03.19 18:48:25.979,0.9046,0.9047,2.40,5.60
2010.03.19 18:48:26.109,0.9046,0.9047,3.10,8.80
2010.03.19 18:48:26.239,0.9046,0.9047,7.10,4.80
2010.03.19 18:48:27.413,0.9046,0.9047,8.70,4.80
2010.03.19 18:48:27.638,0.9046,0.9047,4.00,9.60
2010.03.19 18:48:31.436,0.9046,0.9047,8.00,5.60
2010.03.19 18:48:31.545,0.9046,0.9047,8.70,4.80
2010.03.19 18:48:35.419,0.9046,0.9047,7.10,4.80
2010.03.19 18:48:37.409,0.90465,0.9047,1.20,4.80
2010.03.19 18:48:37.756,0.90465,0.9047,1.50,4.80
2010.03.19 18:48:38.258,0.90465,0.9047,1.70,4.80
2010.03.19 18:48:39.609,0.90465,0.9047,5.20,5.40
2010.03.19 18:48:39.818,0.90465,0.9047,5.20,1.00
2010.03.19 18:48:40.667,0.90465,0.90475,10.00,9.40
2010.03.19 18:48:41.020,0.90465,0.90475,9.80,9.40
2010.03.19 18:48:41.368,0.90465,0.90475,10.60,8.90
2010.03.19 18:48:42.531,0.90465,0.90475,8.40,8.90
2010.03.19 18:48:42.751,0.90465,0.9047,4.80,1.00
2010.03.19 18:48:42.974,0.90465,0.9047,1.00,4.00
2010.03.19 18:48:43.614,0.90465,0.9047,2.70,4.00
2010.03.19 18:48:43.886,0.9046,0.90475,18.30,10.50
2010.03.19 18:48:44.157,0.90465,0.90475,2.80,10.50
2010.03.19 18:48:44.427,0.90465,0.90475,5.20,10.50
2010.03.19 18:48:45.868,0.90465,0.90475,6.80,10.50
2010.03.19 18:48:46.708,0.90465,0.90475,6.80,10.40
2010.03.19 18:48:49.634,0.90465,0.90475,7.00,10.40
2010.03.19 18:48:50.492,0.90465,0.90475,7.40,10.40
2010.03.19 18:48:50.835,0.9046,0.90465,16.90,1.00
2010.03.19 18:48:51.017,0.9046,0.90465,10.70,1.00
2010.03.19 18:48:51.828,0.9046,0.90465,1.60,1.00
2010.03.19 18:48:53.274,0.9046,0.90465,5.60,1.00
2010.03.19 18:48:56.232,0.9046,0.90465,6.30,1.00
2010.03.19 18:48:56.462,0.9046,0.90465,5.60,1.00
2010.03.19 18:48:56.668,0.9046,0.90465,1.60,1.00
2010.03.19 18:48:56.879,0.9046,0.9047,6.30,6.40
2010.03.19 18:48:58.233,0.9047,0.90475,1.00,13.10
2010.03.19 18:48:58.499,0.9047,0.9048,1.00,11.60
2010.03.19 18:48:59.715,0.9047,0.9048,1.00,11.20
2010.03.19 18:49:07.561,0.9047,0.9048,2.40,11.20
2010.03.19 18:49:08.756,0.9048,0.90485,2.40,1.10
2010.03.19 18:49:09.110,0.9048,0.9049,2.30,15.20
2010.03.19 18:49:10.046,0.90475,0.9049,22.30,15.20
2010.03.19 18:49:12.090,0.90475,0.9049,21.10,15.20
2010.03.19 18:49:12.496,0.90475,0.9049,20.40,15.20
2010.03.19 18:49:12.657,0.90475,0.9049,19.60,15.20
2010.03.19 18:49:14.410,0.9048,0.9049,2.40,15.20
2010.03.19 18:49:14.524,0.9048,0.9049,8.70,6.40
2010.03.19 18:49:16.907,0.9049,0.90495,1.00,17.20
2010.03.19 18:49:16.948,0.9049,0.90495,1.00,14.00
2010.03.19 18:49:17.193,0.90485,0.9049,6.40,4.00
2010.03.19 18:49:17.836,0.90485,0.90495,14.40,1.00
2010.03.19 18:49:18.089,0.90485,0.90495,6.90,8.70
2010.03.19 18:49:18.838,0.90485,0.90495,6.10,8.70
2010.03.19 18:49:20.749,0.90485,0.905,14.10,15.10
2010.03.19 18:49:20.996,0.90485,0.90495,6.10,8.00
2010.03.19 18:49:21.255,0.90485,0.90495,6.10,8.70
2010.03.19 18:49:26.170,0.90485,0.905,14.10,15.20
2010.03.19 18:49:26.915,0.90485,0.905,14.10,15.80
2010.03.19 18:49:27.027,0.90485,0.90495,14.10,2.40
2010.03.19 18:49:27.095,0.90485,0.90495,13.30,3.20
2010.03.19 18:49:27.305,0.90485,0.90495,5.30,11.20
2010.03.19 18:49:27.374,0.90485,0.90495,5.30,10.40
2010.03.19 18:49:30.364,0.90485,0.90495,10.10,5.60
2010.03.19 18:49:30.472,0.90485,0.90495,14.10,1.60
2010.03.19 18:49:32.192,0.90485,0.90495,10.10,5.60
2010.03.19 18:49:33.492,0.90485,0.90495,9.90,5.60
2010.03.19 18:49:35.914,0.90485,0.90495,13.90,1.60
2010.03.19 18:49:41.038,0.90485,0.905,9.90,15.20
2010.03.19 18:49:41.253,0.90485,0.90495,13.90,4.00
2010.03.19 18:49:41.470,0.90485,0.90495,9.90,4.00
2010.03.19 18:49:48.280,0.9049,0.90495,1.60,4.00
2010.03.19 18:49:48.884,0.9049,0.905,1.60,15.20
2010.03.19 18:49:54.554,0.90485,0.90495,13.90,1.00
2010.03.19 18:49:54.677,0.9049,0.905,1.60,15.20
2010.03.19 18:49:55.801,0.90485,0.905,9.90,15.20
2010.03.19 18:49:55.976,0.90485,0.90495,9.90,4.00
2010.03.19 18:50:06.133,0.90485,0.905,13.90,15.20
2010.03.19 18:50:09.104,0.9049,0.905,1.60,15.20
2010.03.19 18:50:12.123,0.9049,0.90495,1.60,1.00
2010.03.19 18:50:12.365,0.9049,0.905,1.60,15.20
2010.03.19 18:50:14.424,0.90485,0.905,13.50,15.20
2010.03.19 18:50:16.604,0.90485,0.90495,9.50,4.00
2010.03.19 18:50:17.342,0.90485,0.905,13.50,15.20
2010.03.19 18:50:19.618,0.9049,0.905,1.60,15.20
2010.03.19 18:50:28.048,0.9049,0.90495,1.60,2.40
2010.03.19 18:50:28.847,0.90485,0.90495,12.80,2.40
2010.03.19 18:50:29.157,0.90485,0.90495,9.50,5.60
2010.03.19 18:50:45.373,0.90485,0.90495,4.80,10.40
2010.03.19 18:50:45.816,0.90485,0.90495,9.50,5.60
2010.03.19 18:50:48.621,0.90485,0.90495,13.50,5.60
2010.03.19 18:50:48.664,0.9049,0.90495,1.00,5.60
2010.03.19 18:50:49.532,0.9049,0.905,10.30,1.00
2010.03.19 18:50:50.685,0.9049,0.905,4.70,7.20
2010.03.19 18:50:51.029,0.90485,0.905,9.50,15.20
2010.03.19 18:50:51.957,0.90485,0.90495,9.50,4.00
2010.03.19 18:50:54.522,0.90485,0.90495,9.50,8.80
2010.03.19 18:50:54.612,0.90485,0.90495,5.50,8.80
2010.03.19 18:50:54.881,0.90485,0.90495,4.80,8.80
2010.03.19 18:50:55.565,0.90485,0.90495,4.80,10.40
2010.03.19 18:50:56.405,0.90485,0.90495,5.50,9.60
2010.03.19 18:50:56.583,0.90485,0.90495,9.50,5.60
2010.03.19 18:50:58.503,0.90485,0.90495,13.50,1.60
2010.03.19 18:51:08.705,0.90485,0.90495,13.50,5.60
2010.03.19 18:51:09.002,0.90485,0.90495,12.80,2.40
2010.03.19 18:51:09.300,0.90485,0.90495,13.50,1.60
2010.03.19 18:51:12.901,0.90485,0.90495,12.80,2.40
2010.03.19 18:51:13.317,0.90485,0.90495,13.50,1.60
2010.03.19 18:51:15.539,0.90485,0.90495,13.60,1.60
2010.03.19 18:51:15.940,0.90485,0.90495,13.50,1.60
2010.03.19 18:51:28.458,0.90485,0.90495,13.70,1.60
2010.03.19 18:51:28.836,0.90485,0.905,13.50,15.20
2010.03.19 18:51:32.103,0.90485,0.905,13.70,15.20
2010.03.19 18:51:32.928,0.90485,0.905,13.50,15.20
2010.03.19 18:51:36.963,0.90485,0.905,13.50,16.20
2010.03.19 18:51:37.042,0.90485,0.90495,13.50,4.00
2010.03.19 18:51:41.931,0.90495,0.905,2.40,9.00
2010.03.19 18:51:42.011,0.90505,0.9051,8.70,3.20
2010.03.19 18:51:42.086,0.90505,0.9051,8.00,3.20
2010.03.19 18:51:42.154,0.905,0.9051,6.40,7.20
2010.03.19 18:51:42.294,0.905,0.9051,6.40,5.60
2010.03.19 18:51:42.362,0.905,0.9051,8.00,5.60
2010.03.19 18:51:42.436,0.905,0.9051,9.50,4.80
2010.03.19 18:51:42.645,0.905,0.9051,8.70,4.80
2010.03.19 18:51:45.061,0.905,0.9051,7.10,4.80
2010.03.19 18:51:45.240,0.905,0.9051,7.10,6.40
2010.03.19 18:52:00.668,0.905,0.9051,4.70,6.40
2010.03.19 18:52:00.779,0.905,0.9051,4.00,11.20
2010.03.19 18:52:01.373,0.905,0.9051,4.00,15.20
2010.03.19 18:52:01.517,0.90495,0.90505,1.00,11.20
2010.03.19 18:52:01.649,0.9049,0.90505,17.60,11.20
2010.03.19 18:52:04.223,0.9049,0.905,13.60,4.00
2010.03.19 18:52:05.776,0.9049,0.90505,17.60,11.20
2010.03.19 18:52:08.674,0.9049,0.905,13.60,4.00
2010.03.19 18:52:14.080,0.9049,0.905,14.40,4.00
2010.03.19 18:52:17.091,0.9049,0.905,14.30,4.00
2010.03.19 18:52:17.221,0.9049,0.905,13.70,4.00
2010.03.19 18:52:17.350,0.9049,0.905,13.60,4.00
2010.03.19 18:52:20.671,0.905,0.90505,1.00,10.40
2010.03.19 18:52:20.852,0.905,0.9051,1.00,23.30
2010.03.19 18:52:21.029,0.90495,0.9051,13.60,19.70
2010.03.19 18:52:21.214,0.90495,0.90505,3.90,10.40
2010.03.19 18:52:21.952,0.9049,0.90505,18.30,10.40
2010.03.19 18:52:25.069,0.9049,0.905,18.30,1.60
2010.03.19 18:52:25.164,0.9049,0.905,17.50,1.60
2010.03.19 18:52:25.256,0.9049,0.905,13.50,1.60
2010.03.19 18:52:25.891,0.9049,0.905,11.90,1.60
2010.03.19 18:52:26.098,0.9049,0.905,7.90,5.60
2010.03.19 18:52:26.913,0.9049,0.905,7.90,1.60
2010.03.19 18:52:27.393,0.9049,0.905,3.90,6.40
2010.03.19 18:52:27.522,0.9049,0.905,3.90,10.40
2010.03.19 18:52:29.277,0.90495,0.905,8.80,8.00
2010.03.19 18:52:29.587,0.90495,0.9051,23.30,20.90
2010.03.19 18:52:34.946,0.90495,0.9051,23.30,20.70
2010.03.19 18:52:35.767,0.90495,0.9051,23.30,22.30
2010.03.19 18:52:35.888,0.90495,0.9051,23.30,23.10
2010.03.19 18:52:37.617,0.90495,0.9051,23.30,22.30
2010.03.19 18:52:38.876,0.90495,0.9051,23.30,22.50
2010.03.19 18:52:39.477,0.90495,0.9051,23.30,20.90
2010.03.19 18:52:41.443,0.90495,0.9051,23.30,19.30
2010.03.19 18:52:49.975,0.90495,0.90505,12.10,2.40
2010.03.19 18:52:50.159,0.90495,0.90505,8.70,2.40
2010.03.19 18:52:50.795,0.90495,0.90505,4.70,6.40
2010.03.19 18:52:50.923,0.9049,0.905,3.90,8.80
2010.03.19 18:52:54.798,0.9049,0.905,3.90,12.80
2010.03.19 18:52:55.464,0.9049,0.905,1.60,13.60
2010.03.19 18:52:55.581,0.90485,0.905,13.60,18.70
2010.03.19 18:52:56.816,0.90485,0.905,13.60,16.80
2010.03.19 18:52:58.760,0.90485,0.905,13.60,15.20
2010.03.19 18:53:25.650,0.9049,0.905,4.70,11.20
2010.03.19 18:53:33.297,0.9049,0.905,4.70,7.20
2010.03.19 18:53:34.687,0.9049,0.905,4.70,11.20
2010.03.19 18:54:09.913,0.90485,0.90495,5.70,8.00
2010.03.19 18:54:10.100,0.9049,0.905,4.70,15.20
2010.03.19 18:54:10.285,0.9049,0.905,4.70,11.20
2010.03.19 18:54:34.948,0.9049,0.905,5.50,11.20
2010.03.19 18:54:35.098,0.9049,0.905,7.10,7.20
2010.03.19 18:54:35.241,0.9049,0.905,5.50,7.20
2010.03.19 18:54:36.059,0.9049,0.905,7.10,7.20
2010.03.19 18:54:36.442,0.9049,0.905,7.10,6.40
2010.03.19 18:54:37.186,0.90495,0.90505,2.30,9.20
2010.03.19 18:54:37.280,0.90495,0.90505,7.90,6.40
2010.03.19 18:54:37.541,0.90495,0.90505,11.90,2.40
2010.03.19 18:54:40.947,0.90495,0.90505,7.90,2.40
2010.03.19 18:54:41.136,0.90495,0.90505,7.90,6.40
2010.03.19 18:54:42.146,0.90495,0.90505,11.90,2.40
2010.03.19 18:54:43.872,0.90495,0.90505,7.90,6.30
2010.03.19 18:54:44.294,0.90495,0.90505,9.50,4.00
2010.03.19 18:54:44.513,0.90495,0.9051,13.50,15.20
2010.03.19 18:54:44.722,0.90495,0.9051,13.50,16.80
2010.03.19 18:54:45.729,0.90495,0.90505,9.50,5.60
2010.03.19 18:54:48.359,0.90495,0.90505,13.50,1.60
2010.03.19 18:54:58.906,0.90495,0.90505,10.30,3.20
2010.03.19 18:54:59.035,0.90495,0.90505,8.70,3.20
2010.03.19 18:54:59.306,0.90495,0.90505,4.00,7.20
2010.03.19 18:55:00.154,0.9049,0.90505,17.50,11.20
2010.03.19 18:55:04.692,0.9049,0.90505,18.20,11.20
2010.03.19 18:55:04.867,0.90495,0.90505,4.70,6.40
2010.03.19 18:55:05.727,0.90495,0.90505,6.30,6.40
2010.03.19 18:55:08.402,0.90495,0.90505,2.30,6.40
2010.03.19 18:55:08.421,0.90495,0.90505,2.30,10.40
2010.03.19 18:55:09.075,0.90495,0.90505,6.30,10.40
2010.03.19 18:55:09.424,0.90495,0.90505,6.30,6.40
2010.03.19 18:55:16.202,0.90495,0.90505,2.30,7.20
2010.03.19 18:55:16.464,0.9049,0.90505,18.30,10.40
2010.03.19 18:55:25.276,0.9049,0.90505,19.00,10.40
2010.03.19 18:55:27.262,0.9049,0.90505,19.30,10.40
2010.03.19 18:55:29.517,0.9049,0.90505,18.60,10.40
2010.03.19 18:55:29.715,0.9049,0.90505,18.30,10.40
2010.03.19 18:55:35.876,0.9049,0.90505,18.40,10.40
2010.03.19 18:55:49.360,0.9049,0.90505,18.30,10.40
2010.03.19 18:55:52.481,0.9049,0.90505,18.40,10.40
2010.03.19 18:55:53.628,0.9049,0.90505,18.30,10.40
2010.03.19 18:55:55.312,0.9049,0.90505,18.40,10.40
2010.03.19 18:56:01.600,0.9049,0.90505,18.30,10.40
2010.03.19 18:56:11.295,0.9049,0.90505,18.40,10.40
2010.03.19 18:56:15.116,0.9049,0.90505,18.30,10.40
2010.03.19 18:56:16.326,0.9049,0.90505,18.30,12.00
2010.03.19 18:56:19.486,0.9049,0.905,14.30,4.00
2010.03.19 18:56:20.714,0.90485,0.905,24.10,4.80
2010.03.19 18:56:21.427,0.9049,0.905,10.30,8.80
2010.03.19 18:56:27.075,0.9049,0.905,7.90,10.40
2010.03.19 18:56:27.185,0.9049,0.905,5.60,10.40
2010.03.19 18:56:27.867,0.9049,0.905,1.60,10.40
2010.03.19 18:56:32.634,0.9049,0.905,2.30,9.60
2010.03.19 18:56:32.876,0.9049,0.905,11.10,1.60
2010.03.19 18:56:32.972,0.9049,0.905,10.30,1.60
2010.03.19 18:56:36.332,0.9049,0.905,15.10,1.60
2010.03.19 18:56:36.526,0.9049,0.90505,17.50,12.80
2010.03.19 18:56:36.712,0.9049,0.90505,15.90,12.80
2010.03.19 18:56:36.902,0.9049,0.90505,15.90,12.00
2010.03.19 18:56:37.656,0.9049,0.90505,11.90,12.00
2010.03.19 18:56:37.787,0.9049,0.90505,11.90,12.00
2010.03.19 18:56:46.154,0.9049,0.90505,11.90,12.80
2010.03.19 18:56:46.295,0.9049,0.90505,11.90,12.00
2010.03.19 18:56:49.686,0.9049,0.90505,11.90,10.40
2010.03.19 18:56:50.455,0.9049,0.90505,11.90,12.00
2010.03.19 18:56:52.530,0.9049,0.90505,11.90,12.30
2010.03.19 18:56:58.206,0.9049,0.905,10.30,1.60
2010.03.19 18:57:00.428,0.9049,0.905,10.30,5.60
2010.03.19 18:57:00.615,0.9049,0.905,6.30,5.60
2010.03.19 18:57:04.140,0.9049,0.905,1.60,16.80
2010.03.19 18:57:04.416,0.9049,0.905,2.30,12.80
2010.03.19 18:57:04.697,0.9049,0.905,4.70,12.80
2010.03.19 18:57:05.525,0.90485,0.905,13.50,16.80
2010.03.19 18:57:06.252,0.9049,0.905,4.70,11.20
2010.03.19 18:57:09.781,0.9049,0.905,4.00,11.20
2010.03.19 18:57:09.949,0.9049,0.905,4.70,11.20
2010.03.19 18:57:11.668,0.9049,0.905,1.00,11.20
2010.03.19 18:57:12.014,0.90485,0.905,13.50,15.20
2010.03.19 18:57:14.645,0.9049,0.905,2.40,11.20
2010.03.19 18:57:14.876,0.90485,0.905,18.40,11.20
2010.03.19 18:57:15.106,0.9049,0.905,1.00,15.20
2010.03.19 18:57:15.334,0.9049,0.905,1.00,11.20
2010.03.19 18:57:16.154,0.90485,0.90495,13.50,1.60
2010.03.19 18:57:16.504,0.90485,0.90495,13.50,2.40
2010.03.19 18:57:25.846,0.90485,0.90495,13.50,1.60
2010.03.19 18:57:27.821,0.90485,0.9049,13.50,1.00
2010.03.19 18:57:27.960,0.90485,0.9049,10.30,1.00
2010.03.19 18:57:28.603,0.90485,0.90495,10.30,7.60
2010.03.19 18:57:28.654,0.90485,0.90495,4.70,13.20
2010.03.19 18:57:28.966,0.90485,0.90495,6.30,5.60
2010.03.19 18:57:30.263,0.90485,0.90495,4.70,5.60
2010.03.19 18:57:31.049,0.90485,0.90495,4.00,6.40
2010.03.19 18:57:31.239,0.9048,0.90495,18.30,10.40
2010.03.19 18:57:39.374,0.90485,0.90495,1.60,10.40
2010.03.19 18:57:39.634,0.9048,0.90495,18.50,10.40
2010.03.19 18:57:40.455,0.9048,0.90495,18.30,10.40
2010.03.19 18:57:40.715,0.9048,0.90495,18.40,10.40
2010.03.19 18:57:41.434,0.9048,0.90495,18.30,10.40
2010.03.19 18:57:45.268,0.9048,0.9049,18.30,1.00
2010.03.19 18:57:45.327,0.90475,0.9049,31.20,1.00
2010.03.19 18:57:45.387,0.9048,0.9049,15.10,1.00
2010.03.19 18:57:46.220,0.9048,0.9049,7.10,6.40
2010.03.19 18:57:51.163,0.9048,0.9049,6.40,7.20
2010.03.19 18:57:51.280,0.9048,0.9049,2.40,7.20
2010.03.19 18:57:51.521,0.9048,0.9049,2.40,11.20
2010.03.19 18:57:59.638,0.9048,0.9049,3.10,10.40
2010.03.19 18:57:59.960,0.9048,0.9049,7.10,6.40
2010.03.19 18:58:00.683,0.9048,0.9049,5.50,6.40
2010.03.19 18:58:00.814,0.9048,0.9049,7.10,6.40
2010.03.19 18:58:01.070,0.9048,0.9049,6.40,7.20
2010.03.19 18:58:05.427,0.9048,0.9049,7.10,6.40
2010.03.19 18:58:05.678,0.9048,0.9049,7.10,2.40
2010.03.19 18:58:13.705,0.9048,0.9049,7.10,1.00
2010.03.19 18:58:22.803,0.9048,0.9049,8.70,1.00
2010.03.19 18:58:34.672,0.9048,0.9049,8.00,5.60
2010.03.19 18:58:34.932,0.9048,0.9049,8.00,9.60
2010.03.19 18:58:35.041,0.9048,0.9049,4.00,9.60
2010.03.19 18:58:36.162,0.9048,0.9049,8.70,4.80
2010.03.19 18:58:36.382,0.9048,0.9049,8.70,1.00
2010.03.19 18:58:37.920,0.9048,0.9049,12.70,1.00
2010.03.19 18:58:38.090,0.9048,0.9049,8.70,1.00
2010.03.19 18:58:43.952,0.9048,0.9049,12.70,1.00
2010.03.19 18:58:44.639,0.9048,0.9049,8.70,1.00
2010.03.19 18:59:02.387,0.9049,0.90495,1.00,12.60
2010.03.19 18:59:02.590,0.9049,0.90495,1.00,1.00
2010.03.19 18:59:05.068,0.9049,0.905,1.00,12.80
2010.03.19 18:59:11.223,0.9049,0.905,1.00,15.30
2010.03.19 18:59:11.841,0.9049,0.905,1.00,14.50
2010.03.19 18:59:12.271,0.9049,0.905,1.00,15.30
2010.03.19 18:59:13.438,0.9049,0.905,1.00,14.50
2010.03.19 18:59:15.224,0.9049,0.905,1.00,15.10
2010.03.19 18:59:15.458,0.90485,0.90495,16.60,1.60
2010.03.19 18:59:15.696,0.90485,0.90495,1.00,12.00
2010.03.19 18:59:15.935,0.9048,0.90495,18.40,12.00
2010.03.19 18:59:16.174,0.9048,0.90495,18.30,12.00
2010.03.19 18:59:18.114,0.9048,0.90495,14.30,12.00
2010.03.19 18:59:30.438,0.9048,0.90495,18.30,12.00
2010.03.19 18:59:31.966,0.9048,0.9049,14.30,4.00
2010.03.19 18:59:32.122,0.9048,0.90495,18.30,12.00
2010.03.19 18:59:32.285,0.9048,0.9049,12.70,1.00
2010.03.19 18:59:33.236,0.9048,0.9049,5.50,8.00
2010.03.19 18:59:33.563,0.9048,0.9049,5.50,6.40
2010.03.19 18:59:34.861,0.9048,0.9049,1.00,7.20
2010.03.19 18:59:35.211,0.9048,0.9049,1.00,11.20
2010.03.19 18:59:35.469,0.9048,0.9049,2.40,11.20
2010.03.19 18:59:36.793,0.9048,0.9049,3.10,10.40
2010.03.19 18:59:37.013,0.9048,0.9049,7.10,6.40
2010.03.19 18:59:37.230,0.9048,0.9049,6.40,7.20
2010.03.19 18:59:38.123,0.9048,0.9049,2.40,11.20
2010.03.19 18:59:38.668,0.9048,0.9049,3.10,10.40
2010.03.19 18:59:38.950,0.9048,0.9049,8.70,6.40
2010.03.19 18:59:39.945,0.9048,0.9049,6.40,7.20
2010.03.19 18:59:40.405,0.9048,0.9049,7.10,6.40
2010.03.19 18:59:41.412,0.9048,0.9049,7.10,8.00
2010.03.19 18:59:42.475,0.9048,0.9049,7.10,8.80
2010.03.19 18:59:44.857,0.9048,0.9049,7.10,6.40
2010.03.19 18:59:46.105,0.9048,0.9049,11.10,6.40
2010.03.19 18:59:46.263,0.9048,0.9049,11.10,2.40
2010.03.19 18:59:47.326,0.9048,0.9049,12.70,2.40
2010.03.19 18:59:47.556,0.9048,0.90495,12.70,22.80
2010.03.19 18:59:48.226,0.9048,0.9049,10.30,4.00
2010.03.19 18:59:48.349,0.9048,0.9049,10.30,1.00
2010.03.19 18:59:48.791,0.9048,0.9049,11.90,1.00
2010.03.19 18:59:49.468,0.9048,0.9049,14.30,1.00
2010.03.19 18:59:49.833,0.90485,0.90495,11.90,3.20
2010.03.19 18:59:50.183,0.90485,0.90495,7.90,7.20
2010.03.19 18:59:51.126,0.9049,0.90495,1.00,5.60
2010.03.19 18:59:51.502,0.9049,0.905,4.70,8.80
2010.03.19 18:59:52.890,0.90485,0.90495,7.20,4.80
2010.03.19 18:59:53.038,0.90485,0.90495,11.20,1.00
2010.03.19 18:59:54.217,0.90485,0.905,11.90,16.80
2010.03.19 18:59:54.568,0.90485,0.90495,7.90,4.00
2010.03.19 18:59:55.809,0.90485,0.90495,5.60,8.80
2010.03.19 18:59:56.117,0.90485,0.9049,1.60,4.00
2010.03.19 18:59:57.249,0.9048,0.9049,7.10,6.40
2010.03.19 18:59:57.785,0.9048,0.9049,7.10,8.00
2010.03.19 18:59:58.877,0.9048,0.9049,7.10,6.40
2010.03.19 18:59:59.894,0.9048,0.9049,8.70,6.40
