2012.07.05 07:00:00.116,0.79637,0.79643,1.88,1.88
2012.07.05 07:00:01.464,0.79636,0.79642,1.50,1.13
2012.07.05 07:00:01.677,0.79634,0.79641,2.63,1.88
2012.07.05 07:00:02.314,0.79636,0.79642,1.13,1.88
2012.07.05 07:00:02.878,0.79636,0.79642,1.88,1.13
2012.07.05 07:00:05.032,0.79635,0.79641,3.38,1.13
2012.07.05 07:00:05.242,0.79635,0.79643,3.38,1.13
2012.07.05 07:00:05.729,0.79637,0.79645,3.38,4.50
2012.07.05 07:00:10.885,0.7964,0.79646,1.13,2.63
2012.07.05 07:00:11.392,0.7964,0.79646,1.88,3.38
2012.07.05 07:00:17.305,0.79638,0.79646,3.38,2.63
2012.07.05 07:00:18.721,0.79638,0.79644,2.25,1.13
2012.07.05 07:00:19.074,0.79634,0.7964,3.23,1.13
2012.07.05 07:00:19.484,0.79633,0.79639,3.00,1.88
2012.07.05 07:00:32.667,0.79633,0.79639,1.13,3.38
2012.07.05 07:00:32.884,0.79631,0.79637,1.88,2.63
2012.07.05 07:00:32.955,0.7963,0.79635,2.25,1.13
2012.07.05 07:00:34.195,0.7963,0.79636,1.50,1.13
2012.07.05 07:00:34.474,0.79628,0.79634,1.50,1.88
2012.07.05 07:00:37.374,0.79626,0.79632,1.50,1.13
2012.07.05 07:00:37.515,0.79624,0.79631,3.38,1.50
2012.07.05 07:00:37.584,0.79624,0.79629,2.25,1.88
2012.07.05 07:00:37.727,0.79623,0.79629,1.88,2.63
2012.07.05 07:00:38.252,0.79622,0.79628,1.50,1.88
2012.07.05 07:00:39.244,0.79622,0.79628,1.50,1.88
2012.07.05 07:00:39.804,0.79622,0.79627,1.50,1.13
2012.07.05 07:00:40.273,0.7962,0.79627,2.63,1.13
2012.07.05 07:00:41.363,0.79621,0.79627,2.25,1.13
2012.07.05 07:00:42.484,0.79621,0.79626,1.50,1.13
2012.07.05 07:00:43.033,0.7962,0.79626,1.88,1.13
2012.07.05 07:00:47.803,0.79621,0.79627,1.88,1.88
2012.07.05 07:00:56.154,0.79622,0.79628,1.13,1.88
2012.07.05 07:00:56.794,0.79621,0.79627,2.63,1.88
2012.07.05 07:00:59.802,0.79622,0.79628,1.13,2.63
2012.07.05 07:01:00.387,0.7962,0.79627,1.88,1.50
2012.07.05 07:01:00.943,0.79621,0.79629,1.88,3.38
2012.07.05 07:01:01.494,0.79621,0.79627,1.88,1.50
2012.07.05 07:01:06.334,0.79621,0.79629,1.88,4.88
2012.07.05 07:01:06.773,0.79621,0.79628,1.13,1.50
2012.07.05 07:01:07.095,0.7962,0.79626,1.50,1.88
2012.07.05 07:01:07.446,0.7961,0.79615,2.10,1.13
2012.07.05 07:01:07.865,0.79608,0.79613,2.55,1.13
2012.07.05 07:01:07.937,0.79608,0.79613,1.80,1.13
2012.07.05 07:01:08.087,0.79606,0.79611,2.25,1.50
2012.07.05 07:01:08.654,0.79606,0.79612,1.88,2.63
2012.07.05 07:01:09.216,0.79606,0.79614,1.50,6.38
2012.07.05 07:01:09.298,0.79605,0.79611,2.63,1.88
2012.07.05 07:01:09.727,0.79606,0.79613,2.25,4.13
2012.07.05 07:01:09.868,0.79605,0.7961,1.50,1.13
2012.07.05 07:01:10.086,0.79607,0.79613,1.88,1.88
2012.07.05 07:01:10.364,0.79608,0.79614,1.13,3.38
2012.07.05 07:01:10.505,0.79608,0.79615,3.38,1.50
2012.07.05 07:01:11.042,0.79609,0.79615,1.50,1.13
2012.07.05 07:01:13.532,0.7961,0.79617,1.88,2.25
2012.07.05 07:01:13.675,0.79611,0.79618,1.50,2.63
2012.07.05 07:01:15.684,0.79612,0.7962,3.38,1.13
2012.07.05 07:01:15.757,0.79614,0.7962,2.63,1.13
2012.07.05 07:01:16.859,0.79613,0.7962,1.50,1.88
2012.07.05 07:01:17.345,0.79615,0.79622,1.88,1.13
2012.07.05 07:01:17.415,0.79615,0.79623,4.13,2.25
2012.07.05 07:01:17.918,0.79616,0.79623,1.50,1.13
2012.07.05 07:01:19.174,0.79618,0.79625,2.25,1.88
2012.07.05 07:01:19.248,0.79618,0.79625,2.25,1.13
2012.07.05 07:01:19.464,0.79618,0.79625,4.50,1.13
2012.07.05 07:01:19.866,0.79618,0.79625,2.25,1.13
2012.07.05 07:01:20.496,0.79619,0.79625,1.50,1.13
2012.07.05 07:01:21.053,0.79619,0.79624,1.50,1.13
2012.07.05 07:01:22.474,0.79618,0.79627,3.00,4.13
2012.07.05 07:01:23.023,0.79618,0.79627,5.25,1.50
2012.07.05 07:01:25.785,0.79618,0.79627,3.00,2.47
2012.07.05 07:01:27.763,0.79618,0.79627,3.00,2.63
2012.07.05 07:01:28.094,0.79618,0.79628,4.13,3.00
2012.07.05 07:01:28.164,0.79618,0.79626,4.13,1.13
2012.07.05 07:01:36.476,0.7962,0.79629,2.25,1.88
2012.07.05 07:01:36.564,0.79627,0.79633,1.13,3.98
2012.07.05 07:01:37.117,0.79625,0.79633,2.63,2.25
2012.07.05 07:01:38.895,0.79624,0.79633,1.88,6.00
2012.07.05 07:01:39.036,0.79624,0.79632,1.88,1.50
2012.07.05 07:01:39.525,0.79622,0.79629,2.25,1.88
2012.07.05 07:01:40.332,0.79622,0.79629,1.50,1.88
2012.07.05 07:01:40.873,0.79622,0.79628,2.25,1.13
2012.07.05 07:01:44.654,0.79622,0.7963,1.88,2.63
2012.07.05 07:01:45.773,0.79622,0.7963,1.88,2.63
2012.07.05 07:01:46.536,0.79622,0.7963,1.88,2.63
2012.07.05 07:01:46.896,0.79623,0.79632,3.00,4.13
2012.07.05 07:01:47.293,0.79626,0.79632,1.50,2.63
2012.07.05 07:01:49.164,0.79625,0.79632,1.50,4.13
2012.07.05 07:01:49.701,0.79623,0.79632,3.75,4.13
2012.07.05 07:01:52.202,0.79622,0.79631,4.13,2.25
2012.07.05 07:01:53.962,0.79622,0.7963,4.13,1.13
2012.07.05 07:01:55.615,0.79622,0.79629,2.25,1.13
2012.07.05 07:01:56.813,0.79622,0.79629,2.25,1.88
2012.07.05 07:01:57.335,0.79622,0.79629,2.25,1.13
2012.07.05 07:01:59.323,0.79622,0.7963,3.38,1.13
2012.07.05 07:01:59.872,0.79623,0.79631,6.38,2.63
2012.07.05 07:02:00.427,0.79624,0.7963,1.88,1.13
2012.07.05 07:02:00.989,0.79625,0.79631,1.13,1.88
2012.07.05 07:02:01.206,0.79628,0.79634,1.13,6.24
2012.07.05 07:02:01.345,0.79629,0.79635,1.88,3.38
2012.07.05 07:02:01.490,0.79634,0.79638,1.13,3.00
2012.07.05 07:02:01.568,0.79634,0.7964,1.13,1.88
2012.07.05 07:02:01.652,0.79634,0.79641,1.88,3.59
2012.07.05 07:02:02.505,0.79634,0.79641,1.88,1.50
2012.07.05 07:02:04.297,0.79634,0.79641,1.13,2.25
2012.07.05 07:02:04.799,0.79632,0.79639,2.25,1.13
2012.07.05 07:02:05.522,0.79632,0.79639,1.50,1.13
2012.07.05 07:02:05.859,0.79632,0.79637,1.50,1.13
2012.07.05 07:02:26.504,0.79632,0.79638,1.50,1.88
2012.07.05 07:02:29.883,0.79632,0.79639,1.50,1.88
2012.07.05 07:02:30.935,0.79632,0.7964,1.50,2.47
2012.07.05 07:02:31.545,0.79632,0.7964,2.25,1.50
2012.07.05 07:02:32.384,0.79632,0.7964,1.50,2.25
2012.07.05 07:02:33.109,0.79632,0.7964,1.50,2.47
2012.07.05 07:02:33.664,0.79632,0.7964,1.50,2.25
2012.07.05 07:02:34.501,0.79631,0.79641,4.50,5.09
2012.07.05 07:02:41.802,0.79631,0.7964,4.13,5.09
2012.07.05 07:02:58.155,0.7963,0.79637,4.80,2.10
2012.07.05 07:02:58.366,0.79629,0.79636,1.43,2.10
2012.07.05 07:02:58.925,0.79628,0.79636,2.25,2.63
2012.07.05 07:02:59.000,0.79628,0.79635,1.50,2.63
2012.07.05 07:02:59.423,0.79626,0.79635,3.75,4.13
2012.07.05 07:02:59.565,0.79626,0.79633,1.50,1.50
2012.07.05 07:02:59.917,0.79625,0.79633,2.25,3.00
2012.07.05 07:03:00.206,0.79627,0.79634,1.50,2.85
2012.07.05 07:03:00.627,0.79625,0.79634,4.73,1.88
2012.07.05 07:03:01.334,0.79626,0.79634,2.25,1.88
2012.07.05 07:03:01.691,0.7963,0.79637,1.88,4.22
2012.07.05 07:03:01.770,0.79632,0.79638,1.50,2.63
2012.07.05 07:03:01.922,0.79632,0.7964,3.00,2.25
2012.07.05 07:03:02.476,0.79634,0.7964,1.50,1.50
2012.07.05 07:03:05.903,0.79632,0.7964,3.00,1.50
2012.07.05 07:03:07.213,0.79632,0.79639,3.00,1.88
2012.07.05 07:03:09.604,0.79633,0.79639,1.50,1.13
2012.07.05 07:03:09.675,0.79634,0.79641,1.13,1.50
2012.07.05 07:03:10.469,0.79634,0.79642,2.63,2.25
2012.07.05 07:03:11.184,0.79636,0.79642,1.13,2.63
2012.07.05 07:03:12.204,0.79634,0.79642,2.63,2.63
2012.07.05 07:03:14.633,0.79634,0.79641,3.00,1.88
2012.07.05 07:03:15.183,0.79633,0.79639,2.63,1.13
2012.07.05 07:03:16.423,0.79633,0.79641,1.50,2.63
2012.07.05 07:03:20.712,0.79634,0.79641,2.63,1.50
2012.07.05 07:03:21.371,0.79634,0.79641,3.38,1.50
2012.07.05 07:03:25.505,0.79632,0.7964,1.50,1.88
2012.07.05 07:03:28.886,0.79632,0.7964,2.63,2.63
2012.07.05 07:03:39.445,0.79633,0.79639,1.50,1.13
2012.07.05 07:03:41.115,0.79632,0.7964,4.13,1.88
2012.07.05 07:03:47.972,0.79632,0.7964,4.88,2.63
2012.07.05 07:03:50.763,0.79633,0.7964,1.50,1.88
2012.07.05 07:03:51.304,0.79633,0.7964,1.88,1.50
2012.07.05 07:03:51.834,0.79633,0.7964,2.63,2.25
2012.07.05 07:03:52.174,0.79633,0.79641,1.88,4.13
2012.07.05 07:04:01.266,0.79635,0.79641,1.13,1.88
2012.07.05 07:04:02.300,0.79639,0.79644,2.63,1.88
2012.07.05 07:04:02.586,0.79642,0.79648,1.13,2.25
2012.07.05 07:04:03.154,0.79642,0.79648,1.88,1.88
2012.07.05 07:04:03.706,0.79641,0.79647,1.88,1.88
2012.07.05 07:04:04.277,0.7964,0.79646,3.38,1.13
2012.07.05 07:04:04.347,0.7964,0.79646,1.88,1.13
2012.07.05 07:04:04.433,0.79639,0.79646,1.50,2.63
2012.07.05 07:04:05.175,0.79638,0.79644,1.88,1.13
2012.07.05 07:04:08.776,0.79638,0.79644,1.88,1.88
2012.07.05 07:04:08.846,0.79636,0.79643,3.38,1.50
2012.07.05 07:04:08.984,0.79637,0.79643,1.88,3.38
2012.07.05 07:04:11.424,0.79638,0.79644,1.88,1.88
2012.07.05 07:04:12.315,0.79639,0.79645,1.13,1.88
2012.07.05 07:04:15.483,0.79639,0.79644,1.13,1.50
2012.07.05 07:04:15.626,0.79638,0.79643,1.13,1.50
2012.07.05 07:04:16.045,0.79635,0.79642,1.13,2.25
2012.07.05 07:04:21.376,0.79637,0.79643,1.13,2.25
2012.07.05 07:04:21.728,0.79637,0.79645,1.88,3.38
2012.07.05 07:04:21.807,0.79637,0.79645,1.88,4.58
2012.07.05 07:04:21.890,0.79637,0.79644,1.13,1.50
2012.07.05 07:04:22.447,0.79638,0.79644,1.13,2.25
2012.07.05 07:04:23.015,0.79638,0.79643,1.13,1.50
2012.07.05 07:04:23.556,0.79638,0.79643,1.13,1.50
2012.07.05 07:04:24.880,0.79637,0.79644,1.13,3.00
2012.07.05 07:04:25.561,0.79639,0.79643,1.13,1.50
2012.07.05 07:04:25.703,0.79639,0.79645,1.13,3.38
2012.07.05 07:04:28.256,0.79637,0.79643,2.63,1.50
2012.07.05 07:04:28.663,0.79637,0.79642,1.88,1.50
2012.07.05 07:04:31.263,0.79635,0.79641,1.88,2.25
2012.07.05 07:04:36.641,0.79637,0.79642,1.13,2.25
2012.07.05 07:04:38.097,0.79639,0.79643,1.13,1.88
2012.07.05 07:04:38.734,0.79635,0.79643,1.50,3.38
2012.07.05 07:04:39.274,0.79635,0.79643,1.88,1.88
2012.07.05 07:04:39.628,0.79636,0.79643,1.88,3.75
2012.07.05 07:04:40.497,0.79636,0.79641,1.13,2.25
2012.07.05 07:04:43.253,0.79635,0.79641,1.88,1.50
2012.07.05 07:04:46.814,0.79634,0.7964,1.13,2.25
2012.07.05 07:04:47.167,0.79631,0.79637,1.50,2.25
2012.07.05 07:04:47.665,0.79629,0.79635,1.88,1.50
2012.07.05 07:04:48.615,0.79629,0.79635,1.88,2.25
2012.07.05 07:04:49.254,0.79629,0.79635,1.88,2.25
2012.07.05 07:04:50.827,0.79626,0.79635,3.38,3.38
2012.07.05 07:04:51.344,0.79626,0.79635,2.63,3.38
2012.07.05 07:04:53.075,0.79627,0.79634,1.88,1.50
2012.07.05 07:04:53.415,0.79628,0.79635,1.88,1.50
2012.07.05 07:04:55.197,0.7963,0.79636,1.13,1.50
2012.07.05 07:04:56.863,0.7963,0.79637,2.63,1.50
2012.07.05 07:04:58.203,0.79637,0.79641,1.13,2.78
2012.07.05 07:04:58.353,0.79633,0.79639,2.10,1.88
2012.07.05 07:04:58.568,0.79633,0.7964,2.25,2.25
2012.07.05 07:04:59.337,0.79632,0.79641,4.13,3.23
2012.07.05 07:05:02.786,0.79634,0.79641,1.13,2.63
2012.07.05 07:05:04.625,0.79634,0.79641,1.88,1.88
2012.07.05 07:05:05.135,0.79635,0.79642,1.13,2.63
2012.07.05 07:05:05.485,0.79635,0.79642,2.63,1.88
2012.07.05 07:05:06.376,0.79635,0.79641,1.13,1.50
2012.07.05 07:05:06.882,0.79636,0.79641,1.13,1.50
2012.07.05 07:05:09.664,0.79634,0.79641,1.13,1.50
2012.07.05 07:05:10.202,0.79633,0.79641,4.13,2.63
2012.07.05 07:05:11.123,0.79634,0.79641,1.88,1.50
2012.07.05 07:05:12.286,0.79638,0.79643,1.13,1.82
2012.07.05 07:05:12.775,0.79641,0.79645,1.13,1.50
2012.07.05 07:05:14.314,0.79641,0.79646,1.13,1.88
2012.07.05 07:05:14.734,0.79642,0.79648,3.38,3.38
2012.07.05 07:05:15.565,0.79642,0.79648,2.63,2.63
2012.07.05 07:05:16.114,0.79642,0.79649,3.38,2.25
2012.07.05 07:05:16.526,0.79645,0.7965,1.13,3.75
2012.07.05 07:05:16.677,0.79646,0.79651,1.88,4.88
2012.07.05 07:05:16.756,0.79646,0.79654,2.63,4.88
2012.07.05 07:05:16.971,0.79648,0.79654,2.25,3.00
2012.07.05 07:05:17.535,0.79647,0.79653,1.13,2.63
2012.07.05 07:05:18.616,0.79646,0.79652,1.13,1.13
2012.07.05 07:05:19.252,0.79646,0.79654,3.38,2.25
2012.07.05 07:05:19.795,0.79646,0.79653,1.88,2.25
2012.07.05 07:05:20.346,0.79645,0.79651,2.63,1.13
2012.07.05 07:05:20.544,0.79644,0.79649,2.25,1.13
2012.07.05 07:05:20.830,0.79641,0.79649,3.38,1.88
2012.07.05 07:05:22.748,0.79641,0.79647,2.63,1.13
2012.07.05 07:05:23.262,0.7964,0.79649,1.50,1.13
2012.07.05 07:05:24.763,0.7964,0.79648,1.50,2.25
2012.07.05 07:05:25.173,0.7964,0.79647,1.13,1.50
2012.07.05 07:05:25.316,0.7964,0.79646,1.13,1.50
2012.07.05 07:05:25.853,0.79638,0.79644,3.38,1.50
2012.07.05 07:05:25.924,0.79639,0.79647,1.50,1.88
2012.07.05 07:05:25.995,0.79639,0.79647,2.25,1.88
2012.07.05 07:05:26.262,0.79642,0.7965,1.50,1.50
2012.07.05 07:05:26.404,0.79643,0.7965,1.50,1.88
2012.07.05 07:05:26.910,0.79644,0.79652,1.50,1.50
2012.07.05 07:05:27.474,0.79645,0.79652,3.53,1.50
2012.07.05 07:05:30.160,0.79643,0.7965,3.75,1.13
2012.07.05 07:05:30.239,0.79642,0.7965,2.63,2.63
2012.07.05 07:05:31.100,0.79642,0.7965,2.63,1.88
2012.07.05 07:05:32.916,0.79645,0.7965,1.13,1.50
2012.07.05 07:05:33.336,0.79642,0.7965,2.63,2.63
2012.07.05 07:05:33.875,0.79642,0.79649,1.88,2.25
2012.07.05 07:05:34.293,0.7964,0.79648,1.88,4.13
2012.07.05 07:05:35.952,0.7964,0.79648,2.63,3.38
2012.07.05 07:05:36.300,0.7964,0.79645,1.13,1.50
2012.07.05 07:05:36.853,0.79638,0.79643,1.88,1.50
2012.07.05 07:05:38.007,0.79636,0.7964,1.50,1.13
2012.07.05 07:05:38.087,0.79635,0.7964,1.88,1.13
2012.07.05 07:05:38.625,0.79633,0.79639,3.38,1.88
2012.07.05 07:05:38.696,0.79633,0.79639,3.00,1.88
2012.07.05 07:05:40.116,0.79634,0.7964,1.88,1.88
2012.07.05 07:05:40.821,0.79634,0.7964,2.63,1.13
2012.07.05 07:05:41.334,0.79634,0.7964,2.63,1.13
2012.07.05 07:05:44.113,0.79635,0.79642,1.88,1.50
2012.07.05 07:05:44.787,0.79635,0.79641,2.25,1.13
2012.07.05 07:05:44.936,0.79634,0.79641,1.50,1.13
2012.07.05 07:05:45.495,0.79634,0.79641,2.25,1.88
2012.07.05 07:05:48.783,0.79636,0.79643,1.13,2.63
2012.07.05 07:05:49.322,0.79636,0.79643,3.83,2.63
2012.07.05 07:05:49.844,0.79638,0.79644,1.13,2.63
2012.07.05 07:05:53.193,0.79638,0.79644,2.63,1.88
2012.07.05 07:05:53.878,0.79639,0.79645,1.88,1.13
2012.07.05 07:05:54.244,0.79641,0.79647,1.13,2.25
2012.07.05 07:05:57.896,0.79641,0.79648,1.13,3.00
2012.07.05 07:05:58.412,0.79641,0.79648,1.88,2.25
2012.07.05 07:05:59.127,0.79641,0.79648,1.88,2.25
2012.07.05 07:06:01.029,0.79641,0.79648,1.88,3.00
2012.07.05 07:06:02.674,0.79641,0.79648,1.13,2.25
2012.07.05 07:06:03.235,0.79639,0.79648,1.50,2.25
2012.07.05 07:06:03.763,0.79641,0.79648,1.13,3.75
2012.07.05 07:06:06.315,0.79641,0.79648,1.13,3.00
2012.07.05 07:06:09.259,0.79642,0.79648,1.50,1.50
2012.07.05 07:06:09.804,0.79642,0.7965,3.38,3.75
2012.07.05 07:06:10.353,0.79645,0.7965,2.63,1.13
2012.07.05 07:06:10.916,0.79646,0.7965,1.13,1.50
2012.07.05 07:06:11.462,0.79643,0.79649,1.50,1.50
2012.07.05 07:06:11.816,0.79643,0.79649,1.50,3.00
2012.07.05 07:06:11.901,0.79641,0.79647,4.88,1.88
2012.07.05 07:06:12.466,0.79642,0.79647,1.13,1.50
2012.07.05 07:06:12.990,0.79642,0.79647,1.88,2.25
2012.07.05 07:06:13.279,0.79641,0.79645,1.50,1.13
2012.07.05 07:06:13.765,0.79638,0.79644,4.13,1.13
2012.07.05 07:06:14.334,0.79638,0.79644,1.13,2.63
2012.07.05 07:06:15.936,0.79639,0.79644,1.50,1.13
2012.07.05 07:06:16.473,0.79639,0.79645,1.50,1.50
2012.07.05 07:06:17.033,0.79639,0.79646,1.50,2.25
2012.07.05 07:06:20.983,0.79638,0.79646,3.38,2.63
2012.07.05 07:06:22.157,0.79639,0.79644,1.50,1.13
2012.07.05 07:06:23.047,0.79639,0.79644,1.50,1.13
2012.07.05 07:06:23.549,0.79639,0.79645,1.50,2.63
2012.07.05 07:06:26.172,0.79639,0.79644,1.50,1.13
2012.07.05 07:06:28.254,0.79639,0.79646,1.50,1.88
2012.07.05 07:06:30.188,0.79638,0.79644,1.50,1.88
2012.07.05 07:06:30.336,0.79635,0.79643,3.00,2.25
2012.07.05 07:06:30.744,0.79635,0.79643,2.25,1.50
2012.07.05 07:06:32.541,0.79637,0.79643,1.50,1.88
2012.07.05 07:06:32.624,0.79637,0.79643,2.25,2.25
2012.07.05 07:06:33.045,0.79635,0.79643,1.88,3.00
2012.07.05 07:06:33.836,0.79634,0.79641,3.75,1.13
2012.07.05 07:06:35.016,0.79635,0.79643,2.63,3.00
2012.07.05 07:06:35.154,0.79635,0.79643,3.38,2.63
2012.07.05 07:06:35.673,0.79637,0.79643,1.50,2.63
2012.07.05 07:06:38.726,0.79637,0.79644,1.50,1.50
2012.07.05 07:06:40.115,0.79637,0.79644,1.50,1.50
2012.07.05 07:06:42.445,0.79637,0.79645,2.25,2.63
2012.07.05 07:06:42.516,0.79639,0.79645,1.50,1.88
2012.07.05 07:06:43.074,0.79636,0.79644,3.00,2.25
2012.07.05 07:07:02.330,0.79638,0.79646,1.88,3.62
2012.07.05 07:07:02.485,0.79638,0.79646,3.38,2.87
2012.07.05 07:07:05.019,0.79636,0.79642,3.00,4.27
2012.07.05 07:07:05.166,0.79634,0.79641,1.13,3.00
2012.07.05 07:07:05.704,0.79634,0.7964,1.13,2.25
2012.07.05 07:07:06.214,0.79635,0.7964,1.13,1.50
2012.07.05 07:07:07.432,0.79632,0.79641,5.63,2.25
2012.07.05 07:07:07.987,0.79636,0.79642,1.88,1.50
2012.07.05 07:07:08.060,0.79634,0.7964,1.50,3.00
2012.07.05 07:07:08.417,0.79633,0.7964,1.13,1.50
2012.07.05 07:07:09.186,0.79633,0.7964,2.63,1.13
2012.07.05 07:07:10.078,0.79633,0.7964,1.13,2.63
2012.07.05 07:07:15.252,0.79631,0.7964,4.50,1.88
2012.07.05 07:07:15.765,0.79632,0.7964,5.10,1.88
2012.07.05 07:07:15.837,0.79635,0.79641,1.13,2.25
2012.07.05 07:07:15.978,0.79636,0.79644,2.25,2.63
2012.07.05 07:07:16.267,0.79634,0.79642,3.38,1.50
2012.07.05 07:07:16.813,0.79634,0.79641,1.50,1.13
2012.07.05 07:07:18.375,0.79633,0.79641,2.25,1.88
2012.07.05 07:07:20.872,0.79633,0.79642,2.63,3.00
2012.07.05 07:07:21.088,0.79633,0.79642,2.63,3.75
2012.07.05 07:07:21.235,0.79632,0.79641,3.75,3.75
2012.07.05 07:07:21.810,0.79632,0.7964,3.75,1.50
2012.07.05 07:07:22.167,0.79632,0.7964,3.75,1.50
2012.07.05 07:07:23.393,0.79632,0.7964,2.25,1.50
2012.07.05 07:07:23.938,0.79631,0.79638,4.13,1.13
2012.07.05 07:07:25.126,0.79631,0.79638,1.50,1.13
2012.07.05 07:07:25.669,0.7963,0.79639,2.63,2.25
2012.07.05 07:07:26.213,0.79631,0.79638,1.88,2.25
2012.07.05 07:07:31.143,0.79631,0.79639,1.88,1.50
2012.07.05 07:07:31.344,0.79631,0.79639,3.38,1.50
2012.07.05 07:07:31.683,0.79631,0.79639,1.88,2.25
2012.07.05 07:07:33.155,0.7963,0.79637,1.88,1.50
2012.07.05 07:07:33.508,0.7963,0.79638,3.38,1.50
2012.07.05 07:07:33.796,0.7963,0.79637,3.38,1.50
2012.07.05 07:07:37.883,0.7963,0.79637,1.50,1.50
2012.07.05 07:07:38.285,0.79634,0.79639,1.13,3.00
2012.07.05 07:07:38.356,0.79632,0.79639,1.50,3.38
2012.07.05 07:07:38.846,0.79633,0.79639,3.00,1.88
2012.07.05 07:07:40.296,0.79632,0.79639,3.38,1.88
2012.07.05 07:07:40.658,0.79634,0.7964,1.88,2.85
2012.07.05 07:07:41.287,0.79634,0.79641,1.88,1.50
2012.07.05 07:07:41.504,0.79636,0.79642,1.50,1.88
2012.07.05 07:07:41.906,0.79637,0.79644,1.50,1.13
2012.07.05 07:07:41.974,0.79636,0.79642,2.25,1.88
2012.07.05 07:07:42.115,0.79637,0.79644,1.50,1.88
2012.07.05 07:07:42.677,0.79638,0.79644,1.50,3.00
2012.07.05 07:07:43.273,0.79638,0.79644,1.50,3.75
2012.07.05 07:07:43.815,0.79635,0.79643,3.75,1.50
2012.07.05 07:07:44.756,0.79636,0.79644,2.25,3.75
2012.07.05 07:07:45.505,0.79636,0.79644,2.63,3.38
2012.07.05 07:07:45.716,0.79636,0.79644,1.88,3.38
2012.07.05 07:07:46.279,0.79637,0.79644,1.50,2.63
2012.07.05 07:07:48.063,0.79636,0.79643,1.88,1.50
2012.07.05 07:07:49.154,0.79636,0.79644,2.63,3.38
2012.07.05 07:07:50.453,0.79636,0.79644,2.25,4.13
2012.07.05 07:07:52.624,0.79636,0.79644,1.50,3.38
2012.07.05 07:07:52.756,0.79636,0.79644,3.38,1.50
2012.07.05 07:07:52.893,0.79637,0.79644,2.25,2.25
2012.07.05 07:07:55.603,0.79637,0.79644,2.25,2.25
2012.07.05 07:07:56.424,0.79637,0.79641,1.50,1.13
2012.07.05 07:07:56.707,0.79635,0.79641,1.50,1.88
2012.07.05 07:07:58.570,0.79635,0.79642,3.75,1.88
2012.07.05 07:07:59.233,0.79634,0.7964,2.63,1.13
2012.07.05 07:07:59.814,0.79634,0.7964,2.63,1.13
2012.07.05 07:08:00.255,0.79634,0.79642,4.50,1.50
2012.07.05 07:08:00.806,0.79636,0.79642,1.50,1.50
2012.07.05 07:08:02.449,0.79635,0.79641,1.50,2.63
2012.07.05 07:08:08.091,0.79634,0.79641,1.13,6.38
2012.07.05 07:08:09.314,0.79636,0.79641,1.13,4.50
2012.07.05 07:08:09.386,0.79636,0.79642,1.88,2.25
2012.07.05 07:08:09.525,0.79636,0.79642,3.00,1.50
2012.07.05 07:08:09.727,0.79634,0.79641,5.25,1.13
2012.07.05 07:08:10.285,0.79634,0.79641,3.75,1.88
2012.07.05 07:08:10.978,0.79636,0.79642,2.63,1.50
2012.07.05 07:08:11.064,0.79637,0.79643,1.88,1.88
2012.07.05 07:08:12.714,0.79637,0.79643,2.25,2.63
2012.07.05 07:08:13.444,0.79637,0.79643,1.50,2.63
2012.07.05 07:08:14.163,0.79637,0.79643,1.50,2.63
2012.07.05 07:08:14.712,0.79636,0.79643,2.25,2.63
2012.07.05 07:08:16.235,0.79636,0.79643,1.50,2.63
2012.07.05 07:08:16.374,0.79637,0.79643,1.50,2.63
2012.07.05 07:08:17.432,0.79636,0.79643,2.25,2.63
2012.07.05 07:08:19.444,0.79637,0.79643,1.50,1.88
2012.07.05 07:08:19.583,0.79637,0.79644,2.25,2.10
2012.07.05 07:08:19.727,0.79637,0.79643,2.25,2.63
2012.07.05 07:08:21.984,0.79638,0.79643,1.13,1.50
2012.07.05 07:08:24.123,0.79636,0.79643,2.63,1.50
2012.07.05 07:08:24.913,0.79636,0.79645,3.75,3.38
2012.07.05 07:08:25.451,0.79637,0.79645,2.25,2.63
2012.07.05 07:08:28.074,0.79637,0.79644,2.25,1.50
2012.07.05 07:08:28.215,0.79638,0.79646,2.63,2.25
2012.07.05 07:08:28.288,0.79638,0.79646,1.50,1.88
2012.07.05 07:08:28.634,0.7964,0.79648,2.63,2.25
2012.07.05 07:08:28.845,0.7964,0.79648,3.38,1.50
2012.07.05 07:08:29.364,0.7964,0.79648,3.38,2.25
2012.07.05 07:08:32.012,0.79642,0.79648,1.88,1.50
2012.07.05 07:08:32.568,0.79642,0.79648,1.13,1.50
2012.07.05 07:08:33.236,0.79641,0.79648,1.88,1.50
2012.07.05 07:08:33.765,0.7964,0.79649,3.38,4.88
2012.07.05 07:08:34.405,0.7964,0.79648,2.25,2.63
2012.07.05 07:08:35.768,0.7964,0.79648,2.25,2.63
2012.07.05 07:08:36.114,0.7964,0.79648,2.25,2.63
2012.07.05 07:08:36.972,0.7964,0.79648,2.25,3.38
2012.07.05 07:08:37.305,0.7964,0.79646,1.50,1.13
2012.07.05 07:08:37.669,0.79637,0.79643,3.00,1.50
2012.07.05 07:08:37.891,0.79635,0.79642,1.88,2.25
2012.07.05 07:08:38.455,0.79635,0.79641,1.13,1.50
2012.07.05 07:08:39.202,0.79642,0.79646,1.13,1.50
2012.07.05 07:08:39.557,0.79646,0.7965,1.13,1.13
2012.07.05 07:08:40.116,0.79646,0.79651,1.13,2.63
2012.07.05 07:08:40.677,0.79646,0.79651,1.13,1.50
2012.07.05 07:08:41.306,0.79646,0.79652,1.88,1.50
2012.07.05 07:08:41.867,0.79646,0.79652,1.88,1.50
2012.07.05 07:08:42.464,0.79646,0.79652,1.88,1.50
2012.07.05 07:08:43.323,0.79646,0.79652,1.88,2.25
2012.07.05 07:08:43.849,0.79645,0.79651,1.13,2.25
2012.07.05 07:08:45.328,0.79643,0.79651,2.25,2.63
2012.07.05 07:08:45.759,0.79642,0.79648,2.25,1.50
2012.07.05 07:08:46.329,0.7964,0.79647,5.25,1.50
2012.07.05 07:08:46.479,0.7964,0.79648,3.38,1.50
2012.07.05 07:08:47.116,0.7964,0.79648,4.88,1.50
2012.07.05 07:08:56.962,0.79643,0.79648,1.13,1.50
2012.07.05 07:08:57.177,0.79644,0.7965,1.50,1.50
2012.07.05 07:08:57.685,0.79644,0.7965,1.50,1.50
2012.07.05 07:08:59.798,0.79645,0.79652,2.63,2.63
2012.07.05 07:08:59.877,0.79645,0.79652,3.38,1.88
2012.07.05 07:09:00.548,0.79645,0.79652,3.38,1.13
2012.07.05 07:09:00.627,0.79645,0.7965,2.63,1.50
2012.07.05 07:09:00.706,0.79645,0.79651,2.63,1.50
2012.07.05 07:09:01.410,0.79644,0.7965,1.13,1.50
2012.07.05 07:09:02.116,0.79643,0.7965,1.13,3.38
2012.07.05 07:09:02.687,0.79643,0.7965,1.13,5.08
2012.07.05 07:09:02.768,0.79643,0.79649,1.13,1.11
2012.07.05 07:09:05.016,0.79643,0.7965,1.88,4.33
2012.07.05 07:09:07.366,0.79643,0.7965,1.88,3.58
2012.07.05 07:09:10.726,0.79644,0.79651,1.13,1.50
2012.07.05 07:09:11.274,0.79644,0.79652,1.88,4.13
2012.07.05 07:09:11.477,0.79644,0.79652,1.88,3.38
2012.07.05 07:09:12.468,0.79644,0.79652,2.63,1.88
2012.07.05 07:09:13.026,0.79645,0.79652,1.50,1.88
2012.07.05 07:09:16.323,0.79644,0.79652,2.63,1.88
2012.07.05 07:09:17.404,0.79644,0.79652,1.88,1.88
2012.07.05 07:09:17.966,0.79644,0.7965,1.88,2.25
2012.07.05 07:09:19.456,0.79644,0.7965,1.88,2.25
2012.07.05 07:09:19.964,0.79644,0.79651,3.38,1.13
2012.07.05 07:09:25.904,0.79645,0.79651,1.13,1.50
2012.07.05 07:09:28.028,0.79644,0.7965,1.88,1.50
2012.07.05 07:09:28.494,0.79642,0.79649,1.88,1.50
2012.07.05 07:09:29.563,0.79642,0.79649,1.13,2.25
2012.07.05 07:09:30.114,0.79641,0.79648,1.50,1.50
2012.07.05 07:09:42.793,0.79642,0.79649,1.88,1.88
2012.07.05 07:09:44.463,0.79642,0.79649,1.88,2.63
2012.07.05 07:09:54.154,0.79644,0.79649,1.13,1.50
2012.07.05 07:09:54.714,0.79644,0.79651,1.88,4.13
2012.07.05 07:10:00.902,0.79646,0.79651,1.13,2.25
2012.07.05 07:10:04.614,0.79644,0.79649,1.13,2.25
2012.07.05 07:10:04.895,0.79644,0.7965,1.88,1.88
2012.07.05 07:10:10.860,0.79643,0.79651,1.88,4.35
2012.07.05 07:10:19.451,0.79645,0.79651,2.10,1.50
2012.07.05 07:10:19.804,0.79647,0.79655,8.63,1.50
2012.07.05 07:10:20.023,0.79647,0.79654,8.25,1.88
2012.07.05 07:10:20.543,0.79647,0.79654,7.50,1.13
2012.07.05 07:10:23.110,0.79647,0.79654,9.00,1.13
2012.07.05 07:10:23.405,0.7965,0.79656,1.13,1.50
2012.07.05 07:10:23.617,0.79652,0.79658,1.88,1.50
2012.07.05 07:10:24.178,0.79652,0.79659,3.38,1.13
2012.07.05 07:10:24.745,0.79652,0.79658,1.88,1.50
2012.07.05 07:10:25.298,0.79652,0.79659,3.38,2.63
2012.07.05 07:10:25.799,0.79654,0.79659,1.13,1.50
2012.07.05 07:10:26.531,0.79652,0.79658,1.50,1.50
2012.07.05 07:10:27.095,0.79654,0.79659,1.13,1.50
2012.07.05 07:10:27.445,0.79654,0.7966,1.88,1.50
2012.07.05 07:10:30.156,0.79654,0.7966,1.88,2.25
2012.07.05 07:10:30.713,0.79654,0.79659,1.13,1.50
2012.07.05 07:10:32.435,0.79651,0.79658,3.00,1.88
2012.07.05 07:10:32.929,0.7965,0.79658,4.88,2.63
2012.07.05 07:10:33.370,0.79648,0.79656,4.88,1.50
2012.07.05 07:10:33.447,0.79648,0.79656,4.88,1.50
2012.07.05 07:10:34.654,0.79648,0.79656,2.63,1.50
2012.07.05 07:10:36.616,0.7965,0.79656,1.13,2.25
2012.07.05 07:10:36.837,0.7965,0.79657,1.88,1.50
2012.07.05 07:10:37.373,0.79651,0.79658,1.13,2.25
2012.07.05 07:10:40.055,0.79651,0.79659,1.88,3.38
2012.07.05 07:10:44.552,0.79652,0.79661,1.50,3.38
2012.07.05 07:10:45.798,0.79656,0.79661,1.13,1.50
2012.07.05 07:10:46.296,0.79657,0.79665,4.13,3.60
2012.07.05 07:10:46.509,0.79659,0.79665,2.63,2.10
2012.07.05 07:10:47.044,0.7966,0.79667,1.50,3.00
2012.07.05 07:10:48.118,0.79659,0.79665,2.25,1.13
2012.07.05 07:10:48.674,0.79659,0.79666,1.50,1.88
2012.07.05 07:10:49.170,0.79658,0.79664,1.13,1.50
2012.07.05 07:10:49.735,0.79658,0.79666,2.63,3.00
2012.07.05 07:10:52.420,0.79659,0.79667,2.25,1.88
2012.07.05 07:10:52.990,0.7966,0.79668,3.38,2.25
2012.07.05 07:10:53.555,0.79661,0.79668,1.35,1.50
2012.07.05 07:10:53.908,0.79659,0.79666,3.75,2.63
2012.07.05 07:10:54.056,0.79658,0.79665,1.88,1.50
2012.07.05 07:10:57.296,0.79659,0.79666,1.35,1.88
2012.07.05 07:10:58.225,0.79658,0.79663,3.60,1.13
2012.07.05 07:10:58.720,0.79656,0.79661,1.50,2.63
2012.07.05 07:10:59.080,0.79654,0.79659,2.25,1.88
2012.07.05 07:10:59.164,0.79654,0.79659,1.50,2.63
2012.07.05 07:10:59.667,0.79651,0.79659,2.25,2.63
2012.07.05 07:11:02.543,0.79651,0.79659,3.38,1.88
2012.07.05 07:11:02.999,0.79655,0.7966,1.88,1.88
2012.07.05 07:11:03.358,0.79657,0.79664,1.50,3.38
2012.07.05 07:11:03.855,0.79658,0.79665,1.88,1.13
2012.07.05 07:11:04.162,0.79656,0.79664,3.38,2.25
2012.07.05 07:11:07.517,0.79658,0.79665,1.50,1.50
2012.07.05 07:11:08.084,0.79659,0.79667,1.50,5.48
2012.07.05 07:11:08.647,0.79659,0.79667,1.50,4.73
2012.07.05 07:11:10.398,0.79659,0.79666,1.88,1.13
2012.07.05 07:11:10.956,0.7966,0.79667,1.88,2.25
2012.07.05 07:11:11.505,0.7966,0.79667,1.13,2.67
2012.07.05 07:11:12.069,0.7966,0.79668,1.13,3.38
2012.07.05 07:11:13.260,0.7966,0.79668,2.63,1.88
2012.07.05 07:11:13.934,0.79661,0.79669,1.50,2.25
2012.07.05 07:11:17.245,0.79661,0.79666,1.50,1.13
2012.07.05 07:11:17.527,0.79659,0.79666,2.25,2.63
2012.07.05 07:11:25.385,0.79659,0.79666,2.63,1.50
2012.07.05 07:11:25.915,0.7966,0.79667,1.50,1.88
2012.07.05 07:11:27.393,0.7966,0.79667,1.50,1.88
2012.07.05 07:11:28.212,0.7966,0.79665,1.50,1.13
2012.07.05 07:11:29.365,0.7966,0.79666,2.63,1.13
2012.07.05 07:11:30.063,0.7966,0.79665,1.50,1.13
2012.07.05 07:11:30.775,0.7966,0.79666,2.63,1.13
2012.07.05 07:11:31.364,0.7966,0.79666,3.38,1.13
2012.07.05 07:11:31.438,0.79661,0.79669,1.88,3.75
2012.07.05 07:11:31.506,0.79664,0.79669,1.13,1.88
2012.07.05 07:11:32.069,0.79664,0.7967,1.13,1.88
2012.07.05 07:11:32.636,0.79664,0.7967,1.88,1.88
2012.07.05 07:11:33.865,0.79665,0.7967,1.50,1.13
2012.07.05 07:11:34.636,0.79664,0.7967,1.88,1.88
2012.07.05 07:11:37.053,0.79665,0.79671,1.13,3.38
2012.07.05 07:11:40.144,0.79663,0.79671,2.63,3.38
2012.07.05 07:11:42.643,0.79664,0.79671,2.10,1.13
2012.07.05 07:11:45.942,0.79664,0.79672,2.63,2.25
2012.07.05 07:11:47.045,0.79664,0.79672,4.13,2.25
2012.07.05 07:11:47.386,0.79668,0.79674,1.88,2.63
2012.07.05 07:11:48.158,0.79668,0.79674,1.13,2.63
2012.07.05 07:11:48.518,0.79665,0.79671,1.13,1.50
2012.07.05 07:11:49.039,0.79666,0.79671,1.13,1.50
2012.07.05 07:11:52.651,0.79664,0.7967,1.13,1.88
2012.07.05 07:11:54.115,0.79663,0.79671,1.13,5.48
2012.07.05 07:11:54.746,0.79662,0.7967,1.88,1.88
2012.07.05 07:11:55.578,0.79662,0.79668,1.88,1.13
2012.07.05 07:11:56.130,0.79661,0.79665,1.50,1.13
2012.07.05 07:11:56.556,0.79659,0.79663,1.50,1.13
2012.07.05 07:11:56.838,0.79656,0.79663,2.25,1.13
2012.07.05 07:11:57.458,0.79656,0.79663,3.00,1.13
2012.07.05 07:11:57.746,0.79658,0.79664,1.13,1.88
2012.07.05 07:11:58.538,0.79658,0.79664,1.88,1.13
2012.07.05 07:12:00.144,0.79658,0.79664,1.13,1.88
2012.07.05 07:12:02.335,0.79658,0.79664,1.88,1.88
2012.07.05 07:12:04.936,0.79658,0.79664,2.63,1.13
2012.07.05 07:12:05.682,0.79658,0.79664,1.88,1.13
2012.07.05 07:12:06.238,0.79658,0.79664,2.63,1.13
2012.07.05 07:12:06.745,0.79658,0.79664,3.38,1.13
2012.07.05 07:12:17.344,0.79658,0.79664,1.13,3.38
2012.07.05 07:12:21.450,0.79657,0.79663,1.13,1.88
2012.07.05 07:12:23.186,0.79656,0.79663,1.50,2.63
2012.07.05 07:12:23.537,0.79654,0.79661,1.88,1.88
2012.07.05 07:12:24.040,0.79654,0.79659,1.88,1.88
2012.07.05 07:12:28.224,0.79655,0.79662,1.88,1.50
2012.07.05 07:12:28.295,0.79655,0.79663,3.75,3.38
2012.07.05 07:12:28.366,0.79656,0.79661,1.50,2.49
2012.07.05 07:12:28.644,0.79652,0.79658,1.13,1.88
2012.07.05 07:12:29.207,0.79651,0.79658,2.25,1.88
2012.07.05 07:12:32.542,0.79651,0.79658,2.25,1.88
2012.07.05 07:12:33.066,0.79652,0.79658,1.50,1.13
2012.07.05 07:12:44.335,0.79653,0.79659,1.88,1.13
2012.07.05 07:12:44.544,0.79655,0.7966,1.13,1.50
2012.07.05 07:12:45.085,0.79655,0.79661,1.88,2.25
2012.07.05 07:12:46.578,0.79657,0.79662,1.88,2.10
2012.07.05 07:12:46.730,0.79657,0.79663,3.38,1.88
2012.07.05 07:12:47.301,0.79657,0.79663,1.13,1.13
2012.07.05 07:12:47.865,0.79657,0.79663,1.88,1.88
2012.07.05 07:12:57.498,0.79658,0.79664,1.88,1.88
2012.07.05 07:13:05.397,0.79658,0.79665,2.63,1.73
2012.07.05 07:13:06.006,0.79659,0.79663,1.13,1.13
2012.07.05 07:13:14.333,0.79658,0.79664,1.88,1.88
2012.07.05 07:13:14.875,0.79661,0.79667,1.50,1.88
2012.07.05 07:13:15.226,0.79662,0.79669,1.50,3.38
2012.07.05 07:13:21.663,0.79662,0.79669,1.50,1.88
2012.07.05 07:13:23.056,0.79662,0.79669,1.50,1.88
2012.07.05 07:13:23.605,0.79662,0.79669,1.50,1.88
2012.07.05 07:13:27.128,0.79662,0.79669,1.50,1.88
2012.07.05 07:13:27.881,0.79661,0.79668,3.38,1.13
2012.07.05 07:13:28.227,0.79661,0.79666,2.63,1.13
2012.07.05 07:13:28.775,0.7966,0.79665,2.63,1.13
2012.07.05 07:13:31.296,0.7966,0.79666,3.75,1.13
2012.07.05 07:13:31.505,0.79662,0.79668,1.13,2.63
2012.07.05 07:13:32.505,0.79661,0.79666,1.88,1.13
2012.07.05 07:13:33.058,0.79661,0.79668,1.13,2.63
2012.07.05 07:13:37.635,0.79661,0.79666,1.13,1.13
2012.07.05 07:13:37.907,0.79656,0.79664,2.25,2.63
2012.07.05 07:13:38.194,0.79655,0.79661,2.25,1.13
2012.07.05 07:13:38.549,0.79655,0.7966,1.13,2.18
2012.07.05 07:13:38.908,0.79652,0.79658,1.13,1.50
2012.07.05 07:13:39.688,0.79653,0.79657,1.13,1.13
2012.07.05 07:13:41.714,0.79651,0.79658,1.88,1.13
2012.07.05 07:13:42.457,0.79651,0.79657,1.88,1.50
2012.07.05 07:13:43.176,0.79651,0.79657,1.88,2.18
2012.07.05 07:13:43.258,0.79649,0.79655,1.50,1.13
2012.07.05 07:13:43.786,0.79648,0.79655,1.13,1.80
2012.07.05 07:13:44.347,0.79648,0.79655,1.13,1.80
2012.07.05 07:13:45.576,0.79648,0.79655,2.63,1.13
2012.07.05 07:13:45.648,0.7965,0.79656,1.13,1.13
2012.07.05 07:13:45.996,0.79652,0.79658,1.13,4.13
2012.07.05 07:13:50.690,0.79653,0.79658,1.13,1.50
2012.07.05 07:13:50.907,0.79653,0.79659,1.88,1.88
2012.07.05 07:14:00.356,0.79654,0.79659,1.13,1.13
2012.07.05 07:14:03.155,0.79653,0.79659,1.88,2.63
2012.07.05 07:14:03.713,0.79653,0.79659,1.88,2.63
2012.07.05 07:14:04.284,0.79653,0.79659,1.88,1.88
2012.07.05 07:14:09.636,0.79653,0.79659,1.88,3.38
2012.07.05 07:14:11.202,0.79647,0.79651,2.63,1.50
2012.07.05 07:14:11.340,0.79644,0.7965,3.38,2.63
2012.07.05 07:14:11.698,0.79644,0.7965,1.88,3.38
2012.07.05 07:14:12.257,0.79644,0.7965,1.13,3.38
2012.07.05 07:14:12.790,0.79644,0.7965,1.88,1.88
2012.07.05 07:14:14.214,0.79643,0.7965,2.63,1.50
2012.07.05 07:14:20.012,0.79644,0.7965,1.13,1.50
2012.07.05 07:14:20.856,0.79644,0.79651,2.63,3.00
2012.07.05 07:14:26.306,0.79644,0.7965,1.88,2.63
2012.07.05 07:14:30.815,0.79643,0.7965,1.13,1.50
2012.07.05 07:14:30.955,0.79642,0.7965,4.13,4.13
2012.07.05 07:14:32.237,0.79642,0.7965,4.13,3.38
2012.07.05 07:14:34.386,0.79644,0.7965,1.13,3.38
2012.07.05 07:14:34.946,0.79644,0.7965,1.13,3.38
2012.07.05 07:14:35.926,0.79644,0.7965,1.13,3.38
2012.07.05 07:14:37.056,0.79642,0.7965,4.13,3.38
2012.07.05 07:14:37.575,0.79642,0.7965,1.88,4.88
2012.07.05 07:14:40.196,0.79642,0.7965,1.88,4.13
2012.07.05 07:14:40.796,0.79642,0.7965,2.63,4.13
2012.07.05 07:14:41.343,0.79642,0.7965,2.63,4.88
2012.07.05 07:14:41.848,0.79642,0.7965,2.63,4.88
2012.07.05 07:14:42.383,0.79642,0.7965,2.63,4.13
2012.07.05 07:14:43.126,0.79642,0.79649,1.88,1.50
2012.07.05 07:14:43.264,0.79641,0.79648,2.25,1.88
2012.07.05 07:14:43.782,0.79639,0.79644,1.50,1.13
2012.07.05 07:14:43.866,0.79639,0.79647,2.63,2.25
2012.07.05 07:14:46.385,0.7964,0.79647,2.25,1.88
2012.07.05 07:14:46.739,0.7964,0.79648,4.13,3.00
2012.07.05 07:14:47.907,0.7964,0.79648,2.63,3.00
2012.07.05 07:14:48.858,0.7964,0.79648,3.38,3.00
2012.07.05 07:14:56.446,0.7964,0.79648,2.63,2.63
2012.07.05 07:14:59.585,0.7964,0.79648,2.63,2.63
2012.07.05 07:15:00.113,0.7964,0.79648,2.63,3.38
2012.07.05 07:15:00.658,0.7964,0.79648,2.63,3.38
2012.07.05 07:15:01.458,0.7964,0.79648,3.38,3.38
2012.07.05 07:15:01.680,0.79642,0.79648,1.88,1.88
2012.07.05 07:15:02.039,0.79646,0.79651,1.13,2.48
2012.07.05 07:15:02.608,0.79645,0.7965,1.88,1.35
2012.07.05 07:15:03.176,0.79645,0.7965,1.88,1.35
2012.07.05 07:15:03.707,0.79645,0.79651,1.88,1.88
2012.07.05 07:15:04.116,0.79645,0.79651,2.63,2.63
2012.07.05 07:15:04.666,0.79645,0.79651,2.63,2.63
2012.07.05 07:15:05.092,0.79642,0.7965,4.13,2.63
2012.07.05 07:15:05.307,0.79643,0.79649,1.88,2.63
2012.07.05 07:15:05.814,0.79643,0.79649,1.88,1.88
2012.07.05 07:15:06.378,0.79643,0.79651,1.88,3.38
2012.07.05 07:15:07.116,0.79643,0.7965,2.63,2.25
2012.07.05 07:15:07.665,0.79643,0.79651,1.88,3.38
2012.07.05 07:15:08.249,0.79642,0.7965,3.38,3.38
2012.07.05 07:15:15.256,0.79642,0.79649,2.63,1.50
2012.07.05 07:15:15.574,0.79641,0.79646,3.38,1.13
2012.07.05 07:15:16.139,0.79641,0.79646,1.50,1.88
2012.07.05 07:15:22.815,0.79641,0.79647,1.50,1.50
2012.07.05 07:15:24.623,0.79641,0.79647,1.50,1.50
2012.07.05 07:15:25.925,0.79641,0.79648,2.63,1.50
2012.07.05 07:15:26.694,0.79641,0.79648,1.88,1.50
2012.07.05 07:15:27.204,0.79641,0.79648,2.63,2.25
2012.07.05 07:15:27.392,0.79641,0.79648,1.88,3.00
2012.07.05 07:15:31.975,0.79641,0.79648,1.88,2.25
2012.07.05 07:15:33.613,0.79641,0.79648,1.88,3.00
2012.07.05 07:15:34.152,0.7964,0.79646,4.13,1.88
2012.07.05 07:15:39.233,0.79641,0.79647,1.88,1.13
2012.07.05 07:15:39.822,0.79643,0.79648,1.50,1.88
2012.07.05 07:15:40.354,0.79643,0.79649,1.88,2.63
2012.07.05 07:15:49.074,0.79643,0.79649,1.13,4.13
2012.07.05 07:15:49.355,0.79641,0.79646,1.50,1.88
2012.07.05 07:15:54.695,0.79641,0.79646,2.25,1.13
2012.07.05 07:15:55.245,0.79641,0.79647,3.38,1.88
2012.07.05 07:15:55.776,0.79641,0.79647,3.38,1.88
2012.07.05 07:15:58.155,0.79641,0.79647,2.63,2.63
2012.07.05 07:15:58.705,0.79641,0.79647,2.63,2.63
2012.07.05 07:15:59.898,0.79641,0.79646,1.50,1.13
2012.07.05 07:16:11.485,0.7964,0.79645,2.25,1.13
2012.07.05 07:16:11.626,0.79638,0.79645,3.00,1.88
2012.07.05 07:16:11.829,0.79636,0.79641,1.50,1.88
2012.07.05 07:16:11.977,0.79635,0.79641,1.13,1.13
2012.07.05 07:16:12.608,0.79636,0.79642,1.13,3.38
2012.07.05 07:16:13.143,0.79636,0.79642,1.50,1.88
2012.07.05 07:16:13.648,0.79636,0.79642,1.50,1.13
2012.07.05 07:16:13.948,0.79634,0.79642,4.88,1.88
2012.07.05 07:16:14.171,0.79634,0.79642,4.13,3.38
2012.07.05 07:16:14.317,0.79634,0.7964,3.38,1.88
2012.07.05 07:16:14.875,0.79634,0.7964,2.63,1.88
2012.07.05 07:16:17.027,0.79634,0.7964,2.63,1.88
2012.07.05 07:16:17.215,0.79634,0.7964,2.63,1.13
2012.07.05 07:16:17.344,0.79634,0.79642,2.63,1.88
2012.07.05 07:16:23.247,0.79634,0.79642,2.63,1.88
2012.07.05 07:16:25.208,0.79633,0.79639,3.75,1.35
2012.07.05 07:16:25.706,0.79632,0.79638,1.88,2.25
2012.07.05 07:16:26.243,0.79632,0.79638,1.88,3.00
2012.07.05 07:16:28.205,0.79632,0.79638,1.88,4.13
2012.07.05 07:16:28.486,0.7963,0.79637,1.88,1.50
2012.07.05 07:16:29.033,0.7963,0.79637,1.13,3.08
2012.07.05 07:16:29.244,0.7963,0.79637,1.13,2.25
2012.07.05 07:16:29.796,0.7963,0.79637,1.13,2.25
2012.07.05 07:16:31.288,0.7963,0.79637,3.00,1.50
2012.07.05 07:16:31.367,0.79631,0.79638,1.50,2.63
2012.07.05 07:16:32.443,0.7963,0.79637,2.25,1.50
2012.07.05 07:16:32.972,0.7963,0.79637,1.50,3.00
2012.07.05 07:16:33.600,0.7963,0.79637,1.13,1.50
2012.07.05 07:16:34.124,0.7963,0.79637,1.13,2.25
2012.07.05 07:16:35.135,0.7963,0.79637,1.13,2.63
2012.07.05 07:16:35.687,0.7963,0.79637,1.13,2.63
2012.07.05 07:16:36.394,0.7963,0.79637,1.13,2.63
2012.07.05 07:16:37.057,0.7963,0.79637,1.13,2.63
2012.07.05 07:16:37.733,0.7963,0.79637,1.13,1.88
2012.07.05 07:16:40.307,0.7963,0.79637,1.13,2.63
2012.07.05 07:16:40.854,0.7963,0.79637,1.88,1.88
2012.07.05 07:16:41.933,0.7963,0.79637,1.88,1.88
2012.07.05 07:16:42.703,0.7963,0.79637,1.88,1.88
2012.07.05 07:16:43.684,0.7963,0.79637,1.88,1.88
2012.07.05 07:16:44.188,0.7963,0.79637,1.13,2.63
2012.07.05 07:16:45.617,0.7963,0.79637,3.38,1.13
2012.07.05 07:16:45.755,0.7963,0.79637,2.63,1.88
2012.07.05 07:16:47.025,0.79629,0.79635,1.50,1.13
2012.07.05 07:16:50.006,0.7963,0.79637,4.13,1.50
2012.07.05 07:16:50.077,0.7963,0.79638,4.13,3.00
2012.07.05 07:16:51.429,0.7963,0.79638,7.30,2.25
2012.07.05 07:16:51.575,0.79634,0.79641,1.13,2.63
2012.07.05 07:16:52.275,0.79633,0.79639,2.63,1.88
2012.07.05 07:16:52.806,0.79632,0.79637,1.50,1.88
2012.07.05 07:16:53.362,0.79631,0.79637,2.25,1.13
2012.07.05 07:16:56.398,0.7963,0.79637,2.25,1.88
2012.07.05 07:16:56.953,0.79629,0.79636,3.00,1.50
2012.07.05 07:17:06.983,0.7963,0.79635,1.50,1.13
2012.07.05 07:17:13.303,0.79629,0.79637,4.50,1.88
2012.07.05 07:17:13.669,0.79633,0.79639,1.50,2.63
2012.07.05 07:17:14.222,0.79631,0.79638,1.88,1.88
2012.07.05 07:17:17.325,0.7963,0.79638,7.88,1.88
2012.07.05 07:17:17.396,0.7963,0.79637,4.88,1.50
2012.07.05 07:17:20.404,0.79631,0.79638,3.00,1.88
2012.07.05 07:17:20.958,0.79631,0.79638,3.00,1.13
2012.07.05 07:17:21.292,0.79632,0.79636,1.50,1.13
2012.07.05 07:17:24.663,0.79631,0.79636,2.25,1.13
2012.07.05 07:17:25.875,0.79631,0.79636,2.25,1.13
2012.07.05 07:17:29.244,0.79631,0.79636,1.50,1.13
2012.07.05 07:17:43.095,0.7963,0.79638,3.38,3.38
2012.07.05 07:17:44.835,0.7963,0.79638,3.38,1.88
2012.07.05 07:17:45.645,0.7963,0.79637,2.63,1.50
2012.07.05 07:17:50.307,0.7963,0.79637,2.25,1.50
2012.07.05 07:17:50.852,0.7963,0.79638,2.25,2.63
2012.07.05 07:18:03.144,0.79631,0.79637,1.50,1.50
2012.07.05 07:18:04.015,0.7963,0.79637,3.75,1.50
2012.07.05 07:18:08.195,0.79633,0.79638,1.07,1.88
2012.07.05 07:18:08.545,0.79637,0.79643,1.13,1.88
2012.07.05 07:18:08.686,0.79638,0.79644,1.88,1.50
2012.07.05 07:18:09.244,0.79637,0.79645,1.88,2.63
2012.07.05 07:18:11.994,0.79636,0.79643,1.88,2.25
2012.07.05 07:18:15.374,0.79634,0.79642,1.88,4.13
2012.07.05 07:18:17.315,0.79634,0.79641,1.13,2.25
2012.07.05 07:18:18.754,0.79634,0.79641,1.88,1.50
2012.07.05 07:18:18.895,0.79638,0.79645,1.50,1.13
2012.07.05 07:18:19.999,0.79638,0.79645,1.50,1.13
2012.07.05 07:18:20.079,0.7964,0.79647,1.88,1.88
2012.07.05 07:18:20.565,0.79643,0.7965,4.13,2.63
2012.07.05 07:18:21.094,0.79643,0.79649,2.63,1.13
2012.07.05 07:18:25.059,0.79642,0.79648,1.88,1.13
2012.07.05 07:18:25.406,0.79641,0.79648,1.50,1.13
2012.07.05 07:18:26.010,0.7964,0.79648,3.38,1.88
2012.07.05 07:18:26.965,0.7964,0.79648,3.38,1.13
2012.07.05 07:18:27.374,0.79643,0.79649,1.13,4.13
2012.07.05 07:18:28.057,0.79642,0.79649,1.50,2.63
2012.07.05 07:18:31.726,0.79642,0.7965,3.38,2.48
2012.07.05 07:18:32.544,0.79643,0.79651,1.88,3.38
2012.07.05 07:18:33.464,0.79643,0.79651,2.63,3.38
2012.07.05 07:18:34.003,0.79643,0.79651,2.63,3.38
2012.07.05 07:18:34.644,0.79643,0.79651,3.38,2.63
2012.07.05 07:18:35.197,0.79644,0.79651,1.50,2.63
2012.07.05 07:18:35.477,0.79643,0.79651,3.38,2.63
2012.07.05 07:18:36.378,0.79643,0.79651,2.63,2.63
2012.07.05 07:18:37.022,0.79643,0.79651,2.63,2.63
2012.07.05 07:18:38.308,0.79643,0.79651,2.63,2.63
2012.07.05 07:18:38.876,0.79643,0.7965,2.63,1.50
2012.07.05 07:18:39.414,0.79643,0.7965,2.63,1.50
2012.07.05 07:18:40.877,0.79645,0.7965,1.13,1.50
2012.07.05 07:18:41.223,0.79645,0.79651,1.13,1.88
2012.07.05 07:18:49.135,0.79645,0.79651,1.13,3.38
2012.07.05 07:18:55.502,0.79645,0.79651,1.88,2.63
2012.07.05 07:18:56.164,0.79645,0.79651,1.88,2.63
2012.07.05 07:18:56.848,0.79645,0.79651,1.88,2.63
2012.07.05 07:18:59.647,0.79646,0.79652,2.63,1.50
2012.07.05 07:19:03.065,0.79645,0.79652,3.38,1.50
2012.07.05 07:19:03.706,0.79645,0.79651,1.88,1.50
2012.07.05 07:19:05.972,0.79646,0.79651,1.13,1.50
2012.07.05 07:19:06.396,0.79646,0.79652,1.13,1.88
2012.07.05 07:19:07.795,0.79646,0.79652,1.13,2.63
2012.07.05 07:19:13.706,0.79646,0.79652,1.13,1.88
2012.07.05 07:19:15.965,0.79646,0.79652,1.13,2.63
2012.07.05 07:19:28.777,0.79646,0.79653,1.13,1.50
2012.07.05 07:19:28.846,0.79646,0.79654,1.88,5.25
2012.07.05 07:19:28.916,0.79646,0.79653,1.88,1.50
2012.07.05 07:19:29.459,0.79645,0.79653,2.63,3.98
2012.07.05 07:19:29.606,0.79645,0.79653,2.63,3.23
2012.07.05 07:19:30.245,0.79645,0.79653,3.38,3.23
2012.07.05 07:19:30.595,0.79645,0.79652,1.88,2.10
2012.07.05 07:19:31.190,0.79645,0.79653,2.63,3.98
2012.07.05 07:19:33.695,0.79645,0.79652,2.63,1.35
2012.07.05 07:19:34.577,0.79645,0.79653,2.63,4.73
2012.07.05 07:19:34.789,0.79645,0.79651,1.88,1.50
2012.07.05 07:19:36.248,0.79645,0.79652,1.88,2.85
2012.07.05 07:19:36.815,0.79644,0.79649,1.50,1.13
2012.07.05 07:19:37.343,0.79644,0.7965,1.88,1.13
2012.07.05 07:19:37.715,0.79642,0.79647,3.00,1.13
2012.07.05 07:19:37.999,0.79641,0.79647,1.50,1.88
2012.07.05 07:19:38.426,0.79645,0.7965,1.13,1.50
2012.07.05 07:19:38.852,0.79645,0.79651,1.13,3.38
2012.07.05 07:19:40.496,0.79644,0.79651,2.63,1.50
2012.07.05 07:19:40.775,0.79642,0.79648,3.38,1.13
2012.07.05 07:19:43.397,0.79643,0.7965,1.88,1.13
2012.07.05 07:19:43.885,0.79643,0.79651,3.38,3.38
2012.07.05 07:19:45.495,0.79643,0.79649,3.38,1.13
2012.07.05 07:19:46.064,0.79643,0.79649,3.38,1.13
2012.07.05 07:19:46.950,0.79643,0.79649,2.63,1.13
2012.07.05 07:19:49.184,0.79643,0.79648,1.50,1.13
2012.07.05 07:19:49.536,0.79643,0.7965,1.50,1.13
2012.07.05 07:19:49.747,0.79643,0.79651,3.38,2.63
2012.07.05 07:19:50.297,0.79645,0.79651,1.50,1.50
2012.07.05 07:19:51.174,0.79644,0.7965,1.88,1.13
2012.07.05 07:19:51.471,0.79642,0.79649,1.88,1.50
2012.07.05 07:19:52.034,0.79644,0.7965,1.88,2.25
2012.07.05 07:19:55.322,0.79644,0.79651,2.63,1.50
2012.07.05 07:19:55.539,0.79642,0.7965,3.00,2.63
2012.07.05 07:19:56.366,0.79642,0.79648,1.88,1.22
2012.07.05 07:19:56.719,0.79638,0.79642,1.88,1.13
2012.07.05 07:19:57.082,0.79634,0.79638,3.89,1.50
2012.07.05 07:19:57.644,0.79632,0.79639,1.88,1.50
2012.07.05 07:19:58.487,0.79634,0.7964,3.38,2.25
2012.07.05 07:19:59.620,0.79634,0.7964,1.13,2.25
2012.07.05 07:20:00.681,0.79635,0.79641,1.13,4.13
2012.07.05 07:20:00.758,0.79635,0.79641,1.13,3.38
2012.07.05 07:20:01.468,0.79635,0.79641,1.88,3.38
2012.07.05 07:20:02.308,0.79635,0.79641,1.88,4.13
2012.07.05 07:20:02.809,0.79634,0.79639,1.13,1.50
2012.07.05 07:20:03.374,0.79633,0.79639,1.88,3.38
2012.07.05 07:20:03.877,0.79633,0.79639,1.13,3.38
2012.07.05 07:20:04.889,0.79631,0.79638,1.13,1.50
2012.07.05 07:20:05.925,0.79631,0.79639,2.63,2.63
2012.07.05 07:20:08.084,0.79631,0.79639,1.13,3.38
2012.07.05 07:20:11.229,0.79634,0.79638,1.13,1.50
2012.07.05 07:20:11.798,0.79635,0.7964,1.13,1.88
2012.07.05 07:20:11.880,0.79633,0.7964,1.13,1.88
2012.07.05 07:20:11.958,0.79635,0.7964,1.13,1.13
2012.07.05 07:20:15.456,0.79632,0.79638,2.25,2.25
2012.07.05 07:20:15.597,0.79631,0.79637,2.25,3.38
2012.07.05 07:20:17.300,0.79629,0.79636,3.38,1.13
2012.07.05 07:20:17.835,0.7963,0.79636,1.88,1.88
2012.07.05 07:20:19.315,0.7963,0.79636,1.13,2.63
2012.07.05 07:20:21.326,0.79629,0.79634,1.13,1.88
2012.07.05 07:20:21.681,0.79624,0.7963,2.63,1.13
2012.07.05 07:20:21.831,0.79623,0.79629,2.63,2.63
2012.07.05 07:20:21.907,0.79623,0.79629,1.88,4.13
2012.07.05 07:20:22.047,0.79623,0.79629,1.88,5.25
2012.07.05 07:20:22.404,0.79621,0.79627,1.50,1.50
2012.07.05 07:20:22.701,0.79615,0.79621,1.50,3.60
2012.07.05 07:20:22.779,0.79611,0.79617,2.25,1.13
2012.07.05 07:20:22.996,0.79609,0.79616,2.25,1.88
2012.07.05 07:20:24.399,0.79608,0.79613,2.63,1.13
2012.07.05 07:20:24.965,0.79608,0.79614,3.00,1.13
2012.07.05 07:20:25.405,0.79605,0.79613,3.38,2.63
2012.07.05 07:20:25.748,0.79606,0.79613,1.50,1.88
2012.07.05 07:20:29.560,0.79605,0.79613,3.38,5.55
2012.07.05 07:20:30.126,0.79604,0.79612,2.63,3.38
2012.07.05 07:20:30.694,0.79604,0.79612,2.63,4.13
2012.07.05 07:20:31.404,0.79604,0.79612,2.63,4.13
2012.07.05 07:20:31.908,0.79604,0.79611,2.63,3.00
2012.07.05 07:20:32.623,0.79602,0.79608,2.63,1.88
2012.07.05 07:20:33.191,0.79601,0.79607,1.13,1.88
2012.07.05 07:20:34.376,0.79599,0.79605,3.83,1.13
2012.07.05 07:20:34.940,0.79599,0.79605,2.25,1.88
2012.07.05 07:20:36.419,0.79599,0.79605,2.25,1.88
2012.07.05 07:20:36.774,0.79598,0.79603,1.50,1.13
2012.07.05 07:20:37.407,0.79597,0.79603,1.50,2.63
2012.07.05 07:20:37.626,0.79595,0.79601,1.13,2.63
2012.07.05 07:20:37.906,0.79595,0.79603,2.63,3.38
2012.07.05 07:20:38.379,0.79595,0.79601,1.13,1.50
2012.07.05 07:20:38.946,0.79593,0.796,1.50,1.13
2012.07.05 07:20:39.756,0.79593,0.79598,3.00,1.13
2012.07.05 07:20:40.109,0.7959,0.79596,3.00,1.80
2012.07.05 07:20:40.467,0.79589,0.79595,1.50,1.80
2012.07.05 07:20:40.887,0.79585,0.79592,1.88,1.80
2012.07.05 07:20:41.036,0.7958,0.79585,1.50,3.00
2012.07.05 07:20:41.317,0.7958,0.79586,2.25,1.43
2012.07.05 07:20:41.468,0.79583,0.79588,1.13,2.93
2012.07.05 07:20:41.545,0.79578,0.79586,4.13,4.05
2012.07.05 07:20:41.898,0.79576,0.79583,1.50,3.30
2012.07.05 07:20:42.117,0.79573,0.7958,5.25,3.30
2012.07.05 07:20:42.256,0.79571,0.79579,3.60,2.48
2012.07.05 07:20:42.326,0.79571,0.79578,2.85,2.18
2012.07.05 07:20:42.896,0.79572,0.79578,1.50,3.23
2012.07.05 07:20:43.258,0.79569,0.79575,2.63,2.48
2012.07.05 07:20:43.407,0.79569,0.79576,2.63,1.43
2012.07.05 07:20:43.955,0.79569,0.79577,2.63,2.55
2012.07.05 07:20:44.727,0.79569,0.79577,2.63,3.38
2012.07.05 07:20:45.289,0.79569,0.79576,2.63,1.50
2012.07.05 07:20:45.371,0.79569,0.79577,2.63,2.63
2012.07.05 07:20:46.153,0.79571,0.79577,1.88,1.50
2012.07.05 07:20:46.449,0.79572,0.79579,1.13,1.50
2012.07.05 07:20:47.016,0.79572,0.79579,1.13,3.75
2012.07.05 07:20:47.156,0.79572,0.79579,1.88,3.75
2012.07.05 07:20:47.365,0.79571,0.79579,3.38,4.88
2012.07.05 07:20:47.434,0.79571,0.79578,3.38,1.50
2012.07.05 07:20:47.884,0.79571,0.79579,4.13,4.88
2012.07.05 07:20:48.426,0.79571,0.79578,2.25,1.13
2012.07.05 07:20:49.974,0.79573,0.79578,1.13,1.50
2012.07.05 07:20:50.554,0.79572,0.79578,1.88,1.88
2012.07.05 07:20:50.767,0.79572,0.79578,1.13,1.88
2012.07.05 07:20:51.117,0.79574,0.79579,1.88,2.25
2012.07.05 07:20:51.482,0.79582,0.79586,1.13,5.85
2012.07.05 07:20:51.559,0.79582,0.79586,1.13,5.85
2012.07.05 07:20:51.932,0.79581,0.79585,1.35,2.25
2012.07.05 07:20:52.216,0.79577,0.79585,1.88,2.63
2012.07.05 07:20:52.709,0.79575,0.79584,1.88,1.50
2012.07.05 07:20:53.093,0.79573,0.79579,1.50,1.13
2012.07.05 07:20:53.174,0.79572,0.7958,1.13,2.63
2012.07.05 07:20:53.387,0.7957,0.79578,1.13,2.25
2012.07.05 07:20:53.457,0.79569,0.79578,3.38,2.25
2012.07.05 07:20:53.595,0.7957,0.79578,1.50,2.25
2012.07.05 07:20:53.736,0.79569,0.79578,5.63,2.25
2012.07.05 07:20:53.946,0.79572,0.79578,1.13,2.25
2012.07.05 07:20:54.508,0.79572,0.79579,1.88,2.63
2012.07.05 07:20:55.017,0.79569,0.79578,3.38,1.50
2012.07.05 07:20:55.228,0.79568,0.79577,1.50,3.00
2012.07.05 07:20:55.776,0.79567,0.79575,1.88,3.75
2012.07.05 07:20:56.421,0.79564,0.7957,1.13,3.75
2012.07.05 07:20:56.987,0.79563,0.7957,2.63,1.13
2012.07.05 07:20:57.549,0.79563,0.79569,1.13,1.88
2012.07.05 07:20:58.086,0.79563,0.79569,1.88,2.63
2012.07.05 07:20:58.645,0.79563,0.79568,1.13,1.50
2012.07.05 07:21:00.184,0.79563,0.7957,1.13,3.75
2012.07.05 07:21:00.737,0.79563,0.79569,1.13,3.00
2012.07.05 07:21:02.045,0.79565,0.7957,1.13,1.13
2012.07.05 07:21:02.596,0.79565,0.79571,1.13,3.38
2012.07.05 07:21:03.154,0.79562,0.79566,1.13,1.13
2012.07.05 07:21:03.234,0.79559,0.79564,2.25,1.13
2012.07.05 07:21:03.736,0.79558,0.79567,3.75,3.00
2012.07.05 07:21:03.874,0.7956,0.79567,1.50,1.50
2012.07.05 07:21:04.507,0.79561,0.79569,2.25,3.38
2012.07.05 07:21:04.716,0.79561,0.7957,2.25,5.63
2012.07.05 07:21:04.998,0.79561,0.7957,1.50,6.38
2012.07.05 07:21:05.355,0.79559,0.79567,4.13,1.50
2012.07.05 07:21:05.863,0.79561,0.79567,1.13,4.13
2012.07.05 07:21:06.676,0.79561,0.79567,1.13,3.38
2012.07.05 07:21:07.546,0.79562,0.79568,1.13,2.25
2012.07.05 07:21:08.156,0.79564,0.7957,1.13,4.13
2012.07.05 07:21:08.237,0.79564,0.7957,1.13,4.13
2012.07.05 07:21:08.783,0.79564,0.7957,1.88,2.63
2012.07.05 07:21:09.205,0.79565,0.79571,1.88,1.13
2012.07.05 07:21:09.287,0.79565,0.79571,1.13,1.13
2012.07.05 07:21:09.849,0.79564,0.7957,1.13,1.88
2012.07.05 07:21:10.208,0.79564,0.79569,1.13,2.25
2012.07.05 07:21:10.428,0.79561,0.79568,1.13,1.50
2012.07.05 07:21:11.002,0.7956,0.79568,2.63,4.13
2012.07.05 07:21:11.507,0.79561,0.79568,1.13,3.00
2012.07.05 07:21:13.185,0.79561,0.79567,1.13,1.13
2012.07.05 07:21:13.326,0.79563,0.79569,1.13,9.00
2012.07.05 07:21:13.397,0.79561,0.79568,1.13,1.50
2012.07.05 07:21:14.166,0.79559,0.79566,1.88,1.88
2012.07.05 07:21:14.935,0.79559,0.79566,2.63,1.88
2012.07.05 07:21:15.845,0.79559,0.79567,3.00,2.25
2012.07.05 07:21:16.424,0.79559,0.79567,5.25,1.50
2012.07.05 07:21:17.614,0.7956,0.79567,1.50,2.25
2012.07.05 07:21:18.176,0.79561,0.79569,2.63,4.88
2012.07.05 07:21:18.726,0.79561,0.79567,1.88,1.13
2012.07.05 07:21:22.207,0.79562,0.79567,1.50,1.13
2012.07.05 07:21:22.777,0.79562,0.79567,1.50,1.13
2012.07.05 07:21:23.595,0.79561,0.79565,1.50,1.13
2012.07.05 07:21:23.934,0.79561,0.79568,1.50,1.50
2012.07.05 07:21:24.238,0.79563,0.79568,2.25,1.13
2012.07.05 07:21:24.450,0.79564,0.79569,1.50,1.13
2012.07.05 07:21:25.417,0.79566,0.79572,2.63,3.00
2012.07.05 07:21:25.999,0.79566,0.79572,3.38,1.50
2012.07.05 07:21:26.216,0.79566,0.79572,3.38,1.50
2012.07.05 07:21:26.767,0.79566,0.79572,3.38,1.13
2012.07.05 07:21:27.316,0.79566,0.79572,2.63,1.13
2012.07.05 07:21:27.877,0.79567,0.79574,1.50,1.88
2012.07.05 07:21:28.085,0.79567,0.79574,1.50,1.88
2012.07.05 07:21:28.368,0.79565,0.79573,3.38,1.88
2012.07.05 07:21:28.899,0.79565,0.79573,1.88,8.63
2012.07.05 07:21:29.116,0.79566,0.79573,3.38,3.38
2012.07.05 07:21:29.676,0.79566,0.79573,3.38,3.00
2012.07.05 07:21:30.094,0.79566,0.79573,1.88,4.13
2012.07.05 07:21:30.426,0.79566,0.79573,1.50,4.88
2012.07.05 07:21:30.845,0.79565,0.79572,3.38,1.13
2012.07.05 07:21:31.405,0.79565,0.79572,4.13,1.13
2012.07.05 07:21:32.148,0.79565,0.79573,4.13,5.63
2012.07.05 07:21:32.625,0.79565,0.79571,3.38,1.50
2012.07.05 07:21:33.118,0.79565,0.7957,1.13,1.88
2012.07.05 07:21:33.258,0.79567,0.79571,1.88,1.50
2012.07.05 07:21:33.327,0.79567,0.79572,1.88,9.24
2012.07.05 07:21:33.406,0.79567,0.79572,1.88,3.99
2012.07.05 07:21:33.479,0.79564,0.7957,4.13,1.13
2012.07.05 07:21:34.036,0.79564,0.7957,2.63,1.88
2012.07.05 07:21:34.541,0.79565,0.7957,2.39,1.13
2012.07.05 07:21:35.093,0.79566,0.79572,2.25,2.25
2012.07.05 07:21:35.718,0.79568,0.79573,1.88,3.38
2012.07.05 07:21:36.287,0.79567,0.79573,2.63,2.63
2012.07.05 07:21:37.277,0.79567,0.79573,1.88,3.38
2012.07.05 07:21:38.118,0.79567,0.79573,1.13,1.88
2012.07.05 07:21:38.860,0.79566,0.79572,1.88,1.13
2012.07.05 07:21:39.564,0.79566,0.79572,1.13,1.88
2012.07.05 07:21:40.065,0.79566,0.79572,1.88,2.25
2012.07.05 07:21:40.416,0.79564,0.7957,1.88,1.13
2012.07.05 07:21:40.756,0.79568,0.79572,1.13,5.25
2012.07.05 07:21:40.966,0.79569,0.79575,2.63,2.33
2012.07.05 07:21:41.307,0.79569,0.79577,3.38,1.13
2012.07.05 07:21:41.795,0.79572,0.79578,1.13,1.88
2012.07.05 07:21:42.888,0.79573,0.79579,1.13,1.88
2012.07.05 07:21:44.027,0.79573,0.7958,1.13,1.13
2012.07.05 07:21:46.294,0.79572,0.7958,1.88,2.25
2012.07.05 07:21:46.768,0.79572,0.79578,1.13,1.13
2012.07.05 07:21:47.275,0.79571,0.79577,2.63,1.13
2012.07.05 07:21:47.626,0.7957,0.79576,1.13,1.88
2012.07.05 07:21:48.164,0.7957,0.79576,1.13,1.13
2012.07.05 07:21:48.586,0.79568,0.79574,2.25,1.13
2012.07.05 07:21:50.529,0.79568,0.79573,1.50,1.13
2012.07.05 07:21:51.077,0.79567,0.79575,1.88,3.38
2012.07.05 07:21:51.436,0.79565,0.79572,1.50,1.88
2012.07.05 07:21:51.779,0.79568,0.79574,1.88,1.88
2012.07.05 07:21:52.136,0.79572,0.79577,1.13,1.50
2012.07.05 07:21:52.348,0.79572,0.79578,1.13,1.50
2012.07.05 07:21:52.916,0.79573,0.79579,1.88,3.00
2012.07.05 07:21:53.454,0.79573,0.79579,1.88,3.00
2012.07.05 07:21:56.774,0.79573,0.79579,1.13,2.63
2012.07.05 07:21:58.855,0.79571,0.79579,2.63,2.63
2012.07.05 07:21:59.415,0.79571,0.79578,1.50,1.13
2012.07.05 07:21:59.489,0.7957,0.79578,4.13,1.88
2012.07.05 07:21:59.695,0.79571,0.79578,1.50,1.13
2012.07.05 07:22:00.248,0.79571,0.79579,1.88,1.88
2012.07.05 07:22:02.190,0.79571,0.79579,2.63,2.63
2012.07.05 07:22:02.705,0.79571,0.79579,3.38,2.63
2012.07.05 07:22:04.076,0.79571,0.79579,3.38,2.63
2012.07.05 07:22:05.413,0.79571,0.79579,3.38,2.63
2012.07.05 07:22:05.990,0.79575,0.7958,1.50,1.50
2012.07.05 07:22:06.138,0.79577,0.79583,1.88,3.38
2012.07.05 07:22:06.640,0.79577,0.79583,1.88,3.00
2012.07.05 07:22:06.859,0.7958,0.79585,1.13,2.37
2012.07.05 07:22:07.216,0.79583,0.79589,1.13,2.85
2012.07.05 07:22:07.430,0.79581,0.79589,2.63,1.88
2012.07.05 07:22:07.861,0.79577,0.79583,2.63,1.13
2012.07.05 07:22:07.940,0.79577,0.79582,2.25,1.13
2012.07.05 07:22:08.089,0.79576,0.79582,1.13,1.13
2012.07.05 07:22:08.726,0.79575,0.79581,1.88,1.13
2012.07.05 07:22:09.178,0.79572,0.79576,1.50,1.13
2012.07.05 07:22:09.333,0.79572,0.79576,1.50,1.13
2012.07.05 07:22:09.617,0.79571,0.79578,1.50,1.88
2012.07.05 07:22:10.047,0.79574,0.7958,1.13,2.63
2012.07.05 07:22:10.130,0.79575,0.7958,1.13,1.50
2012.07.05 07:22:10.206,0.79575,0.79582,1.88,1.13
2012.07.05 07:22:10.346,0.79575,0.79581,1.13,3.00
2012.07.05 07:22:10.885,0.79575,0.79581,1.88,1.50
2012.07.05 07:22:11.868,0.79577,0.79583,1.50,1.50
2012.07.05 07:22:11.935,0.79577,0.79583,3.00,1.88
2012.07.05 07:22:12.470,0.79577,0.79583,1.50,1.88
2012.07.05 07:22:13.110,0.79577,0.79583,1.50,1.88
2012.07.05 07:22:13.745,0.79577,0.79583,1.50,1.88
2012.07.05 07:22:14.439,0.79577,0.79583,1.50,1.88
2012.07.05 07:22:15.009,0.79576,0.79583,3.38,1.88
2012.07.05 07:22:15.575,0.79577,0.79583,1.50,1.88
2012.07.05 07:22:16.007,0.79576,0.79583,1.50,3.00
2012.07.05 07:22:17.185,0.79577,0.79583,1.50,3.00
2012.07.05 07:22:17.746,0.79578,0.79584,2.25,1.13
2012.07.05 07:22:18.099,0.79583,0.79588,1.88,1.13
2012.07.05 07:22:18.456,0.79586,0.79593,2.25,1.13
2012.07.05 07:22:18.526,0.79586,0.79591,1.50,1.13
2012.07.05 07:22:21.448,0.79585,0.79591,1.88,1.88
2012.07.05 07:22:21.969,0.79585,0.79591,1.13,2.63
2012.07.05 07:22:22.977,0.79585,0.79591,2.63,1.88
2012.07.05 07:22:23.817,0.79585,0.79589,1.50,1.13
2012.07.05 07:22:24.180,0.7958,0.79586,3.00,1.88
2012.07.05 07:22:24.856,0.7958,0.79586,1.50,1.88
2012.07.05 07:22:25.067,0.79579,0.79586,3.00,1.88
2012.07.05 07:22:25.205,0.79579,0.79586,3.38,1.50
2012.07.05 07:22:27.154,0.7958,0.79587,1.50,2.63
2012.07.05 07:22:27.447,0.7958,0.79585,1.50,1.50
2012.07.05 07:22:27.794,0.79577,0.79584,1.50,4.13
2012.07.05 07:22:28.145,0.79579,0.79587,4.13,2.63
2012.07.05 07:22:28.609,0.7958,0.79587,1.50,1.88
2012.07.05 07:22:28.828,0.7958,0.79585,1.50,1.88
2012.07.05 07:22:29.598,0.7958,0.79585,2.25,1.88
2012.07.05 07:22:30.099,0.7958,0.79586,1.88,1.88
2012.07.05 07:22:30.635,0.79581,0.79588,2.25,2.63
2012.07.05 07:22:31.216,0.79581,0.79588,1.50,2.63
2012.07.05 07:22:31.763,0.79581,0.79588,2.25,2.63
2012.07.05 07:22:39.144,0.79581,0.79588,2.25,1.88
2012.07.05 07:22:41.184,0.79581,0.79588,2.25,1.88
2012.07.05 07:22:41.604,0.79581,0.79589,3.38,1.88
2012.07.05 07:22:41.814,0.79581,0.79589,4.13,1.88
2012.07.05 07:22:42.239,0.79582,0.79589,2.25,1.88
2012.07.05 07:22:42.776,0.79582,0.7959,2.25,1.13
2012.07.05 07:22:43.126,0.79583,0.79589,1.50,1.13
2012.07.05 07:22:43.653,0.79583,0.79589,2.25,2.25
2012.07.05 07:22:44.226,0.79583,0.79588,1.50,1.50
2012.07.05 07:22:44.556,0.79586,0.79592,3.38,1.50
2012.07.05 07:22:44.625,0.79586,0.79593,3.38,1.88
2012.07.05 07:22:44.980,0.79586,0.79592,3.00,1.50
2012.07.05 07:22:45.126,0.79587,0.79594,3.38,2.25
2012.07.05 07:22:45.196,0.79587,0.79594,2.63,1.50
2012.07.05 07:22:45.544,0.79587,0.79594,1.88,1.50
2012.07.05 07:22:45.687,0.79587,0.79594,2.63,1.50
2012.07.05 07:22:46.499,0.79587,0.79594,1.88,1.50
2012.07.05 07:22:47.068,0.79587,0.79594,2.63,1.50
2012.07.05 07:22:47.408,0.79587,0.79595,3.38,2.63
2012.07.05 07:22:47.757,0.79588,0.79593,1.13,1.50
2012.07.05 07:22:48.815,0.79587,0.79593,1.13,1.50
2012.07.05 07:22:49.095,0.79584,0.79591,1.13,1.50
2012.07.05 07:22:49.169,0.79582,0.7959,1.50,2.25
2012.07.05 07:22:49.528,0.79581,0.79588,1.88,3.00
2012.07.05 07:22:49.605,0.79581,0.79588,3.38,1.50
2012.07.05 07:22:50.156,0.79581,0.79588,1.88,2.25
2012.07.05 07:22:52.767,0.79581,0.79588,1.88,2.25
2012.07.05 07:22:53.057,0.7958,0.79588,2.63,5.63
2012.07.05 07:22:54.048,0.7958,0.79588,2.63,4.13
2012.07.05 07:22:55.105,0.7958,0.79588,1.88,4.88
2012.07.05 07:22:55.508,0.79579,0.79586,1.50,2.25
2012.07.05 07:22:56.182,0.79576,0.79583,2.63,1.50
2012.07.05 07:22:56.259,0.79575,0.79582,2.25,3.00
2012.07.05 07:22:56.616,0.79574,0.79581,1.50,1.50
2012.07.05 07:22:57.145,0.79574,0.79581,1.50,1.50
2012.07.05 07:22:57.694,0.79574,0.79582,2.25,1.13
2012.07.05 07:23:02.596,0.79575,0.79581,2.25,3.60
2012.07.05 07:23:02.740,0.79573,0.7958,1.13,2.63
2012.07.05 07:23:02.821,0.79572,0.79578,1.88,1.50
2012.07.05 07:23:03.114,0.79568,0.79576,2.63,2.25
2012.07.05 07:23:03.570,0.79568,0.79576,3.38,2.25
2012.07.05 07:23:03.653,0.7957,0.79576,1.50,1.50
2012.07.05 07:23:04.219,0.79569,0.79576,1.88,2.25
2012.07.05 07:23:04.506,0.79567,0.79575,4.13,2.63
2012.07.05 07:23:04.870,0.79566,0.79573,1.50,1.88
2012.07.05 07:23:05.436,0.79566,0.79573,2.25,3.00
2012.07.05 07:23:06.376,0.79566,0.79573,2.25,3.00
2012.07.05 07:23:07.183,0.79565,0.79573,2.63,3.75
2012.07.05 07:23:07.675,0.79566,0.79573,1.50,2.25
2012.07.05 07:23:07.957,0.79565,0.79572,3.38,1.50
2012.07.05 07:23:12.107,0.79565,0.79573,3.38,3.75
2012.07.05 07:23:12.470,0.79567,0.79574,2.63,1.50
2012.07.05 07:23:12.827,0.79569,0.79577,1.88,3.38
2012.07.05 07:23:15.570,0.79569,0.79577,4.88,1.88
2012.07.05 07:23:16.462,0.79569,0.79577,3.38,1.88
2012.07.05 07:23:17.279,0.79571,0.79577,1.13,1.88
2012.07.05 07:23:17.810,0.79571,0.79577,1.88,1.13
2012.07.05 07:23:18.374,0.79571,0.79577,1.88,1.88
2012.07.05 07:23:19.559,0.79569,0.79577,4.13,1.88
2012.07.05 07:23:19.918,0.79569,0.79575,3.38,1.13
2012.07.05 07:23:24.559,0.79567,0.79575,3.75,1.88
2012.07.05 07:23:26.249,0.79569,0.79575,1.13,1.88
2012.07.05 07:23:27.466,0.7957,0.79576,2.63,1.88
2012.07.05 07:23:28.145,0.7957,0.79575,1.50,1.13
2012.07.05 07:23:28.694,0.7957,0.79578,3.38,3.38
2012.07.05 07:23:29.375,0.79572,0.79578,1.13,3.38
2012.07.05 07:23:30.409,0.79574,0.79578,1.13,1.50
2012.07.05 07:23:30.766,0.79575,0.7958,1.13,1.13
2012.07.05 07:23:38.718,0.79574,0.7958,1.88,3.75
2012.07.05 07:23:39.276,0.79575,0.7958,1.13,3.38
2012.07.05 07:23:39.815,0.79575,0.7958,1.13,1.88
2012.07.05 07:23:42.565,0.79577,0.79582,1.13,1.50
2012.07.05 07:23:45.226,0.79576,0.79582,2.63,1.88
2012.07.05 07:23:45.776,0.79576,0.79583,1.13,1.50
2012.07.05 07:23:47.346,0.79576,0.79583,1.13,1.50
2012.07.05 07:23:47.674,0.79576,0.79583,1.13,2.25
2012.07.05 07:23:48.216,0.79576,0.79582,1.13,1.13
2012.07.05 07:23:49.986,0.79576,0.79582,1.13,2.25
2012.07.05 07:23:51.460,0.79576,0.79582,1.13,3.00
2012.07.05 07:23:51.553,0.79579,0.79587,1.88,3.38
2012.07.05 07:23:51.982,0.79579,0.79586,1.13,1.50
2012.07.05 07:23:52.268,0.79579,0.79584,1.13,1.50
2012.07.05 07:23:52.555,0.79581,0.79587,1.13,2.63
2012.07.05 07:23:53.119,0.79581,0.79587,1.13,2.25
2012.07.05 07:23:55.127,0.79582,0.79587,1.13,1.50
2012.07.05 07:23:55.697,0.79582,0.79588,1.88,2.63
2012.07.05 07:23:56.865,0.79582,0.79588,1.13,1.88
2012.07.05 07:24:06.947,0.79589,0.79593,1.13,2.12
2012.07.05 07:24:07.017,0.79586,0.79591,1.13,1.50
2012.07.05 07:24:07.160,0.79586,0.79592,1.13,3.38
2012.07.05 07:24:07.587,0.79582,0.79588,3.38,1.13
2012.07.05 07:24:07.726,0.79582,0.79588,1.88,1.13
2012.07.05 07:24:08.136,0.79583,0.7959,1.50,1.88
2012.07.05 07:24:08.276,0.79581,0.7959,3.38,1.88
2012.07.05 07:24:11.184,0.79581,0.7959,3.38,1.88
2012.07.05 07:24:13.905,0.79581,0.7959,3.38,1.88
2012.07.05 07:24:17.286,0.79581,0.7959,3.38,2.63
2012.07.05 07:24:18.273,0.79581,0.7959,3.38,1.88
2012.07.05 07:24:20.136,0.79582,0.7959,1.50,1.88
2012.07.05 07:24:20.208,0.79589,0.79593,1.13,1.50
2012.07.05 07:24:20.625,0.79594,0.79598,1.88,1.50
2012.07.05 07:24:20.702,0.79596,0.79601,1.13,1.50
2012.07.05 07:24:20.777,0.79598,0.79602,1.13,3.38
2012.07.05 07:24:20.920,0.79599,0.79605,1.13,2.63
2012.07.05 07:24:21.267,0.79599,0.79605,1.13,1.13
2012.07.05 07:24:24.046,0.79598,0.79604,2.63,1.13
2012.07.05 07:24:24.549,0.79599,0.79605,1.13,2.63
2012.07.05 07:24:26.186,0.79599,0.79605,1.88,4.13
2012.07.05 07:24:26.260,0.79596,0.79602,1.88,1.13
2012.07.05 07:24:26.337,0.79595,0.79601,1.13,1.50
2012.07.05 07:24:26.408,0.79594,0.79601,1.50,2.25
2012.07.05 07:24:26.615,0.79595,0.79602,1.50,2.25
2012.07.05 07:24:27.167,0.79596,0.79603,1.13,2.25
2012.07.05 07:24:27.980,0.79594,0.79602,3.38,1.88
2012.07.05 07:24:28.126,0.79593,0.79601,3.75,2.63
2012.07.05 07:24:28.688,0.79593,0.796,1.88,1.50
2012.07.05 07:24:30.596,0.79593,0.79599,1.88,1.13
2012.07.05 07:24:31.157,0.79593,0.796,1.88,1.50
2012.07.05 07:24:31.377,0.79593,0.79602,3.38,2.70
2012.07.05 07:24:33.015,0.79595,0.79603,2.63,2.25
2012.07.05 07:24:34.905,0.79596,0.79603,3.00,1.50
2012.07.05 07:24:34.977,0.79597,0.79604,3.38,1.50
2012.07.05 07:24:35.503,0.79598,0.79605,1.50,1.13
2012.07.05 07:24:37.480,0.79599,0.79605,1.13,1.13
2012.07.05 07:24:39.296,0.79598,0.79603,1.50,1.13
2012.07.05 07:24:39.645,0.79595,0.79601,2.63,1.50
2012.07.05 07:24:39.997,0.79598,0.79603,1.13,1.50
2012.07.05 07:24:40.275,0.79598,0.79604,2.63,1.13
2012.07.05 07:24:43.476,0.79597,0.79603,3.38,1.13
2012.07.05 07:24:44.014,0.79597,0.79603,3.38,1.88
2012.07.05 07:24:45.206,0.79595,0.79601,4.13,1.13
2012.07.05 07:24:45.276,0.79595,0.79601,2.63,1.13
2012.07.05 07:24:46.373,0.79594,0.79601,1.50,2.63
2012.07.05 07:24:48.813,0.79593,0.79599,4.13,1.13
2012.07.05 07:24:49.325,0.79592,0.79599,2.63,1.88
2012.07.05 07:24:49.853,0.79593,0.79599,1.50,1.88
2012.07.05 07:24:50.815,0.79593,0.79599,1.50,1.88
2012.07.05 07:24:52.756,0.79593,0.79599,1.50,1.88
2012.07.05 07:24:53.317,0.79593,0.796,2.25,1.88
2012.07.05 07:24:58.915,0.79591,0.79598,2.63,1.50
2012.07.05 07:24:59.464,0.79592,0.796,3.38,3.75
2012.07.05 07:25:00.163,0.79592,0.796,2.63,3.75
2012.07.05 07:25:00.519,0.79595,0.796,1.88,1.88
2012.07.05 07:25:00.598,0.79595,0.79601,1.88,2.25
2012.07.05 07:25:00.820,0.79596,0.79603,1.50,2.25
2012.07.05 07:25:01.373,0.79596,0.79603,2.25,1.50
2012.07.05 07:25:01.705,0.79596,0.79603,2.25,1.13
2012.07.05 07:25:02.245,0.79596,0.79603,1.50,1.13
2012.07.05 07:25:02.918,0.79597,0.79604,1.88,1.88
2012.07.05 07:25:03.487,0.79597,0.79604,3.38,1.13
2012.07.05 07:25:04.026,0.79597,0.79603,2.63,1.13
2012.07.05 07:25:04.617,0.79597,0.79603,3.00,1.13
2012.07.05 07:25:05.728,0.796,0.79605,1.50,1.50
2012.07.05 07:25:05.811,0.79602,0.79608,1.13,1.50
2012.07.05 07:25:06.296,0.79603,0.7961,3.38,1.50
2012.07.05 07:25:07.899,0.79603,0.7961,3.38,1.50
2012.07.05 07:25:09.387,0.79604,0.79611,2.25,2.63
2012.07.05 07:25:10.497,0.79604,0.79611,2.25,2.63
2012.07.05 07:25:11.025,0.79604,0.79611,1.50,1.88
2012.07.05 07:25:16.985,0.79605,0.79611,1.13,1.88
2012.07.05 07:25:19.495,0.79604,0.7961,2.63,1.88
2012.07.05 07:25:22.299,0.79603,0.79609,1.13,1.50
2012.07.05 07:25:22.445,0.79602,0.79608,1.13,1.50
2012.07.05 07:25:22.589,0.796,0.79606,1.13,2.63
2012.07.05 07:25:22.756,0.79598,0.79603,2.25,1.88
2012.07.05 07:25:23.333,0.79596,0.79604,3.38,2.63
2012.07.05 07:25:28.196,0.79595,0.79599,1.13,1.13
2012.07.05 07:25:28.410,0.79592,0.79597,1.50,1.13
2012.07.05 07:25:28.492,0.79589,0.79597,3.38,1.88
2012.07.05 07:25:28.570,0.79589,0.79595,3.00,1.13
2012.07.05 07:25:28.652,0.79589,0.79595,2.25,1.13
2012.07.05 07:25:30.485,0.79587,0.79595,2.63,1.13
2012.07.05 07:25:31.027,0.79587,0.79594,1.50,1.13
2012.07.05 07:25:31.356,0.79585,0.79589,1.50,1.13
2012.07.05 07:25:31.434,0.79583,0.79589,1.28,1.13
2012.07.05 07:25:31.507,0.79582,0.79587,2.33,1.13
2012.07.05 07:25:31.785,0.7958,0.79587,3.08,1.13
2012.07.05 07:25:31.856,0.7958,0.79587,1.50,1.88
2012.07.05 07:25:32.384,0.79579,0.79587,2.25,1.88
2012.07.05 07:25:35.206,0.79579,0.79585,1.88,1.13
2012.07.05 07:25:37.294,0.7958,0.79586,1.88,1.13
2012.07.05 07:25:37.715,0.7958,0.79588,1.13,3.38
2012.07.05 07:25:38.886,0.79581,0.79588,2.25,1.13
2012.07.05 07:25:39.095,0.79582,0.7959,1.88,2.63
2012.07.05 07:25:39.238,0.79583,0.7959,1.50,1.88
2012.07.05 07:25:39.878,0.79583,0.7959,1.50,1.88
2012.07.05 07:25:42.623,0.79583,0.79591,3.00,2.63
2012.07.05 07:25:42.967,0.79585,0.79591,1.13,1.13
2012.07.05 07:25:43.706,0.79587,0.79593,1.13,1.13
2012.07.05 07:25:44.199,0.79589,0.79597,1.88,4.50
2012.07.05 07:25:44.558,0.79592,0.79597,1.13,2.63
2012.07.05 07:25:44.705,0.79593,0.79599,1.88,1.88
2012.07.05 07:25:49.268,0.79591,0.79596,1.50,1.13
2012.07.05 07:25:54.206,0.79591,0.79597,1.88,1.88
2012.07.05 07:25:57.530,0.79591,0.79599,3.38,1.88
2012.07.05 07:26:01.205,0.79594,0.796,1.13,3.38
2012.07.05 07:26:02.318,0.79594,0.796,1.13,3.38
2012.07.05 07:26:04.875,0.79597,0.79601,1.13,1.50
2012.07.05 07:26:05.157,0.79598,0.79603,1.13,2.25
2012.07.05 07:26:05.718,0.79598,0.79604,3.38,1.13
2012.07.05 07:26:08.386,0.79599,0.79605,1.88,1.13
2012.07.05 07:26:09.577,0.79599,0.79607,2.63,1.88
2012.07.05 07:26:10.125,0.79601,0.79607,1.13,1.13
2012.07.05 07:26:11.368,0.796,0.79606,1.88,1.13
2012.07.05 07:26:12.247,0.79599,0.79605,2.63,1.13
2012.07.05 07:26:12.709,0.79598,0.79604,2.63,2.63
2012.07.05 07:26:13.513,0.79596,0.79603,1.88,1.50
2012.07.05 07:26:13.997,0.79594,0.79602,2.63,1.88
2012.07.05 07:26:14.139,0.79593,0.79599,1.88,1.13
2012.07.05 07:26:14.497,0.79589,0.79595,1.13,1.88
2012.07.05 07:26:14.705,0.79586,0.79594,3.00,3.38
2012.07.05 07:26:15.035,0.79586,0.79592,1.88,2.63
2012.07.05 07:26:16.568,0.79586,0.79592,1.88,1.88
2012.07.05 07:26:18.643,0.79587,0.79593,1.13,1.88
2012.07.05 07:26:19.156,0.79587,0.79593,1.13,2.63
2012.07.05 07:26:21.558,0.79587,0.79592,1.13,1.50
2012.07.05 07:26:22.097,0.79587,0.79592,1.13,1.50
2012.07.05 07:26:23.335,0.79586,0.79591,1.88,1.50
2012.07.05 07:26:24.428,0.79584,0.79591,1.88,1.50
2012.07.05 07:26:24.957,0.79584,0.79591,1.88,2.25
2012.07.05 07:26:25.237,0.79583,0.79589,1.88,1.88
2012.07.05 07:26:28.715,0.79582,0.79589,1.88,1.13
2012.07.05 07:26:28.994,0.7958,0.79588,7.50,1.13
2012.07.05 07:26:29.548,0.7958,0.79588,3.00,1.13
2012.07.05 07:26:32.502,0.7958,0.79589,5.25,1.88
2012.07.05 07:26:33.445,0.79582,0.79589,1.50,1.50
2012.07.05 07:26:38.387,0.7958,0.79589,3.38,3.75
2012.07.05 07:26:38.954,0.7958,0.79589,3.38,3.38
2012.07.05 07:26:50.516,0.79583,0.79591,2.25,1.50
2012.07.05 07:26:51.416,0.79583,0.79591,1.50,1.50
2012.07.05 07:26:52.082,0.79582,0.7959,2.63,1.88
2012.07.05 07:26:52.367,0.7958,0.79588,1.88,3.38
2012.07.05 07:26:57.294,0.79579,0.79588,3.00,2.63
2012.07.05 07:26:58.297,0.7958,0.79588,3.70,1.50
2012.07.05 07:26:58.645,0.79583,0.79592,3.75,2.25
2012.07.05 07:26:58.920,0.79583,0.7959,1.50,1.88
2012.07.05 07:27:00.479,0.79583,0.79591,3.38,3.38
2012.07.05 07:27:18.025,0.79583,0.79592,3.00,5.63
2012.07.05 07:27:18.226,0.79583,0.79592,2.25,5.63
2012.07.05 07:27:18.758,0.79583,0.7959,2.25,1.13
2012.07.05 07:27:19.275,0.79583,0.7959,2.25,1.88
2012.07.05 07:27:27.585,0.79582,0.7959,2.25,1.88
2012.07.05 07:27:28.154,0.79582,0.79591,3.00,1.88
2012.07.05 07:27:29.738,0.79583,0.79591,1.50,1.88
2012.07.05 07:27:30.287,0.79584,0.79591,1.50,1.13
2012.07.05 07:27:40.146,0.79583,0.79591,3.00,1.88
2012.07.05 07:27:42.557,0.79584,0.79591,1.50,1.88
2012.07.05 07:27:42.852,0.79585,0.79592,2.63,3.38
2012.07.05 07:27:43.210,0.79592,0.79597,1.88,1.50
2012.07.05 07:27:43.291,0.79593,0.79598,1.50,1.50
2012.07.05 07:27:43.369,0.79593,0.79599,2.25,1.50
2012.07.05 07:27:43.449,0.79596,0.79601,1.88,2.63
2012.07.05 07:27:44.161,0.79596,0.79604,2.63,2.63
2012.07.05 07:27:44.698,0.79596,0.79604,2.63,1.13
2012.07.05 07:27:45.254,0.79596,0.79605,1.50,1.88
2012.07.05 07:27:45.810,0.79595,0.79605,7.13,2.63
2012.07.05 07:27:46.364,0.79595,0.79605,7.13,2.63
2012.07.05 07:27:46.897,0.79595,0.79605,6.38,2.63
2012.07.05 07:27:48.841,0.79595,0.79602,1.88,1.13
2012.07.05 07:27:49.199,0.79592,0.79599,6.00,1.13
2012.07.05 07:27:49.733,0.79591,0.79599,1.50,1.13
2012.07.05 07:27:49.805,0.7959,0.79599,4.50,1.88
2012.07.05 07:27:50.666,0.7959,0.79599,3.38,1.13
2012.07.05 07:27:51.231,0.7959,0.79598,1.88,1.13
2012.07.05 07:27:51.786,0.7959,0.79598,1.88,1.13
2012.07.05 07:27:55.292,0.7959,0.79598,1.13,1.13
2012.07.05 07:27:56.497,0.7959,0.79598,1.88,1.13
2012.07.05 07:27:58.317,0.7959,0.79598,1.13,1.13
2012.07.05 07:27:59.007,0.79589,0.79598,3.00,1.13
2012.07.05 07:28:00.271,0.79589,0.79598,3.00,2.63
2012.07.05 07:28:00.839,0.79589,0.79599,4.50,3.38
2012.07.05 07:28:01.356,0.79591,0.79599,2.25,3.38
2012.07.05 07:28:02.586,0.79591,0.79599,1.50,2.63
2012.07.05 07:28:02.657,0.79592,0.796,1.50,2.25
2012.07.05 07:28:02.937,0.79593,0.79601,2.25,3.75
2012.07.05 07:28:03.290,0.79595,0.79602,2.25,1.88
2012.07.05 07:28:03.844,0.79595,0.79602,1.50,1.13
2012.07.05 07:28:05.306,0.79595,0.796,1.50,1.13
2012.07.05 07:28:05.450,0.79595,0.796,1.50,1.13
2012.07.05 07:28:05.740,0.79592,0.79599,4.88,1.88
2012.07.05 07:28:06.027,0.79593,0.79599,1.13,1.88
2012.07.05 07:28:06.595,0.79592,0.79599,1.88,1.88
2012.07.05 07:28:06.806,0.79593,0.796,1.50,1.50
2012.07.05 07:28:07.156,0.79593,0.79601,2.25,4.13
2012.07.05 07:28:08.151,0.79593,0.79599,1.50,1.13
2012.07.05 07:28:11.139,0.79593,0.79598,1.13,1.13
2012.07.05 07:28:11.415,0.79592,0.79598,1.88,1.13
2012.07.05 07:28:13.194,0.79592,0.79598,2.63,1.13
2012.07.05 07:28:13.335,0.79592,0.796,2.63,3.38
2012.07.05 07:28:15.153,0.79592,0.796,3.38,2.63
2012.07.05 07:28:17.422,0.79594,0.79601,1.50,1.88
2012.07.05 07:28:20.696,0.79593,0.79599,2.25,1.13
2012.07.05 07:28:22.017,0.79594,0.79602,1.88,4.13
2012.07.05 07:28:23.636,0.79596,0.79602,1.13,4.88
2012.07.05 07:28:24.153,0.79596,0.79602,1.13,4.13
2012.07.05 07:28:27.288,0.79596,0.79602,1.88,2.25
2012.07.05 07:28:33.807,0.79596,0.79603,1.88,2.25
2012.07.05 07:28:34.724,0.79596,0.79603,1.88,3.00
2012.07.05 07:28:35.836,0.79597,0.79603,1.88,1.13
2012.07.05 07:28:38.237,0.79597,0.79605,3.38,2.25
2012.07.05 07:28:38.586,0.79598,0.79606,3.38,2.63
2012.07.05 07:28:39.146,0.79599,0.79607,2.63,2.63
2012.07.05 07:28:42.274,0.79599,0.79607,1.88,2.63
2012.07.05 07:28:44.715,0.79599,0.79607,1.88,2.63
2012.07.05 07:28:45.785,0.79599,0.79607,1.88,2.63
2012.07.05 07:28:46.294,0.79599,0.79607,1.88,2.63
2012.07.05 07:28:47.713,0.79599,0.79607,1.88,2.63
2012.07.05 07:28:48.392,0.79599,0.79606,1.88,1.50
2012.07.05 07:28:57.224,0.79599,0.79607,1.88,2.63
2012.07.05 07:29:02.863,0.79599,0.79607,1.88,2.63
2012.07.05 07:29:03.415,0.79599,0.79607,1.13,3.38
2012.07.05 07:29:10.876,0.79599,0.79607,2.63,2.63
2012.07.05 07:29:11.436,0.796,0.79607,2.25,1.13
2012.07.05 07:29:17.405,0.796,0.79607,1.50,1.88
2012.07.05 07:29:18.484,0.796,0.79607,1.50,1.88
2012.07.05 07:29:18.815,0.79599,0.79607,2.63,3.38
2012.07.05 07:29:21.635,0.796,0.79607,1.50,2.63
2012.07.05 07:29:22.144,0.796,0.79607,1.50,1.88
2012.07.05 07:29:27.394,0.796,0.79606,2.63,1.13
2012.07.05 07:29:34.685,0.796,0.79608,2.63,2.63
2012.07.05 07:29:34.957,0.79599,0.79607,2.25,4.88
2012.07.05 07:29:35.237,0.79594,0.79599,2.70,1.50
2012.07.05 07:29:35.768,0.79593,0.79599,2.63,2.63
2012.07.05 07:29:36.277,0.79593,0.79599,2.63,1.88
2012.07.05 07:29:37.288,0.79593,0.79599,1.88,2.63
2012.07.05 07:29:37.977,0.79592,0.79598,2.63,1.13
2012.07.05 07:29:40.894,0.79592,0.79598,2.63,1.88
2012.07.05 07:29:41.415,0.79592,0.79598,2.63,1.13
2012.07.05 07:29:47.004,0.79592,0.79597,1.50,1.13
2012.07.05 07:29:47.604,0.79591,0.79597,1.88,1.13
2012.07.05 07:29:47.678,0.7959,0.79596,1.13,2.63
2012.07.05 07:29:48.246,0.79588,0.79596,5.48,2.63
2012.07.05 07:29:49.053,0.79588,0.79596,3.98,2.63
2012.07.05 07:29:49.999,0.79588,0.79596,5.48,3.38
2012.07.05 07:29:50.081,0.79588,0.79596,4.73,3.38
2012.07.05 07:29:50.158,0.79588,0.79596,5.48,3.38
2012.07.05 07:29:50.728,0.79589,0.79596,1.50,2.63
2012.07.05 07:29:51.262,0.79589,0.79596,2.25,2.63
2012.07.05 07:29:54.664,0.79588,0.79596,5.48,1.88
2012.07.05 07:29:54.871,0.79587,0.79593,1.13,1.50
2012.07.05 07:29:55.020,0.79584,0.79591,1.50,1.50
2012.07.05 07:29:55.576,0.79584,0.79591,1.13,2.25
2012.07.05 07:29:56.978,0.79585,0.79592,1.50,3.00
2012.07.05 07:29:57.120,0.79585,0.79593,3.75,1.50
2012.07.05 07:29:57.198,0.79587,0.79594,1.50,2.25
2012.07.05 07:29:57.738,0.79587,0.79594,2.25,1.13
2012.07.05 07:29:59.139,0.79587,0.79596,2.25,1.50
2012.07.05 07:29:59.479,0.79585,0.79593,1.50,1.35
2012.07.05 07:30:00.036,0.79585,0.79593,1.50,1.50
2012.07.05 07:30:01.222,0.79585,0.79594,2.25,3.00
2012.07.05 07:30:01.575,0.79589,0.79595,2.25,1.13
2012.07.05 07:30:01.717,0.79589,0.79598,2.25,4.50
2012.07.05 07:30:02.216,0.79589,0.79597,2.25,1.88
2012.07.05 07:30:09.606,0.79589,0.79598,2.25,4.50
2012.07.05 07:30:10.374,0.79589,0.79598,3.38,4.50
2012.07.05 07:30:10.705,0.7959,0.79598,1.50,3.00
2012.07.05 07:30:12.444,0.79589,0.79597,1.88,3.38
2012.07.05 07:30:19.019,0.79589,0.79595,1.88,1.13
2012.07.05 07:30:26.778,0.79587,0.79593,2.63,2.63
2012.07.05 07:30:27.127,0.79583,0.79589,1.88,1.88
2012.07.05 07:30:27.270,0.79582,0.79588,1.88,1.88
2012.07.05 07:30:28.217,0.79582,0.79588,1.88,1.13
2012.07.05 07:30:28.764,0.79581,0.79587,1.13,1.13
2012.07.05 07:30:29.476,0.79582,0.79588,1.13,3.38
2012.07.05 07:30:30.026,0.79583,0.79589,1.13,1.88
2012.07.05 07:30:30.845,0.79583,0.79589,3.23,1.88
2012.07.05 07:30:30.928,0.79585,0.79591,1.88,1.13
2012.07.05 07:30:31.486,0.79584,0.7959,1.13,1.88
2012.07.05 07:30:32.160,0.79586,0.79592,1.13,4.13
2012.07.05 07:30:32.305,0.79586,0.79592,1.13,4.13
2012.07.05 07:30:34.096,0.79587,0.79593,1.88,3.38
2012.07.05 07:30:34.308,0.79589,0.79595,1.50,3.38
2012.07.05 07:30:34.380,0.79588,0.79595,2.25,2.63
2012.07.05 07:30:36.097,0.79588,0.79595,2.63,2.25
2012.07.05 07:30:36.377,0.79587,0.79594,1.13,6.00
2012.07.05 07:30:36.935,0.79587,0.79593,1.13,1.50
2012.07.05 07:30:37.497,0.79587,0.79594,1.13,2.25
2012.07.05 07:30:37.846,0.79587,0.79594,1.13,3.00
2012.07.05 07:30:38.416,0.79586,0.79594,1.88,4.88
2012.07.05 07:30:40.146,0.79588,0.79592,1.13,1.50
2012.07.05 07:30:43.519,0.79589,0.79594,1.13,1.50
2012.07.05 07:30:43.725,0.79589,0.79595,1.13,1.13
2012.07.05 07:30:44.196,0.79587,0.79591,2.25,1.13
2012.07.05 07:30:44.758,0.79588,0.79595,1.50,1.50
2012.07.05 07:30:45.577,0.79587,0.79591,1.50,1.13
2012.07.05 07:30:46.230,0.79586,0.79591,1.50,1.13
2012.07.05 07:30:46.311,0.79586,0.79593,1.50,1.13
2012.07.05 07:30:47.646,0.79586,0.79594,2.63,1.88
2012.07.05 07:30:48.165,0.79586,0.79594,2.63,1.88
2012.07.05 07:30:53.913,0.79586,0.79594,2.63,2.63
2012.07.05 07:30:54.447,0.79587,0.79594,1.13,1.88
2012.07.05 07:30:59.476,0.79586,0.79594,3.38,2.63
2012.07.05 07:31:00.016,0.79586,0.79594,2.63,1.88
2012.07.05 07:31:03.065,0.79588,0.79594,1.13,1.88
2012.07.05 07:31:11.787,0.79588,0.79594,1.88,2.63
2012.07.05 07:31:11.928,0.79586,0.79594,2.63,3.38
2012.07.05 07:31:12.335,0.79586,0.79592,1.88,1.50
2012.07.05 07:31:15.165,0.79586,0.79592,1.88,1.50
2012.07.05 07:31:16.988,0.79586,0.79594,3.38,4.13
2012.07.05 07:31:17.356,0.79586,0.79594,2.63,4.88
2012.07.05 07:31:17.988,0.79586,0.79594,2.63,4.13
2012.07.05 07:31:18.567,0.79586,0.79593,2.63,1.88
2012.07.05 07:31:18.925,0.79586,0.79592,1.88,1.50
2012.07.05 07:31:19.747,0.79586,0.79594,3.38,3.38
2012.07.05 07:31:20.529,0.79586,0.79594,3.38,3.38
2012.07.05 07:31:22.538,0.79586,0.79594,3.38,3.38
2012.07.05 07:31:23.094,0.79586,0.79594,2.63,4.13
2012.07.05 07:31:25.205,0.79586,0.79594,1.88,4.88
2012.07.05 07:31:33.057,0.79586,0.79593,1.13,1.50
2012.07.05 07:31:33.397,0.79586,0.79592,1.13,1.50
2012.07.05 07:31:33.753,0.79584,0.7959,1.50,2.63
2012.07.05 07:31:33.828,0.79585,0.7959,1.13,1.50
2012.07.05 07:31:34.178,0.79586,0.79592,1.13,1.50
2012.07.05 07:31:34.455,0.79586,0.79593,1.13,2.25
2012.07.05 07:31:35.018,0.79586,0.79594,2.63,3.38
2012.07.05 07:31:35.631,0.79586,0.79594,2.63,3.38
2012.07.05 07:31:37.245,0.79586,0.79593,1.13,3.00
2012.07.05 07:31:37.805,0.79586,0.79594,1.13,2.63
2012.07.05 07:31:38.364,0.79587,0.79592,2.25,1.13
2012.07.05 07:31:39.409,0.79586,0.79592,3.00,1.13
2012.07.05 07:31:39.927,0.79586,0.79592,3.00,1.13
2012.07.05 07:31:41.176,0.79586,0.79592,2.25,1.13
2012.07.05 07:31:41.519,0.79586,0.79592,2.25,1.13
2012.07.05 07:31:41.893,0.79586,0.79592,2.25,1.13
2012.07.05 07:31:43.338,0.79586,0.79592,2.25,1.13
2012.07.05 07:31:43.885,0.79588,0.79593,2.25,1.13
2012.07.05 07:31:45.368,0.79586,0.79593,2.63,1.88
2012.07.05 07:31:45.897,0.79585,0.79593,3.75,3.38
2012.07.05 07:31:47.075,0.79585,0.79593,3.00,3.38
2012.07.05 07:31:47.617,0.79585,0.79593,1.88,3.38
2012.07.05 07:31:47.875,0.79586,0.79593,1.13,3.38
2012.07.05 07:31:49.727,0.79587,0.79593,3.75,1.13
2012.07.05 07:31:49.797,0.79587,0.79595,3.75,1.88
2012.07.05 07:31:51.315,0.79587,0.79594,4.13,1.13
2012.07.05 07:31:51.874,0.79587,0.79594,3.38,1.13
2012.07.05 07:31:52.753,0.7959,0.79597,1.13,2.63
2012.07.05 07:31:57.865,0.79589,0.79596,1.50,1.13
2012.07.05 07:32:00.955,0.7959,0.79596,1.13,1.13
2012.07.05 07:32:04.055,0.79589,0.79595,2.63,1.13
2012.07.05 07:32:04.728,0.79589,0.79597,2.63,3.75
2012.07.05 07:32:10.486,0.79589,0.79597,2.63,4.13
2012.07.05 07:32:11.044,0.79589,0.79597,2.63,4.13
2012.07.05 07:32:11.740,0.79589,0.79597,2.63,4.13
2012.07.05 07:32:12.273,0.79589,0.79597,2.63,4.13
2012.07.05 07:32:14.384,0.79589,0.79597,2.63,4.13
2012.07.05 07:32:16.672,0.79589,0.79597,2.63,4.13
2012.07.05 07:32:17.273,0.79589,0.79597,2.63,4.13
2012.07.05 07:32:17.794,0.79589,0.79597,2.63,4.13
2012.07.05 07:32:20.686,0.79589,0.79597,3.38,2.63
2012.07.05 07:32:20.760,0.79591,0.79597,1.88,1.88
2012.07.05 07:32:26.375,0.79592,0.79597,1.50,1.13
2012.07.05 07:32:27.324,0.79592,0.79597,1.50,1.13
2012.07.05 07:32:32.045,0.79591,0.79596,1.50,1.13
2012.07.05 07:32:32.564,0.79591,0.79597,2.63,1.13
2012.07.05 07:32:39.166,0.79592,0.79597,1.50,1.13
2012.07.05 07:32:39.296,0.79593,0.79599,2.63,1.88
2012.07.05 07:32:39.846,0.79594,0.796,2.63,2.25
2012.07.05 07:32:47.133,0.79593,0.79598,1.50,1.13
2012.07.05 07:32:48.253,0.79592,0.79598,2.25,1.13
2012.07.05 07:33:07.276,0.79592,0.79598,1.88,1.13
2012.07.05 07:33:18.615,0.79592,0.79598,1.88,1.13
2012.07.05 07:33:22.987,0.79593,0.796,1.50,2.63
2012.07.05 07:33:23.504,0.79593,0.796,3.52,1.13
2012.07.05 07:33:24.025,0.79594,0.796,1.50,1.13
2012.07.05 07:33:24.715,0.79594,0.796,1.50,1.13
2012.07.05 07:33:25.046,0.79594,0.796,2.63,1.13
2012.07.05 07:33:25.319,0.79594,0.79599,1.50,1.13
2012.07.05 07:33:43.197,0.79598,0.79602,1.13,2.25
2012.07.05 07:33:43.340,0.79598,0.79602,1.13,1.50
2012.07.05 07:33:43.558,0.79599,0.79605,1.88,1.50
2012.07.05 07:33:44.895,0.79599,0.79604,1.50,1.13
2012.07.05 07:33:47.215,0.79599,0.79604,1.50,1.13
2012.07.05 07:33:57.355,0.79599,0.79604,1.50,1.13
2012.07.05 07:33:59.364,0.79599,0.79605,2.63,1.88
2012.07.05 07:34:07.385,0.79599,0.79605,2.25,1.88
2012.07.05 07:34:37.875,0.79599,0.79605,3.38,1.88
2012.07.05 07:34:38.677,0.796,0.79606,1.13,1.88
2012.07.05 07:34:39.239,0.79599,0.79605,4.13,1.88
2012.07.05 07:34:47.593,0.79599,0.79605,2.63,1.13
2012.07.05 07:34:57.254,0.79599,0.79607,5.63,1.50
2012.07.05 07:34:59.335,0.79599,0.79605,4.13,1.13
2012.07.05 07:35:11.787,0.796,0.79607,1.50,2.63
2012.07.05 07:35:11.915,0.796,0.79607,1.50,1.88
2012.07.05 07:35:12.603,0.796,0.79606,1.50,1.13
2012.07.05 07:35:16.849,0.79601,0.79606,1.50,1.13
2012.07.05 07:35:17.141,0.79602,0.79609,1.88,1.13
2012.07.05 07:35:17.217,0.79605,0.79609,1.13,1.13
2012.07.05 07:35:17.766,0.79606,0.79612,2.63,2.63
2012.07.05 07:35:21.057,0.79605,0.79611,1.88,1.13
2012.07.05 07:35:22.686,0.79606,0.79612,2.63,2.63
2012.07.05 07:35:22.826,0.79606,0.79612,4.13,1.88
2012.07.05 07:35:23.410,0.79606,0.79611,2.25,1.88
2012.07.05 07:35:23.964,0.79606,0.79611,1.13,1.88
2012.07.05 07:35:25.695,0.79605,0.79611,3.75,1.88
2012.07.05 07:35:26.527,0.79605,0.79611,4.50,1.88
2012.07.05 07:35:26.808,0.79606,0.79616,3.75,2.63
2012.07.05 07:35:27.235,0.79608,0.79615,2.63,2.63
2012.07.05 07:35:27.586,0.79609,0.79615,3.00,1.88
2012.07.05 07:35:28.157,0.79611,0.79617,1.88,2.63
2012.07.05 07:35:28.715,0.79611,0.79617,1.88,1.13
2012.07.05 07:35:30.353,0.7961,0.79617,1.50,1.13
2012.07.05 07:35:31.515,0.79609,0.79617,1.88,2.63
2012.07.05 07:35:31.904,0.79608,0.79616,8.63,1.88
2012.07.05 07:35:32.315,0.79608,0.79615,3.38,1.50
2012.07.05 07:35:33.661,0.79608,0.79614,3.00,1.88
2012.07.05 07:35:34.596,0.79608,0.79614,2.25,1.88
2012.07.05 07:35:35.144,0.79608,0.79614,1.50,1.88
2012.07.05 07:35:35.665,0.79608,0.79614,3.00,1.13
2012.07.05 07:35:36.003,0.79606,0.79612,3.98,1.13
2012.07.05 07:35:36.079,0.79606,0.79612,3.00,1.13
2012.07.05 07:35:36.673,0.79605,0.79611,2.25,1.13
2012.07.05 07:35:38.679,0.79605,0.79611,1.13,3.38
2012.07.05 07:35:38.757,0.79603,0.7961,1.88,1.50
2012.07.05 07:35:39.308,0.79601,0.79608,1.13,2.63
2012.07.05 07:35:41.844,0.79602,0.79608,1.50,1.88
2012.07.05 07:35:42.396,0.79602,0.79608,1.50,1.88
2012.07.05 07:35:42.766,0.79601,0.79606,1.13,1.13
2012.07.05 07:35:42.956,0.79599,0.79605,2.63,1.13
2012.07.05 07:35:43.474,0.79599,0.79605,1.88,1.13
2012.07.05 07:35:57.306,0.79599,0.79605,1.88,1.13
2012.07.05 07:36:07.568,0.79598,0.79604,2.63,1.13
2012.07.05 07:36:07.637,0.79598,0.79604,2.63,1.13
2012.07.05 07:36:08.314,0.79596,0.79603,1.50,1.88
2012.07.05 07:36:13.139,0.79596,0.79603,1.88,1.88
2012.07.05 07:36:17.807,0.79596,0.79603,1.88,2.63
2012.07.05 07:36:20.956,0.79596,0.79602,1.88,1.13
2012.07.05 07:36:21.518,0.79596,0.79602,1.13,1.88
2012.07.05 07:36:24.239,0.79596,0.79603,1.88,2.63
2012.07.05 07:36:24.321,0.79596,0.79603,1.88,2.63
2012.07.05 07:36:24.877,0.79596,0.79602,1.13,1.88
2012.07.05 07:36:28.397,0.79596,0.79603,2.25,1.13
2012.07.05 07:36:28.806,0.79598,0.79603,1.50,1.13
2012.07.05 07:36:29.738,0.79598,0.79604,2.63,1.13
2012.07.05 07:36:30.616,0.79598,0.79604,1.88,1.88
2012.07.05 07:36:32.197,0.79596,0.79604,4.13,1.88
2012.07.05 07:36:32.761,0.79597,0.79604,1.50,1.88
2012.07.05 07:36:33.617,0.79598,0.79604,3.38,1.13
2012.07.05 07:36:34.158,0.79598,0.79604,2.63,1.13
2012.07.05 07:36:44.385,0.79599,0.79604,1.50,1.13
2012.07.05 07:36:47.051,0.79599,0.79606,1.50,3.00
2012.07.05 07:36:47.827,0.79598,0.79605,1.88,1.50
2012.07.05 07:36:48.367,0.79598,0.79604,2.63,1.13
2012.07.05 07:36:48.925,0.79599,0.79604,1.50,1.13
2012.07.05 07:36:52.005,0.79599,0.79605,2.63,1.13
2012.07.05 07:36:52.699,0.79599,0.79604,1.50,1.13
2012.07.05 07:36:53.357,0.79599,0.79606,2.25,1.13
2012.07.05 07:36:58.617,0.79601,0.79607,1.88,1.13
2012.07.05 07:37:02.666,0.79601,0.79606,1.50,1.13
2012.07.05 07:37:03.079,0.796,0.79606,1.13,1.13
2012.07.05 07:37:03.788,0.796,0.79607,1.88,1.88
2012.07.05 07:37:04.287,0.79601,0.79607,1.50,1.13
2012.07.05 07:37:10.695,0.79602,0.79607,1.50,1.13
2012.07.05 07:37:11.845,0.79602,0.79609,1.50,1.13
2012.07.05 07:37:12.544,0.79602,0.79609,1.50,1.88
2012.07.05 07:37:13.814,0.79603,0.79609,1.13,1.88
2012.07.05 07:37:14.875,0.79602,0.79609,1.50,1.88
2012.07.05 07:37:22.075,0.79602,0.7961,2.63,3.38
2012.07.05 07:37:36.126,0.79603,0.79609,2.63,1.13
2012.07.05 07:37:45.135,0.79604,0.79611,1.50,4.13
2012.07.05 07:37:51.995,0.79605,0.7961,1.13,1.13
2012.07.05 07:37:53.689,0.79605,0.79611,1.13,5.10
2012.07.05 07:37:53.771,0.79601,0.79609,3.38,1.50
2012.07.05 07:37:53.847,0.79601,0.79608,1.88,1.50
2012.07.05 07:37:54.599,0.79599,0.79607,3.00,1.50
2012.07.05 07:37:59.327,0.79598,0.79606,3.00,1.88
2012.07.05 07:38:06.798,0.79599,0.79606,1.13,1.50
2012.07.05 07:38:07.087,0.79601,0.79607,1.13,2.63
2012.07.05 07:38:09.216,0.79602,0.79607,1.13,1.50
2012.07.05 07:38:09.572,0.79607,0.79611,1.13,2.25
2012.07.05 07:38:09.648,0.79604,0.79612,1.50,2.63
2012.07.05 07:38:09.995,0.79606,0.79612,1.88,1.88
2012.07.05 07:38:11.322,0.79606,0.79612,2.63,1.50
2012.07.05 07:38:12.043,0.79605,0.79611,1.13,1.50
2012.07.05 07:38:15.938,0.79607,0.79612,1.13,2.25
2012.07.05 07:38:16.441,0.79606,0.79611,1.13,1.50
2012.07.05 07:38:24.676,0.79608,0.79613,1.13,5.63
2012.07.05 07:38:25.229,0.79607,0.79613,1.13,5.48
2012.07.05 07:38:26.645,0.79606,0.79612,1.13,1.88
2012.07.05 07:38:27.206,0.79606,0.79611,1.13,1.13
2012.07.05 07:38:27.775,0.79606,0.79612,1.13,2.25
2012.07.05 07:38:31.554,0.79607,0.79612,1.13,1.50
2012.07.05 07:38:32.386,0.79605,0.79612,1.88,1.50
2012.07.05 07:38:35.487,0.79607,0.79612,1.13,1.50
2012.07.05 07:38:38.467,0.79605,0.79612,2.63,1.50
2012.07.05 07:38:41.826,0.79605,0.79613,3.38,2.63
2012.07.05 07:38:47.472,0.79605,0.79611,1.50,1.50
2012.07.05 07:38:47.616,0.79604,0.79612,3.38,4.13
2012.07.05 07:38:48.122,0.79604,0.79612,3.38,3.38
2012.07.05 07:38:49.176,0.79604,0.79611,2.25,1.13
2012.07.05 07:38:49.704,0.79604,0.79611,1.50,1.88
2012.07.05 07:38:50.810,0.79607,0.79613,1.13,3.38
2012.07.05 07:38:50.886,0.79605,0.79613,1.88,3.38
2012.07.05 07:38:51.261,0.79605,0.79613,2.63,2.63
2012.07.05 07:38:51.598,0.79605,0.79613,2.63,2.63
2012.07.05 07:38:55.456,0.79606,0.79612,1.13,1.50
2012.07.05 07:38:55.537,0.79606,0.79614,3.00,3.38
2012.07.05 07:38:56.316,0.79607,0.79614,1.13,2.63
2012.07.05 07:38:56.668,0.79606,0.79614,3.75,4.13
2012.07.05 07:38:56.738,0.79606,0.79612,2.25,1.13
2012.07.05 07:38:57.089,0.79604,0.7961,3.75,1.13
2012.07.05 07:38:57.171,0.79604,0.7961,2.63,1.13
2012.07.05 07:38:57.740,0.79604,0.7961,1.88,1.88
2012.07.05 07:39:00.698,0.79604,0.7961,1.88,1.13
2012.07.05 07:39:01.586,0.79606,0.79613,1.88,1.88
2012.07.05 07:39:01.869,0.79607,0.79614,1.50,1.88
2012.07.05 07:39:02.581,0.7961,0.79616,1.88,3.00
2012.07.05 07:39:04.630,0.79609,0.79615,2.63,1.88
2012.07.05 07:39:04.987,0.79611,0.79617,1.13,2.63
2012.07.05 07:39:06.699,0.79611,0.79617,1.88,1.88
2012.07.05 07:39:11.163,0.79612,0.79618,1.13,3.38
2012.07.05 07:39:19.445,0.79611,0.79618,1.88,1.50
2012.07.05 07:39:25.642,0.79611,0.79617,1.13,1.13
2012.07.05 07:39:26.167,0.79612,0.79618,1.13,2.63
2012.07.05 07:39:28.891,0.79611,0.79617,1.13,1.13
2012.07.05 07:39:35.357,0.7961,0.79617,2.25,1.13
2012.07.05 07:39:37.608,0.7961,0.79616,1.50,1.13
2012.07.05 07:39:43.169,0.7961,0.79618,2.25,2.63
2012.07.05 07:39:43.255,0.79614,0.79619,1.13,2.63
2012.07.05 07:39:43.610,0.79621,0.79626,1.88,3.68
2012.07.05 07:39:43.901,0.79621,0.79629,4.13,2.25
2012.07.05 07:39:43.978,0.79622,0.79629,1.50,1.50
2012.07.05 07:39:44.808,0.79623,0.79631,2.63,3.38
2012.07.05 07:39:45.347,0.79623,0.79631,2.63,3.75
2012.07.05 07:39:45.688,0.79623,0.79631,2.63,4.50
2012.07.05 07:39:46.610,0.79623,0.7963,1.13,3.00
2012.07.05 07:39:47.151,0.79622,0.7963,3.38,4.13
2012.07.05 07:39:48.807,0.79622,0.7963,3.38,3.75
2012.07.05 07:39:49.357,0.79624,0.7963,1.13,3.00
2012.07.05 07:39:49.999,0.79623,0.79629,1.13,1.13
2012.07.05 07:39:50.858,0.79623,0.79629,1.13,2.63
2012.07.05 07:39:51.425,0.79623,0.79629,1.13,2.63
2012.07.05 07:39:51.928,0.79624,0.7963,1.13,3.38
2012.07.05 07:39:52.950,0.79622,0.7963,2.63,3.38
2012.07.05 07:39:57.206,0.79626,0.7963,1.13,1.50
2012.07.05 07:39:57.279,0.79626,0.79631,1.13,1.50
2012.07.05 07:39:58.848,0.79624,0.79632,3.75,1.50
2012.07.05 07:39:59.132,0.79631,0.79637,1.88,1.88
2012.07.05 07:39:59.838,0.79631,0.79637,2.63,1.13
2012.07.05 07:40:00.048,0.79632,0.7964,3.00,5.25
2012.07.05 07:40:00.607,0.79634,0.7964,1.13,1.88
2012.07.05 07:40:01.157,0.79633,0.79639,1.88,1.50
2012.07.05 07:40:03.496,0.79633,0.79639,1.13,2.25
2012.07.05 07:40:03.911,0.7963,0.79637,3.38,1.50
2012.07.05 07:40:04.465,0.7963,0.79638,3.38,3.38
2012.07.05 07:40:05.928,0.79629,0.79635,1.88,1.13
2012.07.05 07:40:06.466,0.79629,0.79635,1.88,5.25
2012.07.05 07:40:07.690,0.79629,0.79633,1.88,1.50
2012.07.05 07:40:07.769,0.79626,0.79633,3.38,1.28
2012.07.05 07:40:07.920,0.79626,0.79633,2.63,2.25
2012.07.05 07:40:08.481,0.79624,0.79631,1.50,1.50
2012.07.05 07:40:09.048,0.79624,0.7963,1.13,1.88
2012.07.05 07:40:09.538,0.79621,0.79629,2.63,1.50
2012.07.05 07:40:10.527,0.79622,0.79629,1.88,1.50
2012.07.05 07:40:12.049,0.79624,0.7963,1.13,3.75
2012.07.05 07:40:12.130,0.79624,0.7963,1.13,1.50
2012.07.05 07:40:13.457,0.79623,0.79629,2.63,1.50
2012.07.05 07:40:15.143,0.79626,0.79631,1.13,1.88
2012.07.05 07:40:15.304,0.79627,0.79632,1.50,1.13
2012.07.05 07:40:15.379,0.7963,0.79634,1.13,2.03
2012.07.05 07:40:15.593,0.7963,0.79637,2.63,2.25
2012.07.05 07:40:16.160,0.7963,0.79637,1.88,1.50
2012.07.05 07:40:16.726,0.7963,0.79637,1.88,2.25
2012.07.05 07:40:18.731,0.79629,0.79636,1.88,1.13
2012.07.05 07:40:18.816,0.79628,0.79636,3.00,1.88
2012.07.05 07:40:18.890,0.79628,0.79635,2.25,1.50
2012.07.05 07:40:19.322,0.79627,0.79634,1.13,2.63
2012.07.05 07:40:25.335,0.79627,0.79634,3.38,1.13
2012.07.05 07:40:27.251,0.79628,0.79636,3.38,2.25
2012.07.05 07:40:27.815,0.79631,0.79636,1.88,1.50
2012.07.05 07:40:28.378,0.79631,0.79637,1.88,1.50
2012.07.05 07:40:31.798,0.79631,0.79638,1.88,2.25
2012.07.05 07:40:34.356,0.7963,0.79636,1.50,1.13
2012.07.05 07:40:34.568,0.79629,0.79636,2.63,1.88
2012.07.05 07:40:34.711,0.79627,0.79634,1.50,1.88
2012.07.05 07:40:34.861,0.79622,0.7963,3.38,2.25
2012.07.05 07:40:34.941,0.79622,0.7963,3.75,3.75
2012.07.05 07:40:35.287,0.79621,0.79627,2.25,1.88
2012.07.05 07:40:35.944,0.7962,0.79627,1.50,2.63
2012.07.05 07:40:36.507,0.7962,0.79627,2.25,1.13
2012.07.05 07:40:37.047,0.7962,0.79627,1.50,1.13
2012.07.05 07:40:37.578,0.7962,0.79627,2.25,1.13
2012.07.05 07:40:38.769,0.7962,0.79627,1.50,1.13
2012.07.05 07:40:39.297,0.7962,0.79627,2.25,1.13
2012.07.05 07:40:39.845,0.79622,0.79629,1.13,1.50
2012.07.05 07:40:40.474,0.79622,0.7963,1.88,3.75
2012.07.05 07:40:47.835,0.79624,0.7963,1.13,2.25
2012.07.05 07:40:48.236,0.79622,0.7963,1.88,1.50
2012.07.05 07:40:48.796,0.79622,0.7963,1.88,1.50
2012.07.05 07:40:56.185,0.79621,0.79629,2.25,1.13
2012.07.05 07:40:56.333,0.79621,0.79627,1.50,1.88
2012.07.05 07:40:59.640,0.79619,0.79624,2.63,1.13
2012.07.05 07:41:00.208,0.79619,0.79624,1.88,1.13
2012.07.05 07:41:00.766,0.79619,0.79624,1.50,1.13
2012.07.05 07:41:01.282,0.79619,0.79624,2.25,1.13
2012.07.05 07:41:01.359,0.7962,0.79628,1.50,1.88
2012.07.05 07:41:01.429,0.79623,0.79629,1.13,2.25
2012.07.05 07:41:01.568,0.79623,0.7963,1.88,2.63
2012.07.05 07:41:02.130,0.79623,0.7963,2.63,2.25
2012.07.05 07:41:02.700,0.79623,0.7963,2.63,1.88
2012.07.05 07:41:03.678,0.79627,0.79631,1.13,2.40
2012.07.05 07:41:05.338,0.79626,0.79631,1.13,1.65
2012.07.05 07:41:10.407,0.79625,0.79631,1.13,2.03
2012.07.05 07:41:28.585,0.79625,0.7963,1.13,1.50
2012.07.05 07:41:32.654,0.79625,0.7963,1.13,1.50
2012.07.05 07:41:44.298,0.79625,0.7963,1.13,1.13
2012.07.05 07:41:53.447,0.79623,0.7963,1.13,2.25
2012.07.05 07:41:54.197,0.79623,0.7963,1.13,2.63
2012.07.05 07:41:55.179,0.79625,0.7963,1.13,1.88
2012.07.05 07:41:56.369,0.79625,0.7963,1.13,2.25
2012.07.05 07:41:56.872,0.79625,0.7963,1.13,1.50
2012.07.05 07:41:59.892,0.79623,0.7963,1.13,1.50
2012.07.05 07:42:08.458,0.79625,0.79631,1.13,4.13
2012.07.05 07:42:13.608,0.79625,0.7963,1.13,1.50
2012.07.05 07:42:13.958,0.7962,0.79627,1.13,1.28
2012.07.05 07:42:15.233,0.79622,0.79628,1.13,2.25
2012.07.05 07:42:15.786,0.79622,0.79628,1.13,1.50
2012.07.05 07:42:16.298,0.79621,0.79627,1.13,1.50
2012.07.05 07:42:16.514,0.79618,0.79626,2.63,1.50
2012.07.05 07:42:17.289,0.79618,0.79623,1.50,1.50
2012.07.05 07:42:17.357,0.79615,0.79622,1.43,2.25
2012.07.05 07:42:17.428,0.79614,0.79622,3.89,4.43
2012.07.05 07:42:17.501,0.79614,0.79619,2.63,1.50
2012.07.05 07:42:17.716,0.79611,0.79619,2.63,3.75
2012.07.05 07:42:19.983,0.79611,0.79618,1.50,1.50
2012.07.05 07:42:20.487,0.79611,0.79618,1.50,1.50
2012.07.05 07:42:26.295,0.79611,0.79618,1.50,2.03
2012.07.05 07:42:26.858,0.79611,0.79618,1.50,2.25
2012.07.05 07:42:27.519,0.7961,0.79618,1.50,2.25
2012.07.05 07:42:30.709,0.79611,0.79618,1.88,2.25
2012.07.05 07:42:36.070,0.7961,0.79618,1.50,1.28
2012.07.05 07:42:36.147,0.79609,0.79617,3.38,1.50
2012.07.05 07:42:36.965,0.79609,0.79617,2.63,1.50
2012.07.05 07:42:37.517,0.79609,0.79617,3.38,1.50
2012.07.05 07:42:58.857,0.79609,0.79617,2.63,4.13
2012.07.05 07:42:59.138,0.79607,0.79616,4.13,1.28
2012.07.05 07:43:00.378,0.79609,0.79615,1.13,2.63
2012.07.05 07:43:01.398,0.79609,0.79614,1.13,3.00
2012.07.05 07:43:01.957,0.79607,0.79614,1.88,3.00
2012.07.05 07:43:02.578,0.79607,0.79614,1.88,3.00
2012.07.05 07:43:03.475,0.79607,0.79614,1.88,2.25
2012.07.05 07:43:04.666,0.79607,0.79614,1.88,4.88
2012.07.05 07:43:05.217,0.79606,0.79612,1.88,1.50
2012.07.05 07:43:05.433,0.79603,0.79612,2.25,3.00
2012.07.05 07:43:05.786,0.79606,0.79611,1.13,1.50
2012.07.05 07:43:06.305,0.79605,0.79611,1.13,2.25
2012.07.05 07:43:06.885,0.79605,0.79611,1.13,1.50
2012.07.05 07:43:07.914,0.79607,0.79611,1.13,1.50
2012.07.05 07:43:08.340,0.79605,0.79611,1.88,1.50
2012.07.05 07:43:08.857,0.79605,0.79611,1.13,1.50
2012.07.05 07:43:10.676,0.79604,0.79611,1.13,2.25
2012.07.05 07:43:10.818,0.79603,0.7961,1.88,1.50
2012.07.05 07:43:11.597,0.79603,0.7961,1.88,1.50
2012.07.05 07:43:12.157,0.79602,0.79609,2.63,1.50
2012.07.05 07:43:13.349,0.796,0.79608,2.63,3.00
2012.07.05 07:43:13.418,0.796,0.79607,1.88,1.50
2012.07.05 07:43:13.676,0.796,0.79607,1.88,2.25
2012.07.05 07:43:13.748,0.796,0.79607,1.88,2.25
2012.07.05 07:43:14.296,0.79601,0.79609,1.50,4.88
2012.07.05 07:43:14.855,0.79601,0.79608,1.50,1.50
2012.07.05 07:43:15.941,0.79601,0.79608,1.50,1.50
2012.07.05 07:43:16.477,0.79601,0.79608,1.50,1.50
2012.07.05 07:43:16.808,0.796,0.79607,2.63,1.50
2012.07.05 07:43:16.879,0.796,0.79607,1.88,2.25
2012.07.05 07:43:17.416,0.796,0.79607,1.13,3.00
2012.07.05 07:43:17.977,0.796,0.79606,1.13,1.50
2012.07.05 07:43:18.666,0.796,0.79607,1.13,2.25
2012.07.05 07:43:20.364,0.796,0.79608,1.13,3.38
2012.07.05 07:43:20.928,0.796,0.79607,1.13,1.50
2012.07.05 07:43:21.508,0.796,0.79608,1.13,3.38
2012.07.05 07:43:22.045,0.796,0.79608,2.63,1.88
2012.07.05 07:43:25.486,0.79603,0.79609,1.13,3.00
2012.07.05 07:43:26.894,0.79602,0.79609,1.13,3.38
2012.07.05 07:43:27.447,0.79602,0.79609,1.13,3.38
2012.07.05 07:43:27.955,0.79602,0.79609,1.13,2.63
2012.07.05 07:43:29.137,0.79602,0.79609,1.13,1.88
2012.07.05 07:43:30.006,0.79602,0.79609,2.63,1.88
2012.07.05 07:43:32.556,0.79604,0.7961,1.88,2.25
2012.07.05 07:43:37.313,0.79607,0.79613,2.25,1.13
2012.07.05 07:43:37.526,0.79609,0.79618,2.63,4.50
2012.07.05 07:43:38.289,0.79611,0.79618,1.50,2.63
2012.07.05 07:43:40.430,0.7961,0.79618,3.00,2.63
2012.07.05 07:43:40.929,0.79608,0.79617,4.13,2.63
2012.07.05 07:43:41.437,0.79605,0.7961,1.50,1.50
2012.07.05 07:43:41.523,0.79604,0.7961,2.63,3.00
2012.07.05 07:43:42.537,0.79602,0.79609,1.13,1.50
2012.07.05 07:43:43.317,0.79602,0.7961,1.88,3.00
2012.07.05 07:43:44.157,0.79602,0.79609,1.88,1.88
2012.07.05 07:43:51.777,0.79603,0.79609,1.50,1.13
2012.07.05 07:43:52.499,0.79605,0.79612,1.13,4.13
2012.07.05 07:43:53.202,0.79607,0.79613,1.13,1.50
2012.07.05 07:43:53.348,0.79607,0.79614,1.13,2.63
2012.07.05 07:43:54.559,0.79607,0.79614,1.13,3.38
2012.07.05 07:43:57.507,0.79607,0.79614,1.13,3.38
2012.07.05 07:44:01.998,0.79607,0.79614,2.63,1.88
2012.07.05 07:44:02.764,0.79607,0.79614,2.63,2.63
2012.07.05 07:44:03.537,0.79607,0.79614,3.38,1.88
2012.07.05 07:44:04.088,0.79607,0.79614,3.38,1.13
2012.07.05 07:44:07.916,0.79609,0.79616,2.63,1.88
2012.07.05 07:44:08.456,0.7961,0.79616,1.50,1.13
2012.07.05 07:44:10.156,0.7961,0.79617,1.88,1.13
2012.07.05 07:44:15.987,0.7961,0.79617,4.88,1.13
2012.07.05 07:44:16.075,0.79611,0.79617,1.50,1.13
2012.07.05 07:44:17.982,0.79612,0.79618,1.50,1.13
2012.07.05 07:44:18.547,0.79613,0.79618,1.50,1.13
2012.07.05 07:44:20.527,0.79613,0.79618,1.50,1.13
2012.07.05 07:44:22.116,0.79611,0.79618,2.63,1.88
2012.07.05 07:44:24.128,0.79611,0.79618,3.38,1.88
2012.07.05 07:44:24.687,0.79611,0.79618,3.38,1.13
2012.07.05 07:44:26.146,0.79612,0.79619,1.88,1.88
2012.07.05 07:44:30.751,0.79612,0.79619,1.88,3.00
2012.07.05 07:44:31.506,0.79612,0.79618,1.13,1.13
2012.07.05 07:44:33.160,0.79612,0.79619,2.63,2.63
2012.07.05 07:44:33.237,0.79613,0.79619,1.50,1.88
2012.07.05 07:44:33.378,0.79613,0.79621,2.63,2.63
2012.07.05 07:44:36.571,0.79615,0.79623,3.38,5.48
2012.07.05 07:44:36.786,0.79616,0.79624,2.25,4.13
2012.07.05 07:44:37.348,0.79616,0.79624,2.25,3.38
2012.07.05 07:44:37.851,0.79616,0.79624,2.25,3.38
2012.07.05 07:44:39.258,0.79615,0.79624,4.88,4.13
2012.07.05 07:44:39.759,0.79615,0.79623,3.38,2.25
2012.07.05 07:44:40.458,0.79615,0.79622,2.63,2.63
2012.07.05 07:44:48.618,0.79617,0.79622,1.13,2.25
2012.07.05 07:44:49.176,0.79617,0.79623,1.88,3.00
2012.07.05 07:44:50.326,0.79617,0.79623,1.88,1.50
2012.07.05 07:44:50.681,0.7962,0.79624,1.13,1.50
2012.07.05 07:44:51.398,0.7962,0.79625,1.13,1.50
2012.07.05 07:44:54.027,0.7962,0.79627,1.13,4.88
2012.07.05 07:44:54.578,0.7962,0.79627,1.88,2.63
2012.07.05 07:44:58.257,0.7962,0.79627,1.88,2.63
2012.07.05 07:44:58.818,0.7962,0.79627,1.88,2.63
2012.07.05 07:44:59.226,0.7962,0.79627,1.88,3.38
2012.07.05 07:44:59.507,0.79616,0.79623,3.38,1.50
2012.07.05 07:45:01.077,0.79614,0.79618,2.25,1.13
2012.07.05 07:45:01.222,0.79611,0.79616,2.25,1.13
2012.07.05 07:45:01.452,0.79609,0.79615,1.13,1.50
2012.07.05 07:45:01.880,0.79607,0.79614,1.88,2.25
2012.07.05 07:45:02.452,0.79607,0.79615,1.50,4.13
2012.07.05 07:45:02.890,0.79612,0.79617,1.13,3.00
2012.07.05 07:45:02.972,0.7961,0.79617,1.13,2.25
2012.07.05 07:45:03.055,0.7961,0.79617,1.88,1.50
2012.07.05 07:45:04.320,0.79609,0.79616,2.63,1.13
2012.07.05 07:45:04.401,0.79608,0.79615,2.63,1.13
2012.07.05 07:45:06.641,0.79608,0.79616,1.88,2.63
2012.07.05 07:45:07.493,0.79608,0.79617,6.00,2.63
2012.07.05 07:45:14.766,0.79608,0.79617,4.13,2.63
2012.07.05 07:45:15.277,0.79608,0.79614,2.63,1.50
2012.07.05 07:45:15.628,0.79606,0.79612,1.88,3.00
2012.07.05 07:45:16.178,0.79604,0.79611,1.50,1.50
2012.07.05 07:45:17.389,0.79604,0.79611,1.50,1.50
2012.07.05 07:45:17.737,0.79603,0.7961,1.88,1.50
2012.07.05 07:45:22.629,0.79606,0.7961,1.13,1.50
2012.07.05 07:45:22.716,0.79604,0.7961,1.73,1.50
2012.07.05 07:45:22.930,0.79605,0.79611,1.50,3.00
2012.07.05 07:45:23.016,0.79604,0.79611,1.13,3.00
2012.07.05 07:45:23.580,0.79604,0.79612,1.13,3.00
2012.07.05 07:45:28.388,0.79603,0.79612,2.63,4.88
2012.07.05 07:45:30.668,0.79603,0.79612,3.38,2.63
2012.07.05 07:45:31.102,0.79606,0.79612,1.13,1.50
2012.07.05 07:45:31.668,0.79606,0.79613,1.88,4.88
2012.07.05 07:45:33.091,0.79606,0.79612,1.13,1.50
2012.07.05 07:45:38.815,0.79605,0.79611,1.13,1.50
2012.07.05 07:45:39.358,0.79605,0.7961,1.13,1.50
2012.07.05 07:45:39.930,0.79604,0.7961,1.13,1.88
2012.07.05 07:45:42.965,0.79604,0.79609,1.13,1.13
2012.07.05 07:45:43.527,0.79603,0.79609,1.88,1.13
2012.07.05 07:45:43.878,0.79605,0.7961,1.13,1.13
2012.07.05 07:45:44.159,0.79605,0.79611,1.88,1.50
2012.07.05 07:45:44.300,0.79607,0.79613,1.50,1.50
2012.07.05 07:45:44.649,0.79605,0.79612,1.88,1.50
2012.07.05 07:45:48.217,0.79605,0.79614,2.63,8.48
2012.07.05 07:45:48.777,0.79605,0.79612,1.88,2.25
2012.07.05 07:45:52.522,0.79607,0.79614,1.88,4.13
2012.07.05 07:45:52.866,0.79608,0.79616,3.38,1.50
2012.07.05 07:45:53.271,0.79608,0.79613,1.50,1.13
2012.07.05 07:45:54.545,0.79607,0.79613,1.88,1.88
2012.07.05 07:45:57.212,0.79607,0.79613,2.63,1.88
2012.07.05 07:45:57.746,0.79607,0.79613,2.63,2.63
2012.07.05 07:46:02.106,0.79607,0.79613,2.63,3.38
2012.07.05 07:46:02.527,0.79606,0.79612,1.88,1.88
2012.07.05 07:46:12.408,0.79606,0.79612,1.88,3.38
2012.07.05 07:46:16.798,0.79606,0.79612,1.88,3.38
2012.07.05 07:46:17.569,0.79606,0.79612,1.13,3.38
2012.07.05 07:46:18.127,0.79605,0.79611,1.88,1.88
2012.07.05 07:46:19.229,0.79606,0.79612,1.13,3.75
2012.07.05 07:46:19.659,0.79606,0.79614,1.88,2.63
2012.07.05 07:46:19.868,0.79608,0.79614,1.50,1.88
2012.07.05 07:46:21.417,0.79608,0.79614,1.50,1.88
2012.07.05 07:46:24.717,0.79607,0.79612,1.50,1.13
2012.07.05 07:46:25.000,0.79606,0.79611,1.13,1.50
2012.07.05 07:46:25.078,0.79606,0.79611,1.13,1.50
2012.07.05 07:46:25.780,0.79606,0.79611,1.88,1.50
2012.07.05 07:46:26.348,0.79604,0.79611,1.88,2.25
2012.07.05 07:46:31.457,0.79604,0.7961,1.88,1.88
2012.07.05 07:46:32.147,0.79604,0.7961,1.88,1.88
2012.07.05 07:46:34.196,0.79604,0.79611,2.63,1.50
2012.07.05 07:46:34.739,0.79606,0.79611,1.13,1.50
2012.07.05 07:46:35.328,0.79605,0.79611,1.88,3.38
2012.07.05 07:46:36.857,0.79605,0.79611,1.88,1.50
2012.07.05 07:46:37.408,0.79605,0.79611,1.88,1.50
2012.07.05 07:46:39.548,0.79604,0.79612,1.88,3.75
2012.07.05 07:46:40.076,0.79604,0.79611,1.88,1.50
2012.07.05 07:46:41.357,0.79604,0.7961,1.88,1.13
2012.07.05 07:46:42.376,0.79605,0.79611,1.88,2.63
2012.07.05 07:46:42.908,0.79605,0.79612,2.63,2.63
2012.07.05 07:46:46.895,0.79605,0.79612,3.38,1.50
2012.07.05 07:46:47.109,0.79609,0.79615,1.50,1.88
2012.07.05 07:46:47.180,0.79609,0.79616,1.50,2.63
2012.07.05 07:46:47.529,0.7961,0.79616,1.50,1.88
2012.07.05 07:46:48.086,0.7961,0.79616,1.88,1.88
2012.07.05 07:46:48.559,0.79612,0.79618,1.88,2.25
2012.07.05 07:46:48.627,0.79612,0.79618,2.63,1.50
2012.07.05 07:46:49.768,0.79612,0.79618,2.63,1.50
2012.07.05 07:46:49.980,0.79614,0.7962,1.88,1.13
2012.07.05 07:46:50.201,0.79616,0.79621,1.88,1.50
2012.07.05 07:46:50.560,0.79618,0.79623,1.50,1.13
2012.07.05 07:46:52.521,0.79617,0.79623,2.63,1.88
2012.07.05 07:46:52.881,0.7962,0.79626,1.88,1.50
2012.07.05 07:46:53.398,0.7962,0.79627,2.63,1.50
2012.07.05 07:46:53.899,0.79621,0.79628,2.25,2.63
2012.07.05 07:46:54.872,0.79621,0.79628,2.25,1.88
2012.07.05 07:46:55.439,0.79622,0.79628,2.25,1.13
2012.07.05 07:46:55.791,0.79628,0.79633,1.13,2.25
2012.07.05 07:46:56.149,0.7963,0.79635,1.13,3.83
2012.07.05 07:46:56.360,0.79632,0.79636,1.13,3.75
2012.07.05 07:46:56.722,0.79632,0.79639,1.13,1.50
2012.07.05 07:46:56.800,0.79632,0.7964,1.88,4.88
2012.07.05 07:46:57.608,0.79632,0.79639,1.88,1.50
2012.07.05 07:47:00.389,0.79632,0.79639,1.88,1.50
2012.07.05 07:47:00.739,0.79631,0.79637,1.13,3.38
2012.07.05 07:47:01.296,0.79631,0.79636,1.13,1.50
2012.07.05 07:47:01.929,0.79629,0.79635,2.25,1.88
2012.07.05 07:47:03.389,0.79629,0.79635,1.13,1.88
2012.07.05 07:47:05.586,0.79628,0.79634,1.88,1.13
2012.07.05 07:47:07.579,0.79628,0.79634,1.13,4.88
2012.07.05 07:47:07.789,0.79626,0.79633,1.13,3.38
2012.07.05 07:47:10.358,0.79625,0.79632,2.63,1.13
2012.07.05 07:47:13.176,0.79624,0.7963,4.88,1.13
2012.07.05 07:47:13.517,0.79622,0.79627,1.50,1.13
2012.07.05 07:47:13.588,0.79621,0.79627,3.75,1.13
2012.07.05 07:47:13.928,0.7962,0.79626,1.50,1.50
2012.07.05 07:47:15.606,0.79619,0.79623,3.00,1.13
2012.07.05 07:47:15.961,0.79618,0.79624,1.50,1.88
2012.07.05 07:47:16.658,0.79618,0.79625,1.50,2.25
2012.07.05 07:47:16.867,0.7962,0.79626,2.25,1.13
2012.07.05 07:47:17.534,0.7962,0.79626,3.38,1.88
2012.07.05 07:47:20.530,0.79618,0.79623,1.13,1.13
2012.07.05 07:47:20.609,0.79618,0.79623,1.13,1.13
2012.07.05 07:47:21.167,0.79617,0.79623,2.63,1.88
2012.07.05 07:47:23.995,0.79615,0.79623,3.00,1.88
2012.07.05 07:47:24.491,0.79618,0.79624,2.25,1.88
2012.07.05 07:47:25.127,0.79618,0.79623,1.50,1.13
2012.07.05 07:47:25.678,0.79618,0.79623,1.50,1.13
2012.07.05 07:47:27.013,0.79618,0.79624,3.38,1.88
2012.07.05 07:47:27.369,0.79621,0.79627,1.13,5.63
2012.07.05 07:47:27.508,0.79621,0.79627,1.13,2.63
2012.07.05 07:47:28.067,0.79622,0.79628,1.13,3.38
2012.07.05 07:47:30.556,0.7962,0.79628,1.88,3.38
2012.07.05 07:47:32.547,0.79619,0.79627,2.63,2.63
2012.07.05 07:47:34.679,0.79619,0.79627,2.63,2.63
2012.07.05 07:47:37.298,0.79619,0.79627,2.63,3.38
2012.07.05 07:47:38.050,0.79619,0.79627,2.63,3.75
2012.07.05 07:47:38.190,0.79618,0.79623,1.88,1.13
2012.07.05 07:47:38.550,0.79615,0.7962,2.63,1.88
2012.07.05 07:47:38.839,0.79613,0.79618,1.50,1.13
2012.07.05 07:47:40.227,0.79612,0.79618,2.63,1.88
2012.07.05 07:47:41.791,0.79611,0.79617,2.63,1.13
2012.07.05 07:47:43.151,0.7961,0.79615,1.50,1.13
2012.07.05 07:47:43.227,0.7961,0.79615,1.88,1.13
2012.07.05 07:47:46.508,0.7961,0.79617,2.63,2.63
2012.07.05 07:47:46.709,0.79612,0.79618,1.13,1.50
2012.07.05 07:47:46.987,0.79612,0.79619,2.63,1.88
2012.07.05 07:47:48.049,0.79613,0.79619,1.88,1.50
2012.07.05 07:47:48.120,0.79614,0.7962,1.88,1.50
2012.07.05 07:47:48.257,0.79617,0.79621,1.13,1.50
2012.07.05 07:47:48.806,0.79617,0.79623,1.13,3.75
2012.07.05 07:47:49.560,0.79616,0.79623,1.50,3.38
2012.07.05 07:47:49.981,0.79614,0.79619,1.50,1.13
2012.07.05 07:47:50.527,0.79614,0.7962,1.88,1.88
2012.07.05 07:47:53.647,0.79613,0.79619,3.38,1.13
2012.07.05 07:47:54.501,0.79614,0.79621,1.88,1.50
2012.07.05 07:47:56.280,0.79615,0.79622,1.13,4.88
2012.07.05 07:47:56.568,0.79616,0.79623,1.88,2.25
2012.07.05 07:47:57.127,0.79616,0.79623,1.88,1.50
2012.07.05 07:48:16.777,0.79615,0.79621,3.38,1.13
2012.07.05 07:48:17.328,0.79615,0.79621,1.88,1.88
2012.07.05 07:48:18.690,0.79616,0.79622,1.13,3.38
2012.07.05 07:48:19.252,0.79616,0.79623,1.88,3.00
2012.07.05 07:48:19.678,0.79617,0.79624,1.50,1.88
2012.07.05 07:48:21.417,0.79616,0.79623,3.38,1.50
2012.07.05 07:48:25.890,0.79616,0.79623,1.88,2.25
2012.07.05 07:48:26.460,0.79616,0.79624,2.63,3.00
2012.07.05 07:48:26.610,0.79618,0.79624,1.88,2.25
2012.07.05 07:48:27.788,0.79617,0.79623,1.88,1.13
2012.07.05 07:48:29.061,0.79617,0.79623,1.13,1.88
2012.07.05 07:48:36.919,0.79617,0.79623,1.88,1.88
2012.07.05 07:48:38.492,0.79618,0.79624,1.88,1.88
2012.07.05 07:48:39.468,0.79621,0.79627,1.13,4.13
2012.07.05 07:48:39.796,0.79622,0.79627,1.50,2.63
2012.07.05 07:48:39.874,0.79625,0.7963,1.13,1.50
2012.07.05 07:48:40.405,0.79625,0.7963,1.88,1.50
2012.07.05 07:48:41.118,0.79625,0.7963,1.13,1.50
2012.07.05 07:48:42.608,0.79625,0.79631,2.63,1.88
2012.07.05 07:48:43.148,0.79625,0.79631,2.63,1.13
2012.07.05 07:48:45.734,0.79626,0.79632,1.88,1.88
2012.07.05 07:48:48.202,0.79628,0.79634,1.50,2.25
2012.07.05 07:48:48.840,0.7963,0.79637,1.50,3.38
2012.07.05 07:48:48.940,0.79632,0.79638,1.88,1.13
2012.07.05 07:48:49.729,0.79632,0.79638,2.63,1.13
2012.07.05 07:48:50.687,0.79633,0.79639,1.13,2.63
2012.07.05 07:48:51.229,0.79634,0.7964,1.13,1.88
2012.07.05 07:48:53.063,0.79632,0.7964,1.88,1.88
2012.07.05 07:48:53.617,0.79633,0.7964,1.50,1.13
2012.07.05 07:48:55.835,0.79633,0.79641,2.63,3.38
2012.07.05 07:48:56.385,0.79633,0.79641,3.38,2.63
2012.07.05 07:49:01.888,0.79634,0.79641,1.88,1.50
2012.07.05 07:49:02.551,0.79634,0.79641,1.13,2.25
2012.07.05 07:49:04.078,0.79634,0.79641,1.88,1.50
2012.07.05 07:49:04.293,0.79631,0.79638,1.13,1.50
2012.07.05 07:49:04.444,0.79631,0.79636,1.13,1.13
2012.07.05 07:49:05.009,0.7963,0.79636,1.13,1.88
2012.07.05 07:49:06.611,0.79629,0.79635,3.00,1.13
2012.07.05 07:49:08.308,0.79629,0.79635,1.50,1.88
2012.07.05 07:49:09.210,0.79628,0.79633,1.13,1.13
2012.07.05 07:49:09.757,0.79627,0.79635,1.88,1.88
2012.07.05 07:49:11.912,0.7963,0.79636,1.13,4.13
2012.07.05 07:49:12.133,0.7963,0.79636,1.13,1.88
2012.07.05 07:49:14.341,0.79631,0.79637,1.13,1.88
2012.07.05 07:49:14.883,0.79632,0.79637,1.50,1.13
2012.07.05 07:49:15.551,0.79633,0.79638,1.13,1.50
2012.07.05 07:49:15.629,0.79633,0.79639,1.88,1.13
2012.07.05 07:49:16.201,0.79633,0.79641,3.38,4.50
2012.07.05 07:49:29.397,0.79637,0.79642,1.88,1.50
2012.07.05 07:49:29.610,0.79639,0.79646,1.50,2.63
2012.07.05 07:49:30.158,0.7964,0.79646,1.50,1.13
2012.07.05 07:49:30.677,0.7964,0.79646,3.00,1.13
2012.07.05 07:49:31.228,0.7964,0.79646,2.25,1.13
2012.07.05 07:49:32.068,0.79641,0.79648,1.13,2.25
2012.07.05 07:49:32.612,0.79641,0.79649,1.88,3.38
2012.07.05 07:49:33.159,0.79641,0.79649,1.88,1.88
2012.07.05 07:49:33.707,0.79641,0.79649,1.88,3.38
2012.07.05 07:49:34.261,0.79639,0.79647,2.25,4.13
2012.07.05 07:49:34.818,0.79639,0.79647,2.25,4.13
2012.07.05 07:49:35.789,0.79639,0.79647,2.25,3.38
2012.07.05 07:49:38.970,0.7964,0.79647,1.88,1.88
2012.07.05 07:49:44.178,0.79639,0.79647,3.00,4.13
2012.07.05 07:49:44.628,0.7964,0.79647,1.13,2.63
2012.07.05 07:49:47.007,0.7964,0.79648,2.25,3.38
2012.07.05 07:49:48.846,0.7964,0.79646,2.25,1.13
2012.07.05 07:49:48.979,0.7964,0.79646,2.25,1.88
2012.07.05 07:49:56.362,0.7964,0.79646,2.25,1.13
2012.07.05 07:49:57.608,0.7964,0.79646,1.88,1.88
2012.07.05 07:49:59.928,0.7964,0.79646,1.88,1.13
2012.07.05 07:50:00.469,0.79641,0.79647,1.88,1.13
2012.07.05 07:50:17.238,0.79641,0.79648,1.88,1.50
2012.07.05 07:50:22.508,0.79641,0.79648,3.38,1.50
2012.07.05 07:50:22.578,0.79642,0.79651,1.50,4.50
2012.07.05 07:50:25.475,0.79642,0.79649,1.13,1.88
2012.07.05 07:50:25.900,0.79641,0.79647,3.10,1.13
2012.07.05 07:50:26.052,0.79641,0.79646,1.50,1.13
2012.07.05 07:50:26.269,0.7964,0.79646,1.13,1.88
2012.07.05 07:50:27.832,0.79638,0.79642,1.13,1.88
2012.07.05 07:50:27.993,0.79635,0.79642,2.63,3.38
2012.07.05 07:50:28.070,0.79634,0.79641,1.13,1.50
2012.07.05 07:50:28.211,0.79632,0.79641,1.13,1.50
2012.07.05 07:50:28.777,0.79631,0.7964,2.25,3.00
2012.07.05 07:50:29.299,0.79629,0.79638,4.13,1.50
2012.07.05 07:50:30.672,0.79628,0.79637,1.50,2.25
2012.07.05 07:50:31.437,0.79627,0.79636,1.50,2.26
2012.07.05 07:50:31.789,0.79625,0.79629,2.25,1.13
2012.07.05 07:50:32.346,0.79624,0.7963,2.25,1.13
2012.07.05 07:50:32.857,0.79624,0.7963,1.50,1.88
2012.07.05 07:50:34.299,0.79624,0.79631,1.50,1.88
2012.07.05 07:50:34.580,0.79627,0.79634,1.50,1.13
2012.07.05 07:50:34.931,0.79626,0.79636,3.38,3.00
2012.07.05 07:50:35.497,0.79629,0.79637,1.88,1.13
2012.07.05 07:50:36.172,0.79629,0.79639,3.75,4.88
2012.07.05 07:50:36.529,0.79633,0.79643,2.63,4.13
2012.07.05 07:50:37.068,0.79633,0.79642,4.13,1.50
2012.07.05 07:50:38.589,0.79633,0.79643,4.50,2.63
2012.07.05 07:50:39.137,0.79637,0.79643,1.13,1.13
2012.07.05 07:50:40.238,0.79637,0.79644,1.13,2.63
2012.07.05 07:50:40.700,0.79635,0.79643,1.88,3.38
2012.07.05 07:50:40.780,0.79634,0.79641,2.25,1.13
2012.07.05 07:50:41.200,0.79633,0.79639,1.50,1.50
2012.07.05 07:50:41.772,0.79631,0.79639,2.25,3.38
2012.07.05 07:50:42.325,0.7963,0.79634,3.38,1.13
2012.07.05 07:50:42.470,0.7963,0.79634,1.13,1.13
2012.07.05 07:50:47.807,0.7963,0.79635,1.88,1.13
2012.07.05 07:50:51.837,0.7963,0.79636,3.00,1.13
2012.07.05 07:50:52.346,0.7963,0.79636,3.00,1.13
2012.07.05 07:50:57.090,0.7963,0.79639,6.00,1.88
2012.07.05 07:51:00.861,0.7963,0.79636,4.13,1.13
2012.07.05 07:51:01.382,0.79631,0.79637,1.13,1.13
2012.07.05 07:51:07.249,0.79631,0.79637,2.63,1.13
2012.07.05 07:51:07.797,0.79631,0.79639,4.13,3.00
2012.07.05 07:51:08.389,0.79633,0.79639,1.50,2.25
2012.07.05 07:51:09.878,0.79633,0.79639,2.63,1.13
2012.07.05 07:51:09.949,0.79633,0.79639,2.63,1.88
2012.07.05 07:51:11.500,0.79634,0.7964,1.13,1.50
2012.07.05 07:51:11.782,0.79634,0.79642,2.63,3.75
2012.07.05 07:51:16.888,0.79635,0.79642,3.38,2.25
2012.07.05 07:51:20.899,0.79638,0.79643,1.13,2.25
2012.07.05 07:51:21.171,0.79638,0.79646,2.63,6.38
2012.07.05 07:51:21.249,0.79638,0.79646,2.63,5.63
2012.07.05 07:51:23.189,0.79638,0.79647,1.13,1.88
2012.07.05 07:51:24.309,0.79639,0.79648,1.50,3.38
2012.07.05 07:51:27.857,0.7964,0.79648,2.63,4.13
2012.07.05 07:51:28.198,0.79639,0.79645,3.38,1.13
2012.07.05 07:51:28.914,0.79639,0.79645,1.88,1.88
2012.07.05 07:51:30.671,0.79637,0.79642,1.13,1.13
2012.07.05 07:51:31.031,0.79635,0.79639,1.50,1.13
2012.07.05 07:51:31.448,0.79632,0.79639,2.63,1.88
2012.07.05 07:51:35.168,0.79632,0.79638,1.88,1.13
2012.07.05 07:51:36.208,0.79631,0.79636,1.50,1.13
2012.07.05 07:51:36.731,0.79629,0.79634,2.25,1.13
2012.07.05 07:51:36.816,0.79627,0.79634,1.88,1.88
2012.07.05 07:51:36.893,0.79626,0.79632,2.25,1.13
2012.07.05 07:51:39.031,0.79627,0.79633,2.63,1.88
2012.07.05 07:51:39.546,0.79627,0.79633,3.38,1.88
2012.07.05 07:51:39.754,0.79631,0.79635,1.13,1.50
2012.07.05 07:51:39.832,0.79631,0.79637,1.13,1.88
2012.07.05 07:51:39.909,0.79632,0.79638,1.13,2.63
2012.07.05 07:51:40.719,0.7963,0.79638,3.38,4.88
2012.07.05 07:51:41.357,0.79632,0.79638,1.13,3.00
2012.07.05 07:51:48.400,0.79633,0.79639,1.13,3.00
2012.07.05 07:51:48.961,0.79633,0.7964,1.13,1.88
2012.07.05 07:51:49.500,0.79634,0.7964,1.13,1.88
2012.07.05 07:51:56.446,0.79635,0.7964,1.13,1.50
2012.07.05 07:51:57.358,0.79635,0.79642,1.13,5.25
2012.07.05 07:51:58.716,0.79635,0.79641,1.13,1.13
2012.07.05 07:52:01.379,0.79635,0.79641,1.88,1.13
2012.07.05 07:52:04.557,0.79637,0.79642,1.13,3.38
2012.07.05 07:52:11.872,0.79635,0.79641,1.88,1.50
2012.07.05 07:52:14.957,0.79635,0.79641,1.13,2.25
2012.07.05 07:52:15.510,0.79634,0.7964,1.13,2.63
2012.07.05 07:52:22.286,0.79634,0.7964,1.13,3.75
2012.07.05 07:52:22.358,0.79631,0.79639,3.00,2.25
2012.07.05 07:52:27.777,0.79634,0.7964,1.13,3.38
2012.07.05 07:52:38.227,0.79632,0.7964,1.88,4.13
2012.07.05 07:52:38.428,0.79634,0.7964,1.13,2.63
2012.07.05 07:52:38.977,0.79635,0.79641,1.13,1.13
2012.07.05 07:52:40.600,0.79635,0.79642,1.13,4.13
2012.07.05 07:52:42.767,0.79637,0.79642,1.13,3.38
2012.07.05 07:52:48.698,0.79637,0.79642,1.13,1.88
2012.07.05 07:52:55.928,0.79634,0.79639,1.50,1.13
2012.07.05 07:52:56.572,0.79631,0.79639,6.38,1.13
2012.07.05 07:52:57.880,0.79632,0.79639,2.25,1.13
2012.07.05 07:53:05.036,0.79633,0.79639,2.63,1.13
2012.07.05 07:53:05.107,0.79637,0.79641,1.13,1.50
2012.07.05 07:53:05.460,0.79639,0.79645,1.13,1.13
2012.07.05 07:53:06.419,0.7964,0.79646,2.63,1.88
2012.07.05 07:53:06.941,0.7964,0.79646,2.63,1.13
2012.07.05 07:53:07.442,0.7964,0.79646,1.13,1.88
2012.07.05 07:53:08.968,0.7964,0.79646,2.63,1.13
2012.07.05 07:53:09.830,0.79641,0.79649,1.13,4.88
2012.07.05 07:53:09.901,0.79642,0.79649,1.50,3.38
2012.07.05 07:53:10.041,0.79643,0.79651,3.38,4.88
2012.07.05 07:53:10.367,0.79643,0.79651,4.13,3.38
2012.07.05 07:53:11.018,0.79643,0.79651,4.13,3.38
2012.07.05 07:53:14.830,0.79643,0.7965,3.00,1.13
2012.07.05 07:53:15.590,0.79643,0.7965,3.75,1.13
2012.07.05 07:53:16.793,0.79643,0.79649,1.50,1.13
2012.07.05 07:53:16.938,0.79641,0.79649,3.38,1.88
2012.07.05 07:53:17.069,0.79641,0.79649,2.63,4.13
2012.07.05 07:53:18.111,0.7964,0.79646,2.63,1.88
2012.07.05 07:53:28.347,0.7964,0.79646,3.00,1.88
2012.07.05 07:53:28.861,0.79641,0.79646,1.13,1.13
2012.07.05 07:53:28.949,0.79641,0.79648,1.13,1.88
2012.07.05 07:53:43.767,0.79641,0.79647,1.50,1.13
2012.07.05 07:54:01.239,0.7964,0.79647,1.50,1.88
2012.07.05 07:54:04.096,0.7964,0.79646,1.88,1.13
2012.07.05 07:54:04.821,0.7964,0.79648,2.63,2.63
2012.07.05 07:54:08.153,0.7964,0.79646,2.63,1.13
2012.07.05 07:54:08.709,0.79639,0.79647,4.13,1.88
2012.07.05 07:54:19.498,0.79639,0.79646,2.63,1.13
2012.07.05 07:54:21.362,0.79639,0.79646,1.88,1.13
2012.07.05 07:54:22.125,0.79639,0.79646,2.63,1.13
2012.07.05 07:54:22.638,0.79639,0.79647,3.75,1.88
2012.07.05 07:54:24.649,0.79639,0.79646,2.63,1.13
2012.07.05 07:54:29.559,0.79641,0.79647,1.13,2.63
2012.07.05 07:54:30.106,0.79641,0.79647,1.88,1.13
2012.07.05 07:54:31.616,0.7964,0.79646,2.63,1.13
2012.07.05 07:54:31.687,0.7964,0.79646,1.88,1.13
2012.07.05 07:54:40.389,0.7964,0.79646,4.13,1.13
2012.07.05 07:54:41.799,0.79641,0.79647,1.88,1.13
2012.07.05 07:54:42.394,0.79644,0.79649,1.50,1.13
2012.07.05 07:54:44.109,0.79644,0.79651,3.00,1.13
2012.07.05 07:54:44.709,0.79645,0.79651,3.38,1.13
2012.07.05 07:54:45.810,0.79647,0.79653,1.88,1.88
2012.07.05 07:54:46.348,0.79648,0.79655,2.25,1.88
2012.07.05 07:54:47.718,0.79648,0.79654,2.63,1.88
2012.07.05 07:54:51.168,0.79648,0.79656,2.63,2.63
2012.07.05 07:54:54.479,0.79651,0.79657,1.13,3.38
2012.07.05 07:54:54.690,0.79651,0.79657,1.13,1.88
2012.07.05 07:54:55.487,0.79652,0.79658,1.13,4.88
2012.07.05 07:54:55.627,0.7965,0.79658,2.63,4.13
2012.07.05 07:54:56.770,0.79651,0.79658,1.13,2.25
2012.07.05 07:54:57.488,0.79651,0.79658,1.88,1.50
2012.07.05 07:55:00.029,0.79652,0.79659,3.00,1.13
2012.07.05 07:55:01.052,0.79652,0.79659,3.00,1.88
2012.07.05 07:55:01.888,0.79652,0.79659,3.00,1.88
2012.07.05 07:55:02.301,0.79652,0.79659,3.00,1.88
2012.07.05 07:55:04.613,0.79652,0.79659,3.38,1.13
2012.07.05 07:55:11.840,0.79652,0.79657,2.25,1.88
2012.07.05 07:55:12.132,0.7965,0.79656,1.50,3.75
2012.07.05 07:55:12.428,0.79649,0.79655,1.88,1.50
2012.07.05 07:55:12.569,0.79649,0.79654,1.13,1.50
2012.07.05 07:55:13.200,0.79649,0.79656,1.13,3.38
2012.07.05 07:55:13.413,0.79649,0.79656,1.13,4.13
2012.07.05 07:55:13.561,0.79646,0.79654,3.38,2.63
2012.07.05 07:55:13.642,0.79645,0.79652,3.38,1.13
2012.07.05 07:55:14.209,0.79645,0.79652,1.13,2.63
2012.07.05 07:55:15.448,0.79645,0.7965,1.88,1.13
2012.07.05 07:55:15.789,0.79641,0.79645,4.64,1.13
2012.07.05 07:55:15.929,0.79639,0.79645,2.63,1.13
2012.07.05 07:55:16.141,0.79637,0.79643,4.50,1.13
2012.07.05 07:55:16.701,0.79637,0.79643,1.88,2.63
2012.07.05 07:55:17.183,0.79638,0.79646,3.38,3.38
2012.07.05 07:55:17.330,0.79638,0.79642,2.25,1.13
2012.07.05 07:55:17.831,0.79637,0.79644,2.63,1.50
2012.07.05 07:55:18.928,0.79637,0.79644,3.38,1.50
2012.07.05 07:55:19.432,0.79639,0.79645,1.50,1.88
2012.07.05 07:55:20.320,0.79642,0.79646,1.13,1.50
2012.07.05 07:55:20.460,0.7964,0.79647,1.50,2.63
2012.07.05 07:55:21.021,0.79642,0.79647,1.13,1.50
2012.07.05 07:55:21.100,0.79645,0.79649,1.13,2.25
2012.07.05 07:55:21.240,0.79643,0.79649,1.50,3.00
2012.07.05 07:55:21.377,0.79646,0.79651,1.13,1.50
2012.07.05 07:55:21.943,0.79645,0.79651,1.13,3.38
2012.07.05 07:55:22.477,0.79644,0.7965,1.13,1.88
2012.07.05 07:55:25.259,0.79643,0.79649,1.88,1.88
2012.07.05 07:55:27.198,0.79642,0.79648,2.63,1.88
2012.07.05 07:55:27.727,0.79642,0.79648,1.13,2.63
2012.07.05 07:55:29.033,0.79641,0.79647,1.13,1.88
2012.07.05 07:55:29.469,0.79639,0.79647,2.63,3.38
2012.07.05 07:55:32.847,0.79639,0.79646,2.63,2.25
2012.07.05 07:55:32.918,0.79643,0.79648,1.13,7.50
2012.07.05 07:55:33.128,0.79643,0.79648,1.13,2.25
2012.07.05 07:55:33.410,0.79641,0.79647,1.13,3.38
2012.07.05 07:55:34.397,0.7964,0.79646,2.63,2.63
2012.07.05 07:55:35.424,0.79641,0.79647,1.13,1.88
2012.07.05 07:55:36.201,0.79644,0.79649,1.13,2.25
2012.07.05 07:55:36.282,0.79644,0.7965,1.13,1.13
2012.07.05 07:55:36.355,0.79647,0.79651,1.13,1.50
2012.07.05 07:55:36.502,0.79647,0.79653,1.13,4.43
2012.07.05 07:55:37.059,0.79647,0.79653,1.13,2.63
2012.07.05 07:55:37.200,0.79645,0.79649,2.25,1.13
2012.07.05 07:55:37.341,0.79643,0.79648,3.00,1.13
2012.07.05 07:55:37.780,0.79642,0.79648,3.38,1.88
2012.07.05 07:55:38.410,0.79645,0.7965,1.13,2.63
2012.07.05 07:55:38.551,0.79645,0.79652,1.13,1.13
2012.07.05 07:55:40.511,0.79644,0.79649,1.50,1.13
2012.07.05 07:55:41.068,0.79644,0.79648,1.50,1.13
2012.07.05 07:55:41.140,0.79642,0.79648,3.38,1.13
2012.07.05 07:55:41.348,0.79642,0.79646,1.50,1.13
2012.07.05 07:55:41.877,0.79641,0.79645,2.25,1.13
2012.07.05 07:55:43.279,0.79641,0.79647,2.63,1.88
2012.07.05 07:55:43.630,0.79641,0.79649,3.38,4.13
2012.07.05 07:55:44.200,0.79643,0.79649,1.13,1.88
2012.07.05 07:55:45.660,0.79643,0.79649,1.13,1.50
2012.07.05 07:55:46.429,0.79645,0.7965,1.13,3.00
2012.07.05 07:55:46.872,0.79643,0.79649,1.88,1.50
2012.07.05 07:55:50.068,0.79641,0.79647,2.25,1.88
2012.07.05 07:55:50.486,0.7964,0.79645,2.25,1.88
2012.07.05 07:55:55.878,0.79643,0.79647,1.13,1.50
2012.07.05 07:55:55.952,0.79641,0.79648,1.50,1.50
2012.07.05 07:55:56.240,0.79643,0.79649,1.13,2.63
2012.07.05 07:55:58.920,0.79648,0.79652,1.13,3.75
2012.07.05 07:55:58.992,0.79648,0.79652,1.13,1.88
2012.07.05 07:56:02.053,0.79648,0.79656,1.88,3.38
2012.07.05 07:56:04.588,0.79649,0.79656,1.13,1.50
2012.07.05 07:56:04.800,0.79651,0.79656,1.13,1.50
2012.07.05 07:56:05.220,0.79651,0.79657,1.13,2.63
2012.07.05 07:56:05.350,0.79651,0.79657,1.13,2.63
2012.07.05 07:56:14.696,0.7965,0.79656,1.13,2.63
2012.07.05 07:56:17.439,0.79651,0.79656,1.13,1.50
2012.07.05 07:56:18.598,0.79651,0.79657,1.13,4.13
2012.07.05 07:56:22.511,0.79652,0.79657,1.13,1.50
2012.07.05 07:56:23.720,0.7965,0.79657,1.88,1.50
2012.07.05 07:56:24.000,0.79648,0.79656,3.00,2.25
2012.07.05 07:56:24.528,0.7965,0.79655,1.88,1.50
2012.07.05 07:56:24.908,0.79652,0.79657,1.13,2.25
2012.07.05 07:56:26.470,0.79651,0.79657,1.13,4.13
2012.07.05 07:56:26.799,0.79651,0.79656,1.13,1.50
2012.07.05 07:56:27.521,0.7965,0.79656,1.88,2.63
2012.07.05 07:56:27.661,0.79647,0.79655,1.50,1.50
2012.07.05 07:56:28.518,0.79647,0.79653,2.63,1.88
2012.07.05 07:56:28.730,0.79644,0.7965,3.75,1.13
2012.07.05 07:56:28.870,0.79644,0.7965,2.63,1.88
2012.07.05 07:56:29.010,0.79643,0.79649,1.88,1.50
2012.07.05 07:56:29.226,0.79641,0.79649,1.13,3.00
2012.07.05 07:56:29.980,0.7964,0.79647,2.25,1.88
2012.07.05 07:56:30.588,0.79639,0.79645,2.63,1.13
2012.07.05 07:56:32.674,0.79642,0.79647,1.13,1.50
2012.07.05 07:56:33.029,0.79645,0.79651,1.13,3.38
2012.07.05 07:56:35.494,0.79646,0.79651,1.13,1.50
2012.07.05 07:56:36.170,0.79648,0.79654,1.13,3.38
2012.07.05 07:56:36.239,0.79648,0.79654,1.13,2.63
2012.07.05 07:56:36.569,0.79647,0.79653,1.13,3.38
2012.07.05 07:56:36.839,0.79645,0.79651,1.13,1.50
2012.07.05 07:56:37.369,0.79645,0.79651,1.13,2.25
2012.07.05 07:56:37.440,0.79643,0.79649,1.13,1.88
2012.07.05 07:56:37.719,0.7964,0.79648,1.88,3.38
2012.07.05 07:56:39.777,0.79641,0.79647,1.13,2.63
2012.07.05 07:56:41.897,0.79641,0.79646,1.13,1.50
2012.07.05 07:56:41.968,0.79639,0.79645,2.63,1.50
2012.07.05 07:56:46.277,0.79639,0.79646,2.25,1.13
2012.07.05 07:56:46.828,0.7964,0.79646,1.13,1.13
2012.07.05 07:56:47.039,0.7964,0.79645,1.13,1.50
2012.07.05 07:56:47.392,0.79634,0.7964,1.13,1.88
2012.07.05 07:56:47.469,0.79634,0.7964,1.13,3.38
2012.07.05 07:56:48.019,0.79635,0.79642,1.13,3.00
2012.07.05 07:56:48.228,0.79635,0.79642,1.88,1.50
2012.07.05 07:56:49.832,0.79637,0.79644,2.25,2.25
2012.07.05 07:56:49.913,0.7964,0.79645,1.13,1.50
2012.07.05 07:56:50.537,0.79642,0.79648,1.88,2.63
2012.07.05 07:56:51.168,0.79643,0.79648,1.13,1.50
2012.07.05 07:56:53.639,0.79645,0.79651,1.13,6.38
2012.07.05 07:56:53.859,0.79645,0.79651,1.13,2.63
2012.07.05 07:56:54.283,0.79646,0.79653,1.13,1.50
2012.07.05 07:56:54.646,0.79648,0.79654,1.13,2.63
2012.07.05 07:57:00.587,0.79647,0.79653,1.88,1.13
2012.07.05 07:57:00.941,0.79644,0.7965,2.63,1.50
2012.07.05 07:57:02.610,0.79644,0.7965,1.88,1.88
2012.07.05 07:57:03.159,0.79643,0.7965,1.88,1.65
2012.07.05 07:57:13.757,0.79645,0.7965,1.13,2.03
2012.07.05 07:57:14.336,0.79643,0.7965,1.88,2.78
2012.07.05 07:57:14.547,0.79645,0.7965,1.13,2.78
2012.07.05 07:57:17.063,0.79645,0.79649,1.13,1.13
2012.07.05 07:57:30.941,0.79641,0.79649,3.00,1.88
2012.07.05 07:57:31.019,0.79643,0.79649,1.13,1.88
2012.07.05 07:57:32.238,0.79645,0.79649,1.13,1.28
2012.07.05 07:57:37.152,0.79645,0.7965,1.13,1.50
2012.07.05 07:57:38.949,0.79645,0.79653,2.63,3.15
2012.07.05 07:57:40.852,0.79648,0.79654,1.88,2.63
2012.07.05 07:57:40.931,0.79648,0.79654,2.63,1.88
2012.07.05 07:57:42.552,0.79648,0.79656,4.13,2.63
2012.07.05 07:57:43.079,0.79648,0.79656,4.13,3.38
2012.07.05 07:57:43.818,0.79649,0.79656,1.50,2.63
2012.07.05 07:57:44.326,0.79648,0.79656,3.38,4.13
2012.07.05 07:57:45.531,0.79648,0.79656,4.88,2.63
2012.07.05 07:57:46.208,0.79648,0.79656,4.88,2.63
2012.07.05 07:57:51.809,0.79648,0.79656,3.38,1.88
2012.07.05 07:57:52.359,0.79648,0.79656,3.38,1.88
2012.07.05 07:57:53.249,0.79648,0.79656,4.88,1.88
2012.07.05 07:57:56.510,0.79649,0.79656,1.50,1.13
2012.07.05 07:57:58.318,0.79648,0.79656,4.88,1.88
2012.07.05 07:58:00.290,0.79648,0.79656,4.13,1.88
2012.07.05 07:58:00.909,0.7965,0.79656,1.13,2.63
2012.07.05 07:58:01.049,0.79649,0.79656,3.75,1.88
2012.07.05 07:58:05.510,0.79651,0.79658,1.50,2.63
2012.07.05 07:58:06.228,0.79652,0.79658,1.50,1.13
2012.07.05 07:58:15.828,0.79652,0.7966,3.38,4.13
2012.07.05 07:58:16.393,0.79652,0.7966,4.13,2.63
2012.07.05 07:58:16.925,0.79653,0.7966,2.25,3.15
2012.07.05 07:58:17.461,0.79653,0.7966,1.50,1.13
2012.07.05 07:58:19.429,0.79652,0.7966,3.38,2.63
2012.07.05 07:58:20.578,0.79653,0.7966,1.50,1.88
2012.07.05 07:58:21.997,0.79652,0.7966,4.88,2.63
2012.07.05 07:58:22.200,0.79654,0.79661,1.50,2.78
2012.07.05 07:58:22.479,0.79658,0.79662,1.13,1.13
2012.07.05 07:58:22.831,0.7966,0.79666,3.00,3.62
2012.07.05 07:58:23.369,0.79662,0.79669,4.13,1.50
2012.07.05 07:58:23.953,0.79662,0.79668,1.88,3.15
2012.07.05 07:58:24.519,0.79662,0.79668,1.88,1.88
2012.07.05 07:58:25.718,0.7966,0.79666,2.25,3.98
2012.07.05 07:58:25.792,0.79658,0.79665,4.13,5.25
2012.07.05 07:58:25.946,0.79657,0.79664,1.88,2.25
2012.07.05 07:58:26.090,0.79659,0.79665,1.13,1.88
2012.07.05 07:58:26.373,0.7966,0.79666,1.13,3.38
2012.07.05 07:58:34.527,0.79659,0.79665,1.13,1.13
2012.07.05 07:58:35.550,0.79661,0.79666,1.13,1.50
2012.07.05 07:58:37.753,0.7966,0.79666,1.13,2.63
2012.07.05 07:58:41.473,0.79661,0.79666,1.13,1.50
2012.07.05 07:58:42.084,0.79662,0.79666,1.13,1.50
2012.07.05 07:58:42.860,0.79662,0.79668,1.13,4.28
2012.07.05 07:58:44.050,0.79662,0.79668,1.13,4.50
2012.07.05 07:58:44.922,0.79658,0.79666,2.25,2.25
2012.07.05 07:58:45.071,0.79659,0.79666,1.88,2.25
2012.07.05 07:58:45.349,0.79657,0.79664,4.13,1.50
2012.07.05 07:58:47.350,0.79657,0.79665,2.63,4.13
2012.07.05 07:58:52.389,0.79658,0.79664,2.63,1.13
2012.07.05 07:58:52.951,0.79658,0.79664,1.13,3.38
2012.07.05 07:58:56.351,0.79658,0.79665,2.63,2.25
2012.07.05 07:58:56.877,0.79658,0.79666,2.63,2.63
2012.07.05 07:59:03.598,0.79658,0.79666,1.13,4.88
2012.07.05 07:59:04.149,0.79657,0.79664,1.88,2.25
2012.07.05 07:59:05.097,0.79657,0.79665,1.88,4.13
2012.07.05 07:59:16.400,0.79659,0.79665,1.13,3.15
2012.07.05 07:59:22.178,0.79657,0.79663,1.88,1.13
2012.07.05 07:59:22.690,0.79656,0.79663,1.50,1.88
2012.07.05 07:59:24.868,0.79658,0.79664,1.13,4.65
2012.07.05 07:59:25.397,0.79658,0.79664,1.13,2.63
2012.07.05 07:59:28.099,0.79658,0.79665,1.88,1.65
2012.07.05 07:59:28.638,0.79658,0.79666,3.38,2.40
2012.07.05 07:59:30.069,0.79658,0.79666,2.63,2.40
2012.07.05 07:59:32.176,0.79658,0.79666,2.63,2.40
2012.07.05 07:59:32.865,0.79658,0.79666,3.38,2.40
2012.07.05 07:59:34.423,0.79658,0.79666,3.38,2.40
2012.07.05 07:59:35.612,0.79658,0.79666,2.63,1.88
2012.07.05 07:59:36.179,0.79659,0.79665,1.13,1.13
2012.07.05 07:59:38.407,0.79659,0.79667,1.13,4.13
2012.07.05 07:59:40.233,0.79659,0.79667,1.88,1.88
2012.07.05 07:59:47.309,0.79659,0.79667,2.63,4.88
2012.07.05 07:59:49.700,0.79659,0.79664,1.50,1.13
2012.07.05 07:59:52.253,0.7966,0.79665,1.13,1.50
2012.07.05 07:59:57.108,0.7966,0.79667,1.88,4.65
2012.07.05 07:59:58.017,0.7966,0.79667,1.88,4.13
2012.07.05 07:59:58.459,0.79659,0.79667,1.13,6.75
