2012.07.03 20:00:04.265,0.7982,0.79827,1.13,3.00
2012.07.03 20:00:04.744,0.7982,0.79828,2.63,1.13
2012.07.03 20:00:18.354,0.7982,0.79828,3.38,1.88
2012.07.03 20:00:20.003,0.7982,0.79828,3.38,1.88
2012.07.03 20:00:20.545,0.7982,0.79828,3.38,1.88
2012.07.03 20:00:23.353,0.79821,0.79829,1.88,3.38
2012.07.03 20:00:27.153,0.79821,0.79829,1.88,3.38
2012.07.03 20:00:27.654,0.79821,0.79828,1.13,2.25
2012.07.03 20:00:29.252,0.79821,0.79829,1.13,2.63
2012.07.03 20:00:40.812,0.79821,0.79829,1.13,1.88
2012.07.03 20:00:44.734,0.79821,0.79829,1.13,1.88
2012.07.03 20:00:53.885,0.79821,0.79829,1.13,2.63
2012.07.03 20:00:54.483,0.79821,0.79829,1.13,1.88
2012.07.03 20:01:00.864,0.79821,0.79829,1.88,1.88
2012.07.03 20:01:02.156,0.79821,0.79831,1.88,3.38
2012.07.03 20:01:05.383,0.79821,0.79831,1.88,3.38
2012.07.03 20:01:25.735,0.79821,0.79831,1.13,3.38
2012.07.03 20:01:29.186,0.79824,0.79831,1.88,1.50
2012.07.03 20:01:30.494,0.79822,0.7983,1.88,1.13
2012.07.03 20:01:31.089,0.79822,0.7983,1.88,1.13
2012.07.03 20:01:38.393,0.79824,0.79832,1.88,2.25
2012.07.03 20:01:38.934,0.79824,0.79833,1.88,2.33
2012.07.03 20:01:44.777,0.79825,0.79832,2.25,1.13
2012.07.03 20:01:45.125,0.79827,0.79834,1.13,1.50
2012.07.03 20:01:49.450,0.79827,0.79834,1.88,2.25
2012.07.03 20:01:57.414,0.79826,0.79833,1.50,1.13
2012.07.03 20:02:02.803,0.79826,0.79832,1.50,1.13
2012.07.03 20:02:03.333,0.79826,0.79834,1.13,1.88
2012.07.03 20:02:06.304,0.79824,0.79832,2.25,1.13
2012.07.03 20:02:06.864,0.79822,0.79832,3.75,1.13
2012.07.03 20:02:07.992,0.79822,0.79832,3.38,1.13
2012.07.03 20:02:12.294,0.79822,0.79832,4.13,1.13
2012.07.03 20:02:12.368,0.79822,0.79831,4.13,1.50
2012.07.03 20:02:13.154,0.79822,0.79831,3.38,2.25
2012.07.03 20:02:14.276,0.79822,0.7983,2.63,3.00
2012.07.03 20:02:41.751,0.79821,0.79829,1.13,2.25
2012.07.03 20:02:42.107,0.79812,0.79819,1.50,1.50
2012.07.03 20:02:42.188,0.79811,0.79819,4.13,1.50
2012.07.03 20:02:42.855,0.79811,0.7982,2.63,1.50
2012.07.03 20:02:43.786,0.79811,0.79821,2.63,2.25
2012.07.03 20:02:43.927,0.79818,0.79823,1.13,2.25
2012.07.03 20:02:43.994,0.79818,0.79823,1.13,1.50
2012.07.03 20:02:47.238,0.79816,0.79823,1.50,2.25
2012.07.03 20:02:47.784,0.79814,0.79822,2.25,2.25
2012.07.03 20:02:49.942,0.79809,0.79817,2.25,1.88
2012.07.03 20:02:50.572,0.79808,0.79817,1.50,2.63
2012.07.03 20:02:53.224,0.79807,0.79815,3.75,1.13
2012.07.03 20:02:53.437,0.79807,0.79815,1.50,3.38
2012.07.03 20:02:53.515,0.79806,0.79815,1.50,4.13
2012.07.03 20:02:53.867,0.79805,0.79813,3.75,1.88
2012.07.03 20:03:00.225,0.79805,0.79813,3.38,1.88
2012.07.03 20:03:03.842,0.79805,0.79812,2.25,1.88
2012.07.03 20:03:23.365,0.79806,0.79811,1.50,1.13
2012.07.03 20:03:28.730,0.79806,0.79814,1.50,2.63
2012.07.03 20:03:28.820,0.79808,0.79817,1.50,3.00
2012.07.03 20:03:30.225,0.79808,0.79814,1.50,1.88
2012.07.03 20:03:33.557,0.79808,0.79817,1.50,3.00
2012.07.03 20:03:33.941,0.79809,0.79817,2.25,2.25
2012.07.03 20:03:34.493,0.79809,0.79818,2.25,3.38
2012.07.03 20:03:43.572,0.79812,0.7982,1.50,1.50
2012.07.03 20:03:46.722,0.79812,0.79818,1.50,1.50
2012.07.03 20:03:47.363,0.79812,0.79819,1.50,1.50
2012.07.03 20:03:48.900,0.79812,0.79819,1.50,1.50
2012.07.03 20:03:49.423,0.79812,0.79821,1.50,5.63
2012.07.03 20:03:49.933,0.79812,0.7982,1.50,1.50
2012.07.03 20:03:56.425,0.79814,0.7982,1.50,2.63
2012.07.03 20:04:04.472,0.79814,0.7982,1.50,2.63
2012.07.03 20:04:10.506,0.79814,0.7982,1.50,2.63
2012.07.03 20:04:10.843,0.79811,0.79818,1.50,1.88
2012.07.03 20:04:56.393,0.79812,0.79821,1.50,3.00
2012.07.03 20:04:56.525,0.79812,0.79818,1.50,1.88
2012.07.03 20:05:00.417,0.79813,0.7982,1.50,1.50
2012.07.03 20:05:00.488,0.79813,0.7982,1.50,1.13
2012.07.03 20:05:01.285,0.79813,0.7982,1.50,1.13
2012.07.03 20:05:07.203,0.79814,0.79821,1.88,1.50
2012.07.03 20:05:07.274,0.79814,0.79822,1.88,2.25
2012.07.03 20:05:07.556,0.79823,0.79831,1.88,1.50
2012.07.03 20:05:07.975,0.7982,0.79828,2.25,1.13
2012.07.03 20:05:08.116,0.7982,0.79828,1.50,1.88
2012.07.03 20:05:08.915,0.79817,0.79828,1.50,1.88
2012.07.03 20:05:09.453,0.79817,0.79828,1.50,1.13
2012.07.03 20:05:15.302,0.79817,0.79828,1.50,1.88
2012.07.03 20:05:15.900,0.79817,0.79828,1.50,1.13
2012.07.03 20:05:16.567,0.79822,0.7983,1.13,4.13
2012.07.03 20:05:17.123,0.79822,0.7983,1.13,1.13
2012.07.03 20:05:23.322,0.79822,0.7983,1.88,1.13
2012.07.03 20:05:28.019,0.79826,0.79833,1.13,2.25
2012.07.03 20:05:28.165,0.79826,0.79835,1.88,1.50
2012.07.03 20:05:33.184,0.79826,0.79836,2.63,1.88
2012.07.03 20:05:34.556,0.7983,0.79837,1.13,1.50
2012.07.03 20:05:57.076,0.7983,0.79838,1.13,3.38
2012.07.03 20:06:13.706,0.7983,0.79838,1.13,1.13
2012.07.03 20:06:16.561,0.7983,0.79838,1.88,1.88
2012.07.03 20:06:29.963,0.79829,0.79836,3.00,1.13
2012.07.03 20:06:30.317,0.79828,0.79834,2.25,1.13
2012.07.03 20:06:30.598,0.79827,0.79834,1.50,1.88
2012.07.03 20:06:31.690,0.79825,0.79833,1.50,1.50
2012.07.03 20:06:46.637,0.79824,0.79832,1.13,1.50
2012.07.03 20:06:46.968,0.79821,0.79831,2.25,1.88
2012.07.03 20:06:47.112,0.7982,0.7983,1.50,3.00
2012.07.03 20:06:52.278,0.79819,0.79828,1.88,1.50
2012.07.03 20:06:53.429,0.79818,0.79826,1.88,2.25
2012.07.03 20:06:53.988,0.79818,0.79825,1.13,1.50
2012.07.03 20:06:58.801,0.79818,0.79825,1.88,1.50
2012.07.03 20:07:02.610,0.79817,0.79825,2.25,1.50
2012.07.03 20:07:03.797,0.79817,0.79827,1.50,1.50
2012.07.03 20:07:03.869,0.79817,0.79828,1.50,4.88
2012.07.03 20:07:04.922,0.79817,0.79828,1.50,4.13
2012.07.03 20:07:04.990,0.79819,0.79828,1.50,3.38
2012.07.03 20:07:06.052,0.79822,0.7983,1.13,3.00
2012.07.03 20:07:06.133,0.79822,0.79831,1.88,2.25
2012.07.03 20:07:06.411,0.79822,0.79831,2.63,2.25
2012.07.03 20:07:08.770,0.79822,0.7983,1.13,1.50
2012.07.03 20:07:13.957,0.79822,0.79831,3.89,2.25
2012.07.03 20:07:15.657,0.79824,0.79832,1.50,2.63
2012.07.03 20:07:15.939,0.79825,0.79832,1.50,1.13
2012.07.03 20:07:16.009,0.79824,0.79832,1.50,2.63
2012.07.03 20:07:16.558,0.79823,0.79831,1.50,1.50
2012.07.03 20:07:21.966,0.79822,0.79829,1.50,1.88
2012.07.03 20:07:23.278,0.79824,0.79832,1.50,2.25
2012.07.03 20:07:26.008,0.79824,0.79832,3.00,1.50
2012.07.03 20:07:26.081,0.79826,0.79832,4.50,1.50
2012.07.03 20:07:26.150,0.79828,0.79833,1.50,1.50
2012.07.03 20:07:26.288,0.79828,0.79834,1.50,1.88
2012.07.03 20:07:29.637,0.79828,0.79835,1.50,1.13
2012.07.03 20:07:36.047,0.79828,0.79835,6.00,1.13
2012.07.03 20:07:36.577,0.79829,0.79835,1.50,1.13
2012.07.03 20:08:08.537,0.79829,0.79836,6.75,1.13
2012.07.03 20:08:08.668,0.79831,0.79838,1.50,1.88
2012.07.03 20:08:14.210,0.7983,0.79836,3.00,1.88
2012.07.03 20:08:14.297,0.79825,0.79834,1.50,2.25
2012.07.03 20:08:14.439,0.79824,0.7983,1.50,1.13
2012.07.03 20:08:23.908,0.79823,0.7983,2.25,1.13
2012.07.03 20:08:47.887,0.79823,0.79829,2.25,1.13
2012.07.03 20:09:14.638,0.79822,0.79829,2.25,1.13
2012.07.03 20:09:17.055,0.79822,0.7983,2.25,1.88
2012.07.03 20:09:17.198,0.79823,0.79828,1.50,1.13
2012.07.03 20:09:17.778,0.79821,0.79828,1.50,1.13
2012.07.03 20:09:18.118,0.79824,0.79832,1.13,4.88
2012.07.03 20:09:18.658,0.79821,0.79828,1.50,1.13
2012.07.03 20:09:19.209,0.79821,0.79829,2.25,1.88
2012.07.03 20:09:19.693,0.79823,0.7983,1.13,2.25
2012.07.03 20:09:19.769,0.79823,0.79832,1.13,2.25
2012.07.03 20:09:20.178,0.7982,0.79829,3.00,1.88
2012.07.03 20:09:20.529,0.79823,0.79831,1.88,1.50
2012.07.03 20:09:20.858,0.79821,0.79827,2.25,1.13
2012.07.03 20:09:21.048,0.79821,0.79827,2.25,1.88
2012.07.03 20:09:21.249,0.79821,0.79829,1.50,1.13
2012.07.03 20:09:22.378,0.79821,0.79828,3.00,1.13
2012.07.03 20:09:22.927,0.79821,0.7983,3.75,3.38
2012.07.03 20:09:22.997,0.79821,0.7983,3.75,1.88
2012.07.03 20:09:23.401,0.79821,0.79829,1.88,1.50
2012.07.03 20:09:23.619,0.79823,0.79829,1.13,1.50
2012.07.03 20:09:24.277,0.79821,0.79828,2.25,1.88
2012.07.03 20:09:24.410,0.79821,0.79831,3.38,1.88
2012.07.03 20:09:24.490,0.79824,0.7983,1.13,1.50
2012.07.03 20:09:24.888,0.79821,0.79831,3.38,1.88
2012.07.03 20:09:24.959,0.79821,0.79829,3.38,1.50
2012.07.03 20:09:25.917,0.79822,0.79829,1.13,1.50
2012.07.03 20:09:26.119,0.79823,0.79832,1.88,3.75
2012.07.03 20:09:26.618,0.7982,0.79828,3.00,1.88
2012.07.03 20:09:27.088,0.79821,0.79829,2.25,1.88
2012.07.03 20:09:27.607,0.79821,0.79828,2.25,1.13
2012.07.03 20:09:27.679,0.79821,0.79828,2.25,1.88
2012.07.03 20:09:27.999,0.79824,0.7983,1.13,2.25
2012.07.03 20:09:28.139,0.79824,0.79832,1.13,4.13
2012.07.03 20:09:28.387,0.79821,0.79831,2.63,1.88
2012.07.03 20:09:28.528,0.79821,0.7983,1.88,1.50
2012.07.03 20:09:28.880,0.79821,0.7983,2.25,1.88
2012.07.03 20:09:29.299,0.79821,0.79828,2.25,1.88
2012.07.03 20:09:29.647,0.79824,0.79831,1.13,1.50
2012.07.03 20:09:29.950,0.79821,0.79828,3.00,1.13
2012.07.03 20:09:30.453,0.79821,0.79829,1.50,1.50
2012.07.03 20:09:30.781,0.79821,0.79828,2.25,1.13
2012.07.03 20:09:31.377,0.79821,0.79828,1.50,1.88
2012.07.03 20:09:31.518,0.79821,0.79828,2.25,1.13
2012.07.03 20:09:31.718,0.79821,0.79827,1.50,1.13
2012.07.03 20:09:31.918,0.79823,0.7983,1.13,1.50
2012.07.03 20:09:32.049,0.79821,0.79829,1.88,1.88
2012.07.03 20:09:32.248,0.79823,0.7983,1.88,1.50
2012.07.03 20:09:32.388,0.79821,0.7983,1.50,2.63
2012.07.03 20:09:32.997,0.79821,0.7983,2.25,1.88
2012.07.03 20:09:33.139,0.79824,0.79832,1.13,4.13
2012.07.03 20:09:33.350,0.79821,0.79829,2.25,1.13
2012.07.03 20:09:33.478,0.79821,0.79829,2.25,2.63
2012.07.03 20:09:33.609,0.79821,0.79829,2.25,1.13
2012.07.03 20:09:33.679,0.79821,0.79827,2.25,1.13
2012.07.03 20:09:34.020,0.79824,0.7983,1.13,3.00
2012.07.03 20:09:34.159,0.79824,0.79832,1.13,5.63
2012.07.03 20:09:34.438,0.79821,0.79827,2.25,1.13
2012.07.03 20:09:34.579,0.79821,0.79827,2.25,1.88
2012.07.03 20:09:34.919,0.79821,0.79829,2.25,1.88
2012.07.03 20:09:35.338,0.79821,0.79828,1.50,1.88
2012.07.03 20:09:35.681,0.79823,0.79831,1.13,1.50
2012.07.03 20:09:35.900,0.79821,0.79828,2.25,1.13
2012.07.03 20:09:36.450,0.79822,0.79829,1.50,1.13
2012.07.03 20:09:36.980,0.79822,0.79829,1.13,1.50
2012.07.03 20:09:37.517,0.79821,0.79828,1.50,1.13
2012.07.03 20:09:37.731,0.79821,0.79828,1.50,1.88
2012.07.03 20:09:37.799,0.79821,0.79828,1.50,1.88
2012.07.03 20:09:38.008,0.79822,0.79831,1.50,2.63
2012.07.03 20:09:38.558,0.79822,0.79829,1.50,1.13
2012.07.03 20:09:41.300,0.79822,0.79828,1.50,1.13
2012.07.03 20:09:41.858,0.79822,0.79829,1.50,1.13
2012.07.03 20:09:42.407,0.79822,0.79828,1.50,1.13
2012.07.03 20:09:42.797,0.79822,0.7983,1.50,1.88
2012.07.03 20:09:42.868,0.79822,0.79828,1.50,1.13
2012.07.03 20:09:44.039,0.79822,0.7983,1.50,1.88
2012.07.03 20:09:46.369,0.79822,0.7983,1.50,2.63
2012.07.03 20:09:51.632,0.79822,0.7983,1.50,2.63
2012.07.03 20:09:59.496,0.79822,0.7983,1.50,2.63
2012.07.03 20:10:12.506,0.79822,0.7983,1.50,2.63
2012.07.03 20:10:27.899,0.79822,0.79829,1.50,1.88
2012.07.03 20:10:33.777,0.79822,0.79828,1.50,1.13
2012.07.03 20:10:34.308,0.79823,0.79828,1.50,1.13
2012.07.03 20:10:43.118,0.79824,0.79833,1.50,1.50
2012.07.03 20:10:43.191,0.79824,0.79833,1.50,2.63
2012.07.03 20:10:43.543,0.79823,0.79828,1.50,1.13
2012.07.03 20:10:51.492,0.79822,0.79828,1.50,1.13
2012.07.03 20:11:30.836,0.79821,0.79829,2.25,1.88
2012.07.03 20:11:31.799,0.79821,0.79829,1.88,1.88
2012.07.03 20:11:34.947,0.79821,0.79828,1.88,3.00
2012.07.03 20:11:53.316,0.79821,0.79828,1.13,1.50
2012.07.03 20:11:53.719,0.79823,0.79828,1.13,1.50
2012.07.03 20:11:54.281,0.79823,0.79828,1.50,1.13
2012.07.03 20:12:03.499,0.79823,0.79829,1.50,1.88
2012.07.03 20:12:05.730,0.79823,0.7983,1.50,1.13
2012.07.03 20:12:08.021,0.79823,0.79828,2.25,1.13
2012.07.03 20:12:08.428,0.79821,0.79828,3.00,1.13
2012.07.03 20:12:18.230,0.79822,0.79828,2.25,1.13
2012.07.03 20:12:18.918,0.79823,0.79828,1.50,1.13
2012.07.03 20:12:33.960,0.79822,0.79828,1.50,1.13
2012.07.03 20:12:34.916,0.79822,0.79828,1.50,1.13
2012.07.03 20:12:50.527,0.79822,0.79828,1.50,1.13
2012.07.03 20:12:57.517,0.79822,0.79828,1.50,1.13
2012.07.03 20:13:14.096,0.79822,0.79828,1.50,1.13
2012.07.03 20:13:15.126,0.79822,0.79828,1.50,1.13
2012.07.03 20:13:26.613,0.79822,0.79829,1.50,1.13
2012.07.03 20:13:28.048,0.79823,0.79829,2.25,1.13
2012.07.03 20:13:54.398,0.79823,0.79832,3.00,1.50
2012.07.03 20:13:54.471,0.79827,0.79832,3.75,1.50
2012.07.03 20:13:54.620,0.79828,0.79834,1.50,2.63
2012.07.03 20:13:55.029,0.79827,0.79834,1.50,2.63
2012.07.03 20:14:29.459,0.79827,0.79835,6.38,2.25
2012.07.03 20:14:29.531,0.79828,0.79835,1.50,1.50
2012.07.03 20:14:30.078,0.7983,0.79836,1.88,1.50
2012.07.03 20:14:32.518,0.7983,0.79836,1.88,1.50
2012.07.03 20:14:32.869,0.79833,0.79838,1.88,1.50
2012.07.03 20:14:33.290,0.79833,0.79841,1.88,1.88
2012.07.03 20:14:33.678,0.79835,0.79842,1.13,1.50
2012.07.03 20:14:33.819,0.79835,0.79843,1.88,4.50
2012.07.03 20:14:41.497,0.79839,0.79843,1.13,2.25
2012.07.03 20:14:41.849,0.79839,0.79847,4.13,1.50
2012.07.03 20:14:41.921,0.79839,0.79844,7.13,1.50
2012.07.03 20:14:42.274,0.79837,0.79844,6.38,2.25
2012.07.03 20:14:42.632,0.79831,0.79837,1.88,1.50
2012.07.03 20:14:42.978,0.79832,0.79839,1.50,1.50
2012.07.03 20:14:44.288,0.79833,0.79839,1.50,1.50
2012.07.03 20:14:47.162,0.79831,0.79839,2.63,1.50
2012.07.03 20:14:54.608,0.7983,0.79837,5.25,1.13
2012.07.03 20:14:54.680,0.7983,0.79837,3.75,2.63
2012.07.03 20:14:55.032,0.79825,0.7983,1.50,1.50
2012.07.03 20:14:55.381,0.79822,0.79828,1.13,1.50
2012.07.03 20:14:56.106,0.79822,0.79828,1.13,1.50
2012.07.03 20:14:56.192,0.79824,0.79832,3.38,1.13
2012.07.03 20:14:59.900,0.79825,0.79832,1.50,1.13
2012.07.03 20:15:00.042,0.79827,0.79835,3.75,1.88
2012.07.03 20:15:00.253,0.79827,0.79836,3.00,2.25
2012.07.03 20:15:06.502,0.79827,0.79836,3.00,2.25
2012.07.03 20:15:12.993,0.79827,0.79836,1.50,2.25
2012.07.03 20:15:36.588,0.79832,0.79839,1.88,2.25
2012.07.03 20:15:36.769,0.79832,0.79839,1.88,2.25
2012.07.03 20:15:48.090,0.79833,0.7984,2.25,1.50
2012.07.03 20:15:50.102,0.79836,0.79841,1.13,1.50
2012.07.03 20:15:50.319,0.79836,0.79842,1.13,1.50
2012.07.03 20:15:57.368,0.79836,0.79843,1.13,2.25
2012.07.03 20:16:08.998,0.79836,0.79844,1.88,3.38
2012.07.03 20:16:09.132,0.7984,0.79844,1.13,2.25
2012.07.03 20:16:20.160,0.7984,0.79847,1.88,2.25
2012.07.03 20:16:20.299,0.79844,0.79849,1.13,1.50
2012.07.03 20:16:20.442,0.79844,0.79849,1.13,1.50
2012.07.03 20:16:33.515,0.7984,0.79848,1.50,2.25
2012.07.03 20:16:33.595,0.7984,0.79847,1.88,1.50
2012.07.03 20:16:35.251,0.7984,0.79846,1.13,1.50
2012.07.03 20:16:35.321,0.79838,0.79846,1.13,2.63
2012.07.03 20:16:35.530,0.79838,0.79845,1.13,1.50
2012.07.03 20:16:36.102,0.79837,0.79844,1.13,1.50
2012.07.03 20:16:36.659,0.79837,0.79843,1.13,1.50
2012.07.03 20:16:37.179,0.79835,0.79841,5.25,1.13
2012.07.03 20:16:37.528,0.79831,0.79838,1.50,1.13
2012.07.03 20:16:37.730,0.7983,0.79838,2.63,1.88
2012.07.03 20:16:38.238,0.7983,0.79838,1.88,1.88
2012.07.03 20:16:43.079,0.79829,0.79838,3.38,1.50
2012.07.03 20:16:43.218,0.79829,0.7984,4.13,2.25
2012.07.03 20:16:54.023,0.79829,0.79839,2.25,2.63
2012.07.03 20:16:55.738,0.79829,0.79837,1.50,1.50
2012.07.03 20:16:56.301,0.79829,0.79838,1.50,1.50
2012.07.03 20:17:06.618,0.79829,0.79839,1.50,3.38
2012.07.03 20:17:06.690,0.79828,0.79837,1.50,1.50
2012.07.03 20:17:14.820,0.79828,0.79837,1.88,2.25
2012.07.03 20:17:15.501,0.79826,0.79836,3.38,1.88
2012.07.03 20:17:15.840,0.79826,0.79833,1.50,1.13
2012.07.03 20:17:16.403,0.79827,0.79836,1.88,2.25
2012.07.03 20:17:17.312,0.79825,0.79834,2.25,1.88
2012.07.03 20:17:17.931,0.79827,0.79835,1.13,2.25
2012.07.03 20:17:18.480,0.79824,0.79834,2.63,1.88
2012.07.03 20:17:22.532,0.79824,0.79829,1.50,1.13
2012.07.03 20:17:22.740,0.79821,0.79828,1.88,1.50
2012.07.03 20:17:23.278,0.79821,0.79828,1.13,1.50
2012.07.03 20:17:25.060,0.79819,0.79828,2.25,2.63
2012.07.03 20:17:27.978,0.79819,0.79824,1.50,1.13
2012.07.03 20:17:28.517,0.79817,0.79824,1.50,1.88
2012.07.03 20:17:29.018,0.79818,0.79824,1.50,1.88
2012.07.03 20:17:36.799,0.7982,0.79827,1.88,3.00
2012.07.03 20:17:36.942,0.7982,0.79829,2.63,4.50
2012.07.03 20:17:37.082,0.79822,0.7983,2.25,1.88
2012.07.03 20:17:37.563,0.79816,0.7982,1.27,1.13
2012.07.03 20:17:37.714,0.79815,0.79823,1.50,1.88
2012.07.03 20:17:37.793,0.79819,0.79824,1.13,2.25
2012.07.03 20:17:37.872,0.7982,0.79826,1.50,4.50
2012.07.03 20:17:38.429,0.79819,0.79829,2.63,1.50
2012.07.03 20:17:40.730,0.79818,0.79827,4.50,1.50
2012.07.03 20:17:40.871,0.79817,0.79825,2.25,2.63
2012.07.03 20:17:41.546,0.79815,0.79825,4.88,2.63
2012.07.03 20:18:11.189,0.79816,0.79826,2.25,2.25
2012.07.03 20:19:08.533,0.79816,0.79827,1.50,2.63
2012.07.03 20:19:11.203,0.79814,0.79827,2.63,1.88
2012.07.03 20:19:33.984,0.79815,0.79826,2.63,1.88
2012.07.03 20:19:59.040,0.79819,0.79828,2.63,2.25
2012.07.03 20:19:59.389,0.7982,0.7983,3.00,2.25
2012.07.03 20:20:08.131,0.7982,0.79829,2.25,1.50
2012.07.03 20:20:10.654,0.79821,0.79829,1.50,2.25
2012.07.03 20:20:12.598,0.7982,0.79828,1.50,1.50
2012.07.03 20:20:23.991,0.79816,0.79826,3.00,1.50
2012.07.03 20:20:29.079,0.79815,0.79825,3.00,1.50
2012.07.03 20:20:52.538,0.79817,0.79825,1.50,1.50
2012.07.03 20:20:53.098,0.79817,0.79826,1.50,2.63
2012.07.03 20:21:35.305,0.79819,0.79828,2.63,2.25
2012.07.03 20:21:35.892,0.79819,0.79828,2.63,1.50
2012.07.03 20:21:57.531,0.79818,0.79826,1.50,1.88
2012.07.03 20:21:57.615,0.79816,0.79825,1.50,1.50
2012.07.03 20:22:12.073,0.79815,0.79826,3.23,3.38
2012.07.03 20:22:12.149,0.79817,0.79826,1.50,1.88
2012.07.03 20:22:14.710,0.79817,0.79826,1.50,2.63
2012.07.03 20:22:14.779,0.79817,0.79826,2.25,2.63
2012.07.03 20:22:15.380,0.79817,0.79826,1.50,2.63
2012.07.03 20:22:16.878,0.79817,0.79826,2.25,2.63
2012.07.03 20:22:27.730,0.79815,0.79826,1.50,4.88
2012.07.03 20:22:30.394,0.79817,0.79826,1.88,2.63
2012.07.03 20:22:40.289,0.79818,0.79826,1.80,1.88
2012.07.03 20:22:58.620,0.79819,0.79826,1.05,1.88
2012.07.03 20:22:59.168,0.79818,0.79826,2.55,1.88
2012.07.03 20:23:00.043,0.79819,0.79828,2.93,3.00
2012.07.03 20:23:00.184,0.79819,0.79829,4.43,1.50
2012.07.03 20:23:00.530,0.79822,0.7983,1.50,3.38
2012.07.03 20:23:36.182,0.79819,0.79828,1.13,2.63
2012.07.03 20:23:39.620,0.79819,0.79828,1.13,2.63
2012.07.03 20:23:40.549,0.79819,0.79828,1.13,2.63
2012.07.03 20:23:45.171,0.79819,0.79828,1.13,2.63
2012.07.03 20:23:49.612,0.79819,0.79828,1.13,2.63
2012.07.03 20:23:53.300,0.79819,0.79828,1.13,2.63
2012.07.03 20:23:54.262,0.79819,0.79828,1.13,2.63
2012.07.03 20:23:54.600,0.79817,0.79825,1.50,3.75
2012.07.03 20:23:54.733,0.79821,0.79828,1.50,1.88
2012.07.03 20:23:54.800,0.79818,0.79824,1.13,1.50
2012.07.03 20:23:54.990,0.7982,0.79827,1.13,1.50
2012.07.03 20:23:56.841,0.7982,0.79827,1.13,1.50
2012.07.03 20:23:59.001,0.7982,0.79828,1.50,1.88
2012.07.03 20:24:01.175,0.7982,0.79825,1.13,1.50
2012.07.03 20:24:01.698,0.7982,0.79825,1.13,1.50
2012.07.03 20:24:02.228,0.7982,0.79825,1.13,1.50
2012.07.03 20:24:03.454,0.7982,0.79825,1.13,1.50
2012.07.03 20:24:04.246,0.7982,0.79825,1.13,1.50
2012.07.03 20:24:11.431,0.7982,0.79825,1.13,1.50
2012.07.03 20:24:11.953,0.7982,0.79826,1.13,2.25
2012.07.03 20:24:12.459,0.7982,0.79825,1.13,1.50
2012.07.03 20:24:12.960,0.7982,0.79826,1.13,1.50
2012.07.03 20:24:16.744,0.7982,0.79827,1.13,3.38
2012.07.03 20:24:28.431,0.7982,0.79826,1.13,1.50
2012.07.03 20:24:30.078,0.7982,0.79827,1.13,3.38
2012.07.03 20:24:31.379,0.7982,0.79826,1.13,1.50
2012.07.03 20:24:31.918,0.7982,0.79827,1.13,2.25
2012.07.03 20:24:32.497,0.7982,0.79826,1.13,1.50
2012.07.03 20:24:33.031,0.7982,0.79827,1.13,2.25
2012.07.03 20:24:33.499,0.7982,0.79827,1.13,1.50
2012.07.03 20:24:34.419,0.7982,0.79827,1.13,1.50
2012.07.03 20:24:35.450,0.7982,0.79827,1.13,1.50
2012.07.03 20:24:36.817,0.7982,0.79827,1.13,1.50
2012.07.03 20:24:38.058,0.7982,0.79827,1.13,1.50
2012.07.03 20:24:39.831,0.7982,0.79827,1.13,1.50
2012.07.03 20:24:45.658,0.7982,0.79827,1.13,1.50
2012.07.03 20:24:48.409,0.7982,0.79827,1.13,1.50
2012.07.03 20:24:49.451,0.7982,0.79827,1.13,1.50
2012.07.03 20:24:53.051,0.7982,0.79827,1.13,1.50
2012.07.03 20:24:54.118,0.7982,0.79827,1.13,1.50
2012.07.03 20:24:54.669,0.7982,0.79827,1.13,1.50
2012.07.03 20:25:00.019,0.7982,0.79827,1.13,1.50
2012.07.03 20:25:03.439,0.7982,0.79827,1.13,1.50
2012.07.03 20:25:04.149,0.7982,0.79827,1.13,1.50
2012.07.03 20:25:04.818,0.7982,0.79827,1.13,1.50
2012.07.03 20:25:07.638,0.7982,0.79827,1.13,1.50
2012.07.03 20:25:08.181,0.7982,0.79827,1.13,1.50
2012.07.03 20:25:08.758,0.7982,0.79827,1.13,1.50
2012.07.03 20:25:09.416,0.7982,0.79827,1.13,1.50
2012.07.03 20:25:19.397,0.7982,0.79827,1.13,1.50
2012.07.03 20:25:20.391,0.7982,0.79827,1.13,1.50
2012.07.03 20:25:21.609,0.7982,0.79827,1.13,1.50
2012.07.03 20:25:26.698,0.79818,0.79827,1.13,1.50
2012.07.03 20:25:32.034,0.79818,0.79827,1.88,1.50
2012.07.03 20:25:33.467,0.79818,0.79828,1.88,1.88
2012.07.03 20:25:33.536,0.79818,0.79828,1.13,1.13
2012.07.03 20:25:36.834,0.79818,0.79828,1.13,1.13
2012.07.03 20:25:42.521,0.79818,0.79828,1.13,1.13
2012.07.03 20:25:46.647,0.79818,0.79828,1.13,1.13
2012.07.03 20:25:48.386,0.79818,0.79828,1.13,1.13
2012.07.03 20:25:49.376,0.79818,0.79828,1.13,1.13
2012.07.03 20:25:57.537,0.79818,0.79828,1.13,1.13
2012.07.03 20:25:58.047,0.79818,0.79828,1.13,1.13
2012.07.03 20:25:58.647,0.79818,0.79828,1.13,1.13
2012.07.03 20:25:59.190,0.79818,0.79828,1.13,1.13
2012.07.03 20:26:03.121,0.79818,0.79828,1.13,1.13
2012.07.03 20:26:03.716,0.79818,0.79828,1.13,1.13
2012.07.03 20:26:04.329,0.79818,0.79828,1.13,1.13
2012.07.03 20:26:09.596,0.79818,0.79828,1.13,1.13
2012.07.03 20:26:14.207,0.79818,0.79828,1.13,1.13
2012.07.03 20:26:15.216,0.79818,0.79828,1.13,1.13
2012.07.03 20:26:15.838,0.79818,0.79828,1.13,1.13
2012.07.03 20:26:16.407,0.79818,0.79828,1.13,1.13
2012.07.03 20:26:18.436,0.79818,0.79828,1.13,1.13
2012.07.03 20:26:20.163,0.79818,0.79825,1.13,1.13
2012.07.03 20:26:20.500,0.79817,0.79825,2.25,2.63
2012.07.03 20:26:21.571,0.79817,0.79825,1.50,3.38
2012.07.03 20:26:21.919,0.79817,0.79825,2.25,1.13
2012.07.03 20:26:22.485,0.79817,0.79825,1.88,1.88
2012.07.03 20:26:23.772,0.79816,0.79824,1.13,1.50
2012.07.03 20:26:24.329,0.79815,0.79824,1.50,1.50
2012.07.03 20:26:42.505,0.79815,0.79825,1.50,1.50
2012.07.03 20:26:46.041,0.79818,0.79825,3.75,2.25
2012.07.03 20:26:47.173,0.79819,0.79826,2.63,1.50
2012.07.03 20:26:47.258,0.79819,0.79829,2.63,2.25
2012.07.03 20:26:51.216,0.79819,0.79826,1.50,1.88
2012.07.03 20:26:51.293,0.79817,0.79825,1.50,1.50
2012.07.03 20:27:39.610,0.79815,0.79824,2.63,1.50
2012.07.03 20:27:50.153,0.79816,0.79825,2.25,2.25
2012.07.03 20:28:50.356,0.79814,0.79827,2.63,3.38
2012.07.03 20:28:52.568,0.79814,0.79827,2.63,3.38
2012.07.03 20:28:53.579,0.79814,0.79827,2.63,3.38
2012.07.03 20:28:53.919,0.79813,0.79821,1.50,1.88
2012.07.03 20:29:19.034,0.79814,0.79823,1.50,3.15
2012.07.03 20:29:20.463,0.79814,0.79823,1.50,3.75
2012.07.03 20:29:21.024,0.79814,0.79823,2.25,3.75
2012.07.03 20:29:21.962,0.79814,0.79818,1.50,1.13
2012.07.03 20:29:22.173,0.79812,0.79818,1.50,2.63
2012.07.03 20:29:28.414,0.79809,0.79818,3.00,2.63
2012.07.03 20:29:28.483,0.79809,0.79816,1.50,1.50
2012.07.03 20:29:49.733,0.7981,0.79819,1.50,3.00
2012.07.03 20:29:49.805,0.79812,0.79821,3.75,1.50
2012.07.03 20:29:56.202,0.79813,0.79822,2.25,2.63
2012.07.03 20:30:04.783,0.79815,0.79822,1.50,1.13
2012.07.03 20:30:06.501,0.79816,0.79822,1.50,1.13
2012.07.03 20:30:15.112,0.79815,0.79822,1.50,1.13
2012.07.03 20:30:21.194,0.79812,0.79817,1.50,1.13
2012.07.03 20:30:21.263,0.79812,0.79817,2.25,1.13
2012.07.03 20:30:21.404,0.79814,0.79821,1.50,3.38
2012.07.03 20:30:21.753,0.79818,0.79826,1.50,1.50
2012.07.03 20:30:26.123,0.79817,0.79822,2.25,1.13
2012.07.03 20:30:26.572,0.79815,0.79822,1.50,1.13
2012.07.03 20:30:26.984,0.79813,0.79817,2.25,1.13
2012.07.03 20:30:27.276,0.79811,0.7982,1.50,3.75
2012.07.03 20:30:27.355,0.79812,0.7982,1.50,1.50
2012.07.03 20:30:27.712,0.79813,0.79822,3.00,1.88
2012.07.03 20:30:27.853,0.79815,0.79822,1.50,1.13
2012.07.03 20:30:29.092,0.79815,0.79822,1.50,2.63
2012.07.03 20:30:29.432,0.79812,0.7982,3.75,1.50
2012.07.03 20:30:46.129,0.79812,0.79821,3.75,1.50
2012.07.03 20:31:05.254,0.79812,0.79819,1.50,1.50
2012.07.03 20:31:05.843,0.79811,0.79819,2.25,2.25
2012.07.03 20:31:05.984,0.79811,0.79819,2.25,2.25
2012.07.03 20:31:06.052,0.79813,0.79819,1.50,1.50
2012.07.03 20:31:06.193,0.79812,0.79819,1.50,1.50
2012.07.03 20:31:07.044,0.79811,0.79819,2.25,2.25
2012.07.03 20:31:07.251,0.79811,0.79819,2.25,1.50
2012.07.03 20:31:14.353,0.7981,0.79817,1.50,1.88
2012.07.03 20:31:14.673,0.79808,0.79817,1.50,3.38
2012.07.03 20:31:14.883,0.79808,0.79815,1.50,1.50
2012.07.03 20:31:46.950,0.79808,0.79814,1.50,1.50
2012.07.03 20:32:08.502,0.79808,0.79814,1.50,1.50
2012.07.03 20:32:09.080,0.79809,0.79816,1.50,1.50
2012.07.03 20:32:15.301,0.79808,0.79816,1.50,1.50
2012.07.03 20:32:15.820,0.79808,0.79814,1.50,1.50
2012.07.03 20:32:16.795,0.79809,0.79818,1.50,2.63
2012.07.03 20:32:22.003,0.79808,0.79814,2.25,1.50
2012.07.03 20:32:22.144,0.79809,0.79817,2.25,2.25
2012.07.03 20:32:29.822,0.79812,0.79821,1.50,1.50
2012.07.03 20:32:36.963,0.79812,0.7982,1.50,3.38
2012.07.03 20:32:37.037,0.79809,0.79818,2.25,1.50
2012.07.03 20:32:37.114,0.7981,0.79817,1.50,1.50
2012.07.03 20:32:40.820,0.7981,0.79817,1.50,1.50
2012.07.03 20:32:41.032,0.7981,0.79818,1.50,2.25
2012.07.03 20:32:41.542,0.7981,0.79817,1.50,1.50
2012.07.03 20:32:59.301,0.79809,0.79816,1.50,1.50
2012.07.03 20:33:00.641,0.79809,0.79816,1.50,1.50
2012.07.03 20:33:01.174,0.79809,0.79818,1.50,2.25
2012.07.03 20:33:01.456,0.79812,0.7982,1.50,1.50
2012.07.03 20:33:02.028,0.79813,0.79819,1.50,1.50
2012.07.03 20:33:02.875,0.79813,0.7982,1.50,1.50
2012.07.03 20:33:03.364,0.79812,0.79819,1.50,2.25
2012.07.03 20:33:03.693,0.79811,0.7982,3.00,1.50
2012.07.03 20:33:04.254,0.79812,0.79819,1.50,1.50
2012.07.03 20:33:04.466,0.79813,0.7982,1.50,1.50
2012.07.03 20:33:05.087,0.79813,0.79819,1.50,1.50
2012.07.03 20:33:05.171,0.79811,0.79817,1.50,1.50
2012.07.03 20:33:05.383,0.79813,0.79819,1.50,1.50
2012.07.03 20:33:05.805,0.79812,0.79819,1.50,2.25
2012.07.03 20:33:07.063,0.79808,0.79814,1.50,1.50
2012.07.03 20:33:07.623,0.79805,0.79814,2.25,2.25
2012.07.03 20:33:10.787,0.79809,0.79816,1.50,1.50
2012.07.03 20:33:10.934,0.79811,0.79819,1.50,1.88
2012.07.03 20:33:11.005,0.79811,0.79819,1.50,2.63
2012.07.03 20:33:11.075,0.79811,0.79819,1.50,2.63
2012.07.03 20:33:11.212,0.79811,0.79819,1.50,2.63
2012.07.03 20:33:11.283,0.7981,0.79819,1.50,4.88
2012.07.03 20:33:20.273,0.79814,0.79823,1.50,1.50
2012.07.03 20:33:20.346,0.79817,0.79826,1.50,2.25
2012.07.03 20:33:20.893,0.79816,0.79825,2.25,1.50
2012.07.03 20:33:24.666,0.79817,0.79825,1.50,1.50
2012.07.03 20:33:24.744,0.79818,0.79825,1.88,1.50
2012.07.03 20:33:24.818,0.7982,0.79829,1.50,3.08
2012.07.03 20:33:24.894,0.79819,0.79828,1.50,1.50
2012.07.03 20:33:25.243,0.79819,0.79827,1.50,2.25
2012.07.03 20:33:26.661,0.79819,0.79827,1.50,2.25
2012.07.03 20:33:34.104,0.79821,0.7983,4.50,1.50
2012.07.03 20:33:34.456,0.79825,0.79835,1.50,4.13
2012.07.03 20:33:35.343,0.79825,0.79834,1.50,3.00
2012.07.03 20:33:35.766,0.79824,0.79834,4.88,1.50
2012.07.03 20:33:36.193,0.79824,0.79834,1.88,3.00
2012.07.03 20:33:36.544,0.79825,0.79834,1.50,1.50
2012.07.03 20:33:36.893,0.79824,0.79833,1.88,1.50
2012.07.03 20:33:37.313,0.79825,0.79835,1.50,2.63
2012.07.03 20:33:37.522,0.79824,0.79834,3.38,1.50
2012.07.03 20:33:38.075,0.79825,0.79835,1.50,4.13
2012.07.03 20:33:38.434,0.79824,0.79833,2.63,1.50
2012.07.03 20:33:38.912,0.79825,0.79833,1.50,1.50
2012.07.03 20:33:40.824,0.79824,0.79833,3.38,1.50
2012.07.03 20:33:43.834,0.79824,0.7983,1.13,1.50
2012.07.03 20:33:44.182,0.79819,0.79828,1.50,3.00
2012.07.03 20:33:57.430,0.79819,0.79828,1.50,1.50
2012.07.03 20:34:03.072,0.79817,0.79826,3.00,1.50
2012.07.03 20:34:10.089,0.79817,0.79824,1.50,1.50
2012.07.03 20:34:16.215,0.79818,0.79827,1.50,1.50
2012.07.03 20:34:16.285,0.79819,0.79828,1.50,2.25
2012.07.03 20:34:16.434,0.79817,0.79826,2.25,1.50
2012.07.03 20:34:16.994,0.79817,0.79826,2.25,2.25
2012.07.03 20:34:17.134,0.79817,0.79826,1.50,3.00
2012.07.03 20:34:17.203,0.79816,0.79824,1.50,1.50
2012.07.03 20:34:18.983,0.79815,0.79823,1.13,2.33
2012.07.03 20:34:19.055,0.79814,0.79822,2.25,1.88
2012.07.03 20:34:19.571,0.79814,0.79822,1.50,1.88
2012.07.03 20:34:55.095,0.79812,0.79823,3.00,3.45
2012.07.03 20:35:19.250,0.79812,0.79822,1.50,2.63
2012.07.03 20:35:40.073,0.79815,0.79822,1.13,1.50
2012.07.03 20:35:40.212,0.79811,0.79822,1.50,2.63
2012.07.03 20:35:40.731,0.79811,0.79822,1.50,2.63
2012.07.03 20:35:43.242,0.79813,0.79822,1.50,4.28
2012.07.03 20:35:43.387,0.7981,0.79818,1.50,1.88
2012.07.03 20:35:47.313,0.79807,0.79817,1.50,1.50
2012.07.03 20:35:52.063,0.7981,0.79818,1.50,1.88
2012.07.03 20:35:57.846,0.7981,0.79818,1.50,1.88
2012.07.03 20:36:30.863,0.79806,0.79814,1.50,3.00
2012.07.03 20:36:30.991,0.79807,0.79814,1.50,2.25
2012.07.03 20:36:32.811,0.79807,0.79814,1.50,2.25
2012.07.03 20:36:32.952,0.79807,0.79818,2.25,2.63
2012.07.03 20:36:49.215,0.7981,0.79821,1.50,2.25
2012.07.03 20:36:49.763,0.79812,0.79822,2.25,1.13
2012.07.03 20:37:02.512,0.79812,0.79818,2.25,1.13
2012.07.03 20:37:02.655,0.79807,0.79818,2.25,1.88
2012.07.03 20:37:42.163,0.79807,0.79818,1.50,1.88
2012.07.03 20:37:42.361,0.79807,0.79818,1.50,3.38
2012.07.03 20:38:09.208,0.79807,0.79818,1.50,2.63
2012.07.03 20:38:10.843,0.79809,0.79818,1.50,2.63
2012.07.03 20:38:11.115,0.79811,0.79821,2.25,1.13
2012.07.03 20:38:13.563,0.79811,0.79821,3.00,2.85
2012.07.03 20:38:13.634,0.79809,0.79816,3.75,1.13
2012.07.03 20:38:13.705,0.79808,0.79816,1.50,1.88
2012.07.03 20:38:13.843,0.7981,0.7982,1.50,2.85
2012.07.03 20:38:13.916,0.7981,0.79815,1.50,1.13
2012.07.03 20:38:14.277,0.79807,0.79815,2.25,1.88
2012.07.03 20:38:15.099,0.7981,0.79817,1.50,2.25
2012.07.03 20:38:15.175,0.79811,0.79819,1.50,1.88
2012.07.03 20:38:15.726,0.79811,0.79819,1.50,2.63
2012.07.03 20:38:15.807,0.7981,0.79818,3.00,1.88
2012.07.03 20:38:21.744,0.79807,0.79817,1.50,1.50
2012.07.03 20:38:27.964,0.79806,0.79813,1.50,1.13
2012.07.03 20:38:30.033,0.79805,0.79813,1.50,1.13
2012.07.03 20:38:52.213,0.79805,0.79814,1.50,1.88
2012.07.03 20:38:53.875,0.79807,0.79816,1.50,2.63
2012.07.03 20:38:54.225,0.79807,0.79816,1.50,2.63
2012.07.03 20:38:54.783,0.79807,0.79816,1.50,1.88
2012.07.03 20:38:55.066,0.79807,0.79816,1.50,1.13
2012.07.03 20:38:55.626,0.79809,0.79819,1.50,1.50
2012.07.03 20:38:55.706,0.7981,0.79819,1.50,1.50
2012.07.03 20:39:10.678,0.7981,0.7982,2.25,1.88
2012.07.03 20:39:13.344,0.7981,0.7982,2.25,2.63
2012.07.03 20:39:14.345,0.7981,0.79818,3.00,1.13
2012.07.03 20:39:14.882,0.79809,0.79818,1.50,1.13
2012.07.03 20:39:15.687,0.79808,0.79818,2.25,2.63
2012.07.03 20:39:16.103,0.79808,0.79818,2.25,1.88
2012.07.03 20:39:16.450,0.79809,0.79818,1.50,1.50
2012.07.03 20:39:17.185,0.7981,0.79819,1.50,6.00
2012.07.03 20:39:17.743,0.79812,0.7982,1.50,1.50
2012.07.03 20:39:19.335,0.79812,0.79821,1.50,1.88
2012.07.03 20:39:21.335,0.79812,0.79821,1.50,2.63
2012.07.03 20:39:21.615,0.79809,0.79821,1.50,4.13
2012.07.03 20:39:36.537,0.79808,0.79819,2.25,1.88
2012.07.03 20:40:21.747,0.79807,0.79819,2.25,2.63
2012.07.03 20:41:16.133,0.79808,0.79819,2.25,1.88
2012.07.03 20:41:22.573,0.79808,0.79818,1.50,1.13
2012.07.03 20:41:22.645,0.79808,0.79818,1.50,1.13
2012.07.03 20:41:36.823,0.79811,0.79818,1.50,1.13
2012.07.03 20:41:39.504,0.79812,0.79819,1.50,1.88
2012.07.03 20:41:40.037,0.79809,0.79814,1.50,1.13
2012.07.03 20:41:40.110,0.79808,0.79814,1.50,1.13
2012.07.03 20:41:40.186,0.7981,0.79819,1.50,3.45
2012.07.03 20:41:42.824,0.79812,0.7982,1.50,7.50
2012.07.03 20:41:42.966,0.79809,0.79816,2.25,1.13
2012.07.03 20:42:03.026,0.7981,0.79815,1.50,1.13
2012.07.03 20:42:11.018,0.79811,0.79819,1.50,1.50
2012.07.03 20:42:11.563,0.79811,0.79821,1.50,2.63
2012.07.03 20:42:14.036,0.7981,0.79816,1.50,1.13
2012.07.03 20:42:14.175,0.7981,0.79816,1.50,1.13
2012.07.03 20:42:17.715,0.7981,0.79816,1.50,1.13
2012.07.03 20:42:17.857,0.7981,0.7982,2.25,2.25
2012.07.03 20:42:18.666,0.79811,0.7982,1.50,2.25
2012.07.03 20:42:21.077,0.79809,0.79815,1.50,1.13
2012.07.03 20:42:21.286,0.7981,0.79815,1.50,1.13
2012.07.03 20:42:49.543,0.79811,0.79817,1.50,1.50
2012.07.03 20:42:56.185,0.79809,0.79815,2.25,1.13
2012.07.03 20:42:58.407,0.79809,0.79818,3.38,1.50
2012.07.03 20:42:58.475,0.79811,0.79819,1.50,3.00
2012.07.03 20:42:59.039,0.7981,0.7982,1.50,1.50
2012.07.03 20:42:59.925,0.7981,0.79821,2.25,1.50
2012.07.03 20:43:02.256,0.79811,0.79822,1.50,2.63
2012.07.03 20:43:02.394,0.79811,0.79822,1.50,2.63
2012.07.03 20:43:02.986,0.7981,0.79815,2.25,1.13
2012.07.03 20:43:03.544,0.7981,0.79815,1.50,1.13
2012.07.03 20:43:28.743,0.7981,0.79816,1.50,1.13
2012.07.03 20:43:31.133,0.79809,0.79816,1.50,1.13
2012.07.03 20:43:31.595,0.7981,0.79816,1.50,1.13
2012.07.03 20:43:44.256,0.79809,0.79814,1.50,1.13
2012.07.03 20:44:00.133,0.7981,0.79818,1.50,1.88
2012.07.03 20:44:09.912,0.79804,0.79814,1.50,1.88
2012.07.03 20:44:37.665,0.79807,0.79819,3.38,2.25
2012.07.03 20:44:37.805,0.79809,0.7982,3.00,1.13
2012.07.03 20:44:38.352,0.79809,0.7982,3.75,1.88
2012.07.03 20:44:56.082,0.79809,0.7982,3.00,1.88
2012.07.03 20:44:56.774,0.79813,0.7982,1.50,1.13
2012.07.03 20:45:15.784,0.79814,0.7982,1.50,1.13
2012.07.03 20:45:17.177,0.79816,0.79824,1.50,1.50
2012.07.03 20:45:17.256,0.79816,0.79826,1.50,3.45
2012.07.03 20:45:18.666,0.79818,0.79826,1.50,1.13
2012.07.03 20:45:19.264,0.79816,0.79826,1.50,1.13
2012.07.03 20:45:20.374,0.79816,0.79826,1.50,1.88
2012.07.03 20:45:21.885,0.79816,0.79826,1.50,1.88
2012.07.03 20:45:22.432,0.79816,0.79826,1.50,1.88
2012.07.03 20:45:22.717,0.79815,0.79826,1.50,2.63
2012.07.03 20:45:23.263,0.79815,0.79826,1.50,3.38
2012.07.03 20:45:23.536,0.79814,0.79826,1.50,3.38
2012.07.03 20:45:23.793,0.79815,0.79826,1.50,3.38
2012.07.03 20:45:25.134,0.79814,0.79825,1.50,1.13
2012.07.03 20:45:25.344,0.79814,0.79825,1.50,2.18
2012.07.03 20:45:25.902,0.79813,0.79825,4.13,2.93
2012.07.03 20:45:35.957,0.79814,0.79825,1.50,2.93
2012.07.03 20:45:36.884,0.79815,0.79825,2.25,2.18
2012.07.03 20:45:36.959,0.79816,0.79825,1.50,1.50
2012.07.03 20:45:37.904,0.79818,0.79826,1.50,2.63
2012.07.03 20:45:42.693,0.79814,0.79821,1.50,1.13
2012.07.03 20:45:42.769,0.79813,0.79821,1.50,1.13
2012.07.03 20:45:43.299,0.79813,0.79821,1.50,1.13
2012.07.03 20:45:44.293,0.79813,0.79821,1.50,1.13
2012.07.03 20:45:53.513,0.79812,0.79821,1.50,1.13
2012.07.03 20:45:54.671,0.79813,0.79823,1.50,4.50
2012.07.03 20:46:01.534,0.79813,0.79822,1.50,1.88
2012.07.03 20:46:01.874,0.79812,0.79822,1.50,2.63
2012.07.03 20:46:02.015,0.79812,0.79822,1.50,1.88
2012.07.03 20:46:03.485,0.79818,0.79826,1.50,1.13
2012.07.03 20:46:04.295,0.79816,0.79826,1.50,1.13
2012.07.03 20:46:04.839,0.79815,0.79825,2.63,1.50
2012.07.03 20:46:07.016,0.79814,0.79823,1.50,1.13
2012.07.03 20:46:20.855,0.79814,0.79825,2.63,2.63
2012.07.03 20:46:21.127,0.79817,0.79828,1.50,1.50
2012.07.03 20:46:21.637,0.79818,0.79828,1.50,1.50
2012.07.03 20:46:28.224,0.79818,0.79828,1.50,2.25
2012.07.03 20:46:28.563,0.79815,0.79824,1.50,1.88
2012.07.03 20:46:32.260,0.79815,0.79824,1.50,1.13
2012.07.03 20:46:34.684,0.79816,0.79826,1.88,5.25
2012.07.03 20:46:35.035,0.79816,0.79827,4.13,1.50
2012.07.03 20:46:39.615,0.79816,0.79826,2.25,1.88
2012.07.03 20:46:39.754,0.79816,0.79826,1.50,2.63
2012.07.03 20:46:46.392,0.79814,0.79826,1.50,3.38
2012.07.03 20:46:46.524,0.79814,0.79823,1.50,1.13
2012.07.03 20:46:46.671,0.79813,0.79823,2.25,1.13
2012.07.03 20:46:47.494,0.79813,0.79822,1.50,1.13
2012.07.03 20:46:48.045,0.79815,0.79822,1.50,1.13
2012.07.03 20:46:48.185,0.79814,0.79822,1.50,1.13
2012.07.03 20:46:48.664,0.79812,0.79822,2.25,1.13
2012.07.03 20:46:56.838,0.79813,0.79822,1.50,1.13
2012.07.03 20:46:57.563,0.79813,0.79822,1.50,1.13
2012.07.03 20:46:59.995,0.79813,0.79822,1.50,2.63
2012.07.03 20:47:00.747,0.79814,0.79822,1.50,1.88
2012.07.03 20:47:01.097,0.7981,0.7982,2.25,1.13
2012.07.03 20:47:01.509,0.7981,0.7982,1.50,1.13
2012.07.03 20:47:01.655,0.7981,0.7982,1.50,1.13
2012.07.03 20:47:02.313,0.79811,0.7982,1.50,1.88
2012.07.03 20:47:02.835,0.79808,0.79819,2.25,1.50
2012.07.03 20:47:07.106,0.79813,0.7982,1.50,1.88
2012.07.03 20:47:07.315,0.79813,0.79822,1.50,1.88
2012.07.03 20:47:09.960,0.79813,0.7982,1.50,1.13
2012.07.03 20:47:10.175,0.7981,0.7982,1.50,1.88
2012.07.03 20:47:12.306,0.79807,0.7982,1.50,3.38
2012.07.03 20:47:12.374,0.79807,0.7982,1.50,3.38
2012.07.03 20:47:21.053,0.79807,0.7982,2.25,3.38
2012.07.03 20:47:23.052,0.79809,0.7982,1.50,2.63
2012.07.03 20:47:30.666,0.79807,0.7982,2.25,3.60
2012.07.03 20:47:31.159,0.79811,0.7982,2.63,1.35
2012.07.03 20:47:31.309,0.79815,0.79824,1.50,3.38
2012.07.03 20:47:34.433,0.79815,0.79824,1.50,1.13
2012.07.03 20:47:37.715,0.79817,0.79825,1.13,1.50
2012.07.03 20:47:37.845,0.79815,0.79823,2.63,1.13
2012.07.03 20:48:14.486,0.79814,0.79825,4.13,2.63
2012.07.03 20:48:14.687,0.79816,0.79828,1.50,6.38
2012.07.03 20:48:14.904,0.79817,0.79828,2.25,2.63
2012.07.03 20:48:15.414,0.79816,0.79827,2.25,1.50
2012.07.03 20:48:24.014,0.79818,0.79828,1.50,2.63
2012.07.03 20:48:24.594,0.79816,0.79828,3.75,1.88
2012.07.03 20:48:27.885,0.79816,0.79828,3.75,1.13
2012.07.03 20:48:28.073,0.79819,0.79828,1.50,1.13
2012.07.03 20:48:34.834,0.79819,0.79829,1.50,1.50
2012.07.03 20:48:35.044,0.79821,0.79831,1.50,2.63
2012.07.03 20:48:46.223,0.79821,0.79831,1.50,2.63
2012.07.03 20:48:47.036,0.79821,0.79831,2.25,1.88
2012.07.03 20:48:47.445,0.79824,0.79835,1.88,1.88
2012.07.03 20:48:55.872,0.79824,0.79835,2.63,1.88
2012.07.03 20:48:56.383,0.79825,0.79835,1.50,1.13
2012.07.03 20:49:01.086,0.79828,0.79835,1.50,1.13
2012.07.03 20:49:01.224,0.79825,0.79835,2.25,1.88
2012.07.03 20:49:01.294,0.79825,0.79835,2.25,1.13
2012.07.03 20:49:01.425,0.79825,0.79835,1.50,1.88
2012.07.03 20:49:01.881,0.79827,0.79835,2.25,1.13
2012.07.03 20:49:02.236,0.79827,0.79838,3.00,2.48
2012.07.03 20:49:03.904,0.79827,0.79838,1.50,1.73
2012.07.03 20:49:03.974,0.79827,0.79838,1.50,2.48
2012.07.03 20:49:04.704,0.79826,0.79838,2.63,2.48
2012.07.03 20:49:06.715,0.79827,0.79837,1.50,1.50
2012.07.03 20:49:08.814,0.79826,0.79836,1.88,1.50
2012.07.03 20:49:12.505,0.79824,0.79836,1.50,4.13
2012.07.03 20:49:12.856,0.79825,0.79834,1.50,1.50
2012.07.03 20:49:29.194,0.79825,0.79834,1.50,1.50
2012.07.03 20:49:57.674,0.79825,0.79834,3.38,2.25
2012.07.03 20:50:09.782,0.79826,0.79835,1.50,1.50
2012.07.03 20:50:15.164,0.79824,0.79833,1.88,2.25
2012.07.03 20:50:15.673,0.79824,0.79833,1.88,2.25
2012.07.03 20:50:34.382,0.79823,0.79833,2.63,2.25
2012.07.03 20:50:52.722,0.79823,0.79833,2.63,2.25
2012.07.03 20:50:59.849,0.7982,0.79832,1.50,2.63
2012.07.03 20:50:59.929,0.79817,0.79827,6.75,1.50
2012.07.03 20:51:00.290,0.79818,0.79824,1.50,1.50
2012.07.03 20:51:00.836,0.79817,0.79824,1.50,1.50
2012.07.03 20:51:02.116,0.7982,0.79827,1.50,1.50
2012.07.03 20:51:02.186,0.7982,0.79827,1.50,3.00
2012.07.03 20:51:03.017,0.79816,0.79824,1.50,1.50
2012.07.03 20:51:03.668,0.79811,0.79822,2.25,1.50
2012.07.03 20:51:03.748,0.79811,0.79822,1.50,2.25
2012.07.03 20:51:03.897,0.7981,0.7982,1.50,1.50
2012.07.03 20:51:06.636,0.7981,0.79821,1.50,1.50
2012.07.03 20:51:08.356,0.79811,0.79819,1.50,1.50
2012.07.03 20:51:09.088,0.7981,0.79817,1.50,1.50
2012.07.03 20:51:11.454,0.79808,0.79816,1.50,3.00
2012.07.03 20:51:12.710,0.79811,0.79816,1.50,2.25
2012.07.03 20:51:13.455,0.79811,0.79818,1.50,1.50
2012.07.03 20:51:20.674,0.79811,0.7982,1.50,1.50
2012.07.03 20:51:23.275,0.79806,0.79818,1.50,2.25
2012.07.03 20:51:23.347,0.79806,0.79817,1.50,2.25
2012.07.03 20:51:23.854,0.79806,0.79818,1.50,2.25
2012.07.03 20:51:24.378,0.79808,0.79818,1.50,1.50
2012.07.03 20:51:24.925,0.79807,0.79818,1.50,1.50
2012.07.03 20:51:26.244,0.79808,0.79818,1.50,1.50
2012.07.03 20:51:27.565,0.79808,0.79819,1.50,3.00
2012.07.03 20:51:28.106,0.79807,0.79819,1.50,2.25
2012.07.03 20:51:39.006,0.79807,0.79819,1.50,2.25
2012.07.03 20:51:51.354,0.79805,0.79819,2.25,2.25
2012.07.03 20:51:53.835,0.79805,0.79819,1.50,3.00
2012.07.03 20:52:00.814,0.79804,0.79819,3.00,2.25
2012.07.03 20:52:15.135,0.79804,0.79814,2.25,1.50
2012.07.03 20:52:20.196,0.79804,0.79814,2.25,2.63
2012.07.03 20:52:20.536,0.798,0.79808,1.50,1.50
2012.07.03 20:52:25.112,0.79802,0.79808,1.50,1.50
2012.07.03 20:52:35.947,0.79801,0.79808,1.50,1.50
2012.07.03 20:52:43.325,0.79801,0.79808,1.50,1.50
2012.07.03 20:52:48.884,0.79801,0.79809,1.50,3.00
2012.07.03 20:52:49.595,0.79801,0.79809,1.50,2.25
2012.07.03 20:52:56.917,0.79797,0.79806,1.88,1.13
2012.07.03 20:52:57.475,0.79797,0.79806,1.13,1.13
2012.07.03 20:52:58.950,0.79797,0.79806,1.13,1.88
2012.07.03 20:52:59.825,0.79797,0.79806,1.13,1.13
2012.07.03 20:53:09.953,0.79797,0.79806,1.13,1.88
2012.07.03 20:53:12.135,0.79797,0.79806,2.63,1.50
2012.07.03 20:53:12.667,0.79798,0.79808,2.63,2.25
2012.07.03 20:53:20.269,0.79798,0.7981,1.88,3.00
2012.07.03 20:53:23.928,0.79803,0.79808,3.75,1.50
2012.07.03 20:53:24.136,0.79799,0.79808,2.63,1.50
2012.07.03 20:53:31.921,0.79799,0.79808,1.88,1.50
2012.07.03 20:53:35.975,0.79801,0.7981,1.50,2.63
2012.07.03 20:53:36.240,0.798,0.79811,1.50,1.50
2012.07.03 20:53:36.316,0.79799,0.79811,2.63,1.50
2012.07.03 20:53:36.834,0.79799,0.79812,3.38,1.13
2012.07.03 20:53:37.191,0.79799,0.79812,3.38,1.13
2012.07.03 20:53:37.325,0.79799,0.79811,3.38,3.00
2012.07.03 20:53:37.895,0.79799,0.79808,2.63,1.50
2012.07.03 20:54:08.246,0.79799,0.79808,2.63,1.50
2012.07.03 20:54:13.805,0.79799,0.79811,2.63,2.25
2012.07.03 20:54:20.403,0.798,0.79811,1.88,3.75
2012.07.03 20:54:29.186,0.798,0.79809,1.13,1.50
2012.07.03 20:54:40.033,0.798,0.79809,1.88,2.25
2012.07.03 20:54:46.572,0.798,0.79809,1.88,1.50
2012.07.03 20:54:51.594,0.79799,0.7981,1.50,2.25
2012.07.03 20:54:54.387,0.79799,0.79809,1.50,1.50
2012.07.03 20:54:59.976,0.79799,0.79809,1.50,2.25
2012.07.03 20:55:34.150,0.79799,0.7981,1.50,3.00
2012.07.03 20:55:35.984,0.79798,0.7981,1.50,3.00
2012.07.03 20:55:52.563,0.79798,0.79811,1.50,2.25
2012.07.03 20:56:04.541,0.79797,0.79811,1.50,1.50
2012.07.03 20:56:09.160,0.79797,0.79811,1.50,1.50
2012.07.03 20:56:10.491,0.79797,0.79811,1.50,1.50
2012.07.03 20:56:19.361,0.79797,0.79811,1.50,1.50
2012.07.03 20:56:19.491,0.79797,0.79811,1.50,1.50
2012.07.03 20:56:20.020,0.79797,0.79811,1.50,2.25
2012.07.03 20:56:21.593,0.79796,0.7981,1.50,2.25
2012.07.03 20:56:21.913,0.79795,0.79808,1.50,1.88
2012.07.03 20:56:22.106,0.79797,0.79808,1.50,1.13
2012.07.03 20:56:23.315,0.79796,0.79808,1.50,1.13
2012.07.03 20:56:23.757,0.79793,0.79807,3.00,2.25
2012.07.03 20:56:25.695,0.79794,0.79807,2.63,3.00
2012.07.03 20:56:29.473,0.79795,0.79807,1.50,1.13
2012.07.03 20:56:30.134,0.79793,0.79806,2.25,1.13
2012.07.03 20:56:39.882,0.79792,0.79805,2.63,1.50
2012.07.03 20:56:41.044,0.79792,0.79805,2.63,1.50
2012.07.03 20:56:41.114,0.79792,0.79805,2.63,1.50
2012.07.03 20:56:49.494,0.79793,0.79806,1.13,3.00
2012.07.03 20:56:54.793,0.79792,0.79806,2.25,3.75
2012.07.03 20:56:55.245,0.79792,0.79805,2.25,1.50
2012.07.03 20:56:56.133,0.79792,0.79806,2.25,3.75
2012.07.03 20:56:59.058,0.79792,0.79806,2.25,3.00
2012.07.03 20:57:02.511,0.79796,0.79808,1.50,2.25
2012.07.03 20:57:11.704,0.79795,0.79805,1.50,1.50
2012.07.03 20:57:11.844,0.79793,0.79805,2.25,1.50
2012.07.03 20:57:11.975,0.79793,0.79805,1.50,1.50
2012.07.03 20:57:12.323,0.79792,0.79805,1.50,1.50
2012.07.03 20:57:12.543,0.79792,0.79806,1.50,4.50
2012.07.03 20:57:13.045,0.79792,0.79805,1.50,1.50
2012.07.03 20:57:13.820,0.79792,0.79805,1.50,1.88
2012.07.03 20:57:13.895,0.79792,0.79805,1.50,1.88
2012.07.03 20:57:16.124,0.79792,0.79805,1.50,1.88
2012.07.03 20:57:17.657,0.79791,0.79804,1.50,1.50
2012.07.03 20:57:19.454,0.79789,0.79802,2.29,1.50
2012.07.03 20:57:23.177,0.79791,0.79802,1.50,1.13
2012.07.03 20:57:40.067,0.79791,0.79804,1.50,5.25
2012.07.03 20:57:42.485,0.79791,0.79804,1.50,5.25
2012.07.03 20:57:52.103,0.79791,0.79804,1.50,6.00
2012.07.03 20:57:54.407,0.79791,0.79804,1.50,6.00
2012.07.03 20:57:55.736,0.79791,0.79804,1.50,5.25
2012.07.03 20:57:57.661,0.7979,0.79804,1.50,5.25
2012.07.03 20:58:03.455,0.79787,0.79801,1.50,1.50
2012.07.03 20:58:03.892,0.79787,0.79801,1.50,1.50
2012.07.03 20:58:05.117,0.79787,0.79801,1.50,1.50
2012.07.03 20:58:05.686,0.79787,0.798,1.50,3.75
2012.07.03 20:58:05.884,0.79785,0.798,1.50,6.00
2012.07.03 20:58:06.435,0.79784,0.798,3.38,4.50
2012.07.03 20:58:07.177,0.79784,0.798,3.38,5.25
2012.07.03 20:58:08.704,0.79787,0.79801,1.50,1.50
2012.07.03 20:58:20.923,0.79786,0.79801,2.25,5.25
2012.07.03 20:58:21.335,0.79786,0.79799,2.25,1.50
2012.07.03 20:58:23.144,0.79786,0.79801,1.50,5.25
2012.07.03 20:58:23.693,0.79786,0.79801,1.50,6.00
2012.07.03 20:58:24.535,0.79786,0.79801,1.50,6.00
2012.07.03 20:58:25.844,0.79786,0.79801,1.50,6.00
2012.07.03 20:58:26.213,0.79787,0.79801,1.50,6.75
2012.07.03 20:58:28.608,0.79787,0.79801,1.50,6.75
2012.07.03 20:58:29.144,0.79787,0.79801,1.50,6.00
2012.07.03 20:58:31.795,0.79786,0.79801,1.50,6.75
2012.07.03 20:58:35.315,0.79785,0.798,2.63,6.38
2012.07.03 20:58:35.385,0.79784,0.79799,1.88,1.50
2012.07.03 20:58:35.943,0.79783,0.79798,1.50,1.50
2012.07.03 20:58:36.384,0.79783,0.79799,1.50,5.25
2012.07.03 20:58:45.297,0.79783,0.79796,1.50,1.13
2012.07.03 20:58:45.852,0.79781,0.79796,1.13,2.63
2012.07.03 20:58:46.163,0.7978,0.79796,1.35,1.88
2012.07.03 20:58:46.724,0.79782,0.79796,1.13,1.88
2012.07.03 20:58:47.424,0.79781,0.79798,1.35,7.13
2012.07.03 20:58:50.572,0.79782,0.79797,1.13,1.50
2012.07.03 20:58:57.453,0.79779,0.79797,1.35,2.25
2012.07.03 20:58:59.137,0.79779,0.79797,2.10,4.50
2012.07.03 20:59:00.344,0.79785,0.79794,0.75,0.75
2012.07.03 20:59:00.472,0.79781,0.79797,0.23,0.75
2012.07.03 20:59:01.501,0.79781,0.79796,0.23,0.75
2012.07.03 20:59:01.561,0.79783,0.79796,0.23,0.75
2012.07.03 20:59:03.116,0.79783,0.79797,0.23,0.75
2012.07.03 20:59:03.185,0.79779,0.79795,0.75,0.75
2012.07.03 20:59:04.091,0.79778,0.79795,0.75,0.75
2012.07.03 20:59:04.445,0.79776,0.79794,0.75,0.75
2012.07.03 20:59:05.759,0.79776,0.79796,0.75,1.50
2012.07.03 20:59:13.463,0.79777,0.79795,0.75,0.75
2012.07.03 20:59:21.631,0.79779,0.79795,0.75,0.75
2012.07.03 20:59:22.170,0.79779,0.79796,0.75,1.50
2012.07.03 20:59:29.303,0.79779,0.79797,1.50,2.25
2012.07.03 20:59:34.923,0.79779,0.79796,0.75,0.75
2012.07.03 20:59:35.051,0.79779,0.79799,1.50,0.75
2012.07.03 20:59:35.121,0.79779,0.79797,0.75,0.75
2012.07.03 20:59:35.426,0.79781,0.79799,0.75,0.75
2012.07.03 20:59:37.180,0.7978,0.79798,0.75,0.75
2012.07.03 20:59:37.299,0.79781,0.798,0.75,0.75
2012.07.03 20:59:37.850,0.79783,0.79802,0.75,0.75
2012.07.03 20:59:38.210,0.79785,0.79802,0.75,0.75
2012.07.03 20:59:38.511,0.79783,0.79796,0.75,0.75
2012.07.03 20:59:38.630,0.79786,0.79803,0.75,0.75
2012.07.03 20:59:39.340,0.79786,0.79804,0.75,0.75
2012.07.03 20:59:39.901,0.79785,0.79804,0.75,0.75
2012.07.03 20:59:41.171,0.79785,0.79803,0.75,0.75
2012.07.03 20:59:41.591,0.79783,0.79801,0.75,0.75
2012.07.03 20:59:41.769,0.79781,0.798,0.75,0.75
2012.07.03 20:59:42.260,0.79781,0.79798,0.75,0.75
2012.07.03 20:59:43.457,0.79781,0.79799,1.50,4.50
2012.07.03 20:59:47.101,0.79781,0.79802,0.75,4.50
2012.07.03 20:59:48.480,0.79782,0.79802,0.75,3.75
2012.07.03 20:59:50.182,0.79781,0.79802,0.75,3.75
2012.07.03 20:59:50.417,0.79783,0.79802,0.75,3.75
2012.07.03 20:59:51.010,0.79781,0.79801,0.75,0.75
2012.07.03 20:59:51.189,0.79783,0.79802,0.75,3.75
2012.07.03 20:59:51.430,0.79781,0.79802,0.75,3.75
2012.07.03 20:59:51.612,0.79783,0.79802,0.75,3.75
2012.07.03 20:59:55.572,0.79784,0.79802,0.75,3.75
2012.07.03 20:59:56.073,0.79783,0.79802,0.75,3.75
2012.07.03 20:59:59.077,0.79784,0.79802,0.75,3.75
2012.07.03 20:59:59.410,0.79784,0.79792,0.75,0.75
2012.07.03 20:59:59.971,0.79783,0.79792,0.75,0.75
