2011.04.22 03:00:00.361,0.81839,0.81853,1.50,2.25
2011.04.22 03:00:01.248,0.81841,0.81853,1.50,1.50
2011.04.22 03:00:03.754,0.81838,0.81853,1.50,1.50
2011.04.22 03:00:04.089,0.8184,0.81855,1.50,3.75
2011.04.22 03:00:04.637,0.81839,0.81855,2.25,3.75
2011.04.22 03:00:08.837,0.81838,0.81855,6.75,3.75
2011.04.22 03:00:09.607,0.81842,0.81855,4.50,3.75
2011.04.22 03:00:11.038,0.81838,0.81855,3.00,3.75
2011.04.22 03:00:13.707,0.81838,0.81855,3.00,3.75
2011.04.22 03:00:15.358,0.81838,0.81855,3.00,3.75
2011.04.22 03:00:17.289,0.8184,0.81854,1.50,3.75
2011.04.22 03:00:18.287,0.8184,0.81854,1.50,3.75
2011.04.22 03:00:18.849,0.81839,0.81854,2.25,3.00
2011.04.22 03:00:27.953,0.81839,0.81853,1.50,3.00
2011.04.22 03:00:33.897,0.81839,0.81853,1.50,3.00
2011.04.22 03:00:36.338,0.81837,0.81853,1.50,3.00
2011.04.22 03:00:37.480,0.81837,0.81852,1.50,3.75
2011.04.22 03:00:41.878,0.81838,0.81853,5.25,3.00
2011.04.22 03:00:44.478,0.81838,0.81853,4.50,3.75
2011.04.22 03:00:45.037,0.81838,0.81854,4.50,4.32
2011.04.22 03:00:49.087,0.81838,0.81854,4.50,2.82
2011.04.22 03:00:59.497,0.81838,0.81854,4.50,2.82
2011.04.22 03:01:07.848,0.81838,0.81854,4.50,3.57
2011.04.22 03:01:10.698,0.81838,0.81854,4.50,3.57
2011.04.22 03:01:11.248,0.81836,0.81853,7.50,2.55
2011.04.22 03:01:13.368,0.81838,0.81853,1.50,2.55
2011.04.22 03:01:16.458,0.81839,0.81853,1.50,1.80
2011.04.22 03:01:16.680,0.8184,0.81853,1.50,1.80
2011.04.22 03:01:17.228,0.81839,0.81854,1.50,1.80
2011.04.22 03:01:19.509,0.81838,0.81854,1.50,2.55
2011.04.22 03:01:19.839,0.81842,0.81853,1.50,1.80
2011.04.22 03:01:21.628,0.81842,0.81854,1.50,1.58
2011.04.22 03:01:26.857,0.81842,0.81854,1.50,1.58
2011.04.22 03:01:32.550,0.81844,0.8186,1.50,1.19
2011.04.22 03:01:33.108,0.81844,0.8186,1.50,1.19
2011.04.22 03:01:35.878,0.81844,0.8186,1.50,1.19
2011.04.22 03:01:36.548,0.81845,0.81861,1.50,1.19
2011.04.22 03:01:37.438,0.81846,0.81861,1.50,1.19
2011.04.22 03:01:37.987,0.81846,0.81861,1.50,1.19
2011.04.22 03:01:38.638,0.81846,0.81861,1.50,1.19
2011.04.22 03:01:40.738,0.81844,0.81861,2.25,1.19
2011.04.22 03:01:41.287,0.81844,0.81861,2.25,1.19
2011.04.22 03:01:48.609,0.81844,0.81862,2.25,1.94
2011.04.22 03:01:48.941,0.81847,0.81862,6.00,1.19
2011.04.22 03:01:49.159,0.81849,0.81867,1.50,1.50
2011.04.22 03:01:50.387,0.81849,0.81867,2.25,1.50
2011.04.22 03:01:50.499,0.81849,0.81867,2.34,1.50
2011.04.22 03:01:50.939,0.81849,0.81868,1.50,2.25
2011.04.22 03:01:51.270,0.81848,0.81867,1.50,2.25
2011.04.22 03:01:51.819,0.81847,0.81866,1.50,1.50
2011.04.22 03:01:51.929,0.81847,0.81866,1.50,2.25
2011.04.22 03:01:54.552,0.81847,0.81866,1.50,3.00
2011.04.22 03:01:54.779,0.81855,0.81868,1.50,3.75
2011.04.22 03:01:54.999,0.81854,0.81872,6.00,1.50
2011.04.22 03:01:56.940,0.81857,0.81872,1.50,1.50
2011.04.22 03:01:57.268,0.81858,0.81874,1.50,1.50
2011.04.22 03:01:57.378,0.81858,0.81875,1.50,1.50
2011.04.22 03:01:58.788,0.81858,0.81875,1.50,1.50
2011.04.22 03:01:59.119,0.81858,0.81874,1.50,1.50
2011.04.22 03:02:18.721,0.81856,0.81872,2.25,1.50
2011.04.22 03:02:19.271,0.81855,0.8187,1.50,1.50
2011.04.22 03:02:19.818,0.81854,0.8187,1.50,1.50
2011.04.22 03:02:23.360,0.81852,0.81868,4.50,1.50
2011.04.22 03:02:23.469,0.81852,0.81868,3.75,1.50
2011.04.22 03:02:24.018,0.81851,0.81868,1.50,1.50
2011.04.22 03:02:24.569,0.81848,0.81867,6.00,1.50
2011.04.22 03:02:24.678,0.81847,0.81865,5.25,1.50
2011.04.22 03:02:26.228,0.81848,0.81865,2.25,1.50
2011.04.22 03:02:26.778,0.81848,0.81865,6.75,1.50
2011.04.22 03:02:27.333,0.81849,0.81866,1.50,1.50
2011.04.22 03:02:30.298,0.8185,0.81869,1.50,1.50
2011.04.22 03:02:35.911,0.81849,0.81869,1.50,1.50
2011.04.22 03:02:36.028,0.81851,0.81869,1.50,1.50
2011.04.22 03:02:36.360,0.81854,0.8187,1.50,4.50
2011.04.22 03:02:36.468,0.81854,0.81872,1.50,4.50
2011.04.22 03:02:37.018,0.81854,0.81872,1.50,1.50
2011.04.22 03:02:42.908,0.81853,0.81872,5.25,1.50
2011.04.22 03:02:48.174,0.81854,0.81872,1.50,1.50
2011.04.22 03:02:49.439,0.81854,0.81861,1.50,3.00
2011.04.22 03:02:49.660,0.81852,0.81871,1.50,1.50
2011.04.22 03:02:49.770,0.81853,0.8187,5.25,1.50
2011.04.22 03:02:50.318,0.81853,0.8187,1.50,1.50
2011.04.22 03:02:52.394,0.81854,0.81872,1.50,1.50
2011.04.22 03:02:52.513,0.81853,0.81869,5.25,1.50
2011.04.22 03:02:52.849,0.81849,0.81865,1.13,1.50
2011.04.22 03:02:53.289,0.81848,0.81865,1.88,2.25
2011.04.22 03:02:56.888,0.81848,0.81864,1.13,1.50
2011.04.22 03:02:57.649,0.81848,0.81865,1.13,3.00
2011.04.22 03:03:03.540,0.81848,0.81864,2.36,1.50
2011.04.22 03:03:03.759,0.81847,0.81863,2.36,1.50
2011.04.22 03:03:04.309,0.81847,0.81863,2.25,3.00
2011.04.22 03:03:05.530,0.81847,0.81863,2.25,3.00
2011.04.22 03:03:06.422,0.81847,0.81862,2.25,1.50
2011.04.22 03:03:08.720,0.81847,0.81861,1.50,1.50
2011.04.22 03:03:11.188,0.81846,0.81861,1.50,1.50
2011.04.22 03:03:11.788,0.81848,0.81862,1.50,1.35
2011.04.22 03:03:12.339,0.81848,0.81862,1.50,1.35
2011.04.22 03:03:13.299,0.81848,0.81862,1.50,1.35
2011.04.22 03:03:16.309,0.81849,0.81862,1.50,1.35
2011.04.22 03:03:17.079,0.81849,0.81863,1.50,1.35
2011.04.22 03:03:19.419,0.81849,0.81863,1.62,1.35
2011.04.22 03:03:26.708,0.81848,0.81864,2.25,1.50
2011.04.22 03:03:30.699,0.81848,0.81864,1.50,1.50
2011.04.22 03:03:31.306,0.81848,0.81864,1.50,1.50
2011.04.22 03:03:34.088,0.8185,0.81865,1.50,1.50
2011.04.22 03:03:34.200,0.8185,0.81868,1.50,5.85
2011.04.22 03:03:34.748,0.8185,0.81868,1.50,1.50
2011.04.22 03:03:35.449,0.81851,0.81869,2.25,1.50
2011.04.22 03:03:35.558,0.81851,0.81871,2.25,3.00
2011.04.22 03:03:39.273,0.81852,0.81871,1.50,2.25
2011.04.22 03:03:40.959,0.81852,0.81871,1.50,1.50
2011.04.22 03:03:41.829,0.8185,0.81867,1.50,1.50
2011.04.22 03:03:43.281,0.81849,0.81864,1.50,1.50
2011.04.22 03:03:43.390,0.81846,0.81864,1.50,1.50
2011.04.22 03:03:43.721,0.81848,0.81865,1.50,2.25
2011.04.22 03:03:43.830,0.81851,0.81866,1.50,1.50
2011.04.22 03:03:44.417,0.81851,0.81867,1.50,1.50
2011.04.22 03:03:45.480,0.81853,0.8187,1.50,1.50
2011.04.22 03:03:48.349,0.81851,0.81869,2.25,2.25
2011.04.22 03:03:48.988,0.81851,0.81869,1.50,2.25
2011.04.22 03:04:00.850,0.81854,0.81869,1.50,1.50
2011.04.22 03:04:00.959,0.81854,0.81869,4.50,1.50
2011.04.22 03:04:04.599,0.81851,0.81869,1.50,1.50
2011.04.22 03:04:05.648,0.81851,0.81869,1.50,1.50
2011.04.22 03:04:06.198,0.81851,0.81869,1.50,2.25
2011.04.22 03:04:12.091,0.8185,0.81867,1.50,2.25
2011.04.22 03:04:14.810,0.81849,0.81865,1.50,1.50
2011.04.22 03:04:15.030,0.81849,0.81866,1.50,2.25
2011.04.22 03:04:15.578,0.81849,0.81868,1.50,2.25
2011.04.22 03:04:19.950,0.81849,0.81865,1.50,1.50
2011.04.22 03:04:20.169,0.81848,0.81866,1.50,2.25
2011.04.22 03:04:21.084,0.81849,0.81868,5.25,2.85
2011.04.22 03:04:23.739,0.81852,0.81868,2.25,1.50
2011.04.22 03:04:23.850,0.81853,0.81869,2.25,1.50
2011.04.22 03:04:24.508,0.81853,0.81869,1.50,1.50
2011.04.22 03:04:25.059,0.81849,0.81868,2.25,1.50
2011.04.22 03:04:42.330,0.81848,0.81865,3.75,1.35
2011.04.22 03:04:42.660,0.81846,0.81862,1.50,1.50
2011.04.22 03:04:42.770,0.81847,0.81861,1.50,1.50
2011.04.22 03:04:42.990,0.81846,0.81859,2.25,1.50
2011.04.22 03:04:43.209,0.81847,0.81865,1.50,1.50
2011.04.22 03:04:43.429,0.81847,0.81865,2.25,1.50
2011.04.22 03:04:44.142,0.81845,0.81864,6.00,1.50
2011.04.22 03:04:44.479,0.81845,0.81861,1.50,1.50
2011.04.22 03:04:46.950,0.81845,0.81861,1.50,1.50
2011.04.22 03:04:47.861,0.81849,0.81865,1.50,2.25
2011.04.22 03:04:48.510,0.81849,0.81865,2.25,1.50
2011.04.22 03:04:49.549,0.81854,0.81865,1.50,1.50
2011.04.22 03:04:49.660,0.81854,0.81869,1.50,1.50
2011.04.22 03:05:08.311,0.81854,0.8187,1.50,1.50
2011.04.22 03:05:08.420,0.8185,0.81864,5.25,1.50
2011.04.22 03:05:08.969,0.81852,0.81869,1.50,2.25
2011.04.22 03:05:10.939,0.8185,0.81866,6.00,1.50
2011.04.22 03:05:11.270,0.81848,0.81863,2.25,1.50
2011.04.22 03:05:11.818,0.81848,0.81868,1.50,2.25
2011.04.22 03:05:14.781,0.81848,0.81865,1.50,2.25
2011.04.22 03:05:15.220,0.81847,0.81862,1.50,1.50
2011.04.22 03:05:15.805,0.81847,0.81864,2.25,1.50
2011.04.22 03:05:16.358,0.81849,0.81865,1.50,2.25
2011.04.22 03:05:24.981,0.81849,0.81865,1.50,2.25
2011.04.22 03:05:25.529,0.81849,0.81865,1.50,2.25
2011.04.22 03:05:27.678,0.81849,0.81865,1.50,1.50
2011.04.22 03:05:27.790,0.81848,0.81865,2.25,2.25
2011.04.22 03:05:28.229,0.81849,0.81868,1.50,2.25
2011.04.22 03:05:30.862,0.81849,0.81864,1.50,1.50
2011.04.22 03:05:31.409,0.81849,0.81864,1.50,1.50
2011.04.22 03:05:53.860,0.81847,0.81863,2.25,1.50
2011.04.22 03:06:00.429,0.81847,0.81863,1.50,1.50
2011.04.22 03:06:03.530,0.81849,0.81863,1.50,1.50
2011.04.22 03:06:03.860,0.81849,0.81866,1.50,3.00
2011.04.22 03:06:13.739,0.81849,0.81866,2.25,1.50
2011.04.22 03:06:13.959,0.81851,0.81869,1.50,1.50
2011.04.22 03:06:14.401,0.81848,0.81865,1.50,1.50
2011.04.22 03:06:15.289,0.8185,0.81867,1.50,1.50
2011.04.22 03:06:15.399,0.8185,0.8187,2.25,1.50
2011.04.22 03:06:17.149,0.8185,0.8187,2.25,1.50
2011.04.22 03:06:17.480,0.81849,0.81864,1.50,1.50
2011.04.22 03:06:19.420,0.8185,0.81865,1.50,6.75
2011.04.22 03:06:20.150,0.8185,0.8187,2.25,1.50
2011.04.22 03:06:23.969,0.8185,0.8187,1.50,1.50
2011.04.22 03:06:26.770,0.81854,0.81871,1.50,1.50
2011.04.22 03:06:26.879,0.81855,0.81871,1.50,1.50
2011.04.22 03:06:28.663,0.81855,0.81871,1.50,1.50
2011.04.22 03:06:28.780,0.81853,0.8187,1.50,2.25
2011.04.22 03:06:29.328,0.81851,0.8187,1.50,2.25
2011.04.22 03:06:33.780,0.81849,0.81865,1.50,1.50
2011.04.22 03:06:35.338,0.81848,0.81866,2.25,1.50
2011.04.22 03:06:36.828,0.81849,0.81865,1.50,1.50
2011.04.22 03:06:37.380,0.81849,0.81865,1.50,1.50
2011.04.22 03:06:55.130,0.81849,0.81866,1.50,3.00
2011.04.22 03:07:00.588,0.81849,0.81864,1.50,1.50
2011.04.22 03:07:05.158,0.81849,0.81864,1.50,2.25
2011.04.22 03:07:05.720,0.81849,0.81864,1.50,2.25
2011.04.22 03:07:14.960,0.81849,0.81865,1.50,3.75
2011.04.22 03:07:22.169,0.81847,0.81862,2.25,2.25
2011.04.22 03:07:31.299,0.81846,0.81862,1.50,3.75
2011.04.22 03:07:31.630,0.81844,0.8186,1.50,2.25
2011.04.22 03:07:31.739,0.81842,0.8186,2.25,3.75
2011.04.22 03:07:31.960,0.81842,0.81856,1.50,4.50
2011.04.22 03:07:32.070,0.81839,0.81855,1.50,4.50
2011.04.22 03:07:32.289,0.81841,0.81858,1.50,1.50
2011.04.22 03:07:32.399,0.81841,0.81859,1.50,1.50
2011.04.22 03:07:32.948,0.81841,0.81858,1.50,1.50
2011.04.22 03:07:36.998,0.81841,0.81858,1.50,1.50
2011.04.22 03:07:41.089,0.81841,0.81859,1.50,2.25
2011.04.22 03:07:43.500,0.81838,0.81857,2.25,1.50
2011.04.22 03:07:49.518,0.81838,0.81855,1.50,1.50
2011.04.22 03:07:56.089,0.81838,0.81858,2.25,1.50
2011.04.22 03:07:59.779,0.81838,0.81858,2.25,6.00
2011.04.22 03:08:00.110,0.8184,0.81857,1.50,1.50
2011.04.22 03:08:00.819,0.81841,0.81859,1.50,6.75
2011.04.22 03:08:03.388,0.81843,0.81859,1.50,3.00
2011.04.22 03:08:03.939,0.81844,0.8186,3.00,1.50
2011.04.22 03:08:20.658,0.81844,0.81859,2.25,1.50
2011.04.22 03:08:21.348,0.81845,0.81859,1.50,1.50
2011.04.22 03:08:27.588,0.81845,0.8186,1.50,1.50
2011.04.22 03:08:32.052,0.81841,0.81855,3.75,1.50
2011.04.22 03:08:32.171,0.81844,0.81855,1.50,1.50
2011.04.22 03:08:32.390,0.81839,0.81855,2.25,1.50
2011.04.22 03:08:37.399,0.81841,0.81858,1.50,2.25
2011.04.22 03:08:47.890,0.81841,0.81858,1.50,2.25
2011.04.22 03:08:48.001,0.81842,0.81858,2.25,1.50
2011.04.22 03:08:48.109,0.81843,0.81859,1.50,1.50
2011.04.22 03:08:49.259,0.81851,0.81858,2.25,1.50
2011.04.22 03:08:49.590,0.81858,0.81869,3.75,1.50
2011.04.22 03:08:49.700,0.81855,0.8187,1.50,1.50
2011.04.22 03:08:49.809,0.81855,0.81871,1.50,2.25
2011.04.22 03:08:50.358,0.81853,0.81871,5.25,1.50
2011.04.22 03:08:52.810,0.81858,0.81873,1.50,1.50
2011.04.22 03:08:54.190,0.81858,0.8187,3.75,1.50
2011.04.22 03:08:54.301,0.81854,0.8187,4.50,1.50
2011.04.22 03:08:55.191,0.81854,0.81871,1.50,1.50
2011.04.22 03:08:56.310,0.81858,0.81871,1.50,1.50
2011.04.22 03:08:56.530,0.81859,0.81876,5.25,2.25
2011.04.22 03:08:58.436,0.81859,0.81876,5.25,1.50
2011.04.22 03:08:59.179,0.81859,0.81878,6.00,2.25
2011.04.22 03:08:59.402,0.81859,0.81875,4.50,1.50
2011.04.22 03:08:59.728,0.81852,0.81872,1.50,9.00
2011.04.22 03:08:59.838,0.8185,0.81869,1.50,1.50
2011.04.22 03:09:01.926,0.81856,0.81871,1.50,1.50
2011.04.22 03:09:02.490,0.81856,0.81872,1.50,2.25
2011.04.22 03:09:03.059,0.81856,0.81872,2.25,1.50
2011.04.22 03:09:04.170,0.81866,0.81878,2.25,3.75
2011.04.22 03:09:04.280,0.81866,0.81881,2.25,1.50
2011.04.22 03:09:04.842,0.81866,0.81882,1.50,3.00
2011.04.22 03:09:05.530,0.81866,0.81882,1.50,3.00
2011.04.22 03:09:07.649,0.81866,0.81882,1.50,3.00
2011.04.22 03:09:07.759,0.81866,0.81881,1.50,1.50
2011.04.22 03:09:08.959,0.81864,0.81879,4.50,1.50
2011.04.22 03:09:09.182,0.81859,0.81879,1.50,1.50
2011.04.22 03:09:11.360,0.81859,0.81875,1.50,2.25
2011.04.22 03:09:11.690,0.81856,0.81871,1.50,1.50
2011.04.22 03:09:12.671,0.81865,0.81872,2.25,1.50
2011.04.22 03:09:12.779,0.81865,0.81876,2.25,3.75
2011.04.22 03:09:12.888,0.81865,0.81881,2.25,3.75
2011.04.22 03:09:13.330,0.81859,0.81877,1.50,2.25
2011.04.22 03:09:19.210,0.81858,0.81877,6.00,1.50
2011.04.22 03:09:19.719,0.81858,0.81877,6.00,2.25
2011.04.22 03:09:19.831,0.81858,0.81876,1.50,2.25
2011.04.22 03:09:20.378,0.81858,0.81875,1.50,1.50
2011.04.22 03:09:48.309,0.81858,0.81876,1.50,3.75
2011.04.22 03:10:14.308,0.81858,0.81876,1.50,3.75
2011.04.22 03:11:09.143,0.81858,0.81876,2.25,3.75
2011.04.22 03:11:14.038,0.81858,0.81876,1.50,3.00
2011.04.22 03:11:14.308,0.81858,0.81876,1.50,3.00
2011.04.22 03:11:18.108,0.81858,0.81876,1.50,3.75
2011.04.22 03:11:19.687,0.81858,0.81876,1.50,3.00
2011.04.22 03:11:26.700,0.81862,0.81877,1.50,1.50
2011.04.22 03:11:27.589,0.81862,0.81876,1.50,1.50
2011.04.22 03:11:27.920,0.8186,0.81876,3.75,3.00
2011.04.22 03:11:28.029,0.81858,0.81876,1.50,2.25
2011.04.22 03:11:56.558,0.81858,0.81875,1.50,1.50
2011.04.22 03:12:27.719,0.81857,0.81874,3.00,1.50
2011.04.22 03:12:27.940,0.81855,0.81873,1.50,7.35
2011.04.22 03:12:28.048,0.81853,0.81872,1.50,4.50
2011.04.22 03:12:42.019,0.8185,0.81871,1.50,1.50
2011.04.22 03:12:48.450,0.81854,0.81871,2.25,1.50
2011.04.22 03:12:48.559,0.81854,0.81871,3.00,1.50
2011.04.22 03:12:58.229,0.81854,0.8187,2.25,1.50
2011.04.22 03:13:00.165,0.81853,0.8187,4.50,2.10
2011.04.22 03:13:00.280,0.8185,0.8187,1.50,2.10
2011.04.22 03:13:00.390,0.8185,0.81869,2.25,1.50
2011.04.22 03:13:10.755,0.81852,0.8187,1.50,1.35
2011.04.22 03:13:10.980,0.81854,0.81871,2.25,2.25
2011.04.22 03:13:11.859,0.81854,0.81869,1.50,1.50
2011.04.22 03:13:12.192,0.81856,0.81869,1.50,1.50
2011.04.22 03:13:12.869,0.81856,0.81871,1.50,1.50
2011.04.22 03:13:27.489,0.81854,0.81871,2.25,2.25
2011.04.22 03:13:27.819,0.81854,0.81869,2.25,1.50
2011.04.22 03:13:28.689,0.81852,0.81866,3.75,1.50
2011.04.22 03:13:29.129,0.81854,0.8187,1.50,3.00
2011.04.22 03:13:29.349,0.81849,0.81868,2.25,1.50
2011.04.22 03:13:57.645,0.81849,0.81868,2.25,1.50
2011.04.22 03:13:58.198,0.81849,0.81868,2.25,1.50
2011.04.22 03:13:59.755,0.81849,0.8187,2.25,3.00
2011.04.22 03:14:00.310,0.81852,0.81868,1.50,1.50
2011.04.22 03:14:09.924,0.81854,0.81868,1.50,1.50
2011.04.22 03:14:10.479,0.81853,0.8187,1.50,3.00
2011.04.22 03:14:16.670,0.81853,0.81868,1.50,1.50
2011.04.22 03:14:16.780,0.81853,0.81868,1.50,1.50
2011.04.22 03:14:23.314,0.81854,0.81868,1.50,1.50
2011.04.22 03:14:23.869,0.81855,0.81869,1.50,1.50
2011.04.22 03:14:26.510,0.81855,0.81871,2.25,3.00
2011.04.22 03:14:26.730,0.81857,0.81871,2.25,1.50
2011.04.22 03:14:40.090,0.81857,0.81873,2.25,3.75
2011.04.22 03:14:46.110,0.81856,0.81873,2.25,2.25
2011.04.22 03:14:55.358,0.81855,0.81873,6.00,2.25
2011.04.22 03:15:29.488,0.81856,0.81871,2.25,1.50
2011.04.22 03:15:42.768,0.81856,0.81871,1.50,1.50
2011.04.22 03:15:46.674,0.81855,0.81871,2.25,1.50
2011.04.22 03:15:48.488,0.81857,0.81871,1.50,1.50
2011.04.22 03:16:19.201,0.81855,0.81872,2.25,2.25
2011.04.22 03:16:19.759,0.81857,0.81872,1.50,1.50
2011.04.22 03:16:32.671,0.81857,0.81871,1.50,1.50
2011.04.22 03:16:32.892,0.81851,0.81865,1.50,1.50
2011.04.22 03:16:33.114,0.81852,0.81868,1.50,4.50
2011.04.22 03:16:33.342,0.81852,0.81868,2.25,4.50
2011.04.22 03:16:33.783,0.81854,0.81869,2.25,1.50
2011.04.22 03:16:34.111,0.81856,0.81873,2.10,4.50
2011.04.22 03:16:34.660,0.81856,0.81874,1.35,5.25
2011.04.22 03:16:37.279,0.81857,0.81873,1.50,1.50
2011.04.22 03:16:38.178,0.81856,0.81874,1.35,5.25
2011.04.22 03:16:39.653,0.81854,0.8187,2.25,1.50
2011.04.22 03:16:39.770,0.81854,0.8187,2.25,1.50
2011.04.22 03:16:41.111,0.81852,0.81868,1.50,1.50
2011.04.22 03:16:41.331,0.81849,0.8187,2.25,5.25
2011.04.22 03:16:41.770,0.81851,0.8187,1.50,1.50
2011.04.22 03:16:41.989,0.81852,0.81874,1.50,1.50
2011.04.22 03:16:44.901,0.81857,0.81874,4.50,1.50
2011.04.22 03:16:45.450,0.81858,0.81874,1.50,1.50
2011.04.22 03:16:46.693,0.81858,0.81875,1.50,2.25
2011.04.22 03:16:47.249,0.81857,0.81875,5.25,2.25
2011.04.22 03:16:47.889,0.81857,0.81875,4.50,2.25
2011.04.22 03:16:52.854,0.81857,0.81875,4.50,1.50
2011.04.22 03:16:56.529,0.81858,0.81876,1.50,1.50
2011.04.22 03:17:02.440,0.81858,0.81874,1.50,1.50
2011.04.22 03:17:02.988,0.81858,0.81874,1.50,2.25
2011.04.22 03:17:09.881,0.81858,0.81873,1.50,1.50
2011.04.22 03:17:09.990,0.81851,0.81871,1.50,1.50
2011.04.22 03:17:10.430,0.8185,0.81869,1.50,2.25
2011.04.22 03:17:10.650,0.81851,0.81871,1.50,2.25
2011.04.22 03:17:11.090,0.81849,0.81869,1.50,1.50
2011.04.22 03:17:11.311,0.81849,0.81869,1.50,1.50
2011.04.22 03:17:12.091,0.8185,0.81869,1.50,1.50
2011.04.22 03:17:15.289,0.81849,0.81869,1.50,1.50
2011.04.22 03:17:15.838,0.81848,0.81867,1.50,1.50
2011.04.22 03:17:16.740,0.81846,0.81865,4.50,1.50
2011.04.22 03:17:16.961,0.81843,0.81865,1.50,3.00
2011.04.22 03:17:18.140,0.81843,0.81861,1.50,4.50
2011.04.22 03:17:18.665,0.81842,0.81861,4.50,4.50
2011.04.22 03:17:20.210,0.8184,0.81861,1.50,6.00
2011.04.22 03:17:21.540,0.81844,0.81862,2.25,3.00
2011.04.22 03:17:21.760,0.81844,0.81862,1.50,1.50
2011.04.22 03:17:22.309,0.81845,0.81862,1.50,1.50
2011.04.22 03:17:25.011,0.81842,0.8186,1.50,5.25
2011.04.22 03:17:25.230,0.81836,0.81856,1.50,2.25
2011.04.22 03:17:28.530,0.81838,0.81856,3.00,2.25
2011.04.22 03:17:28.862,0.81848,0.81862,3.75,1.50
2011.04.22 03:17:28.971,0.81848,0.81865,3.75,1.50
2011.04.22 03:17:29.539,0.81846,0.81865,5.25,1.50
2011.04.22 03:17:29.810,0.81846,0.81865,5.25,1.50
2011.04.22 03:17:30.321,0.81847,0.81864,4.50,1.50
2011.04.22 03:17:34.930,0.81848,0.81867,1.50,2.25
2011.04.22 03:17:36.233,0.81849,0.81867,1.50,2.25
2011.04.22 03:17:37.600,0.8185,0.81867,3.75,1.50
2011.04.22 03:17:38.830,0.81849,0.81867,5.25,1.50
2011.04.22 03:17:39.050,0.81849,0.81866,4.50,1.50
2011.04.22 03:17:39.489,0.81845,0.81866,1.50,1.50
2011.04.22 03:17:45.090,0.81845,0.81864,1.50,1.50
2011.04.22 03:17:46.468,0.81845,0.81861,1.50,1.50
2011.04.22 03:17:47.019,0.81841,0.81861,6.00,1.50
2011.04.22 03:17:48.660,0.81851,0.81862,4.50,1.50
2011.04.22 03:17:48.882,0.81851,0.81867,4.50,2.25
2011.04.22 03:17:48.991,0.81842,0.81861,4.50,1.50
2011.04.22 03:17:49.320,0.81842,0.81859,4.50,1.50
2011.04.22 03:17:49.429,0.81842,0.8186,4.50,1.50
2011.04.22 03:17:52.621,0.81844,0.81861,1.50,1.50
2011.04.22 03:17:53.169,0.81844,0.81862,1.50,1.50
2011.04.22 03:17:53.639,0.81846,0.81862,1.50,1.50
2011.04.22 03:17:53.859,0.81846,0.81868,1.50,6.75
2011.04.22 03:17:55.460,0.81845,0.81867,1.50,5.25
2011.04.22 03:17:55.570,0.81845,0.81867,1.50,7.50
2011.04.22 03:17:56.120,0.81843,0.81866,1.50,8.25
2011.04.22 03:17:57.089,0.81842,0.81866,1.50,9.00
2011.04.22 03:17:57.200,0.81847,0.81866,1.50,10.50
2011.04.22 03:17:57.948,0.81845,0.81865,5.25,1.50
2011.04.22 03:18:06.080,0.81849,0.81866,1.50,1.50
2011.04.22 03:18:06.301,0.81845,0.81865,4.50,1.50
2011.04.22 03:18:08.651,0.8185,0.81866,4.50,1.50
2011.04.22 03:18:08.871,0.8185,0.81865,3.75,1.50
2011.04.22 03:18:09.090,0.81844,0.81865,2.25,2.25
2011.04.22 03:18:11.271,0.81847,0.81865,1.50,1.50
2011.04.22 03:18:11.490,0.81849,0.81865,3.75,2.25
2011.04.22 03:18:12.040,0.81845,0.81865,5.25,1.50
2011.04.22 03:18:18.740,0.81846,0.81867,1.50,1.50
2011.04.22 03:18:32.921,0.81845,0.81867,6.00,4.50
2011.04.22 03:18:33.140,0.81846,0.81866,1.50,1.50
2011.04.22 03:19:02.950,0.81848,0.81866,1.50,1.50
2011.04.22 03:19:03.963,0.81852,0.81866,5.25,1.50
2011.04.22 03:19:04.087,0.81854,0.81871,1.50,4.50
2011.04.22 03:19:05.190,0.81852,0.81873,2.25,2.25
2011.04.22 03:19:05.410,0.81852,0.81873,2.25,1.50
2011.04.22 03:19:06.750,0.81852,0.81871,1.50,1.50
2011.04.22 03:19:08.150,0.81851,0.81871,2.25,3.00
2011.04.22 03:19:13.979,0.81851,0.81871,2.25,2.25
2011.04.22 03:19:45.831,0.81852,0.8187,1.50,2.25
2011.04.22 03:19:46.050,0.81852,0.81871,2.25,2.25
2011.04.22 03:19:48.319,0.81852,0.8187,2.25,1.50
2011.04.22 03:19:48.869,0.81854,0.81869,1.50,2.25
2011.04.22 03:19:49.639,0.81854,0.81871,1.50,3.00
2011.04.22 03:19:49.860,0.81857,0.81871,1.50,2.25
2011.04.22 03:19:50.080,0.81858,0.81876,2.25,1.50
2011.04.22 03:19:51.892,0.81858,0.81877,1.50,2.25
2011.04.22 03:19:52.223,0.81858,0.81877,1.50,1.50
2011.04.22 03:19:52.344,0.81859,0.81877,1.50,5.25
2011.04.22 03:19:52.571,0.81855,0.81874,1.50,2.25
2011.04.22 03:19:52.790,0.81855,0.81874,1.50,2.25
2011.04.22 03:20:03.009,0.81855,0.81874,2.25,2.25
2011.04.22 03:20:04.113,0.81855,0.81873,1.50,1.50
2011.04.22 03:20:04.341,0.81853,0.81869,6.00,3.75
2011.04.22 03:20:04.671,0.81848,0.81865,1.50,1.50
2011.04.22 03:20:06.610,0.81846,0.81864,2.25,1.50
2011.04.22 03:20:07.580,0.81846,0.81863,1.50,1.50
2011.04.22 03:20:08.130,0.81846,0.81862,1.50,2.25
2011.04.22 03:20:08.679,0.81846,0.81862,1.50,1.50
2011.04.22 03:20:12.220,0.81846,0.81862,1.50,6.00
2011.04.22 03:20:19.040,0.81844,0.81861,3.00,1.50
2011.04.22 03:20:19.810,0.81843,0.81861,6.75,1.50
2011.04.22 03:20:20.036,0.81843,0.81861,2.25,2.25
2011.04.22 03:20:20.152,0.81843,0.81854,1.50,1.50
2011.04.22 03:20:20.262,0.81843,0.81854,5.25,1.50
2011.04.22 03:20:20.594,0.81836,0.8185,3.00,1.50
2011.04.22 03:20:20.930,0.81836,0.81849,4.50,1.50
2011.04.22 03:20:21.041,0.81833,0.81849,1.50,1.50
2011.04.22 03:20:21.151,0.81833,0.81848,1.50,1.50
2011.04.22 03:20:21.259,0.81832,0.81848,4.50,1.50
2011.04.22 03:20:21.480,0.81832,0.81848,4.50,1.50
2011.04.22 03:20:21.590,0.81832,0.81849,4.50,1.50
2011.04.22 03:20:26.441,0.81832,0.81849,4.50,1.50
2011.04.22 03:20:27.921,0.81831,0.81849,1.50,5.25
2011.04.22 03:20:30.561,0.81831,0.81846,1.50,3.75
2011.04.22 03:20:31.681,0.81831,0.81846,1.50,1.50
2011.04.22 03:20:34.600,0.81831,0.81843,1.50,3.75
2011.04.22 03:20:34.933,0.81828,0.81841,1.50,1.50
2011.04.22 03:20:35.378,0.81828,0.81841,1.50,1.50
2011.04.22 03:20:35.493,0.81828,0.81844,1.50,1.50
2011.04.22 03:20:36.022,0.81828,0.81842,1.50,1.50
2011.04.22 03:20:37.489,0.81828,0.81842,1.50,1.50
2011.04.22 03:20:41.200,0.81828,0.81842,1.50,1.50
2011.04.22 03:20:49.051,0.81832,0.81843,4.50,1.50
2011.04.22 03:20:49.161,0.81832,0.81844,4.50,1.50
2011.04.22 03:20:49.712,0.81832,0.81847,4.50,1.50
2011.04.22 03:20:52.361,0.81833,0.81847,1.50,1.50
2011.04.22 03:20:52.470,0.81833,0.81848,1.50,1.50
2011.04.22 03:20:52.580,0.81836,0.81853,4.50,1.50
2011.04.22 03:20:54.407,0.81831,0.81846,4.50,1.50
2011.04.22 03:20:55.341,0.81831,0.81846,4.50,1.50
2011.04.22 03:21:01.509,0.81832,0.81846,4.50,1.50
2011.04.22 03:21:02.060,0.81832,0.81848,4.50,1.50
2011.04.22 03:21:06.051,0.81835,0.8185,3.75,1.50
2011.04.22 03:21:23.620,0.81835,0.81849,3.75,1.50
2011.04.22 03:21:27.920,0.81835,0.81849,4.50,1.50
2011.04.22 03:21:28.469,0.81836,0.81851,3.75,3.00
2011.04.22 03:21:31.011,0.81836,0.81854,5.25,1.50
2011.04.22 03:21:31.231,0.81836,0.81856,6.00,1.50
2011.04.22 03:21:31.450,0.81838,0.81856,1.50,1.50
2011.04.22 03:21:34.160,0.81837,0.81856,4.50,1.50
2011.04.22 03:21:34.491,0.81837,0.81856,5.25,1.50
2011.04.22 03:21:37.362,0.81835,0.81853,5.25,1.50
2011.04.22 03:21:37.470,0.81836,0.81853,5.25,1.50
2011.04.22 03:21:37.581,0.81838,0.81856,1.50,1.50
2011.04.22 03:21:37.802,0.81843,0.8186,1.50,3.75
2011.04.22 03:21:38.472,0.81847,0.81867,5.25,1.35
2011.04.22 03:21:39.060,0.81847,0.81863,5.25,1.50
2011.04.22 03:21:39.280,0.81842,0.81861,1.50,1.50
2011.04.22 03:21:39.397,0.81839,0.81857,6.00,1.50
2011.04.22 03:21:39.622,0.81839,0.81857,4.50,1.50
2011.04.22 03:21:40.620,0.81839,0.81852,3.75,1.50
2011.04.22 03:21:40.840,0.81839,0.81857,4.50,1.50
2011.04.22 03:21:41.060,0.8184,0.81859,1.50,1.50
2011.04.22 03:21:41.500,0.8184,0.81859,1.50,1.50
2011.04.22 03:21:42.081,0.81839,0.81856,5.25,1.50
2011.04.22 03:21:43.979,0.81837,0.81855,6.00,1.50
2011.04.22 03:21:44.420,0.8184,0.81857,3.00,1.50
2011.04.22 03:21:44.530,0.8184,0.81857,3.00,1.50
2011.04.22 03:21:44.640,0.81844,0.8186,1.50,1.50
2011.04.22 03:21:47.240,0.81844,0.81862,1.50,1.50
2011.04.22 03:21:50.171,0.81844,0.81861,1.50,1.50
2011.04.22 03:21:50.742,0.81845,0.81861,1.50,1.50
2011.04.22 03:21:53.699,0.81845,0.8186,1.50,1.50
2011.04.22 03:21:54.701,0.81845,0.81861,4.50,1.50
2011.04.22 03:21:54.809,0.81845,0.81862,4.50,1.35
2011.04.22 03:21:55.361,0.81848,0.81864,1.50,1.35
2011.04.22 03:21:55.911,0.81845,0.81862,1.50,1.35
2011.04.22 03:22:00.541,0.81845,0.81862,1.50,1.35
2011.04.22 03:22:01.089,0.81847,0.81862,1.50,1.35
2011.04.22 03:22:07.820,0.81849,0.81862,1.50,1.35
2011.04.22 03:22:12.072,0.81852,0.81864,1.50,1.50
2011.04.22 03:22:12.291,0.81844,0.81861,1.50,1.50
2011.04.22 03:22:12.401,0.81842,0.81861,3.00,1.50
2011.04.22 03:22:12.995,0.81842,0.81859,1.50,1.50
2011.04.22 03:22:13.110,0.81842,0.8186,2.25,1.50
2011.04.22 03:22:13.830,0.81842,0.81862,2.25,2.25
2011.04.22 03:22:14.561,0.81844,0.81862,1.50,1.50
2011.04.22 03:22:16.032,0.81843,0.8186,1.50,1.50
2011.04.22 03:22:16.143,0.8184,0.8186,1.50,1.50
2011.04.22 03:22:16.469,0.81842,0.8186,1.50,1.50
2011.04.22 03:22:18.960,0.81849,0.81863,2.25,1.50
2011.04.22 03:22:19.730,0.81849,0.81865,2.25,1.50
2011.04.22 03:22:21.600,0.81846,0.81864,3.00,1.50
2011.04.22 03:22:22.352,0.81846,0.81862,3.00,1.50
2011.04.22 03:22:22.974,0.81847,0.81862,1.50,1.50
2011.04.22 03:22:42.321,0.81847,0.81862,1.50,2.25
2011.04.22 03:22:43.361,0.81847,0.81862,1.50,1.50
2011.04.22 03:22:49.251,0.81847,0.81862,1.50,1.50
2011.04.22 03:22:51.310,0.81845,0.81861,3.00,1.50
2011.04.22 03:22:51.421,0.81844,0.81859,4.50,5.25
2011.04.22 03:22:51.750,0.81837,0.81859,1.50,4.50
2011.04.22 03:22:51.860,0.81839,0.81859,1.50,4.50
2011.04.22 03:22:54.132,0.81842,0.81859,1.50,5.25
2011.04.22 03:22:54.680,0.81843,0.8186,1.50,1.50
2011.04.22 03:22:57.502,0.81846,0.81862,2.25,1.50
2011.04.22 03:22:57.611,0.81847,0.81863,1.50,5.25
2011.04.22 03:22:57.720,0.81847,0.81863,2.25,1.50
2011.04.22 03:22:58.271,0.81849,0.81864,2.25,1.50
2011.04.22 03:22:58.492,0.8185,0.81867,1.50,2.25
2011.04.22 03:22:58.599,0.8185,0.81867,1.50,1.50
2011.04.22 03:22:59.160,0.81851,0.81867,1.50,1.50
2011.04.22 03:22:59.731,0.81852,0.81869,1.50,1.50
2011.04.22 03:22:59.841,0.81852,0.8187,5.25,1.50
2011.04.22 03:23:00.389,0.81852,0.81872,4.50,1.50
2011.04.22 03:23:01.199,0.81852,0.81872,4.50,1.50
2011.04.22 03:23:02.012,0.81852,0.81871,4.50,2.25
2011.04.22 03:23:02.341,0.8185,0.81868,2.25,2.25
2011.04.22 03:23:10.750,0.8185,0.81868,1.50,2.25
2011.04.22 03:23:11.361,0.8185,0.81868,1.50,2.25
2011.04.22 03:23:22.289,0.8185,0.81868,2.25,3.19
2011.04.22 03:23:24.420,0.81851,0.81866,3.75,1.69
2011.04.22 03:23:30.289,0.8185,0.81868,1.50,3.19
2011.04.22 03:23:31.091,0.8185,0.81867,1.50,1.69
2011.04.22 03:23:45.810,0.81852,0.81866,3.75,1.69
2011.04.22 03:23:46.379,0.8185,0.81866,1.50,1.69
2011.04.22 03:23:46.949,0.81852,0.81866,3.75,1.69
2011.04.22 03:23:47.741,0.8185,0.81866,1.50,1.69
2011.04.22 03:23:55.121,0.81849,0.81866,1.50,1.69
2011.04.22 03:24:05.699,0.81849,0.81866,2.25,1.69
2011.04.22 03:24:12.819,0.81851,0.81866,3.75,1.69
2011.04.22 03:24:38.752,0.81851,0.81863,3.75,1.50
2011.04.22 03:24:38.860,0.81847,0.81863,2.25,1.50
2011.04.22 03:24:39.411,0.81847,0.81863,1.50,1.50
2011.04.22 03:24:41.091,0.81847,0.8186,1.50,1.50
2011.04.22 03:24:41.200,0.81845,0.8186,1.50,1.50
2011.04.22 03:24:41.752,0.81844,0.8186,1.50,2.25
2011.04.22 03:24:46.401,0.81843,0.81861,3.00,3.00
2011.04.22 03:24:46.949,0.81843,0.81859,3.00,1.50
2011.04.22 03:24:50.140,0.81843,0.81858,3.00,1.50
2011.04.22 03:24:50.700,0.81841,0.81859,1.50,1.50
2011.04.22 03:25:08.841,0.81841,0.81859,2.25,2.25
2011.04.22 03:25:09.061,0.81841,0.81859,1.50,3.00
2011.04.22 03:25:09.280,0.8184,0.81857,1.50,1.50
2011.04.22 03:25:09.500,0.8184,0.81856,2.25,2.25
2011.04.22 03:25:09.721,0.81836,0.81851,5.25,1.35
2011.04.22 03:25:09.940,0.81831,0.8185,6.00,1.50
2011.04.22 03:25:14.310,0.81832,0.8185,2.25,1.50
2011.04.22 03:25:14.860,0.81832,0.8185,2.25,1.50
2011.04.22 03:25:18.190,0.81834,0.8185,4.50,1.50
2011.04.22 03:25:20.200,0.81833,0.81852,2.25,1.50
2011.04.22 03:25:41.770,0.81831,0.81851,5.25,4.50
2011.04.22 03:25:43.090,0.81831,0.81851,4.50,5.25
2011.04.22 03:25:56.734,0.81832,0.81843,3.75,1.50
2011.04.22 03:25:56.842,0.81829,0.81843,1.50,1.50
2011.04.22 03:25:57.345,0.81831,0.81848,4.50,1.50
2011.04.22 03:25:57.464,0.81836,0.81854,2.25,8.85
2011.04.22 03:26:00.433,0.81833,0.8185,6.00,1.35
2011.04.22 03:26:01.620,0.81832,0.81848,5.25,1.50
2011.04.22 03:26:02.999,0.81832,0.81848,5.25,1.50
2011.04.22 03:26:03.571,0.81831,0.81847,1.50,1.50
2011.04.22 03:26:04.151,0.8183,0.81846,5.25,1.50
2011.04.22 03:26:06.121,0.81831,0.81846,4.50,1.50
2011.04.22 03:26:07.561,0.81831,0.81846,4.50,1.50
2011.04.22 03:26:09.170,0.81831,0.81846,4.50,1.50
2011.04.22 03:26:11.510,0.81833,0.81849,4.50,1.50
2011.04.22 03:26:16.051,0.81832,0.81848,4.50,1.50
2011.04.22 03:26:18.731,0.81832,0.8185,5.25,1.50
2011.04.22 03:26:22.478,0.81832,0.8185,4.50,1.50
2011.04.22 03:26:22.592,0.81832,0.8185,4.50,2.25
2011.04.22 03:26:23.242,0.8183,0.81849,5.25,1.50
2011.04.22 03:26:23.671,0.81832,0.81849,4.50,1.50
2011.04.22 03:26:24.220,0.81832,0.81849,4.50,1.50
2011.04.22 03:26:28.859,0.81832,0.81849,4.50,1.50
2011.04.22 03:26:29.999,0.81832,0.81849,4.50,1.50
2011.04.22 03:26:38.850,0.81832,0.81848,4.50,1.50
2011.04.22 03:26:39.400,0.81832,0.8185,4.50,1.50
2011.04.22 03:26:54.870,0.81834,0.8185,4.50,1.50
2011.04.22 03:27:09.631,0.81834,0.81848,4.50,1.50
2011.04.22 03:27:10.182,0.81834,0.81848,4.50,1.50
2011.04.22 03:27:20.289,0.81834,0.81848,4.50,1.50
2011.04.22 03:27:39.360,0.81834,0.81848,4.50,1.50
2011.04.22 03:27:39.931,0.81834,0.81848,4.50,1.50
2011.04.22 03:27:43.471,0.81834,0.81847,4.50,1.50
2011.04.22 03:27:45.661,0.81833,0.81846,3.75,1.50
2011.04.22 03:27:46.210,0.8183,0.81846,5.25,1.50
2011.04.22 03:27:48.550,0.81831,0.81849,1.50,2.25
2011.04.22 03:27:49.101,0.8183,0.81846,5.25,1.50
2011.04.22 03:27:49.432,0.81831,0.81845,3.75,1.50
2011.04.22 03:27:49.996,0.81829,0.81843,1.50,1.50
2011.04.22 03:27:53.192,0.8183,0.81846,1.50,1.50
2011.04.22 03:27:56.170,0.81831,0.81846,5.25,1.50
2011.04.22 03:28:36.993,0.81831,0.81846,1.50,1.50
2011.04.22 03:29:50.662,0.8183,0.81848,1.50,1.50
2011.04.22 03:29:57.229,0.8183,0.81846,1.50,1.50
2011.04.22 03:30:00.501,0.81828,0.81845,3.00,1.50
2011.04.22 03:30:01.260,0.8183,0.81846,1.50,1.50
2011.04.22 03:30:19.970,0.81829,0.81845,1.50,1.50
2011.04.22 03:30:27.401,0.81829,0.81845,2.25,1.50
2011.04.22 03:30:27.620,0.8183,0.81846,3.75,1.50
2011.04.22 03:30:28.940,0.8183,0.81846,5.25,1.50
2011.04.22 03:30:33.151,0.8183,0.81846,4.50,1.50
2011.04.22 03:30:36.521,0.8183,0.81845,4.50,1.50
2011.04.22 03:30:37.511,0.8183,0.81846,2.25,1.50
2011.04.22 03:30:38.061,0.81831,0.81846,3.75,1.50
2011.04.22 03:30:38.981,0.81831,0.81846,3.75,2.25
2011.04.22 03:30:48.711,0.8183,0.81845,5.25,1.50
2011.04.22 03:30:49.042,0.81829,0.81844,4.50,1.50
2011.04.22 03:30:49.151,0.81829,0.81845,4.50,3.00
2011.04.22 03:30:51.100,0.81829,0.81846,4.50,2.25
2011.04.22 03:31:03.872,0.81829,0.81846,6.00,1.50
2011.04.22 03:31:06.501,0.81829,0.81845,5.25,1.50
2011.04.22 03:31:27.112,0.81829,0.81843,4.50,1.50
2011.04.22 03:31:27.332,0.81827,0.81843,6.00,1.50
2011.04.22 03:31:53.961,0.81828,0.81845,1.50,1.50
2011.04.22 03:31:54.071,0.8183,0.81845,3.75,1.50
2011.04.22 03:32:07.182,0.8183,0.81846,4.50,1.50
2011.04.22 03:32:07.514,0.81832,0.81849,5.25,1.50
2011.04.22 03:32:07.623,0.81833,0.81852,1.50,3.00
2011.04.22 03:32:07.731,0.81833,0.81852,1.50,1.50
2011.04.22 03:32:08.172,0.81832,0.8185,4.50,1.50
2011.04.22 03:32:08.721,0.81834,0.81853,4.50,5.25
2011.04.22 03:32:09.631,0.81835,0.81853,1.50,4.50
2011.04.22 03:32:15.409,0.81835,0.81848,1.50,1.50
2011.04.22 03:32:15.523,0.81834,0.81844,3.75,1.50
2011.04.22 03:32:15.852,0.81834,0.81847,1.50,3.75
2011.04.22 03:32:15.964,0.81835,0.81851,1.50,1.50
2011.04.22 03:32:16.613,0.81835,0.81852,1.50,1.50
2011.04.22 03:32:20.872,0.81834,0.81852,2.25,1.50
2011.04.22 03:32:24.261,0.81835,0.81852,1.50,1.50
2011.04.22 03:32:31.351,0.81834,0.81852,1.50,1.50
2011.04.22 03:33:00.561,0.81835,0.81853,1.50,5.25
2011.04.22 03:33:01.412,0.81833,0.81852,5.25,1.50
2011.04.22 03:33:01.960,0.81833,0.81852,5.25,1.50
2011.04.22 03:33:03.161,0.81833,0.81852,6.00,1.50
2011.04.22 03:33:12.570,0.81835,0.81852,1.50,1.50
2011.04.22 03:33:23.552,0.81835,0.81852,1.50,2.25
2011.04.22 03:33:35.582,0.81834,0.81851,1.50,1.50
2011.04.22 03:34:15.672,0.81831,0.81848,4.50,1.50
2011.04.22 03:34:16.003,0.8183,0.81847,3.00,1.50
2011.04.22 03:34:24.693,0.81832,0.81849,3.75,2.25
2011.04.22 03:34:32.609,0.81834,0.81847,2.25,1.50
2011.04.22 03:34:32.833,0.81832,0.81849,4.50,1.50
2011.04.22 03:34:32.945,0.81832,0.81849,3.75,2.25
2011.04.22 03:34:35.682,0.81832,0.81849,4.50,1.50
2011.04.22 03:34:36.011,0.81831,0.81849,1.50,1.50
2011.04.22 03:34:36.602,0.81832,0.81849,2.25,1.50
2011.04.22 03:34:53.841,0.81837,0.81852,1.50,6.00
2011.04.22 03:34:53.954,0.81841,0.81854,1.50,2.25
2011.04.22 03:34:54.064,0.8184,0.81855,4.50,2.10
2011.04.22 03:34:54.173,0.81833,0.81852,6.00,2.25
2011.04.22 03:34:54.282,0.81833,0.81852,5.25,2.25
2011.04.22 03:34:54.391,0.81833,0.81853,5.25,1.50
2011.04.22 03:34:54.612,0.81833,0.81853,5.25,1.50
2011.04.22 03:34:55.172,0.81835,0.81852,4.50,1.50
2011.04.22 03:34:55.720,0.81835,0.81855,5.25,1.50
2011.04.22 03:34:56.261,0.81835,0.81855,5.25,1.50
2011.04.22 03:34:57.931,0.81837,0.81855,3.75,1.50
2011.04.22 03:34:58.902,0.81835,0.81855,5.25,1.50
2011.04.22 03:34:59.302,0.81835,0.81853,6.00,1.50
2011.04.22 03:35:00.773,0.81835,0.81852,4.50,1.50
2011.04.22 03:35:00.992,0.81835,0.81851,5.25,1.50
2011.04.22 03:35:01.212,0.81833,0.81851,9.75,1.50
2011.04.22 03:35:01.761,0.81833,0.81851,1.50,1.50
2011.04.22 03:35:09.983,0.81832,0.8185,2.25,1.50
2011.04.22 03:35:10.091,0.81832,0.8185,2.25,1.50
2011.04.22 03:35:10.203,0.81832,0.8185,2.25,1.50
2011.04.22 03:35:14.801,0.81832,0.8185,2.25,1.50
2011.04.22 03:35:22.363,0.81833,0.8185,1.50,1.50
2011.04.22 03:35:37.352,0.81834,0.81851,1.50,2.25
2011.04.22 03:35:38.592,0.81837,0.81851,3.75,2.25
2011.04.22 03:35:38.704,0.81841,0.81855,5.25,1.50
2011.04.22 03:35:38.922,0.81845,0.81857,5.25,3.75
2011.04.22 03:35:39.471,0.81845,0.81856,4.49,1.50
2011.04.22 03:35:39.691,0.81844,0.81856,2.25,1.50
2011.04.22 03:35:39.802,0.81843,0.81856,1.50,2.85
2011.04.22 03:35:40.025,0.81835,0.81852,1.50,2.10
2011.04.22 03:35:40.142,0.81835,0.81852,3.75,2.85
2011.04.22 03:35:40.692,0.81835,0.81852,4.50,2.10
2011.04.22 03:35:43.623,0.81834,0.81852,1.50,2.10
2011.04.22 03:35:43.842,0.81832,0.81852,1.50,5.25
2011.04.22 03:35:44.881,0.81832,0.81852,1.50,6.00
2011.04.22 03:35:58.940,0.81834,0.81852,1.50,5.25
2011.04.22 03:36:01.869,0.81834,0.81852,1.50,5.25
2011.04.22 03:36:02.312,0.81834,0.81852,1.50,4.50
2011.04.22 03:36:04.212,0.81834,0.81852,1.50,4.50
2011.04.22 03:36:11.813,0.81838,0.81854,3.00,4.50
2011.04.22 03:36:12.141,0.81842,0.81856,1.50,1.50
2011.04.22 03:36:12.472,0.81845,0.81856,4.50,2.25
2011.04.22 03:36:12.811,0.81844,0.81855,2.25,1.35
2011.04.22 03:36:13.410,0.81835,0.81855,6.00,1.50
2011.04.22 03:36:16.982,0.81835,0.81853,4.50,1.50
2011.04.22 03:36:17.202,0.81833,0.81851,1.50,4.50
2011.04.22 03:36:25.704,0.81834,0.81851,2.25,3.75
2011.04.22 03:36:50.972,0.81834,0.81851,1.50,3.75
2011.04.22 03:36:53.811,0.81833,0.81851,1.50,4.50
2011.04.22 03:37:12.171,0.81833,0.81851,1.50,4.50
2011.04.22 03:37:15.092,0.81834,0.81851,1.50,5.25
2011.04.22 03:37:18.061,0.81834,0.81851,1.50,5.25
2011.04.22 03:37:33.742,0.81834,0.81851,1.50,5.25
2011.04.22 03:38:07.101,0.81833,0.81851,2.25,6.00
2011.04.22 03:38:23.421,0.81834,0.81851,1.50,6.00
2011.04.22 03:38:31.912,0.81832,0.81851,1.50,6.00
2011.04.22 03:38:54.651,0.81832,0.81851,1.50,4.50
2011.04.22 03:39:07.942,0.81835,0.81852,1.50,4.50
2011.04.22 03:39:09.252,0.81835,0.81852,1.50,3.75
2011.04.22 03:39:09.585,0.81843,0.81857,2.25,2.93
2011.04.22 03:39:09.813,0.8184,0.81857,4.50,2.33
2011.04.22 03:39:10.386,0.81835,0.81857,1.50,6.08
2011.04.22 03:39:10.502,0.81835,0.81856,1.50,1.58
2011.04.22 03:39:10.611,0.81835,0.81856,1.50,1.65
2011.04.22 03:39:11.571,0.81835,0.81856,1.50,1.65
2011.04.22 03:39:11.903,0.81845,0.81857,1.50,3.98
2011.04.22 03:39:12.451,0.81846,0.81861,1.50,3.23
2011.04.22 03:39:13.001,0.81842,0.81857,3.75,1.73
2011.04.22 03:39:13.455,0.81834,0.81857,1.50,1.73
2011.04.22 03:39:14.885,0.81845,0.81861,1.50,2.48
2011.04.22 03:39:15.431,0.81845,0.81861,1.50,3.98
2011.04.22 03:39:17.991,0.81845,0.81861,2.25,2.40
2011.04.22 03:39:18.102,0.81845,0.81861,2.25,3.00
2011.04.22 03:39:26.276,0.81845,0.81861,2.25,2.25
2011.04.22 03:39:37.437,0.81845,0.81858,2.25,1.50
2011.04.22 03:39:37.993,0.81848,0.81858,1.50,1.50
2011.04.22 03:39:38.213,0.81847,0.8186,1.50,1.50
2011.04.22 03:39:38.431,0.81848,0.8186,1.50,1.50
2011.04.22 03:39:38.872,0.81848,0.81863,1.50,1.50
2011.04.22 03:39:39.752,0.81848,0.81863,1.50,1.50
2011.04.22 03:39:42.912,0.81849,0.81864,3.75,2.25
2011.04.22 03:39:45.222,0.81849,0.81864,4.50,1.50
2011.04.22 03:39:45.336,0.81853,0.81866,1.50,2.03
2011.04.22 03:39:46.290,0.81849,0.81864,4.50,1.50
2011.04.22 03:39:55.843,0.81847,0.81863,1.50,1.50
2011.04.22 03:39:55.953,0.81846,0.8186,4.50,1.50
2011.04.22 03:39:56.172,0.81842,0.8186,1.54,2.25
2011.04.22 03:39:56.744,0.81843,0.8186,1.54,1.50
2011.04.22 03:39:58.662,0.81841,0.81855,7.54,1.50
2011.04.22 03:39:59.213,0.81839,0.81855,1.54,1.50
2011.04.22 03:40:38.262,0.81839,0.81855,1.50,1.50
2011.04.22 03:40:39.473,0.81839,0.81855,1.50,2.25
2011.04.22 03:40:49.172,0.81839,0.81855,1.50,1.50
2011.04.22 03:40:51.481,0.81838,0.81856,1.50,1.50
2011.04.22 03:41:51.952,0.81838,0.81855,1.50,1.50
2011.04.22 03:42:21.153,0.81838,0.81856,1.50,3.00
2011.04.22 03:42:39.652,0.81838,0.81855,1.50,1.50
2011.04.22 03:42:39.871,0.81839,0.81854,1.50,1.50
2011.04.22 03:42:41.443,0.81838,0.81855,2.25,1.50
2011.04.22 03:42:41.881,0.81838,0.81855,2.25,1.50
2011.04.22 03:42:42.661,0.81838,0.81855,2.25,1.50
2011.04.22 03:42:43.722,0.81838,0.81855,2.25,1.50
2011.04.22 03:42:44.275,0.81835,0.81852,1.50,1.50
2011.04.22 03:42:44.395,0.81833,0.81851,5.25,1.50
2011.04.22 03:42:44.502,0.81833,0.81851,4.50,1.50
2011.04.22 03:42:45.052,0.81835,0.81851,1.50,1.50
2011.04.22 03:42:45.872,0.81833,0.81851,1.50,1.50
2011.04.22 03:42:51.142,0.81834,0.81852,1.50,5.25
2011.04.22 03:42:51.472,0.81837,0.81853,1.50,2.25
2011.04.22 03:42:52.052,0.81838,0.81853,1.50,1.50
2011.04.22 03:42:52.283,0.81838,0.81853,1.50,1.65
2011.04.22 03:42:52.613,0.81839,0.81854,1.50,1.65
2011.04.22 03:42:52.722,0.81839,0.81854,1.50,1.50
2011.04.22 03:42:53.472,0.81838,0.81854,1.50,1.50
2011.04.22 03:42:53.802,0.81838,0.81855,1.50,2.25
2011.04.22 03:42:54.800,0.81838,0.81855,1.50,1.50
2011.04.22 03:43:03.599,0.81838,0.81855,1.50,2.25
2011.04.22 03:43:31.674,0.81838,0.81855,1.50,1.50
2011.04.22 03:43:38.553,0.81839,0.81856,1.50,3.00
2011.04.22 03:43:39.075,0.81841,0.81858,4.50,1.50
2011.04.22 03:43:45.879,0.81841,0.81858,4.50,1.50
2011.04.22 03:43:46.433,0.81841,0.81858,4.50,1.50
2011.04.22 03:44:04.743,0.81847,0.81859,1.50,1.50
2011.04.22 03:44:04.962,0.81847,0.81861,1.50,1.50
2011.04.22 03:44:07.341,0.81847,0.81861,1.50,1.50
2011.04.22 03:44:26.763,0.81846,0.81861,2.25,1.50
2011.04.22 03:44:59.911,0.81846,0.81862,2.25,2.25
2011.04.22 03:45:04.122,0.81846,0.81862,1.50,2.25
2011.04.22 03:45:44.342,0.81846,0.81861,2.25,1.50
2011.04.22 03:45:54.822,0.81847,0.81861,1.50,1.50
2011.04.22 03:45:57.622,0.81846,0.81862,2.25,2.25
2011.04.22 03:45:58.715,0.81846,0.81862,2.25,2.25
2011.04.22 03:46:01.291,0.81846,0.81862,2.25,2.25
2011.04.22 03:46:03.193,0.81847,0.81863,1.50,1.50
2011.04.22 03:46:03.742,0.81848,0.81864,1.50,3.00
2011.04.22 03:46:10.493,0.81849,0.81864,1.50,2.25
2011.04.22 03:46:12.602,0.81848,0.81864,1.50,2.25
2011.04.22 03:46:12.823,0.81849,0.81865,1.50,3.00
2011.04.22 03:46:32.613,0.81849,0.81865,2.25,3.00
2011.04.22 03:46:33.161,0.81849,0.81865,1.50,2.25
2011.04.22 03:46:35.205,0.81849,0.81865,1.50,3.00
2011.04.22 03:46:35.655,0.8185,0.81866,1.50,4.28
2011.04.22 03:46:36.855,0.8185,0.81866,2.25,4.28
2011.04.22 03:46:42.094,0.81849,0.81864,1.50,1.50
2011.04.22 03:46:42.422,0.81847,0.81863,1.50,1.50
2011.04.22 03:46:43.184,0.81847,0.81863,1.50,1.50
2011.04.22 03:46:47.263,0.81847,0.81864,1.50,3.00
2011.04.22 03:46:48.143,0.81847,0.81863,1.50,1.50
2011.04.22 03:46:48.472,0.81847,0.81864,1.50,3.00
2011.04.22 03:46:49.673,0.81847,0.81863,2.25,1.50
2011.04.22 03:46:50.663,0.81847,0.81863,1.50,1.50
2011.04.22 03:46:51.653,0.81847,0.81863,1.50,1.50
2011.04.22 03:46:52.553,0.81847,0.81864,1.50,3.00
2011.04.22 03:46:53.552,0.81847,0.81863,1.50,1.50
2011.04.22 03:46:54.852,0.81847,0.81864,1.50,3.00
2011.04.22 03:46:55.584,0.81847,0.81864,1.50,3.00
2011.04.22 03:46:56.219,0.81847,0.81864,2.25,3.00
2011.04.22 03:46:56.584,0.81847,0.81864,1.50,2.25
2011.04.22 03:46:57.712,0.81847,0.81863,1.50,1.50
2011.04.22 03:46:58.262,0.81847,0.81863,1.50,1.50
2011.04.22 03:46:59.132,0.81847,0.81863,1.50,1.50
2011.04.22 03:47:00.073,0.81847,0.81863,1.50,1.50
2011.04.22 03:47:02.163,0.81847,0.81864,1.50,3.00
2011.04.22 03:47:03.263,0.81847,0.81863,2.25,1.50
2011.04.22 03:47:13.945,0.81847,0.81864,1.50,3.75
2011.04.22 03:47:17.157,0.81848,0.81863,1.50,1.50
2011.04.22 03:47:21.227,0.81848,0.81863,1.50,1.50
2011.04.22 03:47:29.005,0.81848,0.81864,1.50,3.75
2011.04.22 03:47:29.334,0.81849,0.81864,1.50,1.50
2011.04.22 03:47:29.553,0.8185,0.81866,1.50,3.64
2011.04.22 03:47:38.692,0.81848,0.81865,1.50,1.50
2011.04.22 03:47:40.493,0.81849,0.81866,1.50,2.25
2011.04.22 03:47:41.043,0.81849,0.81866,1.50,1.50
2011.04.22 03:47:41.263,0.81851,0.81867,2.25,1.50
2011.04.22 03:47:41.374,0.81851,0.81868,2.25,4.50
2011.04.22 03:47:42.643,0.81856,0.81869,1.50,3.00
2011.04.22 03:47:43.193,0.81856,0.81872,2.25,1.50
2011.04.22 03:47:54.492,0.81856,0.81872,2.25,1.50
2011.04.22 03:47:55.848,0.81856,0.81872,2.25,1.50
2011.04.22 03:48:00.963,0.81856,0.81872,1.50,2.25
2011.04.22 03:48:01.684,0.81856,0.81873,2.25,3.75
2011.04.22 03:48:01.903,0.81856,0.81874,2.25,3.00
2011.04.22 03:48:02.417,0.81856,0.81873,7.50,1.50
2011.04.22 03:48:15.164,0.81855,0.81872,2.25,1.50
2011.04.22 03:48:15.383,0.81855,0.81869,2.25,1.50
2011.04.22 03:48:20.362,0.81855,0.81869,2.25,1.50
2011.04.22 03:48:25.233,0.81853,0.81869,4.50,1.50
2011.04.22 03:48:25.346,0.8185,0.81866,1.50,1.50
2011.04.22 03:48:25.964,0.8185,0.81866,3.00,1.50
2011.04.22 03:48:27.402,0.8185,0.81866,3.75,1.50
2011.04.22 03:48:50.362,0.8185,0.8186,1.50,1.50
2011.04.22 03:48:50.913,0.81851,0.81866,1.50,1.50
2011.04.22 03:49:01.102,0.81851,0.81867,2.25,1.50
2011.04.22 03:49:24.283,0.81851,0.81866,2.25,1.50
2011.04.22 03:49:27.643,0.81853,0.81869,1.50,1.50
2011.04.22 03:49:42.564,0.8185,0.81866,1.50,1.50
2011.04.22 03:49:42.675,0.81849,0.81863,1.50,2.25
2011.04.22 03:49:42.785,0.81845,0.8186,1.50,4.50
2011.04.22 03:49:43.113,0.8185,0.81866,1.50,1.50
2011.04.22 03:49:43.663,0.8185,0.81868,1.50,6.00
2011.04.22 03:50:01.027,0.81848,0.81867,1.50,1.50
2011.04.22 03:50:01.633,0.81849,0.81867,1.50,1.50
2011.04.22 03:50:05.423,0.81848,0.81867,1.50,1.50
2011.04.22 03:50:13.852,0.81848,0.81868,1.50,1.50
2011.04.22 03:50:19.273,0.81849,0.81868,1.50,2.25
2011.04.22 03:50:39.792,0.81848,0.81867,1.50,1.50
2011.04.22 03:50:41.152,0.81849,0.81867,1.50,1.50
2011.04.22 03:50:43.284,0.81849,0.81867,1.50,1.50
2011.04.22 03:51:17.108,0.81848,0.81865,1.50,1.50
2011.04.22 03:51:17.443,0.81845,0.81866,5.25,1.50
2011.04.22 03:51:17.955,0.81848,0.81866,1.50,1.50
2011.04.22 03:51:19.633,0.81848,0.81858,1.50,4.50
2011.04.22 03:51:19.746,0.8184,0.81857,1.50,2.25
2011.04.22 03:51:19.853,0.81841,0.81857,2.25,1.50
2011.04.22 03:51:20.073,0.81848,0.81866,1.50,1.50
2011.04.22 03:51:22.074,0.81848,0.81864,1.50,1.50
2011.04.22 03:51:22.294,0.81845,0.81864,1.50,3.00
2011.04.22 03:51:22.845,0.81845,0.81867,5.25,1.50
2011.04.22 03:51:22.954,0.81848,0.81866,1.50,1.50
2011.04.22 03:51:39.232,0.81848,0.81867,1.50,1.50
2011.04.22 03:51:58.465,0.81849,0.81869,1.50,5.25
2011.04.22 03:52:17.904,0.81852,0.8187,1.50,2.25
2011.04.22 03:52:19.944,0.81852,0.81869,1.50,1.50
2011.04.22 03:52:20.163,0.81849,0.81865,2.25,1.50
2011.04.22 03:52:20.713,0.81849,0.81867,2.25,2.25
2011.04.22 03:52:21.522,0.81849,0.81867,1.50,2.25
2011.04.22 03:52:22.073,0.81849,0.81867,1.50,2.25
2011.04.22 03:52:26.744,0.81846,0.81864,2.25,1.50
2011.04.22 03:52:26.855,0.81846,0.81862,1.50,1.50
2011.04.22 03:52:26.964,0.81846,0.81862,2.25,4.50
2011.04.22 03:52:27.075,0.81846,0.81864,2.25,5.25
2011.04.22 03:52:27.184,0.81848,0.81864,1.50,3.75
2011.04.22 03:52:27.733,0.81849,0.81866,1.50,1.50
2011.04.22 03:52:42.172,0.81849,0.81867,1.50,2.25
2011.04.22 03:52:43.994,0.81849,0.81867,1.50,3.00
2011.04.22 03:52:49.003,0.81849,0.81867,1.50,1.50
2011.04.22 03:52:49.113,0.81848,0.81868,2.25,2.25
2011.04.22 03:52:56.382,0.81848,0.81868,2.25,1.50
2011.04.22 03:53:09.972,0.81848,0.81868,2.33,1.50
2011.04.22 03:53:13.014,0.81848,0.81866,1.58,1.50
2011.04.22 03:53:14.113,0.81848,0.81864,2.33,1.50
2011.04.22 03:53:17.554,0.81848,0.81865,1.50,1.50
2011.04.22 03:53:18.193,0.81848,0.81866,1.50,1.50
2011.04.22 03:53:18.743,0.81848,0.81865,1.50,1.50
2011.04.22 03:53:20.954,0.81848,0.81864,1.50,1.50
2011.04.22 03:53:21.944,0.81848,0.81865,1.50,1.50
2011.04.22 03:53:22.493,0.81847,0.81865,1.50,1.50
2011.04.22 03:53:50.184,0.81848,0.81865,1.50,1.50
2011.04.22 03:54:00.273,0.81846,0.81865,1.50,1.50
2011.04.22 03:54:02.854,0.81844,0.81864,1.50,1.50
2011.04.22 03:54:02.966,0.81844,0.81862,1.50,4.50
2011.04.22 03:54:03.487,0.81844,0.81862,1.50,5.25
2011.04.22 03:54:16.064,0.81844,0.81862,1.50,3.75
2011.04.22 03:54:16.284,0.81847,0.81865,1.50,2.25
2011.04.22 03:54:24.503,0.81847,0.81865,1.50,1.50
2011.04.22 03:54:25.064,0.81847,0.81865,1.50,1.50
2011.04.22 03:54:30.554,0.81847,0.81865,1.50,1.50
2011.04.22 03:54:34.123,0.81846,0.81865,2.25,1.50
2011.04.22 03:55:25.543,0.81847,0.81865,1.50,1.50
2011.04.22 03:55:33.393,0.81847,0.81864,1.50,1.50
2011.04.22 03:55:33.725,0.81839,0.81855,1.50,2.25
2011.04.22 03:55:33.833,0.81838,0.81855,3.00,2.25
2011.04.22 03:55:34.384,0.81839,0.81855,1.50,1.50
2011.04.22 03:55:34.716,0.81848,0.8186,1.50,1.50
2011.04.22 03:55:34.934,0.81848,0.81866,2.25,1.50
2011.04.22 03:55:42.574,0.81849,0.81866,1.50,1.50
2011.04.22 03:55:42.684,0.81848,0.81867,1.50,1.50
2011.04.22 03:55:47.106,0.81852,0.81868,1.50,1.50
2011.04.22 03:55:47.434,0.81856,0.81872,1.50,1.50
2011.04.22 03:55:49.956,0.81853,0.81869,1.65,1.50
2011.04.22 03:55:50.174,0.81853,0.8187,1.65,1.50
2011.04.22 03:55:50.284,0.81856,0.81869,1.50,1.50
2011.04.22 03:55:50.725,0.81852,0.81869,1.65,1.50
2011.04.22 03:55:53.256,0.81858,0.81871,1.50,3.75
2011.04.22 03:55:53.803,0.81858,0.81873,1.50,2.25
2011.04.22 03:55:57.545,0.81857,0.81872,1.50,5.25
2011.04.22 03:55:58.094,0.81857,0.81871,1.50,1.50
2011.04.22 03:55:58.814,0.81855,0.81869,1.50,1.50
2011.04.22 03:55:58.924,0.81852,0.81869,1.50,1.50
2011.04.22 03:55:59.035,0.8185,0.81869,1.50,1.50
2011.04.22 03:56:02.575,0.81851,0.8187,1.50,6.00
2011.04.22 03:56:03.143,0.81851,0.8187,1.50,5.25
2011.04.22 03:56:03.253,0.81851,0.8187,1.50,5.25
2011.04.22 03:56:10.964,0.81853,0.8187,6.00,4.50
2011.04.22 03:56:11.184,0.81856,0.81873,2.25,1.50
2011.04.22 03:56:11.294,0.81856,0.81873,2.25,2.25
2011.04.22 03:56:13.453,0.81856,0.81873,1.50,1.50
2011.04.22 03:56:13.893,0.81855,0.8187,1.50,1.50
2011.04.22 03:56:14.006,0.8185,0.81865,1.50,1.50
2011.04.22 03:56:14.665,0.81848,0.81864,1.50,1.50
2011.04.22 03:56:15.213,0.81849,0.81865,1.50,1.50
2011.04.22 03:56:15.433,0.8185,0.81867,1.50,1.50
2011.04.22 03:56:17.433,0.8185,0.81868,1.50,1.50
2011.04.22 03:56:17.545,0.81856,0.81871,1.50,5.25
2011.04.22 03:56:17.764,0.81856,0.81873,2.25,2.25
2011.04.22 03:56:20.433,0.81856,0.81873,3.00,1.50
2011.04.22 03:56:20.985,0.81856,0.81873,2.25,1.50
2011.04.22 03:56:23.433,0.81856,0.81873,2.25,1.50
2011.04.22 03:56:25.304,0.81856,0.81873,2.25,1.50
2011.04.22 03:56:25.634,0.81858,0.81874,1.50,3.00
2011.04.22 03:56:26.183,0.81857,0.81874,1.50,3.00
2011.04.22 03:56:26.685,0.81858,0.81874,1.50,3.00
2011.04.22 03:56:27.685,0.81857,0.81873,1.50,5.25
2011.04.22 03:56:28.014,0.81857,0.81871,1.50,1.50
2011.04.22 03:56:28.684,0.81856,0.81871,1.50,1.50
2011.04.22 03:56:29.014,0.81856,0.81869,1.50,1.50
2011.04.22 03:56:30.904,0.81856,0.81869,1.50,1.50
2011.04.22 03:56:36.562,0.81854,0.81871,2.25,1.50
2011.04.22 03:56:37.833,0.81854,0.81871,3.00,1.50
2011.04.22 03:56:38.382,0.81856,0.81872,1.50,2.25
2011.04.22 03:56:38.953,0.81854,0.81872,6.75,2.25
2011.04.22 03:56:43.745,0.81854,0.81872,2.25,3.00
2011.04.22 03:56:55.054,0.81854,0.81871,2.25,2.25
2011.04.22 03:57:00.793,0.81856,0.81871,1.50,2.25
2011.04.22 03:57:15.282,0.81856,0.81871,1.50,1.50
2011.04.22 03:57:27.881,0.81856,0.8187,1.50,1.50
2011.04.22 03:57:30.802,0.81855,0.8187,3.00,1.50
2011.04.22 03:57:56.133,0.81855,0.81871,2.25,1.50
2011.04.22 03:57:56.473,0.81856,0.81871,1.50,1.50
2011.04.22 03:58:17.955,0.81855,0.81872,1.50,2.25
2011.04.22 03:58:19.142,0.81857,0.81872,1.50,2.25
2011.04.22 03:58:19.475,0.81865,0.81874,1.50,1.50
2011.04.22 03:58:20.079,0.81858,0.81876,11.25,3.75
2011.04.22 03:58:20.197,0.81858,0.81874,9.00,1.50
2011.04.22 03:58:29.323,0.81858,0.81874,9.00,1.50
2011.04.22 03:58:29.664,0.81858,0.81875,8.25,1.50
2011.04.22 03:58:31.893,0.81858,0.81874,8.25,1.50
2011.04.22 03:58:45.244,0.81858,0.81873,8.25,2.25
2011.04.22 03:58:45.864,0.81858,0.81871,8.25,1.50
2011.04.22 03:58:46.404,0.81852,0.81869,3.00,1.50
2011.04.22 03:59:16.991,0.81854,0.81869,1.50,1.50
2011.04.22 03:59:17.544,0.81852,0.8187,3.00,1.50
2011.04.22 03:59:17.654,0.81852,0.8187,2.25,1.50
2011.04.22 03:59:17.874,0.81852,0.81869,2.25,1.50
2011.04.22 03:59:28.814,0.81852,0.81869,2.25,1.50
2011.04.22 03:59:29.364,0.81854,0.81869,1.50,1.50
2011.04.22 03:59:29.584,0.81854,0.81871,2.25,1.50
2011.04.22 03:59:30.743,0.81852,0.81871,2.25,1.50
2011.04.22 03:59:39.627,0.81851,0.81871,6.00,1.50
2011.04.22 03:59:39.844,0.81853,0.81871,1.50,2.25
2011.04.22 03:59:40.386,0.81853,0.81869,1.50,1.50
2011.04.22 03:59:44.600,0.81851,0.81869,6.75,1.50
2011.04.22 03:59:44.715,0.81853,0.81868,1.50,1.50
2011.04.22 03:59:44.934,0.81855,0.81869,1.50,1.50
2011.04.22 03:59:47.895,0.81854,0.8187,1.50,1.50
