2013.07.22 08:00:00.117,1.00004,1.00008,1.00,1.69
2013.07.22 08:00:00.771,1.00003,1.00007,1.50,4.32
2013.07.22 08:00:00.841,1.00001,1.00005,1.73,1.25
2013.07.22 08:00:00.968,1.00001,1.00004,1.00,1.19
2013.07.22 08:00:01.526,1.0,1.00004,1.50,2.44
2013.07.22 08:00:02.690,0.99999,1.00004,1.13,5.07
2013.07.22 08:00:03.117,0.99998,1.00002,1.00,2.82
2013.07.22 08:00:03.477,0.99997,0.99999,1.00,1.69
2013.07.22 08:00:03.657,0.99994,0.99999,2.63,1.69
2013.07.22 08:00:04.221,0.99993,0.99997,1.88,1.69
2013.07.22 08:00:04.466,0.99994,0.99998,2.10,2.25
2013.07.22 08:00:04.646,0.99994,0.99998,3.57,3.25
2013.07.22 08:00:04.946,0.99994,0.99999,1.32,2.07
2013.07.22 08:00:05.596,0.99994,0.99999,2.07,2.07
2013.07.22 08:00:05.837,0.99996,0.99999,1.38,1.25
2013.07.22 08:00:12.287,0.99998,1.0,2.50,1.00
2013.07.22 08:00:12.708,0.99997,1.0,1.13,1.25
2013.07.22 08:00:13.196,0.99997,1.00002,3.60,2.44
2013.07.22 08:00:13.509,1.0,1.00005,1.50,1.19
2013.07.22 08:00:14.548,1.0,1.00004,1.00,1.19
2013.07.22 08:00:16.507,0.99998,1.00004,4.54,1.19
2013.07.22 08:00:16.688,0.99998,1.00001,1.00,1.25
2013.07.22 08:00:19.097,1.0,1.00002,1.35,3.50
2013.07.22 08:00:19.456,1.00002,1.00005,1.00,1.19
2013.07.22 08:00:19.997,1.00001,1.00005,1.13,1.19
2013.07.22 08:00:20.959,1.00002,1.00005,1.00,1.19
2013.07.22 08:00:21.502,1.00002,1.00005,1.00,1.19
2013.07.22 08:00:24.447,1.00002,1.00006,1.13,1.69
2013.07.22 08:00:24.566,1.00003,1.00006,1.50,1.50
2013.07.22 08:00:24.627,1.00004,1.00006,1.38,1.00
2013.07.22 08:00:24.807,1.00006,1.00009,1.00,1.00
2013.07.22 08:00:26.217,1.00007,1.0001,1.00,1.19
2013.07.22 08:00:26.757,1.00008,1.00011,1.00,1.19
2013.07.22 08:00:29.557,1.00008,1.00011,1.13,1.25
2013.07.22 08:00:31.798,1.00006,1.00012,3.19,1.19
2013.07.22 08:00:32.336,1.00009,1.00012,2.82,1.00
2013.07.22 08:00:32.886,1.00009,1.00014,2.82,1.32
2013.07.22 08:00:34.276,1.00008,1.00014,5.07,1.69
2013.07.22 08:00:34.587,1.00007,1.00012,1.63,1.19
2013.07.22 08:00:35.185,1.00006,1.00012,4.54,1.19
2013.07.22 08:00:38.547,1.00008,1.0001,1.38,1.00
2013.07.22 08:00:41.596,1.00006,1.0001,3.04,1.00
2013.07.22 08:00:42.136,1.00006,1.0001,3.04,1.00
2013.07.22 08:00:42.437,1.00005,1.0001,2.44,1.00
2013.07.22 08:00:42.556,1.00005,1.0001,1.69,1.25
2013.07.22 08:00:42.677,1.00004,1.0001,2.67,2.44
2013.07.22 08:00:42.736,1.00004,1.00009,1.00,3.19
2013.07.22 08:00:43.276,1.00002,1.00006,1.57,1.00
2013.07.22 08:00:45.656,1.00001,1.00006,3.79,1.25
2013.07.22 08:00:49.370,1.00002,1.00008,1.57,2.82
2013.07.22 08:00:50.788,1.00002,1.00008,2.07,2.07
2013.07.22 08:00:51.680,1.00002,1.00008,1.57,2.07
2013.07.22 08:00:52.616,1.00002,1.00006,1.57,1.00
2013.07.22 08:00:52.736,1.00001,1.00004,1.63,1.00
2013.07.22 08:00:52.856,1.0,1.00004,1.57,1.00
2013.07.22 08:00:55.586,1.0,1.00004,1.57,1.00
2013.07.22 08:00:56.109,1.0,1.00004,1.69,1.00
2013.07.22 08:00:57.416,0.99999,1.00004,4.92,1.00
2013.07.22 08:00:57.536,1.00001,1.00004,3.04,1.00
2013.07.22 08:00:57.717,1.00001,1.00007,4.54,2.07
2013.07.22 08:00:57.838,1.00002,1.00007,1.63,1.69
2013.07.22 08:00:58.318,1.00004,1.00009,1.69,2.44
2013.07.22 08:00:58.736,1.00004,1.00007,1.69,1.00
2013.07.22 08:00:59.289,1.00004,1.00006,1.13,3.44
2013.07.22 08:01:00.392,1.00001,1.00006,3.79,2.25
2013.07.22 08:01:00.946,1.00001,1.00005,3.79,1.25
2013.07.22 08:01:05.117,1.00002,1.00006,1.38,2.25
2013.07.22 08:01:05.686,1.00002,1.00005,1.38,1.25
2013.07.22 08:01:06.246,1.0,1.00005,2.44,1.25
2013.07.22 08:01:06.667,1.00001,1.00006,1.38,3.38
2013.07.22 08:01:08.547,1.00001,1.00006,3.60,2.44
2013.07.22 08:01:11.307,1.00003,1.00006,1.00,2.25
2013.07.22 08:01:11.367,1.00004,1.00006,1.00,1.50
2013.07.22 08:01:11.549,1.00004,1.00007,2.82,1.50
2013.07.22 08:01:11.607,1.00004,1.00008,2.82,2.44
2013.07.22 08:01:13.876,1.00004,1.00006,2.44,2.50
2013.07.22 08:01:14.417,1.00004,1.00005,1.00,1.25
2013.07.22 08:01:15.601,1.00001,1.00005,3.04,1.25
2013.07.22 08:01:16.666,1.00001,1.00005,2.10,1.19
2013.07.22 08:01:17.218,1.00001,1.00005,2.10,1.19
2013.07.22 08:01:19.467,1.00001,1.00005,1.68,1.19
2013.07.22 08:01:19.587,1.00001,1.00005,2.10,1.19
2013.07.22 08:01:24.468,0.99998,1.00004,4.92,1.32
2013.07.22 08:01:24.587,0.99998,1.00004,2.29,2.44
2013.07.22 08:01:24.888,0.99994,0.99998,1.25,1.00
2013.07.22 08:01:25.008,0.99991,0.99996,1.29,1.00
2013.07.22 08:01:25.368,0.99986,0.99991,1.57,1.25
2013.07.22 08:01:25.729,0.99986,0.99988,1.00,1.38
2013.07.22 08:01:25.847,0.99985,0.99988,3.25,5.67
2013.07.22 08:01:25.907,0.99984,0.99987,1.50,1.69
2013.07.22 08:01:25.967,0.99981,0.99985,1.32,1.38
2013.07.22 08:01:26.087,0.99978,0.99983,2.07,1.00
2013.07.22 08:01:26.207,0.99976,0.99982,3.94,1.25
2013.07.22 08:01:26.987,0.99976,0.99982,3.19,1.19
2013.07.22 08:01:28.881,0.9998,0.99982,1.00,1.19
2013.07.22 08:01:29.007,0.9998,0.99983,5.07,1.00
2013.07.22 08:01:29.066,0.99982,0.99985,2.48,1.69
2013.07.22 08:01:30.276,0.99981,0.99985,1.25,2.07
2013.07.22 08:01:30.786,0.99982,0.99986,1.13,1.32
2013.07.22 08:01:31.034,0.99982,0.99987,2.82,2.82
2013.07.22 08:01:31.557,0.99983,0.99988,1.00,1.57
2013.07.22 08:01:35.549,0.99983,0.99988,1.19,1.63
2013.07.22 08:01:35.907,0.99984,0.99989,1.32,3.19
2013.07.22 08:01:37.647,0.99984,0.99989,2.07,1.69
2013.07.22 08:01:38.008,0.99986,0.9999,1.32,2.07
2013.07.22 08:01:39.617,0.99986,0.9999,1.63,1.69
2013.07.22 08:01:40.397,0.99986,0.99991,1.69,1.19
2013.07.22 08:01:45.576,0.99986,0.99992,3.19,2.07
2013.07.22 08:01:45.697,0.9999,0.99993,1.25,1.00
2013.07.22 08:01:46.117,0.99992,0.99994,1.00,1.00
2013.07.22 08:01:46.786,0.99992,0.99996,1.00,1.57
2013.07.22 08:01:47.289,0.99993,0.99997,1.50,3.19
2013.07.22 08:01:47.467,0.99993,0.99997,1.69,1.69
2013.07.22 08:01:47.527,0.99994,0.99997,1.38,1.69
2013.07.22 08:01:47.707,0.99995,1.0,1.25,1.69
2013.07.22 08:01:48.927,0.99993,0.99999,1.63,1.69
2013.07.22 08:01:49.976,0.99992,0.99997,1.57,1.25
2013.07.22 08:01:50.799,0.99992,0.99997,2.07,1.19
2013.07.22 08:01:51.338,0.99992,0.99995,1.00,1.25
2013.07.22 08:01:51.398,0.9999,0.99995,1.25,1.19
2013.07.22 08:01:54.376,0.99992,0.99996,1.00,1.57
2013.07.22 08:01:55.167,0.99992,0.99996,1.25,1.25
2013.07.22 08:01:57.647,0.99992,0.99998,2.82,2.44
2013.07.22 08:01:57.886,0.99995,1.0,2.07,1.32
2013.07.22 08:01:58.126,0.99998,1.00002,1.00,1.19
2013.07.22 08:01:58.246,0.99998,1.00004,1.25,7.69
2013.07.22 08:01:59.349,0.99996,1.00002,1.69,1.69
2013.07.22 08:01:59.768,0.99994,0.99999,1.57,1.25
2013.07.22 08:01:59.890,0.99994,1.0,1.25,6.04
2013.07.22 08:02:00.191,0.99994,0.99997,1.00,3.42
2013.07.22 08:02:00.728,0.99992,0.99997,1.69,4.54
2013.07.22 08:02:03.187,0.99995,0.99997,1.00,3.42
2013.07.22 08:02:03.308,0.99995,0.99997,1.00,1.00
2013.07.22 08:02:03.547,0.99994,0.99999,2.44,2.44
2013.07.22 08:02:04.087,0.99995,0.99999,1.00,2.44
2013.07.22 08:02:04.327,0.99997,0.99999,1.00,1.88
2013.07.22 08:02:04.507,0.99995,0.99999,1.25,2.44
2013.07.22 08:02:06.827,0.99995,0.99999,1.25,2.44
2013.07.22 08:02:08.586,0.99994,0.99999,2.25,2.44
2013.07.22 08:02:12.787,0.99993,0.99999,1.00,4.69
2013.07.22 08:02:13.517,0.99991,0.99997,2.44,1.63
2013.07.22 08:02:15.127,0.99991,0.99995,1.25,1.38
2013.07.22 08:02:15.628,0.99991,0.99995,1.25,1.38
2013.07.22 08:02:19.296,0.99991,0.99995,1.00,1.38
2013.07.22 08:02:23.067,0.99991,0.99995,1.00,1.63
2013.07.22 08:02:26.407,0.99991,0.99995,1.50,1.25
2013.07.22 08:02:26.967,0.99991,0.99997,2.25,1.57
2013.07.22 08:02:27.507,0.99991,0.99997,1.50,6.04
2013.07.22 08:02:27.567,0.99989,0.99995,1.69,2.07
2013.07.22 08:02:33.867,0.9999,0.99995,2.10,2.82
2013.07.22 08:02:33.988,0.99991,0.99994,1.50,1.19
2013.07.22 08:02:34.407,0.99991,0.99995,1.69,1.00
2013.07.22 08:02:34.947,0.99991,0.99997,3.19,1.57
2013.07.22 08:02:37.496,0.99992,0.99997,2.07,1.32
2013.07.22 08:02:38.067,0.99994,0.99998,1.00,1.57
2013.07.22 08:02:40.428,0.99994,0.99998,1.00,1.57
2013.07.22 08:02:41.032,0.99991,0.99995,1.25,1.63
2013.07.22 08:02:41.217,0.99988,0.99993,2.29,1.32
2013.07.22 08:02:46.857,0.99989,0.99992,1.00,1.25
2013.07.22 08:02:47.397,0.99987,0.99993,2.07,2.82
2013.07.22 08:02:47.877,0.99985,0.99988,4.35,4.38
2013.07.22 08:02:48.057,0.99984,0.99986,1.50,1.38
2013.07.22 08:02:48.117,0.99981,0.99986,5.29,1.38
2013.07.22 08:02:48.177,0.99981,0.99986,2.44,1.57
2013.07.22 08:02:48.907,0.99981,0.99985,1.25,2.07
2013.07.22 08:02:49.766,0.99979,0.99985,2.82,2.07
2013.07.22 08:02:49.887,0.99979,0.99984,2.82,1.63
2013.07.22 08:02:50.416,0.99979,0.99983,2.07,1.63
2013.07.22 08:02:54.577,0.99977,0.99983,2.07,1.57
2013.07.22 08:02:55.145,0.99976,0.99981,3.19,1.00
2013.07.22 08:02:57.326,0.99977,0.99981,1.32,1.13
2013.07.22 08:03:00.007,0.99977,0.99983,2.82,2.07
2013.07.22 08:03:00.549,0.99977,0.99983,2.82,1.57
2013.07.22 08:03:05.777,0.99979,0.99983,1.00,1.57
2013.07.22 08:03:05.957,0.99982,0.99985,1.69,1.00
2013.07.22 08:03:06.017,0.99983,0.99986,1.92,2.25
2013.07.22 08:03:06.377,0.99983,0.99985,2.44,1.38
2013.07.22 08:03:06.437,0.99983,0.99985,1.00,1.25
2013.07.22 08:03:06.498,0.99983,0.99985,1.00,1.69
2013.07.22 08:03:06.618,0.99976,0.99978,1.50,2.63
2013.07.22 08:03:06.678,0.99976,0.99979,2.69,2.25
2013.07.22 08:03:06.797,0.99973,0.99976,1.69,1.00
2013.07.22 08:03:06.857,0.99972,0.99976,1.00,1.57
2013.07.22 08:03:07.397,0.99968,0.99971,1.50,1.00
2013.07.22 08:03:07.698,0.99964,0.99966,1.50,1.57
2013.07.22 08:03:07.817,0.9996,0.99966,2.07,1.69
2013.07.22 08:03:08.361,0.99962,0.99966,1.00,1.19
2013.07.22 08:03:09.408,0.99959,0.99965,2.44,1.32
2013.07.22 08:03:11.356,0.99961,0.99966,1.00,1.69
2013.07.22 08:03:12.267,0.99961,0.99967,4.32,2.07
2013.07.22 08:03:12.748,0.99964,0.99967,1.00,1.32
2013.07.22 08:03:13.107,0.9997,0.99975,1.00,3.19
2013.07.22 08:03:14.156,0.9997,0.99976,1.32,2.07
2013.07.22 08:03:15.407,0.9997,0.99976,1.25,2.07
2013.07.22 08:03:17.537,0.9997,0.99976,1.63,2.82
2013.07.22 08:03:17.657,0.99972,0.99977,1.25,1.57
2013.07.22 08:03:17.718,0.99974,0.99977,1.00,1.57
2013.07.22 08:03:17.897,0.99974,0.99979,1.13,5.29
2013.07.22 08:03:24.734,0.99972,0.99978,2.82,1.57
2013.07.22 08:03:25.227,0.99972,0.99978,1.69,1.57
2013.07.22 08:03:25.757,0.99972,0.99976,1.25,1.63
2013.07.22 08:03:28.896,0.99971,0.99976,2.07,1.63
2013.07.22 08:03:29.318,0.99968,0.99974,2.07,1.69
2013.07.22 08:03:43.006,0.9997,0.99976,1.63,2.07
2013.07.22 08:03:45.977,0.9997,0.99976,1.25,2.82
2013.07.22 08:03:47.197,0.99968,0.99973,2.44,1.38
2013.07.22 08:03:47.710,0.99967,0.99972,1.32,4.35
2013.07.22 08:03:48.336,0.99966,0.99972,2.82,4.54
2013.07.22 08:03:49.207,0.99966,0.99971,2.82,1.38
2013.07.22 08:03:49.934,0.99966,0.99971,2.82,1.13
2013.07.22 08:03:59.677,0.99966,0.99971,2.07,1.73
2013.07.22 08:04:03.197,0.99966,0.99971,2.82,1.30
2013.07.22 08:04:07.288,0.99967,0.99972,2.07,2.07
2013.07.22 08:04:07.827,0.99967,0.99973,2.44,2.07
2013.07.22 08:04:08.187,0.9997,0.99973,3.25,1.19
2013.07.22 08:04:09.047,0.9997,0.99973,2.25,1.57
2013.07.22 08:04:09.697,0.99969,0.99973,1.00,1.57
2013.07.22 08:04:10.498,0.99969,0.99972,1.00,2.29
2013.07.22 08:04:11.037,0.99969,0.99972,1.00,2.29
2013.07.22 08:04:12.278,0.99967,0.99972,1.32,3.04
2013.07.22 08:04:16.207,0.99967,0.9997,1.32,2.25
2013.07.22 08:04:16.268,0.99965,0.99967,1.00,1.00
2013.07.22 08:04:16.329,0.99964,0.99969,1.25,3.19
2013.07.22 08:04:16.877,0.99962,0.99968,2.07,1.63
2013.07.22 08:04:18.245,0.99962,0.99968,2.44,1.63
2013.07.22 08:04:23.737,0.99962,0.99968,3.19,1.32
2013.07.22 08:04:23.977,0.99963,0.99968,1.19,1.63
2013.07.22 08:04:24.037,0.99964,0.99968,1.69,1.32
2013.07.22 08:04:25.007,0.99963,0.99969,4.92,4.88
2013.07.22 08:04:26.397,0.99966,0.9997,2.00,1.50
2013.07.22 08:04:26.757,0.99968,0.99972,1.32,4.35
2013.07.22 08:04:31.696,0.99968,0.9997,1.00,1.00
2013.07.22 08:04:32.237,0.99968,0.99971,1.00,1.50
2013.07.22 08:04:33.217,0.99965,0.99968,2.07,1.50
2013.07.22 08:04:33.637,0.99968,0.99971,1.30,1.88
2013.07.22 08:04:35.262,0.99967,0.99971,1.63,1.38
2013.07.22 08:04:42.448,0.99967,0.99971,1.69,1.13
2013.07.22 08:04:48.377,0.99965,0.99971,2.82,2.82
2013.07.22 08:04:55.877,0.99965,0.99971,2.07,2.07
2013.07.22 08:05:02.397,0.99965,0.99971,2.07,2.07
2013.07.22 08:05:05.237,0.99966,0.99971,2.07,2.07
2013.07.22 08:05:19.317,0.99968,0.99972,1.32,1.32
2013.07.22 08:05:19.857,0.99969,0.99973,1.25,1.32
2013.07.22 08:05:22.758,0.9997,0.99973,1.00,1.25
2013.07.22 08:05:23.297,0.99968,0.99973,2.44,1.32
2013.07.22 08:05:24.587,0.99971,0.99974,1.00,1.69
2013.07.22 08:05:24.767,0.99972,0.99976,2.82,1.35
2013.07.22 08:05:24.827,0.99974,0.99976,1.00,1.00
2013.07.22 08:05:24.887,0.99974,0.99978,1.88,1.50
2013.07.22 08:05:25.009,0.99974,0.99978,2.82,1.50
2013.07.22 08:05:25.187,0.99976,0.99981,1.38,1.69
2013.07.22 08:05:25.367,0.99978,0.99983,1.25,2.44
2013.07.22 08:05:26.267,0.99978,0.99983,1.63,1.13
2013.07.22 08:05:26.388,0.99981,0.99985,1.38,1.57
2013.07.22 08:05:26.987,0.99981,0.99985,1.69,1.32
2013.07.22 08:05:32.145,0.9998,0.99985,2.67,1.32
2013.07.22 08:05:33.779,0.9998,0.99985,3.04,1.32
2013.07.22 08:05:34.498,0.99981,0.99987,2.82,1.57
2013.07.22 08:05:53.086,0.99981,0.99987,3.19,1.13
2013.07.22 08:05:57.889,0.99983,0.99988,1.00,1.88
2013.07.22 08:05:58.070,0.99987,0.99988,1.00,1.13
2013.07.22 08:05:58.309,0.99988,0.99991,2.85,1.50
2013.07.22 08:05:58.487,0.99986,0.99992,3.19,1.00
2013.07.22 08:06:00.168,0.99987,0.99992,1.19,1.00
2013.07.22 08:06:00.409,0.9999,0.99992,1.00,1.00
2013.07.22 08:06:00.648,0.99994,0.99999,2.82,2.63
2013.07.22 08:06:00.769,0.99996,0.99999,1.35,2.25
2013.07.22 08:06:00.890,0.99996,1.00002,1.88,1.88
2013.07.22 08:06:01.009,0.99999,1.00002,1.00,1.00
2013.07.22 08:06:01.367,0.99999,1.00004,1.69,1.50
2013.07.22 08:06:01.737,0.99999,1.00001,1.25,1.00
2013.07.22 08:06:02.277,0.99998,1.00003,1.19,1.38
2013.07.22 08:06:02.819,0.99999,1.00003,1.25,1.13
2013.07.22 08:06:13.817,0.99997,1.00001,2.44,1.00
2013.07.22 08:06:13.879,0.99997,1.00001,2.25,1.00
2013.07.22 08:06:13.997,0.99997,1.00001,1.69,1.00
2013.07.22 08:06:14.357,0.99997,1.00003,2.44,1.32
2013.07.22 08:06:19.507,0.99998,1.00003,1.19,2.07
2013.07.22 08:06:20.047,0.99996,1.00001,1.69,1.50
2013.07.22 08:06:31.640,0.99998,1.00001,1.19,1.00
2013.07.22 08:06:32.177,0.99999,1.00002,1.25,1.00
2013.07.22 08:06:33.967,0.99999,1.00003,1.25,1.32
2013.07.22 08:06:39.157,0.99999,1.00003,1.69,1.00
2013.07.22 08:06:39.459,1.00002,1.00005,1.00,1.19
2013.07.22 08:06:39.638,1.00003,1.00007,1.69,1.50
2013.07.22 08:06:40.176,1.00003,1.00009,2.44,2.44
2013.07.22 08:06:48.407,1.00005,1.0001,1.13,1.32
2013.07.22 08:06:48.588,1.00008,1.00011,1.00,3.79
2013.07.22 08:06:48.827,1.00008,1.00012,3.79,1.00
2013.07.22 08:06:49.367,1.00009,1.00014,1.25,3.19
2013.07.22 08:06:53.056,1.00008,1.00012,2.25,1.00
2013.07.22 08:06:53.597,1.00007,1.00009,1.32,1.13
2013.07.22 08:06:53.777,1.00007,1.00013,1.32,4.32
2013.07.22 08:06:53.837,1.00007,1.00013,1.69,3.19
2013.07.22 08:06:54.198,1.00011,1.0002,1.00,1.57
2013.07.22 08:06:54.953,1.0001,1.00015,3.04,1.32
2013.07.22 08:06:55.497,1.00009,1.00014,1.19,1.63
2013.07.22 08:06:56.058,1.00008,1.00014,2.82,2.44
2013.07.22 08:06:56.617,1.00009,1.00014,1.62,2.44
2013.07.22 08:06:57.477,1.00009,1.00014,2.00,1.13
2013.07.22 08:07:01.957,1.00011,1.00016,2.44,1.25
2013.07.22 08:07:02.497,1.00013,1.00018,1.32,1.57
2013.07.22 08:07:03.069,1.00013,1.00018,1.63,1.32
2013.07.22 08:07:04.197,1.00014,1.00018,1.38,1.00
2013.07.22 08:07:04.257,1.00014,1.00019,2.07,1.69
2013.07.22 08:07:06.377,1.00015,1.00019,1.69,1.38
2013.07.22 08:07:07.037,1.00015,1.00025,3.19,2.07
2013.07.22 08:07:07.157,1.00018,1.00023,1.88,2.44
2013.07.22 08:07:07.337,1.0002,1.00025,1.69,1.32
2013.07.22 08:07:07.877,1.0002,1.00025,2.44,1.13
2013.07.22 08:07:08.417,1.00022,1.00026,1.38,1.38
2013.07.22 08:07:11.277,1.0002,1.00026,2.44,2.07
2013.07.22 08:07:13.936,1.0002,1.00026,3.19,2.07
2013.07.22 08:07:13.997,1.00021,1.00026,1.94,1.32
2013.07.22 08:07:14.117,1.00023,1.00028,2.44,2.25
2013.07.22 08:07:14.298,1.00027,1.0003,1.00,3.04
2013.07.22 08:07:14.421,1.00028,1.00032,1.88,1.00
2013.07.22 08:07:14.658,1.00028,1.00031,1.13,1.57
2013.07.22 08:07:14.897,1.00025,1.00029,1.69,1.69
2013.07.22 08:07:15.677,1.00024,1.00028,1.25,2.67
2013.07.22 08:07:16.227,1.00022,1.00027,1.19,2.25
2013.07.22 08:07:16.767,1.00021,1.00027,2.07,2.44
2013.07.22 08:07:23.457,1.00021,1.00027,3.19,2.44
2013.07.22 08:07:23.817,1.00027,1.0003,1.13,1.17
2013.07.22 08:07:24.357,1.00025,1.0003,1.57,1.17
2013.07.22 08:07:29.867,1.00025,1.00031,1.57,2.07
2013.07.22 08:07:30.227,1.00025,1.0003,1.00,6.04
2013.07.22 08:07:30.799,1.00022,1.00027,4.69,1.13
2013.07.22 08:07:37.907,1.00022,1.00027,2.07,1.38
2013.07.22 08:07:40.287,1.00022,1.00027,2.44,1.63
2013.07.22 08:07:42.678,1.00023,1.00027,3.42,1.25
2013.07.22 08:07:42.918,1.00026,1.00029,1.13,2.29
2013.07.22 08:07:43.458,1.00026,1.00032,3.19,2.44
2013.07.22 08:07:44.039,1.00026,1.00032,2.44,1.69
2013.07.22 08:07:56.627,1.00027,1.00032,1.63,1.69
2013.07.22 08:07:58.141,1.0003,1.00032,1.30,1.25
2013.07.22 08:07:58.329,1.00034,1.00039,1.13,1.25
2013.07.22 08:07:58.867,1.00032,1.00037,1.19,2.44
2013.07.22 08:07:59.267,1.00032,1.00035,1.00,3.23
2013.07.22 08:07:59.628,1.00025,1.0003,1.63,2.25
2013.07.22 08:07:59.747,1.00024,1.00028,1.32,1.13
2013.07.22 08:08:00.297,1.00024,1.00027,2.07,1.00
2013.07.22 08:08:01.877,1.00025,1.00027,1.73,1.00
2013.07.22 08:08:01.938,1.00027,1.00028,1.13,1.69
2013.07.22 08:08:01.997,1.00027,1.00031,1.13,2.07
2013.07.22 08:08:02.057,1.00028,1.00031,1.00,1.25
2013.07.22 08:08:02.118,1.00029,1.00032,1.00,1.19
2013.07.22 08:08:02.357,1.00028,1.0003,1.00,1.88
2013.07.22 08:08:02.597,1.00024,1.00028,1.63,1.25
2013.07.22 08:08:02.657,1.00023,1.00027,1.19,1.38
2013.07.22 08:08:02.897,1.00023,1.00029,2.07,2.44
2013.07.22 08:08:09.607,1.00024,1.00029,1.32,2.44
2013.07.22 08:08:11.267,1.00026,1.00029,1.00,2.44
2013.07.22 08:08:11.568,1.00033,1.00036,1.13,4.75
2013.07.22 08:08:11.688,1.00036,1.00038,1.19,1.00
2013.07.22 08:08:11.808,1.00037,1.00044,1.32,1.00
2013.07.22 08:08:11.929,1.0004,1.00041,1.00,1.00
2013.07.22 08:08:12.047,1.0004,1.00043,1.25,1.88
2013.07.22 08:08:19.767,1.00038,1.00043,1.69,1.69
2013.07.22 08:08:19.828,1.00038,1.00043,1.69,2.00
2013.07.22 08:08:20.378,1.0004,1.00044,1.00,1.69
2013.07.22 08:08:24.337,1.00039,1.00044,1.50,1.94
2013.07.22 08:08:24.847,1.0004,1.00044,1.00,1.57
2013.07.22 08:08:25.388,1.00039,1.00044,1.69,1.69
2013.07.22 08:08:33.967,1.00038,1.00043,1.25,1.69
2013.07.22 08:08:36.177,1.00039,1.00043,1.00,1.69
2013.07.22 08:08:37.757,1.0004,1.00043,1.00,1.69
2013.07.22 08:08:39.458,1.00039,1.00044,1.69,1.94
2013.07.22 08:08:40.157,1.00039,1.00044,1.69,1.32
2013.07.22 08:08:40.710,1.0004,1.00045,1.00,3.19
2013.07.22 08:08:46.069,1.00039,1.00044,1.00,1.69
2013.07.22 08:08:46.607,1.00037,1.00041,1.69,1.50
2013.07.22 08:08:50.337,1.00037,1.00041,1.25,1.32
2013.07.22 08:08:51.477,1.00035,1.00041,2.44,2.44
2013.07.22 08:08:53.587,1.00035,1.00041,2.82,1.69
2013.07.22 08:08:58.477,1.00035,1.00041,2.44,2.07
2013.07.22 08:08:59.527,1.00035,1.00041,2.44,4.92
2013.07.22 08:08:59.828,1.00027,1.00031,2.44,2.10
2013.07.22 08:09:00.008,1.0002,1.00028,5.10,1.32
2013.07.22 08:09:00.547,1.00022,1.00028,1.19,2.07
2013.07.22 08:09:01.087,1.00022,1.00028,2.07,1.19
2013.07.22 08:09:05.527,1.00022,1.00028,2.07,1.25
2013.07.22 08:09:05.918,1.00022,1.00028,1.88,1.69
2013.07.22 08:09:06.399,1.0002,1.00024,2.44,1.00
2013.07.22 08:09:06.458,1.0002,1.00023,2.44,1.00
2013.07.22 08:09:06.700,1.00015,1.00019,1.19,1.50
2013.07.22 08:09:06.758,1.00015,1.00019,1.00,2.63
2013.07.22 08:09:06.878,1.00011,1.00014,3.04,1.00
2013.07.22 08:09:07.121,1.00009,1.00012,1.00,2.67
2013.07.22 08:09:07.667,1.00006,1.00012,1.69,5.29
2013.07.22 08:09:08.088,1.00008,1.00012,2.67,2.07
2013.07.22 08:09:08.267,1.00011,1.00014,1.00,2.07
2013.07.22 08:09:08.757,1.00011,1.00016,1.25,4.32
2013.07.22 08:09:09.057,1.00013,1.00016,1.00,1.69
2013.07.22 08:09:10.357,1.00013,1.00017,1.25,2.07
2013.07.22 08:09:12.031,1.00013,1.00018,1.63,3.04
2013.07.22 08:09:13.148,1.00013,1.00018,1.00,1.69
2013.07.22 08:09:13.507,1.0001,1.00014,1.25,1.25
2013.07.22 08:09:16.017,1.00009,1.00014,2.29,2.07
2013.07.22 08:09:17.047,1.00008,1.00014,1.25,3.19
2013.07.22 08:09:17.597,1.00006,1.00012,6.04,1.25
2013.07.22 08:09:19.557,1.00006,1.00012,6.04,1.63
2013.07.22 08:09:19.858,1.00003,1.00008,1.13,1.38
2013.07.22 08:09:19.978,1.0,1.00004,3.57,1.00
2013.07.22 08:09:20.038,1.0,1.00004,1.19,1.50
2013.07.22 08:09:20.157,0.99998,1.00001,1.00,1.38
2013.07.22 08:09:20.217,0.99998,1.0,1.00,1.38
2013.07.22 08:09:20.457,0.99996,1.00002,3.04,2.07
2013.07.22 08:09:20.518,0.99996,1.00002,3.04,1.69
2013.07.22 08:09:20.878,1.00001,1.00005,1.38,2.44
2013.07.22 08:09:20.998,1.00001,1.00006,1.25,1.69
2013.07.22 08:09:21.537,0.99999,1.00006,1.57,6.44
2013.07.22 08:09:25.330,1.00001,1.00006,1.00,2.44
2013.07.22 08:09:25.448,1.00001,1.00007,6.79,1.00
2013.07.22 08:09:25.807,1.00009,1.00014,1.00,2.82
2013.07.22 08:09:27.569,1.00009,1.00015,1.19,4.32
2013.07.22 08:09:30.109,1.00009,1.00014,1.19,2.16
2013.07.22 08:09:30.167,1.00008,1.00009,2.25,2.10
2013.07.22 08:09:30.407,1.00003,1.00006,1.32,1.00
2013.07.22 08:09:30.587,1.00005,1.00009,1.00,1.57
2013.07.22 08:09:30.887,1.00008,1.00014,1.19,2.44
2013.07.22 08:09:31.067,1.0001,1.00012,1.00,1.00
2013.07.22 08:09:31.958,1.0001,1.00011,1.00,1.00
2013.07.22 08:09:33.265,1.0001,1.00012,1.00,1.00
2013.07.22 08:09:33.988,1.00009,1.00012,1.69,1.00
2013.07.22 08:09:35.429,1.00008,1.00011,1.19,1.00
2013.07.22 08:09:35.488,1.00006,1.00011,1.25,1.25
2013.07.22 08:09:36.567,1.00006,1.00011,1.69,1.25
2013.07.22 08:09:43.198,1.00006,1.00011,1.00,3.19
2013.07.22 08:09:45.577,1.00005,1.00011,1.69,3.19
2013.07.22 08:09:46.137,1.00005,1.00011,2.07,3.94
2013.07.22 08:09:48.478,1.00005,1.00008,2.07,1.00
2013.07.22 08:09:48.658,1.00003,1.00008,1.50,3.94
2013.07.22 08:09:49.208,1.00001,1.00007,2.82,2.82
2013.07.22 08:09:49.928,1.00001,1.00006,2.82,1.63
2013.07.22 08:09:53.197,1.00001,1.00004,1.32,1.13
2013.07.22 08:09:53.498,0.99999,1.00002,2.82,3.23
2013.07.22 08:09:53.558,0.99999,1.0,1.00,1.00
2013.07.22 08:09:53.678,0.99995,1.0,1.94,2.67
2013.07.22 08:09:54.037,0.99996,1.00002,2.44,1.69
2013.07.22 08:09:56.887,0.99996,1.0,1.32,1.00
2013.07.22 08:09:57.427,0.99995,0.99999,1.57,1.00
2013.07.22 08:09:58.328,0.99994,0.99996,1.25,1.00
2013.07.22 08:09:58.507,0.99991,0.99993,1.50,1.00
2013.07.22 08:09:59.047,0.99989,0.99994,1.69,2.07
2013.07.22 08:10:01.187,0.99989,0.99994,1.69,1.69
2013.07.22 08:10:06.698,0.99992,0.99994,1.00,1.32
2013.07.22 08:10:07.120,0.99992,0.99996,1.69,1.50
2013.07.22 08:10:08.698,0.99994,0.99997,1.32,1.00
2013.07.22 08:10:08.760,0.99995,1.0,1.54,3.19
2013.07.22 08:10:08.819,0.99997,1.0,1.00,2.07
2013.07.22 08:10:09.177,1.0,1.00003,1.25,1.50
2013.07.22 08:10:10.017,1.00002,1.00003,1.25,1.00
2013.07.22 08:10:10.497,1.00002,1.00006,1.69,1.25
2013.07.22 08:10:12.048,1.00003,1.00007,1.00,1.19
2013.07.22 08:10:12.167,1.00008,1.00011,2.10,2.07
2013.07.22 08:10:12.288,1.00011,1.00012,1.00,1.00
2013.07.22 08:10:12.348,1.00011,1.00014,1.00,1.25
2013.07.22 08:10:13.857,1.00011,1.00014,1.50,1.25
2013.07.22 08:10:13.922,1.00011,1.00014,1.13,1.25
2013.07.22 08:10:18.347,1.00009,1.00015,1.69,1.19
2013.07.22 08:10:18.887,1.00009,1.00015,3.19,1.25
2013.07.22 08:10:26.410,1.00012,1.00018,1.25,3.57
2013.07.22 08:10:26.588,1.00014,1.00018,1.00,1.32
2013.07.22 08:10:26.947,1.00018,1.00022,1.13,1.25
2013.07.22 08:10:27.488,1.00018,1.00024,1.25,1.32
2013.07.22 08:10:28.777,1.00018,1.00024,1.19,1.32
2013.07.22 08:10:29.637,1.00018,1.00022,1.19,1.00
2013.07.22 08:10:29.821,1.00016,1.00022,2.82,2.82
2013.07.22 08:10:30.128,1.00018,1.0002,1.73,1.69
2013.07.22 08:10:30.250,1.00018,1.00023,3.04,2.44
2013.07.22 08:10:30.370,1.00018,1.00021,2.82,1.00
2013.07.22 08:10:30.488,1.00018,1.00021,1.63,1.13
2013.07.22 08:10:31.051,1.00016,1.00021,1.57,1.13
2013.07.22 08:10:34.088,1.00017,1.0002,1.32,1.00
2013.07.22 08:10:34.628,1.00017,1.00021,1.25,1.69
2013.07.22 08:10:38.910,1.00015,1.0002,2.82,1.00
2013.07.22 08:10:39.448,1.00017,1.00021,2.07,1.25
2013.07.22 08:10:39.988,1.00017,1.00022,1.32,1.25
2013.07.22 08:10:43.018,1.0002,1.00023,1.00,4.17
2013.07.22 08:10:43.438,1.00016,1.00022,1.57,3.19
2013.07.22 08:10:43.978,1.00016,1.00021,1.57,1.25
2013.07.22 08:10:45.028,1.00016,1.00021,1.19,1.63
2013.07.22 08:10:47.028,1.00016,1.0002,1.57,1.13
2013.07.22 08:10:47.148,1.00017,1.00021,1.32,1.63
2013.07.22 08:10:47.659,1.00017,1.00021,1.32,1.00
2013.07.22 08:10:50.039,1.00017,1.0002,1.32,1.13
2013.07.22 08:10:51.555,1.00017,1.00021,1.32,1.63
2013.07.22 08:10:52.938,1.00017,1.00021,1.32,1.38
2013.07.22 08:10:56.818,1.00019,1.00022,3.23,2.44
2013.07.22 08:10:56.937,1.00021,1.00024,1.00,1.25
2013.07.22 08:10:57.058,1.00022,1.00026,1.32,1.38
2013.07.22 08:10:57.181,1.00023,1.00028,4.17,1.50
2013.07.22 08:10:57.248,1.00025,1.0003,1.88,1.57
2013.07.22 08:10:57.608,1.00027,1.00032,1.63,2.07
2013.07.22 08:11:03.557,1.00028,1.00032,1.00,2.29
2013.07.22 08:11:04.097,1.00026,1.00032,1.57,5.29
2013.07.22 08:11:11.408,1.00024,1.0003,2.82,1.69
2013.07.22 08:11:16.368,1.00024,1.0003,2.25,2.67
2013.07.22 08:11:16.728,1.00022,1.00026,1.50,2.63
2013.07.22 08:11:16.789,1.00021,1.00023,1.25,1.00
2013.07.22 08:11:17.328,1.00019,1.00023,1.69,1.00
2013.07.22 08:11:19.931,1.00019,1.00024,1.69,2.00
2013.07.22 08:11:29.527,1.00019,1.00024,1.69,2.00
2013.07.22 08:11:41.147,1.00019,1.00025,2.44,2.82
2013.07.22 08:11:41.388,1.00021,1.00026,1.63,1.57
2013.07.22 08:11:41.929,1.00022,1.00027,1.32,2.44
2013.07.22 08:11:42.229,1.00022,1.00025,1.25,1.50
2013.07.22 08:11:42.530,1.00019,1.00024,1.19,2.00
2013.07.22 08:11:42.888,1.00016,1.00021,1.63,3.19
2013.07.22 08:11:43.008,1.00016,1.0002,1.32,2.07
2013.07.22 08:11:43.308,1.00016,1.0002,1.63,1.25
2013.07.22 08:11:43.737,1.00017,1.00021,1.38,2.07
2013.07.22 08:11:44.277,1.00017,1.00021,1.38,2.07
2013.07.22 08:11:46.849,1.00017,1.00021,1.13,2.44
2013.07.22 08:11:47.438,1.00019,1.00021,1.13,2.44
2013.07.22 08:11:50.077,1.00019,1.00021,1.50,1.13
2013.07.22 08:11:50.617,1.00019,1.00021,1.00,1.50
2013.07.22 08:11:52.958,1.00017,1.00021,1.32,1.50
2013.07.22 08:11:53.517,1.00017,1.00021,1.38,1.57
2013.07.22 08:11:57.958,1.00017,1.00022,1.88,3.19
2013.07.22 08:12:00.040,1.00017,1.00021,1.00,1.57
2013.07.22 08:12:00.278,1.00014,1.00018,1.13,1.32
2013.07.22 08:12:00.817,1.00013,1.00016,1.00,1.32
2013.07.22 08:12:01.368,1.00012,1.00016,1.32,1.32
2013.07.22 08:12:02.727,1.00012,1.00016,1.63,1.25
2013.07.22 08:12:03.447,1.00011,1.00016,1.57,2.07
2013.07.22 08:12:03.628,1.0001,1.00016,1.57,3.94
2013.07.22 08:12:05.249,1.0001,1.00016,1.57,4.32
2013.07.22 08:12:07.440,1.00011,1.00016,1.63,2.25
2013.07.22 08:12:10.187,1.00011,1.00016,1.63,3.25
2013.07.22 08:12:10.917,1.00011,1.00016,1.63,2.25
2013.07.22 08:12:11.477,1.00011,1.00016,1.63,3.25
2013.07.22 08:12:13.718,1.00012,1.00016,1.38,1.19
2013.07.22 08:12:14.266,1.00012,1.00018,2.07,3.57
2013.07.22 08:12:15.687,1.00013,1.00018,1.38,1.50
2013.07.22 08:12:19.168,1.00014,1.00018,1.57,1.13
2013.07.22 08:12:19.707,1.00014,1.0002,2.07,1.57
2013.07.22 08:12:38.247,1.00014,1.0002,2.82,1.69
2013.07.22 08:12:39.641,1.00014,1.0002,2.07,2.44
2013.07.22 08:12:43.329,1.00016,1.00022,1.63,3.79
2013.07.22 08:12:43.449,1.00016,1.00022,2.07,4.54
2013.07.22 08:12:43.988,1.00017,1.00022,1.63,1.57
2013.07.22 08:12:46.188,1.00017,1.00022,1.63,1.69
2013.07.22 08:12:46.308,1.00016,1.00022,2.44,2.44
2013.07.22 08:12:46.548,1.00016,1.00022,2.07,2.44
2013.07.22 08:12:48.308,1.00018,1.00024,1.57,3.79
2013.07.22 08:12:48.490,1.00018,1.00022,1.19,1.30
2013.07.22 08:12:48.550,1.00018,1.00022,1.19,1.68
2013.07.22 08:12:48.852,1.00019,1.00023,1.32,1.25
2013.07.22 08:12:48.979,1.00022,1.00024,1.32,1.00
2013.07.22 08:12:49.039,1.00023,1.00026,1.54,1.00
2013.07.22 08:12:49.100,1.00026,1.00029,1.25,1.38
2013.07.22 08:12:49.408,1.00026,1.00031,1.63,1.69
2013.07.22 08:12:52.318,1.00027,1.00031,1.38,1.19
2013.07.22 08:12:52.378,1.00027,1.00031,1.13,1.32
2013.07.22 08:12:53.086,1.00026,1.00031,2.07,1.69
2013.07.22 08:12:53.738,1.00028,1.00032,1.38,4.17
2013.07.22 08:12:53.858,1.00029,1.00032,1.13,2.07
2013.07.22 08:12:54.578,1.00027,1.00032,2.07,1.69
2013.07.22 08:12:56.678,1.00027,1.00032,2.07,1.63
2013.07.22 08:13:09.048,1.00027,1.00032,1.57,1.69
2013.07.22 08:13:12.788,1.00027,1.00031,1.13,1.50
2013.07.22 08:13:13.122,1.00025,1.00029,2.07,1.63
2013.07.22 08:13:16.529,1.00024,1.00029,2.82,2.67
2013.07.22 08:13:16.589,1.00024,1.00029,1.50,3.42
2013.07.22 08:13:17.127,1.00024,1.00027,1.00,1.69
2013.07.22 08:13:17.667,1.00021,1.00027,2.82,2.00
2013.07.22 08:13:21.608,1.00021,1.00026,2.82,1.00
2013.07.22 08:13:22.148,1.00021,1.00027,3.94,1.32
2013.07.22 08:13:22.688,1.00021,1.00027,3.94,1.25
2013.07.22 08:13:23.228,1.00024,1.00028,2.07,1.32
2013.07.22 08:13:23.810,1.00024,1.00028,1.32,1.13
2013.07.22 08:13:24.288,1.00024,1.00029,1.57,1.92
2013.07.22 08:13:26.368,1.00024,1.00028,1.57,1.00
2013.07.22 08:13:26.550,1.00023,1.00026,1.25,1.00
2013.07.22 08:13:26.728,1.00021,1.00026,3.57,2.07
2013.07.22 08:13:26.908,1.00021,1.00025,2.82,1.13
2013.07.22 08:13:27.628,1.00021,1.00025,1.25,2.07
2013.07.22 08:13:27.688,1.00021,1.00025,1.25,2.82
2013.07.22 08:13:27.869,1.00019,1.00022,1.00,4.55
2013.07.22 08:13:27.988,1.00015,1.00021,3.19,4.57
2013.07.22 08:13:28.048,1.00015,1.0002,1.69,3.57
2013.07.22 08:13:28.109,1.00015,1.0002,1.69,4.26
2013.07.22 08:13:28.648,1.00013,1.00019,1.69,3.73
2013.07.22 08:13:29.248,1.00013,1.00019,1.69,3.05
2013.07.22 08:13:30.089,1.00012,1.00018,1.69,4.57
2013.07.22 08:13:30.448,1.00011,1.00017,1.69,5.29
2013.07.22 08:13:30.508,1.00009,1.00015,2.44,4.48
2013.07.22 08:13:30.689,1.00008,1.00013,1.00,10.55
2013.07.22 08:13:31.048,1.00005,1.0001,1.69,1.25
2013.07.22 08:13:32.858,1.00006,1.0001,1.32,1.00
2013.07.22 08:13:33.460,1.00006,1.00011,3.57,1.25
2013.07.22 08:13:35.485,1.00006,1.00012,4.32,1.25
2013.07.22 08:13:54.858,1.00006,1.00012,4.32,1.69
2013.07.22 08:13:55.409,1.00006,1.00012,2.07,2.45
2013.07.22 08:14:06.228,1.00006,1.00011,2.07,1.69
2013.07.22 08:14:08.000,1.00006,1.00011,1.57,1.69
2013.07.22 08:14:08.539,1.00006,1.00011,1.32,1.69
2013.07.22 08:14:09.498,1.00006,1.00011,1.57,1.69
2013.07.22 08:14:12.668,1.00006,1.00009,1.57,1.00
2013.07.22 08:14:12.969,1.00003,1.00008,1.50,4.32
2013.07.22 08:14:13.148,1.00002,1.00005,1.50,3.57
2013.07.22 08:14:13.978,1.0,1.00006,1.25,4.32
2013.07.22 08:14:14.518,0.99998,1.00005,3.19,5.07
2013.07.22 08:14:22.168,0.99999,1.00004,1.32,1.63
2013.07.22 08:14:24.268,1.0,1.00006,1.25,4.17
2013.07.22 08:14:25.039,1.0,1.00006,3.42,3.57
2013.07.22 08:14:25.158,1.00002,1.00006,4.32,1.00
2013.07.22 08:14:25.279,1.00005,1.00008,1.63,1.00
2013.07.22 08:14:25.818,1.00007,1.00012,1.32,1.54
2013.07.22 08:14:27.264,1.00007,1.00013,1.32,2.07
2013.07.22 08:14:29.208,1.00007,1.00013,2.07,2.44
2013.07.22 08:14:29.941,1.00011,1.00015,1.13,1.69
2013.07.22 08:14:30.188,1.00009,1.00015,1.69,4.25
2013.07.22 08:14:30.738,1.0001,1.00015,1.00,4.25
2013.07.22 08:14:32.468,1.0001,1.00014,1.38,1.32
2013.07.22 08:14:33.008,1.0001,1.00014,1.32,1.13
2013.07.22 08:14:36.169,1.00011,1.00014,1.32,1.38
2013.07.22 08:14:42.678,1.00011,1.00014,1.63,1.00
2013.07.22 08:14:42.798,1.00014,1.00018,1.00,4.54
2013.07.22 08:14:43.338,1.00015,1.00018,1.25,1.00
2013.07.22 08:14:46.209,1.00015,1.00018,1.63,1.13
2013.07.22 08:14:46.865,1.00014,1.00018,2.07,1.38
2013.07.22 08:14:46.930,1.00014,1.00017,1.25,1.00
2013.07.22 08:14:47.109,1.00012,1.00016,3.00,1.75
2013.07.22 08:14:47.228,1.0001,1.00013,2.07,1.00
2013.07.22 08:14:47.348,1.00009,1.00013,2.44,1.25
2013.07.22 08:14:54.729,1.00008,1.0001,2.07,1.00
2013.07.22 08:14:54.910,1.00008,1.00011,1.13,2.10
2013.07.22 08:14:55.448,1.00008,1.00014,1.88,3.19
2013.07.22 08:14:55.988,1.00009,1.00014,1.00,3.19
2013.07.22 08:14:56.642,1.00009,1.00014,1.00,2.44
2013.07.22 08:15:08.619,1.00008,1.00014,1.88,2.25
2013.07.22 08:15:10.359,1.00008,1.00014,2.07,3.00
2013.07.22 08:15:13.148,1.00008,1.00014,2.07,1.88
2013.07.22 08:15:14.998,1.00009,1.00014,1.63,1.88
2013.07.22 08:15:15.538,1.00009,1.00014,1.63,2.63
2013.07.22 08:15:16.758,1.00009,1.00013,1.63,2.88
2013.07.22 08:15:18.098,1.00009,1.00013,1.63,1.88
2013.07.22 08:15:22.288,1.00009,1.00011,1.25,1.00
2013.07.22 08:15:22.828,1.0001,1.00012,1.25,1.00
2013.07.22 08:15:23.368,1.00011,1.00014,1.00,1.69
2013.07.22 08:15:25.359,1.00011,1.00014,1.00,2.44
2013.07.22 08:15:29.078,1.0001,1.00014,1.25,2.44
2013.07.22 08:15:29.588,1.0001,1.00014,1.25,1.32
2013.07.22 08:15:30.347,1.00011,1.00015,1.69,1.69
2013.07.22 08:15:36.552,1.00011,1.00015,2.07,1.69
2013.07.22 08:15:37.099,1.00011,1.00015,2.07,1.50
2013.07.22 08:15:41.590,1.00011,1.00015,1.69,1.50
2013.07.22 08:15:46.758,1.00011,1.00015,1.25,1.50
2013.07.22 08:15:49.598,1.00011,1.00015,1.32,1.50
2013.07.22 08:15:51.538,1.00012,1.00014,1.25,1.38
2013.07.22 08:15:55.078,1.00012,1.00015,1.25,1.50
2013.07.22 08:16:00.331,1.00012,1.00016,2.07,2.07
2013.07.22 08:16:00.568,1.00014,1.00018,1.69,1.13
2013.07.22 08:16:05.698,1.00015,1.00018,1.19,1.50
2013.07.22 08:16:06.760,1.00016,1.00019,1.25,1.50
2013.07.22 08:16:10.428,1.00017,1.00019,1.00,2.07
2013.07.22 08:16:11.808,1.00016,1.00018,2.25,1.00
2013.07.22 08:16:11.868,1.00015,1.00017,1.25,1.38
2013.07.22 08:16:15.668,1.00015,1.00018,1.00,1.25
2013.07.22 08:16:21.208,1.00015,1.00018,1.19,1.00
2013.07.22 08:16:23.000,1.00015,1.00019,1.00,1.92
2013.07.22 08:16:23.118,1.00016,1.00021,1.19,3.19
2013.07.22 08:16:23.419,1.00019,1.00022,1.50,1.69
2013.07.22 08:16:23.958,1.00017,1.00022,1.32,2.29
2013.07.22 08:16:25.279,1.00017,1.00022,1.69,1.92
2013.07.22 08:16:25.638,1.00021,1.00027,3.42,2.44
2013.07.22 08:16:26.148,1.00023,1.00027,1.25,3.19
2013.07.22 08:16:26.928,1.00023,1.00027,1.00,2.07
2013.07.22 08:16:35.259,1.00023,1.00027,1.00,1.88
2013.07.22 08:16:36.071,1.00023,1.00026,1.00,1.00
2013.07.22 08:16:37.169,1.00021,1.00026,1.69,1.50
2013.07.22 08:16:41.858,1.00021,1.00025,1.25,1.25
2013.07.22 08:16:43.628,1.00022,1.00025,1.00,1.25
2013.07.22 08:16:44.168,1.0002,1.00026,1.69,1.69
2013.07.22 08:16:47.288,1.00023,1.00026,1.38,1.25
2013.07.22 08:16:47.468,1.00024,1.00029,1.69,3.42
2013.07.22 08:16:47.708,1.00024,1.00028,1.00,1.19
2013.07.22 08:16:47.888,1.00022,1.00026,1.25,1.00
2013.07.22 08:16:54.328,1.00023,1.00028,1.69,1.69
2013.07.22 08:16:54.388,1.00023,1.00029,2.82,4.17
2013.07.22 08:16:58.728,1.00024,1.00029,1.57,2.67
2013.07.22 08:17:04.810,1.00023,1.00028,1.57,1.00
2013.07.22 08:17:05.169,1.00021,1.00026,1.19,1.00
2013.07.22 08:17:05.228,1.00021,1.00026,1.25,1.69
2013.07.22 08:17:07.108,1.0002,1.00025,1.63,1.69
2013.07.22 08:17:07.648,1.0002,1.00025,1.69,1.69
2013.07.22 08:17:10.748,1.0002,1.00025,1.69,1.25
2013.07.22 08:17:21.220,1.00021,1.00026,1.19,1.38
2013.07.22 08:17:21.768,1.0002,1.00025,1.19,1.63
2013.07.22 08:17:27.739,1.0002,1.00025,1.19,2.07
2013.07.22 08:17:28.279,1.0002,1.00023,1.25,1.13
2013.07.22 08:17:29.038,1.00018,1.00023,2.07,1.88
2013.07.22 08:17:29.158,1.00017,1.00023,2.82,2.82
2013.07.22 08:17:29.698,1.00017,1.00021,2.07,1.13
2013.07.22 08:17:31.432,1.00017,1.00023,2.82,2.82
2013.07.22 08:17:32.888,1.00019,1.00023,1.32,1.32
2013.07.22 08:17:36.308,1.00019,1.00023,1.63,1.25
2013.07.22 08:17:39.629,1.0002,1.00025,1.63,2.07
2013.07.22 08:17:40.170,1.0002,1.00025,1.57,1.25
2013.07.22 08:17:40.689,1.0002,1.00025,1.57,1.25
2013.07.22 08:17:41.229,1.0002,1.00025,1.57,1.25
2013.07.22 08:17:41.778,1.0002,1.00025,1.57,1.25
2013.07.22 08:17:44.638,1.0002,1.00025,1.25,1.69
2013.07.22 08:17:47.328,1.0002,1.00025,1.69,1.19
2013.07.22 08:17:47.749,1.00022,1.00025,1.32,1.00
2013.07.22 08:17:47.868,1.00022,1.00027,2.07,1.50
2013.07.22 08:17:48.369,1.00023,1.00029,2.07,2.29
2013.07.22 08:17:48.428,1.00023,1.00029,2.07,2.29
2013.07.22 08:17:48.970,1.00023,1.00029,2.07,2.29
2013.07.22 08:17:49.508,1.00024,1.00029,1.57,2.29
2013.07.22 08:17:50.289,1.00025,1.00029,2.00,1.25
2013.07.22 08:17:50.409,1.00027,1.00031,2.44,1.00
2013.07.22 08:17:50.529,1.00028,1.00033,1.94,1.00
2013.07.22 08:17:51.156,1.0003,1.00034,1.32,1.25
2013.07.22 08:17:52.339,1.0003,1.00035,1.13,2.07
2013.07.22 08:17:53.678,1.00028,1.00033,1.19,1.25
2013.07.22 08:17:55.949,1.0003,1.00033,1.50,1.25
2013.07.22 08:17:56.069,1.00031,1.00036,2.44,1.19
2013.07.22 08:17:56.130,1.00032,1.00036,1.19,1.00
2013.07.22 08:17:56.431,1.00038,1.00041,3.75,1.00
2013.07.22 08:17:56.980,1.0004,1.00044,1.00,3.79
2013.07.22 08:17:57.699,1.00039,1.00042,1.32,2.48
2013.07.22 08:17:57.945,1.00036,1.00042,2.07,3.79
2013.07.22 08:17:58.128,1.00035,1.00039,2.82,1.00
2013.07.22 08:17:58.680,1.00035,1.00039,2.44,2.63
2013.07.22 08:17:58.860,1.00033,1.00037,1.25,3.04
2013.07.22 08:17:59.038,1.00032,1.00035,3.00,2.07
2013.07.22 08:17:59.219,1.00029,1.00032,1.32,3.25
2013.07.22 08:17:59.460,1.00027,1.00029,1.88,1.00
2013.07.22 08:17:59.998,1.00027,1.0003,2.07,1.00
2013.07.22 08:18:00.538,1.00027,1.0003,1.63,1.00
2013.07.22 08:18:00.898,1.00028,1.00032,2.29,2.25
2013.07.22 08:18:01.018,1.00028,1.00033,3.04,1.25
2013.07.22 08:18:01.918,1.00029,1.00033,1.69,1.25
2013.07.22 08:18:09.898,1.00028,1.00032,2.07,1.00
2013.07.22 08:18:10.019,1.00027,1.00031,1.32,1.25
2013.07.22 08:18:12.429,1.00026,1.00029,1.57,1.00
2013.07.22 08:18:12.729,1.00017,1.00022,2.82,3.42
2013.07.22 08:18:13.268,1.00017,1.00021,2.07,1.00
2013.07.22 08:18:14.308,1.00017,1.00022,2.07,1.13
2013.07.22 08:18:14.669,1.00017,1.00022,2.07,3.23
2013.07.22 08:18:14.848,1.00016,1.00022,1.63,7.92
2013.07.22 08:18:17.798,1.00015,1.00022,2.07,6.19
2013.07.22 08:18:18.099,1.00005,1.00008,2.44,2.48
2013.07.22 08:18:18.159,1.00002,1.00008,1.57,3.23
2013.07.22 08:18:18.278,1.00002,1.00008,1.25,4.48
2013.07.22 08:18:18.819,1.00001,1.00006,1.43,1.32
2013.07.22 08:18:18.938,1.00003,1.00006,1.19,1.00
2013.07.22 08:18:19.058,1.00005,1.0001,1.25,3.19
2013.07.22 08:18:19.299,1.00007,1.00012,1.00,2.07
2013.07.22 08:18:19.839,1.00005,1.00011,1.69,1.32
2013.07.22 08:18:21.225,1.00005,1.00011,1.69,2.07
2013.07.22 08:18:21.768,1.00004,1.00009,1.19,2.25
2013.07.22 08:18:24.359,1.00005,1.00009,1.69,1.50
2013.07.22 08:18:24.862,1.00007,1.00012,1.50,3.04
2013.07.22 08:18:26.684,1.00007,1.00009,1.50,1.00
2013.07.22 08:18:27.229,1.00007,1.00012,1.50,1.54
2013.07.22 08:18:27.769,1.00007,1.00012,1.69,1.80
2013.07.22 08:18:28.319,1.00007,1.00011,2.82,1.00
2013.07.22 08:18:28.858,1.00008,1.00011,1.19,1.00
2013.07.22 08:18:32.130,1.00006,1.0001,3.75,2.50
2013.07.22 08:18:32.191,1.00007,1.00009,1.88,1.50
2013.07.22 08:18:32.489,1.00007,1.00009,1.25,1.50
2013.07.22 08:18:33.028,1.00007,1.00012,1.69,1.54
2013.07.22 08:18:33.688,1.00007,1.00012,1.25,1.54
2013.07.22 08:18:36.119,1.00007,1.00012,1.69,1.54
2013.07.22 08:18:37.328,1.00007,1.00012,1.69,1.80
2013.07.22 08:18:37.868,1.00007,1.00012,1.69,1.54
2013.07.22 08:18:39.638,1.00007,1.00012,1.19,1.80
2013.07.22 08:18:41.382,1.00007,1.00012,2.44,1.80
2013.07.22 08:18:42.778,1.00007,1.00012,1.69,1.54
2013.07.22 08:18:43.599,1.00005,1.00011,2.44,2.44
2013.07.22 08:18:45.068,1.00005,1.0001,1.69,1.25
2013.07.22 08:18:45.609,1.00007,1.00012,1.00,1.54
2013.07.22 08:18:56.039,1.00007,1.00012,1.69,1.17
2013.07.22 08:18:57.328,1.00007,1.00012,2.44,1.54
2013.07.22 08:18:57.839,1.00007,1.00012,1.69,1.80
2013.07.22 08:18:59.839,1.00007,1.00012,1.69,1.54
2013.07.22 08:19:10.939,1.00009,1.00011,1.88,1.38
2013.07.22 08:19:11.059,1.00009,1.00014,1.32,1.69
2013.07.22 08:19:11.538,1.00009,1.00014,2.07,1.57
2013.07.22 08:19:12.839,1.00009,1.00014,2.07,1.57
2013.07.22 08:19:14.628,1.00009,1.00014,2.07,1.57
2013.07.22 08:19:16.769,1.00009,1.0001,1.00,1.00
2013.07.22 08:19:16.829,1.00006,1.00009,1.00,1.00
2013.07.22 08:19:16.889,1.00007,1.00012,1.00,2.44
2013.07.22 08:19:17.068,1.00008,1.00012,1.63,1.25
2013.07.22 08:19:17.369,1.00007,1.00012,1.19,3.04
2013.07.22 08:19:18.939,1.00006,1.00012,2.82,3.04
2013.07.22 08:19:19.479,1.00006,1.00012,2.82,3.04
2013.07.22 08:19:22.309,1.00006,1.00012,2.07,3.04
2013.07.22 08:19:24.608,1.00006,1.00012,2.82,3.04
2013.07.22 08:19:32.519,1.00006,1.00009,2.07,1.73
2013.07.22 08:19:32.879,0.99998,1.00002,1.00,2.25
2013.07.22 08:19:33.418,0.99998,1.0,1.25,1.50
2013.07.22 08:19:33.718,0.99998,1.00002,1.32,1.92
2013.07.22 08:19:33.899,1.0,1.00003,1.00,1.00
2013.07.22 08:19:33.958,1.00001,1.00007,1.00,6.04
2013.07.22 08:19:35.348,1.00001,1.00007,2.07,4.54
2013.07.22 08:19:35.528,1.00002,1.00007,1.19,1.88
2013.07.22 08:19:36.248,1.00003,1.00008,1.25,1.25
2013.07.22 08:19:36.308,1.00003,1.00006,1.25,1.00
2013.07.22 08:19:36.489,1.0,1.00005,2.07,2.07
2013.07.22 08:19:36.549,1.0,1.00004,1.38,1.19
2013.07.22 08:19:36.811,0.99999,1.00004,1.32,1.32
2013.07.22 08:19:37.289,0.99999,1.00003,1.69,1.00
2013.07.22 08:19:37.348,0.99999,1.00005,2.44,1.32
2013.07.22 08:19:37.903,0.99999,1.00005,2.07,1.63
2013.07.22 08:19:44.048,0.99999,1.00005,1.32,1.57
2013.07.22 08:19:44.925,0.99999,1.00005,2.07,1.63
2013.07.22 08:19:45.599,0.99999,1.00005,2.44,1.32
2013.07.22 08:19:47.175,0.99999,1.00005,2.44,1.63
2013.07.22 08:19:47.984,0.99999,1.00005,2.82,1.63
2013.07.22 08:19:48.969,1.00001,1.00005,1.25,1.32
2013.07.22 08:19:49.388,1.00001,1.00007,1.19,4.54
2013.07.22 08:19:49.928,1.00001,1.00007,1.19,4.54
2013.07.22 08:19:50.468,1.00001,1.00007,1.19,4.54
2013.07.22 08:19:53.358,1.00001,1.00006,1.19,1.32
2013.07.22 08:20:00.218,1.00001,1.00006,1.25,2.07
2013.07.22 08:20:02.398,1.00001,1.00006,1.19,1.25
2013.07.22 08:20:04.752,1.00001,1.00004,1.19,1.00
2013.07.22 08:20:04.939,1.0,1.00004,1.32,1.69
2013.07.22 08:20:09.968,0.99999,1.00002,1.19,1.00
2013.07.22 08:20:10.508,0.99997,1.00002,3.57,1.50
2013.07.22 08:20:16.738,0.99997,1.00002,2.07,2.07
2013.07.22 08:20:17.691,0.99998,1.00002,1.32,1.88
2013.07.22 08:20:23.798,0.99999,1.00002,4.54,1.00
2013.07.22 08:20:24.158,1.00001,1.00004,2.07,1.00
2013.07.22 08:20:24.279,1.0,1.00004,1.50,1.63
2013.07.22 08:20:36.839,0.99999,1.00004,2.44,1.69
2013.07.22 08:20:43.429,0.99999,1.00004,2.44,1.69
2013.07.22 08:20:43.609,1.00003,1.00006,1.32,1.88
2013.07.22 08:20:43.849,1.00004,1.00009,2.07,2.44
2013.07.22 08:20:45.912,1.00004,1.00008,1.57,1.00
2013.07.22 08:20:46.329,1.00003,1.00008,2.44,1.32
2013.07.22 08:20:47.928,1.00003,1.00008,2.44,1.25
2013.07.22 08:20:48.468,1.00005,1.00009,1.13,2.44
2013.07.22 08:20:49.088,1.00005,1.00007,1.13,1.73
2013.07.22 08:20:49.389,1.00006,1.00008,1.69,1.00
2013.07.22 08:20:49.448,1.00006,1.00011,1.69,1.69
2013.07.22 08:20:51.088,1.00007,1.00009,1.25,1.00
2013.07.22 08:20:52.708,1.00005,1.00009,1.00,2.25
2013.07.22 08:20:52.948,1.00004,1.00009,2.82,2.25
2013.07.22 08:20:53.488,1.00004,1.00008,2.82,1.00
2013.07.22 08:20:54.170,1.00004,1.00007,2.07,1.88
2013.07.22 08:20:54.290,1.00004,1.00005,1.00,1.00
2013.07.22 08:20:54.470,1.00002,1.00005,1.25,1.50
2013.07.22 08:20:54.829,1.0,1.00003,1.19,1.00
2013.07.22 08:20:55.188,0.99998,1.00002,1.69,1.38
2013.07.22 08:20:56.149,0.99996,0.99999,2.07,1.13
2013.07.22 08:20:56.690,0.99995,1.0,1.57,1.00
2013.07.22 08:21:09.728,0.99996,1.00002,2.82,3.79
2013.07.22 08:21:10.808,0.99996,1.00001,2.07,1.63
2013.07.22 08:21:11.838,0.99996,1.00001,2.07,1.32
2013.07.22 08:21:16.154,0.99996,1.00001,2.07,1.13
2013.07.22 08:21:16.733,0.99996,1.00001,2.07,1.50
2013.07.22 08:21:16.859,0.99996,0.99999,1.25,1.50
2013.07.22 08:21:17.109,0.99994,0.99999,2.07,1.88
2013.07.22 08:21:17.233,0.99994,0.99999,2.07,1.88
2013.07.22 08:21:24.544,0.99994,0.99997,2.07,1.00
2013.07.22 08:21:24.732,0.99993,0.99997,1.63,2.07
2013.07.22 08:21:24.849,0.99992,0.99995,1.69,1.50
2013.07.22 08:21:25.029,0.99992,0.99995,1.50,2.44
2013.07.22 08:21:25.210,0.99989,0.99993,2.44,2.88
2013.07.22 08:21:25.269,0.99989,0.99992,1.19,1.00
2013.07.22 08:21:25.329,0.99987,0.99992,2.07,1.19
2013.07.22 08:21:25.869,0.99987,0.99992,2.07,1.25
2013.07.22 08:21:26.110,0.99987,0.9999,2.07,1.00
2013.07.22 08:21:26.659,0.99987,0.99989,2.07,1.00
2013.07.22 08:21:26.909,0.99987,0.99991,2.07,1.00
2013.07.22 08:21:28.519,0.99987,0.99992,2.07,3.04
2013.07.22 08:21:29.209,0.99987,0.99992,2.07,2.85
2013.07.22 08:21:31.849,0.99987,0.99992,1.32,3.04
2013.07.22 08:21:38.770,0.99987,0.99993,2.07,2.07
2013.07.22 08:21:42.808,0.99987,0.99993,2.82,2.07
2013.07.22 08:21:50.879,0.99989,0.99994,1.19,1.50
2013.07.22 08:21:55.180,0.99989,0.99994,1.25,2.44
2013.07.22 08:21:57.629,0.99989,0.99994,1.57,1.25
2013.07.22 08:21:58.338,0.99988,0.99993,2.07,1.00
2013.07.22 08:22:00.800,0.99992,0.99995,1.00,1.57
2013.07.22 08:22:00.919,0.99992,0.99996,2.07,1.25
2013.07.22 08:22:01.040,0.99995,0.99996,1.00,1.13
2013.07.22 08:22:01.401,0.99996,1.00001,4.75,2.07
2013.07.22 08:22:01.879,0.99997,1.00001,1.32,1.69
2013.07.22 08:22:02.158,0.99999,1.00001,1.13,1.00
2013.07.22 08:22:02.459,1.00001,1.00004,1.00,3.04
2013.07.22 08:22:02.998,0.99999,1.00004,1.32,3.04
2013.07.22 08:22:03.818,0.99997,1.00003,3.57,1.32
2013.07.22 08:22:04.360,0.99997,1.00003,3.57,1.57
2013.07.22 08:22:04.899,0.99997,1.00003,3.57,1.57
2013.07.22 08:22:05.379,1.0,1.00004,1.50,4.17
2013.07.22 08:22:05.439,1.00002,1.00005,2.07,1.00
2013.07.22 08:22:05.500,1.00004,1.00007,4.32,1.13
2013.07.22 08:22:05.624,1.00008,1.00012,4.94,2.63
2013.07.22 08:22:06.060,1.00011,1.00013,3.44,1.00
2013.07.22 08:22:06.899,1.00012,1.00013,1.00,1.13
2013.07.22 08:22:07.971,1.0001,1.00013,2.44,1.13
2013.07.22 08:22:10.518,1.00011,1.00016,2.07,2.44
2013.07.22 08:22:10.638,1.00014,1.00018,1.69,1.25
2013.07.22 08:22:10.698,1.00016,1.00018,1.00,1.25
2013.07.22 08:22:10.759,1.00016,1.0002,3.57,1.32
2013.07.22 08:22:10.818,1.00017,1.0002,1.19,1.13
2013.07.22 08:22:10.939,1.00017,1.00022,2.07,1.50
2013.07.22 08:22:11.479,1.00021,1.00023,1.00,1.25
2013.07.22 08:22:11.781,1.00027,1.00031,1.69,2.25
2013.07.22 08:22:11.900,1.00029,1.00032,1.25,1.00
2013.07.22 08:22:12.409,1.00028,1.0003,1.00,1.00
2013.07.22 08:22:12.529,1.00026,1.00029,1.00,2.44
2013.07.22 08:22:12.591,1.00023,1.00027,2.29,1.00
2013.07.22 08:22:12.709,1.00023,1.00025,1.32,1.00
2013.07.22 08:22:13.611,1.00023,1.00026,1.32,1.00
2013.07.22 08:22:14.271,1.00023,1.00026,1.32,1.00
2013.07.22 08:22:14.509,1.00013,1.00016,6.00,1.00
2013.07.22 08:22:14.569,1.00011,1.00015,3.00,5.25
2013.07.22 08:22:14.809,1.00008,1.0001,1.25,1.88
2013.07.22 08:22:14.930,1.00005,1.00007,1.25,1.00
2013.07.22 08:22:16.649,1.00005,1.00006,1.32,1.00
2013.07.22 08:22:16.770,1.00001,1.00004,3.57,1.00
2013.07.22 08:22:17.133,1.00004,1.00007,2.69,1.88
2013.07.22 08:22:17.199,1.00003,1.00005,1.32,1.13
2013.07.22 08:22:17.259,1.00003,1.00005,1.00,1.32
2013.07.22 08:22:17.320,1.00004,1.00006,1.00,3.00
2013.07.22 08:22:17.559,1.00006,1.00009,1.00,1.30
2013.07.22 08:22:18.100,1.00007,1.0001,1.00,1.63
2013.07.22 08:22:18.218,1.00007,1.0001,1.00,1.32
2013.07.22 08:22:18.759,1.00007,1.00011,1.00,1.57
2013.07.22 08:22:19.309,1.00007,1.00011,1.88,1.19
2013.07.22 08:22:19.370,1.00007,1.00012,2.82,4.54
2013.07.22 08:22:19.489,1.0001,1.00012,2.10,2.44
2013.07.22 08:22:19.790,1.00016,1.00018,1.30,1.00
2013.07.22 08:22:19.849,1.00017,1.00021,1.00,2.63
2013.07.22 08:22:19.909,1.0002,1.00023,1.00,1.19
2013.07.22 08:22:20.545,1.00019,1.00024,1.00,2.07
2013.07.22 08:22:21.709,1.00019,1.00024,1.00,1.57
2013.07.22 08:22:22.249,1.00018,1.00022,1.25,1.32
2013.07.22 08:22:23.269,1.00018,1.0002,1.69,1.00
2013.07.22 08:22:23.569,1.00016,1.0002,1.00,3.04
2013.07.22 08:22:24.123,1.00016,1.0002,1.38,2.67
2013.07.22 08:22:25.409,1.00015,1.00017,3.19,1.88
2013.07.22 08:22:25.648,1.00013,1.00016,1.25,1.13
2013.07.22 08:22:29.369,1.00012,1.00017,2.07,2.44
2013.07.22 08:22:29.609,1.00015,1.00019,1.19,1.00
2013.07.22 08:22:29.728,1.00015,1.00021,1.69,1.32
2013.07.22 08:22:31.349,1.00015,1.00018,3.00,2.48
2013.07.22 08:22:31.470,1.00015,1.00017,1.50,1.50
2013.07.22 08:22:31.589,1.00013,1.00017,1.50,1.38
2013.07.22 08:22:31.649,1.00013,1.00017,3.19,1.00
2013.07.22 08:22:31.829,1.00015,1.0002,1.25,1.92
2013.07.22 08:22:33.510,1.00015,1.00019,1.25,1.63
2013.07.22 08:22:33.628,1.00013,1.00016,1.25,1.13
2013.07.22 08:22:33.809,1.0001,1.00015,2.07,2.48
2013.07.22 08:22:33.928,1.00009,1.00014,2.07,2.07
2013.07.22 08:22:34.512,1.00008,1.00014,2.07,2.82
2013.07.22 08:22:36.049,1.00008,1.00014,1.32,2.82
2013.07.22 08:22:41.799,1.00008,1.00012,2.07,1.38
2013.07.22 08:22:42.229,1.00008,1.00013,1.57,1.25
2013.07.22 08:22:43.698,1.00008,1.00014,2.82,1.32
2013.07.22 08:22:51.549,1.00008,1.00014,1.69,1.69
2013.07.22 08:22:51.669,1.00008,1.00013,1.25,3.04
2013.07.22 08:22:52.223,1.0001,1.00014,1.00,2.07
2013.07.22 08:22:53.669,1.0001,1.00015,1.00,3.42
2013.07.22 08:22:54.630,1.00011,1.00015,1.13,3.04
2013.07.22 08:22:54.689,1.00013,1.00015,1.00,1.00
2013.07.22 08:22:54.809,1.00013,1.00018,1.69,2.07
2013.07.22 08:22:54.869,1.00013,1.00018,2.07,1.25
2013.07.22 08:22:55.928,1.00015,1.00018,1.57,1.00
2013.07.22 08:22:57.708,1.00015,1.00018,1.69,1.00
2013.07.22 08:22:58.249,1.00015,1.0002,1.69,1.69
2013.07.22 08:23:05.498,1.00015,1.0002,2.07,1.63
2013.07.22 08:23:06.388,1.00017,1.00022,1.38,1.50
2013.07.22 08:23:06.452,1.00022,1.00023,1.50,1.00
2013.07.22 08:23:06.643,1.00024,1.00025,1.00,1.50
2013.07.22 08:23:06.769,1.00026,1.00029,4.54,1.50
2013.07.22 08:23:06.889,1.00027,1.0003,3.23,1.50
2013.07.22 08:23:06.949,1.00027,1.00029,2.85,1.00
2013.07.22 08:23:07.009,1.00024,1.00029,3.42,1.32
2013.07.22 08:23:07.189,1.00025,1.00028,1.00,1.32
2013.07.22 08:23:07.326,1.00023,1.00028,1.25,4.54
2013.07.22 08:23:07.509,1.00021,1.00025,1.69,1.00
2013.07.22 08:23:07.989,1.00022,1.00027,1.19,1.32
2013.07.22 08:23:08.980,1.00022,1.00027,1.19,1.63
2013.07.22 08:23:09.099,1.00021,1.00025,1.25,2.67
2013.07.22 08:23:09.641,1.00019,1.00025,2.44,4.54
2013.07.22 08:23:11.249,1.00019,1.00024,1.69,1.32
2013.07.22 08:23:15.559,1.00017,1.00023,4.32,2.07
2013.07.22 08:23:16.109,1.00017,1.00022,1.69,1.17
2013.07.22 08:23:22.609,1.00016,1.00018,3.00,1.73
2013.07.22 08:23:22.851,1.00017,1.00021,1.38,1.19
2013.07.22 08:23:22.969,1.00016,1.00018,1.69,1.00
2013.07.22 08:23:23.092,1.00016,1.0002,1.63,1.25
2013.07.22 08:23:24.519,1.00014,1.0002,2.07,2.07
2013.07.22 08:23:24.578,1.00014,1.0002,2.07,2.07
2013.07.22 08:23:24.699,1.00014,1.0002,2.07,2.07
2013.07.22 08:23:26.277,1.00014,1.00017,1.00,1.50
2013.07.22 08:23:26.459,1.00013,1.00017,1.00,1.50
2013.07.22 08:23:27.035,1.00012,1.00017,3.75,1.50
2013.07.22 08:23:27.941,1.00012,1.00016,1.25,3.79
2013.07.22 08:23:28.002,1.00011,1.00013,2.63,1.60
2013.07.22 08:23:28.490,1.00009,1.00013,1.00,1.32
2013.07.22 08:23:28.792,1.00007,1.00012,1.32,1.92
2013.07.22 08:23:29.409,1.00007,1.00013,3.57,1.69
2013.07.22 08:23:31.339,1.00007,1.00012,3.57,1.19
2013.07.22 08:23:31.888,1.00008,1.00012,1.00,1.19
2013.07.22 08:23:32.689,1.00007,1.00012,4.32,1.19
2013.07.22 08:23:33.879,1.00008,1.00012,1.00,1.19
2013.07.22 08:23:37.762,1.00007,1.00013,2.82,1.69
2013.07.22 08:23:38.677,1.00008,1.00012,1.00,1.19
2013.07.22 08:23:39.218,1.00007,1.00012,2.82,1.19
2013.07.22 08:23:39.580,1.00007,1.00012,2.82,1.19
2013.07.22 08:23:40.359,1.00007,1.00012,1.25,2.29
2013.07.22 08:23:40.800,1.00006,1.00009,2.63,2.07
2013.07.22 08:23:41.043,1.00002,1.00006,2.82,1.00
2013.07.22 08:23:41.169,1.00002,1.00006,1.50,1.63
2013.07.22 08:23:41.745,1.00002,1.00006,1.88,1.25
2013.07.22 08:23:43.299,1.00006,1.00008,1.13,2.07
2013.07.22 08:23:43.480,1.00009,1.00011,1.13,2.82
2013.07.22 08:23:43.540,1.00007,1.00012,1.69,1.69
2013.07.22 08:23:44.110,1.00007,1.00011,1.25,3.42
2013.07.22 08:23:44.649,1.00006,1.00011,2.07,3.42
2013.07.22 08:23:48.779,1.00005,1.0001,1.57,1.69
2013.07.22 08:23:48.961,1.00005,1.0001,1.25,3.79
2013.07.22 08:23:49.200,1.00003,1.00007,1.25,1.32
2013.07.22 08:23:49.260,1.00003,1.00007,1.69,1.13
2013.07.22 08:23:49.798,1.00003,1.00008,2.07,1.30
2013.07.22 08:23:50.219,1.00005,1.00011,1.57,3.79
2013.07.22 08:23:51.250,1.00006,1.00011,1.57,3.79
2013.07.22 08:23:53.609,1.00007,1.00011,1.25,1.69
2013.07.22 08:24:00.784,1.00005,1.0001,2.44,3.60
2013.07.22 08:24:00.852,1.00005,1.0001,1.69,5.29
2013.07.22 08:24:01.389,1.00005,1.00009,1.32,1.00
2013.07.22 08:24:01.989,1.00005,1.00011,1.57,4.17
2013.07.22 08:24:03.779,1.00005,1.00011,2.07,4.17
2013.07.22 08:24:04.389,1.00005,1.00009,1.50,3.79
2013.07.22 08:24:04.509,1.00003,1.00009,1.32,4.54
2013.07.22 08:24:04.629,1.00003,1.00008,1.25,1.94
2013.07.22 08:24:04.749,1.00003,1.00007,1.25,3.04
2013.07.22 08:24:04.929,1.00003,1.00006,1.25,1.38
2013.07.22 08:24:05.232,1.00001,1.00002,1.00,1.13
2013.07.22 08:24:06.769,1.00001,1.00005,1.32,1.25
2013.07.22 08:24:06.889,1.00004,1.00005,1.00,1.00
2013.07.22 08:24:07.009,1.00003,1.00007,1.19,1.00
2013.07.22 08:24:07.070,1.00002,1.00004,1.25,1.00
2013.07.22 08:24:07.249,1.0,1.00004,1.25,1.69
2013.07.22 08:24:10.799,1.0,1.00005,1.69,2.44
2013.07.22 08:24:14.040,1.0,1.00004,1.25,1.69
2013.07.22 08:24:17.415,1.00004,1.00005,1.25,1.00
2013.07.22 08:24:17.480,1.00006,1.0001,1.38,1.69
2013.07.22 08:24:17.540,1.00006,1.00011,2.07,1.32
2013.07.22 08:24:17.600,1.00009,1.00012,1.00,2.82
2013.07.22 08:24:18.141,1.00009,1.00013,1.00,1.57
2013.07.22 08:24:18.739,1.00009,1.00013,1.32,1.32
2013.07.22 08:24:27.719,1.00008,1.00013,1.32,1.63
2013.07.22 08:24:33.692,1.00008,1.00013,1.57,1.32
2013.07.22 08:24:40.002,1.00008,1.00013,1.63,1.32
2013.07.22 08:24:40.729,1.00008,1.00013,1.25,1.57
2013.07.22 08:24:40.969,1.00005,1.00011,4.32,2.82
2013.07.22 08:24:41.549,1.00005,1.00011,4.32,3.19
2013.07.22 08:24:41.849,1.00007,1.00011,1.63,1.32
2013.07.22 08:24:41.969,1.00009,1.00013,1.32,2.07
2013.07.22 08:24:51.719,1.00009,1.00013,1.25,1.63
2013.07.22 08:24:52.278,1.00009,1.00013,1.32,1.32
2013.07.22 08:25:11.949,1.00009,1.00013,1.32,1.13
2013.07.22 08:25:15.489,1.00009,1.00013,1.19,1.38
2013.07.22 08:25:29.799,1.00009,1.00014,1.32,2.29
2013.07.22 08:25:36.289,1.00009,1.00014,1.57,2.29
2013.07.22 08:25:39.689,1.00009,1.00014,2.07,2.29
2013.07.22 08:25:41.850,1.00009,1.00014,2.07,2.29
2013.07.22 08:25:42.329,1.00012,1.00015,1.63,1.00
2013.07.22 08:25:42.749,1.00014,1.00019,2.07,1.69
2013.07.22 08:25:43.109,1.00016,1.00019,1.38,1.32
2013.07.22 08:25:46.849,1.00016,1.00017,1.25,2.48
2013.07.22 08:25:46.969,1.00012,1.00017,4.69,2.48
2013.07.22 08:25:48.959,1.00014,1.00018,1.13,1.19
2013.07.22 08:25:49.652,1.00014,1.00019,1.32,1.57
2013.07.22 08:25:53.680,1.00014,1.00019,1.69,1.57
2013.07.22 08:25:54.229,1.00014,1.00019,2.07,1.57
2013.07.22 08:25:54.759,1.00014,1.00019,1.25,1.57
2013.07.22 08:25:59.771,1.00014,1.00019,1.32,1.57
2013.07.22 08:26:00.309,1.00014,1.00019,2.07,1.69
2013.07.22 08:26:01.769,1.00014,1.00019,2.07,1.69
2013.07.22 08:26:03.730,1.00014,1.00019,2.07,1.32
2013.07.22 08:26:05.499,1.00014,1.0002,3.57,2.44
2013.07.22 08:26:05.739,1.00014,1.0002,3.57,2.07
2013.07.22 08:26:06.169,1.00014,1.00019,2.82,1.69
2013.07.22 08:26:08.491,1.00015,1.00019,1.63,1.32
2013.07.22 08:26:08.610,1.00015,1.00019,1.63,1.32
2013.07.22 08:26:09.900,1.00017,1.00019,1.13,1.25
2013.07.22 08:26:10.079,1.00017,1.00021,1.63,1.00
2013.07.22 08:26:11.169,1.00017,1.00022,1.63,2.29
2013.07.22 08:26:17.201,1.00017,1.00019,1.57,1.13
2013.07.22 08:26:17.739,1.00017,1.00019,1.13,1.13
2013.07.22 08:26:32.571,1.00018,1.00019,1.00,1.13
2013.07.22 08:26:35.640,1.00018,1.00022,1.00,3.00
2013.07.22 08:26:40.309,1.00018,1.00022,1.32,2.10
2013.07.22 08:26:41.699,1.00018,1.00022,2.07,2.10
2013.07.22 08:26:48.319,1.00018,1.0002,1.88,2.48
2013.07.22 08:26:48.559,1.00016,1.00019,1.00,1.00
2013.07.22 08:26:49.106,1.00016,1.0002,1.38,3.23
2013.07.22 08:26:50.639,1.00016,1.00018,1.00,1.50
2013.07.22 08:26:50.760,1.00013,1.00017,3.00,2.85
2013.07.22 08:26:50.882,1.00014,1.00018,1.32,1.25
2013.07.22 08:26:50.941,1.00014,1.00019,1.25,1.94
2013.07.22 08:26:51.371,1.00015,1.0002,1.00,2.29
2013.07.22 08:26:51.612,1.00015,1.0002,1.50,2.29
2013.07.22 08:26:52.359,1.00015,1.0002,2.63,2.29
2013.07.22 08:26:52.479,1.00016,1.00019,1.19,1.00
2013.07.22 08:28:00.158,1.00014,1.00018,2.07,2.10
2013.07.22 08:28:00.279,1.00013,1.00017,1.25,1.54
2013.07.22 08:28:00.639,1.00011,1.00016,1.25,2.44
2013.07.22 08:28:01.425,1.00011,1.00015,1.32,1.32
2013.07.22 08:28:02.052,1.00011,1.00017,2.82,1.92
2013.07.22 08:28:05.350,1.00013,1.00017,1.00,1.69
2013.07.22 08:28:07.360,1.00012,1.00017,1.00,2.29
2013.07.22 08:28:08.122,1.00012,1.00017,1.13,2.29
2013.07.22 08:28:10.520,1.00013,1.00017,1.00,1.92
2013.07.22 08:28:10.880,1.00015,1.00019,1.00,4.54
2013.07.22 08:28:11.649,1.00015,1.00019,1.00,3.79
2013.07.22 08:28:12.189,1.00015,1.00019,1.00,3.79
2013.07.22 08:28:14.289,1.00013,1.00019,4.32,4.54
2013.07.22 08:28:17.589,1.00014,1.00019,1.19,4.54
2013.07.22 08:28:18.120,1.00014,1.00019,1.32,3.79
2013.07.22 08:28:25.719,1.00015,1.00019,1.63,2.67
2013.07.22 08:28:39.449,1.00017,1.0002,1.00,2.44
2013.07.22 08:28:40.171,1.00017,1.0002,1.00,2.44
2013.07.22 08:28:40.909,1.00017,1.0002,1.00,3.79
2013.07.22 08:28:51.059,1.00018,1.0002,1.00,3.42
2013.07.22 08:29:03.031,1.00016,1.0002,1.63,3.42
2013.07.22 08:29:38.780,1.00016,1.0002,1.38,3.42
2013.07.22 08:29:42.052,1.00016,1.0002,1.63,4.09
2013.07.22 08:30:02.770,1.00018,1.00022,1.00,2.48
2013.07.22 08:30:02.949,1.00018,1.00022,1.25,2.10
2013.07.22 08:30:08.800,1.00016,1.0002,2.07,1.05
2013.07.22 08:30:15.201,1.00016,1.0002,1.57,1.88
2013.07.22 08:30:56.540,1.00016,1.0002,1.63,4.17
2013.07.22 08:30:57.137,1.00016,1.0002,1.38,4.17
2013.07.22 08:30:58.299,1.00016,1.0002,1.63,4.17
2013.07.22 08:31:01.191,1.00016,1.0002,2.07,3.98
2013.07.22 08:31:01.720,1.00019,1.0002,1.00,3.23
2013.07.22 08:31:03.340,1.00018,1.0002,1.69,3.23
2013.07.22 08:31:10.209,1.00017,1.0002,1.13,3.42
2013.07.22 08:31:15.810,1.00015,1.0002,1.19,3.42
2013.07.22 08:31:16.330,1.00015,1.0002,1.57,3.42
2013.07.22 08:31:24.939,1.00015,1.00021,2.07,2.07
2013.07.22 08:31:26.700,1.00018,1.00022,1.00,2.25
2013.07.22 08:31:26.820,1.00017,1.00022,1.63,1.54
2013.07.22 08:31:26.940,1.0002,1.00022,1.00,1.54
2013.07.22 08:31:27.299,1.00021,1.00024,2.67,2.25
2013.07.22 08:31:27.420,1.00022,1.00027,1.69,1.32
2013.07.22 08:31:27.660,1.00023,1.00028,2.07,1.25
2013.07.22 08:31:28.203,1.00024,1.0003,2.82,2.67
2013.07.22 08:31:28.689,1.00025,1.0003,1.57,1.63
2013.07.22 08:31:28.869,1.00024,1.0003,2.07,1.63
2013.07.22 08:31:29.648,1.00024,1.0003,2.07,1.63
2013.07.22 08:31:32.759,1.00025,1.0003,1.94,1.25
2013.07.22 08:31:32.939,1.00026,1.00031,3.94,1.25
2013.07.22 08:31:34.419,1.00026,1.00031,4.92,1.25
2013.07.22 08:31:34.480,1.0003,1.00032,6.10,1.50
2013.07.22 08:31:34.721,1.00033,1.00035,1.00,1.69
2013.07.22 08:31:34.841,1.00031,1.00035,1.69,2.44
2013.07.22 08:31:35.080,1.0003,1.00034,1.00,2.82
2013.07.22 08:31:35.439,1.00029,1.00031,2.29,1.00
2013.07.22 08:31:35.499,1.00029,1.00033,2.29,1.25
2013.07.22 08:31:39.669,1.00031,1.00033,1.00,1.25
2013.07.22 08:31:50.480,1.0003,1.00034,2.85,1.19
2013.07.22 08:31:52.420,1.00033,1.00035,1.68,1.00
2013.07.22 08:31:52.480,1.00036,1.00038,1.00,1.00
2013.07.22 08:31:52.600,1.00036,1.0004,2.07,2.44
2013.07.22 08:31:52.660,1.00039,1.0004,1.13,2.44
2013.07.22 08:31:52.960,1.00037,1.00042,1.32,2.07
2013.07.22 08:31:54.069,1.00039,1.00042,1.00,3.38
2013.07.22 08:31:54.190,1.00039,1.00041,1.13,1.32
2013.07.22 08:31:54.729,1.00037,1.00042,2.82,2.07
2013.07.22 08:31:55.383,1.00037,1.00039,1.25,1.00
2013.07.22 08:31:55.511,1.00037,1.00042,1.63,2.07
2013.07.22 08:31:56.052,1.00037,1.00043,2.82,1.25
2013.07.22 08:31:56.590,1.00039,1.00044,1.19,1.32
2013.07.22 08:31:57.459,1.00039,1.00042,1.19,1.00
2013.07.22 08:31:57.761,1.0004,1.00044,2.00,1.69
2013.07.22 08:31:57.881,1.00043,1.00046,1.69,1.00
2013.07.22 08:31:57.940,1.00043,1.00046,2.44,1.00
2013.07.22 08:31:58.299,1.00046,1.00049,3.44,2.63
2013.07.22 08:32:01.799,1.00046,1.00048,3.82,1.00
2013.07.22 08:32:02.040,1.00045,1.00047,1.00,2.63
2013.07.22 08:32:02.339,1.00043,1.00047,2.44,1.32
2013.07.22 08:32:02.520,1.00044,1.00048,1.19,1.00
2013.07.22 08:32:02.879,1.00047,1.00049,1.00,1.30
2013.07.22 08:32:04.629,1.00046,1.00049,2.07,1.73
2013.07.22 08:32:04.990,1.00048,1.0005,3.25,1.50
2013.07.22 08:32:06.479,1.00049,1.00055,1.00,1.25
2013.07.22 08:32:07.809,1.00048,1.00051,1.00,1.32
2013.07.22 08:32:08.349,1.00047,1.00052,1.32,3.79
2013.07.22 08:32:16.429,1.00047,1.00051,1.25,1.63
2013.07.22 08:32:18.544,1.00047,1.00051,1.25,1.25
2013.07.22 08:32:21.669,1.00048,1.00052,1.00,3.42
2013.07.22 08:32:30.838,1.00048,1.00052,1.00,3.04
2013.07.22 08:32:31.481,1.00047,1.0005,1.13,1.63
2013.07.22 08:32:33.219,1.00048,1.0005,1.00,1.38
2013.07.22 08:32:33.759,1.00047,1.00049,1.13,1.13
2013.07.22 08:32:34.360,1.00048,1.0005,1.00,3.25
2013.07.22 08:32:34.901,1.00047,1.00049,1.32,1.13
2013.07.22 08:32:36.419,1.00047,1.00048,1.25,2.10
2013.07.22 08:32:36.600,1.00043,1.00046,1.13,2.44
2013.07.22 08:32:36.660,1.00043,1.00045,1.13,1.19
2013.07.22 08:32:36.839,1.0004,1.00044,1.25,1.25
2013.07.22 08:32:37.468,1.00038,1.00044,2.07,1.32
2013.07.22 08:32:38.950,1.00038,1.00044,2.07,1.32
2013.07.22 08:32:41.680,1.00039,1.00044,1.32,1.32
2013.07.22 08:32:43.400,1.0004,1.00045,1.00,2.07
2013.07.22 08:32:46.615,1.00042,1.00047,1.25,1.17
2013.07.22 08:32:46.980,1.00045,1.00048,1.00,2.25
2013.07.22 08:32:47.294,1.00046,1.00048,1.63,1.00
2013.07.22 08:32:47.363,1.00046,1.00051,1.63,2.44
2013.07.22 08:32:47.483,1.0005,1.00052,1.38,1.25
2013.07.22 08:32:48.039,1.0005,1.00058,1.38,1.69
2013.07.22 08:32:50.120,1.00049,1.00053,2.25,1.69
2013.07.22 08:32:50.359,1.00048,1.00052,1.58,1.00
2013.07.22 08:32:50.899,1.00049,1.00053,1.38,1.69
2013.07.22 08:32:51.589,1.00049,1.00053,1.13,1.19
2013.07.22 08:32:52.423,1.00049,1.00053,1.38,1.19
2013.07.22 08:32:55.780,1.00049,1.00053,1.13,1.19
2013.07.22 08:32:56.869,1.00047,1.00052,3.19,2.67
2013.07.22 08:32:56.930,1.00047,1.00049,2.07,1.00
2013.07.22 08:32:57.169,1.00042,1.00047,1.32,3.57
2013.07.22 08:32:57.711,1.0004,1.00045,1.32,1.00
2013.07.22 08:33:04.449,1.0004,1.00045,1.32,1.38
2013.07.22 08:33:07.411,1.0004,1.00045,1.32,1.63
2013.07.22 08:33:08.270,1.00041,1.00045,1.32,1.25
2013.07.22 08:33:11.543,1.0004,1.00044,1.57,1.00
2013.07.22 08:33:11.605,1.0004,1.00044,1.00,1.38
2013.07.22 08:33:12.149,1.00038,1.00042,1.00,1.38
2013.07.22 08:33:12.699,1.00038,1.00042,1.19,1.38
2013.07.22 08:33:13.239,1.00038,1.00042,2.07,1.13
2013.07.22 08:33:14.759,1.00038,1.00043,2.82,1.13
2013.07.22 08:33:21.859,1.00038,1.00044,2.82,2.82
2013.07.22 08:33:32.389,1.00038,1.00044,2.07,2.82
2013.07.22 08:33:32.939,1.00038,1.00044,1.69,2.82
2013.07.22 08:33:34.390,1.00038,1.00044,2.07,2.82
2013.07.22 08:33:34.811,1.00038,1.0004,1.00,1.35
2013.07.22 08:33:35.170,1.00031,1.00033,1.88,2.85
2013.07.22 08:33:35.350,1.00029,1.00032,1.32,1.30
2013.07.22 08:33:36.860,1.0003,1.00033,1.00,1.00
2013.07.22 08:33:37.399,1.00029,1.00034,1.25,2.25
2013.07.22 08:33:39.220,1.00029,1.00034,1.32,2.44
2013.07.22 08:33:44.302,1.00029,1.00035,1.63,5.44
2013.07.22 08:33:44.423,1.00032,1.00035,2.44,2.63
2013.07.22 08:33:44.483,1.00034,1.00035,1.13,2.25
2013.07.22 08:33:44.662,1.00037,1.00042,1.50,3.57
2013.07.22 08:33:45.080,1.00038,1.00042,2.07,1.50
2013.07.22 08:33:46.283,1.00038,1.00044,1.32,3.94
2013.07.22 08:33:50.859,1.00039,1.00043,1.00,1.19
2013.07.22 08:33:51.400,1.00038,1.00043,1.32,1.19
2013.07.22 08:33:54.639,1.00039,1.00044,1.22,1.13
2013.07.22 08:33:54.700,1.00042,1.00045,2.63,4.50
2013.07.22 08:33:54.941,1.00044,1.00048,2.44,1.50
2013.07.22 08:33:55.121,1.00046,1.0005,1.38,1.25
2013.07.22 08:33:55.661,1.00046,1.00052,2.07,3.04
2013.07.22 08:33:59.650,1.00046,1.00052,2.82,2.67
2013.07.22 08:34:00.190,1.00046,1.00052,2.82,1.92
2013.07.22 08:34:09.499,1.00046,1.00052,2.07,1.92
2013.07.22 08:34:23.160,1.00047,1.00052,2.82,1.92
2013.07.22 08:34:23.700,1.00047,1.00052,1.32,1.54
2013.07.22 08:34:24.210,1.00047,1.00052,2.07,1.54
2013.07.22 08:34:37.060,1.00047,1.00053,4.54,1.69
2013.07.22 08:34:42.030,1.00051,1.00055,1.13,2.44
2013.07.22 08:34:47.220,1.00049,1.00054,1.25,3.94
2013.07.22 08:34:47.791,1.00049,1.00053,1.25,1.63
2013.07.22 08:34:48.350,1.00049,1.00053,1.25,2.07
2013.07.22 08:34:50.610,1.00048,1.00053,1.19,2.63
2013.07.22 08:34:50.850,1.00048,1.00053,1.57,1.88
2013.07.22 08:34:53.471,1.00048,1.00053,2.44,1.50
2013.07.22 08:34:53.981,1.00051,1.00053,1.00,1.13
2013.07.22 08:34:56.120,1.00049,1.00053,1.63,1.25
2013.07.22 08:34:56.660,1.00048,1.00053,2.07,2.07
2013.07.22 08:34:57.259,1.00048,1.00053,2.07,2.07
2013.07.22 08:34:58.030,1.00049,1.00053,1.32,2.07
2013.07.22 08:34:58.270,1.00049,1.00053,1.63,1.25
2013.07.22 08:34:58.788,1.00051,1.00055,1.38,3.19
2013.07.22 08:35:08.741,1.00051,1.00055,1.00,1.57
2013.07.22 08:35:09.291,1.00049,1.00055,2.07,4.54
2013.07.22 08:35:09.830,1.00049,1.00055,2.07,4.54
2013.07.22 08:35:10.370,1.00049,1.00054,2.07,1.63
2013.07.22 08:35:11.069,1.00049,1.00055,2.07,6.42
2013.07.22 08:35:13.171,1.0005,1.00055,1.32,1.57
2013.07.22 08:35:15.020,1.00051,1.00055,1.00,2.44
2013.07.22 08:35:15.260,1.00055,1.00061,1.00,1.25
2013.07.22 08:35:15.500,1.00054,1.00059,3.19,2.63
2013.07.22 08:35:15.800,1.00054,1.00059,3.57,1.38
2013.07.22 08:35:16.339,1.00055,1.00057,1.25,1.00
2013.07.22 08:35:16.879,1.00056,1.00057,1.00,1.00
2013.07.22 08:35:17.509,1.00056,1.00058,1.00,1.13
2013.07.22 08:35:19.649,1.00056,1.00059,1.25,1.00
2013.07.22 08:35:19.710,1.00058,1.0006,6.19,1.25
2013.07.22 08:35:19.950,1.00063,1.00068,1.57,1.32
2013.07.22 08:35:20.430,1.00064,1.0007,2.07,3.42
2013.07.22 08:35:25.720,1.00066,1.0007,1.00,4.54
2013.07.22 08:35:26.480,1.00066,1.00069,1.00,1.25
2013.07.22 08:35:27.040,1.00063,1.00068,5.82,3.98
2013.07.22 08:35:27.580,1.00065,1.00069,1.38,1.32
2013.07.22 08:35:28.153,1.00065,1.0007,1.63,2.44
2013.07.22 08:35:28.510,1.00065,1.0007,1.63,2.07
2013.07.22 08:35:30.503,1.00068,1.00071,3.63,4.54
2013.07.22 08:35:30.922,1.00067,1.00069,1.00,1.00
2013.07.22 08:35:33.659,1.00067,1.00071,1.00,2.67
2013.07.22 08:35:34.205,1.00067,1.00071,1.88,1.92
2013.07.22 08:35:34.760,1.00067,1.00073,2.07,2.82
2013.07.22 08:35:35.300,1.00067,1.00073,3.19,1.69
2013.07.22 08:35:35.809,1.00069,1.00073,1.00,1.19
2013.07.22 08:35:38.653,1.00069,1.00073,2.25,1.19
2013.07.22 08:35:38.711,1.00071,1.00075,1.50,3.94
2013.07.22 08:35:39.250,1.00069,1.00075,3.57,2.29
2013.07.22 08:35:39.770,1.00069,1.00074,2.07,1.32
2013.07.22 08:35:40.319,1.00071,1.00075,1.19,1.00
2013.07.22 08:35:41.040,1.00071,1.00075,1.19,1.38
2013.07.22 08:35:41.220,1.0007,1.00074,1.00,1.19
2013.07.22 08:35:42.169,1.00069,1.00074,1.32,2.07
2013.07.22 08:35:44.270,1.00068,1.00073,1.32,1.69
2013.07.22 08:35:50.390,1.00068,1.00073,2.29,1.19
2013.07.22 08:35:50.929,1.0007,1.00075,1.88,2.44
2013.07.22 08:35:52.365,1.0007,1.00072,1.50,2.50
2013.07.22 08:35:54.460,1.0007,1.00074,1.88,1.19
2013.07.22 08:35:59.605,1.0007,1.00074,1.88,1.19
2013.07.22 08:36:00.570,1.0007,1.00074,2.07,1.25
2013.07.22 08:36:01.020,1.0007,1.00074,1.69,1.25
2013.07.22 08:36:01.320,1.00068,1.00072,2.07,1.00
2013.07.22 08:36:02.871,1.00068,1.00072,2.82,1.25
2013.07.22 08:36:03.050,1.0007,1.00074,1.25,1.25
2013.07.22 08:36:03.590,1.0007,1.00075,2.07,1.19
2013.07.22 08:36:04.909,1.0007,1.00075,1.57,2.67
2013.07.22 08:36:05.450,1.00068,1.00074,3.57,1.00
2013.07.22 08:36:06.420,1.00071,1.00074,1.50,1.25
2013.07.22 08:36:06.541,1.00072,1.00076,1.32,1.88
2013.07.22 08:36:06.840,1.00075,1.00078,1.00,2.29
2013.07.22 08:36:07.140,1.00076,1.00079,2.07,1.00
2013.07.22 08:36:07.691,1.00076,1.00081,2.07,1.32
2013.07.22 08:36:07.750,1.00076,1.00081,1.63,1.32
2013.07.22 08:36:08.293,1.00076,1.00081,2.07,1.32
2013.07.22 08:36:08.843,1.00081,1.00082,1.00,1.00
2013.07.22 08:36:09.080,1.00082,1.00085,1.50,1.30
2013.07.22 08:36:09.621,1.00082,1.00085,1.00,1.19
2013.07.22 08:36:11.630,1.00082,1.00086,1.00,1.19
2013.07.22 08:36:11.810,1.00081,1.00085,1.32,2.67
2013.07.22 08:36:12.110,1.00081,1.00086,2.07,2.44
2013.07.22 08:36:12.891,1.00083,1.00087,1.50,2.44
2013.07.22 08:36:13.730,1.00084,1.00087,1.00,1.69
2013.07.22 08:36:13.850,1.00091,1.00096,1.00,1.69
2013.07.22 08:36:13.910,1.00092,1.00096,1.88,1.00
2013.07.22 08:36:14.031,1.00094,1.00098,1.00,1.00
2013.07.22 08:36:14.090,1.00096,1.00097,1.00,1.00
2013.07.22 08:36:14.211,1.00092,1.00097,2.07,1.25
2013.07.22 08:36:14.451,1.00092,1.00096,1.00,1.69
2013.07.22 08:36:14.990,1.00093,1.00094,1.00,1.69
2013.07.22 08:36:15.354,1.00089,1.00093,3.79,1.00
2013.07.22 08:36:15.590,1.00089,1.00095,5.29,1.25
2013.07.22 08:36:16.190,1.00091,1.00096,1.19,1.32
2013.07.22 08:36:17.928,1.00091,1.00097,3.19,1.32
2013.07.22 08:36:18.360,1.00095,1.00099,1.00,2.07
2013.07.22 08:36:18.643,1.00095,1.001,1.25,5.67
2013.07.22 08:36:19.411,1.00096,1.001,1.88,3.79
2013.07.22 08:36:19.950,1.00094,1.00099,1.25,2.67
2013.07.22 08:36:20.490,1.00095,1.00098,1.00,3.04
2013.07.22 08:36:21.031,1.00093,1.00098,1.19,3.79
2013.07.22 08:36:21.580,1.00093,1.00097,1.19,1.00
2013.07.22 08:36:21.820,1.00095,1.00098,1.19,1.00
2013.07.22 08:36:21.880,1.00095,1.001,1.69,1.92
2013.07.22 08:36:22.810,1.00096,1.001,2.07,1.54
2013.07.22 08:36:23.350,1.00096,1.00101,1.69,2.44
2013.07.22 08:36:24.670,1.00097,1.00101,2.07,1.13
2013.07.22 08:36:25.210,1.00099,1.00102,2.48,1.13
2013.07.22 08:36:29.221,1.00099,1.00103,3.42,1.69
2013.07.22 08:36:29.522,1.00101,1.00108,1.38,1.00
2013.07.22 08:36:30.071,1.00104,1.0011,2.82,1.92
2013.07.22 08:36:30.251,1.00104,1.00108,1.00,6.42
2013.07.22 08:36:30.371,1.00102,1.00106,2.25,1.19
2013.07.22 08:36:30.913,1.00099,1.00104,2.07,1.13
2013.07.22 08:36:31.272,1.00095,1.00101,5.07,1.32
2013.07.22 08:36:32.110,1.00095,1.00101,3.57,2.07
2013.07.22 08:36:32.411,1.00093,1.00095,1.00,1.25
2013.07.22 08:36:32.530,1.00089,1.00095,3.19,1.69
2013.07.22 08:36:35.031,1.00089,1.00093,1.69,2.10
2013.07.22 08:36:35.272,1.00083,1.00087,2.07,1.88
2013.07.22 08:36:35.392,1.00081,1.00085,1.25,1.92
2013.07.22 08:36:35.930,1.00079,1.00084,1.32,2.07
2013.07.22 08:36:37.030,1.00079,1.00084,1.32,2.82
2013.07.22 08:36:38.250,1.00079,1.00085,1.32,4.17
2013.07.22 08:36:39.220,1.00081,1.00085,1.00,3.42
2013.07.22 08:36:39.531,1.00083,1.00089,2.82,2.82
2013.07.22 08:36:39.830,1.00085,1.00091,2.82,2.44
2013.07.22 08:36:40.345,1.00087,1.00091,1.00,1.69
2013.07.22 08:36:40.591,1.00087,1.00088,1.00,2.10
2013.07.22 08:36:40.770,1.00083,1.00086,1.25,1.13
2013.07.22 08:36:41.190,1.00084,1.00089,1.25,2.29
2013.07.22 08:36:42.150,1.00084,1.00089,1.69,1.17
2013.07.22 08:36:43.470,1.00084,1.00088,1.19,2.48
2013.07.22 08:36:43.710,1.00082,1.00086,1.32,1.13
2013.07.22 08:36:44.191,1.00084,1.00088,3.38,1.19
2013.07.22 08:36:44.250,1.00086,1.00089,1.25,1.00
2013.07.22 08:36:46.400,1.00084,1.00089,1.19,1.25
2013.07.22 08:36:47.200,1.00084,1.00086,1.19,1.00
2013.07.22 08:36:47.320,1.00083,1.00086,1.13,1.00
2013.07.22 08:36:47.980,1.00082,1.00086,1.25,1.32
2013.07.22 08:36:48.160,1.00081,1.00085,1.25,2.10
2013.07.22 08:36:48.460,1.00077,1.00083,3.57,1.25
2013.07.22 08:36:51.293,1.00079,1.00083,2.07,1.00
2013.07.22 08:36:52.490,1.00078,1.00081,1.32,1.00
2013.07.22 08:36:52.850,1.00074,1.0008,2.07,1.92
2013.07.22 08:37:01.490,1.00075,1.00079,1.32,3.42
2013.07.22 08:37:01.730,1.00072,1.00077,1.32,2.29
2013.07.22 08:37:02.280,1.00071,1.00076,2.44,1.05
2013.07.22 08:37:04.610,1.00071,1.00077,4.54,1.19
2013.07.22 08:37:05.090,1.00072,1.00077,1.32,1.25
2013.07.22 08:37:05.451,1.00077,1.0008,1.32,1.00
2013.07.22 08:37:06.001,1.00077,1.00082,2.07,1.57
2013.07.22 08:37:12.350,1.00077,1.0008,2.07,1.00
2013.07.22 08:37:13.523,1.00077,1.0008,1.32,1.00
2013.07.22 08:37:14.060,1.00077,1.00082,2.07,2.07
2013.07.22 08:37:14.840,1.00076,1.00082,1.57,2.82
2013.07.22 08:37:14.900,1.00076,1.00079,1.57,1.50
2013.07.22 08:37:15.020,1.00075,1.00079,1.69,2.82
2013.07.22 08:37:15.200,1.00072,1.00077,1.32,1.05
2013.07.22 08:37:15.441,1.00072,1.00077,1.00,2.07
2013.07.22 08:37:15.801,1.00067,1.00072,1.19,2.67
2013.07.22 08:37:15.860,1.00066,1.00072,2.82,2.67
2013.07.22 08:37:16.460,1.00069,1.00072,1.00,1.92
2013.07.22 08:37:23.450,1.00069,1.00071,1.25,1.00
2013.07.22 08:37:23.511,1.00068,1.00071,2.63,1.38
2013.07.22 08:37:24.051,1.00067,1.00071,1.19,2.10
2013.07.22 08:37:24.751,1.00067,1.0007,1.00,1.63
2013.07.22 08:37:26.181,1.00067,1.0007,1.00,1.32
2013.07.22 08:37:28.480,1.00067,1.0007,1.00,2.44
2013.07.22 08:37:28.660,1.00062,1.00066,1.13,2.85
2013.07.22 08:37:28.780,1.00061,1.00065,1.13,3.19
2013.07.22 08:37:28.900,1.00059,1.00063,1.25,1.50
2013.07.22 08:37:29.440,1.00059,1.00063,1.25,1.50
2013.07.22 08:37:29.980,1.0006,1.00063,1.50,1.00
2013.07.22 08:37:30.101,1.00061,1.00066,1.69,1.32
2013.07.22 08:37:30.162,1.00064,1.00068,1.00,2.67
2013.07.22 08:37:31.240,1.00064,1.00068,1.88,1.19
2013.07.22 08:37:31.662,1.00066,1.0007,1.00,1.69
2013.07.22 08:37:32.770,1.00066,1.0007,1.00,3.19
2013.07.22 08:37:33.551,1.00066,1.0007,1.00,3.19
2013.07.22 08:37:34.101,1.00066,1.0007,1.00,1.69
2013.07.22 08:37:35.841,1.00066,1.0007,1.00,2.44
2013.07.22 08:37:35.901,1.00064,1.00067,2.25,2.88
2013.07.22 08:37:36.081,1.0006,1.00062,2.25,1.38
2013.07.22 08:37:36.201,1.00058,1.00062,1.00,2.63
2013.07.22 08:37:36.260,1.00058,1.00061,1.00,1.38
2013.07.22 08:37:37.363,1.00056,1.00062,2.01,4.35
2013.07.22 08:37:37.841,1.00059,1.00062,1.13,1.88
2013.07.22 08:37:37.902,1.0006,1.00062,2.48,1.00
2013.07.22 08:37:38.201,1.00062,1.00064,1.00,1.88
2013.07.22 08:37:38.383,1.00059,1.00064,1.25,1.63
2013.07.22 08:37:38.920,1.00059,1.00064,1.25,1.32
2013.07.22 08:37:39.461,1.0006,1.00065,1.25,1.69
2013.07.22 08:37:43.880,1.00059,1.00064,1.25,1.32
2013.07.22 08:37:44.980,1.00059,1.00064,3.42,1.63
2013.07.22 08:37:45.100,1.00061,1.00064,1.88,1.38
2013.07.22 08:37:46.100,1.00062,1.00066,1.50,2.07
2013.07.22 08:37:46.911,1.00062,1.00065,1.50,2.48
2013.07.22 08:37:47.033,1.00058,1.00063,1.00,2.07
2013.07.22 08:37:47.150,1.00059,1.00061,1.13,1.25
2013.07.22 08:37:47.510,1.00058,1.00062,1.00,2.44
2013.07.22 08:37:48.056,1.00057,1.00062,1.50,1.69
2013.07.22 08:37:48.630,1.00058,1.00062,1.00,2.44
2013.07.22 08:37:51.653,1.00059,1.00062,1.00,1.25
2013.07.22 08:37:52.192,1.00059,1.00062,1.00,1.19
2013.07.22 08:37:56.050,1.0006,1.00064,1.00,1.57
2013.07.22 08:37:56.570,1.00061,1.00065,1.69,1.69
2013.07.22 08:37:57.360,1.00061,1.00066,1.69,2.44
2013.07.22 08:37:57.483,1.00061,1.00066,3.19,1.57
2013.07.22 08:37:57.601,1.00064,1.00068,1.50,2.29
2013.07.22 08:37:57.781,1.00064,1.00068,1.69,1.35
2013.07.22 08:38:00.230,1.00064,1.0007,1.69,1.92
2013.07.22 08:38:00.411,1.00066,1.0007,1.13,1.32
2013.07.22 08:38:00.471,1.00067,1.00071,1.25,1.50
2013.07.22 08:38:01.010,1.00068,1.00073,1.00,3.04
2013.07.22 08:38:01.520,1.00067,1.00072,2.07,1.32
2013.07.22 08:38:01.700,1.00067,1.00072,3.57,1.13
2013.07.22 08:38:03.880,1.00068,1.00072,1.25,1.32
2013.07.22 08:38:04.416,1.00066,1.00072,2.82,2.07
2013.07.22 08:38:06.690,1.00067,1.00072,1.32,2.07
2013.07.22 08:38:16.082,1.00066,1.00072,2.82,1.57
2013.07.22 08:38:17.630,1.00066,1.0007,1.32,1.69
2013.07.22 08:38:19.650,1.00066,1.0007,1.63,1.92
2013.07.22 08:38:19.710,1.00066,1.0007,1.32,2.29
2013.07.22 08:38:20.251,1.00066,1.0007,1.32,2.29
2013.07.22 08:38:20.610,1.0006,1.00063,1.00,2.44
2013.07.22 08:38:20.671,1.00057,1.00063,1.32,3.19
2013.07.22 08:38:21.210,1.00056,1.00061,1.57,1.25
2013.07.22 08:38:27.801,1.00055,1.0006,2.07,1.13
2013.07.22 08:38:37.010,1.00055,1.0006,1.57,1.69
2013.07.22 08:38:37.193,1.00054,1.00057,1.57,1.30
2013.07.22 08:38:37.260,1.00053,1.00057,1.50,2.67
2013.07.22 08:38:37.441,1.0005,1.00054,1.69,1.69
2013.07.22 08:38:38.100,1.0005,1.00054,3.79,1.00
2013.07.22 08:38:38.161,1.00052,1.00056,2.07,1.69
2013.07.22 08:38:38.524,1.00052,1.00056,1.25,3.00
2013.07.22 08:38:39.070,1.00052,1.00056,1.25,2.63
2013.07.22 08:38:40.503,1.00052,1.00056,1.69,1.50
2013.07.22 08:38:41.069,1.00054,1.00058,1.13,1.19
2013.07.22 08:38:41.610,1.00054,1.00059,1.69,2.82
2013.07.22 08:38:42.450,1.00054,1.00059,1.69,1.19
2013.07.22 08:38:42.757,1.00058,1.0006,1.00,2.67
2013.07.22 08:38:44.570,1.00056,1.0006,1.32,1.92
2013.07.22 08:38:45.325,1.00056,1.0006,1.25,2.29
2013.07.22 08:38:45.872,1.00056,1.0006,1.32,2.29
2013.07.22 08:38:46.540,1.00056,1.00058,1.32,2.10
2013.07.22 08:38:46.900,1.0005,1.00053,1.50,2.10
2013.07.22 08:38:46.960,1.00049,1.00053,4.50,3.60
2013.07.22 08:38:47.500,1.00048,1.00053,1.19,3.79
2013.07.22 08:38:48.971,1.00048,1.00052,1.19,1.35
2013.07.22 08:38:52.222,1.00051,1.00053,1.50,1.38
2013.07.22 08:38:52.282,1.00051,1.00056,1.88,1.32
2013.07.22 08:38:52.642,1.00053,1.00057,1.00,4.17
2013.07.22 08:38:54.210,1.00055,1.00059,1.00,3.94
2013.07.22 08:38:54.331,1.00055,1.00059,2.07,2.44
2013.07.22 08:38:54.870,1.00055,1.00059,2.07,2.07
2013.07.22 08:38:56.040,1.00055,1.0006,2.07,2.07
2013.07.22 08:38:59.210,1.00055,1.0006,2.07,2.44
2013.07.22 08:39:00.304,1.00055,1.0006,2.07,2.07
2013.07.22 08:39:03.050,1.00055,1.0006,1.69,1.63
2013.07.22 08:39:06.148,1.00057,1.00061,1.00,3.04
2013.07.22 08:39:06.271,1.00058,1.00061,1.00,3.04
2013.07.22 08:39:06.631,1.00056,1.0006,1.19,1.38
2013.07.22 08:39:07.900,1.00056,1.00062,1.32,2.44
2013.07.22 08:39:08.020,1.00059,1.00062,1.00,1.19
2013.07.22 08:39:08.581,1.00058,1.00062,1.25,1.25
2013.07.22 08:39:11.240,1.00058,1.00063,1.19,3.79
2013.07.22 08:39:13.551,1.00062,1.00064,2.82,1.00
2013.07.22 08:39:13.671,1.00064,1.00066,1.13,1.88
2013.07.22 08:39:13.850,1.00065,1.00069,2.82,2.25
2013.07.22 08:39:14.150,1.00065,1.00067,1.50,1.00
2013.07.22 08:39:14.451,1.00063,1.00066,1.00,1.38
2013.07.22 08:39:14.631,1.00061,1.00066,1.25,1.88
2013.07.22 08:39:14.812,1.00061,1.00063,1.25,1.38
2013.07.22 08:39:15.321,1.0006,1.00064,1.25,1.50
2013.07.22 08:39:18.161,1.0006,1.00063,1.00,1.32
2013.07.22 08:39:25.280,1.0006,1.00063,1.00,1.13
2013.07.22 08:39:27.191,1.0006,1.00063,1.00,1.32
2013.07.22 08:39:38.350,1.0006,1.00063,1.00,1.13
2013.07.22 08:39:50.190,1.00059,1.00063,1.00,1.13
2013.07.22 08:39:50.550,1.00056,1.00061,1.19,1.25
2013.07.22 08:39:51.360,1.00055,1.00061,2.44,1.63
2013.07.22 08:39:56.852,1.00055,1.00061,2.44,2.07
2013.07.22 08:40:00.690,1.00055,1.00058,1.50,1.19
2013.07.22 08:40:00.991,1.00049,1.00053,1.54,1.88
2013.07.22 08:40:01.051,1.00049,1.00052,1.35,1.19
2013.07.22 08:40:01.171,1.00047,1.00051,1.25,1.25
2013.07.22 08:40:01.711,1.00048,1.00051,1.00,1.25
2013.07.22 08:40:02.550,1.00046,1.00051,2.07,1.25
2013.07.22 08:40:04.711,1.00047,1.0005,1.25,1.00
2013.07.22 08:40:04.952,1.00045,1.00047,1.50,1.13
2013.07.22 08:40:05.012,1.00043,1.00045,1.25,1.13
2013.07.22 08:40:05.192,1.00039,1.00042,1.00,1.69
2013.07.22 08:40:05.251,1.00036,1.00041,1.19,1.13
2013.07.22 08:40:05.790,1.00035,1.0004,1.19,1.00
2013.07.22 08:40:06.270,1.00035,1.00038,1.32,1.00
2013.07.22 08:40:06.810,1.00035,1.0004,2.07,1.69
2013.07.22 08:40:07.802,1.00035,1.0004,2.07,1.25
2013.07.22 08:40:09.310,1.00037,1.0004,1.00,1.25
2013.07.22 08:40:11.685,1.00036,1.0004,1.25,1.25
2013.07.22 08:40:16.550,1.00037,1.0004,1.00,1.25
2013.07.22 08:40:17.051,1.00037,1.0004,1.00,2.29
2013.07.22 08:40:17.352,1.00033,1.00036,1.30,4.19
2013.07.22 08:40:17.650,1.00027,1.00031,1.00,1.32
2013.07.22 08:40:18.190,1.00026,1.0003,1.00,1.69
2013.07.22 08:40:18.735,1.00027,1.00031,1.00,1.69
2013.07.22 08:40:19.280,1.00026,1.00029,1.25,1.13
2013.07.22 08:40:19.820,1.00025,1.00029,1.32,1.32
2013.07.22 08:40:25.660,1.00027,1.0003,1.00,1.19
2013.07.22 08:40:25.840,1.00027,1.00031,1.00,1.32
2013.07.22 08:40:27.100,1.00028,1.00031,1.00,1.25
2013.07.22 08:40:27.621,1.00028,1.00032,1.00,3.42
2013.07.22 08:40:27.980,1.00028,1.0003,1.00,2.10
2013.07.22 08:40:28.116,1.00025,1.00027,1.50,2.10
2013.07.22 08:40:28.241,1.00023,1.00026,1.00,2.07
2013.07.22 08:40:28.361,1.00021,1.00025,1.00,1.94
2013.07.22 08:40:28.900,1.00019,1.00024,1.19,1.25
2013.07.22 08:40:30.141,1.00021,1.00025,1.00,2.44
2013.07.22 08:40:30.861,1.0002,1.00025,1.25,1.69
2013.07.22 08:40:37.050,1.0002,1.00026,3.19,1.57
2013.07.22 08:40:37.412,1.00022,1.00027,1.25,1.87
2013.07.22 08:40:40.332,1.00021,1.00026,1.25,1.32
2013.07.22 08:40:50.050,1.00022,1.00026,1.38,2.07
2013.07.22 08:40:50.410,1.00029,1.00031,2.50,1.00
2013.07.22 08:40:50.470,1.0003,1.00034,1.00,1.69
2013.07.22 08:40:51.042,1.00029,1.00034,2.44,1.25
2013.07.22 08:40:51.581,1.0003,1.00035,1.19,3.94
2013.07.22 08:40:55.733,1.00031,1.00035,1.25,2.44
2013.07.22 08:40:56.271,1.00032,1.00034,1.00,1.63
2013.07.22 08:40:56.760,1.00033,1.00037,1.00,2.82
2013.07.22 08:40:57.121,1.00035,1.00037,1.00,1.50
2013.07.22 08:40:57.181,1.00037,1.0004,2.69,1.50
2013.07.22 08:40:57.301,1.00039,1.00042,1.00,2.29
2013.07.22 08:40:57.840,1.00037,1.00043,1.69,1.57
2013.07.22 08:40:58.321,1.00039,1.00043,1.00,1.32
2013.07.22 08:40:58.874,1.00039,1.00045,1.50,4.69
2013.07.22 08:40:59.271,1.00039,1.00045,1.50,5.44
2013.07.22 08:41:00.021,1.00038,1.00042,1.25,1.63
2013.07.22 08:41:00.991,1.00036,1.00042,1.32,2.82
2013.07.22 08:41:03.141,1.00036,1.00042,2.07,3.57
2013.07.22 08:41:03.442,1.00034,1.00037,1.63,1.00
2013.07.22 08:41:03.980,1.00032,1.00038,2.44,1.69
2013.07.22 08:41:06.700,1.00032,1.00037,2.07,1.00
2013.07.22 08:41:06.944,1.00032,1.00037,1.25,1.57
2013.07.22 08:41:07.471,1.00029,1.00034,2.44,1.88
2013.07.22 08:41:16.190,1.00029,1.00034,1.13,1.88
2013.07.22 08:41:16.765,1.0003,1.00034,1.00,1.13
2013.07.22 08:41:20.340,1.0003,1.00034,1.19,1.13
2013.07.22 08:41:23.752,1.0003,1.00034,1.25,1.13
2013.07.22 08:41:27.280,1.0003,1.00034,1.19,1.13
2013.07.22 08:41:34.964,1.00032,1.00035,1.57,1.00
2013.07.22 08:41:35.276,1.00036,1.00039,2.44,1.00
2013.07.22 08:41:35.401,1.00037,1.00042,1.32,1.25
2013.07.22 08:41:38.820,1.00037,1.00042,2.07,1.00
2013.07.22 08:41:39.378,1.00039,1.00044,1.25,3.19
2013.07.22 08:41:40.021,1.00039,1.00044,1.00,3.94
2013.07.22 08:41:40.558,1.00037,1.00043,1.32,1.32
2013.07.22 08:41:47.677,1.00037,1.00043,1.32,3.57
2013.07.22 08:41:56.541,1.00039,1.00042,1.50,1.19
2013.07.22 08:42:02.751,1.00039,1.00043,2.63,1.32
2013.07.22 08:42:12.814,1.00039,1.00043,3.19,1.32
2013.07.22 08:42:13.171,1.0004,1.00044,1.88,1.19
2013.07.22 08:42:13.561,1.0004,1.00044,1.50,1.57
2013.07.22 08:42:16.865,1.0004,1.00044,1.63,1.25
2013.07.22 08:42:17.411,1.0004,1.00044,1.38,1.19
2013.07.22 08:42:17.652,1.0004,1.00044,1.50,1.32
2013.07.22 08:42:17.880,1.0004,1.00045,1.57,1.32
2013.07.22 08:42:20.980,1.00041,1.00046,3.42,1.69
2013.07.22 08:42:21.581,1.00042,1.00047,2.07,1.69
2013.07.22 08:42:27.331,1.00042,1.00047,2.82,1.69
2013.07.22 08:42:27.571,1.00044,1.00048,2.07,1.00
2013.07.22 08:42:28.760,1.00044,1.00048,1.32,1.13
2013.07.22 08:42:41.891,1.00044,1.00048,1.57,1.00
2013.07.22 08:42:42.431,1.00044,1.00048,1.57,1.00
2013.07.22 08:42:42.971,1.00044,1.00048,1.32,1.32
2013.07.22 08:42:45.161,1.00045,1.00048,1.38,2.44
2013.07.22 08:42:45.701,1.00045,1.00049,1.63,1.88
2013.07.22 08:42:46.043,1.00045,1.00051,1.69,3.38
2013.07.22 08:42:46.291,1.00049,1.00054,2.44,2.82
2013.07.22 08:42:46.751,1.00049,1.00051,2.44,1.00
2013.07.22 08:42:47.510,1.00049,1.00052,2.44,1.00
2013.07.22 08:42:48.393,1.00049,1.00054,2.44,2.82
2013.07.22 08:43:01.830,1.00049,1.00052,1.69,1.00
2013.07.22 08:43:08.884,1.00049,1.00052,1.50,1.25
2013.07.22 08:43:09.446,1.00049,1.00052,1.50,1.19
2013.07.22 08:43:19.894,1.00051,1.00052,1.50,1.00
2013.07.22 08:43:19.953,1.00051,1.00054,1.50,1.25
2013.07.22 08:43:20.851,1.00051,1.00054,2.85,1.25
2013.07.22 08:43:21.390,1.00051,1.00054,1.00,1.32
2013.07.22 08:43:21.930,1.00049,1.00054,3.19,1.32
2013.07.22 08:43:23.741,1.00049,1.00052,3.19,1.00
2013.07.22 08:43:37.320,1.00049,1.00052,1.50,1.19
2013.07.22 08:43:39.270,1.00049,1.00052,1.50,1.00
2013.07.22 08:43:52.671,1.00051,1.00052,1.00,1.25
2013.07.22 08:43:53.215,1.00051,1.00053,1.50,1.00
2013.07.22 08:43:53.764,1.00051,1.00054,1.50,1.25
2013.07.22 08:43:54.123,1.0005,1.00052,3.04,1.00
2013.07.22 08:43:57.720,1.00048,1.00053,5.29,1.25
2013.07.22 08:43:58.251,1.00048,1.00052,5.29,1.00
2013.07.22 08:43:59.563,1.00049,1.00054,1.69,2.07
2013.07.22 08:44:01.131,1.0005,1.00052,1.00,1.00
2013.07.22 08:44:02.881,1.00049,1.00054,1.69,2.07
2013.07.22 08:44:04.231,1.00049,1.00052,1.69,1.00
2013.07.22 08:44:04.781,1.00049,1.00054,1.69,2.07
2013.07.22 08:44:06.163,1.00049,1.00052,1.69,1.00
2013.07.22 08:44:07.871,1.00049,1.00054,1.69,2.07
2013.07.22 08:44:09.133,1.00048,1.00052,4.54,1.00
2013.07.22 08:44:10.931,1.00048,1.00054,4.54,2.07
2013.07.22 08:44:12.241,1.00048,1.00052,4.54,1.00
2013.07.22 08:44:13.431,1.00048,1.0005,3.42,1.00
2013.07.22 08:44:13.971,1.00046,1.00051,1.57,2.44
2013.07.22 08:44:24.658,1.00046,1.0005,1.19,1.00
2013.07.22 08:44:25.340,1.00047,1.00051,1.63,2.44
2013.07.22 08:44:27.391,1.00047,1.00051,1.32,2.44
2013.07.22 08:44:35.380,1.00046,1.0005,1.57,3.23
2013.07.22 08:44:35.692,1.00039,1.00041,1.50,4.38
2013.07.22 08:44:35.811,1.00033,1.0004,1.69,3.05
2013.07.22 08:44:35.871,1.00035,1.00038,1.50,1.13
2013.07.22 08:44:35.991,1.00031,1.00035,1.19,3.00
2013.07.22 08:44:36.052,1.00029,1.00033,1.19,1.00
2013.07.22 08:44:36.355,1.00027,1.00033,1.19,1.00
2013.07.22 08:44:36.424,1.0003,1.00033,3.00,1.00
2013.07.22 08:44:36.841,1.00029,1.00034,1.25,1.69
2013.07.22 08:44:37.391,1.00027,1.00033,1.69,1.50
2013.07.22 08:44:38.311,1.00027,1.00032,1.69,1.00
2013.07.22 08:44:41.720,1.00027,1.00033,1.69,2.25
2013.07.22 08:44:42.261,1.00027,1.00033,1.19,1.69
2013.07.22 08:44:44.661,1.00027,1.0003,1.25,1.00
2013.07.22 08:44:44.781,1.00025,1.00029,1.13,2.25
2013.07.22 08:44:44.842,1.00022,1.00026,2.07,1.00
2013.07.22 08:44:44.961,1.00022,1.00026,1.50,1.25
2013.07.22 08:44:45.021,1.00022,1.00026,1.88,1.25
2013.07.22 08:44:45.321,1.00024,1.0003,2.07,1.69
2013.07.22 08:44:47.245,1.00028,1.0003,2.10,1.25
2013.07.22 08:44:47.431,1.0003,1.00033,1.63,1.00
2013.07.22 08:44:47.551,1.0003,1.00034,2.82,1.25
2013.07.22 08:44:47.731,1.00033,1.00035,1.25,1.00
2013.07.22 08:44:47.792,1.00033,1.00039,1.92,3.57
2013.07.22 08:44:47.851,1.00034,1.00039,1.57,1.50
2013.07.22 08:44:47.911,1.00035,1.00039,1.57,1.50
2013.07.22 08:44:48.151,1.00038,1.00041,1.30,1.25
2013.07.22 08:44:48.882,1.00037,1.00041,1.25,1.32
2013.07.22 08:44:48.946,1.00035,1.00039,1.25,1.25
2013.07.22 08:44:49.252,1.00032,1.00034,1.00,1.88
2013.07.22 08:44:49.611,1.0003,1.00033,1.25,1.00
2013.07.22 08:44:51.071,1.00029,1.00033,2.44,1.50
2013.07.22 08:44:55.631,1.00029,1.00034,1.63,2.82
2013.07.22 08:44:56.295,1.00031,1.00033,1.25,1.50
2013.07.22 08:44:56.423,1.00029,1.00033,1.25,1.69
2013.07.22 08:45:01.591,1.0003,1.00035,1.00,4.32
2013.07.22 08:45:01.652,1.0003,1.00035,1.88,2.44
2013.07.22 08:45:01.848,1.00033,1.00037,1.69,1.50
2013.07.22 08:45:02.104,1.00035,1.00039,1.25,1.00
2013.07.22 08:45:02.641,1.00035,1.0004,1.25,1.25
2013.07.22 08:45:03.202,1.00035,1.00039,1.25,1.00
2013.07.22 08:45:03.861,1.00035,1.0004,1.25,1.69
2013.07.22 08:45:04.401,1.00035,1.0004,1.19,1.69
2013.07.22 08:45:10.390,1.00035,1.0004,1.00,1.19
2013.07.22 08:45:11.181,1.00035,1.0004,1.19,1.69
2013.07.22 08:45:17.910,1.00035,1.0004,1.25,1.25
2013.07.22 08:45:20.022,1.00035,1.0004,1.19,1.50
2013.07.22 08:45:20.621,1.00035,1.00038,1.19,1.88
2013.07.22 08:45:20.861,1.00032,1.00037,1.25,4.17
2013.07.22 08:45:21.041,1.00029,1.00034,1.00,2.07
2013.07.22 08:45:21.678,1.00027,1.00033,1.19,1.19
2013.07.22 08:45:23.850,1.00027,1.00033,1.19,1.25
2013.07.22 08:45:24.451,1.00029,1.00034,1.00,3.57
2013.07.22 08:45:28.062,1.00029,1.00034,1.25,2.82
2013.07.22 08:45:29.041,1.00029,1.00033,1.25,1.00
2013.07.22 08:45:33.201,1.00029,1.00034,1.25,2.07
2013.07.22 08:45:33.906,1.00028,1.00034,1.25,5.38
2013.07.22 08:45:37.871,1.00027,1.00033,1.50,1.25
2013.07.22 08:45:38.431,1.00027,1.00033,1.69,2.44
2013.07.22 08:45:49.221,1.00027,1.00033,1.25,3.19
2013.07.22 08:45:51.591,1.00027,1.00033,1.25,4.32
2013.07.22 08:45:53.301,1.00027,1.00033,1.19,3.57
2013.07.22 08:45:53.661,1.0003,1.00032,1.13,1.00
2013.07.22 08:45:53.841,1.00031,1.00033,1.13,1.32
2013.07.22 08:45:53.962,1.00029,1.00034,1.00,3.19
2013.07.22 08:45:54.481,1.00028,1.00034,1.25,4.69
2013.07.22 08:45:57.181,1.00026,1.00032,2.07,1.19
2013.07.22 08:46:03.202,1.00027,1.00032,1.19,1.25
2013.07.22 08:46:03.951,1.00029,1.00033,2.10,1.32
2013.07.22 08:46:04.011,1.00029,1.00033,3.42,1.13
2013.07.22 08:46:11.431,1.0003,1.00034,2.44,1.63
2013.07.22 08:46:12.311,1.00028,1.00032,2.07,1.00
2013.07.22 08:46:12.371,1.00028,1.00032,1.25,1.32
2013.07.22 08:46:13.361,1.00027,1.00031,1.69,1.00
2013.07.22 08:46:15.812,1.00026,1.00032,4.32,2.07
2013.07.22 08:46:32.211,1.00029,1.00034,1.13,2.82
2013.07.22 08:46:32.331,1.00031,1.00033,1.00,1.32
2013.07.22 08:46:32.872,1.00032,1.00033,1.00,1.00
2013.07.22 08:46:33.831,1.00032,1.00035,1.00,1.63
2013.07.22 08:46:34.371,1.00031,1.00035,1.25,1.63
2013.07.22 08:46:49.272,1.0003,1.00035,3.19,1.63
2013.07.22 08:46:50.491,1.00032,1.00035,1.00,1.32
2013.07.22 08:46:50.852,1.00037,1.00041,1.13,2.07
2013.07.22 08:46:51.032,1.00038,1.00042,2.07,1.32
2013.07.22 08:46:51.571,1.00038,1.00043,2.82,2.07
2013.07.22 08:46:52.086,1.00038,1.00042,2.07,1.00
2013.07.22 08:46:52.701,1.00038,1.00041,2.07,1.00
2013.07.22 08:46:53.203,1.00038,1.00042,2.07,1.50
2013.07.22 08:47:02.410,1.00038,1.00043,1.69,1.32
2013.07.22 08:47:03.401,1.00038,1.00042,2.44,1.00
2013.07.22 08:47:03.581,1.00041,1.00042,1.00,1.00
2013.07.22 08:47:03.761,1.00042,1.00045,1.25,1.00
2013.07.22 08:47:04.301,1.00042,1.00046,1.69,1.00
2013.07.22 08:47:05.202,1.00042,1.00044,1.19,1.88
2013.07.22 08:47:05.322,1.0004,1.00042,1.00,1.25
2013.07.22 08:47:05.441,1.00036,1.00041,1.69,1.35
2013.07.22 08:47:05.501,1.00036,1.0004,1.69,1.38
2013.07.22 08:47:05.742,1.00031,1.00034,1.69,1.35
2013.07.22 08:47:05.991,1.00029,1.00033,1.69,1.38
2013.07.22 08:47:06.531,1.00027,1.00033,1.69,4.17
2013.07.22 08:47:08.111,1.00027,1.0003,1.69,1.00
2013.07.22 08:47:08.631,1.00027,1.00031,1.69,1.00
2013.07.22 08:47:09.181,1.00027,1.00033,1.69,4.17
2013.07.22 08:47:10.091,1.00027,1.00031,1.69,1.00
2013.07.22 08:47:10.891,1.00027,1.00031,1.19,1.00
2013.07.22 08:47:11.255,1.0003,1.00032,1.00,2.50
2013.07.22 08:47:11.322,1.0003,1.00033,1.00,1.25
2013.07.22 08:47:11.862,1.00028,1.00032,1.00,1.92
2013.07.22 08:47:12.401,1.00027,1.00032,1.25,1.92
2013.07.22 08:47:13.891,1.00027,1.00032,1.69,1.92
2013.07.22 08:47:14.430,1.00027,1.00031,1.69,1.00
2013.07.22 08:47:15.472,1.00029,1.00031,1.00,1.00
2013.07.22 08:47:16.013,1.00029,1.00032,1.00,1.92
2013.07.22 08:47:16.531,1.00029,1.00031,1.00,1.00
2013.07.22 08:47:20.259,1.00029,1.00032,1.00,1.92
2013.07.22 08:47:21.302,1.0003,1.00033,1.19,1.00
2013.07.22 08:47:21.603,1.00036,1.00038,1.92,1.50
2013.07.22 08:47:21.664,1.00037,1.0004,1.25,1.00
2013.07.22 08:47:21.723,1.00037,1.00043,1.19,1.32
2013.07.22 08:47:22.261,1.00037,1.00043,1.19,1.57
2013.07.22 08:47:22.801,1.00037,1.00042,1.19,1.92
2013.07.22 08:47:24.191,1.00037,1.00039,1.19,1.00
2013.07.22 08:47:25.822,1.00037,1.00042,1.19,2.67
2013.07.22 08:47:26.141,1.00039,1.00044,2.07,2.82
2013.07.22 08:47:26.686,1.00039,1.00043,1.32,1.25
2013.07.22 08:47:27.231,1.00039,1.00041,1.32,1.00
2013.07.22 08:47:28.377,1.00038,1.00043,1.57,1.25
2013.07.22 08:47:28.622,1.00041,1.00044,1.69,1.13
2013.07.22 08:47:28.801,1.00043,1.00048,1.25,1.32
2013.07.22 08:47:29.341,1.00041,1.00047,1.19,2.44
2013.07.22 08:47:31.581,1.0004,1.00045,1.19,1.00
2013.07.22 08:47:32.731,1.00039,1.00045,3.79,1.25
2013.07.22 08:47:37.231,1.00039,1.00045,3.79,1.63
2013.07.22 08:47:42.261,1.00039,1.00045,2.29,1.57
2013.07.22 08:47:48.461,1.00039,1.00045,3.42,1.57
2013.07.22 08:47:49.001,1.00042,1.00045,1.00,1.32
2013.07.22 08:47:49.541,1.00039,1.00045,3.19,1.63
2013.07.22 08:47:50.087,1.00039,1.00043,1.69,1.00
2013.07.22 08:48:01.812,1.00039,1.00043,1.25,1.25
2013.07.22 08:48:07.222,1.00039,1.00042,1.25,1.35
2013.07.22 08:48:07.343,1.00036,1.00038,2.25,2.80
2013.07.22 08:48:07.463,1.00035,1.00037,2.50,1.25
2013.07.22 08:48:07.522,1.00033,1.00034,2.44,1.00
2013.07.22 08:48:07.702,1.00029,1.00034,2.44,1.88
2013.07.22 08:48:10.981,1.00031,1.00034,1.69,1.50
2013.07.22 08:48:11.101,1.00034,1.00035,1.00,1.00
2013.07.22 08:48:11.161,1.00034,1.00037,1.19,1.00
2013.07.22 08:48:11.712,1.00034,1.00038,1.69,1.50
2013.07.22 08:48:12.569,1.00034,1.00039,1.19,2.44
2013.07.22 08:48:15.621,1.00034,1.00039,2.44,1.00
2013.07.22 08:48:22.771,1.00034,1.00038,2.44,1.00
2013.07.22 08:48:25.191,1.00034,1.00038,1.50,1.00
2013.07.22 08:48:25.761,1.00034,1.00038,3.57,1.00
2013.07.22 08:48:25.942,1.00036,1.0004,3.42,1.25
2013.07.22 08:48:26.001,1.00038,1.0004,1.00,1.00
2013.07.22 08:48:26.121,1.00038,1.00042,1.19,1.50
2013.07.22 08:48:26.681,1.00038,1.00043,1.19,1.32
2013.07.22 08:48:35.141,1.00037,1.00043,2.44,1.32
2013.07.22 08:48:42.441,1.00037,1.00041,1.25,1.00
2013.07.22 08:48:42.975,1.00037,1.00041,1.69,1.00
2013.07.22 08:48:43.652,1.00036,1.00039,1.88,1.00
2013.07.22 08:48:43.714,1.00034,1.00037,2.07,1.88
2013.07.22 08:48:43.774,1.00031,1.00035,1.69,3.23
2013.07.22 08:48:43.956,1.00029,1.00032,1.25,1.35
2013.07.22 08:48:50.563,1.00027,1.00031,1.69,1.00
2013.07.22 08:48:53.214,1.00027,1.00031,1.69,1.00
2013.07.22 08:48:53.733,1.00027,1.00033,1.19,1.19
2013.07.22 08:49:04.461,1.00028,1.00032,1.00,1.19
2013.07.22 08:49:06.161,1.00027,1.00032,1.25,1.19
2013.07.22 08:49:09.371,1.00027,1.00032,1.69,1.00
2013.07.22 08:49:09.911,1.00028,1.00034,1.19,2.44
2013.07.22 08:49:13.582,1.00028,1.00032,1.19,1.00
2013.07.22 08:49:14.733,1.00028,1.00032,1.25,1.25
2013.07.22 08:49:24.241,1.00027,1.00032,1.25,1.25
2013.07.22 08:49:24.791,1.00027,1.00032,1.19,1.25
2013.07.22 08:49:25.331,1.00028,1.00034,2.44,2.07
2013.07.22 08:49:35.271,1.00032,1.00034,1.50,2.07
2013.07.22 08:49:35.573,1.00037,1.00042,1.69,2.29
2013.07.22 08:49:36.112,1.00038,1.00042,1.19,1.00
2013.07.22 08:49:36.651,1.00038,1.00043,1.19,1.32
2013.07.22 08:49:50.622,1.00037,1.00043,2.44,1.32
2013.07.22 08:49:53.092,1.00038,1.00043,1.19,1.32
2013.07.22 08:49:53.631,1.00037,1.00043,2.44,1.32
2013.07.22 08:49:56.591,1.00037,1.00043,1.69,1.32
2013.07.22 08:49:57.192,1.00037,1.00042,1.69,1.00
2013.07.22 08:49:58.844,1.00037,1.00043,1.69,1.32
2013.07.22 08:50:00.213,1.00037,1.00042,1.69,1.00
2013.07.22 08:50:00.803,1.00037,1.00042,2.44,1.00
2013.07.22 08:50:01.831,1.00038,1.00043,1.19,1.88
2013.07.22 08:50:03.182,1.00038,1.00042,1.19,1.00
2013.07.22 08:50:04.911,1.00038,1.00043,1.19,2.07
2013.07.22 08:50:06.101,1.00038,1.00042,1.19,1.00
2013.07.22 08:50:07.917,1.00038,1.00043,1.19,2.07
2013.07.22 08:50:09.122,1.00038,1.00042,1.19,1.00
2013.07.22 08:50:10.830,1.00038,1.00043,1.19,2.07
2013.07.22 08:50:12.052,1.00038,1.00042,1.19,1.00
2013.07.22 08:50:12.601,1.00038,1.00043,2.67,2.07
2013.07.22 08:50:14.171,1.00038,1.00043,5.29,1.13
2013.07.22 08:50:14.531,1.0004,1.00045,1.19,2.82
2013.07.22 08:50:15.223,1.00039,1.00044,2.82,1.00
2013.07.22 08:50:16.769,1.00039,1.00045,2.82,2.82
2013.07.22 08:50:17.193,1.00042,1.00045,1.19,1.50
2013.07.22 08:50:17.731,1.00044,1.00046,1.25,1.00
2013.07.22 08:50:18.511,1.00044,1.00049,2.44,1.25
2013.07.22 08:50:18.691,1.00044,1.00048,2.44,1.00
2013.07.22 08:50:21.831,1.00044,1.00048,2.44,1.00
2013.07.22 08:50:22.393,1.00044,1.00048,1.19,1.13
2013.07.22 08:50:22.642,1.00044,1.00048,1.19,3.60
2013.07.22 08:50:23.150,1.00044,1.00046,1.00,1.00
2013.07.22 08:50:25.102,1.00044,1.00046,1.19,1.13
2013.07.22 08:50:29.741,1.00044,1.00048,1.19,1.13
2013.07.22 08:50:30.282,1.00044,1.00046,1.19,1.13
2013.07.22 08:50:30.642,1.00042,1.00046,1.25,1.69
2013.07.22 08:50:30.702,1.0004,1.00046,2.44,2.44
2013.07.22 08:50:31.781,1.0004,1.00046,3.57,1.69
2013.07.22 08:50:32.322,1.00042,1.00046,1.69,1.00
2013.07.22 08:50:41.561,1.00042,1.00046,1.25,1.00
2013.07.22 08:50:44.692,1.00042,1.00046,1.69,1.00
2013.07.22 08:50:44.874,1.00043,1.00048,1.19,3.94
2013.07.22 08:50:46.659,1.00044,1.00048,1.69,1.13
2013.07.22 08:50:50.961,1.00046,1.00048,1.13,1.00
2013.07.22 08:50:51.321,1.00048,1.0005,3.50,1.00
2013.07.22 08:50:51.441,1.00049,1.00054,1.69,2.82
2013.07.22 08:50:52.042,1.00048,1.0005,1.25,1.00
2013.07.22 08:50:52.162,1.00048,1.00051,1.69,1.00
2013.07.22 08:50:52.701,1.00048,1.00053,1.25,1.19
2013.07.22 08:50:55.301,1.00048,1.00053,1.19,1.25
2013.07.22 08:51:00.163,1.00049,1.00052,2.82,1.00
2013.07.22 08:51:01.124,1.00049,1.00052,3.57,1.00
2013.07.22 08:51:01.792,1.00052,1.00053,1.50,1.00
2013.07.22 08:51:02.151,1.00057,1.00059,1.25,3.75
2013.07.22 08:51:02.542,1.00057,1.0006,1.25,1.00
2013.07.22 08:51:03.081,1.00057,1.00061,1.69,1.25
2013.07.22 08:51:06.962,1.00056,1.00061,1.32,3.50
2013.07.22 08:51:07.883,1.00055,1.00059,1.19,3.25
2013.07.22 08:51:07.944,1.00054,1.00059,1.25,3.88
2013.07.22 08:51:08.183,1.00054,1.00058,1.00,3.68
2013.07.22 08:51:08.365,1.00051,1.00057,1.19,4.86
2013.07.22 08:51:09.504,1.0005,1.00056,1.69,2.44
2013.07.22 08:51:09.862,1.00052,1.00056,3.94,1.50
2013.07.22 08:51:10.042,1.00054,1.0006,6.07,2.07
2013.07.22 08:51:10.581,1.00054,1.0006,6.45,1.69
2013.07.22 08:51:11.199,1.00054,1.00059,6.45,1.00
2013.07.22 08:51:11.752,1.00054,1.0006,8.67,1.25
2013.07.22 08:51:12.291,1.00055,1.00061,6.79,1.25
2013.07.22 08:51:12.885,1.00056,1.00062,4.95,1.69
2013.07.22 08:51:13.421,1.00056,1.00061,5.70,1.00
2013.07.22 08:51:14.162,1.00057,1.00061,1.19,1.00
2013.07.22 08:51:15.926,1.00057,1.00063,1.19,2.82
2013.07.22 08:51:16.435,1.00057,1.00061,1.19,1.00
2013.07.22 08:51:17.241,1.00057,1.00062,1.19,1.32
2013.07.22 08:51:20.752,1.00059,1.00062,1.00,1.32
2013.07.22 08:51:20.874,1.00059,1.00062,1.13,1.63
2013.07.22 08:51:21.783,1.00056,1.00061,2.07,1.38
2013.07.22 08:51:23.161,1.00055,1.00061,3.57,2.07
2013.07.22 08:51:23.706,1.00057,1.00061,2.44,1.38
2013.07.22 08:51:26.062,1.00057,1.00061,1.57,1.00
2013.07.22 08:51:26.603,1.00057,1.00061,3.57,1.13
2013.07.22 08:51:31.081,1.00057,1.00062,1.32,2.29
2013.07.22 08:51:38.411,1.00057,1.00062,3.04,1.63
2013.07.22 08:51:38.712,1.00059,1.00064,4.69,2.07
2013.07.22 08:51:39.245,1.00059,1.00069,2.44,2.07
2013.07.22 08:51:41.793,1.0006,1.00065,1.32,2.07
2013.07.22 08:51:43.241,1.00059,1.00063,2.07,1.38
2013.07.22 08:51:43.661,1.00062,1.00065,1.00,2.82
2013.07.22 08:51:43.722,1.00062,1.00064,1.00,1.32
2013.07.22 08:51:44.701,1.00062,1.0007,1.00,3.57
2013.07.22 08:51:48.431,1.00062,1.00067,1.32,1.57
2013.07.22 08:51:49.059,1.00062,1.00066,1.25,1.63
2013.07.22 08:51:53.631,1.00062,1.00066,1.00,1.57
2013.07.22 08:51:53.752,1.00059,1.00064,1.32,1.00
2013.07.22 08:51:54.343,1.00059,1.00065,1.19,2.44
2013.07.22 08:52:06.063,1.00059,1.00065,2.44,3.19
2013.07.22 08:52:06.683,1.0006,1.00064,1.00,1.00
2013.07.22 08:52:21.181,1.00059,1.00065,2.82,2.82
2013.07.22 08:52:21.722,1.00059,1.00065,2.82,2.82
2013.07.22 08:52:26.042,1.0006,1.00065,1.32,2.82
2013.07.22 08:52:26.754,1.0006,1.00065,1.32,2.82
2013.07.22 08:52:27.293,1.0006,1.00065,1.63,1.19
2013.07.22 08:52:27.832,1.0006,1.00065,1.25,1.57
2013.07.22 08:52:36.205,1.0006,1.00064,1.63,1.25
2013.07.22 08:52:54.565,1.00059,1.00064,2.44,1.63
2013.07.22 08:52:55.101,1.00059,1.00064,2.44,1.32
2013.07.22 08:52:57.313,1.00059,1.00065,2.44,3.19
2013.07.22 08:52:57.374,1.0006,1.00065,2.85,2.82
2013.07.22 08:52:57.492,1.00061,1.00065,2.82,1.69
2013.07.22 08:52:57.553,1.00062,1.00067,1.69,1.50
2013.07.22 08:52:57.625,1.00063,1.00067,1.00,2.07
2013.07.22 08:52:57.742,1.00062,1.00066,1.25,2.07
2013.07.22 08:52:58.283,1.0006,1.00065,1.69,1.38
2013.07.22 08:53:06.281,1.0006,1.00064,1.25,1.63
2013.07.22 08:53:12.866,1.00058,1.00063,2.07,1.38
2013.07.22 08:53:13.411,1.00057,1.00062,3.57,1.00
2013.07.22 08:53:14.486,1.00057,1.00059,1.00,1.00
2013.07.22 08:53:14.793,1.00052,1.00054,3.25,1.13
2013.07.22 08:53:15.035,1.0005,1.00053,1.00,1.32
2013.07.22 08:53:15.452,1.00046,1.00052,4.69,1.25
2013.07.22 08:53:16.592,1.00047,1.00052,1.32,1.00
2013.07.22 08:53:17.132,1.00048,1.00053,1.19,1.32
2013.07.22 08:53:18.141,1.00048,1.00052,1.69,1.00
2013.07.22 08:53:20.022,1.00048,1.00053,1.69,1.25
2013.07.22 08:53:21.243,1.00048,1.00052,1.69,1.00
2013.07.22 08:53:21.632,1.00048,1.00052,2.07,1.00
2013.07.22 08:53:22.172,1.00051,1.00054,1.13,1.19
2013.07.22 08:53:22.591,1.00051,1.00056,1.69,2.44
2013.07.22 08:53:23.131,1.00049,1.00054,1.69,1.88
2013.07.22 08:53:24.283,1.00048,1.00053,2.44,1.00
2013.07.22 08:53:24.763,1.00051,1.00056,1.92,2.07
2013.07.22 08:53:25.122,1.00057,1.00062,3.79,1.69
2013.07.22 08:53:25.425,1.00061,1.00065,1.00,2.07
2013.07.22 08:53:26.233,1.00061,1.00065,3.60,1.19
2013.07.22 08:53:26.778,1.00061,1.00066,4.54,1.19
2013.07.22 08:53:32.012,1.00059,1.00064,1.32,1.19
2013.07.22 08:53:32.132,1.00059,1.00064,1.69,1.57
2013.07.22 08:53:34.001,1.00061,1.00065,1.00,4.32
2013.07.22 08:53:34.122,1.00061,1.00065,1.32,3.57
2013.07.22 08:53:34.242,1.00061,1.00065,1.25,2.82
2013.07.22 08:53:34.482,1.00061,1.00065,1.69,2.07
2013.07.22 08:53:34.902,1.00061,1.00064,1.25,1.73
2013.07.22 08:53:35.022,1.00059,1.00064,1.00,4.17
2013.07.22 08:53:35.561,1.00057,1.00062,1.57,2.29
2013.07.22 08:53:36.723,1.00058,1.00063,2.44,1.57
2013.07.22 08:53:36.783,1.00059,1.00063,1.50,1.19
2013.07.22 08:53:36.842,1.0006,1.00064,1.63,1.32
2013.07.22 08:53:37.282,1.0006,1.00062,1.63,1.00
2013.07.22 08:53:37.522,1.00057,1.00062,2.07,1.57
2013.07.22 08:53:37.642,1.00057,1.00061,1.63,1.25
2013.07.22 08:53:38.121,1.00056,1.00061,1.63,1.69
2013.07.22 08:53:38.242,1.00055,1.00058,1.25,1.88
2013.07.22 08:53:38.422,1.00053,1.00058,1.25,2.07
2013.07.22 08:53:38.662,1.00051,1.00056,1.19,1.63
2013.07.22 08:53:39.922,1.00051,1.00054,1.25,1.50
2013.07.22 08:53:41.523,1.00051,1.00054,1.19,1.50
2013.07.22 08:53:42.013,1.00054,1.00058,3.25,1.17
2013.07.22 08:53:42.434,1.00055,1.00059,1.25,3.04
2013.07.22 08:53:42.554,1.00055,1.00057,1.25,1.50
2013.07.22 08:53:44.962,1.00054,1.00056,2.25,1.50
2013.07.22 08:53:46.182,1.00055,1.00061,1.19,1.88
2013.07.22 08:53:46.302,1.00057,1.00058,1.00,1.50
2013.07.22 08:53:48.832,1.00057,1.00059,1.25,1.50
2013.07.22 08:53:50.472,1.00057,1.0006,1.25,1.00
2013.07.22 08:53:52.782,1.00057,1.00062,1.25,1.50
2013.07.22 08:53:53.323,1.00057,1.00062,1.19,1.50
2013.07.22 08:53:56.603,1.00057,1.00062,1.25,2.07
2013.07.22 08:53:59.906,1.00057,1.00062,1.19,1.88
2013.07.22 08:54:00.943,1.00057,1.00062,1.25,2.63
2013.07.22 08:54:06.222,1.00057,1.00061,1.00,1.00
2013.07.22 08:54:06.523,1.00056,1.0006,1.00,1.69
2013.07.22 08:54:06.882,1.00054,1.00055,1.00,1.32
2013.07.22 08:54:06.942,1.00051,1.00054,1.69,1.00
2013.07.22 08:54:08.714,1.00048,1.00053,1.00,1.38
2013.07.22 08:54:09.073,1.00043,1.00047,2.44,2.44
2013.07.22 08:54:09.136,1.00041,1.00046,2.82,2.07
2013.07.22 08:54:09.204,1.00041,1.00044,1.69,1.30
2013.07.22 08:54:09.324,1.0004,1.00044,1.25,1.43
2013.07.22 08:54:09.862,1.00039,1.00042,1.25,1.00
2013.07.22 08:54:10.405,1.00038,1.00044,1.19,1.32
2013.07.22 08:54:11.682,1.00039,1.00044,1.19,1.13
2013.07.22 08:54:11.982,1.00041,1.00047,1.19,1.69
2013.07.22 08:54:15.002,1.00042,1.00047,1.19,1.69
2013.07.22 08:54:15.311,1.00047,1.0005,2.69,1.35
2013.07.22 08:54:15.432,1.00049,1.00053,1.25,2.44
2013.07.22 08:54:26.982,1.00049,1.00054,2.44,1.69
2013.07.22 08:54:27.523,1.0005,1.00055,1.69,2.63
2013.07.22 08:54:39.143,1.00051,1.00055,1.19,1.38
2013.07.22 08:54:43.782,1.0005,1.00056,2.25,2.07
2013.07.22 08:54:44.419,1.0005,1.00056,2.25,2.07
2013.07.22 08:54:44.662,1.00054,1.00057,1.13,2.25
2013.07.22 08:54:44.843,1.00055,1.00058,2.82,1.00
2013.07.22 08:54:45.082,1.00056,1.00061,1.88,1.19
2013.07.22 08:54:50.462,1.00057,1.00062,1.00,1.69
2013.07.22 08:54:55.654,1.00057,1.00062,1.25,1.69
2013.07.22 08:54:57.025,1.00057,1.00062,1.25,1.69
2013.07.22 08:55:11.432,1.00057,1.00061,2.82,1.00
2013.07.22 08:55:11.952,1.00057,1.00063,3.57,2.07
2013.07.22 08:55:18.604,1.00058,1.00063,1.00,1.88
2013.07.22 08:55:29.035,1.00058,1.00063,1.00,2.07
2013.07.22 08:55:32.291,1.00058,1.00062,1.00,1.19
2013.07.22 08:55:40.162,1.00059,1.00062,1.00,1.19
2013.07.22 08:55:40.711,1.00058,1.00062,1.00,1.19
2013.07.22 08:55:41.262,1.00059,1.00062,1.00,1.19
2013.07.22 08:55:42.081,1.00059,1.00062,1.00,1.25
2013.07.22 08:55:42.809,1.00058,1.00062,1.00,1.25
2013.07.22 08:55:44.127,1.00059,1.00062,1.00,1.25
2013.07.22 08:55:45.648,1.00059,1.00061,1.00,1.00
2013.07.22 08:55:45.832,1.00056,1.00061,2.44,1.19
2013.07.22 08:55:46.372,1.00055,1.0006,1.19,1.25
2013.07.22 08:55:47.182,1.00057,1.0006,1.00,1.25
2013.07.22 08:55:47.723,1.00057,1.00063,1.69,3.57
2013.07.22 08:55:49.042,1.00058,1.00063,1.00,3.57
2013.07.22 08:55:50.442,1.00058,1.00063,1.69,2.07
2013.07.22 08:55:57.233,1.00058,1.00063,1.00,2.07
2013.07.22 08:56:01.843,1.00058,1.0006,1.00,1.00
2013.07.22 08:56:02.381,1.00055,1.00059,1.69,1.13
2013.07.22 08:56:03.772,1.00055,1.00059,1.69,3.23
2013.07.22 08:56:03.832,1.00055,1.00058,1.00,1.43
2013.07.22 08:56:04.132,1.00053,1.00057,1.25,2.44
2013.07.22 08:56:04.672,1.00053,1.00057,1.00,2.07
2013.07.22 08:56:05.922,1.00053,1.00057,1.00,2.07
2013.07.22 08:56:09.112,1.00051,1.00055,1.19,1.00
2013.07.22 08:56:09.292,1.00051,1.00056,1.25,2.44
2013.07.22 08:56:09.712,1.00048,1.00052,1.19,1.50
2013.07.22 08:56:12.067,1.0005,1.00052,1.00,1.50
2013.07.22 08:56:12.621,1.00047,1.00052,4.69,1.50
2013.07.22 08:56:14.053,1.00048,1.00053,1.19,3.23
2013.07.22 08:56:14.232,1.00049,1.00054,2.44,1.69
2013.07.22 08:56:15.252,1.00052,1.00054,1.00,1.69
2013.07.22 08:56:16.812,1.00049,1.00054,3.19,1.69
2013.07.22 08:56:18.117,1.00052,1.00054,1.00,1.69
2013.07.22 08:56:18.557,1.00049,1.00054,5.07,1.69
2013.07.22 08:56:47.812,1.00053,1.00055,1.00,1.69
2013.07.22 08:56:48.052,1.00053,1.00058,1.50,2.07
2013.07.22 08:56:48.292,1.00053,1.00058,3.19,1.00
2013.07.22 08:56:48.832,1.00054,1.0006,1.19,6.04
2013.07.22 08:56:51.087,1.00054,1.0006,1.19,4.54
2013.07.22 08:56:51.642,1.00054,1.0006,1.00,6.79
2013.07.22 08:56:52.352,1.00052,1.00057,2.44,3.79
2013.07.22 08:56:52.852,1.00052,1.00054,1.69,1.00
2013.07.22 08:56:52.972,1.00049,1.00054,3.94,1.00
2013.07.22 08:56:57.972,1.0005,1.00055,1.19,2.44
2013.07.22 08:57:02.122,1.00053,1.00055,1.00,1.25
2013.07.22 08:57:02.182,1.00053,1.00055,1.00,1.32
2013.07.22 08:57:05.572,1.00053,1.00057,1.00,2.07
2013.07.22 08:57:05.632,1.0005,1.00053,3.00,3.60
2013.07.22 08:57:05.752,1.00049,1.00051,1.50,1.50
2013.07.22 08:57:05.812,1.00047,1.00051,1.25,1.69
2013.07.22 08:57:08.552,1.00045,1.0005,2.44,3.60
2013.07.22 08:57:08.852,1.00045,1.00048,1.00,1.17
2013.07.22 08:57:08.972,1.00042,1.00046,1.69,1.32
2013.07.22 08:57:09.212,1.00042,1.00046,1.25,1.63
2013.07.22 08:57:12.542,1.00042,1.00046,1.25,1.63
2013.07.22 08:57:14.963,1.00042,1.00046,1.32,1.32
2013.07.22 08:57:23.232,1.00043,1.00046,1.00,1.32
2013.07.22 08:57:23.737,1.00043,1.00046,1.00,1.63
2013.07.22 08:57:26.183,1.00043,1.00046,1.00,1.63
2013.07.22 08:57:26.722,1.00042,1.00046,1.00,1.57
2013.07.22 08:57:42.849,1.0004,1.00044,1.69,1.50
2013.07.22 08:57:43.402,1.0004,1.00044,1.00,1.32
2013.07.22 08:57:44.543,1.0004,1.00044,1.25,1.32
2013.07.22 08:57:46.502,1.00038,1.00044,3.94,2.44
2013.07.22 08:57:46.803,1.00035,1.00038,1.00,2.07
2013.07.22 08:57:47.162,1.00032,1.00034,1.25,1.50
2013.07.22 08:57:47.702,1.00031,1.00034,1.19,1.13
2013.07.22 08:57:48.963,1.00031,1.00036,1.19,2.07
2013.07.22 08:57:49.322,1.00034,1.00038,2.44,1.13
2013.07.22 08:57:49.562,1.00037,1.00041,1.00,1.25
2013.07.22 08:57:50.112,1.00037,1.00041,1.00,2.44
2013.07.22 08:57:50.492,1.00036,1.00039,1.00,1.32
2013.07.22 08:57:50.673,1.00034,1.00039,1.25,3.19
2013.07.22 08:57:53.926,1.00034,1.00037,2.44,1.00
2013.07.22 08:57:54.292,1.00032,1.00036,2.44,1.38
2013.07.22 08:57:58.602,1.00032,1.00036,2.44,2.25
2013.07.22 08:57:59.313,1.00032,1.00034,1.25,1.13
2013.07.22 08:58:02.572,1.00032,1.00034,1.25,1.50
2013.07.22 08:58:03.102,1.0003,1.00034,3.19,1.50
2013.07.22 08:58:08.619,1.0003,1.00034,1.69,1.69
2013.07.22 08:58:09.433,1.0003,1.00034,2.44,1.50
2013.07.22 08:58:09.969,1.0003,1.00034,3.19,1.13
2013.07.22 08:58:10.472,1.00032,1.00036,1.25,1.63
2013.07.22 08:58:12.222,1.00032,1.00038,3.19,2.82
2013.07.22 08:58:12.582,1.00039,1.00042,1.00,1.19
2013.07.22 08:58:12.642,1.0004,1.00043,1.00,1.32
2013.07.22 08:58:16.092,1.0004,1.00042,1.00,1.00
2013.07.22 08:58:24.064,1.00037,1.0004,2.44,1.00
2013.07.22 08:58:24.368,1.00036,1.00038,1.00,2.48
2013.07.22 08:58:24.433,1.00036,1.00039,1.25,1.88
2013.07.22 08:58:24.972,1.00037,1.00041,1.00,1.32
2013.07.22 08:58:26.078,1.00037,1.00041,1.25,1.32
2013.07.22 08:58:26.802,1.00039,1.00041,1.00,1.13
2013.07.22 08:58:27.103,1.0004,1.00045,2.07,1.63
2013.07.22 08:58:37.512,1.00039,1.00044,4.54,1.63
2013.07.22 08:58:44.612,1.00039,1.00044,2.44,1.63
2013.07.22 08:58:45.152,1.00039,1.00044,1.25,1.69
2013.07.22 08:58:55.192,1.00038,1.00043,1.25,1.57
2013.07.22 08:58:57.663,1.00038,1.00043,1.25,2.07
2013.07.22 08:58:58.023,1.00032,1.00034,1.00,2.25
2013.07.22 08:58:58.142,1.00029,1.00033,2.44,1.13
2013.07.22 08:58:58.683,1.00029,1.00033,2.44,1.25
2013.07.22 08:59:03.472,1.00029,1.00033,2.44,1.00
2013.07.22 08:59:18.142,1.00029,1.00033,1.25,1.32
2013.07.22 08:59:26.729,1.00029,1.00033,1.00,1.69
2013.07.22 08:59:26.913,1.00027,1.0003,1.69,1.00
2013.07.22 08:59:27.153,1.00017,1.00021,3.00,1.00
2013.07.22 08:59:27.213,1.00017,1.00019,2.25,1.00
2013.07.22 08:59:29.392,1.00015,1.00019,1.69,1.13
2013.07.22 08:59:30.316,1.00015,1.00019,1.69,1.38
2013.07.22 08:59:30.623,1.00012,1.00016,1.69,3.19
2013.07.22 08:59:30.683,1.00011,1.00015,1.69,4.20
2013.07.22 08:59:31.206,1.00008,1.00015,2.44,7.54
2013.07.22 08:59:33.395,1.00011,1.00014,1.13,2.07
2013.07.22 08:59:33.934,1.00008,1.00013,2.25,4.23
2013.07.22 08:59:33.995,1.00008,1.00013,1.69,3.67
2013.07.22 08:59:34.053,1.0001,1.00013,1.00,4.11
2013.07.22 08:59:34.113,1.0001,1.00013,1.00,1.32
2013.07.22 08:59:34.173,1.00008,1.00013,1.69,3.82
2013.07.22 08:59:34.353,1.0001,1.00014,1.00,2.07
2013.07.22 08:59:34.914,1.00008,1.00014,3.94,1.69
2013.07.22 08:59:38.682,1.00008,1.00014,1.69,1.69
2013.07.22 08:59:40.744,1.00008,1.00014,1.92,1.57
2013.07.22 08:59:43.214,1.00009,1.00014,1.19,1.63
2013.07.22 08:59:50.352,1.00011,1.00016,1.50,3.19
2013.07.22 08:59:50.412,1.00012,1.00016,1.57,1.38
2013.07.22 08:59:50.472,1.00014,1.00019,1.22,3.57
2013.07.22 08:59:50.533,1.00014,1.00019,2.15,1.88
2013.07.22 08:59:50.592,1.00016,1.00019,1.25,1.13
2013.07.22 08:59:54.332,1.00016,1.00021,1.69,1.69
2013.07.22 08:59:54.454,1.00016,1.00021,1.69,1.19
2013.07.22 08:59:54.513,1.00019,1.00021,1.00,1.19
2013.07.22 08:59:54.634,1.00019,1.00022,1.32,1.00
2013.07.22 08:59:55.172,1.00019,1.00024,1.32,1.57
