2015.09.07 07:00:00.266,1.19279,1.19283,1.00,3.37
2015.09.07 07:00:00.739,1.19277,1.19283,1.87,2.62
2015.09.07 07:00:01.522,1.19278,1.19283,1.00,2.62
2015.09.07 07:00:01.777,1.1928,1.19284,1.00,1.10
2015.09.07 07:00:02.083,1.19284,1.19286,1.00,1.00
2015.09.07 07:00:02.199,1.19284,1.19289,1.87,1.10
2015.09.07 07:00:02.713,1.19284,1.19289,9.00,1.00
2015.09.07 07:00:03.220,1.19284,1.19289,7.87,2.25
2015.09.07 07:00:04.454,1.19284,1.19288,4.12,1.00
2015.09.07 07:00:05.011,1.19284,1.19289,1.12,1.87
2015.09.07 07:00:05.113,1.19283,1.19287,3.75,1.00
2015.09.07 07:00:05.214,1.19282,1.19287,1.12,1.50
2015.09.07 07:00:05.736,1.19281,1.19287,1.12,2.70
2015.09.07 07:00:06.040,1.19282,1.19287,3.00,1.10
2015.09.07 07:00:07.106,1.19282,1.19287,1.87,1.00
2015.09.07 07:00:07.625,1.19283,1.19288,1.00,2.25
2015.09.07 07:00:08.032,1.19285,1.19289,1.00,2.25
2015.09.07 07:00:08.540,1.19284,1.19289,2.62,1.00
2015.09.07 07:00:09.883,1.19285,1.19289,1.00,1.87
2015.09.07 07:00:10.189,1.1929,1.19292,1.12,1.00
2015.09.07 07:00:10.345,1.19294,1.19297,1.00,1.00
2015.09.07 07:00:10.854,1.19295,1.19298,2.25,1.00
2015.09.07 07:00:11.108,1.19296,1.193,1.00,1.12
2015.09.07 07:00:11.362,1.19298,1.19301,1.00,2.70
2015.09.07 07:00:11.565,1.19299,1.19303,1.50,1.10
2015.09.07 07:00:11.616,1.19301,1.19303,1.00,1.10
2015.09.07 07:00:11.667,1.193,1.19305,1.12,1.57
2015.09.07 07:00:11.971,1.19303,1.19306,1.00,1.87
2015.09.07 07:00:12.478,1.19303,1.19307,1.00,1.00
2015.09.07 07:00:12.591,1.19304,1.19309,1.12,1.87
2015.09.07 07:00:13.098,1.19305,1.1931,1.12,1.50
2015.09.07 07:00:13.615,1.19305,1.19309,1.12,1.00
2015.09.07 07:00:13.970,1.19304,1.19307,1.00,1.00
2015.09.07 07:00:14.483,1.19303,1.19307,1.12,1.00
2015.09.07 07:00:14.989,1.19302,1.19307,1.12,1.00
2015.09.07 07:00:15.497,1.19302,1.19306,1.50,1.00
2015.09.07 07:00:15.644,1.19301,1.19305,1.12,1.00
2015.09.07 07:00:16.254,1.19299,1.19305,2.25,1.50
2015.09.07 07:00:16.862,1.19299,1.19304,2.25,1.00
2015.09.07 07:00:17.269,1.19301,1.19307,1.50,3.45
2015.09.07 07:00:17.573,1.19303,1.19307,1.75,1.00
2015.09.07 07:00:18.268,1.19303,1.19308,1.75,1.00
2015.09.07 07:00:20.580,1.19303,1.19309,1.75,1.00
2015.09.07 07:00:24.692,1.19306,1.19309,1.00,1.00
2015.09.07 07:00:24.996,1.19308,1.19312,1.00,1.50
2015.09.07 07:00:25.514,1.19308,1.19311,1.00,1.00
2015.09.07 07:00:26.256,1.19308,1.19312,1.00,1.00
2015.09.07 07:00:26.765,1.19309,1.19313,1.12,1.12
2015.09.07 07:00:27.348,1.1931,1.19313,1.00,1.00
2015.09.07 07:00:27.885,1.19309,1.19313,1.00,1.00
2015.09.07 07:00:28.290,1.19311,1.19314,1.00,1.50
2015.09.07 07:00:28.493,1.19311,1.19316,1.50,1.87
2015.09.07 07:00:30.101,1.19311,1.19316,1.12,1.87
2015.09.07 07:00:31.102,1.19308,1.19313,4.57,1.00
2015.09.07 07:00:31.552,1.19311,1.19316,1.00,3.45
2015.09.07 07:00:32.112,1.1931,1.19314,1.00,1.00
2015.09.07 07:00:32.416,1.19312,1.19316,1.35,1.95
2015.09.07 07:00:32.518,1.19313,1.19317,2.25,1.12
2015.09.07 07:00:33.037,1.19313,1.19318,1.50,1.00
2015.09.07 07:00:33.992,1.19314,1.19319,1.00,2.32
2015.09.07 07:00:34.499,1.19314,1.1932,3.00,3.00
2015.09.07 07:00:35.046,1.19314,1.1932,3.00,2.70
2015.09.07 07:00:37.526,1.19314,1.19319,4.12,1.00
2015.09.07 07:00:38.337,1.19313,1.19318,2.32,1.00
2015.09.07 07:00:41.311,1.19312,1.19317,1.50,1.00
2015.09.07 07:00:42.854,1.19312,1.19315,2.25,1.00
2015.09.07 07:00:43.006,1.1931,1.19313,1.00,1.00
2015.09.07 07:00:43.109,1.19308,1.19312,1.12,1.00
2015.09.07 07:00:45.019,1.19307,1.19312,1.12,1.10
2015.09.07 07:00:45.171,1.19309,1.19313,1.00,1.50
2015.09.07 07:00:45.683,1.19309,1.19313,1.50,1.00
2015.09.07 07:00:45.988,1.19312,1.19316,1.00,1.87
2015.09.07 07:00:46.496,1.19313,1.19317,1.12,1.00
2015.09.07 07:00:47.041,1.19315,1.19318,1.00,1.00
2015.09.07 07:00:47.547,1.19315,1.19319,2.25,1.00
2015.09.07 07:00:48.048,1.19315,1.1932,1.00,1.12
2015.09.07 07:00:55.708,1.19314,1.1932,4.12,1.87
2015.09.07 07:00:56.231,1.19315,1.19321,2.25,2.32
2015.09.07 07:00:57.786,1.19316,1.19321,1.00,2.32
2015.09.07 07:00:58.302,1.19317,1.19321,1.00,2.32
2015.09.07 07:00:58.816,1.19316,1.19321,1.50,3.07
2015.09.07 07:00:59.334,1.19315,1.1932,2.62,1.12
2015.09.07 07:00:59.641,1.19315,1.19318,1.00,1.00
2015.09.07 07:00:59.946,1.19314,1.1932,1.87,3.45
2015.09.07 07:01:00.538,1.19315,1.1932,1.50,1.20
2015.09.07 07:01:01.047,1.19315,1.19321,2.62,2.32
2015.09.07 07:01:08.892,1.19316,1.19321,1.87,2.25
2015.09.07 07:01:09.399,1.19318,1.19321,1.00,1.12
2015.09.07 07:01:09.704,1.19321,1.19325,1.00,3.37
2015.09.07 07:01:10.014,1.19326,1.1933,1.00,2.62
2015.09.07 07:01:10.067,1.19326,1.19331,1.50,1.87
2015.09.07 07:01:11.247,1.19325,1.1933,2.62,1.20
2015.09.07 07:01:13.258,1.19326,1.19331,1.00,2.62
2015.09.07 07:01:13.721,1.19325,1.19328,1.12,1.50
2015.09.07 07:01:13.976,1.19325,1.1933,1.12,1.95
2015.09.07 07:01:14.483,1.19326,1.1933,1.00,1.95
2015.09.07 07:01:15.153,1.19326,1.19329,1.00,1.00
2015.09.07 07:01:16.027,1.19326,1.1933,1.00,1.87
2015.09.07 07:01:16.635,1.19327,1.19331,1.00,1.57
2015.09.07 07:01:17.184,1.19328,1.19333,1.87,2.47
2015.09.07 07:01:17.700,1.19327,1.19333,3.00,2.85
2015.09.07 07:01:18.723,1.19328,1.19333,1.87,2.10
2015.09.07 07:01:19.242,1.1933,1.19333,1.00,1.50
2015.09.07 07:01:19.445,1.19328,1.19333,2.62,2.10
2015.09.07 07:01:20.468,1.19328,1.19329,1.12,1.00
2015.09.07 07:01:20.569,1.19325,1.19329,1.20,1.00
2015.09.07 07:01:20.773,1.19327,1.1933,1.35,1.85
2015.09.07 07:01:20.874,1.19328,1.19331,1.12,1.12
2015.09.07 07:01:20.926,1.19329,1.19333,1.00,1.00
2015.09.07 07:01:21.446,1.19328,1.19334,2.62,1.95
2015.09.07 07:01:21.599,1.19328,1.19334,2.25,2.32
2015.09.07 07:01:22.126,1.19327,1.19331,1.00,1.20
2015.09.07 07:01:22.634,1.19326,1.19331,2.62,1.20
2015.09.07 07:01:23.513,1.19328,1.19332,1.00,3.37
2015.09.07 07:01:24.352,1.19328,1.19329,1.00,1.00
2015.09.07 07:01:24.442,1.19326,1.1933,1.50,1.87
2015.09.07 07:01:24.595,1.19326,1.19331,1.50,4.20
2015.09.07 07:01:24.900,1.19327,1.19332,1.50,3.00
2015.09.07 07:01:25.764,1.19327,1.19332,2.25,2.25
2015.09.07 07:01:26.270,1.19328,1.19332,1.00,2.25
2015.09.07 07:01:26.826,1.19327,1.19332,1.00,3.00
2015.09.07 07:01:31.128,1.19326,1.19331,2.62,1.10
2015.09.07 07:01:31.658,1.19327,1.19331,1.00,1.10
2015.09.07 07:01:31.811,1.19327,1.19331,1.00,1.50
2015.09.07 07:01:34.900,1.19326,1.19331,1.00,4.12
2015.09.07 07:01:37.264,1.19327,1.19331,1.00,2.62
2015.09.07 07:01:37.569,1.19328,1.19331,1.00,1.20
2015.09.07 07:01:38.174,1.19329,1.19333,1.00,3.37
2015.09.07 07:01:38.682,1.19329,1.19333,1.00,1.87
2015.09.07 07:01:42.761,1.19328,1.19332,1.00,1.05
2015.09.07 07:01:43.268,1.19327,1.19331,1.00,1.20
2015.09.07 07:01:44.907,1.19328,1.19332,1.00,4.12
2015.09.07 07:01:45.417,1.19328,1.19332,1.00,3.07
2015.09.07 07:01:48.762,1.19328,1.19331,1.00,1.00
2015.09.07 07:01:51.835,1.19327,1.19331,1.87,1.12
2015.09.07 07:01:54.582,1.19327,1.19332,1.12,2.25
2015.09.07 07:01:55.172,1.19327,1.19332,2.47,1.12
2015.09.07 07:01:55.274,1.1933,1.19333,8.25,1.10
2015.09.07 07:01:55.810,1.19331,1.19335,1.00,1.87
2015.09.07 07:01:56.317,1.1933,1.19335,9.07,1.12
2015.09.07 07:01:56.823,1.19331,1.19335,1.00,1.12
2015.09.07 07:01:57.350,1.1933,1.19334,8.25,1.00
2015.09.07 07:01:57.705,1.19328,1.19332,1.50,1.00
2015.09.07 07:01:58.208,1.19328,1.19333,1.12,3.00
2015.09.07 07:01:58.512,1.19328,1.19331,1.12,1.00
2015.09.07 07:01:58.613,1.19326,1.19331,1.87,1.00
2015.09.07 07:01:58.766,1.19325,1.19329,9.75,1.00
2015.09.07 07:02:00.078,1.19325,1.19328,7.50,1.00
2015.09.07 07:02:00.281,1.19325,1.1933,7.50,3.37
2015.09.07 07:02:00.782,1.19325,1.19331,10.12,2.32
2015.09.07 07:02:02.958,1.19326,1.19331,1.37,2.25
2015.09.07 07:02:04.852,1.19325,1.1933,1.37,1.12
2015.09.07 07:02:06.024,1.19326,1.19331,1.87,1.00
2015.09.07 07:02:07.520,1.19327,1.19331,1.00,1.50
2015.09.07 07:02:08.027,1.19327,1.19331,1.37,1.50
2015.09.07 07:02:08.684,1.19327,1.19331,1.00,1.50
2015.09.07 07:02:11.137,1.19328,1.19331,1.00,1.50
2015.09.07 07:02:11.442,1.19334,1.19335,1.00,1.50
2015.09.07 07:02:11.494,1.19334,1.19338,1.50,1.12
2015.09.07 07:02:11.545,1.19334,1.19339,3.37,1.00
2015.09.07 07:02:11.647,1.19336,1.19341,1.00,2.25
2015.09.07 07:02:12.262,1.19337,1.19341,1.50,1.10
2015.09.07 07:02:12.768,1.19337,1.19341,1.50,1.50
2015.09.07 07:02:12.971,1.19341,1.19344,1.00,1.10
2015.09.07 07:02:13.073,1.19341,1.19346,3.00,1.00
2015.09.07 07:02:13.227,1.19344,1.19349,1.75,2.70
2015.09.07 07:02:13.735,1.19345,1.1935,1.50,1.50
2015.09.07 07:02:14.242,1.19345,1.1935,1.12,1.50
2015.09.07 07:02:14.751,1.19344,1.1935,1.75,1.00
2015.09.07 07:02:15.261,1.19345,1.1935,2.25,2.25
2015.09.07 07:02:15.765,1.19346,1.19351,1.87,2.25
2015.09.07 07:02:16.174,1.19346,1.1935,2.25,1.00
2015.09.07 07:02:16.378,1.19347,1.19352,1.12,1.50
2015.09.07 07:02:16.619,1.19349,1.19353,7.50,1.87
2015.09.07 07:02:17.892,1.19349,1.19352,7.50,1.50
2015.09.07 07:02:18.398,1.19348,1.19352,1.00,1.50
2015.09.07 07:02:18.904,1.19348,1.1935,1.00,1.00
2015.09.07 07:02:19.779,1.19347,1.1935,2.62,1.00
2015.09.07 07:02:20.083,1.19347,1.19348,1.00,1.00
2015.09.07 07:02:20.237,1.19344,1.19346,1.00,1.00
2015.09.07 07:02:20.541,1.19342,1.19345,1.12,1.00
2015.09.07 07:02:20.657,1.19342,1.19343,1.00,1.00
2015.09.07 07:02:20.759,1.19338,1.19341,2.32,1.00
2015.09.07 07:02:20.962,1.19336,1.19339,1.00,1.00
2015.09.07 07:02:21.266,1.19335,1.19337,2.25,1.00
2015.09.07 07:02:21.693,1.19333,1.19337,1.12,1.00
2015.09.07 07:02:22.705,1.19332,1.19337,2.25,1.87
2015.09.07 07:02:23.216,1.19332,1.19336,1.50,1.00
2015.09.07 07:02:23.748,1.19333,1.19336,1.00,1.00
2015.09.07 07:02:24.261,1.19332,1.19336,1.50,1.00
2015.09.07 07:02:24.562,1.19333,1.19338,1.87,1.50
2015.09.07 07:02:25.387,1.19333,1.19339,2.62,1.87
2015.09.07 07:02:25.893,1.19334,1.19339,1.00,1.95
2015.09.07 07:02:27.817,1.19334,1.19338,1.00,1.00
2015.09.07 07:02:28.323,1.19333,1.19338,2.62,1.10
2015.09.07 07:02:28.829,1.19333,1.19337,1.50,1.00
2015.09.07 07:02:29.454,1.19333,1.19338,1.50,1.95
2015.09.07 07:02:29.974,1.19334,1.19339,1.50,1.95
2015.09.07 07:02:31.617,1.19335,1.19339,1.00,1.12
2015.09.07 07:02:32.133,1.19335,1.1934,1.00,1.87
2015.09.07 07:02:32.692,1.19335,1.19339,1.00,1.00
2015.09.07 07:02:33.198,1.19335,1.1934,1.50,1.87
2015.09.07 07:02:33.708,1.19335,1.19339,1.00,1.00
2015.09.07 07:02:37.069,1.19335,1.1934,1.50,1.87
2015.09.07 07:02:37.822,1.19335,1.1934,1.00,1.95
2015.09.07 07:02:39.398,1.19334,1.1934,2.62,1.95
2015.09.07 07:02:39.932,1.19334,1.19338,1.00,1.57
2015.09.07 07:02:40.641,1.19333,1.19338,2.62,1.57
2015.09.07 07:02:42.895,1.19333,1.19337,2.62,1.00
2015.09.07 07:02:44.012,1.19333,1.19338,2.62,2.32
2015.09.07 07:02:44.518,1.19333,1.19337,1.00,1.00
2015.09.07 07:02:45.025,1.19333,1.19338,1.00,1.95
2015.09.07 07:02:45.845,1.19333,1.19337,1.50,1.00
2015.09.07 07:02:46.420,1.19333,1.19338,1.50,2.70
2015.09.07 07:02:46.965,1.19332,1.19337,3.00,2.25
2015.09.07 07:02:47.472,1.19332,1.19336,3.00,1.50
2015.09.07 07:02:49.158,1.19333,1.19337,1.50,1.20
2015.09.07 07:02:49.664,1.19333,1.19338,3.00,1.10
2015.09.07 07:02:50.187,1.19334,1.19338,1.12,1.10
2015.09.07 07:02:50.693,1.19333,1.19338,2.62,1.57
2015.09.07 07:02:51.202,1.19333,1.19338,3.75,1.57
2015.09.07 07:02:54.167,1.19334,1.19337,1.00,1.00
2015.09.07 07:02:54.674,1.19334,1.19338,1.00,1.10
2015.09.07 07:02:56.315,1.19333,1.19338,3.37,1.57
2015.09.07 07:02:56.822,1.19334,1.19338,1.00,1.10
2015.09.07 07:02:59.966,1.19333,1.19337,1.87,1.00
2015.09.07 07:03:00.472,1.19332,1.19336,3.00,1.00
2015.09.07 07:03:01.155,1.19332,1.19337,3.00,2.32
2015.09.07 07:03:01.560,1.19333,1.19338,1.50,2.32
2015.09.07 07:03:02.285,1.19336,1.19338,1.00,1.07
2015.09.07 07:03:02.488,1.19336,1.1934,1.50,1.10
2015.09.07 07:03:02.591,1.19338,1.19342,1.00,1.95
2015.09.07 07:03:02.794,1.19342,1.19346,1.00,2.32
2015.09.07 07:03:03.337,1.19342,1.19348,1.87,3.45
2015.09.07 07:03:04.173,1.19343,1.19348,1.00,4.20
2015.09.07 07:03:04.680,1.19343,1.19348,1.50,4.20
2015.09.07 07:03:05.188,1.19342,1.19348,2.25,3.45
2015.09.07 07:03:05.493,1.19344,1.19348,1.00,1.95
2015.09.07 07:03:06.004,1.19345,1.19349,1.00,1.00
2015.09.07 07:03:06.796,1.19345,1.1935,1.50,2.70
2015.09.07 07:03:07.558,1.19346,1.1935,1.87,1.10
2015.09.07 07:03:07.864,1.19349,1.19353,1.87,1.10
2015.09.07 07:03:08.270,1.1935,1.19355,1.12,3.07
2015.09.07 07:03:08.779,1.19351,1.19355,1.00,1.20
2015.09.07 07:03:08.881,1.19353,1.19357,1.50,1.50
2015.09.07 07:03:08.983,1.19353,1.19357,2.25,1.00
2015.09.07 07:03:09.309,1.19354,1.19359,1.00,1.95
2015.09.07 07:03:09.513,1.19353,1.19356,1.12,1.00
2015.09.07 07:03:09.667,1.19351,1.19355,1.00,1.00
2015.09.07 07:03:09.972,1.1935,1.19352,1.00,1.00
2015.09.07 07:03:10.215,1.19349,1.19354,1.12,1.12
2015.09.07 07:03:10.418,1.19351,1.19355,1.00,2.25
2015.09.07 07:03:10.773,1.19353,1.19355,1.00,1.00
2015.09.07 07:03:10.926,1.19354,1.19359,2.25,2.70
2015.09.07 07:03:12.024,1.19354,1.19358,2.25,1.00
2015.09.07 07:03:12.531,1.19354,1.19359,1.50,2.70
2015.09.07 07:03:13.229,1.19354,1.19357,1.50,1.00
2015.09.07 07:03:13.280,1.19354,1.19359,2.62,1.50
2015.09.07 07:03:13.812,1.19355,1.19359,1.00,1.57
2015.09.07 07:03:14.337,1.19354,1.19359,1.87,2.32
2015.09.07 07:03:14.991,1.19355,1.19359,1.00,2.70
2015.09.07 07:03:16.141,1.19356,1.19359,1.00,1.10
2015.09.07 07:03:16.654,1.19356,1.1936,1.87,1.00
2015.09.07 07:03:18.772,1.19358,1.1936,1.00,1.50
2015.09.07 07:03:18.873,1.19356,1.1936,1.50,1.50
2015.09.07 07:03:19.708,1.19356,1.19359,1.00,1.00
2015.09.07 07:03:19.911,1.19354,1.19358,1.12,1.50
2015.09.07 07:03:20.366,1.19353,1.19355,2.25,1.00
2015.09.07 07:03:20.874,1.19352,1.19357,5.62,1.57
2015.09.07 07:03:21.416,1.19353,1.19356,1.00,1.00
2015.09.07 07:03:21.938,1.19352,1.19356,3.00,1.00
2015.09.07 07:03:22.819,1.19352,1.19357,3.00,1.20
2015.09.07 07:03:23.368,1.19353,1.19358,2.25,1.57
2015.09.07 07:03:23.875,1.19354,1.19357,1.00,1.00
2015.09.07 07:03:24.388,1.19353,1.19356,2.62,1.00
2015.09.07 07:03:24.591,1.19351,1.19354,1.00,1.00
2015.09.07 07:03:24.947,1.1935,1.19352,1.50,1.50
2015.09.07 07:03:25.617,1.19349,1.19352,1.00,1.00
2015.09.07 07:03:26.135,1.19348,1.19352,1.12,1.00
2015.09.07 07:03:27.563,1.19349,1.19353,1.00,1.12
2015.09.07 07:03:28.016,1.19349,1.19351,1.87,1.00
2015.09.07 07:03:28.117,1.19347,1.1935,1.12,1.00
2015.09.07 07:03:28.524,1.19345,1.19348,3.00,1.00
2015.09.07 07:03:28.930,1.19342,1.19347,3.75,1.00
2015.09.07 07:03:29.032,1.19344,1.19349,1.00,4.57
2015.09.07 07:03:29.084,1.19342,1.19347,4.50,1.00
2015.09.07 07:03:29.451,1.19345,1.19348,1.00,1.12
2015.09.07 07:03:29.755,1.19344,1.19346,1.00,1.00
2015.09.07 07:03:30.258,1.19343,1.19346,1.00,1.00
2015.09.07 07:03:30.776,1.19344,1.19347,1.00,1.12
2015.09.07 07:03:31.314,1.19343,1.19347,1.50,1.87
2015.09.07 07:03:31.864,1.19344,1.19347,1.00,1.12
2015.09.07 07:03:32.521,1.19343,1.19347,1.50,1.87
2015.09.07 07:03:32.827,1.19347,1.19352,1.00,4.50
2015.09.07 07:03:33.333,1.19348,1.19352,1.00,2.25
2015.09.07 07:03:33.871,1.19347,1.19352,3.00,1.50
2015.09.07 07:03:34.175,1.19349,1.19353,1.12,1.12
2015.09.07 07:03:34.714,1.19349,1.19354,1.12,1.87
2015.09.07 07:03:38.060,1.19348,1.19354,2.25,3.37
2015.09.07 07:03:38.567,1.19349,1.19354,1.00,2.62
2015.09.07 07:03:39.397,1.19349,1.19353,1.00,1.00
2015.09.07 07:03:39.904,1.19348,1.19353,1.12,1.00
2015.09.07 07:03:40.411,1.19349,1.19353,1.00,1.00
2015.09.07 07:03:40.665,1.1935,1.19355,1.12,2.25
2015.09.07 07:03:41.273,1.19351,1.19355,1.00,1.00
2015.09.07 07:03:41.783,1.19351,1.19356,1.00,4.20
2015.09.07 07:03:42.889,1.19352,1.19356,1.00,2.62
2015.09.07 07:03:43.391,1.19352,1.19356,1.87,2.25
2015.09.07 07:03:43.899,1.19354,1.19357,1.50,1.12
2015.09.07 07:03:44.000,1.19356,1.19358,1.00,1.00
2015.09.07 07:03:44.303,1.19361,1.19364,1.00,1.00
2015.09.07 07:03:44.456,1.19362,1.19366,1.00,1.12
2015.09.07 07:03:45.267,1.19362,1.19367,1.12,1.50
2015.09.07 07:03:47.358,1.19362,1.19367,3.00,1.50
2015.09.07 07:03:48.127,1.19362,1.19367,2.62,1.50
2015.09.07 07:03:48.228,1.19362,1.19364,1.12,1.00
2015.09.07 07:03:48.381,1.19359,1.19363,1.50,1.50
2015.09.07 07:03:48.583,1.19358,1.19361,1.12,1.00
2015.09.07 07:03:49.131,1.19357,1.19361,1.12,1.00
2015.09.07 07:03:50.725,1.19357,1.19362,3.00,1.00
2015.09.07 07:03:51.030,1.1936,1.19364,1.00,1.57
2015.09.07 07:03:51.233,1.19361,1.19366,1.00,3.07
2015.09.07 07:03:51.386,1.19362,1.19367,1.00,3.37
2015.09.07 07:03:51.752,1.19364,1.19367,1.00,1.87
2015.09.07 07:03:52.768,1.19364,1.19368,1.00,1.50
2015.09.07 07:03:53.275,1.19363,1.19368,1.87,3.00
2015.09.07 07:03:53.732,1.19362,1.19366,1.12,1.00
2015.09.07 07:03:54.183,1.19361,1.19364,2.25,1.00
2015.09.07 07:03:54.387,1.19358,1.19363,2.62,1.50
2015.09.07 07:03:54.592,1.19357,1.19363,1.12,1.50
2015.09.07 07:03:56.225,1.19357,1.19361,1.00,1.00
2015.09.07 07:03:56.731,1.19356,1.19361,1.12,1.50
2015.09.07 07:03:57.175,1.19359,1.19362,1.00,2.32
2015.09.07 07:03:57.277,1.19357,1.19361,1.12,1.00
2015.09.07 07:03:57.786,1.19356,1.19361,1.12,3.00
2015.09.07 07:03:58.494,1.19356,1.19362,1.87,3.07
2015.09.07 07:03:59.410,1.19358,1.19362,1.00,1.20
2015.09.07 07:03:59.917,1.19357,1.19362,1.50,2.70
2015.09.07 07:04:00.436,1.19358,1.19362,1.00,2.70
2015.09.07 07:04:00.491,1.1936,1.19363,1.00,2.62
2015.09.07 07:04:00.745,1.19361,1.19366,1.00,3.75
2015.09.07 07:04:01.252,1.1936,1.19366,3.00,1.10
2015.09.07 07:04:01.792,1.19362,1.19367,1.00,3.00
2015.09.07 07:04:02.301,1.19362,1.19367,1.87,1.57
2015.09.07 07:04:02.943,1.19361,1.19366,3.00,1.00
2015.09.07 07:04:03.326,1.1936,1.19365,2.62,1.00
2015.09.07 07:04:03.631,1.19359,1.19362,2.32,1.00
2015.09.07 07:04:03.682,1.19359,1.19362,1.20,1.00
2015.09.07 07:04:03.886,1.19356,1.19361,2.62,1.00
2015.09.07 07:04:03.988,1.19355,1.1936,1.95,1.00
2015.09.07 07:04:04.872,1.19354,1.19359,4.95,1.00
2015.09.07 07:04:05.382,1.19355,1.1936,1.12,1.00
2015.09.07 07:04:05.910,1.19355,1.19359,1.12,1.00
2015.09.07 07:04:06.431,1.19355,1.1936,1.12,1.00
2015.09.07 07:04:07.253,1.19356,1.1936,1.00,1.87
2015.09.07 07:04:07.810,1.19356,1.19361,1.87,1.10
2015.09.07 07:04:08.187,1.19357,1.19363,2.62,2.25
2015.09.07 07:04:08.694,1.19358,1.19363,1.87,1.00
2015.09.07 07:04:09.261,1.19357,1.19362,1.12,1.00
2015.09.07 07:04:09.768,1.19358,1.19363,1.12,3.07
2015.09.07 07:04:10.276,1.19358,1.19364,1.12,1.87
2015.09.07 07:04:10.777,1.19359,1.19365,1.00,3.07
2015.09.07 07:04:11.232,1.1936,1.19365,1.50,1.00
2015.09.07 07:04:11.744,1.19361,1.19366,3.00,1.00
2015.09.07 07:04:13.721,1.19362,1.19367,1.87,1.57
2015.09.07 07:04:14.395,1.19363,1.19367,1.00,1.50
2015.09.07 07:04:14.901,1.19363,1.19368,2.70,1.00
2015.09.07 07:04:15.416,1.19364,1.19368,1.00,1.00
2015.09.07 07:04:17.098,1.19364,1.19369,3.00,2.62
2015.09.07 07:04:17.607,1.19364,1.19368,1.00,1.00
2015.09.07 07:04:18.114,1.19362,1.19368,3.37,2.25
2015.09.07 07:04:18.635,1.19364,1.19368,1.00,2.25
2015.09.07 07:04:19.753,1.19364,1.19369,2.25,3.37
2015.09.07 07:04:20.276,1.19365,1.19369,1.50,1.00
2015.09.07 07:04:20.631,1.19367,1.19372,1.00,2.70
2015.09.07 07:04:21.017,1.19369,1.19372,1.00,1.00
2015.09.07 07:04:21.119,1.19369,1.19374,1.12,3.82
2015.09.07 07:04:21.626,1.1937,1.19375,1.12,3.82
2015.09.07 07:04:22.441,1.19371,1.19375,1.00,2.32
2015.09.07 07:04:22.948,1.19372,1.19376,1.00,1.50
2015.09.07 07:04:24.547,1.19373,1.19377,1.50,2.70
2015.09.07 07:04:24.699,1.19375,1.19378,1.00,1.12
2015.09.07 07:04:24.750,1.19375,1.1938,1.00,1.50
2015.09.07 07:04:25.257,1.19374,1.1938,1.75,1.00
2015.09.07 07:04:25.661,1.19373,1.19379,2.32,1.50
2015.09.07 07:04:26.168,1.19374,1.1938,1.50,1.00
2015.09.07 07:04:28.887,1.19376,1.1938,1.00,1.00
2015.09.07 07:04:29.394,1.19376,1.19381,2.62,1.50
2015.09.07 07:04:29.782,1.19378,1.19381,1.00,1.50
2015.09.07 07:04:30.037,1.19379,1.19383,2.62,1.50
2015.09.07 07:04:30.865,1.1938,1.19383,1.50,1.50
2015.09.07 07:04:30.967,1.19382,1.19385,1.37,1.10
2015.09.07 07:04:31.120,1.19384,1.19388,1.50,1.10
2015.09.07 07:04:31.636,1.19385,1.19389,1.12,1.50
2015.09.07 07:04:32.496,1.19386,1.19389,1.00,1.00
2015.09.07 07:04:33.012,1.19385,1.19389,3.00,1.00
2015.09.07 07:04:33.519,1.19386,1.19389,1.00,1.00
2015.09.07 07:04:33.620,1.19387,1.19391,1.00,1.95
2015.09.07 07:04:33.671,1.19386,1.19388,1.87,1.00
2015.09.07 07:04:33.774,1.19388,1.19392,2.10,1.12
2015.09.07 07:04:33.876,1.19389,1.19394,3.22,1.50
2015.09.07 07:04:33.983,1.1939,1.19395,1.57,1.50
2015.09.07 07:04:34.490,1.19391,1.19395,1.50,1.50
2015.09.07 07:04:34.998,1.19391,1.19394,1.50,1.00
2015.09.07 07:04:35.121,1.1939,1.19391,1.10,1.50
2015.09.07 07:04:35.172,1.19389,1.19391,1.87,2.10
2015.09.07 07:04:35.274,1.19384,1.19388,1.50,1.00
2015.09.07 07:04:35.528,1.19384,1.19389,1.10,2.25
2015.09.07 07:04:35.579,1.19384,1.19387,1.20,1.00
2015.09.07 07:04:35.732,1.19384,1.19389,1.00,1.95
2015.09.07 07:04:36.275,1.19385,1.19389,1.00,1.87
2015.09.07 07:04:36.731,1.19383,1.19388,2.32,1.00
2015.09.07 07:04:37.237,1.19383,1.19387,1.00,1.50
2015.09.07 07:04:37.530,1.19383,1.19384,1.00,1.00
2015.09.07 07:04:37.835,1.19378,1.19381,1.12,2.25
2015.09.07 07:04:37.937,1.19377,1.19381,1.10,2.25
2015.09.07 07:04:38.089,1.19377,1.19379,1.00,1.00
2015.09.07 07:04:38.394,1.19375,1.19379,1.10,1.00
2015.09.07 07:04:39.211,1.19375,1.19378,1.00,1.00
2015.09.07 07:04:39.759,1.19374,1.19378,1.57,1.50
2015.09.07 07:04:40.267,1.19374,1.19377,1.57,1.00
2015.09.07 07:04:41.007,1.19374,1.19378,1.57,1.00
2015.09.07 07:04:41.159,1.19376,1.19378,1.00,1.00
2015.09.07 07:04:41.616,1.19375,1.1938,1.50,2.70
2015.09.07 07:04:41.909,1.19378,1.1938,1.00,2.70
2015.09.07 07:04:43.184,1.19378,1.19381,1.00,1.50
2015.09.07 07:04:43.995,1.19377,1.19381,1.50,1.50
2015.09.07 07:04:45.209,1.19378,1.19381,1.00,1.00
2015.09.07 07:04:45.711,1.19377,1.19381,1.87,1.00
2015.09.07 07:04:46.472,1.19376,1.19381,1.50,2.70
2015.09.07 07:04:47.012,1.19376,1.1938,1.87,1.00
2015.09.07 07:04:48.501,1.19378,1.1938,1.00,1.50
2015.09.07 07:04:49.010,1.19378,1.19382,1.50,1.10
2015.09.07 07:04:49.366,1.1938,1.19383,1.00,1.20
2015.09.07 07:04:49.898,1.19378,1.19382,2.25,1.00
2015.09.07 07:04:50.901,1.19378,1.19383,2.25,2.62
2015.09.07 07:04:51.410,1.19378,1.19383,3.00,3.37
2015.09.07 07:04:52.018,1.1938,1.19382,1.12,1.00
2015.09.07 07:04:52.526,1.19378,1.19381,2.25,1.00
2015.09.07 07:04:53.338,1.19378,1.19379,1.00,1.00
2015.09.07 07:04:53.390,1.19377,1.19379,1.50,1.00
2015.09.07 07:04:53.613,1.19375,1.19378,1.85,1.00
2015.09.07 07:04:54.120,1.19374,1.19377,1.87,1.00
2015.09.07 07:04:55.331,1.19376,1.19378,1.12,1.00
2015.09.07 07:04:55.887,1.19374,1.19377,2.25,1.00
2015.09.07 07:04:56.390,1.19373,1.19377,3.45,1.00
2015.09.07 07:04:56.898,1.19373,1.19377,2.32,1.00
2015.09.07 07:04:57.405,1.19373,1.19376,2.32,1.50
2015.09.07 07:04:57.972,1.19374,1.19377,1.95,1.00
2015.09.07 07:04:59.634,1.19375,1.19377,1.00,1.00
2015.09.07 07:05:00.148,1.19374,1.19378,1.85,1.00
2015.09.07 07:05:00.655,1.19374,1.19377,1.95,1.00
2015.09.07 07:05:01.346,1.19376,1.19378,1.12,1.50
2015.09.07 07:05:04.324,1.19376,1.19378,1.50,1.00
2015.09.07 07:05:04.426,1.19375,1.1938,2.62,3.00
2015.09.07 07:05:05.545,1.19377,1.19379,1.12,1.00
2015.09.07 07:05:06.543,1.19375,1.19379,2.62,1.00
2015.09.07 07:05:08.680,1.19376,1.19378,1.00,1.00
2015.09.07 07:05:10.476,1.19376,1.19378,1.00,1.00
2015.09.07 07:05:10.630,1.19376,1.19379,1.00,1.00
2015.09.07 07:05:11.083,1.19374,1.19377,1.87,1.00
2015.09.07 07:05:11.340,1.19373,1.19376,1.95,1.00
2015.09.07 07:05:11.848,1.19372,1.19376,1.87,1.10
2015.09.07 07:05:12.369,1.19372,1.19375,1.12,1.00
2015.09.07 07:05:12.882,1.19371,1.19374,1.00,1.00
2015.09.07 07:05:13.798,1.19372,1.19375,1.00,1.57
2015.09.07 07:05:14.308,1.19373,1.19377,1.00,1.87
2015.09.07 07:05:14.817,1.19372,1.19375,1.12,1.00
2015.09.07 07:05:15.952,1.19372,1.19376,1.12,1.57
2015.09.07 07:05:16.003,1.19372,1.19374,1.12,1.00
2015.09.07 07:05:16.548,1.1937,1.19374,1.87,1.50
2015.09.07 07:05:16.701,1.19369,1.19371,1.95,1.00
2015.09.07 07:05:17.008,1.19368,1.19371,1.00,1.00
2015.09.07 07:05:17.525,1.19368,1.19372,1.00,1.50
2015.09.07 07:05:18.323,1.19369,1.19373,1.00,1.20
2015.09.07 07:05:18.835,1.19369,1.19374,2.62,1.50
2015.09.07 07:05:19.347,1.19369,1.19373,1.87,1.00
2015.09.07 07:05:20.268,1.19368,1.19372,2.25,1.00
2015.09.07 07:05:20.776,1.19368,1.19372,1.87,1.00
2015.09.07 07:05:21.577,1.19369,1.19372,1.00,1.00
2015.09.07 07:05:21.983,1.1937,1.19374,1.00,1.12
2015.09.07 07:05:22.338,1.19372,1.19375,1.00,1.00
2015.09.07 07:05:22.390,1.19372,1.19377,1.50,1.95
2015.09.07 07:05:22.544,1.19371,1.19375,1.12,1.00
2015.09.07 07:05:23.052,1.19371,1.19376,1.12,1.00
2015.09.07 07:05:24.059,1.19371,1.19376,3.75,1.50
2015.09.07 07:05:24.565,1.19372,1.19375,2.32,1.00
2015.09.07 07:05:24.794,1.1937,1.19374,2.32,1.00
2015.09.07 07:05:25.301,1.1937,1.19375,1.57,1.00
2015.09.07 07:05:25.806,1.1937,1.19374,1.00,1.00
2015.09.07 07:05:26.315,1.19369,1.19375,3.37,1.50
2015.09.07 07:05:26.822,1.19369,1.19375,4.12,1.50
2015.09.07 07:05:26.914,1.19369,1.19375,3.75,1.87
2015.09.07 07:05:28.078,1.19369,1.19374,3.00,1.00
2015.09.07 07:05:28.361,1.19368,1.19372,1.95,1.00
2015.09.07 07:05:28.666,1.19367,1.19369,1.00,1.50
2015.09.07 07:05:29.173,1.19365,1.19369,1.95,1.00
2015.09.07 07:05:30.533,1.19365,1.19368,2.32,1.00
2015.09.07 07:05:30.713,1.19364,1.19367,1.87,1.00
2015.09.07 07:05:30.967,1.19362,1.19367,4.50,2.25
2015.09.07 07:05:34.726,1.19362,1.19366,3.00,1.00
2015.09.07 07:05:35.234,1.19362,1.19367,3.75,2.25
2015.09.07 07:05:36.105,1.19363,1.19368,2.62,2.32
2015.09.07 07:05:36.616,1.19364,1.19368,1.50,1.00
2015.09.07 07:05:37.908,1.19363,1.19368,3.00,1.50
2015.09.07 07:05:38.415,1.19364,1.19369,1.87,1.87
2015.09.07 07:05:38.923,1.19365,1.19369,1.12,1.00
2015.09.07 07:05:41.176,1.19365,1.19369,1.50,1.00
2015.09.07 07:05:41.836,1.19364,1.19369,2.70,1.00
2015.09.07 07:05:42.345,1.19365,1.1937,1.87,1.50
2015.09.07 07:05:42.446,1.19367,1.19371,1.00,1.95
2015.09.07 07:05:42.956,1.19368,1.19371,1.12,1.00
2015.09.07 07:05:43.714,1.19367,1.19372,1.50,1.50
2015.09.07 07:05:44.390,1.19367,1.19371,1.50,1.00
2015.09.07 07:05:44.694,1.19365,1.19369,1.20,1.00
2015.09.07 07:05:45.199,1.19364,1.19368,1.50,1.50
2015.09.07 07:05:45.807,1.19364,1.19369,3.00,1.00
2015.09.07 07:05:45.909,1.19365,1.1937,3.37,1.10
2015.09.07 07:05:46.379,1.19367,1.19372,1.12,1.00
2015.09.07 07:05:46.683,1.19366,1.1937,2.25,1.00
2015.09.07 07:05:47.200,1.19365,1.19369,1.12,1.00
2015.09.07 07:05:49.025,1.19365,1.19369,1.50,1.00
2015.09.07 07:05:51.839,1.19366,1.19371,1.12,1.57
2015.09.07 07:05:51.940,1.19367,1.19372,3.60,1.12
2015.09.07 07:05:52.449,1.19367,1.19372,3.00,1.00
2015.09.07 07:05:55.873,1.19368,1.19373,1.50,1.00
2015.09.07 07:05:59.382,1.19368,1.19373,1.87,1.00
2015.09.07 07:05:59.534,1.19371,1.19375,1.00,1.00
2015.09.07 07:06:00.044,1.1937,1.19376,2.62,1.50
2015.09.07 07:06:00.552,1.1937,1.19375,1.87,1.00
2015.09.07 07:06:01.116,1.1937,1.19374,1.12,1.00
2015.09.07 07:06:01.300,1.19369,1.19373,1.12,1.00
2015.09.07 07:06:02.792,1.19368,1.19372,1.50,1.00
2015.09.07 07:06:03.932,1.19367,1.19371,2.25,1.00
2015.09.07 07:06:04.136,1.19367,1.1937,1.00,1.00
2015.09.07 07:06:04.550,1.19367,1.19368,1.00,1.00
2015.09.07 07:06:04.753,1.19364,1.19367,2.32,1.00
2015.09.07 07:06:05.301,1.19364,1.19367,1.50,1.00
2015.09.07 07:06:05.808,1.19364,1.19366,1.50,1.00
2015.09.07 07:06:06.113,1.19363,1.19365,1.87,1.00
2015.09.07 07:06:06.423,1.19359,1.19361,1.12,1.00
2015.09.07 07:06:06.527,1.19358,1.1936,1.00,1.00
2015.09.07 07:06:06.731,1.19356,1.19359,1.00,1.00
2015.09.07 07:06:07.255,1.19354,1.19358,1.50,1.00
2015.09.07 07:06:07.763,1.19354,1.19359,2.25,1.00
2015.09.07 07:06:08.249,1.19353,1.19358,2.62,1.00
2015.09.07 07:06:08.603,1.19352,1.19356,3.00,1.00
2015.09.07 07:06:09.118,1.19352,1.19356,1.87,1.00
2015.09.07 07:06:09.624,1.19352,1.19357,1.87,2.25
2015.09.07 07:06:10.156,1.19351,1.19356,2.62,1.00
2015.09.07 07:06:10.664,1.19353,1.19356,1.00,1.00
2015.09.07 07:06:13.656,1.19352,1.19356,2.62,1.00
2015.09.07 07:06:14.158,1.19353,1.19356,1.00,1.00
2015.09.07 07:06:14.665,1.19351,1.19353,1.95,1.00
2015.09.07 07:06:14.970,1.19347,1.19348,1.00,1.50
2015.09.07 07:06:15.077,1.19344,1.19346,1.12,1.00
2015.09.07 07:06:15.129,1.19343,1.19344,1.10,1.00
2015.09.07 07:06:15.180,1.19341,1.19344,1.50,1.50
2015.09.07 07:06:15.282,1.1934,1.19341,1.12,1.00
2015.09.07 07:06:15.486,1.19338,1.19343,2.25,2.25
2015.09.07 07:06:16.023,1.19339,1.19344,2.25,1.50
2015.09.07 07:06:16.530,1.19339,1.19345,1.50,3.00
2015.09.07 07:06:17.054,1.19341,1.19345,1.00,1.50
2015.09.07 07:06:17.514,1.19343,1.19346,1.00,1.12
2015.09.07 07:06:17.666,1.19346,1.1935,1.00,1.95
2015.09.07 07:06:17.869,1.19348,1.19352,1.00,3.07
2015.09.07 07:06:18.236,1.19349,1.19353,1.00,1.50
2015.09.07 07:06:18.743,1.19351,1.19355,1.00,3.37
2015.09.07 07:06:19.254,1.19349,1.19355,2.25,3.75
2015.09.07 07:06:19.762,1.19349,1.19354,1.87,1.00
2015.09.07 07:06:20.302,1.19347,1.19353,2.25,2.25
2015.09.07 07:06:20.841,1.19347,1.19352,1.50,2.25
2015.09.07 07:06:22.311,1.19347,1.19351,3.75,1.00
2015.09.07 07:06:22.818,1.19347,1.19351,2.25,2.25
2015.09.07 07:06:23.787,1.19347,1.1935,2.25,1.00
2015.09.07 07:06:24.502,1.19347,1.19351,2.25,2.25
2015.09.07 07:06:26.428,1.19347,1.1935,1.00,1.00
2015.09.07 07:06:27.435,1.19347,1.19351,1.00,2.25
2015.09.07 07:06:27.958,1.19346,1.1935,1.87,1.00
2015.09.07 07:06:29.918,1.19346,1.19349,1.00,1.00
2015.09.07 07:06:30.224,1.19346,1.19347,1.00,1.00
2015.09.07 07:06:30.326,1.19344,1.19347,1.12,1.00
2015.09.07 07:06:30.478,1.19344,1.19345,1.00,1.00
2015.09.07 07:06:30.995,1.19343,1.19344,1.50,1.00
2015.09.07 07:06:31.801,1.19344,1.19346,1.00,1.00
2015.09.07 07:06:32.615,1.19343,1.19345,1.00,1.00
2015.09.07 07:06:33.936,1.19342,1.19345,1.87,1.00
2015.09.07 07:06:36.572,1.19343,1.19345,1.00,1.00
2015.09.07 07:06:37.118,1.19343,1.19346,1.50,1.00
2015.09.07 07:06:38.073,1.19342,1.19346,1.87,1.00
2015.09.07 07:06:38.580,1.19343,1.19347,1.00,1.00
2015.09.07 07:06:39.118,1.19343,1.19348,1.00,3.37
2015.09.07 07:06:39.422,1.19343,1.19346,1.00,1.00
2015.09.07 07:06:39.929,1.19342,1.19346,1.87,1.00
2015.09.07 07:06:40.437,1.19342,1.19345,1.87,1.00
2015.09.07 07:06:40.574,1.19342,1.19347,1.87,1.50
2015.09.07 07:06:41.756,1.19343,1.19348,1.00,2.62
2015.09.07 07:06:41.908,1.19343,1.19346,1.00,1.00
2015.09.07 07:06:42.414,1.19342,1.19346,1.12,1.00
2015.09.07 07:06:42.748,1.19341,1.19344,1.87,1.50
2015.09.07 07:06:42.900,1.19338,1.19342,1.95,1.50
2015.09.07 07:06:43.357,1.1934,1.19343,1.00,1.12
2015.09.07 07:06:43.561,1.19341,1.19345,1.00,1.00
2015.09.07 07:06:44.094,1.19342,1.19348,1.00,3.45
2015.09.07 07:06:44.600,1.19342,1.19348,1.00,1.50
2015.09.07 07:06:46.040,1.19341,1.19346,2.62,1.00
2015.09.07 07:06:49.526,1.1934,1.19346,2.62,1.12
2015.09.07 07:06:50.037,1.1934,1.19345,1.87,1.00
2015.09.07 07:06:50.544,1.1934,1.19346,1.87,1.87
2015.09.07 07:06:51.705,1.1934,1.19345,3.37,1.00
2015.09.07 07:06:55.553,1.19339,1.19345,3.00,1.12
2015.09.07 07:06:56.054,1.19339,1.19344,1.00,2.62
2015.09.07 07:06:58.767,1.1934,1.19344,1.50,1.12
2015.09.07 07:06:59.982,1.1934,1.19345,1.00,1.12
2015.09.07 07:07:00.523,1.1934,1.19344,1.00,1.50
2015.09.07 07:07:01.080,1.19339,1.19344,1.87,1.50
2015.09.07 07:07:01.621,1.19339,1.19343,1.00,2.62
2015.09.07 07:07:03.422,1.19339,1.19342,1.00,1.00
2015.09.07 07:07:06.539,1.19339,1.19341,1.50,1.00
2015.09.07 07:07:07.046,1.19338,1.19341,1.00,1.00
2015.09.07 07:07:09.185,1.19338,1.1934,1.00,1.00
2015.09.07 07:07:09.337,1.19336,1.19339,1.50,1.50
2015.09.07 07:07:09.857,1.19336,1.19338,1.00,1.00
2015.09.07 07:07:10.213,1.19334,1.19337,1.00,1.50
2015.09.07 07:07:10.416,1.19333,1.19334,1.50,1.00
2015.09.07 07:07:10.467,1.1933,1.19334,2.62,1.00
2015.09.07 07:07:10.518,1.1933,1.19333,1.87,1.00
2015.09.07 07:07:11.022,1.19329,1.19332,1.00,1.50
2015.09.07 07:07:11.124,1.19327,1.1933,2.25,1.00
2015.09.07 07:07:11.429,1.19322,1.19326,2.32,1.00
2015.09.07 07:07:11.531,1.19321,1.19326,1.20,1.50
2015.09.07 07:07:12.087,1.1932,1.19325,2.62,1.00
2015.09.07 07:07:12.594,1.19321,1.19326,1.00,1.12
2015.09.07 07:07:13.609,1.19323,1.19327,1.00,4.12
2015.09.07 07:07:13.913,1.19325,1.19329,1.12,1.00
2015.09.07 07:07:14.133,1.19326,1.19332,1.50,4.95
2015.09.07 07:07:14.285,1.19328,1.19332,1.00,2.62
2015.09.07 07:07:14.591,1.19331,1.19334,1.00,1.12
2015.09.07 07:07:14.643,1.19331,1.19336,1.12,1.50
2015.09.07 07:07:15.099,1.19332,1.19338,1.12,2.70
2015.09.07 07:07:15.917,1.19333,1.19338,1.00,1.12
2015.09.07 07:07:16.120,1.19336,1.1934,1.00,2.32
2015.09.07 07:07:16.221,1.19336,1.19341,1.00,3.07
2015.09.07 07:07:16.424,1.19336,1.19342,2.25,1.50
2015.09.07 07:07:17.032,1.19336,1.19342,1.87,1.87
2015.09.07 07:07:17.721,1.19337,1.19342,1.50,1.00
2015.09.07 07:07:18.077,1.19339,1.19344,1.12,1.50
2015.09.07 07:07:18.281,1.19341,1.19345,1.00,1.12
2015.09.07 07:07:18.817,1.19341,1.19346,1.12,2.25
2015.09.07 07:07:19.326,1.19341,1.19345,1.12,1.00
2015.09.07 07:07:20.794,1.19339,1.19344,2.25,1.00
2015.09.07 07:07:20.845,1.19339,1.19344,2.25,1.00
2015.09.07 07:07:21.713,1.19339,1.19343,1.12,1.00
2015.09.07 07:07:22.220,1.19338,1.19344,3.37,1.00
2015.09.07 07:07:23.292,1.1934,1.19344,1.00,1.00
2015.09.07 07:07:25.002,1.19341,1.19344,1.00,1.00
2015.09.07 07:07:25.508,1.19341,1.19345,1.50,1.12
2015.09.07 07:07:28.516,1.19341,1.19346,2.25,1.12
2015.09.07 07:07:30.093,1.19342,1.19347,1.00,1.50
2015.09.07 07:07:30.600,1.19342,1.19347,1.00,1.12
2015.09.07 07:07:34.624,1.19342,1.19346,2.25,1.00
2015.09.07 07:07:35.150,1.19341,1.19346,2.62,1.00
2015.09.07 07:07:35.837,1.1934,1.19346,4.12,1.87
2015.09.07 07:07:35.939,1.1934,1.19344,3.37,1.00
2015.09.07 07:07:38.881,1.1934,1.19345,2.25,1.87
2015.09.07 07:07:39.388,1.19339,1.19344,2.62,1.87
2015.09.07 07:07:40.008,1.19339,1.19343,1.00,1.00
2015.09.07 07:07:40.417,1.19338,1.19341,1.12,1.00
2015.09.07 07:07:40.978,1.19338,1.19342,1.00,1.00
2015.09.07 07:07:41.484,1.19337,1.19342,1.87,1.00
2015.09.07 07:07:41.940,1.19339,1.19343,1.00,1.12
2015.09.07 07:07:42.486,1.19339,1.19344,1.00,1.12
2015.09.07 07:07:42.994,1.1934,1.19344,1.00,1.12
2015.09.07 07:07:47.328,1.19339,1.19344,1.12,1.12
2015.09.07 07:07:47.924,1.19339,1.19343,1.00,1.00
2015.09.07 07:07:48.235,1.19337,1.19341,1.37,1.00
2015.09.07 07:07:48.488,1.19336,1.19341,3.75,1.00
2015.09.07 07:07:49.271,1.19336,1.1934,1.12,1.00
2015.09.07 07:07:50.916,1.19335,1.19339,1.50,1.00
2015.09.07 07:07:50.967,1.19335,1.19337,1.00,1.00
2015.09.07 07:07:51.222,1.19329,1.19332,1.12,1.50
2015.09.07 07:07:51.324,1.19327,1.19331,1.87,1.50
2015.09.07 07:07:51.831,1.19326,1.19331,1.50,1.50
2015.09.07 07:07:52.337,1.19327,1.19331,1.00,1.50
2015.09.07 07:07:53.454,1.19327,1.1933,1.00,1.00
2015.09.07 07:07:53.965,1.19327,1.19331,1.00,2.25
2015.09.07 07:07:54.471,1.19327,1.19332,1.50,2.62
2015.09.07 07:07:54.995,1.19328,1.19332,1.00,1.12
2015.09.07 07:07:55.703,1.19329,1.19333,1.00,1.95
2015.09.07 07:07:56.413,1.1933,1.19333,1.00,1.00
2015.09.07 07:07:56.616,1.1933,1.19336,1.87,1.95
2015.09.07 07:07:57.124,1.1933,1.19335,3.00,1.00
2015.09.07 07:07:57.700,1.1933,1.19336,3.00,2.62
2015.09.07 07:07:58.563,1.19331,1.19336,1.00,2.62
2015.09.07 07:07:59.287,1.19332,1.19336,1.00,1.12
2015.09.07 07:07:59.592,1.19334,1.19337,1.00,1.47
2015.09.07 07:07:59.845,1.19337,1.1934,2.25,1.10
2015.09.07 07:07:59.999,1.19337,1.19342,1.87,1.00
2015.09.07 07:08:00.447,1.19336,1.19339,1.37,1.00
2015.09.07 07:08:00.498,1.19334,1.19339,2.62,1.00
2015.09.07 07:08:01.005,1.19334,1.19339,1.87,1.00
2015.09.07 07:08:01.555,1.19333,1.19338,3.00,1.87
2015.09.07 07:08:02.579,1.19334,1.19338,3.75,1.87
2015.09.07 07:08:04.515,1.19335,1.19339,1.00,2.25
2015.09.07 07:08:05.002,1.19337,1.19339,1.00,1.50
2015.09.07 07:08:05.155,1.19338,1.19342,1.50,1.50
2015.09.07 07:08:05.206,1.1934,1.19342,1.00,1.50
2015.09.07 07:08:05.308,1.19339,1.19344,1.50,2.25
2015.09.07 07:08:05.820,1.1934,1.19345,1.50,1.12
2015.09.07 07:08:06.128,1.19342,1.19345,1.00,1.12
2015.09.07 07:08:06.635,1.19342,1.19346,1.00,1.12
2015.09.07 07:08:07.172,1.19343,1.19347,1.00,1.50
2015.09.07 07:08:08.711,1.19344,1.19348,1.00,3.07
2015.09.07 07:08:08.914,1.19346,1.19349,1.50,1.00
2015.09.07 07:08:08.965,1.19347,1.19351,1.50,1.10
2015.09.07 07:08:09.270,1.19349,1.19351,1.00,1.00
2015.09.07 07:08:09.815,1.19348,1.19352,1.50,1.00
2015.09.07 07:08:10.322,1.19349,1.19352,1.00,1.00
2015.09.07 07:08:10.590,1.19347,1.19353,2.62,3.37
2015.09.07 07:08:10.797,1.19346,1.19351,2.62,1.00
2015.09.07 07:08:11.357,1.19345,1.19351,3.07,1.00
2015.09.07 07:08:11.662,1.19344,1.1935,1.87,1.87
2015.09.07 07:08:12.169,1.19344,1.19349,1.87,1.00
2015.09.07 07:08:12.702,1.19343,1.19348,2.62,1.00
2015.09.07 07:08:13.258,1.19343,1.19348,1.12,2.25
2015.09.07 07:08:13.614,1.19344,1.1935,1.12,1.20
2015.09.07 07:08:13.919,1.19343,1.19348,3.37,1.00
2015.09.07 07:08:14.071,1.19342,1.19347,5.70,1.00
2015.09.07 07:08:14.581,1.19343,1.19347,1.00,1.50
2015.09.07 07:08:15.089,1.19342,1.19347,4.87,1.00
2015.09.07 07:08:15.643,1.19342,1.19348,5.62,1.87
2015.09.07 07:08:15.745,1.19344,1.19348,1.00,1.00
2015.09.07 07:08:16.368,1.19344,1.19348,1.50,1.00
2015.09.07 07:08:16.885,1.19343,1.19348,3.00,1.00
2015.09.07 07:08:20.463,1.19343,1.19348,1.87,1.00
2015.09.07 07:08:23.201,1.19342,1.19346,2.62,1.00
2015.09.07 07:08:23.708,1.19341,1.19345,1.00,1.00
2015.09.07 07:08:24.241,1.19341,1.19344,1.00,1.00
2015.09.07 07:08:28.918,1.19342,1.19344,1.00,1.00
2015.09.07 07:08:29.455,1.19342,1.19345,1.00,1.95
2015.09.07 07:08:29.506,1.19341,1.19345,1.00,2.32
2015.09.07 07:08:29.659,1.19342,1.19344,1.00,1.00
2015.09.07 07:08:29.841,1.19343,1.19344,1.00,1.00
2015.09.07 07:08:29.893,1.19341,1.19344,1.50,1.00
2015.09.07 07:08:30.400,1.19342,1.19344,1.00,1.87
2015.09.07 07:08:30.502,1.19341,1.19342,1.00,1.00
2015.09.07 07:08:30.553,1.19338,1.19342,3.00,1.00
2015.09.07 07:08:30.605,1.19338,1.1934,2.62,1.00
2015.09.07 07:08:30.979,1.19338,1.19342,1.12,1.00
2015.09.07 07:08:31.487,1.19338,1.19343,1.50,1.57
2015.09.07 07:08:32.045,1.19339,1.19343,1.00,1.20
2015.09.07 07:08:32.656,1.19339,1.19344,1.50,1.12
2015.09.07 07:08:33.214,1.1934,1.19344,1.00,1.12
2015.09.07 07:08:33.720,1.19339,1.19344,2.62,1.87
2015.09.07 07:08:34.226,1.1934,1.19345,1.87,2.25
2015.09.07 07:08:34.744,1.1934,1.19345,2.32,1.00
2015.09.07 07:08:36.304,1.19341,1.19344,1.87,1.00
2015.09.07 07:08:37.064,1.19339,1.19344,2.25,1.50
2015.09.07 07:08:37.569,1.19339,1.19343,1.87,1.00
2015.09.07 07:08:41.683,1.19339,1.19344,1.50,1.95
2015.09.07 07:08:42.194,1.1934,1.19345,1.12,1.87
2015.09.07 07:08:42.702,1.19341,1.19346,1.00,3.00
2015.09.07 07:08:43.209,1.19342,1.19347,1.50,3.00
2015.09.07 07:08:43.665,1.19342,1.19347,2.25,1.20
2015.09.07 07:08:45.042,1.19343,1.19347,1.00,1.20
2015.09.07 07:08:45.604,1.19342,1.19347,1.50,1.95
2015.09.07 07:08:46.403,1.19342,1.19346,1.50,1.00
2015.09.07 07:08:47.178,1.19342,1.19348,2.25,4.12
2015.09.07 07:08:47.685,1.19342,1.19346,1.00,1.00
2015.09.07 07:08:49.287,1.19341,1.19346,3.37,1.00
2015.09.07 07:08:49.793,1.19342,1.19346,1.00,1.12
2015.09.07 07:08:50.333,1.19342,1.19347,1.50,1.20
2015.09.07 07:08:52.034,1.19343,1.19347,1.00,1.20
2015.09.07 07:09:00.198,1.19343,1.19345,1.00,1.00
2015.09.07 07:09:00.452,1.19341,1.19345,2.25,1.00
2015.09.07 07:09:02.571,1.19341,1.19344,1.00,1.00
2015.09.07 07:09:03.501,1.19341,1.19345,1.00,3.07
2015.09.07 07:09:04.893,1.19341,1.19344,1.00,1.00
2015.09.07 07:09:05.467,1.19341,1.19345,1.00,2.32
2015.09.07 07:09:06.483,1.19341,1.19344,1.00,1.00
2015.09.07 07:09:06.535,1.19341,1.19342,1.00,1.00
2015.09.07 07:09:06.887,1.19341,1.19344,1.00,1.57
2015.09.07 07:09:07.393,1.19341,1.19345,1.00,2.70
2015.09.07 07:09:08.554,1.19341,1.19344,1.00,1.00
2015.09.07 07:09:09.063,1.19342,1.19345,1.50,1.10
2015.09.07 07:09:09.572,1.19341,1.19345,1.00,1.10
2015.09.07 07:09:10.656,1.19342,1.19345,1.00,1.10
2015.09.07 07:09:11.206,1.19342,1.19346,1.00,1.87
2015.09.07 07:09:12.986,1.19342,1.19345,1.00,1.00
2015.09.07 07:09:13.538,1.19341,1.19345,1.50,1.12
2015.09.07 07:09:14.046,1.1934,1.19345,3.00,1.87
2015.09.07 07:09:16.316,1.1934,1.19345,2.25,2.25
2015.09.07 07:09:16.418,1.19342,1.19345,1.00,2.25
2015.09.07 07:09:17.188,1.19341,1.19345,1.00,2.25
2015.09.07 07:09:20.023,1.19341,1.19346,1.00,3.75
2015.09.07 07:09:20.479,1.19344,1.19346,1.00,2.25
2015.09.07 07:09:20.783,1.19347,1.1935,1.12,1.75
2015.09.07 07:09:20.907,1.19347,1.19352,1.87,1.75
2015.09.07 07:09:21.009,1.19347,1.19352,2.62,1.12
2015.09.07 07:09:21.719,1.19348,1.19353,1.00,1.50
2015.09.07 07:09:22.229,1.19349,1.19353,1.00,1.50
2015.09.07 07:09:24.632,1.19349,1.19354,1.50,1.12
2015.09.07 07:09:24.835,1.19351,1.19354,1.00,1.12
2015.09.07 07:09:25.240,1.19353,1.19357,1.00,4.87
2015.09.07 07:09:25.344,1.19353,1.19357,1.00,1.50
2015.09.07 07:09:25.531,1.19354,1.19358,1.00,1.87
2015.09.07 07:09:26.139,1.19353,1.19358,1.50,1.87
2015.09.07 07:09:26.408,1.19353,1.19356,1.00,1.00
2015.09.07 07:09:26.914,1.19352,1.19356,1.00,1.12
2015.09.07 07:09:27.016,1.1935,1.19356,2.62,1.37
2015.09.07 07:09:27.398,1.1935,1.19353,1.00,1.00
2015.09.07 07:09:27.551,1.19348,1.19353,1.87,1.00
2015.09.07 07:09:27.957,1.19347,1.19353,1.95,3.00
2015.09.07 07:09:28.466,1.19348,1.19352,1.00,2.25
2015.09.07 07:09:28.974,1.19347,1.19352,1.00,1.50
2015.09.07 07:09:30.166,1.19346,1.19351,2.25,1.87
2015.09.07 07:09:30.673,1.19346,1.1935,1.00,1.12
2015.09.07 07:09:31.201,1.19347,1.19351,1.00,1.50
2015.09.07 07:09:31.709,1.19348,1.19352,1.00,1.50
2015.09.07 07:09:31.861,1.19349,1.19353,1.00,1.12
2015.09.07 07:09:32.371,1.1935,1.19354,1.00,2.32
2015.09.07 07:09:33.289,1.19352,1.19354,1.00,1.50
2015.09.07 07:09:33.443,1.19353,1.19355,1.00,1.12
2015.09.07 07:09:33.545,1.19353,1.19357,1.00,2.62
2015.09.07 07:09:34.053,1.19354,1.19358,1.00,1.20
2015.09.07 07:09:34.308,1.19352,1.19357,3.00,1.50
2015.09.07 07:09:34.614,1.19351,1.19355,2.32,1.00
2015.09.07 07:09:35.273,1.19351,1.19356,1.50,2.25
2015.09.07 07:09:35.780,1.19351,1.19356,1.50,2.25
2015.09.07 07:09:37.711,1.19351,1.19356,1.00,3.00
2015.09.07 07:09:38.217,1.19352,1.19356,1.00,1.87
2015.09.07 07:09:40.087,1.19351,1.19356,1.00,2.62
2015.09.07 07:09:40.716,1.19351,1.19355,1.00,1.00
2015.09.07 07:09:41.384,1.19352,1.19356,1.00,3.07
2015.09.07 07:09:41.887,1.19352,1.19356,1.00,1.87
2015.09.07 07:09:43.679,1.19353,1.19357,1.00,1.57
2015.09.07 07:09:44.380,1.19352,1.19356,1.00,1.12
2015.09.07 07:09:44.685,1.19351,1.19354,1.00,1.00
2015.09.07 07:09:45.192,1.1935,1.19354,1.00,2.25
2015.09.07 07:09:46.785,1.19351,1.19354,1.00,1.50
2015.09.07 07:09:47.321,1.1935,1.19354,1.00,2.25
2015.09.07 07:09:47.838,1.19351,1.19354,1.00,2.25
2015.09.07 07:09:48.364,1.1935,1.19354,1.00,2.25
2015.09.07 07:09:49.320,1.19351,1.19354,1.00,3.00
2015.09.07 07:09:50.436,1.1935,1.19354,1.00,1.50
2015.09.07 07:09:50.965,1.19351,1.19354,1.00,1.50
2015.09.07 07:09:51.272,1.19353,1.19355,1.00,1.87
2015.09.07 07:09:51.375,1.19354,1.19356,1.00,1.10
2015.09.07 07:09:51.726,1.19356,1.19357,1.00,1.00
2015.09.07 07:09:51.777,1.19357,1.1936,1.00,1.10
2015.09.07 07:09:52.284,1.19357,1.19362,1.00,3.45
2015.09.07 07:09:56.013,1.19357,1.19362,1.00,2.62
2015.09.07 07:09:57.534,1.19357,1.19361,1.50,1.00
2015.09.07 07:09:58.040,1.19356,1.19362,2.62,1.87
2015.09.07 07:09:58.916,1.19357,1.19362,1.00,1.87
2015.09.07 07:09:59.431,1.19357,1.19361,1.00,1.00
2015.09.07 07:09:59.894,1.19359,1.19363,1.50,2.70
2015.09.07 07:10:00.097,1.1936,1.19365,2.25,2.25
2015.09.07 07:10:00.351,1.19362,1.19365,1.00,1.00
2015.09.07 07:10:00.503,1.1936,1.19364,1.12,1.00
2015.09.07 07:10:00.843,1.19357,1.19362,3.45,1.00
2015.09.07 07:10:00.996,1.19357,1.19361,1.50,1.00
2015.09.07 07:10:02.093,1.19356,1.1936,1.50,1.00
2015.09.07 07:10:02.602,1.19355,1.19359,1.12,1.00
2015.09.07 07:10:03.065,1.19355,1.19361,4.12,3.07
2015.09.07 07:10:03.573,1.19356,1.1936,1.37,2.25
2015.09.07 07:10:04.338,1.19355,1.19359,3.00,1.00
2015.09.07 07:10:04.950,1.19355,1.1936,4.12,1.87
2015.09.07 07:10:05.458,1.19355,1.19359,1.87,1.00
2015.09.07 07:10:05.964,1.19355,1.1936,2.62,1.12
2015.09.07 07:10:06.484,1.19356,1.1936,1.37,1.87
2015.09.07 07:10:07.047,1.19356,1.1936,1.00,1.50
2015.09.07 07:10:07.575,1.19356,1.19361,1.50,2.25
2015.09.07 07:10:08.082,1.19356,1.19361,3.75,1.00
2015.09.07 07:10:08.588,1.19357,1.19362,1.87,2.70
2015.09.07 07:10:09.117,1.19358,1.19362,1.12,1.00
2015.09.07 07:10:09.623,1.19359,1.19363,1.00,1.57
2015.09.07 07:10:09.899,1.19361,1.19364,1.00,1.50
2015.09.07 07:10:09.950,1.19362,1.19365,1.00,2.62
2015.09.07 07:10:10.356,1.19362,1.19367,1.00,1.87
2015.09.07 07:10:10.876,1.19363,1.19367,1.00,1.00
2015.09.07 07:10:11.433,1.19362,1.19367,1.50,1.00
2015.09.07 07:10:11.979,1.19363,1.19367,1.00,1.00
2015.09.07 07:10:12.485,1.19362,1.19366,1.87,1.00
2015.09.07 07:10:13.174,1.19362,1.19367,1.87,1.00
2015.09.07 07:10:14.249,1.19363,1.19367,1.00,1.00
2015.09.07 07:10:14.809,1.19363,1.19368,1.50,1.87
2015.09.07 07:10:15.316,1.19364,1.19369,1.87,1.10
2015.09.07 07:10:15.570,1.19366,1.1937,1.00,1.87
2015.09.07 07:10:15.915,1.19368,1.19372,1.00,1.10
2015.09.07 07:10:16.423,1.19369,1.19373,1.00,1.57
2015.09.07 07:10:17.101,1.19369,1.19372,1.12,1.00
2015.09.07 07:10:17.608,1.19368,1.19373,1.12,1.00
2015.09.07 07:10:18.147,1.19367,1.19372,1.50,1.00
2015.09.07 07:10:18.451,1.19364,1.1937,1.12,1.12
2015.09.07 07:10:18.705,1.19364,1.19368,1.12,1.00
2015.09.07 07:10:18.976,1.19362,1.19368,3.37,1.12
2015.09.07 07:10:19.584,1.19362,1.19367,1.12,1.00
2015.09.07 07:10:20.193,1.19361,1.19366,3.75,1.50
2015.09.07 07:10:20.910,1.19361,1.19365,1.50,1.00
2015.09.07 07:10:21.584,1.1936,1.19365,2.62,2.25
2015.09.07 07:10:22.090,1.1936,1.19364,2.62,1.00
2015.09.07 07:10:24.722,1.1936,1.19363,1.00,1.00
2015.09.07 07:10:24.774,1.19359,1.19361,1.00,1.00
2015.09.07 07:10:24.875,1.19356,1.1936,1.37,1.50
2015.09.07 07:10:24.926,1.19354,1.19358,1.82,1.00
2015.09.07 07:10:24.977,1.19354,1.19358,2.25,1.00
2015.09.07 07:10:25.484,1.19354,1.19359,1.87,1.00
2015.09.07 07:10:26.009,1.19355,1.1936,1.00,1.87
2015.09.07 07:10:26.516,1.19355,1.1936,3.00,1.00
2015.09.07 07:10:27.022,1.19356,1.19361,1.00,1.95
2015.09.07 07:10:27.530,1.19357,1.19362,1.87,2.70
2015.09.07 07:10:27.783,1.19358,1.19363,1.87,1.50
2015.09.07 07:10:27.987,1.1936,1.19365,1.12,1.57
2015.09.07 07:10:28.323,1.1936,1.19363,1.50,1.00
2015.09.07 07:10:28.476,1.19358,1.19362,1.50,1.00
2015.09.07 07:10:29.001,1.19357,1.19361,1.00,1.00
2015.09.07 07:10:29.644,1.19356,1.19361,1.87,1.50
2015.09.07 07:10:31.094,1.19357,1.19362,1.00,3.82
2015.09.07 07:10:31.601,1.19357,1.19362,2.62,1.10
2015.09.07 07:10:32.752,1.19359,1.19363,1.00,2.25
2015.09.07 07:10:32.905,1.1936,1.19364,1.00,1.12
2015.09.07 07:10:32.956,1.19358,1.19364,1.87,1.12
2015.09.07 07:10:33.483,1.19359,1.19364,1.00,1.12
2015.09.07 07:10:35.962,1.19358,1.19362,2.25,1.00
2015.09.07 07:10:36.216,1.19357,1.19362,1.12,1.50
2015.09.07 07:10:37.672,1.19357,1.19361,1.00,1.00
2015.09.07 07:10:38.231,1.19355,1.1936,4.87,1.00
2015.09.07 07:10:38.383,1.19355,1.1936,3.37,1.50
2015.09.07 07:10:40.285,1.19355,1.19361,4.12,2.70
2015.09.07 07:10:40.794,1.19356,1.1936,1.00,1.00
2015.09.07 07:10:41.301,1.19355,1.1936,2.62,1.50
2015.09.07 07:10:41.989,1.19355,1.19361,3.37,2.70
2015.09.07 07:10:45.668,1.19355,1.1936,3.37,1.00
2015.09.07 07:10:46.181,1.19356,1.1936,1.50,1.00
2015.09.07 07:10:46.687,1.19355,1.1936,3.37,1.50
2015.09.07 07:10:47.193,1.19356,1.19361,1.00,1.95
2015.09.07 07:10:47.695,1.19355,1.19361,3.37,2.70
2015.09.07 07:10:48.201,1.19356,1.19361,1.50,1.20
2015.09.07 07:10:48.707,1.19355,1.1936,3.37,1.00
2015.09.07 07:10:49.246,1.19356,1.19361,1.00,1.95
2015.09.07 07:10:49.754,1.19355,1.1936,3.37,1.50
2015.09.07 07:10:50.265,1.19356,1.1936,1.00,1.50
2015.09.07 07:10:50.923,1.19355,1.1936,2.62,1.50
2015.09.07 07:10:51.642,1.19356,1.1936,1.00,1.00
2015.09.07 07:10:52.150,1.19356,1.19361,1.50,1.20
2015.09.07 07:10:54.240,1.19356,1.1936,1.50,1.00
2015.09.07 07:10:54.853,1.19355,1.1936,2.62,1.50
2015.09.07 07:10:55.693,1.19355,1.19359,1.87,1.00
2015.09.07 07:10:57.819,1.19355,1.1936,3.37,1.00
2015.09.07 07:11:00.568,1.19356,1.1936,1.00,1.00
2015.09.07 07:11:01.109,1.19355,1.1936,3.37,1.00
2015.09.07 07:11:01.363,1.19357,1.19361,1.00,1.20
2015.09.07 07:11:02.444,1.19359,1.19362,1.00,1.87
2015.09.07 07:11:02.852,1.1936,1.19363,2.10,1.50
2015.09.07 07:11:02.998,1.19362,1.19364,1.50,1.00
2015.09.07 07:11:03.050,1.19363,1.19368,1.00,3.37
2015.09.07 07:11:03.557,1.19362,1.19367,1.12,1.00
2015.09.07 07:11:04.135,1.19362,1.19368,2.62,2.62
2015.09.07 07:11:04.644,1.19363,1.19367,1.00,1.00
2015.09.07 07:11:05.200,1.19364,1.19369,1.00,3.00
2015.09.07 07:11:05.706,1.19363,1.19368,1.87,1.00
2015.09.07 07:11:06.226,1.19364,1.19367,1.12,1.00
2015.09.07 07:11:06.733,1.19363,1.19366,1.00,1.00
2015.09.07 07:11:06.886,1.19361,1.19366,1.00,1.12
2015.09.07 07:11:07.393,1.1936,1.19366,3.37,1.12
2015.09.07 07:11:08.491,1.19361,1.19367,1.50,3.00
2015.09.07 07:11:08.644,1.19362,1.19368,3.37,1.12
2015.09.07 07:11:09.151,1.19362,1.19368,4.50,1.00
2015.09.07 07:11:09.253,1.19365,1.19369,1.50,1.95
2015.09.07 07:11:09.578,1.19369,1.19373,1.00,2.62
2015.09.07 07:11:10.390,1.1937,1.19373,1.00,2.25
2015.09.07 07:11:10.701,1.19373,1.19375,2.25,1.00
2015.09.07 07:11:10.752,1.19373,1.19377,1.50,1.00
2015.09.07 07:11:11.258,1.19375,1.19378,1.00,1.00
2015.09.07 07:11:11.762,1.19374,1.19378,1.12,1.50
2015.09.07 07:11:12.219,1.19374,1.19376,1.12,1.00
2015.09.07 07:11:12.729,1.19372,1.19376,1.87,1.50
2015.09.07 07:11:13.237,1.19372,1.19375,1.87,1.00
2015.09.07 07:11:13.803,1.19372,1.19375,2.25,1.00
2015.09.07 07:11:14.594,1.19372,1.19376,1.00,1.50
2015.09.07 07:11:15.139,1.19372,1.19375,2.25,1.00
2015.09.07 07:11:15.647,1.19371,1.19375,1.87,1.00
2015.09.07 07:11:16.154,1.1937,1.19374,4.50,1.50
2015.09.07 07:11:16.661,1.19371,1.19374,1.00,1.50
2015.09.07 07:11:17.169,1.1937,1.19374,1.50,1.50
2015.09.07 07:11:17.678,1.19371,1.19374,1.00,1.00
2015.09.07 07:11:17.934,1.19369,1.19373,1.87,1.00
2015.09.07 07:11:18.392,1.19371,1.19374,1.00,1.00
2015.09.07 07:11:18.755,1.19369,1.19373,1.12,1.00
2015.09.07 07:11:18.908,1.19368,1.19371,1.00,1.50
2015.09.07 07:11:19.010,1.19364,1.19369,1.50,1.50
2015.09.07 07:11:19.112,1.19362,1.19368,3.00,1.10
2015.09.07 07:11:19.619,1.19362,1.19368,1.87,1.20
2015.09.07 07:11:19.936,1.19363,1.19366,1.00,1.00
2015.09.07 07:11:20.442,1.19363,1.19367,1.00,1.00
2015.09.07 07:11:21.363,1.19362,1.19367,1.12,1.00
2015.09.07 07:11:24.489,1.19364,1.19367,1.00,1.10
2015.09.07 07:11:25.014,1.19363,1.19367,1.00,1.10
2015.09.07 07:11:26.881,1.19363,1.19367,1.00,2.32
2015.09.07 07:11:27.308,1.19361,1.19365,1.00,1.50
2015.09.07 07:11:27.760,1.1936,1.19363,1.00,1.50
2015.09.07 07:11:27.964,1.19358,1.19363,1.00,2.32
2015.09.07 07:11:28.016,1.19358,1.19361,1.00,1.00
2015.09.07 07:11:28.118,1.19356,1.19361,1.00,1.87
2015.09.07 07:11:28.473,1.19355,1.1936,1.00,2.25
2015.09.07 07:11:29.365,1.19355,1.19358,1.50,1.00
2015.09.07 07:11:30.859,1.19354,1.19358,3.22,1.00
2015.09.07 07:11:32.223,1.19353,1.19358,1.12,1.50
2015.09.07 07:11:32.736,1.19354,1.19358,1.12,1.00
2015.09.07 07:11:33.243,1.19354,1.19359,1.12,1.50
2015.09.07 07:11:34.796,1.19353,1.19358,3.75,1.00
2015.09.07 07:11:40.017,1.19353,1.19358,2.62,1.50
2015.09.07 07:11:40.555,1.19354,1.19358,1.00,1.50
2015.09.07 07:11:44.089,1.19353,1.19358,1.50,2.62
2015.09.07 07:11:44.633,1.19353,1.19357,1.50,1.00
2015.09.07 07:11:45.225,1.19353,1.19358,1.50,2.62
2015.09.07 07:11:45.580,1.19353,1.19356,1.00,1.00
2015.09.07 07:11:45.732,1.19351,1.19355,1.50,1.00
2015.09.07 07:11:46.337,1.19352,1.19356,1.00,1.12
2015.09.07 07:11:46.439,1.19354,1.19357,1.00,1.50
2015.09.07 07:11:46.592,1.19354,1.19358,1.00,1.12
2015.09.07 07:11:47.098,1.19354,1.19359,1.00,2.62
2015.09.07 07:11:47.618,1.19355,1.19359,1.00,1.87
2015.09.07 07:11:48.125,1.19354,1.19359,1.12,1.50
2015.09.07 07:11:49.669,1.19354,1.19358,1.00,1.00
2015.09.07 07:11:51.013,1.19353,1.19358,2.25,1.50
2015.09.07 07:11:51.548,1.19353,1.19357,1.12,1.00
2015.09.07 07:11:51.953,1.19352,1.19355,1.50,1.00
2015.09.07 07:11:52.055,1.19351,1.19355,2.62,1.00
2015.09.07 07:11:52.562,1.19351,1.19354,1.00,2.25
2015.09.07 07:11:52.859,1.19349,1.19354,2.25,2.25
2015.09.07 07:11:54.261,1.19349,1.19353,1.87,1.00
2015.09.07 07:11:54.666,1.19349,1.19351,1.87,1.00
2015.09.07 07:11:54.940,1.19347,1.19351,1.87,1.00
2015.09.07 07:11:55.092,1.19347,1.19349,1.00,1.00
2015.09.07 07:11:55.193,1.19344,1.19349,4.12,1.50
2015.09.07 07:11:55.396,1.19344,1.19347,1.50,1.00
2015.09.07 07:11:55.649,1.19342,1.19347,2.25,1.00
2015.09.07 07:11:56.191,1.19342,1.19347,1.87,1.00
2015.09.07 07:11:57.393,1.19342,1.19346,1.87,1.00
2015.09.07 07:11:57.899,1.19341,1.19345,1.12,1.00
2015.09.07 07:11:58.389,1.19339,1.19344,4.12,1.50
2015.09.07 07:11:58.694,1.1934,1.19345,2.55,1.12
2015.09.07 07:11:58.998,1.19343,1.19348,1.87,1.00
2015.09.07 07:11:59.529,1.19343,1.19348,3.00,1.00
2015.09.07 07:12:00.049,1.19345,1.19349,1.00,1.12
2015.09.07 07:12:00.556,1.19346,1.1935,1.00,1.00
2015.09.07 07:12:01.063,1.19346,1.19352,3.45,2.62
2015.09.07 07:12:01.570,1.19347,1.19352,1.12,1.00
2015.09.07 07:12:01.994,1.19349,1.19353,1.00,1.12
2015.09.07 07:12:02.197,1.1935,1.19355,1.00,1.87
2015.09.07 07:12:02.653,1.19353,1.19355,3.75,1.50
2015.09.07 07:12:02.906,1.19353,1.19358,3.75,1.87
2015.09.07 07:12:03.621,1.19354,1.19358,1.00,1.00
2015.09.07 07:12:04.127,1.19353,1.19357,4.87,1.00
2015.09.07 07:12:04.888,1.19353,1.19358,4.87,2.25
2015.09.07 07:12:05.436,1.19353,1.19357,4.87,1.00
2015.09.07 07:12:05.972,1.19354,1.19358,2.25,2.25
2015.09.07 07:12:06.991,1.19354,1.19357,2.25,1.00
2015.09.07 07:12:07.449,1.19354,1.19355,2.25,1.00
2015.09.07 07:12:07.956,1.19353,1.19356,1.00,2.62
2015.09.07 07:12:08.596,1.19353,1.19355,1.00,1.50
2015.09.07 07:12:09.312,1.19353,1.19354,1.00,1.00
2015.09.07 07:12:09.363,1.19351,1.19354,1.12,1.00
2015.09.07 07:12:10.463,1.1935,1.19353,2.25,1.50
2015.09.07 07:12:10.565,1.19348,1.19352,1.20,1.00
2015.09.07 07:12:11.125,1.19349,1.19353,1.00,1.12
2015.09.07 07:12:11.328,1.19351,1.19355,1.00,1.75
2015.09.07 07:12:11.380,1.19351,1.19355,1.50,1.12
2015.09.07 07:12:11.482,1.19353,1.19356,1.00,1.00
2015.09.07 07:12:11.533,1.19353,1.19358,1.00,1.87
2015.09.07 07:12:13.208,1.19353,1.19357,1.12,1.00
2015.09.07 07:12:13.411,1.19351,1.19356,2.70,1.50
2015.09.07 07:12:13.938,1.19351,1.19355,2.25,1.00
2015.09.07 07:12:14.820,1.1935,1.19354,1.87,1.00
2015.09.07 07:12:15.330,1.1935,1.19355,2.25,2.62
2015.09.07 07:12:15.836,1.1935,1.19354,1.50,1.00
2015.09.07 07:12:16.602,1.1935,1.19354,1.00,1.50
2015.09.07 07:12:17.496,1.1935,1.19355,1.50,2.62
2015.09.07 07:12:18.559,1.19351,1.19355,1.50,1.12
2015.09.07 07:12:19.072,1.19352,1.19356,1.00,1.87
2015.09.07 07:12:19.600,1.19352,1.19357,1.00,2.62
2015.09.07 07:12:20.150,1.19351,1.19356,1.87,2.62
2015.09.07 07:12:20.769,1.19351,1.19355,1.87,1.00
2015.09.07 07:12:21.552,1.1935,1.19354,3.45,1.50
2015.09.07 07:12:22.059,1.1935,1.19354,1.50,1.50
2015.09.07 07:12:22.569,1.1935,1.19353,1.00,1.12
2015.09.07 07:12:23.075,1.1935,1.19354,1.00,1.87
2015.09.07 07:12:24.388,1.19351,1.19354,1.50,1.00
2015.09.07 07:12:24.541,1.19352,1.19357,1.00,4.12
2015.09.07 07:12:24.831,1.1935,1.19353,1.57,1.00
2015.09.07 07:12:25.338,1.19349,1.19353,1.00,1.37
2015.09.07 07:12:27.801,1.19347,1.19353,5.85,2.62
2015.09.07 07:12:28.108,1.19344,1.19348,1.87,1.00
2015.09.07 07:12:28.413,1.19341,1.19345,1.37,2.25
2015.09.07 07:12:28.464,1.1934,1.19345,2.62,2.62
2015.09.07 07:12:28.669,1.19338,1.19342,1.50,1.00
2015.09.07 07:12:28.923,1.19337,1.19341,1.12,1.00
2015.09.07 07:12:29.375,1.19339,1.19341,1.00,1.12
2015.09.07 07:12:29.628,1.19337,1.19342,2.25,1.50
2015.09.07 07:12:30.135,1.19337,1.19341,1.87,1.00
2015.09.07 07:12:31.316,1.19337,1.19342,2.62,3.00
2015.09.07 07:12:31.823,1.19337,1.19341,2.25,1.00
2015.09.07 07:12:36.327,1.19337,1.1934,1.00,1.00
2015.09.07 07:12:36.631,1.19335,1.19339,1.87,1.87
2015.09.07 07:12:37.815,1.19336,1.19339,1.00,1.00
2015.09.07 07:12:38.364,1.19335,1.19339,1.87,1.50
2015.09.07 07:12:39.587,1.19335,1.19338,1.12,1.00
2015.09.07 07:12:40.875,1.19334,1.19338,1.00,1.00
2015.09.07 07:12:46.261,1.19334,1.19339,2.10,2.25
2015.09.07 07:12:48.973,1.19335,1.19339,1.00,2.25
2015.09.07 07:12:49.707,1.19334,1.19339,2.62,1.12
2015.09.07 07:12:50.925,1.19334,1.19339,1.87,2.62
2015.09.07 07:12:52.440,1.19334,1.19337,1.12,1.00
2015.09.07 07:12:52.948,1.19334,1.19338,1.12,1.87
2015.09.07 07:12:53.511,1.19335,1.19338,1.00,1.00
2015.09.07 07:12:53.866,1.19335,1.1934,3.00,2.25
2015.09.07 07:12:54.605,1.19337,1.1934,1.00,1.87
2015.09.07 07:12:54.859,1.19339,1.19344,1.50,3.37
2015.09.07 07:12:55.888,1.19342,1.19344,1.00,1.12
2015.09.07 07:12:56.412,1.19343,1.19345,1.00,3.00
2015.09.07 07:12:57.584,1.19342,1.19344,1.00,1.00
2015.09.07 07:12:58.093,1.19343,1.19345,1.00,2.62
2015.09.07 07:12:59.016,1.19343,1.19344,1.00,1.00
2015.09.07 07:12:59.522,1.19342,1.19344,1.00,1.00
2015.09.07 07:13:00.124,1.19342,1.19343,1.00,1.00
2015.09.07 07:13:00.175,1.19339,1.19343,1.87,1.00
2015.09.07 07:13:00.700,1.1934,1.19343,1.00,1.50
2015.09.07 07:13:01.409,1.1934,1.19342,1.00,1.00
2015.09.07 07:13:01.561,1.19338,1.19342,1.87,1.00
2015.09.07 07:13:02.069,1.19339,1.19342,1.50,1.00
2015.09.07 07:13:02.576,1.19338,1.19342,1.12,1.50
2015.09.07 07:13:04.261,1.19338,1.19341,1.87,1.00
2015.09.07 07:13:04.768,1.19338,1.19342,1.50,1.50
2015.09.07 07:13:06.089,1.19338,1.19343,2.62,1.50
2015.09.07 07:13:06.596,1.19339,1.19343,1.50,1.00
2015.09.07 07:13:06.990,1.1934,1.19345,1.00,3.00
2015.09.07 07:13:07.496,1.19341,1.19345,1.00,1.87
2015.09.07 07:13:08.031,1.1934,1.19345,1.50,2.62
2015.09.07 07:13:08.537,1.1934,1.19346,1.87,3.00
2015.09.07 07:13:09.052,1.1934,1.19345,1.00,2.62
2015.09.07 07:13:09.561,1.1934,1.19344,1.00,1.50
2015.09.07 07:13:10.090,1.19339,1.19343,1.00,1.50
2015.09.07 07:13:11.002,1.19337,1.19342,4.87,1.50
2015.09.07 07:13:11.795,1.19337,1.19342,1.87,2.25
2015.09.07 07:13:12.327,1.19337,1.19341,1.87,1.50
2015.09.07 07:13:12.835,1.19337,1.1934,1.00,2.25
2015.09.07 07:13:13.631,1.19337,1.19341,1.00,2.62
2015.09.07 07:13:14.137,1.19337,1.1934,1.00,2.25
2015.09.07 07:13:14.788,1.19337,1.19339,1.00,1.00
2015.09.07 07:13:15.050,1.19335,1.19339,1.50,2.25
2015.09.07 07:13:15.557,1.19334,1.19338,3.75,1.00
2015.09.07 07:13:17.525,1.19334,1.19339,3.37,1.50
2015.09.07 07:13:17.969,1.19334,1.19337,1.12,1.00
2015.09.07 07:13:18.491,1.19333,1.19336,1.00,1.00
2015.09.07 07:13:18.949,1.19333,1.19338,1.50,1.87
2015.09.07 07:13:19.673,1.19334,1.19338,1.00,1.87
2015.09.07 07:13:20.179,1.19335,1.19339,1.00,1.12
2015.09.07 07:13:20.705,1.19334,1.19339,1.50,2.62
2015.09.07 07:13:21.414,1.19334,1.19338,1.00,1.00
2015.09.07 07:13:22.793,1.19333,1.19337,1.12,1.00
2015.09.07 07:13:23.308,1.19333,1.19336,1.00,1.00
2015.09.07 07:13:23.814,1.19332,1.19336,1.87,1.00
2015.09.07 07:13:24.548,1.19332,1.19337,1.12,3.00
2015.09.07 07:13:25.216,1.19332,1.19336,1.12,1.00
2015.09.07 07:13:25.753,1.19332,1.19337,1.87,3.00
2015.09.07 07:13:29.301,1.19332,1.19336,1.12,1.00
2015.09.07 07:13:29.808,1.1933,1.19334,3.07,1.00
2015.09.07 07:13:29.960,1.19328,1.19333,4.12,1.50
2015.09.07 07:13:30.427,1.19332,1.19333,1.50,1.00
2015.09.07 07:13:30.583,1.19332,1.19335,1.50,1.00
2015.09.07 07:13:31.091,1.19332,1.19336,1.50,1.00
2015.09.07 07:13:31.597,1.19332,1.19335,1.50,1.00
2015.09.07 07:13:32.365,1.19333,1.19335,1.00,1.00
2015.09.07 07:13:32.569,1.19333,1.19337,1.50,1.12
2015.09.07 07:13:33.580,1.19333,1.19336,1.00,1.00
2015.09.07 07:13:33.784,1.19331,1.19336,2.70,1.50
2015.09.07 07:13:33.987,1.19331,1.19334,1.00,1.00
2015.09.07 07:13:34.493,1.1933,1.19334,2.32,1.00
2015.09.07 07:13:35.029,1.19329,1.19333,1.87,1.50
2015.09.07 07:13:35.795,1.19331,1.19334,1.00,1.00
2015.09.07 07:13:36.301,1.19331,1.19335,1.00,1.87
2015.09.07 07:13:36.817,1.19332,1.19334,1.00,1.00
2015.09.07 07:13:37.325,1.19332,1.19335,1.00,1.00
2015.09.07 07:13:37.834,1.19331,1.19334,1.00,1.00
2015.09.07 07:13:38.341,1.1933,1.19333,1.57,1.00
2015.09.07 07:13:38.849,1.1933,1.19334,1.10,1.50
2015.09.07 07:13:39.375,1.1933,1.19333,1.10,1.00
2015.09.07 07:13:40.072,1.19332,1.19333,1.00,1.00
2015.09.07 07:13:40.303,1.19332,1.19336,1.50,1.50
2015.09.07 07:13:42.149,1.19332,1.19336,1.50,1.12
2015.09.07 07:13:42.251,1.19334,1.19338,1.00,3.00
2015.09.07 07:13:42.352,1.19335,1.19338,1.00,1.00
2015.09.07 07:13:42.861,1.19335,1.19339,1.00,2.25
2015.09.07 07:13:43.724,1.19334,1.19338,1.87,1.00
2015.09.07 07:13:44.231,1.19334,1.19339,1.87,1.50
2015.09.07 07:13:45.111,1.19334,1.19338,1.00,1.00
2015.09.07 07:13:45.767,1.19334,1.19339,1.00,1.87
2015.09.07 07:13:46.438,1.19334,1.19338,1.00,1.00
2015.09.07 07:13:46.590,1.19335,1.1934,1.00,4.12
2015.09.07 07:13:47.102,1.19334,1.19339,1.12,1.50
2015.09.07 07:13:47.804,1.19333,1.19338,1.50,1.00
2015.09.07 07:13:48.108,1.19333,1.19336,1.00,1.00
2015.09.07 07:13:48.683,1.19332,1.19336,1.12,1.00
2015.09.07 07:13:49.493,1.19333,1.19336,1.00,1.00
2015.09.07 07:13:49.797,1.19334,1.19338,1.50,1.00
2015.09.07 07:13:50.364,1.19333,1.19338,1.87,1.50
2015.09.07 07:13:50.821,1.19332,1.19336,1.12,1.00
2015.09.07 07:13:51.798,1.1933,1.19336,4.20,1.50
2015.09.07 07:13:52.197,1.1933,1.19334,2.32,1.00
2015.09.07 07:13:52.805,1.1933,1.19335,1.12,2.25
2015.09.07 07:13:54.261,1.1933,1.19334,1.12,1.00
2015.09.07 07:13:54.979,1.1933,1.19335,1.87,2.25
2015.09.07 07:13:55.487,1.19331,1.19335,1.00,1.50
2015.09.07 07:13:56.005,1.1933,1.19335,1.87,2.25
2015.09.07 07:13:56.568,1.1933,1.19335,3.00,1.00
2015.09.07 07:13:56.874,1.19328,1.19332,1.85,1.00
2015.09.07 07:13:56.926,1.19328,1.19332,1.57,1.00
2015.09.07 07:13:57.432,1.19327,1.19333,4.42,2.62
2015.09.07 07:13:58.507,1.19327,1.19332,6.22,1.00
2015.09.07 07:14:00.230,1.19328,1.19333,2.32,1.87
2015.09.07 07:14:02.230,1.19331,1.19334,1.00,1.37
2015.09.07 07:14:02.333,1.19331,1.19335,1.12,1.12
2015.09.07 07:14:02.840,1.19332,1.19336,1.00,1.12
2015.09.07 07:14:05.373,1.19331,1.19336,2.62,1.87
2015.09.07 07:14:05.874,1.19331,1.19335,1.12,1.00
2015.09.07 07:14:06.382,1.1933,1.19335,1.20,2.25
2015.09.07 07:14:06.486,1.1933,1.19333,1.20,1.50
2015.09.07 07:14:07.000,1.19329,1.19333,1.00,1.50
2015.09.07 07:14:10.721,1.19329,1.19334,1.72,1.87
2015.09.07 07:14:11.250,1.1933,1.19334,1.00,1.12
2015.09.07 07:14:12.319,1.19331,1.19335,1.00,1.50
2015.09.07 07:14:12.826,1.19331,1.19335,1.12,1.12
2015.09.07 07:14:13.130,1.19334,1.19337,1.00,1.37
2015.09.07 07:14:13.664,1.19334,1.19337,1.50,1.12
2015.09.07 07:14:14.171,1.19335,1.19337,1.00,1.12
2015.09.07 07:14:14.958,1.19335,1.19338,1.00,1.87
2015.09.07 07:14:18.237,1.19335,1.19338,1.00,1.87
2015.09.07 07:14:18.592,1.19335,1.19339,1.00,1.12
2015.09.07 07:14:19.100,1.19335,1.19338,1.00,1.12
2015.09.07 07:14:19.557,1.19333,1.19337,1.95,1.00
2015.09.07 07:14:20.472,1.19334,1.19337,1.00,1.00
2015.09.07 07:14:21.278,1.19333,1.19337,1.12,1.00
2015.09.07 07:14:24.047,1.19333,1.19336,1.12,1.12
2015.09.07 07:14:24.300,1.19331,1.19335,1.12,1.87
2015.09.07 07:14:24.806,1.19331,1.19335,1.12,1.87
2015.09.07 07:14:33.437,1.1933,1.19335,1.50,2.25
2015.09.07 07:14:33.691,1.19332,1.19337,1.87,1.12
2015.09.07 07:14:33.793,1.19333,1.19338,1.85,1.00
2015.09.07 07:14:35.298,1.19333,1.19338,1.20,1.12
2015.09.07 07:14:36.169,1.19332,1.19335,2.25,1.00
2015.09.07 07:14:36.272,1.19331,1.19335,2.70,1.12
2015.09.07 07:14:36.983,1.1933,1.19335,2.70,1.12
2015.09.07 07:14:39.348,1.1933,1.19334,1.95,1.00
2015.09.07 07:14:41.534,1.1933,1.19333,1.12,1.00
2015.09.07 07:14:42.157,1.1933,1.19334,1.87,1.12
2015.09.07 07:14:42.360,1.19332,1.19335,1.00,1.87
2015.09.07 07:14:42.900,1.19331,1.19336,2.25,2.62
2015.09.07 07:14:43.256,1.1933,1.19334,3.75,1.50
2015.09.07 07:14:43.408,1.19329,1.19333,1.95,1.00
2015.09.07 07:14:43.916,1.19329,1.19335,1.87,3.00
2015.09.07 07:14:44.119,1.19331,1.19335,1.00,1.12
2015.09.07 07:14:44.622,1.19331,1.19336,1.20,1.12
2015.09.07 07:14:45.281,1.19331,1.19336,1.20,1.87
2015.09.07 07:14:47.688,1.19329,1.19335,3.07,1.00
2015.09.07 07:14:48.923,1.1933,1.19336,1.12,3.37
2015.09.07 07:14:49.443,1.1933,1.19335,5.25,1.00
2015.09.07 07:14:49.970,1.19329,1.19333,3.00,1.00
2015.09.07 07:14:50.480,1.19329,1.19332,1.50,1.00
2015.09.07 07:14:50.531,1.19328,1.19332,1.12,1.00
2015.09.07 07:14:50.889,1.19328,1.19334,2.62,2.62
2015.09.07 07:14:51.399,1.19328,1.19333,2.62,1.00
2015.09.07 07:14:52.494,1.19329,1.19334,1.20,1.87
2015.09.07 07:14:52.819,1.19328,1.19331,1.87,1.00
2015.09.07 07:14:53.174,1.19328,1.1933,1.87,1.00
2015.09.07 07:14:53.703,1.19328,1.19331,1.87,1.00
2015.09.07 07:14:54.812,1.19328,1.19331,1.12,1.00
2015.09.07 07:14:55.066,1.19326,1.19327,1.00,1.00
2015.09.07 07:14:55.581,1.19325,1.19327,1.95,1.00
2015.09.07 07:14:57.177,1.19325,1.19327,1.20,1.00
2015.09.07 07:15:01.711,1.19325,1.19327,1.87,1.00
2015.09.07 07:15:01.762,1.19327,1.19328,1.00,1.00
2015.09.07 07:15:01.915,1.19328,1.19329,1.00,1.00
2015.09.07 07:15:02.101,1.19329,1.19332,1.00,1.00
2015.09.07 07:15:02.257,1.19331,1.19333,1.12,1.00
2015.09.07 07:15:02.513,1.19332,1.19336,1.95,1.00
2015.09.07 07:15:03.030,1.19333,1.19336,1.57,1.00
2015.09.07 07:15:03.536,1.19334,1.19337,1.12,1.00
2015.09.07 07:15:04.142,1.19334,1.19337,1.87,1.00
2015.09.07 07:15:04.649,1.19334,1.19337,3.60,1.00
2015.09.07 07:15:05.163,1.19334,1.19336,2.47,1.00
2015.09.07 07:15:05.890,1.19334,1.19336,1.10,1.00
2015.09.07 07:15:07.001,1.19334,1.19337,1.20,1.00
2015.09.07 07:15:08.328,1.19335,1.19337,1.00,1.00
2015.09.07 07:15:08.839,1.19335,1.19338,1.57,1.00
2015.09.07 07:15:09.363,1.19336,1.1934,3.00,1.00
2015.09.07 07:15:09.515,1.19339,1.19341,1.00,1.00
2015.09.07 07:15:09.617,1.19337,1.19343,3.00,1.50
2015.09.07 07:15:10.125,1.19339,1.19344,1.12,1.00
2015.09.07 07:15:10.640,1.19339,1.19343,1.12,1.00
2015.09.07 07:15:11.159,1.19339,1.19344,1.87,1.00
2015.09.07 07:15:12.869,1.19339,1.19344,4.12,1.00
2015.09.07 07:15:14.792,1.1934,1.19344,2.25,1.00
2015.09.07 07:15:15.463,1.19341,1.19345,1.57,1.00
2015.09.07 07:15:15.615,1.19342,1.19346,1.87,1.00
2015.09.07 07:15:15.768,1.19344,1.19349,1.12,1.00
2015.09.07 07:15:15.921,1.19345,1.1935,3.37,1.00
2015.09.07 07:15:16.236,1.19346,1.1935,3.37,1.00
2015.09.07 07:15:17.049,1.19347,1.1935,1.57,1.00
2015.09.07 07:15:18.076,1.19347,1.19348,1.10,1.00
2015.09.07 07:15:18.447,1.19345,1.19348,1.50,1.00
2015.09.07 07:15:19.006,1.19344,1.19347,1.12,1.00
2015.09.07 07:15:19.614,1.19345,1.19347,1.10,1.00
2015.09.07 07:15:21.078,1.19344,1.19347,1.85,1.00
2015.09.07 07:15:21.486,1.19344,1.19346,1.57,1.00
2015.09.07 07:15:21.994,1.19344,1.19347,1.57,1.00
2015.09.07 07:15:22.512,1.19343,1.19347,2.25,1.00
2015.09.07 07:15:23.018,1.19344,1.19347,1.57,1.00
2015.09.07 07:15:23.523,1.19343,1.19347,2.25,1.00
2015.09.07 07:15:24.132,1.19344,1.19347,1.50,1.00
2015.09.07 07:15:24.802,1.19344,1.19348,1.95,1.00
2015.09.07 07:15:25.207,1.19345,1.1935,2.70,1.00
2015.09.07 07:15:25.715,1.19346,1.19349,1.12,1.00
2015.09.07 07:15:25.817,1.19346,1.19349,2.25,1.00
2015.09.07 07:15:26.349,1.19346,1.19349,1.75,1.00
2015.09.07 07:15:27.099,1.19346,1.1935,1.75,1.00
2015.09.07 07:15:27.647,1.19348,1.19351,1.12,1.00
2015.09.07 07:15:28.155,1.19348,1.19352,1.57,1.00
2015.09.07 07:15:28.661,1.19348,1.19351,1.57,1.00
2015.09.07 07:15:31.245,1.1935,1.19353,1.00,1.00
2015.09.07 07:15:31.767,1.19348,1.19353,1.12,1.00
2015.09.07 07:15:32.275,1.19348,1.19351,1.12,1.00
2015.09.07 07:15:32.783,1.19347,1.19352,2.62,1.00
2015.09.07 07:15:33.996,1.19348,1.19353,1.57,1.50
2015.09.07 07:15:34.347,1.19348,1.19351,1.57,1.00
2015.09.07 07:15:34.804,1.19347,1.19353,3.37,1.50
2015.09.07 07:15:35.310,1.19347,1.19352,2.62,1.00
2015.09.07 07:15:35.836,1.19347,1.19352,3.37,1.00
2015.09.07 07:15:36.344,1.19347,1.19351,2.62,1.00
2015.09.07 07:15:36.845,1.19347,1.19352,2.62,1.00
2015.09.07 07:15:38.270,1.19347,1.19351,1.87,1.00
2015.09.07 07:15:39.082,1.19347,1.1935,1.87,1.00
2015.09.07 07:15:39.395,1.19347,1.19351,1.12,1.00
2015.09.07 07:15:39.496,1.19347,1.19349,1.12,1.00
2015.09.07 07:15:39.598,1.19347,1.19351,1.12,1.00
2015.09.07 07:15:39.902,1.19347,1.19349,1.12,1.00
2015.09.07 07:15:40.264,1.19347,1.19351,1.12,1.00
2015.09.07 07:15:40.518,1.19347,1.19352,1.75,1.00
2015.09.07 07:15:41.030,1.19347,1.19351,3.37,1.00
2015.09.07 07:15:41.537,1.19347,1.19352,2.62,1.00
2015.09.07 07:15:42.238,1.1935,1.19353,1.00,1.00
2015.09.07 07:15:42.753,1.1935,1.19354,1.20,1.00
2015.09.07 07:15:43.302,1.1935,1.19353,1.20,1.00
2015.09.07 07:15:43.556,1.19352,1.19357,1.12,1.50
2015.09.07 07:15:44.064,1.19351,1.19357,4.12,1.00
2015.09.07 07:15:44.531,1.19352,1.19358,3.75,1.50
2015.09.07 07:15:45.038,1.19354,1.19359,3.75,1.00
2015.09.07 07:15:45.563,1.19356,1.19359,1.12,1.00
2015.09.07 07:15:46.120,1.19356,1.1936,1.87,1.50
2015.09.07 07:15:46.402,1.1936,1.19365,1.00,1.12
2015.09.07 07:15:46.657,1.19362,1.19366,1.00,1.50
2015.09.07 07:15:46.963,1.19365,1.19369,2.25,1.00
2015.09.07 07:15:47.269,1.19367,1.19372,3.82,1.00
2015.09.07 07:15:48.029,1.19369,1.19372,1.00,1.00
2015.09.07 07:15:48.334,1.1937,1.19374,1.20,1.00
2015.09.07 07:15:48.435,1.19372,1.19374,1.00,1.50
2015.09.07 07:15:48.588,1.19372,1.19376,1.87,1.00
2015.09.07 07:15:48.689,1.19374,1.19376,1.00,1.00
2015.09.07 07:15:49.098,1.19376,1.19378,1.00,1.50
2015.09.07 07:15:49.149,1.19377,1.19379,1.00,2.25
2015.09.07 07:15:49.250,1.19378,1.19382,1.00,2.25
2015.09.07 07:15:49.352,1.19379,1.19382,2.25,1.10
2015.09.07 07:15:49.505,1.1938,1.19386,2.32,1.00
2015.09.07 07:15:50.013,1.19381,1.19387,1.50,1.50
2015.09.07 07:15:50.165,1.19382,1.19387,1.75,1.00
2015.09.07 07:15:50.774,1.19384,1.19387,2.25,1.00
2015.09.07 07:15:51.307,1.19385,1.19388,1.87,2.25
2015.09.07 07:15:52.114,1.19385,1.19388,1.50,1.50
2015.09.07 07:15:52.624,1.19384,1.19388,1.12,1.50
2015.09.07 07:15:53.131,1.19384,1.19388,1.12,1.50
2015.09.07 07:15:53.446,1.19382,1.19386,3.07,1.00
2015.09.07 07:15:53.751,1.19381,1.19382,1.00,1.00
2015.09.07 07:15:53.802,1.19377,1.19382,3.82,1.00
2015.09.07 07:15:54.007,1.19377,1.1938,1.10,1.00
2015.09.07 07:15:54.464,1.19376,1.19378,1.57,1.00
2015.09.07 07:15:54.717,1.19376,1.1938,1.50,1.00
2015.09.07 07:15:54.768,1.19374,1.19378,4.12,1.00
2015.09.07 07:15:54.870,1.19374,1.19378,2.62,1.00
2015.09.07 07:15:55.420,1.19374,1.19379,1.50,1.00
2015.09.07 07:15:55.725,1.19374,1.19376,1.50,1.00
2015.09.07 07:15:55.776,1.19372,1.19375,1.95,1.00
2015.09.07 07:15:55.980,1.19369,1.19374,2.25,1.00
2015.09.07 07:15:57.165,1.19368,1.19375,3.00,1.50
2015.09.07 07:15:57.672,1.19368,1.19375,3.00,1.10
2015.09.07 07:15:58.280,1.19368,1.19374,3.00,1.00
2015.09.07 07:15:58.538,1.19367,1.19372,1.87,1.00
2015.09.07 07:15:58.589,1.19367,1.19372,1.50,1.00
2015.09.07 07:15:59.095,1.19367,1.19373,1.12,1.20
2015.09.07 07:15:59.625,1.19367,1.19372,1.87,1.00
2015.09.07 07:16:02.224,1.19366,1.19371,1.50,1.00
2015.09.07 07:16:02.731,1.19368,1.19372,1.00,1.12
2015.09.07 07:16:02.969,1.19369,1.19374,1.12,1.10
2015.09.07 07:16:03.475,1.19369,1.19374,1.50,1.00
2015.09.07 07:16:03.577,1.19371,1.19376,1.00,2.62
2015.09.07 07:16:04.086,1.1937,1.19375,1.50,1.00
2015.09.07 07:16:04.289,1.19369,1.19373,1.75,1.00
2015.09.07 07:16:04.823,1.19369,1.19374,1.50,1.50
2015.09.07 07:16:05.332,1.19368,1.19373,1.75,1.00
2015.09.07 07:16:05.840,1.19368,1.19373,1.50,1.00
2015.09.07 07:16:06.523,1.19367,1.19372,1.75,1.50
2015.09.07 07:16:06.878,1.19366,1.19371,1.50,1.00
2015.09.07 07:16:07.394,1.19365,1.1937,1.50,1.00
2015.09.07 07:16:08.179,1.19365,1.19369,1.50,1.00
2015.09.07 07:16:08.686,1.19364,1.1937,3.00,1.50
2015.09.07 07:16:08.839,1.19365,1.19367,1.00,1.00
2015.09.07 07:16:08.991,1.19362,1.19366,1.87,1.50
2015.09.07 07:16:09.144,1.19361,1.19366,1.12,1.50
2015.09.07 07:16:09.890,1.19361,1.19365,1.12,1.00
2015.09.07 07:16:10.245,1.19361,1.19363,1.12,1.00
2015.09.07 07:16:10.636,1.19357,1.19361,1.87,1.00
2015.09.07 07:16:11.143,1.19356,1.1936,1.50,1.00
2015.09.07 07:16:12.217,1.19354,1.1936,1.85,1.50
2015.09.07 07:16:14.089,1.19354,1.19359,2.32,1.00
2015.09.07 07:16:14.572,1.19356,1.19361,1.50,1.87
2015.09.07 07:16:14.877,1.19358,1.19363,1.50,1.50
2015.09.07 07:16:14.928,1.19358,1.19364,2.25,3.07
2015.09.07 07:16:15.817,1.19358,1.19364,1.75,1.50
2015.09.07 07:16:16.924,1.19357,1.19363,2.25,1.00
2015.09.07 07:16:17.431,1.19357,1.19363,2.25,1.00
2015.09.07 07:16:17.884,1.19357,1.19361,1.75,1.00
2015.09.07 07:16:18.240,1.19354,1.1936,3.37,1.00
2015.09.07 07:16:19.104,1.19354,1.19359,2.32,1.00
2015.09.07 07:16:19.610,1.19354,1.1936,3.00,1.00
2015.09.07 07:16:20.758,1.19355,1.19361,1.12,1.87
2015.09.07 07:16:21.115,1.19357,1.19363,2.62,1.47
2015.09.07 07:16:21.166,1.19359,1.19364,1.00,1.95
2015.09.07 07:16:21.390,1.1936,1.19366,1.12,2.62
2015.09.07 07:16:21.907,1.1936,1.19366,1.50,1.00
2015.09.07 07:16:23.263,1.1936,1.19365,2.25,1.00
2015.09.07 07:16:25.571,1.19359,1.19362,2.25,1.00
2015.09.07 07:16:25.774,1.19355,1.19359,1.87,1.00
2015.09.07 07:16:25.977,1.19354,1.19359,1.20,1.00
2015.09.07 07:16:26.538,1.19355,1.19359,1.00,1.00
2015.09.07 07:16:26.996,1.19355,1.19361,3.00,1.00
2015.09.07 07:16:27.996,1.19355,1.1936,2.25,1.00
2015.09.07 07:16:28.503,1.19355,1.19361,2.25,1.50
2015.09.07 07:16:29.286,1.19355,1.1936,1.50,1.00
2015.09.07 07:16:29.641,1.19354,1.19359,1.95,1.00
2015.09.07 07:16:31.103,1.19354,1.1936,1.12,2.62
2015.09.07 07:16:31.627,1.19354,1.19359,1.87,1.00
2015.09.07 07:16:32.145,1.19354,1.1936,1.87,1.12
2015.09.07 07:16:33.007,1.19355,1.19361,1.00,3.75
2015.09.07 07:16:33.413,1.19358,1.19361,1.50,1.00
2015.09.07 07:16:33.514,1.19359,1.19363,1.00,1.57
2015.09.07 07:16:34.020,1.19357,1.19362,2.25,1.50
2015.09.07 07:16:34.120,1.19356,1.19362,3.07,2.25
2015.09.07 07:16:34.829,1.19356,1.19361,1.50,1.00
2015.09.07 07:16:35.335,1.19356,1.19362,2.25,3.00
2015.09.07 07:16:35.723,1.19359,1.19362,1.50,1.00
2015.09.07 07:16:36.230,1.19358,1.19363,1.00,2.62
2015.09.07 07:16:36.738,1.19357,1.19362,1.20,1.00
2015.09.07 07:16:37.274,1.19357,1.19363,1.12,1.12
2015.09.07 07:16:37.782,1.19357,1.19362,1.12,1.00
2015.09.07 07:16:39.301,1.19358,1.19363,1.00,1.87
2015.09.07 07:16:41.149,1.19357,1.19363,1.87,1.12
2015.09.07 07:16:41.453,1.19355,1.1936,1.37,1.00
2015.09.07 07:16:41.504,1.19354,1.1936,3.37,1.12
2015.09.07 07:16:42.034,1.19354,1.19359,2.62,1.50
2015.09.07 07:16:43.100,1.19354,1.19358,1.12,1.00
2015.09.07 07:16:44.179,1.19354,1.19357,1.12,1.00
2015.09.07 07:16:46.109,1.19353,1.19357,1.50,1.50
2015.09.07 07:16:46.211,1.19352,1.19354,1.12,1.00
2015.09.07 07:16:46.415,1.19352,1.19357,1.87,1.50
2015.09.07 07:16:46.719,1.19353,1.19359,1.12,2.62
2015.09.07 07:16:47.318,1.19354,1.19359,1.00,2.62
2015.09.07 07:16:47.521,1.19352,1.19357,3.75,1.00
2015.09.07 07:16:48.027,1.19352,1.19358,4.50,2.25
2015.09.07 07:16:48.559,1.19352,1.19358,3.37,1.87
2015.09.07 07:16:49.132,1.19352,1.19357,3.37,1.00
2015.09.07 07:16:49.684,1.19352,1.19358,4.50,1.50
2015.09.07 07:16:50.445,1.19352,1.19357,3.00,1.00
2015.09.07 07:16:50.947,1.19352,1.19357,2.62,1.00
2015.09.07 07:16:51.407,1.19352,1.19355,1.12,1.00
2015.09.07 07:16:52.741,1.19352,1.19356,1.87,1.50
2015.09.07 07:16:52.894,1.19353,1.19358,1.12,1.50
2015.09.07 07:16:53.413,1.19353,1.19359,3.75,1.00
2015.09.07 07:16:53.919,1.19354,1.1936,1.87,1.87
2015.09.07 07:16:54.222,1.19354,1.1936,3.00,1.50
2015.09.07 07:16:55.601,1.19354,1.1936,1.95,1.87
2015.09.07 07:16:56.058,1.19353,1.19358,3.07,1.00
2015.09.07 07:16:56.586,1.19353,1.19357,1.47,1.00
2015.09.07 07:16:57.120,1.19352,1.19357,3.82,1.00
2015.09.07 07:16:57.646,1.19352,1.19356,3.07,1.00
2015.09.07 07:16:58.682,1.19352,1.19355,3.07,1.00
2015.09.07 07:16:59.087,1.19353,1.19357,1.00,1.00
2015.09.07 07:16:59.901,1.19353,1.19358,1.00,1.87
2015.09.07 07:17:00.409,1.19353,1.19357,1.00,1.00
2015.09.07 07:17:00.961,1.19352,1.19357,4.20,1.00
2015.09.07 07:17:01.489,1.19352,1.19358,4.20,2.62
2015.09.07 07:17:02.038,1.19353,1.19358,1.00,1.87
2015.09.07 07:17:03.051,1.19354,1.19358,1.00,1.12
2015.09.07 07:17:03.429,1.19354,1.1936,1.87,2.62
2015.09.07 07:17:05.286,1.19355,1.19361,1.87,2.62
2015.09.07 07:17:05.793,1.19354,1.1936,2.25,1.50
2015.09.07 07:17:06.300,1.19354,1.19359,1.50,1.00
2015.09.07 07:17:07.320,1.19353,1.19359,2.25,2.62
2015.09.07 07:17:07.858,1.19353,1.19359,1.87,1.12
2015.09.07 07:17:08.375,1.19354,1.19359,1.00,1.87
2015.09.07 07:17:08.881,1.19354,1.19359,1.50,1.50
2015.09.07 07:17:09.401,1.19354,1.19359,1.12,1.00
2015.09.07 07:17:09.937,1.19354,1.1936,1.87,1.87
2015.09.07 07:17:11.148,1.19358,1.19361,1.00,3.37
2015.09.07 07:17:11.303,1.19358,1.19362,2.62,1.00
2015.09.07 07:17:11.556,1.19359,1.19364,1.50,3.82
2015.09.07 07:17:12.013,1.19357,1.19363,1.12,2.62
2015.09.07 07:17:12.268,1.19355,1.19361,2.62,1.12
2015.09.07 07:17:12.777,1.19355,1.1936,2.25,1.00
2015.09.07 07:17:13.284,1.19355,1.19361,3.00,1.87
2015.09.07 07:17:13.801,1.19355,1.19361,1.87,3.00
2015.09.07 07:17:14.364,1.19354,1.19359,2.62,1.00
2015.09.07 07:17:14.415,1.19354,1.19359,1.95,1.00
2015.09.07 07:17:15.164,1.19354,1.19358,1.10,1.00
2015.09.07 07:17:15.893,1.19354,1.1936,1.10,3.37
2015.09.07 07:17:17.229,1.19352,1.19357,4.12,1.00
2015.09.07 07:17:17.434,1.19351,1.19356,1.57,2.25
2015.09.07 07:17:17.940,1.1935,1.19355,3.75,1.00
2015.09.07 07:17:19.153,1.1935,1.19355,3.07,1.12
2015.09.07 07:17:20.864,1.1935,1.19354,1.57,1.00
2015.09.07 07:17:21.067,1.19348,1.19352,1.87,1.12
2015.09.07 07:17:21.118,1.19347,1.19352,1.95,1.87
2015.09.07 07:17:21.623,1.19346,1.19351,2.70,2.25
2015.09.07 07:17:23.273,1.19346,1.1935,1.12,1.00
2015.09.07 07:17:23.822,1.19345,1.1935,3.07,2.25
2015.09.07 07:17:24.380,1.19345,1.1935,2.32,2.25
2015.09.07 07:17:24.533,1.19343,1.19348,4.12,1.00
2015.09.07 07:17:24.838,1.19343,1.19345,1.00,1.00
2015.09.07 07:17:24.889,1.1934,1.19345,1.50,1.87
2015.09.07 07:17:25.193,1.19338,1.19342,1.95,1.00
2015.09.07 07:17:25.708,1.1934,1.19344,1.50,2.62
2015.09.07 07:17:26.236,1.19341,1.19345,1.00,1.50
2015.09.07 07:17:26.490,1.19341,1.19346,1.00,1.50
2015.09.07 07:17:27.032,1.19342,1.19346,1.00,1.00
2015.09.07 07:17:27.540,1.19341,1.19346,1.00,1.50
2015.09.07 07:17:28.112,1.1934,1.19346,2.70,2.25
2015.09.07 07:17:28.626,1.1934,1.19346,1.20,2.25
2015.09.07 07:17:35.588,1.19339,1.19345,3.07,1.37
2015.09.07 07:17:35.916,1.19342,1.19346,1.00,1.00
2015.09.07 07:17:36.222,1.19345,1.19349,1.50,1.12
2015.09.07 07:17:36.769,1.19344,1.1935,3.45,1.12
2015.09.07 07:17:37.277,1.19344,1.19349,1.00,1.50
2015.09.07 07:17:39.828,1.19343,1.19348,2.70,1.00
2015.09.07 07:17:41.164,1.19343,1.19349,2.70,2.25
2015.09.07 07:17:41.671,1.19343,1.19348,1.95,1.12
2015.09.07 07:17:42.026,1.19344,1.19349,1.50,1.00
2015.09.07 07:17:42.526,1.19346,1.19352,1.50,3.37
2015.09.07 07:17:43.034,1.19347,1.19353,1.50,3.75
2015.09.07 07:17:43.560,1.19347,1.19353,2.25,3.00
2015.09.07 07:17:45.654,1.19347,1.19351,2.32,1.00
2015.09.07 07:17:45.908,1.19345,1.19351,4.87,2.25
2015.09.07 07:17:45.959,1.19345,1.19349,4.12,1.00
2015.09.07 07:17:46.478,1.19345,1.1935,1.00,3.75
2015.09.07 07:17:46.986,1.19344,1.19349,1.57,2.62
2015.09.07 07:17:47.497,1.19345,1.19349,1.00,1.87
2015.09.07 07:17:48.008,1.19346,1.1935,1.50,1.00
2015.09.07 07:17:48.212,1.19348,1.19353,2.25,3.00
2015.09.07 07:17:48.521,1.1935,1.19355,1.00,2.62
2015.09.07 07:17:49.026,1.19351,1.19355,1.00,1.12
2015.09.07 07:17:49.572,1.1935,1.19355,1.12,2.25
2015.09.07 07:17:55.671,1.19348,1.19354,2.32,1.00
2015.09.07 07:17:57.338,1.19349,1.19355,1.50,2.25
2015.09.07 07:17:58.870,1.19349,1.19355,1.50,3.37
2015.09.07 07:17:59.388,1.19349,1.19354,1.12,1.50
2015.09.07 07:17:59.896,1.19349,1.19355,1.50,1.50
2015.09.07 07:18:00.816,1.19351,1.19356,1.00,1.12
2015.09.07 07:18:01.323,1.19353,1.19357,1.00,1.50
2015.09.07 07:18:01.634,1.19356,1.19358,1.00,1.00
2015.09.07 07:18:01.685,1.19357,1.19361,1.00,1.50
2015.09.07 07:18:02.203,1.19357,1.19361,1.00,1.50
2015.09.07 07:18:02.610,1.19359,1.19363,1.00,1.87
2015.09.07 07:18:03.148,1.19358,1.19363,1.50,1.00
2015.09.07 07:18:03.659,1.19357,1.19363,1.00,2.25
2015.09.07 07:18:04.169,1.19356,1.19362,1.12,2.25
2015.09.07 07:18:04.582,1.19354,1.1936,3.07,1.00
2015.09.07 07:18:05.767,1.19353,1.19357,2.32,1.00
2015.09.07 07:18:06.284,1.19353,1.19358,2.32,1.00
2015.09.07 07:18:08.869,1.19354,1.19359,2.25,1.00
2015.09.07 07:18:09.376,1.19355,1.1936,1.50,1.00
2015.09.07 07:18:11.779,1.19356,1.1936,2.25,1.00
2015.09.07 07:18:13.049,1.19358,1.1936,1.00,1.00
2015.09.07 07:18:13.100,1.19357,1.19363,2.25,2.25
2015.09.07 07:18:13.254,1.19357,1.19361,3.75,1.00
2015.09.07 07:18:13.762,1.19356,1.19361,2.25,1.00
2015.09.07 07:18:15.381,1.19356,1.19361,1.87,1.00
2015.09.07 07:18:15.911,1.19357,1.19361,1.50,1.00
2015.09.07 07:18:16.422,1.19356,1.19361,1.87,1.00
2015.09.07 07:18:16.758,1.19354,1.19359,3.07,1.00
2015.09.07 07:18:17.064,1.19353,1.19359,1.20,3.37
2015.09.07 07:18:17.115,1.19353,1.19356,1.20,1.00
2015.09.07 07:18:17.630,1.19354,1.19356,1.00,1.00
2015.09.07 07:18:17.728,1.19354,1.19359,1.00,1.12
2015.09.07 07:18:18.235,1.19353,1.19359,1.95,1.87
2015.09.07 07:18:19.134,1.19354,1.19359,1.00,2.62
2015.09.07 07:18:20.752,1.19354,1.1936,1.12,3.37
2015.09.07 07:18:21.612,1.19354,1.1936,2.25,2.25
2015.09.07 07:18:21.916,1.19354,1.19358,2.25,1.00
2015.09.07 07:18:22.459,1.19355,1.19359,1.12,1.00
2015.09.07 07:18:23.067,1.19354,1.19357,1.50,1.00
2015.09.07 07:18:23.573,1.19354,1.19358,1.12,1.00
2015.09.07 07:18:24.262,1.19354,1.19359,1.12,1.00
2015.09.07 07:18:25.630,1.19353,1.19358,2.25,1.00
2015.09.07 07:18:26.146,1.19353,1.19358,1.87,1.50
2015.09.07 07:18:27.626,1.19353,1.19358,2.25,1.50
2015.09.07 07:18:28.172,1.19353,1.19359,2.25,2.32
2015.09.07 07:18:29.802,1.19353,1.19358,1.50,1.00
2015.09.07 07:18:30.107,1.19352,1.19357,1.12,1.50
2015.09.07 07:18:30.208,1.19352,1.19355,1.12,1.00
2015.09.07 07:18:31.506,1.19351,1.19355,1.87,1.00
2015.09.07 07:18:32.827,1.1935,1.19354,3.00,1.00
2015.09.07 07:18:33.538,1.1935,1.19354,1.00,1.00
2015.09.07 07:18:34.051,1.19349,1.19355,1.87,1.95
2015.09.07 07:18:34.375,1.19348,1.19352,1.50,1.00
2015.09.07 07:18:34.882,1.19348,1.19353,2.25,2.32
2015.09.07 07:18:36.317,1.19348,1.19353,1.12,1.10
2015.09.07 07:18:38.372,1.19349,1.19353,1.00,1.57
2015.09.07 07:18:38.881,1.19349,1.19355,1.50,2.32
2015.09.07 07:18:39.406,1.19348,1.19354,1.87,2.62
2015.09.07 07:18:40.985,1.19348,1.19353,1.12,1.00
2015.09.07 07:18:42.213,1.19347,1.19352,3.00,1.00
2015.09.07 07:18:42.759,1.19348,1.19353,1.12,1.57
2015.09.07 07:18:43.600,1.19349,1.19353,1.00,1.57
2015.09.07 07:18:43.854,1.19349,1.19355,1.87,1.95
2015.09.07 07:18:44.159,1.19352,1.19356,1.50,2.70
2015.09.07 07:18:44.471,1.19356,1.1936,1.12,1.20
2015.09.07 07:18:44.978,1.19354,1.1936,1.50,1.00
2015.09.07 07:18:45.282,1.19352,1.19357,3.00,1.00
2015.09.07 07:18:45.384,1.19352,1.19357,2.62,1.00
2015.09.07 07:18:45.891,1.19352,1.19356,1.87,1.00
2015.09.07 07:18:46.429,1.19352,1.19357,2.25,1.00
2015.09.07 07:18:50.206,1.19352,1.19357,1.50,1.00
2015.09.07 07:18:50.323,1.19352,1.19355,1.00,1.00
2015.09.07 07:18:50.779,1.19355,1.19357,1.00,1.50
2015.09.07 07:18:51.032,1.19354,1.19359,1.87,1.57
2015.09.07 07:18:51.511,1.19356,1.1936,1.00,1.00
2015.09.07 07:18:52.018,1.19356,1.19361,1.00,2.62
2015.09.07 07:18:54.498,1.19356,1.1936,1.00,1.00
2015.09.07 07:18:55.509,1.19355,1.1936,1.12,1.50
2015.09.07 07:18:56.019,1.19356,1.1936,1.00,1.12
2015.09.07 07:18:56.528,1.19357,1.1936,1.00,1.00
2015.09.07 07:18:57.094,1.19357,1.19361,1.00,1.12
2015.09.07 07:18:57.399,1.19355,1.1936,1.12,1.00
2015.09.07 07:18:58.365,1.19356,1.1936,1.00,1.00
2015.09.07 07:18:59.149,1.19356,1.19361,1.00,1.12
2015.09.07 07:19:00.405,1.19356,1.1936,1.00,1.00
2015.09.07 07:19:01.038,1.19354,1.19359,2.25,1.50
2015.09.07 07:19:01.140,1.19353,1.19356,1.95,1.00
2015.09.07 07:19:01.646,1.19353,1.19356,1.50,1.00
2015.09.07 07:19:02.217,1.19354,1.19358,1.00,2.25
2015.09.07 07:19:02.420,1.19355,1.1936,1.00,1.12
2015.09.07 07:19:02.927,1.19356,1.1936,1.00,1.12
2015.09.07 07:19:03.184,1.19354,1.1936,1.87,2.62
2015.09.07 07:19:03.337,1.19355,1.19358,1.00,1.00
2015.09.07 07:19:03.872,1.19354,1.19358,1.00,1.00
2015.09.07 07:19:04.383,1.19354,1.19357,1.00,1.00
2015.09.07 07:19:05.598,1.19353,1.19357,1.12,1.00
2015.09.07 07:19:07.057,1.19353,1.19356,1.00,1.00
2015.09.07 07:19:10.948,1.19353,1.19357,1.00,1.00
2015.09.07 07:19:11.454,1.19354,1.19358,1.00,1.12
2015.09.07 07:19:12.384,1.19354,1.19359,1.50,1.12
2015.09.07 07:19:12.891,1.19355,1.19359,1.00,1.00
2015.09.07 07:19:13.408,1.19356,1.1936,1.00,1.50
2015.09.07 07:19:13.916,1.19357,1.1936,1.00,1.50
2015.09.07 07:19:14.428,1.19357,1.19361,1.00,1.87
2015.09.07 07:19:18.438,1.19357,1.1936,1.00,1.00
2015.09.07 07:19:18.894,1.19355,1.1936,1.87,1.00
2015.09.07 07:19:19.642,1.19356,1.1936,1.00,1.00
2015.09.07 07:19:20.507,1.19357,1.1936,1.00,1.00
2015.09.07 07:19:21.754,1.19356,1.1936,1.00,1.00
2015.09.07 07:19:24.445,1.19356,1.19361,1.50,1.12
2015.09.07 07:19:25.619,1.19356,1.19362,1.12,3.37
2015.09.07 07:19:25.975,1.19356,1.19361,1.00,1.87
2015.09.07 07:19:26.279,1.19355,1.19358,1.00,1.00
2015.09.07 07:19:26.622,1.19353,1.19356,1.10,1.00
2015.09.07 07:19:27.128,1.19352,1.19355,1.50,1.00
2015.09.07 07:19:27.635,1.19353,1.19356,1.00,1.00
2015.09.07 07:19:28.432,1.19353,1.19358,1.00,2.62
2015.09.07 07:19:28.837,1.19352,1.19355,1.12,1.00
2015.09.07 07:19:29.364,1.19351,1.19354,1.12,1.00
2015.09.07 07:19:29.669,1.19351,1.19356,2.62,1.00
2015.09.07 07:19:30.193,1.19351,1.19355,1.57,1.00
2015.09.07 07:19:30.700,1.1935,1.19354,2.62,1.00
2015.09.07 07:19:33.155,1.1935,1.19353,2.62,1.00
2015.09.07 07:19:33.372,1.19348,1.19352,1.20,1.50
2015.09.07 07:19:33.880,1.19347,1.19352,1.00,1.87
2015.09.07 07:19:34.403,1.19348,1.19352,1.00,1.12
2015.09.07 07:19:34.910,1.19347,1.19352,1.00,1.87
2015.09.07 07:19:35.544,1.19345,1.1935,3.07,1.12
2015.09.07 07:19:35.848,1.19341,1.19345,3.00,1.00
2015.09.07 07:19:36.881,1.19341,1.19344,1.10,1.00
2015.09.07 07:19:36.983,1.19341,1.19346,1.50,1.50
2015.09.07 07:19:37.502,1.19341,1.19345,1.00,1.12
2015.09.07 07:19:38.211,1.1934,1.19342,1.95,1.00
2015.09.07 07:19:38.262,1.1934,1.19345,1.95,1.87
2015.09.07 07:19:38.313,1.19339,1.19343,1.57,1.00
2015.09.07 07:19:38.451,1.19338,1.19343,2.32,1.12
2015.09.07 07:19:38.961,1.19337,1.19342,2.70,1.12
2015.09.07 07:19:39.570,1.19337,1.19343,1.20,3.37
2015.09.07 07:19:39.679,1.1934,1.19344,1.00,2.25
2015.09.07 07:19:39.832,1.19341,1.19345,1.00,2.25
2015.09.07 07:19:40.341,1.19341,1.19346,1.00,1.12
2015.09.07 07:19:41.491,1.19342,1.19347,1.00,3.00
2015.09.07 07:19:41.644,1.19344,1.19347,1.00,1.00
2015.09.07 07:19:41.796,1.19345,1.1935,1.00,3.00
2015.09.07 07:19:42.308,1.19347,1.19352,1.00,4.12
2015.09.07 07:19:42.612,1.19349,1.19353,1.00,1.87
2015.09.07 07:19:43.367,1.19348,1.19353,1.00,1.87
2015.09.07 07:19:45.200,1.19347,1.19353,1.87,1.87
2015.09.07 07:19:45.721,1.19347,1.19352,1.12,1.00
2015.09.07 07:19:46.575,1.19346,1.19351,1.50,1.00
2015.09.07 07:19:46.879,1.19344,1.1935,2.32,1.50
2015.09.07 07:19:49.038,1.19344,1.1935,1.87,3.00
2015.09.07 07:19:49.698,1.19344,1.19349,1.12,1.00
2015.09.07 07:19:50.056,1.19343,1.19347,1.57,1.00
2015.09.07 07:19:50.362,1.19341,1.19345,1.00,1.00
2015.09.07 07:19:51.020,1.1934,1.19345,3.07,1.87
2015.09.07 07:19:51.643,1.1934,1.19346,4.12,2.25
2015.09.07 07:19:52.150,1.19341,1.19346,1.00,1.87
2015.09.07 07:19:52.656,1.19342,1.19346,1.00,1.12
2015.09.07 07:19:52.960,1.19344,1.19349,1.00,2.32
2015.09.07 07:19:53.465,1.19345,1.19349,1.00,1.12
2015.09.07 07:19:53.971,1.19344,1.19349,1.00,1.50
2015.09.07 07:19:54.578,1.19343,1.19349,3.00,1.50
2015.09.07 07:19:55.104,1.19344,1.19349,1.12,1.00
2015.09.07 07:19:55.815,1.19344,1.1935,1.87,1.87
2015.09.07 07:19:56.245,1.19343,1.19348,2.62,1.12
2015.09.07 07:19:56.551,1.19342,1.19346,1.12,1.50
2015.09.07 07:19:56.857,1.19341,1.19344,2.25,1.00
2015.09.07 07:19:57.772,1.1934,1.19344,1.50,1.00
2015.09.07 07:19:59.945,1.1934,1.19343,1.00,1.00
2015.09.07 07:20:00.451,1.19339,1.19344,1.50,2.25
2015.09.07 07:20:00.962,1.19339,1.19344,1.50,1.87
2015.09.07 07:20:01.469,1.19339,1.19343,1.50,1.00
2015.09.07 07:20:01.972,1.19339,1.19344,1.50,1.87
2015.09.07 07:20:02.430,1.19339,1.19341,1.50,1.00
2015.09.07 07:20:02.739,1.19339,1.19343,1.00,1.87
2015.09.07 07:20:03.246,1.19339,1.19344,1.50,3.00
2015.09.07 07:20:03.805,1.1934,1.19344,1.00,1.00
2015.09.07 07:20:04.312,1.19341,1.19346,1.00,1.50
2015.09.07 07:20:05.380,1.1934,1.19346,3.00,1.50
2015.09.07 07:20:07.240,1.1934,1.19343,2.25,1.50
2015.09.07 07:20:07.610,1.19341,1.19346,1.50,2.25
2015.09.07 07:20:07.966,1.19342,1.19347,1.00,2.25
2015.09.07 07:20:08.473,1.19342,1.19346,1.00,1.00
2015.09.07 07:20:09.729,1.19341,1.19346,3.37,1.00
2015.09.07 07:20:10.382,1.19341,1.19346,2.62,1.00
2015.09.07 07:20:10.889,1.19341,1.19346,3.00,1.00
2015.09.07 07:20:11.396,1.19342,1.19346,1.87,1.00
2015.09.07 07:20:11.973,1.19343,1.19347,1.00,1.00
2015.09.07 07:20:12.378,1.19346,1.19349,1.00,1.50
2015.09.07 07:20:12.481,1.19348,1.19351,1.00,1.12
2015.09.07 07:20:12.816,1.19348,1.19353,1.00,2.62
2015.09.07 07:20:13.324,1.19347,1.19352,1.87,1.00
2015.09.07 07:20:13.895,1.19346,1.19352,4.57,1.12
2015.09.07 07:20:15.804,1.19346,1.19351,3.45,1.00
2015.09.07 07:20:16.158,1.19346,1.19349,1.12,1.00
2015.09.07 07:20:16.412,1.19344,1.19349,1.50,1.00
2015.09.07 07:20:16.936,1.19344,1.19349,3.00,1.00
2015.09.07 07:20:17.342,1.19343,1.19347,2.70,1.00
2015.09.07 07:20:17.849,1.19343,1.19347,1.12,1.00
2015.09.07 07:20:18.399,1.19344,1.19348,1.12,1.00
2015.09.07 07:20:19.532,1.19344,1.19347,1.12,1.00
2015.09.07 07:20:20.394,1.19344,1.19348,1.50,1.00
2015.09.07 07:20:21.363,1.19344,1.19347,1.50,1.00
2015.09.07 07:20:21.771,1.19344,1.19349,1.50,1.12
2015.09.07 07:20:21.924,1.19346,1.1935,1.00,1.00
2015.09.07 07:20:22.280,1.19347,1.19352,1.87,1.57
2015.09.07 07:20:23.374,1.19346,1.19351,3.07,1.00
2015.09.07 07:20:23.921,1.19346,1.19352,3.07,1.00
2015.09.07 07:20:26.708,1.19346,1.19351,1.20,1.12
2015.09.07 07:20:27.013,1.19344,1.19349,3.75,1.00
2015.09.07 07:20:27.216,1.19343,1.19349,3.45,1.12
2015.09.07 07:20:28.079,1.19345,1.19349,1.00,1.12
2015.09.07 07:20:28.546,1.19343,1.19348,1.57,1.87
2015.09.07 07:20:29.054,1.19342,1.19347,1.50,1.12
2015.09.07 07:20:29.257,1.19341,1.19346,1.50,1.50
2015.09.07 07:20:30.234,1.19341,1.19344,1.50,1.00
2015.09.07 07:20:30.749,1.1934,1.19344,3.00,1.12
2015.09.07 07:20:32.040,1.19342,1.19346,1.50,1.20
2015.09.07 07:20:32.142,1.19342,1.19346,1.00,1.20
2015.09.07 07:20:32.447,1.19343,1.19348,1.12,1.00
2015.09.07 07:20:33.240,1.19344,1.19348,1.00,1.00
2015.09.07 07:20:33.443,1.19345,1.19351,2.62,3.00
2015.09.07 07:20:33.940,1.19348,1.19352,1.00,2.70
2015.09.07 07:20:34.447,1.19348,1.19354,2.62,1.50
2015.09.07 07:20:34.954,1.19349,1.19354,1.87,1.10
2015.09.07 07:20:35.461,1.1935,1.19355,1.12,2.25
2015.09.07 07:20:36.068,1.19349,1.19355,2.62,1.87
2015.09.07 07:20:37.036,1.1935,1.19355,1.00,1.12
2015.09.07 07:20:37.543,1.19352,1.19356,1.12,1.10
2015.09.07 07:20:37.696,1.19353,1.19358,1.87,1.00
2015.09.07 07:20:38.112,1.19355,1.19359,1.00,1.50
2015.09.07 07:20:38.619,1.19354,1.19359,1.12,1.50
2015.09.07 07:20:40.584,1.19353,1.19358,3.00,1.00
2015.09.07 07:20:41.090,1.19353,1.19359,1.50,1.00
2015.09.07 07:20:41.743,1.19353,1.19358,2.25,1.00
2015.09.07 07:20:42.885,1.19353,1.19358,2.25,1.37
2015.09.07 07:20:43.479,1.19353,1.19359,2.25,1.37
2015.09.07 07:20:43.784,1.19356,1.1936,1.00,2.25
2015.09.07 07:20:45.037,1.19354,1.19359,2.25,1.12
2015.09.07 07:20:45.502,1.19352,1.19358,2.32,1.12
2015.09.07 07:20:46.185,1.19352,1.19356,1.47,1.00
2015.09.07 07:20:46.489,1.19348,1.19354,3.45,1.50
2015.09.07 07:20:47.223,1.19349,1.19354,1.00,1.50
2015.09.07 07:20:47.580,1.19351,1.19356,1.00,1.95
2015.09.07 07:20:47.760,1.19352,1.19356,1.50,1.10
2015.09.07 07:20:48.115,1.19354,1.19359,1.00,2.70
2015.09.07 07:20:48.622,1.19353,1.19359,2.25,2.62
2015.09.07 07:20:49.234,1.19353,1.19358,2.25,1.00
2015.09.07 07:20:49.740,1.19354,1.19359,1.12,1.37
2015.09.07 07:20:50.250,1.19354,1.19359,1.87,1.12
2015.09.07 07:20:51.236,1.19354,1.1936,1.87,3.07
2015.09.07 07:20:51.743,1.19355,1.1936,2.25,1.50
2015.09.07 07:20:51.946,1.19356,1.1936,1.00,1.12
2015.09.07 07:20:52.879,1.19357,1.1936,1.00,1.12
2015.09.07 07:20:53.947,1.19356,1.19361,3.00,2.25
2015.09.07 07:20:54.049,1.19357,1.19361,1.00,2.25
2015.09.07 07:20:54.404,1.19358,1.19361,1.00,2.25
2015.09.07 07:20:54.507,1.19357,1.1936,1.00,1.37
2015.09.07 07:20:54.816,1.19357,1.19361,1.00,1.50
2015.09.07 07:20:55.221,1.1936,1.19363,1.00,3.45
2015.09.07 07:20:55.526,1.19364,1.19368,1.00,1.00
2015.09.07 07:20:55.678,1.19366,1.19371,1.00,2.62
2015.09.07 07:20:56.203,1.19367,1.19372,1.00,2.32
2015.09.07 07:20:56.710,1.19366,1.19372,1.50,2.70
2015.09.07 07:20:57.242,1.19367,1.1937,1.00,1.00
2015.09.07 07:20:57.752,1.19367,1.19371,1.50,1.75
2015.09.07 07:20:58.369,1.19367,1.19371,1.00,2.25
2015.09.07 07:20:58.678,1.19365,1.1937,3.82,1.50
2015.09.07 07:20:58.983,1.19363,1.19366,1.50,1.37
2015.09.07 07:20:59.136,1.19361,1.19366,2.62,1.37
2015.09.07 07:20:59.288,1.19361,1.19362,1.00,1.00
2015.09.07 07:20:59.498,1.19353,1.19358,3.37,1.12
2015.09.07 07:20:59.549,1.19353,1.19358,2.62,1.12
2015.09.07 07:21:00.056,1.19353,1.19357,1.00,1.50
2015.09.07 07:21:00.411,1.19352,1.19355,1.50,1.00
2015.09.07 07:21:00.925,1.19351,1.19356,3.00,2.62
2015.09.07 07:21:01.432,1.1935,1.19355,1.00,3.00
2015.09.07 07:21:01.942,1.19351,1.19354,1.00,1.50
2015.09.07 07:21:01.994,1.19349,1.19353,1.50,1.00
2015.09.07 07:21:02.146,1.19351,1.19354,1.00,1.00
2015.09.07 07:21:02.298,1.19349,1.19355,1.87,3.00
2015.09.07 07:21:02.823,1.1935,1.19355,1.00,1.12
2015.09.07 07:21:03.381,1.19351,1.19356,1.50,1.37
2015.09.07 07:21:03.883,1.19352,1.19356,1.00,1.12
2015.09.07 07:21:04.389,1.19353,1.19358,1.00,1.75
2015.09.07 07:21:04.693,1.19353,1.19359,1.57,1.50
2015.09.07 07:21:05.205,1.19354,1.1936,1.10,1.75
2015.09.07 07:21:05.711,1.19354,1.1936,1.57,1.50
2015.09.07 07:21:06.820,1.19355,1.1936,1.00,1.37
2015.09.07 07:21:07.338,1.19356,1.19361,1.00,3.00
2015.09.07 07:21:07.845,1.19355,1.19358,2.25,1.00
2015.09.07 07:21:07.896,1.19356,1.19359,1.12,1.00
2015.09.07 07:21:07.947,1.19355,1.19357,1.37,1.50
2015.09.07 07:21:08.153,1.19346,1.1935,1.87,1.00
2015.09.07 07:21:08.255,1.19345,1.1935,1.12,1.00
2015.09.07 07:21:08.357,1.19343,1.19345,2.32,1.35
2015.09.07 07:21:08.460,1.19341,1.19343,1.87,1.50
2015.09.07 07:21:08.564,1.1934,1.19342,1.12,1.12
2015.09.07 07:21:08.615,1.19338,1.19343,1.12,1.50
2015.09.07 07:21:09.125,1.19338,1.19344,1.12,1.87
2015.09.07 07:21:09.626,1.19338,1.19343,1.00,1.12
2015.09.07 07:21:10.133,1.19337,1.19343,1.20,1.12
2015.09.07 07:21:11.432,1.19336,1.19342,3.37,1.00
2015.09.07 07:21:11.940,1.19337,1.19343,1.87,1.20
2015.09.07 07:21:12.345,1.19339,1.19343,1.00,1.20
2015.09.07 07:21:12.548,1.19339,1.19345,1.12,1.95
2015.09.07 07:21:12.700,1.19341,1.19346,1.00,2.32
2015.09.07 07:21:13.004,1.19342,1.19347,1.00,1.20
2015.09.07 07:21:13.516,1.19341,1.19347,1.12,1.20
2015.09.07 07:21:13.979,1.19341,1.19345,1.12,1.00
2015.09.07 07:21:14.483,1.19341,1.19346,1.12,1.57
2015.09.07 07:21:16.291,1.19341,1.19347,2.25,1.20
2015.09.07 07:21:16.801,1.19341,1.19347,2.25,1.10
2015.09.07 07:21:19.424,1.19342,1.19348,1.12,1.95
2015.09.07 07:21:21.475,1.19341,1.19347,4.50,1.00
2015.09.07 07:21:22.083,1.19342,1.19348,1.12,1.95
2015.09.07 07:21:23.041,1.19342,1.19347,1.12,1.00
2015.09.07 07:21:23.609,1.19342,1.19347,1.50,1.50
2015.09.07 07:21:24.409,1.19342,1.19346,1.50,1.00
2015.09.07 07:21:24.562,1.19341,1.19345,1.12,1.50
2015.09.07 07:21:25.260,1.1934,1.19345,1.87,2.25
2015.09.07 07:21:27.517,1.19341,1.19345,1.00,1.50
2015.09.07 07:21:28.085,1.19341,1.19346,1.57,2.62
2015.09.07 07:21:28.491,1.19343,1.19347,1.00,1.87
2015.09.07 07:21:28.800,1.19347,1.19349,1.87,1.00
2015.09.07 07:21:28.851,1.19347,1.19353,2.25,2.25
2015.09.07 07:21:29.358,1.19349,1.19354,1.00,1.87
2015.09.07 07:21:30.399,1.1935,1.19354,1.00,1.00
2015.09.07 07:21:31.627,1.19351,1.19355,1.00,1.12
2015.09.07 07:21:31.887,1.19352,1.19357,1.12,1.87
2015.09.07 07:21:32.402,1.19353,1.19357,1.00,1.50
2015.09.07 07:21:32.948,1.19352,1.19357,1.87,1.00
2015.09.07 07:21:33.457,1.19351,1.19356,1.57,1.00
2015.09.07 07:21:33.963,1.19351,1.19355,1.50,1.00
2015.09.07 07:21:34.263,1.19349,1.19355,4.12,1.00
2015.09.07 07:21:34.720,1.19349,1.19353,1.50,1.00
2015.09.07 07:21:35.075,1.19347,1.19353,2.70,2.62
2015.09.07 07:21:35.602,1.19347,1.19352,1.95,1.00
2015.09.07 07:21:36.131,1.19346,1.19351,3.82,1.50
2015.09.07 07:21:36.475,1.19345,1.1935,1.87,1.50
2015.09.07 07:21:37.915,1.19345,1.19349,1.12,1.00
2015.09.07 07:21:38.220,1.19343,1.19347,3.07,1.00
2015.09.07 07:21:38.728,1.19343,1.19347,1.00,1.00
2015.09.07 07:21:39.996,1.19342,1.19346,2.62,1.00
2015.09.07 07:21:40.503,1.19343,1.19346,1.00,1.00
2015.09.07 07:21:41.012,1.19342,1.19346,1.87,1.50
2015.09.07 07:21:41.621,1.19343,1.19346,1.00,1.00
2015.09.07 07:21:42.219,1.19342,1.19346,2.62,1.00
2015.09.07 07:21:42.474,1.19343,1.19348,1.00,2.70
2015.09.07 07:21:42.982,1.19344,1.19348,1.00,1.00
2015.09.07 07:21:43.672,1.19344,1.19349,1.00,1.87
2015.09.07 07:21:44.179,1.19345,1.19349,1.00,1.00
2015.09.07 07:21:44.589,1.19345,1.19351,1.87,1.87
2015.09.07 07:21:45.196,1.19346,1.19351,1.00,1.87
2015.09.07 07:21:46.191,1.19345,1.19351,1.87,1.87
2015.09.07 07:21:47.397,1.19345,1.19351,2.25,1.00
2015.09.07 07:21:47.917,1.19345,1.19351,3.00,1.00
2015.09.07 07:21:49.014,1.19345,1.19351,3.00,1.00
2015.09.07 07:21:50.638,1.19345,1.1935,1.50,1.50
2015.09.07 07:21:50.689,1.19344,1.1935,3.45,1.87
2015.09.07 07:21:50.791,1.19344,1.19348,1.95,1.00
2015.09.07 07:21:51.247,1.19346,1.1935,1.00,3.07
2015.09.07 07:21:51.781,1.19345,1.19349,1.00,1.12
2015.09.07 07:21:52.338,1.19345,1.19348,1.12,1.00
2015.09.07 07:21:56.782,1.19345,1.1935,1.00,3.07
2015.09.07 07:21:57.792,1.19346,1.1935,1.00,1.57
2015.09.07 07:21:58.097,1.19346,1.19351,1.50,2.32
2015.09.07 07:21:58.409,1.19346,1.19351,1.00,4.20
2015.09.07 07:21:58.916,1.19345,1.19349,1.00,1.12
2015.09.07 07:21:59.430,1.19344,1.19348,1.00,1.50
2015.09.07 07:22:00.316,1.19345,1.19348,1.00,1.50
2015.09.07 07:22:00.732,1.19343,1.19347,1.00,1.12
2015.09.07 07:22:01.853,1.19344,1.19348,1.00,1.10
2015.09.07 07:22:02.360,1.19343,1.19348,1.87,1.50
2015.09.07 07:22:02.513,1.19345,1.19349,1.00,1.20
2015.09.07 07:22:03.743,1.19346,1.1935,1.00,1.87
2015.09.07 07:22:04.245,1.19345,1.19349,1.00,1.00
2015.09.07 07:22:05.004,1.19345,1.19348,1.00,1.00
2015.09.07 07:22:05.522,1.19344,1.19347,1.00,1.12
2015.09.07 07:22:05.838,1.19341,1.19343,1.87,1.00
2015.09.07 07:22:05.940,1.1934,1.19341,1.00,1.00
2015.09.07 07:22:05.991,1.19337,1.19341,1.00,1.50
2015.09.07 07:22:06.093,1.19337,1.19339,1.00,1.00
2015.09.07 07:22:06.145,1.19335,1.19339,1.00,1.12
2015.09.07 07:22:06.197,1.19334,1.19337,1.10,1.00
2015.09.07 07:22:06.704,1.19333,1.19337,1.00,1.00
2015.09.07 07:22:06.958,1.19331,1.19336,1.50,1.12
2015.09.07 07:22:07.498,1.1933,1.19335,1.12,1.00
2015.09.07 07:22:08.774,1.1933,1.19334,1.12,1.00
2015.09.07 07:22:09.503,1.1933,1.19335,1.12,1.00
2015.09.07 07:22:09.881,1.1933,1.19333,1.12,1.00
2015.09.07 07:22:10.130,1.19326,1.19331,1.00,1.12
2015.09.07 07:22:10.637,1.19325,1.19331,2.62,1.12
2015.09.07 07:22:11.144,1.19325,1.1933,1.12,1.00
2015.09.07 07:22:13.596,1.19324,1.19329,2.62,1.00
2015.09.07 07:22:14.105,1.19324,1.19329,1.50,1.12
2015.09.07 07:22:16.192,1.19324,1.19328,1.00,1.00
2015.09.07 07:22:16.698,1.19324,1.1933,1.50,2.32
2015.09.07 07:22:17.852,1.19324,1.1933,2.62,2.32
2015.09.07 07:22:18.327,1.19324,1.19328,1.87,1.00
2015.09.07 07:22:18.665,1.19318,1.19322,1.20,1.00
2015.09.07 07:22:18.768,1.19318,1.19324,1.87,1.95
2015.09.07 07:22:19.275,1.19319,1.19324,1.00,1.20
2015.09.07 07:22:19.793,1.19318,1.19324,1.12,1.20
2015.09.07 07:22:20.337,1.19318,1.19324,1.12,1.50
2015.09.07 07:22:21.245,1.19319,1.19323,1.00,1.10
2015.09.07 07:22:21.752,1.1932,1.19325,1.00,3.07
2015.09.07 07:22:21.955,1.19318,1.19324,1.12,1.12
2015.09.07 07:22:22.503,1.19319,1.19325,1.00,2.25
2015.09.07 07:22:23.009,1.19318,1.19324,1.95,1.87
2015.09.07 07:22:23.550,1.19319,1.19324,1.00,1.12
2015.09.07 07:22:24.032,1.19318,1.19322,1.20,1.00
2015.09.07 07:22:24.488,1.19316,1.19321,2.70,1.00
2015.09.07 07:22:25.006,1.19317,1.19321,1.00,1.00
2015.09.07 07:22:25.513,1.19316,1.19321,1.12,1.00
2015.09.07 07:22:26.021,1.19316,1.1932,1.12,1.00
2015.09.07 07:22:26.561,1.19315,1.19319,1.87,1.00
2015.09.07 07:22:27.620,1.19316,1.1932,1.50,1.12
2015.09.07 07:22:28.127,1.19316,1.19321,1.57,1.12
2015.09.07 07:22:28.874,1.19317,1.19321,1.00,1.12
2015.09.07 07:22:29.078,1.19318,1.19323,1.00,1.95
2015.09.07 07:22:29.687,1.19319,1.19324,1.00,2.25
2015.09.07 07:22:31.075,1.19318,1.19324,1.00,2.25
2015.09.07 07:22:31.840,1.19317,1.19323,2.70,1.12
2015.09.07 07:22:32.386,1.19316,1.19322,1.95,1.87
2015.09.07 07:22:33.660,1.19316,1.19321,2.70,1.00
2015.09.07 07:22:37.684,1.19315,1.1932,4.87,1.00
2015.09.07 07:22:40.223,1.19316,1.19321,1.00,2.25
2015.09.07 07:22:40.605,1.19316,1.19322,1.12,2.62
2015.09.07 07:22:42.916,1.19316,1.19322,3.75,1.00
2015.09.07 07:22:45.615,1.19317,1.19323,1.87,1.87
2015.09.07 07:22:46.598,1.19318,1.19323,1.00,1.12
2015.09.07 07:22:47.953,1.19318,1.19322,1.00,1.00
2015.09.07 07:22:48.460,1.19316,1.19321,1.37,1.00
2015.09.07 07:22:48.975,1.19316,1.19321,1.12,1.00
2015.09.07 07:22:49.500,1.19315,1.1932,3.45,1.00
2015.09.07 07:22:50.937,1.19315,1.1932,4.50,1.50
2015.09.07 07:22:52.074,1.19316,1.19319,1.12,1.00
2015.09.07 07:22:53.922,1.19316,1.1932,1.00,1.00
2015.09.07 07:22:54.465,1.19317,1.19321,1.12,1.00
2015.09.07 07:22:54.971,1.19316,1.1932,1.00,1.00
2015.09.07 07:22:55.506,1.19315,1.1932,3.37,1.00
2015.09.07 07:22:56.016,1.19316,1.1932,1.00,1.00
2015.09.07 07:22:56.543,1.19315,1.1932,2.62,1.87
2015.09.07 07:23:01.805,1.19316,1.19319,1.00,1.10
2015.09.07 07:23:02.464,1.19315,1.19319,3.37,1.00
2015.09.07 07:23:03.768,1.19316,1.19319,1.00,1.00
2015.09.07 07:23:04.282,1.19315,1.19319,2.62,1.00
2015.09.07 07:23:04.788,1.19316,1.1932,1.00,1.10
2015.09.07 07:23:05.697,1.19315,1.1932,4.12,1.10
2015.09.07 07:23:05.900,1.19317,1.1932,1.00,1.10
2015.09.07 07:23:06.406,1.19318,1.19321,1.00,1.00
2015.09.07 07:23:06.920,1.19319,1.19322,1.00,1.00
2015.09.07 07:23:07.427,1.19318,1.19322,2.25,1.00
2015.09.07 07:23:07.934,1.19318,1.19321,1.50,1.00
2015.09.07 07:23:08.456,1.19318,1.19321,1.00,1.00
2015.09.07 07:23:09.044,1.19317,1.19321,1.12,1.00
2015.09.07 07:23:13.633,1.19316,1.1932,3.00,1.00
2015.09.07 07:23:14.097,1.19315,1.1932,2.62,1.00
2015.09.07 07:23:15.130,1.19316,1.1932,1.00,1.95
2015.09.07 07:23:15.637,1.19315,1.19319,2.25,1.00
2015.09.07 07:23:16.360,1.19314,1.19318,2.25,1.00
2015.09.07 07:23:16.715,1.19314,1.19316,1.50,1.00
2015.09.07 07:23:17.127,1.1931,1.19313,2.25,1.00
2015.09.07 07:23:17.382,1.1931,1.19313,2.25,1.00
2015.09.07 07:23:17.737,1.19309,1.19312,2.25,1.00
2015.09.07 07:23:18.096,1.19306,1.1931,1.12,1.00
2015.09.07 07:23:18.299,1.19305,1.19308,2.25,1.00
2015.09.07 07:23:18.806,1.19304,1.19308,1.37,1.00
2015.09.07 07:23:19.315,1.19303,1.19307,1.87,1.00
2015.09.07 07:23:19.367,1.19303,1.19307,1.87,1.00
2015.09.07 07:23:20.064,1.19303,1.19306,1.87,1.00
2015.09.07 07:23:20.573,1.19303,1.19307,1.87,1.00
2015.09.07 07:23:21.232,1.19303,1.19308,1.87,1.00
2015.09.07 07:23:21.795,1.19304,1.19308,1.00,1.00
2015.09.07 07:23:22.306,1.19303,1.19308,1.87,1.00
2015.09.07 07:23:22.813,1.19303,1.19307,1.50,1.00
2015.09.07 07:23:23.344,1.19303,1.19306,1.37,1.00
2015.09.07 07:23:23.699,1.19302,1.19306,2.62,1.00
2015.09.07 07:23:24.528,1.19302,1.19305,2.25,1.00
2015.09.07 07:23:24.680,1.193,1.19303,1.12,1.00
2015.09.07 07:23:25.191,1.193,1.19302,1.00,1.00
2015.09.07 07:23:25.697,1.19299,1.19303,1.00,1.20
2015.09.07 07:23:26.012,1.19295,1.193,2.25,1.12
2015.09.07 07:23:26.519,1.19296,1.19301,1.00,1.87
2015.09.07 07:23:27.062,1.19296,1.193,1.12,1.00
2015.09.07 07:23:27.164,1.19295,1.19298,1.37,1.00
2015.09.07 07:23:27.215,1.19293,1.19297,1.87,1.00
2015.09.07 07:23:27.419,1.19292,1.19296,1.12,1.00
2015.09.07 07:23:27.471,1.19292,1.19298,3.00,1.87
2015.09.07 07:23:27.625,1.19293,1.19298,3.00,1.00
2015.09.07 07:23:28.152,1.19294,1.19299,1.12,9.00
2015.09.07 07:23:28.507,1.19293,1.19296,1.50,1.00
2015.09.07 07:23:28.641,1.19291,1.19296,2.25,1.50
2015.09.07 07:23:29.151,1.1929,1.19296,3.37,1.00
2015.09.07 07:23:29.726,1.19291,1.19296,1.50,3.00
2015.09.07 07:23:30.235,1.19289,1.19294,3.75,1.00
2015.09.07 07:23:30.915,1.1929,1.19293,1.12,1.00
2015.09.07 07:23:31.320,1.19288,1.19294,3.37,1.20
2015.09.07 07:23:31.472,1.19288,1.19292,1.87,1.50
2015.09.07 07:23:31.625,1.19286,1.19291,1.87,1.00
2015.09.07 07:23:32.898,1.19287,1.19292,1.50,1.20
2015.09.07 07:23:33.401,1.19288,1.19293,1.12,1.10
2015.09.07 07:23:33.907,1.19287,1.19292,1.12,1.00
2015.09.07 07:23:35.210,1.19286,1.19292,1.87,1.87
2015.09.07 07:23:36.264,1.19287,1.19292,1.00,1.87
2015.09.07 07:23:36.785,1.19286,1.1929,1.00,1.00
2015.09.07 07:23:37.291,1.19285,1.19289,1.12,1.00
2015.09.07 07:23:39.190,1.19281,1.19286,4.50,1.00
2015.09.07 07:23:39.353,1.19279,1.19283,1.87,1.00
2015.09.07 07:23:39.405,1.19279,1.19283,1.10,1.37
2015.09.07 07:23:39.506,1.19279,1.19282,1.00,1.87
2015.09.07 07:23:39.608,1.19279,1.19282,1.00,1.20
2015.09.07 07:23:39.659,1.19276,1.19282,1.12,1.95
2015.09.07 07:23:39.863,1.19278,1.19281,1.00,2.70
2015.09.07 07:23:39.965,1.19276,1.19281,1.00,2.62
2015.09.07 07:23:40.406,1.19278,1.19281,1.00,2.62
2015.09.07 07:23:40.711,1.19281,1.19282,1.00,1.00
2015.09.07 07:23:40.813,1.19281,1.19284,1.00,1.12
2015.09.07 07:23:41.320,1.19281,1.19286,1.00,3.00
2015.09.07 07:23:41.677,1.19283,1.19287,1.00,1.57
2015.09.07 07:23:41.982,1.19283,1.19288,1.00,1.12
2015.09.07 07:23:42.493,1.19284,1.19288,1.00,1.12
2015.09.07 07:23:43.000,1.19285,1.19288,1.00,1.12
2015.09.07 07:23:44.080,1.19286,1.19288,1.00,1.12
2015.09.07 07:23:44.384,1.19285,1.1929,1.00,1.20
2015.09.07 07:23:47.142,1.19283,1.19288,1.87,1.00
2015.09.07 07:23:47.677,1.19283,1.19288,1.12,1.00
2015.09.07 07:23:48.646,1.19282,1.19287,1.50,1.00
2015.09.07 07:23:48.951,1.19279,1.19285,1.50,1.87
2015.09.07 07:23:49.468,1.19279,1.19284,1.12,1.00
2015.09.07 07:23:51.199,1.1928,1.19285,1.00,1.95
2015.09.07 07:23:51.779,1.19279,1.19285,1.95,1.87
2015.09.07 07:23:51.983,1.19281,1.19286,1.00,1.50
2015.09.07 07:23:53.878,1.19281,1.19287,1.12,2.62
2015.09.07 07:23:54.388,1.19281,1.19286,1.87,1.00
2015.09.07 07:23:54.902,1.19281,1.19287,1.12,1.87
2015.09.07 07:23:55.264,1.19279,1.19284,2.32,1.50
2015.09.07 07:23:55.467,1.19281,1.19287,1.87,3.07
2015.09.07 07:23:55.979,1.19282,1.19287,1.00,1.87
2015.09.07 07:24:00.183,1.19281,1.19285,1.50,1.00
2015.09.07 07:24:00.948,1.1928,1.19286,2.62,1.00
2015.09.07 07:24:01.512,1.19282,1.19287,1.12,1.50
2015.09.07 07:24:01.816,1.19288,1.19289,1.00,1.00
2015.09.07 07:24:02.011,1.1929,1.19295,1.87,2.70
2015.09.07 07:24:02.517,1.19291,1.19296,1.12,1.50
2015.09.07 07:24:03.047,1.19292,1.19297,1.00,1.87
2015.09.07 07:24:03.600,1.19293,1.19297,1.00,1.87
2015.09.07 07:24:04.690,1.19295,1.19297,1.00,1.12
2015.09.07 07:24:04.893,1.19299,1.19302,1.87,1.12
2015.09.07 07:24:04.995,1.19302,1.19303,1.00,1.00
2015.09.07 07:24:05.097,1.19304,1.19305,1.00,1.50
2015.09.07 07:24:05.306,1.19304,1.19307,1.50,1.00
2015.09.07 07:24:05.569,1.19304,1.19309,1.95,1.00
2015.09.07 07:24:06.633,1.19305,1.19309,1.00,1.00
2015.09.07 07:24:07.153,1.19307,1.1931,1.00,2.25
2015.09.07 07:24:07.406,1.19308,1.19312,1.00,1.57
2015.09.07 07:24:07.558,1.19309,1.19314,1.12,1.00
2015.09.07 07:24:08.075,1.19308,1.19313,2.25,1.00
2015.09.07 07:24:08.582,1.19308,1.19313,1.75,1.00
2015.09.07 07:24:08.756,1.19307,1.19311,2.62,1.00
2015.09.07 07:24:09.011,1.19305,1.19309,1.00,1.00
2015.09.07 07:24:09.215,1.19304,1.19307,1.12,1.00
2015.09.07 07:24:09.519,1.193,1.19305,1.75,1.00
2015.09.07 07:24:09.723,1.193,1.19305,3.00,1.00
2015.09.07 07:24:10.489,1.193,1.19306,1.12,1.12
2015.09.07 07:24:13.066,1.19301,1.19306,1.00,1.12
2015.09.07 07:24:13.744,1.193,1.19306,1.12,1.12
2015.09.07 07:24:14.200,1.193,1.19305,1.00,1.87
2015.09.07 07:24:14.891,1.19301,1.19305,1.00,1.50
2015.09.07 07:24:15.094,1.19302,1.19307,1.50,1.12
2015.09.07 07:24:15.398,1.19304,1.19309,1.00,1.12
2015.09.07 07:24:15.928,1.19303,1.19308,1.87,1.00
2015.09.07 07:24:17.706,1.19302,1.19307,2.25,1.00
2015.09.07 07:24:18.243,1.19302,1.19308,2.25,2.25
2015.09.07 07:24:18.750,1.19302,1.19307,2.25,1.00
2015.09.07 07:24:19.266,1.19302,1.19308,2.25,2.25
2015.09.07 07:24:19.982,1.19302,1.19305,2.25,1.00
2015.09.07 07:24:20.185,1.19298,1.19303,2.32,1.00
2015.09.07 07:24:20.323,1.19298,1.19302,1.00,1.00
2015.09.07 07:24:20.425,1.19296,1.19301,3.07,1.00
2015.09.07 07:24:20.933,1.19296,1.19301,1.00,2.25
2015.09.07 07:24:21.475,1.19295,1.19299,1.87,1.00
2015.09.07 07:24:22.032,1.19295,1.193,2.62,2.25
2015.09.07 07:24:25.757,1.19295,1.19299,1.50,1.00
2015.09.07 07:24:26.730,1.19295,1.19299,1.37,1.00
2015.09.07 07:24:27.086,1.19294,1.19297,1.50,1.00
2015.09.07 07:24:27.257,1.19294,1.19299,1.00,2.62
2015.09.07 07:24:27.967,1.19294,1.19298,1.12,1.00
2015.09.07 07:24:28.471,1.19294,1.19299,1.12,1.50
2015.09.07 07:24:29.788,1.19294,1.193,1.12,1.87
2015.09.07 07:24:30.706,1.19296,1.193,1.00,1.12
2015.09.07 07:24:31.464,1.19298,1.193,1.00,1.00
2015.09.07 07:24:31.718,1.19298,1.19302,1.50,2.25
2015.09.07 07:24:32.035,1.193,1.19302,1.00,1.50
2015.09.07 07:24:33.680,1.19299,1.19303,1.07,1.87
2015.09.07 07:24:35.503,1.19299,1.19303,1.10,2.62
2015.09.07 07:24:38.336,1.19298,1.19303,1.57,1.87
2015.09.07 07:24:43.372,1.19297,1.19302,2.32,1.00
2015.09.07 07:24:43.778,1.19295,1.193,4.12,1.50
2015.09.07 07:24:44.084,1.19294,1.19298,1.57,1.00
2015.09.07 07:24:44.488,1.19295,1.193,1.12,1.50
2015.09.07 07:24:44.995,1.19295,1.19301,2.70,1.87
2015.09.07 07:24:45.579,1.19295,1.19299,1.20,1.00
2015.09.07 07:24:45.835,1.19294,1.19299,2.70,1.00
2015.09.07 07:24:46.343,1.19294,1.19298,1.50,1.00
2015.09.07 07:24:47.133,1.19294,1.193,1.50,1.50
2015.09.07 07:24:48.458,1.19293,1.19298,1.85,1.00
2015.09.07 07:24:48.660,1.19293,1.19297,1.95,1.00
2015.09.07 07:24:49.085,1.19295,1.19298,1.00,1.50
2015.09.07 07:24:49.390,1.19295,1.19298,1.95,1.00
2015.09.07 07:24:50.101,1.19295,1.19301,2.32,2.25
2015.09.07 07:24:52.998,1.19296,1.19301,1.50,1.00
2015.09.07 07:24:56.148,1.19296,1.19302,1.12,3.37
2015.09.07 07:24:58.726,1.19294,1.19298,1.82,1.00
2015.09.07 07:24:58.929,1.19293,1.19298,2.25,1.50
2015.09.07 07:24:59.435,1.19294,1.19297,1.12,1.00
2015.09.07 07:24:59.949,1.19293,1.19297,1.00,1.00
2015.09.07 07:25:00.488,1.19292,1.19297,1.12,2.25
2015.09.07 07:25:00.999,1.19293,1.19297,1.00,1.50
2015.09.07 07:25:03.631,1.19292,1.19297,2.62,2.25
2015.09.07 07:25:04.887,1.19293,1.19297,1.00,1.50
2015.09.07 07:25:05.091,1.19295,1.19297,1.00,1.00
2015.09.07 07:25:05.142,1.19296,1.19299,1.00,1.10
2015.09.07 07:25:05.279,1.19296,1.19301,1.50,1.50
2015.09.07 07:25:05.792,1.19297,1.19301,1.00,1.50
2015.09.07 07:25:07.716,1.19296,1.19301,1.12,1.50
2015.09.07 07:25:08.451,1.19297,1.19301,1.00,2.25
2015.09.07 07:25:08.997,1.19297,1.19301,1.50,1.00
2015.09.07 07:25:10.354,1.19296,1.193,1.75,1.00
2015.09.07 07:25:10.866,1.19296,1.19301,1.75,2.25
2015.09.07 07:25:11.676,1.19295,1.193,1.75,1.00
2015.09.07 07:25:12.082,1.19295,1.19298,1.75,1.00
2015.09.07 07:25:12.590,1.19294,1.19299,1.50,1.00
2015.09.07 07:25:13.134,1.19294,1.19298,1.50,1.00
2015.09.07 07:25:14.630,1.19294,1.19299,1.50,1.00
2015.09.07 07:25:15.801,1.19294,1.19299,1.75,1.50
2015.09.07 07:25:16.307,1.19293,1.19298,2.25,1.00
2015.09.07 07:25:17.073,1.19293,1.19299,1.75,1.50
2015.09.07 07:25:17.175,1.19292,1.19297,1.87,1.50
2015.09.07 07:25:17.683,1.19291,1.19296,1.75,1.50
2015.09.07 07:25:18.197,1.1929,1.19296,2.32,2.25
2015.09.07 07:25:18.602,1.19289,1.19295,2.25,2.10
2015.09.07 07:25:18.704,1.19287,1.19293,3.82,1.00
2015.09.07 07:25:19.009,1.19285,1.1929,1.75,1.50
2015.09.07 07:25:19.387,1.19283,1.19288,3.37,1.00
2015.09.07 07:25:19.893,1.19283,1.19287,1.75,1.00
2015.09.07 07:25:20.501,1.19282,1.19286,2.25,1.00
2015.09.07 07:25:21.018,1.19282,1.19286,1.50,1.00
2015.09.07 07:25:23.293,1.19281,1.19287,2.25,1.50
2015.09.07 07:25:24.296,1.19281,1.19287,2.25,1.50
2015.09.07 07:25:24.804,1.19282,1.19287,1.50,1.00
2015.09.07 07:25:25.315,1.19282,1.19288,1.50,1.50
2015.09.07 07:25:29.511,1.19283,1.19287,1.12,1.00
2015.09.07 07:25:30.520,1.19282,1.19286,1.50,1.00
2015.09.07 07:25:31.026,1.19282,1.19287,1.50,1.00
2015.09.07 07:25:31.530,1.19282,1.19286,1.50,1.00
2015.09.07 07:25:37.980,1.19283,1.19287,1.12,1.00
2015.09.07 07:25:40.277,1.19282,1.19288,1.50,2.25
2015.09.07 07:25:43.111,1.19283,1.19287,1.12,1.00
2015.09.07 07:25:50.461,1.19282,1.19288,1.50,1.50
2015.09.07 07:25:50.965,1.19283,1.19287,1.12,1.00
2015.09.07 07:25:51.573,1.19284,1.19287,1.00,1.00
2015.09.07 07:25:52.280,1.19284,1.19288,1.00,1.00
2015.09.07 07:25:52.812,1.19285,1.19288,1.00,1.00
2015.09.07 07:25:53.726,1.19284,1.19288,1.00,1.00
2015.09.07 07:25:55.393,1.19281,1.19286,3.00,1.00
2015.09.07 07:25:55.495,1.19283,1.19288,1.00,1.87
2015.09.07 07:25:56.019,1.19283,1.19288,1.50,1.00
2015.09.07 07:25:57.859,1.19282,1.19287,2.25,1.00
2015.09.07 07:25:58.032,1.19282,1.19287,1.87,2.25
2015.09.07 07:25:58.540,1.19283,1.19287,1.12,1.50
2015.09.07 07:25:59.053,1.19284,1.19288,1.00,1.00
2015.09.07 07:26:04.372,1.19283,1.19288,1.87,1.00
2015.09.07 07:26:05.383,1.19284,1.19288,1.00,1.00
2015.09.07 07:26:06.565,1.19283,1.19288,1.87,1.00
2015.09.07 07:26:07.353,1.19282,1.19287,2.25,1.00
2015.09.07 07:26:07.861,1.19283,1.19288,1.50,1.00
2015.09.07 07:26:09.034,1.19283,1.19288,1.87,1.00
2015.09.07 07:26:09.439,1.19285,1.19288,1.00,1.00
2015.09.07 07:26:09.693,1.19285,1.1929,1.12,1.50
2015.09.07 07:26:10.211,1.19283,1.19289,1.87,1.87
2015.09.07 07:26:10.736,1.19283,1.19288,1.50,1.50
2015.09.07 07:26:11.427,1.19283,1.19288,1.87,1.50
2015.09.07 07:26:11.945,1.19282,1.19288,1.87,2.62
2015.09.07 07:26:12.452,1.19283,1.19288,1.12,2.25
2015.09.07 07:26:13.071,1.19283,1.19287,1.12,1.00
2015.09.07 07:26:15.787,1.19283,1.19288,1.12,1.50
2015.09.07 07:26:16.966,1.19282,1.19287,3.00,1.00
2015.09.07 07:26:17.474,1.19283,1.19288,1.00,2.62
2015.09.07 07:26:18.441,1.19282,1.19288,1.12,3.37
2015.09.07 07:26:18.960,1.19283,1.19287,1.12,1.00
2015.09.07 07:26:23.933,1.19282,1.19286,1.75,1.00
2015.09.07 07:26:24.036,1.19281,1.19283,2.32,1.00
2015.09.07 07:26:24.188,1.19279,1.19282,1.12,1.00
2015.09.07 07:26:24.341,1.19276,1.19282,2.25,1.10
2015.09.07 07:26:24.849,1.19277,1.19281,1.00,1.50
2015.09.07 07:26:25.103,1.19276,1.19279,1.87,1.00
2015.09.07 07:26:25.612,1.19276,1.1928,1.87,1.00
2015.09.07 07:26:26.131,1.19277,1.1928,1.50,1.00
2015.09.07 07:26:29.078,1.19276,1.1928,1.87,1.00
2015.09.07 07:26:29.592,1.19274,1.19278,1.87,1.00
2015.09.07 07:26:29.900,1.1927,1.19276,1.85,1.50
2015.09.07 07:26:30.157,1.1927,1.19275,1.00,1.50
2015.09.07 07:26:30.512,1.19267,1.19273,2.62,1.00
2015.09.07 07:26:30.793,1.19264,1.1927,1.95,1.00
2015.09.07 07:26:30.896,1.19263,1.19268,1.75,1.00
2015.09.07 07:26:31.405,1.19262,1.19268,1.75,1.00
2015.09.07 07:26:31.914,1.19264,1.19269,1.12,1.50
2015.09.07 07:26:32.219,1.19261,1.19267,3.37,1.00
2015.09.07 07:26:32.731,1.19262,1.19268,1.75,1.00
2015.09.07 07:26:33.189,1.19262,1.19266,1.37,1.00
2015.09.07 07:26:33.393,1.19261,1.19266,1.12,1.00
2015.09.07 07:26:33.899,1.1926,1.19266,1.12,2.25
2015.09.07 07:26:34.407,1.1926,1.19265,1.12,1.50
2015.09.07 07:26:35.171,1.19261,1.19265,1.00,1.00
2015.09.07 07:26:35.677,1.1926,1.19265,1.12,1.00
2015.09.07 07:26:42.560,1.1926,1.19264,1.12,1.00
2015.09.07 07:26:43.067,1.19259,1.19264,1.87,1.00
2015.09.07 07:26:43.588,1.1926,1.19265,1.10,1.87
2015.09.07 07:26:44.145,1.19261,1.19266,1.00,1.87
2015.09.07 07:26:44.348,1.19261,1.19267,1.95,3.00
2015.09.07 07:26:44.857,1.19261,1.19266,1.57,1.00
2015.09.07 07:26:46.175,1.19262,1.19267,1.12,1.87
2015.09.07 07:26:46.679,1.19262,1.19266,1.12,1.00
2015.09.07 07:26:48.202,1.19261,1.19266,1.20,1.00
2015.09.07 07:26:49.283,1.19262,1.19266,1.00,1.00
2015.09.07 07:26:49.618,1.19264,1.19267,1.00,1.00
2015.09.07 07:26:50.126,1.19263,1.19268,1.00,1.87
2015.09.07 07:26:51.420,1.19262,1.19268,1.95,2.62
2015.09.07 07:26:51.982,1.19263,1.19268,1.00,2.62
2015.09.07 07:26:52.795,1.19264,1.19268,1.00,1.12
2015.09.07 07:26:53.483,1.19265,1.19268,1.00,1.00
2015.09.07 07:26:54.355,1.19266,1.19268,1.00,1.00
2015.09.07 07:26:54.406,1.19268,1.1927,1.00,1.00
2015.09.07 07:26:54.559,1.1927,1.19273,1.00,1.10
2015.09.07 07:26:55.083,1.1927,1.19274,1.12,1.50
2015.09.07 07:26:55.590,1.1927,1.19275,1.95,1.00
2015.09.07 07:26:55.742,1.19272,1.19275,1.00,1.00
2015.09.07 07:26:56.100,1.19274,1.19277,1.00,1.87
2015.09.07 07:26:56.606,1.19275,1.19277,1.50,1.00
2015.09.07 07:26:56.759,1.19278,1.19282,1.00,1.87
2015.09.07 07:26:57.277,1.19278,1.19282,1.00,1.00
2015.09.07 07:27:00.395,1.19279,1.19284,1.00,1.50
2015.09.07 07:27:00.446,1.19281,1.19284,1.00,1.50
2015.09.07 07:27:00.599,1.19283,1.19287,1.00,1.10
2015.09.07 07:27:00.797,1.19284,1.19288,1.50,2.25
2015.09.07 07:27:01.307,1.19285,1.19289,1.12,1.50
2015.09.07 07:27:01.824,1.19288,1.19289,1.00,1.00
2015.09.07 07:27:02.129,1.19293,1.19295,1.00,1.12
2015.09.07 07:27:02.180,1.19295,1.19297,1.00,1.20
2015.09.07 07:27:02.487,1.19303,1.19305,1.00,1.57
2015.09.07 07:27:02.641,1.19305,1.19308,1.00,1.57
2015.09.07 07:27:02.692,1.19305,1.19309,1.00,1.12
2015.09.07 07:27:03.257,1.19305,1.1931,1.12,1.00
2015.09.07 07:27:03.511,1.19303,1.19307,3.37,1.00
2015.09.07 07:27:03.801,1.193,1.19304,1.12,1.50
2015.09.07 07:27:04.004,1.193,1.19302,1.10,1.00
2015.09.07 07:27:04.106,1.19298,1.19301,1.10,1.00
2015.09.07 07:27:04.309,1.19296,1.193,2.62,1.00
2015.09.07 07:27:04.563,1.19296,1.19299,1.10,1.00
2015.09.07 07:27:04.901,1.19294,1.193,1.50,1.50
2015.09.07 07:27:05.425,1.19295,1.193,1.00,1.12
2015.09.07 07:27:05.932,1.19295,1.19299,1.00,1.00
2015.09.07 07:27:06.732,1.19295,1.193,1.00,1.12
2015.09.07 07:27:06.884,1.19297,1.19302,1.00,2.25
2015.09.07 07:27:07.153,1.19297,1.19302,1.50,1.12
2015.09.07 07:27:08.014,1.19298,1.19302,1.00,1.12
2015.09.07 07:27:08.520,1.19299,1.19302,1.00,1.12
2015.09.07 07:27:10.400,1.19298,1.19303,1.00,1.50
2015.09.07 07:27:11.873,1.193,1.19303,1.00,1.50
2015.09.07 07:27:11.924,1.19299,1.19304,1.00,1.95
2015.09.07 07:27:12.042,1.193,1.19304,1.50,1.10
2015.09.07 07:27:12.093,1.19302,1.19304,1.00,1.10
2015.09.07 07:27:12.347,1.19303,1.19308,1.50,2.70
2015.09.07 07:27:12.499,1.19305,1.19309,1.00,1.87
2015.09.07 07:27:12.550,1.19303,1.19309,1.87,2.62
2015.09.07 07:27:12.652,1.19305,1.19309,1.00,3.37
2015.09.07 07:27:13.172,1.19304,1.19309,1.00,3.07
2015.09.07 07:27:14.379,1.19305,1.19309,1.00,2.70
2015.09.07 07:27:15.093,1.19305,1.19308,1.00,1.00
2015.09.07 07:27:15.399,1.19303,1.19306,1.00,1.00
2015.09.07 07:27:15.807,1.19303,1.19304,1.00,1.00
2015.09.07 07:27:15.909,1.19301,1.19303,1.00,1.00
2015.09.07 07:27:16.061,1.19301,1.19305,1.00,1.87
2015.09.07 07:27:16.571,1.19299,1.19305,1.50,2.32
2015.09.07 07:27:17.090,1.193,1.19305,1.00,1.87
2015.09.07 07:27:17.598,1.19301,1.19305,1.00,1.57
2015.09.07 07:27:18.589,1.193,1.19304,1.50,1.12
2015.09.07 07:27:19.479,1.19301,1.19304,1.00,1.00
2015.09.07 07:27:19.998,1.19301,1.19306,1.50,3.75
2015.09.07 07:27:20.987,1.19302,1.19305,1.00,1.10
2015.09.07 07:27:22.099,1.19302,1.19305,1.00,2.62
2015.09.07 07:27:22.609,1.19301,1.19305,1.00,2.70
2015.09.07 07:27:24.589,1.19301,1.19304,1.00,1.50
2015.09.07 07:27:24.844,1.19298,1.19303,1.00,2.62
2015.09.07 07:27:25.301,1.19296,1.19301,1.50,2.62
2015.09.07 07:27:25.824,1.19296,1.19301,1.00,2.70
2015.09.07 07:27:27.199,1.19295,1.19299,1.50,1.87
2015.09.07 07:27:27.504,1.19294,1.19299,1.50,2.62
2015.09.07 07:27:28.010,1.19294,1.19298,1.00,1.12
2015.09.07 07:27:30.572,1.19294,1.19298,1.00,1.37
2015.09.07 07:27:30.725,1.19291,1.19296,2.62,1.00
2015.09.07 07:27:30.879,1.19288,1.19293,3.37,1.12
2015.09.07 07:27:31.185,1.19286,1.1929,1.00,1.50
2015.09.07 07:27:31.489,1.19283,1.19285,1.00,1.00
2015.09.07 07:27:31.540,1.19281,1.19284,1.50,1.00
2015.09.07 07:27:31.591,1.19281,1.19283,1.00,1.00
2015.09.07 07:27:31.642,1.19277,1.19282,1.50,1.00
2015.09.07 07:27:31.795,1.19276,1.1928,1.10,1.12
2015.09.07 07:27:32.303,1.19278,1.19282,1.00,1.95
2015.09.07 07:27:32.507,1.19277,1.19283,1.00,2.25
2015.09.07 07:27:33.054,1.19278,1.19283,1.00,1.95
2015.09.07 07:27:33.105,1.1928,1.19283,1.00,1.95
2015.09.07 07:27:33.612,1.19279,1.19283,1.00,1.12
2015.09.07 07:27:33.985,1.19281,1.19283,1.00,1.12
2015.09.07 07:27:34.454,1.19281,1.19285,1.50,1.57
2015.09.07 07:27:34.963,1.19281,1.19285,1.00,3.37
2015.09.07 07:27:35.480,1.19281,1.19285,1.50,1.57
2015.09.07 07:27:35.987,1.19282,1.19287,1.00,3.00
2015.09.07 07:27:36.501,1.19283,1.19286,1.00,1.10
2015.09.07 07:27:37.008,1.19283,1.19287,1.00,1.87
2015.09.07 07:27:37.225,1.19285,1.19288,1.00,1.47
2015.09.07 07:27:37.327,1.19286,1.19289,1.50,1.20
2015.09.07 07:27:37.379,1.19288,1.1929,1.00,1.87
2015.09.07 07:27:37.685,1.1929,1.19294,1.00,1.37
2015.09.07 07:27:38.212,1.1929,1.19295,1.00,1.87
2015.09.07 07:27:38.722,1.19291,1.19295,1.00,1.87
2015.09.07 07:27:39.078,1.19289,1.19295,1.50,2.25
2015.09.07 07:27:39.230,1.19288,1.19292,1.12,1.00
2015.09.07 07:27:39.515,1.19283,1.19288,1.50,1.00
2015.09.07 07:27:40.277,1.19282,1.19286,1.12,1.00
2015.09.07 07:27:40.611,1.19277,1.19282,1.57,1.50
2015.09.07 07:27:40.866,1.19275,1.19281,1.57,2.25
2015.09.07 07:27:41.221,1.19279,1.19283,1.00,2.25
2015.09.07 07:27:41.322,1.19279,1.19283,1.00,1.12
2015.09.07 07:27:41.584,1.19281,1.19285,1.00,1.57
2015.09.07 07:27:41.889,1.19283,1.19286,1.00,1.85
2015.09.07 07:27:42.093,1.19282,1.19287,1.00,1.20
2015.09.07 07:27:42.606,1.1928,1.19286,2.25,1.00
2015.09.07 07:27:45.312,1.19282,1.19287,1.00,2.32
2015.09.07 07:27:45.843,1.19281,1.19287,1.50,2.32
2015.09.07 07:27:46.352,1.19282,1.19287,1.50,2.32
2015.09.07 07:27:47.199,1.19281,1.19287,1.50,2.32
2015.09.07 07:27:49.791,1.1928,1.19286,1.12,1.87
2015.09.07 07:27:49.943,1.19278,1.19284,2.62,1.12
2015.09.07 07:27:50.253,1.19277,1.19282,1.57,1.50
2015.09.07 07:27:50.760,1.19276,1.19281,1.00,1.87
2015.09.07 07:27:51.270,1.19276,1.19281,1.00,2.25
2015.09.07 07:27:51.782,1.19275,1.19281,2.25,2.25
2015.09.07 07:27:53.297,1.19274,1.19278,1.12,1.00
2015.09.07 07:27:53.501,1.1927,1.19275,1.50,1.50
2015.09.07 07:27:54.009,1.19269,1.19274,1.50,1.87
2015.09.07 07:27:54.523,1.1927,1.19275,1.00,1.57
2015.09.07 07:27:56.710,1.19272,1.19275,1.00,1.57
2015.09.07 07:27:56.963,1.19274,1.19277,1.00,1.12
2015.09.07 07:27:57.015,1.19275,1.1928,1.00,3.00
2015.09.07 07:27:57.116,1.19276,1.19281,1.00,1.87
2015.09.07 07:27:57.626,1.19275,1.19281,1.00,2.32
2015.09.07 07:28:00.500,1.19274,1.1928,1.00,1.50
2015.09.07 07:28:00.886,1.19273,1.19278,1.50,1.50
2015.09.07 07:28:03.138,1.19273,1.19278,1.00,1.87
2015.09.07 07:28:03.847,1.19272,1.19278,3.75,2.62
2015.09.07 07:28:04.494,1.19273,1.19278,1.00,3.00
2015.09.07 07:28:05.102,1.19272,1.19278,3.75,3.00
2015.09.07 07:28:05.566,1.19272,1.19275,1.00,1.50
2015.09.07 07:28:05.769,1.1927,1.19274,1.50,1.12
2015.09.07 07:28:06.868,1.19269,1.19274,2.25,1.20
2015.09.07 07:28:07.071,1.19268,1.19273,2.25,1.50
2015.09.07 07:28:07.588,1.19269,1.19273,1.00,1.20
2015.09.07 07:28:08.602,1.1927,1.19274,1.00,1.12
2015.09.07 07:28:09.107,1.1927,1.19275,1.50,1.87
2015.09.07 07:28:09.815,1.19271,1.19275,1.00,1.87
2015.09.07 07:28:12.660,1.1927,1.19275,1.00,3.00
2015.09.07 07:28:13.173,1.19271,1.19275,1.00,3.00
2015.09.07 07:28:13.680,1.1927,1.19274,1.00,1.57
2015.09.07 07:28:15.094,1.1927,1.19275,1.00,3.75
2015.09.07 07:28:16.487,1.19271,1.19275,1.00,3.00
2015.09.07 07:28:18.924,1.19272,1.19275,1.00,1.57
2015.09.07 07:28:19.229,1.19277,1.19279,1.00,1.12
2015.09.07 07:28:19.331,1.19277,1.1928,1.00,1.50
2015.09.07 07:28:19.861,1.19276,1.1928,1.00,1.50
2015.09.07 07:28:20.378,1.19275,1.1928,1.50,1.50
2015.09.07 07:28:21.293,1.19275,1.1928,1.00,2.25
2015.09.07 07:28:21.809,1.19274,1.1928,1.00,2.25
2015.09.07 07:28:22.343,1.19275,1.1928,1.00,1.75
2015.09.07 07:28:22.597,1.19275,1.19281,1.00,3.00
2015.09.07 07:28:23.103,1.19276,1.19281,1.00,1.50
2015.09.07 07:28:23.437,1.19275,1.1928,1.00,1.75
2015.09.07 07:28:23.945,1.19274,1.1928,1.50,2.25
2015.09.07 07:28:24.249,1.19271,1.19274,1.37,1.00
2015.09.07 07:28:24.301,1.19271,1.19274,1.00,1.12
2015.09.07 07:28:24.803,1.1927,1.19274,2.32,1.50
2015.09.07 07:28:26.578,1.19271,1.19274,1.00,1.50
2015.09.07 07:28:27.869,1.1927,1.19274,1.00,1.50
2015.09.07 07:28:28.375,1.19271,1.19274,1.00,1.50
2015.09.07 07:28:28.893,1.1927,1.19275,1.00,2.32
2015.09.07 07:28:29.046,1.19267,1.19273,4.20,1.87
2015.09.07 07:28:29.148,1.19267,1.19271,1.50,1.00
2015.09.07 07:28:29.249,1.19265,1.1927,1.20,1.50
2015.09.07 07:28:29.402,1.19263,1.19269,1.50,1.50
2015.09.07 07:28:29.751,1.19262,1.19268,1.50,1.75
2015.09.07 07:28:30.258,1.19263,1.19268,1.00,1.75
2015.09.07 07:28:31.297,1.1926,1.19265,3.00,1.50
2015.09.07 07:28:31.506,1.19259,1.19265,1.50,1.50
2015.09.07 07:28:31.810,1.19261,1.19266,1.00,1.85
2015.09.07 07:28:32.012,1.19261,1.19266,1.00,1.20
2015.09.07 07:28:32.215,1.1926,1.19266,1.00,1.85
2015.09.07 07:28:32.764,1.19259,1.19265,1.87,1.12
2015.09.07 07:28:33.270,1.19259,1.19264,1.00,3.00
2015.09.07 07:28:33.580,1.19259,1.19264,1.00,3.00
2015.09.07 07:28:34.467,1.19261,1.19262,1.00,1.12
2015.09.07 07:28:34.672,1.19265,1.19267,1.00,1.12
2015.09.07 07:28:34.981,1.19263,1.19268,1.50,1.50
2015.09.07 07:28:35.405,1.19265,1.19269,1.00,1.85
2015.09.07 07:28:35.608,1.19267,1.19272,1.12,1.10
2015.09.07 07:28:35.811,1.19269,1.19273,1.00,1.10
2015.09.07 07:28:36.229,1.1927,1.19275,1.00,1.87
2015.09.07 07:28:37.087,1.19271,1.19275,1.00,1.87
2015.09.07 07:28:37.594,1.19273,1.19276,1.00,1.00
2015.09.07 07:28:38.248,1.19274,1.19276,1.00,1.00
2015.09.07 07:28:38.300,1.19275,1.19278,1.00,1.00
2015.09.07 07:28:38.605,1.19277,1.19279,1.00,1.00
2015.09.07 07:28:38.859,1.19278,1.19283,1.00,2.70
2015.09.07 07:28:38.910,1.1928,1.19283,1.00,1.12
2015.09.07 07:28:39.012,1.19281,1.19285,1.00,1.57
2015.09.07 07:28:39.316,1.19283,1.19287,1.00,1.00
2015.09.07 07:28:39.824,1.19283,1.19288,1.00,1.12
2015.09.07 07:28:41.264,1.19282,1.19288,1.20,1.12
2015.09.07 07:28:41.570,1.19283,1.19289,1.50,2.25
2015.09.07 07:28:43.103,1.19284,1.1929,1.12,2.70
2015.09.07 07:28:43.715,1.19284,1.19289,1.12,1.00
2015.09.07 07:28:44.465,1.19284,1.1929,1.12,1.12
2015.09.07 07:28:44.972,1.19285,1.1929,1.12,1.00
2015.09.07 07:28:45.478,1.19284,1.19289,3.00,1.00
2015.09.07 07:28:47.844,1.19283,1.19289,3.07,1.00
2015.09.07 07:28:48.399,1.19284,1.1929,1.87,1.12
2015.09.07 07:28:48.704,1.19285,1.1929,1.57,1.00
2015.09.07 07:28:49.297,1.19285,1.19291,2.32,1.00
2015.09.07 07:28:50.056,1.19287,1.19292,1.12,1.57
2015.09.07 07:28:50.360,1.19291,1.19295,1.00,1.50
2015.09.07 07:28:50.664,1.19293,1.19297,1.00,1.00
2015.09.07 07:28:50.968,1.19297,1.19303,1.00,3.37
2015.09.07 07:28:51.483,1.19295,1.19301,4.12,1.00
2015.09.07 07:28:52.361,1.19296,1.193,1.12,1.00
2015.09.07 07:28:52.919,1.19295,1.19299,1.47,1.00
2015.09.07 07:28:53.327,1.19293,1.19297,1.12,1.00
2015.09.07 07:28:53.631,1.1929,1.19294,1.12,1.50
2015.09.07 07:28:53.886,1.19287,1.19293,3.37,1.00
2015.09.07 07:28:54.004,1.19287,1.19291,2.62,1.00
2015.09.07 07:28:54.207,1.19286,1.1929,1.95,1.00
2015.09.07 07:28:54.717,1.19287,1.1929,1.12,1.00
2015.09.07 07:28:55.481,1.19286,1.19291,1.50,1.00
2015.09.07 07:28:56.303,1.19288,1.19291,1.00,1.00
2015.09.07 07:28:56.558,1.19287,1.19289,1.12,1.00
2015.09.07 07:28:56.711,1.19284,1.19288,1.20,1.00
2015.09.07 07:28:56.812,1.19284,1.19287,1.12,1.00
2015.09.07 07:28:59.989,1.19281,1.19287,4.57,1.00
2015.09.07 07:29:00.091,1.19282,1.19287,1.12,1.00
2015.09.07 07:29:00.620,1.19282,1.19286,1.12,1.00
2015.09.07 07:29:01.129,1.19282,1.19287,1.87,1.00
2015.09.07 07:29:01.655,1.19282,1.19286,1.12,1.00
2015.09.07 07:29:03.083,1.19281,1.19286,1.20,1.50
2015.09.07 07:29:03.756,1.19281,1.19287,3.00,1.10
2015.09.07 07:29:04.263,1.19282,1.19288,2.25,1.50
2015.09.07 07:29:04.771,1.19281,1.19287,4.20,1.00
2015.09.07 07:29:05.306,1.19281,1.19285,2.32,1.00
2015.09.07 07:29:13.529,1.1928,1.19284,2.25,1.00
2015.09.07 07:29:13.838,1.19279,1.19281,1.12,1.00
2015.09.07 07:29:13.890,1.19277,1.19279,1.10,1.00
2015.09.07 07:29:13.941,1.19276,1.19278,1.50,1.00
2015.09.07 07:29:14.043,1.19274,1.19276,1.10,1.00
2015.09.07 07:29:14.095,1.19275,1.19276,1.10,1.00
2015.09.07 07:29:14.146,1.19271,1.19273,1.12,1.00
2015.09.07 07:29:14.560,1.19267,1.19272,1.57,1.00
2015.09.07 07:29:16.392,1.19266,1.19272,3.00,1.12
2015.09.07 07:29:16.494,1.19266,1.19269,1.95,1.00
2015.09.07 07:29:17.035,1.19266,1.1927,1.00,1.00
2015.09.07 07:29:17.542,1.19266,1.19269,1.00,1.00
2015.09.07 07:29:18.067,1.19267,1.19272,1.50,1.50
2015.09.07 07:29:18.118,1.19267,1.19273,2.25,1.10
2015.09.07 07:29:19.793,1.19267,1.19272,1.50,1.00
2015.09.07 07:29:21.184,1.19267,1.19273,1.50,1.10
2015.09.07 07:29:21.590,1.19271,1.19274,1.00,1.50
2015.09.07 07:29:21.832,1.19271,1.19276,2.25,1.10
2015.09.07 07:29:22.294,1.1927,1.19274,2.32,1.00
2015.09.07 07:29:24.119,1.19269,1.19274,1.12,1.00
2015.09.07 07:29:24.638,1.19268,1.19273,2.25,1.00
2015.09.07 07:29:25.529,1.19267,1.19272,2.25,1.00
2015.09.07 07:29:26.087,1.19267,1.19273,2.25,1.00
2015.09.07 07:29:26.626,1.19267,1.19272,2.25,1.00
2015.09.07 07:29:27.128,1.19267,1.19273,2.25,1.00
2015.09.07 07:29:27.657,1.19269,1.19275,2.25,1.87
2015.09.07 07:29:27.861,1.19272,1.19277,1.00,2.62
2015.09.07 07:29:28.171,1.19273,1.19279,2.25,1.12
2015.09.07 07:29:28.222,1.19275,1.1928,1.12,1.57
2015.09.07 07:29:28.729,1.19273,1.19279,2.25,1.00
2015.09.07 07:29:28.830,1.19273,1.19277,1.50,1.00
2015.09.07 07:29:29.338,1.19272,1.19278,3.00,1.00
2015.09.07 07:29:29.863,1.19274,1.19279,1.00,1.95
2015.09.07 07:29:32.274,1.19273,1.19278,1.50,1.00
2015.09.07 07:29:32.780,1.19273,1.19279,2.25,1.00
2015.09.07 07:29:34.000,1.19274,1.1928,1.12,1.95
2015.09.07 07:29:35.221,1.19274,1.19279,1.12,1.00
2015.09.07 07:29:37.452,1.19277,1.1928,1.00,1.95
2015.09.07 07:29:37.756,1.19277,1.19283,3.00,1.57
2015.09.07 07:29:38.263,1.19278,1.19283,1.12,1.00
2015.09.07 07:29:39.766,1.19277,1.19281,1.50,1.00
2015.09.07 07:29:40.070,1.1928,1.19285,1.87,3.00
2015.09.07 07:29:40.577,1.1928,1.19285,1.12,1.10
2015.09.07 07:29:41.389,1.19281,1.19285,1.00,1.10
2015.09.07 07:29:41.593,1.19283,1.19288,1.00,3.75
2015.09.07 07:29:41.745,1.19283,1.19288,1.00,1.87
2015.09.07 07:29:42.303,1.19284,1.19289,1.00,3.00
2015.09.07 07:29:42.979,1.19283,1.19288,1.12,1.10
2015.09.07 07:29:43.436,1.19281,1.19287,2.62,1.12
2015.09.07 07:29:44.705,1.19281,1.19286,1.87,1.00
2015.09.07 07:29:45.059,1.19283,1.19288,1.00,3.07
2015.09.07 07:29:45.566,1.19283,1.19288,1.12,1.10
2015.09.07 07:29:46.072,1.19282,1.19287,2.25,1.00
2015.09.07 07:29:47.958,1.19283,1.19288,1.12,1.57
2015.09.07 07:29:49.076,1.19283,1.19288,1.50,1.10
2015.09.07 07:29:49.942,1.19282,1.19287,1.75,1.00
2015.09.07 07:29:50.450,1.19281,1.19287,2.25,1.10
2015.09.07 07:29:51.418,1.19282,1.19288,1.50,1.57
2015.09.07 07:29:52.883,1.19281,1.19287,3.00,1.00
2015.09.07 07:29:53.408,1.19281,1.19286,1.50,1.00
2015.09.07 07:29:53.764,1.1928,1.19285,2.25,1.00
2015.09.07 07:29:54.272,1.19279,1.19285,3.00,1.00
2015.09.07 07:29:54.791,1.1928,1.19286,1.12,1.20
2015.09.07 07:29:55.450,1.1928,1.19285,1.00,1.00
2015.09.07 07:29:55.970,1.19279,1.19285,2.25,1.00
2015.09.07 07:29:56.477,1.1928,1.19286,1.00,1.10
2015.09.07 07:30:00.268,1.1928,1.19285,1.00,1.00
2015.09.07 07:30:00.777,1.19281,1.19286,1.00,1.00
2015.09.07 07:30:01.320,1.19281,1.19287,1.00,1.57
2015.09.07 07:30:01.675,1.19283,1.19288,1.00,1.10
2015.09.07 07:30:02.194,1.19282,1.19288,2.25,1.00
2015.09.07 07:30:02.704,1.19281,1.19286,4.50,1.00
2015.09.07 07:30:02.958,1.19282,1.19288,1.00,1.50
2015.09.07 07:30:03.442,1.19286,1.1929,1.00,1.87
2015.09.07 07:30:03.696,1.19287,1.19293,1.00,2.62
2015.09.07 07:30:03.850,1.19288,1.19293,1.00,2.32
2015.09.07 07:30:04.367,1.19287,1.19292,1.00,1.50
2015.09.07 07:30:04.875,1.19286,1.19292,1.50,1.50
2015.09.07 07:30:05.388,1.19287,1.19292,1.00,3.82
2015.09.07 07:30:05.895,1.19288,1.19292,1.00,1.00
2015.09.07 07:30:06.199,1.19288,1.19294,1.50,1.57
2015.09.07 07:30:06.301,1.1929,1.19294,1.00,1.10
2015.09.07 07:30:06.493,1.1929,1.19296,1.00,3.07
2015.09.07 07:30:07.001,1.19289,1.19295,3.00,1.00
2015.09.07 07:30:08.125,1.19289,1.19296,2.25,1.00
2015.09.07 07:30:10.011,1.19288,1.19296,3.07,1.50
2015.09.07 07:30:10.533,1.19289,1.19295,1.00,1.00
2015.09.07 07:30:11.650,1.1929,1.19296,1.00,1.50
2015.09.07 07:30:13.151,1.19291,1.19296,1.00,1.00
2015.09.07 07:30:13.592,1.1929,1.19294,2.25,1.00
2015.09.07 07:30:14.277,1.19289,1.19294,1.00,1.00
2015.09.07 07:30:14.784,1.19288,1.19293,2.25,1.00
2015.09.07 07:30:16.981,1.19288,1.19294,3.00,2.70
2015.09.07 07:30:17.691,1.19289,1.19294,1.50,1.20
2015.09.07 07:30:18.139,1.1929,1.19296,1.00,2.32
2015.09.07 07:30:18.646,1.19291,1.19296,1.00,1.00
2015.09.07 07:30:20.119,1.1929,1.19296,1.50,2.25
2015.09.07 07:30:20.672,1.19291,1.19296,1.00,1.50
2015.09.07 07:30:21.179,1.19293,1.19297,1.00,1.00
2015.09.07 07:30:21.489,1.19296,1.193,1.00,1.00
2015.09.07 07:30:22.005,1.19295,1.19301,2.25,1.00
2015.09.07 07:30:22.858,1.19295,1.19298,1.50,1.00
2015.09.07 07:30:23.063,1.19293,1.19298,1.10,1.00
2015.09.07 07:30:23.267,1.19292,1.19296,1.00,1.00
2015.09.07 07:30:24.245,1.1929,1.19296,1.00,1.50
2015.09.07 07:30:24.751,1.1929,1.19295,1.00,1.00
2015.09.07 07:30:25.281,1.1929,1.19296,1.00,1.50
2015.09.07 07:30:25.332,1.19293,1.19295,1.00,1.00
2015.09.07 07:30:25.434,1.19295,1.19299,1.00,1.87
2015.09.07 07:30:25.536,1.19295,1.19301,1.00,2.25
2015.09.07 07:30:25.638,1.19295,1.19301,1.00,1.10
2015.09.07 07:30:26.150,1.19294,1.193,3.75,1.00
2015.09.07 07:30:26.657,1.19295,1.19301,1.00,1.10
2015.09.07 07:30:27.195,1.19296,1.193,1.00,1.00
2015.09.07 07:30:27.704,1.19296,1.19301,1.00,1.57
2015.09.07 07:30:28.264,1.19296,1.193,1.00,1.00
2015.09.07 07:30:32.065,1.19296,1.193,2.25,1.00
2015.09.07 07:30:32.579,1.193,1.19301,1.00,1.00
2015.09.07 07:30:32.733,1.19301,1.19304,1.00,1.12
2015.09.07 07:30:32.835,1.19302,1.19307,1.00,2.70
2015.09.07 07:30:34.554,1.19302,1.19306,1.12,1.00
2015.09.07 07:30:34.807,1.19299,1.19305,1.57,1.50
2015.09.07 07:30:35.314,1.19299,1.19305,1.12,2.62
2015.09.07 07:30:35.413,1.19298,1.19303,2.32,1.00
2015.09.07 07:30:35.920,1.19298,1.19303,1.87,1.00
2015.09.07 07:30:36.552,1.19298,1.19302,1.12,1.00
2015.09.07 07:30:38.010,1.19298,1.19303,2.25,1.95
2015.09.07 07:30:38.351,1.19303,1.19304,1.00,1.95
2015.09.07 07:30:38.405,1.19303,1.19304,1.00,1.20
2015.09.07 07:30:38.558,1.19303,1.19307,1.50,1.10
2015.09.07 07:30:39.066,1.19303,1.19308,1.12,2.32
2015.09.07 07:30:39.745,1.19303,1.19307,1.12,1.00
2015.09.07 07:30:42.503,1.19302,1.19307,1.12,1.00
2015.09.07 07:30:43.371,1.19302,1.19308,1.12,1.95
2015.09.07 07:30:43.878,1.19302,1.19307,1.87,1.00
2015.09.07 07:30:44.505,1.19303,1.19307,1.00,1.00
2015.09.07 07:30:45.034,1.19302,1.19307,1.12,1.00
2015.09.07 07:30:46.236,1.19303,1.19307,1.00,1.00
2015.09.07 07:30:46.753,1.19302,1.19308,1.87,1.87
2015.09.07 07:30:47.271,1.19303,1.19308,1.00,1.12
2015.09.07 07:30:53.200,1.19301,1.19306,3.82,1.00
2015.09.07 07:30:53.303,1.19301,1.19305,1.95,1.00
2015.09.07 07:30:53.815,1.193,1.19304,1.50,1.00
2015.09.07 07:30:53.916,1.19299,1.19304,1.95,1.50
2015.09.07 07:30:54.524,1.19299,1.19304,2.25,2.25
2015.09.07 07:30:56.122,1.19302,1.19304,1.00,1.00
2015.09.07 07:30:56.375,1.19305,1.19309,1.00,1.95
2015.09.07 07:30:56.729,1.19304,1.1931,2.25,1.87
2015.09.07 07:30:57.891,1.19306,1.1931,1.00,1.00
2015.09.07 07:30:58.199,1.19308,1.1931,1.00,1.00
2015.09.07 07:30:58.452,1.19307,1.19313,1.57,1.50
2015.09.07 07:30:58.706,1.19306,1.19311,1.12,1.50
2015.09.07 07:30:58.858,1.19305,1.19311,1.57,1.00
2015.09.07 07:30:58.960,1.19304,1.1931,1.20,1.12
2015.09.07 07:30:59.471,1.19304,1.1931,1.00,1.50
2015.09.07 07:31:00.914,1.19302,1.19307,3.37,1.00
2015.09.07 07:31:01.218,1.19301,1.19305,1.10,1.00
2015.09.07 07:31:01.753,1.19302,1.19305,1.00,1.00
2015.09.07 07:31:02.209,1.193,1.19305,2.70,1.00
2015.09.07 07:31:02.710,1.193,1.19303,1.87,1.00
2015.09.07 07:31:03.115,1.19301,1.19305,1.00,1.00
2015.09.07 07:31:03.369,1.19301,1.19307,2.70,2.62
2015.09.07 07:31:03.521,1.19303,1.19307,1.00,1.12
2015.09.07 07:31:03.716,1.19304,1.19309,1.00,3.82
2015.09.07 07:31:04.628,1.19305,1.19309,1.00,1.00
2015.09.07 07:31:05.166,1.19306,1.19311,1.00,1.50
2015.09.07 07:31:05.877,1.19303,1.19309,1.57,1.00
2015.09.07 07:31:06.440,1.19303,1.19308,1.50,1.00
2015.09.07 07:31:06.543,1.19302,1.19307,1.20,1.00
2015.09.07 07:31:06.899,1.19305,1.19307,1.00,1.00
2015.09.07 07:31:07.107,1.19306,1.19309,1.12,1.00
2015.09.07 07:31:07.159,1.19308,1.19309,1.00,1.00
2015.09.07 07:31:07.261,1.19306,1.19312,1.50,1.00
2015.09.07 07:31:07.869,1.19306,1.19312,1.00,2.25
2015.09.07 07:31:08.797,1.19307,1.19311,1.00,1.12
2015.09.07 07:31:11.265,1.19306,1.19311,1.00,1.87
2015.09.07 07:31:11.772,1.19305,1.1931,1.12,1.00
2015.09.07 07:31:12.320,1.19306,1.1931,1.00,1.00
2015.09.07 07:31:13.164,1.19305,1.1931,1.12,1.00
2015.09.07 07:31:13.215,1.19304,1.19308,1.47,1.00
2015.09.07 07:31:13.267,1.19303,1.19309,2.70,1.87
2015.09.07 07:31:13.429,1.19302,1.19306,1.20,1.00
2015.09.07 07:31:13.836,1.19304,1.19308,1.00,1.47
2015.09.07 07:31:14.142,1.19308,1.19311,1.00,1.57
2015.09.07 07:31:14.194,1.19309,1.19311,1.00,1.10
2015.09.07 07:31:14.297,1.1931,1.19314,1.00,1.20
2015.09.07 07:31:14.806,1.1931,1.19315,1.12,1.00
2015.09.07 07:31:15.575,1.19311,1.19315,1.00,1.00
2015.09.07 07:31:15.677,1.19313,1.19316,1.00,1.20
2015.09.07 07:31:15.981,1.19315,1.19317,1.00,1.50
2015.09.07 07:31:16.133,1.19314,1.19318,1.50,1.00
2015.09.07 07:31:16.289,1.19315,1.19321,1.87,3.82
2015.09.07 07:31:16.796,1.19315,1.1932,1.00,1.50
2015.09.07 07:31:16.999,1.19318,1.1932,1.00,1.50
2015.09.07 07:31:17.132,1.19319,1.19321,1.50,1.00
2015.09.07 07:31:17.185,1.19319,1.19323,1.87,1.10
2015.09.07 07:31:17.693,1.1932,1.19324,1.50,1.00
2015.09.07 07:31:18.293,1.19321,1.19325,1.00,1.20
2015.09.07 07:31:18.801,1.1932,1.19325,2.25,1.87
2015.09.07 07:31:22.519,1.1932,1.19324,1.00,1.00
2015.09.07 07:31:23.734,1.19323,1.19324,1.00,1.00
2015.09.07 07:31:23.836,1.19324,1.19326,1.12,1.00
2015.09.07 07:31:23.989,1.19326,1.19329,1.50,1.57
2015.09.07 07:31:24.522,1.19325,1.19329,1.87,1.50
2015.09.07 07:31:25.139,1.19325,1.1933,1.12,2.25
2015.09.07 07:31:25.190,1.19324,1.19327,1.50,1.00
2015.09.07 07:31:25.344,1.19322,1.19325,1.00,1.00
2015.09.07 07:31:25.483,1.19323,1.19325,1.00,1.50
2015.09.07 07:31:25.635,1.19321,1.19324,1.12,1.00
2015.09.07 07:31:26.231,1.19319,1.19323,2.32,1.00
2015.09.07 07:31:26.283,1.19319,1.19324,2.70,1.50
2015.09.07 07:31:26.337,1.19319,1.19324,1.57,1.87
2015.09.07 07:31:26.868,1.1932,1.19324,1.00,1.00
2015.09.07 07:31:29.577,1.19319,1.19325,2.25,1.50
2015.09.07 07:31:30.083,1.19319,1.19324,3.75,1.00
2015.09.07 07:31:31.068,1.1932,1.19325,1.12,1.00
2015.09.07 07:31:31.171,1.19322,1.19326,1.00,1.20
2015.09.07 07:31:31.475,1.19324,1.19327,1.00,1.12
2015.09.07 07:31:31.726,1.19325,1.1933,1.00,3.07
2015.09.07 07:31:32.336,1.19325,1.1933,1.00,2.62
2015.09.07 07:31:32.879,1.19324,1.1933,1.87,2.62
2015.09.07 07:31:33.645,1.19324,1.19329,1.12,1.00
2015.09.07 07:31:34.615,1.19324,1.1933,1.12,2.62
2015.09.07 07:31:34.919,1.19327,1.19331,1.00,1.95
2015.09.07 07:31:35.514,1.19327,1.1933,1.00,1.00
2015.09.07 07:31:36.021,1.19327,1.19331,1.00,1.87
2015.09.07 07:31:37.138,1.19327,1.19332,1.12,1.87
2015.09.07 07:31:37.649,1.19328,1.19331,1.00,1.50
2015.09.07 07:31:38.460,1.19328,1.19332,1.00,2.62
2015.09.07 07:31:38.865,1.1933,1.19333,1.00,2.25
2015.09.07 07:31:39.372,1.19331,1.19334,1.00,1.87
2015.09.07 07:31:40.246,1.19331,1.19333,1.00,1.00
2015.09.07 07:31:40.793,1.1933,1.19332,1.00,1.50
2015.09.07 07:31:40.945,1.19327,1.19332,1.87,1.00
2015.09.07 07:31:41.047,1.19329,1.19334,1.50,1.87
2015.09.07 07:31:41.554,1.19329,1.19333,1.10,1.00
2015.09.07 07:31:42.066,1.19328,1.19332,1.37,1.50
2015.09.07 07:31:42.573,1.19327,1.19332,2.32,1.50
2015.09.07 07:31:43.083,1.19327,1.19333,2.32,1.12
2015.09.07 07:31:43.841,1.19327,1.19333,3.07,1.12
2015.09.07 07:31:44.252,1.19329,1.19335,2.25,1.12
2015.09.07 07:31:44.759,1.1933,1.19336,2.62,2.25
2015.09.07 07:31:45.370,1.1933,1.19335,1.95,1.00
2015.09.07 07:31:45.775,1.19332,1.19337,1.12,1.87
2015.09.07 07:31:46.330,1.19333,1.19338,1.50,2.25
2015.09.07 07:31:46.838,1.19333,1.19337,1.12,1.00
2015.09.07 07:31:47.642,1.19333,1.19337,1.50,1.00
2015.09.07 07:31:49.418,1.19333,1.19338,2.25,1.50
2015.09.07 07:31:49.950,1.19334,1.19339,1.00,1.50
2015.09.07 07:31:50.457,1.19334,1.19338,1.00,1.00
2015.09.07 07:31:50.963,1.19333,1.19337,1.50,1.00
2015.09.07 07:31:51.294,1.19331,1.19335,1.20,1.00
2015.09.07 07:31:51.396,1.1933,1.19335,1.87,1.00
2015.09.07 07:31:51.903,1.1933,1.19335,1.00,1.50
2015.09.07 07:31:52.409,1.1933,1.19334,1.00,1.00
2015.09.07 07:31:52.920,1.1933,1.19336,3.37,1.57
2015.09.07 07:31:53.427,1.19332,1.19336,1.00,1.00
2015.09.07 07:31:53.630,1.19334,1.19337,1.50,1.00
2015.09.07 07:31:53.681,1.19335,1.19339,1.00,1.57
2015.09.07 07:31:53.860,1.19337,1.19339,1.00,1.00
2015.09.07 07:31:53.911,1.19337,1.19341,1.00,1.10
2015.09.07 07:31:54.013,1.19338,1.19343,1.00,1.57
2015.09.07 07:31:54.217,1.19339,1.19343,1.50,1.00
2015.09.07 07:31:54.471,1.1934,1.19345,1.12,1.57
2015.09.07 07:31:55.016,1.1934,1.19345,1.50,1.00
2015.09.07 07:31:55.539,1.1934,1.19345,2.62,1.50
2015.09.07 07:31:55.641,1.1934,1.19345,1.50,1.50
2015.09.07 07:31:55.867,1.19338,1.19344,1.20,1.87
2015.09.07 07:31:56.070,1.19338,1.19342,1.00,1.00
2015.09.07 07:31:56.374,1.19337,1.1934,1.12,1.00
2015.09.07 07:31:56.912,1.19337,1.19341,1.12,1.00
2015.09.07 07:31:57.217,1.19334,1.19339,2.25,1.00
2015.09.07 07:31:57.522,1.19331,1.19335,1.57,1.00
2015.09.07 07:31:58.043,1.1933,1.19336,4.12,1.50
2015.09.07 07:32:00.402,1.19332,1.19336,1.00,1.00
2015.09.07 07:32:00.605,1.19333,1.19338,1.12,2.62
2015.09.07 07:32:01.136,1.19332,1.19337,1.87,1.00
2015.09.07 07:32:01.926,1.19334,1.19337,1.00,1.00
2015.09.07 07:32:02.443,1.19333,1.19338,1.12,2.25
2015.09.07 07:32:03.061,1.19333,1.19337,1.12,1.00
2015.09.07 07:32:08.945,1.19332,1.19337,3.00,1.00
2015.09.07 07:32:10.585,1.19332,1.19336,1.12,1.00
2015.09.07 07:32:11.798,1.19332,1.19337,1.87,1.00
2015.09.07 07:32:12.306,1.19332,1.19336,1.12,1.50
2015.09.07 07:32:16.415,1.19332,1.19335,1.00,1.00
2015.09.07 07:32:16.819,1.1933,1.19336,2.62,2.62
2015.09.07 07:32:17.343,1.1933,1.19335,2.62,1.00
2015.09.07 07:32:17.864,1.1933,1.19336,3.00,2.25
2015.09.07 07:32:18.407,1.1933,1.19335,1.00,1.12
2015.09.07 07:32:18.923,1.1933,1.19335,1.50,1.12
2015.09.07 07:32:19.470,1.1933,1.19334,1.50,1.00
2015.09.07 07:32:20.179,1.1933,1.19335,1.87,2.25
2015.09.07 07:32:20.692,1.19329,1.19335,3.75,1.12
2015.09.07 07:32:23.794,1.19331,1.19336,1.50,2.62
2015.09.07 07:32:24.200,1.19329,1.19334,3.00,1.00
2015.09.07 07:32:24.707,1.19329,1.19334,1.50,1.12
2015.09.07 07:32:25.389,1.19329,1.19333,1.50,1.00
2015.09.07 07:32:26.058,1.19331,1.19333,1.00,1.00
2015.09.07 07:32:31.061,1.1933,1.19333,1.00,2.62
2015.09.07 07:32:32.136,1.1933,1.19334,2.85,2.25
2015.09.07 07:32:32.426,1.19334,1.19339,3.75,1.07
2015.09.07 07:32:32.932,1.19334,1.19339,1.50,1.87
2015.09.07 07:32:33.443,1.19334,1.19338,1.12,1.87
2015.09.07 07:32:33.747,1.19332,1.19336,1.75,1.00
2015.09.07 07:32:33.799,1.19332,1.19336,1.12,1.87
2015.09.07 07:32:34.307,1.19331,1.19335,1.50,1.50
2015.09.07 07:32:35.265,1.19332,1.19334,1.00,1.00
2015.09.07 07:32:35.620,1.1933,1.19334,1.12,1.87
2015.09.07 07:32:36.410,1.19329,1.19333,3.75,1.00
2015.09.07 07:32:36.918,1.19329,1.19333,1.12,1.87
2015.09.07 07:32:37.445,1.19329,1.19332,1.12,1.00
2015.09.07 07:32:37.957,1.19329,1.19333,1.12,1.87
2015.09.07 07:32:40.185,1.19329,1.19332,1.87,1.00
2015.09.07 07:32:40.590,1.19329,1.19331,1.00,1.00
2015.09.07 07:32:40.895,1.19323,1.19326,1.20,1.37
2015.09.07 07:32:40.947,1.19322,1.19326,1.00,1.50
2015.09.07 07:32:41.454,1.19321,1.19326,1.12,2.25
2015.09.07 07:32:41.960,1.19321,1.19324,1.00,1.12
2015.09.07 07:32:42.648,1.1932,1.19324,2.62,1.12
2015.09.07 07:32:44.114,1.19319,1.19324,3.37,2.25
2015.09.07 07:32:45.323,1.19319,1.19323,3.75,1.00
2015.09.07 07:32:47.267,1.1932,1.19324,1.12,1.12
2015.09.07 07:32:50.176,1.1932,1.19323,1.12,1.00
2015.09.07 07:32:50.683,1.19319,1.19323,3.37,1.12
2015.09.07 07:32:51.221,1.1932,1.19323,1.00,1.50
2015.09.07 07:32:51.742,1.19321,1.19323,1.00,1.12
2015.09.07 07:32:52.708,1.19321,1.19324,1.00,1.00
2015.09.07 07:32:53.214,1.19322,1.19325,1.00,1.50
2015.09.07 07:32:53.468,1.19322,1.19326,1.87,1.12
2015.09.07 07:32:53.978,1.19323,1.19327,1.87,1.87
2015.09.07 07:32:54.130,1.19322,1.19326,1.50,1.75
2015.09.07 07:32:54.233,1.1932,1.19324,1.87,1.12
2015.09.07 07:32:55.187,1.19319,1.19323,1.50,1.00
2015.09.07 07:32:55.245,1.19318,1.19323,3.00,1.50
2015.09.07 07:32:59.779,1.19316,1.19321,1.87,1.12
2015.09.07 07:32:59.830,1.19316,1.19321,1.87,1.50
2015.09.07 07:33:02.632,1.19316,1.19321,2.25,1.12
2015.09.07 07:33:10.791,1.19318,1.19322,1.50,1.00
2015.09.07 07:33:11.399,1.19321,1.19322,1.00,1.00
2015.09.07 07:33:11.501,1.19319,1.19324,2.62,1.50
2015.09.07 07:33:11.552,1.19322,1.19324,1.00,1.00
2015.09.07 07:33:11.705,1.19323,1.19327,1.00,2.32
2015.09.07 07:33:11.861,1.19323,1.19328,3.00,2.62
2015.09.07 07:33:13.196,1.19324,1.19329,3.75,1.95
2015.09.07 07:33:15.350,1.19326,1.19329,1.00,1.20
2015.09.07 07:33:15.857,1.19326,1.1933,1.12,1.12
2015.09.07 07:33:17.270,1.19325,1.1933,1.50,1.20
2015.09.07 07:33:17.811,1.19324,1.1933,2.25,1.95
2015.09.07 07:33:21.565,1.19324,1.19328,1.75,1.00
2015.09.07 07:33:21.616,1.19322,1.19327,2.25,1.50
2015.09.07 07:33:21.718,1.19321,1.19326,4.50,1.12
2015.09.07 07:33:22.888,1.1932,1.19325,2.25,1.00
2015.09.07 07:33:23.092,1.1932,1.19324,1.12,1.87
2015.09.07 07:33:28.994,1.1932,1.19324,1.00,1.50
2015.09.07 07:33:29.595,1.19322,1.19324,1.00,1.00
2015.09.07 07:33:29.646,1.19321,1.19325,1.50,1.85
2015.09.07 07:33:30.166,1.19321,1.19326,1.00,1.75
2015.09.07 07:33:30.775,1.1932,1.19325,1.87,1.50
2015.09.07 07:33:33.713,1.19321,1.19326,1.00,3.07
2015.09.07 07:33:34.223,1.1932,1.19325,1.50,1.12
2015.09.07 07:33:34.628,1.19319,1.19324,1.00,2.25
2015.09.07 07:33:40.071,1.19321,1.19324,1.00,2.25
2015.09.07 07:33:40.123,1.19321,1.19324,1.00,1.12
2015.09.07 07:33:48.950,1.19321,1.19326,1.12,2.32
2015.09.07 07:33:50.356,1.1932,1.19324,2.25,1.00
2015.09.07 07:33:50.895,1.1932,1.19325,2.25,2.70
2015.09.07 07:33:54.331,1.1932,1.19324,1.50,1.00
2015.09.07 07:33:58.263,1.1932,1.19325,1.12,2.70
2015.09.07 07:33:59.250,1.19322,1.19325,1.00,2.32
2015.09.07 07:33:59.504,1.19322,1.19326,1.50,1.00
2015.09.07 07:34:00.288,1.19323,1.19327,1.12,1.20
2015.09.07 07:34:05.291,1.19323,1.19327,2.25,1.00
2015.09.07 07:34:05.799,1.19322,1.19327,1.75,1.00
2015.09.07 07:34:06.309,1.19321,1.19327,1.75,1.50
2015.09.07 07:34:07.879,1.1932,1.19325,1.50,1.12
2015.09.07 07:34:10.082,1.1932,1.19325,1.00,3.82
2015.09.07 07:34:10.294,1.19318,1.19323,1.12,3.00
2015.09.07 07:34:10.699,1.19316,1.19321,1.12,1.50
2015.09.07 07:34:12.563,1.19314,1.19319,1.50,1.12
2015.09.07 07:34:14.501,1.19316,1.19321,1.00,3.82
2015.09.07 07:34:15.039,1.19315,1.19321,1.12,3.82
2015.09.07 07:34:17.999,1.19316,1.19321,1.00,3.82
2015.09.07 07:34:18.202,1.19313,1.19318,1.12,1.50
2015.09.07 07:34:18.303,1.19312,1.19318,1.50,5.62
2015.09.07 07:34:21.006,1.19312,1.19317,1.12,3.82
2015.09.07 07:34:25.839,1.19314,1.19318,1.00,4.12
2015.09.07 07:34:26.173,1.19318,1.1932,2.25,1.10
2015.09.07 07:34:26.224,1.19318,1.19324,2.25,1.57
2015.09.07 07:34:26.730,1.1932,1.19325,1.00,5.25
2015.09.07 07:34:27.279,1.1932,1.19324,1.12,2.70
2015.09.07 07:34:30.653,1.19319,1.19323,2.25,1.12
2015.09.07 07:34:30.964,1.19317,1.19321,3.07,1.00
2015.09.07 07:34:31.466,1.19316,1.19321,2.25,1.87
2015.09.07 07:34:31.868,1.1932,1.19324,1.00,3.75
2015.09.07 07:34:32.226,1.19323,1.19325,1.00,1.00
2015.09.07 07:34:32.277,1.19324,1.19327,1.50,1.95
2015.09.07 07:34:32.328,1.19325,1.19327,1.87,1.12
2015.09.07 07:34:32.481,1.19326,1.19331,1.12,1.50
2015.09.07 07:34:32.532,1.19328,1.19331,1.00,1.00
2015.09.07 07:34:33.042,1.19327,1.19332,1.87,3.00
2015.09.07 07:34:34.668,1.19326,1.19331,2.25,1.87
2015.09.07 07:34:35.178,1.19326,1.1933,1.00,3.00
2015.09.07 07:34:36.674,1.19326,1.19332,1.87,1.75
2015.09.07 07:34:36.776,1.19328,1.19332,1.12,1.50
2015.09.07 07:34:37.313,1.19328,1.19332,1.00,1.50
2015.09.07 07:34:38.453,1.19328,1.19332,1.12,1.50
2015.09.07 07:34:40.743,1.19329,1.19334,1.37,1.37
2015.09.07 07:34:40.846,1.1933,1.19335,2.25,1.12
2015.09.07 07:34:41.361,1.19331,1.19337,3.07,2.25
2015.09.07 07:34:41.770,1.19332,1.19337,3.00,1.50
2015.09.07 07:34:43.136,1.19332,1.19335,1.75,1.50
2015.09.07 07:34:43.288,1.19331,1.19335,1.57,1.50
2015.09.07 07:34:43.811,1.19331,1.19334,1.00,1.12
2015.09.07 07:34:44.314,1.19328,1.19333,4.50,1.00
2015.09.07 07:34:45.175,1.19328,1.19333,2.62,1.50
2015.09.07 07:34:45.877,1.19327,1.19331,2.25,1.00
2015.09.07 07:34:46.382,1.19326,1.19331,2.25,1.12
2015.09.07 07:34:48.532,1.19328,1.19332,1.00,1.50
2015.09.07 07:34:49.039,1.1933,1.19332,1.00,1.50
2015.09.07 07:34:49.587,1.1933,1.19333,1.00,2.25
2015.09.07 07:34:49.892,1.19331,1.19336,1.50,2.25
2015.09.07 07:34:50.044,1.19333,1.19336,1.00,1.50
2015.09.07 07:34:50.196,1.19334,1.19338,1.00,2.25
2015.09.07 07:34:50.706,1.19334,1.19338,1.12,1.87
2015.09.07 07:34:52.964,1.19333,1.19337,1.50,1.00
2015.09.07 07:34:53.472,1.19332,1.19336,1.50,1.00
2015.09.07 07:34:53.994,1.19331,1.19336,1.50,1.12
2015.09.07 07:34:54.517,1.1933,1.19334,3.00,1.00
2015.09.07 07:34:55.024,1.19329,1.19333,1.50,1.00
2015.09.07 07:34:55.535,1.19329,1.19334,2.25,1.87
2015.09.07 07:34:58.378,1.19328,1.19333,3.75,1.00
2015.09.07 07:34:58.682,1.19327,1.19331,3.00,1.00
2015.09.07 07:34:59.202,1.19327,1.19331,1.50,1.00
2015.09.07 07:34:59.711,1.19325,1.19331,3.75,1.87
2015.09.07 07:35:01.733,1.19325,1.1933,3.00,1.00
2015.09.07 07:35:03.056,1.19325,1.19329,1.75,1.00
2015.09.07 07:35:06.129,1.19326,1.1933,2.25,1.00
2015.09.07 07:35:06.635,1.19326,1.19329,1.75,1.50
2015.09.07 07:35:06.737,1.19323,1.19328,3.82,1.50
2015.09.07 07:35:07.077,1.19323,1.19326,1.75,1.00
2015.09.07 07:35:07.229,1.19321,1.19326,4.50,2.25
2015.09.07 07:35:07.940,1.19323,1.19326,1.50,1.00
2015.09.07 07:35:08.227,1.19323,1.19329,3.00,1.87
2015.09.07 07:35:08.734,1.19324,1.19329,3.00,1.00
2015.09.07 07:35:08.886,1.19324,1.19327,1.75,1.00
2015.09.07 07:35:08.937,1.19323,1.19327,2.25,1.00
2015.09.07 07:35:09.458,1.19322,1.19326,2.25,1.00
2015.09.07 07:35:12.277,1.19321,1.19325,3.37,1.00
2015.09.07 07:35:14.242,1.19322,1.19325,1.20,1.00
2015.09.07 07:35:17.852,1.19321,1.19326,1.57,2.62
2015.09.07 07:35:19.492,1.19322,1.19327,2.25,1.12
2015.09.07 07:35:19.795,1.19324,1.19329,1.50,4.12
2015.09.07 07:35:20.310,1.19325,1.19329,1.50,1.50
2015.09.07 07:35:20.666,1.19325,1.19331,2.25,3.37
2015.09.07 07:35:21.172,1.19327,1.19332,1.50,2.62
2015.09.07 07:35:21.890,1.19328,1.19333,2.25,1.87
2015.09.07 07:35:27.892,1.19328,1.19332,2.25,1.00
2015.09.07 07:35:29.020,1.19328,1.19332,1.87,1.12
2015.09.07 07:35:29.879,1.19327,1.19332,1.12,3.00
2015.09.07 07:35:29.980,1.19326,1.19329,2.32,1.00
2015.09.07 07:35:30.184,1.19322,1.19326,1.50,1.00
2015.09.07 07:35:30.235,1.19322,1.19325,1.50,1.00
2015.09.07 07:35:30.286,1.19321,1.19325,1.87,1.12
2015.09.07 07:35:30.491,1.19319,1.19323,3.07,1.00
2015.09.07 07:35:30.998,1.19319,1.19324,3.00,1.12
2015.09.07 07:35:31.742,1.19319,1.19323,2.25,1.00
2015.09.07 07:35:32.262,1.19318,1.19324,3.82,1.12
2015.09.07 07:35:33.524,1.19318,1.19321,2.25,1.00
2015.09.07 07:35:33.727,1.19317,1.19319,1.87,1.00
2015.09.07 07:35:34.017,1.19315,1.19317,1.50,1.00
2015.09.07 07:35:34.327,1.19315,1.19319,2.25,1.00
2015.09.07 07:35:37.722,1.19316,1.19319,2.25,1.00
2015.09.07 07:35:38.025,1.19317,1.19321,1.50,1.50
2015.09.07 07:35:38.531,1.19316,1.1932,2.25,8.25
2015.09.07 07:35:41.437,1.19317,1.19321,1.50,7.50
2015.09.07 07:35:45.149,1.19317,1.1932,1.50,2.25
2015.09.07 07:35:45.652,1.19316,1.1932,1.50,3.00
2015.09.07 07:35:46.058,1.19317,1.1932,3.00,2.25
2015.09.07 07:35:47.723,1.19317,1.19322,3.00,8.25
2015.09.07 07:35:48.334,1.19318,1.19321,1.50,1.00
2015.09.07 07:35:48.849,1.19317,1.19321,3.00,1.00
2015.09.07 07:35:49.350,1.19319,1.19322,1.00,7.87
2015.09.07 07:35:50.623,1.19318,1.19322,1.12,8.62
2015.09.07 07:35:51.130,1.1932,1.19322,1.00,7.50
2015.09.07 07:35:51.434,1.19322,1.19324,1.50,7.50
2015.09.07 07:35:51.536,1.19322,1.19326,1.87,8.25
2015.09.07 07:35:52.040,1.19322,1.19326,3.00,8.25
2015.09.07 07:35:52.395,1.19322,1.19324,1.50,1.00
2015.09.07 07:35:52.497,1.1932,1.19323,1.50,1.00
2015.09.07 07:35:53.031,1.19319,1.19324,2.32,1.12
2015.09.07 07:35:54.242,1.19321,1.19324,1.00,8.62
2015.09.07 07:35:54.698,1.19322,1.19324,1.00,1.00
2015.09.07 07:35:55.275,1.19323,1.19325,1.10,4.00
2015.09.07 07:35:55.926,1.19323,1.19326,1.57,1.12
2015.09.07 07:35:56.436,1.19324,1.19327,1.00,4.50
2015.09.07 07:35:57.997,1.19325,1.19327,1.00,3.75
2015.09.07 07:35:58.352,1.19325,1.19329,1.47,1.12
2015.09.07 07:35:58.870,1.19326,1.1933,1.50,3.00
2015.09.07 07:35:59.578,1.19327,1.1933,1.95,2.25
2015.09.07 07:36:00.593,1.19328,1.19331,1.20,1.00
2015.09.07 07:36:01.482,1.19327,1.19332,2.62,4.12
2015.09.07 07:36:01.836,1.19327,1.1933,2.62,1.00
2015.09.07 07:36:02.387,1.19327,1.1933,2.62,1.00
2015.09.07 07:36:03.103,1.19328,1.1933,1.10,1.00
2015.09.07 07:36:05.901,1.19327,1.1933,1.10,1.00
2015.09.07 07:36:06.489,1.19326,1.19329,1.87,1.00
2015.09.07 07:36:09.602,1.19325,1.19328,1.12,1.00
2015.09.07 07:36:09.956,1.19325,1.19328,1.12,1.00
2015.09.07 07:36:10.007,1.19325,1.19326,1.12,1.50
2015.09.07 07:36:10.109,1.19323,1.19325,1.50,1.00
2015.09.07 07:36:10.413,1.1932,1.19323,1.20,1.00
2015.09.07 07:36:10.922,1.1932,1.19324,1.85,1.00
2015.09.07 07:36:11.428,1.19319,1.19323,1.95,1.00
2015.09.07 07:36:11.940,1.19319,1.19324,4.50,1.00
2015.09.07 07:36:13.136,1.1932,1.19325,2.32,1.50
2015.09.07 07:36:13.187,1.19324,1.19325,1.12,1.00
2015.09.07 07:36:13.491,1.19326,1.19327,1.12,1.00
2015.09.07 07:36:14.027,1.19324,1.19328,1.87,3.00
2015.09.07 07:36:14.533,1.19324,1.19327,1.87,1.00
2015.09.07 07:36:15.068,1.19324,1.19329,1.87,1.50
2015.09.07 07:36:15.574,1.19325,1.19329,1.85,1.00
2015.09.07 07:36:18.160,1.19325,1.1933,2.32,3.00
2015.09.07 07:36:21.095,1.19325,1.19329,1.85,1.00
2015.09.07 07:36:21.399,1.19324,1.19327,1.10,1.00
2015.09.07 07:36:21.804,1.19321,1.19325,2.62,1.00
2015.09.07 07:36:22.006,1.19321,1.19324,1.57,1.00
2015.09.07 07:36:22.539,1.1932,1.19325,2.62,1.00
2015.09.07 07:36:24.252,1.1932,1.19324,1.87,1.00
2015.09.07 07:36:24.755,1.1932,1.19325,1.75,1.00
2015.09.07 07:36:25.923,1.1932,1.19324,1.75,1.00
2015.09.07 07:36:26.126,1.1932,1.19322,1.37,1.00
2015.09.07 07:36:26.178,1.19318,1.19321,1.57,1.00
2015.09.07 07:36:26.381,1.19317,1.19319,1.57,1.00
2015.09.07 07:36:26.534,1.19316,1.19319,1.10,1.00
2015.09.07 07:36:26.834,1.19317,1.19319,1.00,1.00
2015.09.07 07:36:26.937,1.19317,1.1932,1.37,1.00
2015.09.07 07:36:27.459,1.19316,1.1932,1.57,1.00
2015.09.07 07:36:28.005,1.19315,1.1932,2.62,1.12
2015.09.07 07:36:30.436,1.19315,1.19321,3.82,1.87
2015.09.07 07:36:30.995,1.19315,1.1932,4.12,1.00
2015.09.07 07:36:31.307,1.19314,1.19315,1.00,1.00
2015.09.07 07:36:31.409,1.19312,1.19315,1.20,1.00
2015.09.07 07:36:32.099,1.19311,1.19316,1.50,1.87
2015.09.07 07:36:32.606,1.19311,1.19315,1.50,1.00
2015.09.07 07:36:35.203,1.19312,1.19314,1.12,1.00
2015.09.07 07:36:35.710,1.19312,1.19314,1.87,1.00
2015.09.07 07:36:36.014,1.19314,1.19315,1.12,1.00
2015.09.07 07:36:36.338,1.19316,1.19318,1.57,1.00
2015.09.07 07:36:38.811,1.19317,1.19318,1.12,1.00
2015.09.07 07:36:39.016,1.19318,1.1932,1.12,1.00
2015.09.07 07:36:39.067,1.19318,1.19321,1.37,1.00
2015.09.07 07:36:39.581,1.1932,1.19322,1.12,1.00
2015.09.07 07:36:40.089,1.19319,1.19321,1.57,1.00
2015.09.07 07:36:40.596,1.19318,1.1932,2.32,1.00
2015.09.07 07:36:40.900,1.19317,1.19319,3.37,1.00
2015.09.07 07:36:41.247,1.19316,1.19319,1.87,1.00
2015.09.07 07:36:41.758,1.19318,1.1932,1.12,1.00
2015.09.07 07:36:45.367,1.19318,1.1932,1.12,1.00
2015.09.07 07:36:45.469,1.19319,1.19321,1.12,1.00
2015.09.07 07:36:45.520,1.1932,1.19324,1.00,1.50
2015.09.07 07:36:45.572,1.19322,1.19324,1.37,1.12
2015.09.07 07:36:45.775,1.19323,1.19327,1.87,1.00
2015.09.07 07:36:46.029,1.19325,1.19327,1.12,1.00
2015.09.07 07:36:46.788,1.19325,1.19327,1.12,1.00
2015.09.07 07:36:47.312,1.19323,1.19326,1.50,1.00
2015.09.07 07:36:47.414,1.19322,1.19323,1.00,1.00
2015.09.07 07:36:47.465,1.1932,1.19322,2.32,1.00
2015.09.07 07:36:47.668,1.1932,1.19322,1.12,1.00
2015.09.07 07:36:48.209,1.19319,1.1932,1.00,1.00
2015.09.07 07:36:48.311,1.19317,1.1932,2.32,1.00
2015.09.07 07:36:49.310,1.19317,1.1932,3.07,1.00
2015.09.07 07:36:53.383,1.19317,1.1932,1.87,1.00
2015.09.07 07:36:53.890,1.19317,1.1932,2.62,1.00
2015.09.07 07:36:59.246,1.19317,1.19319,2.25,1.00
2015.09.07 07:37:01.660,1.19317,1.19319,1.57,1.00
2015.09.07 07:37:01.762,1.19315,1.19317,1.57,1.00
2015.09.07 07:37:01.915,1.19312,1.19314,3.07,1.00
2015.09.07 07:37:02.219,1.1931,1.19313,4.50,1.00
2015.09.07 07:37:02.930,1.1931,1.19312,1.50,1.00
2015.09.07 07:37:03.262,1.19309,1.19311,1.57,1.00
2015.09.07 07:37:03.819,1.19309,1.19311,1.50,1.00
2015.09.07 07:37:04.477,1.19308,1.1931,1.95,1.00
2015.09.07 07:37:04.780,1.19307,1.19309,1.00,1.00
2015.09.07 07:37:04.932,1.19307,1.1931,1.00,1.12
2015.09.07 07:37:05.136,1.19307,1.19311,3.07,1.12
2015.09.07 07:37:05.746,1.19308,1.19312,2.32,1.00
2015.09.07 07:37:06.272,1.19309,1.19311,1.87,1.00
2015.09.07 07:37:06.424,1.19307,1.1931,1.10,1.37
2015.09.07 07:37:06.954,1.19308,1.19311,1.12,1.00
2015.09.07 07:37:07.465,1.19307,1.1931,4.57,1.00
2015.09.07 07:37:07.992,1.19308,1.19311,1.12,1.00
2015.09.07 07:37:08.197,1.19308,1.1931,1.12,1.00
2015.09.07 07:37:08.451,1.19304,1.19307,4.50,1.00
2015.09.07 07:37:08.502,1.19304,1.19306,3.75,1.00
2015.09.07 07:37:09.009,1.19304,1.19305,1.00,1.00
2015.09.07 07:37:09.583,1.19303,1.19304,2.25,1.00
2015.09.07 07:37:09.838,1.193,1.19301,1.00,1.12
2015.09.07 07:37:09.889,1.193,1.19301,1.00,1.12
2015.09.07 07:37:10.093,1.19298,1.19301,1.00,1.50
2015.09.07 07:37:10.692,1.19297,1.19299,1.00,1.00
2015.09.07 07:37:11.199,1.19297,1.193,1.00,1.12
2015.09.07 07:37:11.905,1.19297,1.19299,1.50,1.00
2015.09.07 07:37:12.108,1.19296,1.19297,1.50,1.00
2015.09.07 07:37:12.766,1.19295,1.19297,1.00,1.00
2015.09.07 07:37:18.060,1.19294,1.19297,1.87,1.00
2015.09.07 07:37:18.568,1.19294,1.19298,1.87,1.87
2015.09.07 07:37:19.581,1.19294,1.19297,1.12,1.00
2015.09.07 07:37:20.134,1.19294,1.19298,1.50,1.50
2015.09.07 07:37:20.438,1.19292,1.19295,1.87,1.50
2015.09.07 07:37:20.895,1.19291,1.19294,1.50,1.12
2015.09.07 07:37:20.946,1.19291,1.19292,1.10,1.00
2015.09.07 07:37:21.485,1.19291,1.19293,1.00,1.12
2015.09.07 07:37:23.185,1.1929,1.19293,1.00,1.12
2015.09.07 07:37:23.693,1.1929,1.19292,1.00,1.00
2015.09.07 07:37:24.205,1.19289,1.19292,1.00,1.50
2015.09.07 07:37:25.428,1.19288,1.19291,1.00,2.25
2015.09.07 07:37:25.529,1.19286,1.1929,2.32,1.12
2015.09.07 07:37:25.683,1.19286,1.19288,1.20,1.00
2015.09.07 07:37:25.937,1.19284,1.19287,1.20,1.00
2015.09.07 07:37:26.479,1.19283,1.19287,1.12,1.12
2015.09.07 07:37:26.985,1.19284,1.19288,1.00,1.50
2015.09.07 07:37:27.289,1.19285,1.19289,1.12,1.12
2015.09.07 07:37:27.792,1.19285,1.19289,2.32,1.00
2015.09.07 07:37:29.071,1.19285,1.19289,2.32,1.00
2015.09.07 07:37:29.968,1.19285,1.1929,2.32,1.50
2015.09.07 07:37:33.207,1.19286,1.1929,1.12,1.87
2015.09.07 07:37:34.251,1.19287,1.19293,2.25,2.25
2015.09.07 07:37:34.555,1.1929,1.19294,1.50,1.00
2015.09.07 07:37:35.062,1.1929,1.19295,1.50,1.87
2015.09.07 07:37:35.578,1.1929,1.19294,2.25,1.00
2015.09.07 07:37:36.085,1.19288,1.19293,2.25,1.00
2015.09.07 07:37:36.646,1.19289,1.19294,2.25,1.87
2015.09.07 07:37:37.052,1.19288,1.19292,2.25,1.00
2015.09.07 07:37:37.564,1.19288,1.19292,2.25,1.00
2015.09.07 07:37:40.623,1.19288,1.19293,2.25,1.50
2015.09.07 07:37:40.927,1.19289,1.19294,5.17,1.87
2015.09.07 07:37:45.398,1.19291,1.19295,1.12,1.50
2015.09.07 07:37:47.232,1.19291,1.19296,4.50,2.25
2015.09.07 07:37:47.436,1.19293,1.19298,2.25,2.70
2015.09.07 07:37:47.691,1.19296,1.19299,1.00,1.12
2015.09.07 07:37:48.197,1.19296,1.193,2.62,1.50
2015.09.07 07:37:48.938,1.19297,1.19301,1.00,1.87
2015.09.07 07:37:49.040,1.19298,1.19302,1.12,2.25
2015.09.07 07:37:49.141,1.19302,1.19303,1.00,1.00
2015.09.07 07:37:49.287,1.19304,1.19308,1.00,3.00
2015.09.07 07:37:49.340,1.19304,1.19308,1.87,1.50
2015.09.07 07:37:49.851,1.19305,1.19309,1.12,1.50
2015.09.07 07:37:55.032,1.19303,1.19308,2.32,1.50
2015.09.07 07:37:55.235,1.19303,1.19306,1.00,1.00
2015.09.07 07:37:55.783,1.19301,1.19306,1.50,1.87
2015.09.07 07:37:56.239,1.19301,1.19306,3.00,1.50
2015.09.07 07:37:56.580,1.19303,1.19308,2.25,1.00
2015.09.07 07:37:57.102,1.19303,1.19309,3.00,1.50
2015.09.07 07:37:57.730,1.19304,1.19309,1.50,1.12
2015.09.07 07:37:58.623,1.19305,1.1931,1.50,1.87
2015.09.07 07:37:58.725,1.19307,1.19311,1.37,1.37
2015.09.07 07:37:58.776,1.19309,1.19313,1.12,3.45
2015.09.07 07:37:58.827,1.19309,1.19313,1.37,2.32
2015.09.07 07:37:58.929,1.19311,1.19315,1.87,2.70
2015.09.07 07:37:59.385,1.19312,1.19317,1.50,2.25
2015.09.07 07:38:00.075,1.19312,1.19317,2.25,2.25
2015.09.07 07:38:00.888,1.19312,1.19314,1.50,1.00
2015.09.07 07:38:00.990,1.1931,1.19312,1.12,1.00
2015.09.07 07:38:01.294,1.19306,1.1931,1.85,1.00
2015.09.07 07:38:01.406,1.19306,1.19309,1.12,1.00
2015.09.07 07:38:02.064,1.19304,1.19308,2.25,1.00
2015.09.07 07:38:02.636,1.19304,1.19309,2.25,1.00
2015.09.07 07:38:03.144,1.19304,1.19308,2.25,1.00
2015.09.07 07:38:03.653,1.19304,1.19309,2.25,1.00
2015.09.07 07:38:04.579,1.19305,1.1931,1.50,1.87
2015.09.07 07:38:04.724,1.19306,1.19312,3.00,2.70
2015.09.07 07:38:05.385,1.19306,1.19311,2.25,1.12
2015.09.07 07:38:06.249,1.19307,1.19312,1.87,1.12
2015.09.07 07:38:06.502,1.1931,1.19316,2.25,3.07
2015.09.07 07:38:06.604,1.19313,1.19316,1.00,1.12
2015.09.07 07:38:07.116,1.19312,1.19317,1.87,2.25
2015.09.07 07:38:07.435,1.19314,1.19317,1.00,2.25
2015.09.07 07:38:08.354,1.19314,1.19318,2.25,1.50
2015.09.07 07:38:08.506,1.19314,1.1932,4.50,1.50
2015.09.07 07:38:08.659,1.19317,1.19322,1.47,2.25
2015.09.07 07:38:08.761,1.19317,1.19323,1.57,1.50
2015.09.07 07:38:09.700,1.19318,1.19322,1.87,1.00
2015.09.07 07:38:10.967,1.19318,1.19323,1.12,1.87
2015.09.07 07:38:12.877,1.19319,1.19324,1.47,1.00
2015.09.07 07:38:13.029,1.1932,1.19326,1.87,2.62
2015.09.07 07:38:13.080,1.1932,1.19325,1.87,1.37
2015.09.07 07:38:14.094,1.19322,1.19326,1.00,1.75
2015.09.07 07:38:14.246,1.19323,1.19326,1.12,1.00
2015.09.07 07:38:15.023,1.19322,1.19325,1.50,1.50
2015.09.07 07:38:15.125,1.1932,1.19322,1.12,1.50
2015.09.07 07:38:15.237,1.19317,1.19319,2.25,1.12
2015.09.07 07:38:15.288,1.19316,1.19318,1.57,1.00
2015.09.07 07:38:15.390,1.19314,1.19317,1.10,1.00
2015.09.07 07:38:15.695,1.19312,1.19314,2.32,1.00
2015.09.07 07:38:16.202,1.19312,1.19314,1.00,1.00
2015.09.07 07:38:16.512,1.19313,1.19316,1.10,1.12
2015.09.07 07:38:16.615,1.19314,1.19318,1.37,2.25
2015.09.07 07:38:16.869,1.19319,1.19321,1.00,1.00
2015.09.07 07:38:17.072,1.19319,1.19324,1.20,2.25
2015.09.07 07:38:19.686,1.19319,1.19324,1.95,1.12
2015.09.07 07:38:20.195,1.1932,1.19325,2.32,2.62
2015.09.07 07:38:22.804,1.1932,1.19324,2.32,1.00
2015.09.07 07:38:23.331,1.1932,1.19325,1.57,1.87
2015.09.07 07:38:27.404,1.1932,1.19324,1.57,1.00
2015.09.07 07:38:27.946,1.19319,1.19325,3.07,1.87
2015.09.07 07:38:28.453,1.19319,1.19324,1.75,1.50
2015.09.07 07:38:28.757,1.1932,1.19322,1.00,1.00
2015.09.07 07:38:28.858,1.19317,1.19321,1.12,1.00
2015.09.07 07:38:29.400,1.19317,1.19322,1.57,1.87
2015.09.07 07:38:29.909,1.19317,1.19322,1.85,1.00
2015.09.07 07:38:30.428,1.19317,1.19321,1.85,1.00
2015.09.07 07:38:30.783,1.19316,1.19319,1.12,1.00
2015.09.07 07:38:31.037,1.19312,1.19317,3.07,1.00
2015.09.07 07:38:31.290,1.19311,1.19315,1.85,1.00
2015.09.07 07:38:35.724,1.19312,1.19315,1.00,1.50
2015.09.07 07:38:36.028,1.19305,1.19309,1.85,1.00
2015.09.07 07:38:36.484,1.19304,1.19308,2.25,1.00
2015.09.07 07:38:36.636,1.19304,1.19309,3.00,1.00
2015.09.07 07:38:37.335,1.19304,1.1931,3.00,1.87
2015.09.07 07:38:38.525,1.19305,1.1931,2.25,1.00
2015.09.07 07:38:38.931,1.19305,1.19309,1.50,1.87
2015.09.07 07:38:38.982,1.19305,1.19307,1.12,1.00
2015.09.07 07:38:39.488,1.19303,1.19308,2.25,1.12
2015.09.07 07:38:40.015,1.19304,1.1931,1.50,2.62
2015.09.07 07:38:40.370,1.19305,1.19311,1.75,1.12
2015.09.07 07:38:42.292,1.19305,1.1931,1.75,1.00
2015.09.07 07:38:42.835,1.19305,1.19311,1.75,2.62
2015.09.07 07:38:43.392,1.19303,1.19308,6.75,1.00
2015.09.07 07:38:43.898,1.19303,1.19308,2.62,1.00
2015.09.07 07:38:44.615,1.19304,1.19309,1.85,1.00
2015.09.07 07:38:44.767,1.19306,1.19311,1.50,1.87
2015.09.07 07:38:45.363,1.19307,1.19312,1.57,1.87
2015.09.07 07:38:49.682,1.19309,1.19312,1.12,1.00
2015.09.07 07:38:49.785,1.1931,1.19314,1.12,1.87
2015.09.07 07:38:49.887,1.19311,1.19314,1.50,1.00
2015.09.07 07:38:50.101,1.19312,1.19318,1.12,3.75
2015.09.07 07:38:50.346,1.1931,1.19314,2.62,1.00
2015.09.07 07:38:50.397,1.1931,1.19316,3.37,2.25
2015.09.07 07:38:51.223,1.19312,1.19316,1.00,1.50
2015.09.07 07:38:51.680,1.19311,1.19317,1.75,1.12
2015.09.07 07:38:53.161,1.19312,1.19317,1.57,1.00
2015.09.07 07:38:55.286,1.19312,1.19318,2.32,2.62
2015.09.07 07:38:55.815,1.19315,1.19319,1.00,3.00
2015.09.07 07:38:56.069,1.19317,1.1932,1.12,1.12
2015.09.07 07:38:56.170,1.19316,1.19322,1.75,3.45
2015.09.07 07:38:57.371,1.19317,1.19322,1.12,2.25
2015.09.07 07:38:58.591,1.19317,1.19322,1.50,1.12
2015.09.07 07:38:59.002,1.19318,1.19322,2.25,1.00
2015.09.07 07:38:59.255,1.19321,1.19324,1.00,1.50
2015.09.07 07:38:59.913,1.19322,1.19325,1.00,1.37
2015.09.07 07:39:00.447,1.1932,1.19325,1.57,2.62
2015.09.07 07:39:00.954,1.19319,1.19325,2.25,2.62
2015.09.07 07:39:01.511,1.19319,1.19324,2.25,1.00
2015.09.07 07:39:02.802,1.19318,1.19323,2.25,1.12
2015.09.07 07:39:03.322,1.19317,1.19322,2.25,1.00
2015.09.07 07:39:03.828,1.19317,1.19322,1.50,1.87
2015.09.07 07:39:04.892,1.19316,1.19321,1.75,1.00
2015.09.07 07:39:05.565,1.19316,1.19322,1.75,1.20
2015.09.07 07:39:06.071,1.19315,1.19321,3.00,1.00
2015.09.07 07:39:06.224,1.19315,1.19321,2.25,1.50
2015.09.07 07:39:10.393,1.19314,1.19319,2.25,1.00
2015.09.07 07:39:10.545,1.19313,1.19318,1.12,2.25
2015.09.07 07:39:11.052,1.19311,1.19316,3.75,1.12
2015.09.07 07:39:11.619,1.19311,1.19315,2.25,1.00
2015.09.07 07:39:13.619,1.19311,1.19316,2.25,1.87
2015.09.07 07:39:14.638,1.1931,1.19315,3.37,1.12
2015.09.07 07:39:14.841,1.1931,1.19313,2.62,1.00
2015.09.07 07:39:15.349,1.1931,1.19314,2.25,1.00
2015.09.07 07:39:15.855,1.19311,1.19315,1.12,1.12
2015.09.07 07:39:16.413,1.19311,1.19314,1.12,1.00
2015.09.07 07:39:16.718,1.19307,1.1931,1.87,1.00
2015.09.07 07:39:17.239,1.19306,1.19311,1.50,1.95
2015.09.07 07:39:18.755,1.19305,1.19311,2.25,1.50
2015.09.07 07:39:24.637,1.19309,1.19311,1.00,1.50
2015.09.07 07:39:24.804,1.1931,1.19313,1.00,1.87
2015.09.07 07:39:24.906,1.19312,1.19315,1.00,2.32
2015.09.07 07:39:24.957,1.19312,1.19315,1.00,1.87
2015.09.07 07:39:25.261,1.19313,1.19318,1.50,2.25
2015.09.07 07:39:25.797,1.19313,1.19319,1.50,4.12
2015.09.07 07:39:26.667,1.19313,1.19319,1.00,6.75
2015.09.07 07:39:27.177,1.19312,1.19317,1.12,1.57
2015.09.07 07:39:27.684,1.19311,1.19314,1.50,1.00
2015.09.07 07:39:27.736,1.19309,1.19313,1.57,1.50
2015.09.07 07:39:27.888,1.19307,1.1931,1.50,1.00
2015.09.07 07:39:28.083,1.19305,1.1931,1.50,1.12
2015.09.07 07:39:28.591,1.19304,1.19309,1.50,1.12
2015.09.07 07:39:29.100,1.19303,1.19309,2.25,1.00
2015.09.07 07:39:30.024,1.19304,1.1931,1.75,1.20
2015.09.07 07:39:30.852,1.19303,1.19309,3.00,1.00
2015.09.07 07:39:30.904,1.19305,1.19306,1.00,1.00
2015.09.07 07:39:30.955,1.19303,1.19307,1.12,1.87
2015.09.07 07:39:31.007,1.19303,1.19305,1.12,1.00
2015.09.07 07:39:31.210,1.19299,1.19304,1.75,1.00
2015.09.07 07:39:31.262,1.19298,1.19304,2.25,1.50
2015.09.07 07:39:33.181,1.193,1.19305,1.00,1.87
2015.09.07 07:39:33.283,1.19303,1.19306,1.50,2.62
2015.09.07 07:39:33.609,1.19305,1.19307,1.12,1.00
2015.09.07 07:39:33.661,1.19305,1.1931,1.12,1.50
2015.09.07 07:39:37.883,1.19304,1.1931,2.25,2.25
2015.09.07 07:39:38.340,1.19308,1.19311,1.00,1.87
2015.09.07 07:39:38.567,1.1931,1.19313,1.12,1.10
2015.09.07 07:39:39.074,1.19311,1.19316,1.12,1.87
2015.09.07 07:39:41.320,1.19309,1.19315,1.75,1.20
2015.09.07 07:39:46.676,1.19313,1.19316,1.00,1.57
2015.09.07 07:39:47.182,1.19313,1.19317,1.50,1.00
2015.09.07 07:39:47.723,1.19313,1.19316,1.00,1.12
2015.09.07 07:39:47.976,1.19311,1.19315,1.00,1.12
2015.09.07 07:39:48.483,1.19309,1.19314,2.25,1.20
2015.09.07 07:39:48.794,1.19308,1.19311,1.12,1.00
2015.09.07 07:39:49.301,1.19306,1.19311,1.50,1.12
2015.09.07 07:39:51.413,1.19306,1.19311,3.75,1.00
2015.09.07 07:39:51.617,1.19306,1.19311,1.12,1.50
2015.09.07 07:39:51.718,1.19306,1.19311,3.00,1.00
2015.09.07 07:39:52.693,1.19306,1.19311,1.12,1.50
2015.09.07 07:39:53.200,1.19303,1.19309,2.25,1.12
2015.09.07 07:39:53.725,1.19302,1.19308,3.75,1.00
2015.09.07 07:40:00.997,1.19303,1.19309,1.75,1.12
2015.09.07 07:40:01.504,1.19303,1.19308,1.75,1.00
2015.09.07 07:40:03.604,1.19303,1.19309,3.00,1.12
2015.09.07 07:40:05.559,1.19303,1.19309,1.87,1.75
2015.09.07 07:40:06.066,1.19302,1.19308,1.12,2.25
2015.09.07 07:40:06.747,1.19303,1.19308,1.00,2.25
2015.09.07 07:40:07.051,1.19302,1.19308,3.75,1.12
2015.09.07 07:40:19.601,1.19302,1.19307,2.70,1.50
2015.09.07 07:40:19.905,1.19301,1.19306,1.00,1.75
2015.09.07 07:40:20.411,1.19301,1.19305,1.12,1.12
2015.09.07 07:40:21.987,1.19301,1.19304,7.87,1.00
2015.09.07 07:40:25.510,1.193,1.19303,8.25,1.00
2015.09.07 07:40:26.016,1.19298,1.19303,8.25,2.62
2015.09.07 07:40:28.822,1.19298,1.19303,7.50,2.25
2015.09.07 07:40:29.347,1.19297,1.19302,1.87,2.25
2015.09.07 07:40:29.866,1.19296,1.193,1.87,1.12
2015.09.07 07:40:30.502,1.19296,1.19301,3.00,1.10
2015.09.07 07:40:31.398,1.19296,1.193,1.12,1.12
2015.09.07 07:40:31.500,1.19296,1.19301,1.75,1.00
2015.09.07 07:40:32.007,1.19298,1.19304,1.87,2.62
2015.09.07 07:40:33.627,1.19299,1.19304,1.50,1.95
2015.09.07 07:40:34.886,1.19301,1.19305,1.00,1.50
2015.09.07 07:40:35.413,1.19301,1.19307,1.12,3.82
2015.09.07 07:40:35.919,1.19302,1.19306,1.00,1.50
2015.09.07 07:40:36.887,1.19303,1.19306,1.00,1.50
2015.09.07 07:40:37.140,1.19307,1.1931,1.12,1.50
2015.09.07 07:40:37.407,1.19308,1.19313,1.12,2.25
2015.09.07 07:40:38.224,1.19307,1.19312,1.12,1.50
2015.09.07 07:40:38.738,1.19307,1.19312,1.50,1.12
2015.09.07 07:40:40.388,1.19307,1.1931,1.50,1.00
2015.09.07 07:40:40.492,1.19306,1.1931,1.12,1.87
2015.09.07 07:40:41.004,1.19306,1.1931,1.00,1.50
2015.09.07 07:40:41.514,1.19305,1.1931,1.50,1.12
2015.09.07 07:40:42.061,1.19307,1.19311,1.12,1.12
2015.09.07 07:40:42.317,1.19309,1.19311,1.00,1.00
2015.09.07 07:40:42.859,1.19309,1.19312,1.00,1.87
2015.09.07 07:40:43.365,1.19309,1.19311,1.00,1.00
2015.09.07 07:40:43.885,1.19309,1.19312,1.12,1.00
2015.09.07 07:40:44.392,1.19309,1.19312,1.00,2.25
2015.09.07 07:40:44.976,1.19309,1.19312,1.00,1.87
2015.09.07 07:40:45.939,1.19308,1.19312,1.50,1.12
2015.09.07 07:40:46.446,1.19308,1.19312,1.00,1.50
2015.09.07 07:40:46.985,1.19306,1.19311,1.50,1.87
2015.09.07 07:40:47.304,1.19304,1.19308,2.25,1.00
2015.09.07 07:40:47.810,1.19304,1.19307,1.12,1.00
2015.09.07 07:40:47.962,1.19304,1.19309,1.50,3.37
2015.09.07 07:40:50.467,1.19306,1.19309,1.12,1.00
2015.09.07 07:40:50.843,1.19307,1.19312,1.50,2.62
2015.09.07 07:40:51.352,1.19307,1.19312,1.12,1.50
2015.09.07 07:40:52.598,1.19308,1.19312,1.00,1.50
2015.09.07 07:40:53.104,1.19307,1.19312,1.50,1.12
2015.09.07 07:40:55.251,1.19309,1.19312,1.00,1.12
2015.09.07 07:40:55.405,1.19311,1.19315,1.00,1.87
2015.09.07 07:40:55.635,1.19312,1.19316,1.12,1.12
2015.09.07 07:40:55.788,1.19314,1.19317,1.12,1.50
2015.09.07 07:40:56.296,1.19313,1.19318,1.50,2.62
2015.09.07 07:41:01.004,1.19311,1.19315,1.75,1.00
2015.09.07 07:41:01.106,1.1931,1.19314,3.07,1.00
2015.09.07 07:41:01.209,1.1931,1.19313,1.12,1.00
2015.09.07 07:41:01.401,1.1931,1.19311,1.00,1.00
2015.09.07 07:41:01.503,1.19305,1.1931,1.75,1.00
2015.09.07 07:41:01.605,1.19304,1.19309,1.75,1.50
2015.09.07 07:41:01.808,1.19303,1.19308,2.25,1.75
2015.09.07 07:41:02.335,1.19303,1.19308,1.12,1.50
2015.09.07 07:41:02.641,1.19305,1.19311,1.00,5.70
2015.09.07 07:41:02.692,1.19305,1.19311,1.50,2.32
2015.09.07 07:41:04.194,1.19304,1.19309,1.75,1.00
2015.09.07 07:41:04.725,1.19304,1.19309,1.50,1.87
2015.09.07 07:41:05.284,1.19303,1.19308,2.25,1.00
2015.09.07 07:41:05.798,1.19302,1.19308,3.00,1.12
2015.09.07 07:41:06.558,1.19302,1.19306,1.75,1.00
2015.09.07 07:41:06.747,1.19301,1.19304,1.00,1.87
2015.09.07 07:41:07.001,1.19298,1.19303,1.50,1.12
2015.09.07 07:41:07.357,1.19298,1.193,1.00,1.00
2015.09.07 07:41:07.509,1.19295,1.19297,1.50,1.50
2015.09.07 07:41:07.611,1.19292,1.19297,1.12,2.25
2015.09.07 07:41:08.126,1.1929,1.19296,2.25,1.50
2015.09.07 07:41:08.633,1.19292,1.19297,1.00,2.32
2015.09.07 07:41:08.841,1.19293,1.19298,1.50,1.87
2015.09.07 07:41:09.348,1.19293,1.19298,1.75,1.50
2015.09.07 07:41:09.999,1.19293,1.19298,1.50,1.12
2015.09.07 07:41:10.506,1.19294,1.19299,1.50,1.12
2015.09.07 07:41:11.003,1.19295,1.193,2.25,1.00
2015.09.07 07:41:11.106,1.19296,1.19302,5.25,1.87
2015.09.07 07:41:11.612,1.19296,1.19302,4.50,1.00
2015.09.07 07:41:12.506,1.19297,1.19303,1.75,1.12
2015.09.07 07:41:17.813,1.193,1.19303,1.00,1.12
2015.09.07 07:41:18.320,1.19299,1.19304,1.50,1.87
2015.09.07 07:41:18.742,1.19297,1.19302,2.70,1.00
2015.09.07 07:41:18.945,1.19297,1.19302,1.00,2.25
2015.09.07 07:41:19.659,1.19298,1.19302,1.12,1.12
2015.09.07 07:41:20.017,1.193,1.19302,1.00,1.12
2015.09.07 07:41:20.322,1.19301,1.19305,1.12,1.12
2015.09.07 07:41:20.525,1.19303,1.19305,1.00,1.12
2015.09.07 07:41:20.627,1.19303,1.19307,1.50,1.57
2015.09.07 07:41:22.757,1.19306,1.19308,1.00,1.12
2015.09.07 07:41:23.040,1.19312,1.19314,1.00,1.12
2015.09.07 07:41:23.448,1.1931,1.19314,1.00,1.50
2015.09.07 07:41:23.958,1.19309,1.19314,1.00,1.75
2015.09.07 07:41:25.070,1.19308,1.19313,1.50,1.50
2015.09.07 07:41:25.786,1.19308,1.19311,1.12,1.00
2015.09.07 07:41:26.293,1.19307,1.19311,1.12,1.12
2015.09.07 07:41:26.935,1.19308,1.19311,1.00,1.12
2015.09.07 07:41:27.446,1.19307,1.19312,1.50,1.50
2015.09.07 07:41:28.125,1.19309,1.19312,1.00,1.50
2015.09.07 07:41:28.278,1.19311,1.19314,1.00,1.00
2015.09.07 07:41:28.786,1.19311,1.19315,1.00,1.87
2015.09.07 07:41:29.301,1.19311,1.19314,1.37,1.00
2015.09.07 07:41:29.808,1.19309,1.19315,2.62,1.12
2015.09.07 07:41:32.671,1.1931,1.19316,3.37,1.50
2015.09.07 07:41:33.748,1.19312,1.19316,1.00,1.12
2015.09.07 07:41:34.339,1.19312,1.19317,1.37,1.87
2015.09.07 07:41:38.537,1.19311,1.19316,1.87,1.00
2015.09.07 07:41:39.045,1.19311,1.19315,1.87,1.00
2015.09.07 07:41:39.559,1.19312,1.19316,1.37,1.00
2015.09.07 07:41:40.958,1.19313,1.19315,1.00,1.00
2015.09.07 07:41:41.161,1.19311,1.19315,1.00,1.12
2015.09.07 07:41:41.821,1.1931,1.19314,1.37,1.00
2015.09.07 07:41:43.758,1.1931,1.19313,1.00,1.00
2015.09.07 07:41:43.859,1.19308,1.19313,1.50,1.50
2015.09.07 07:41:44.377,1.19307,1.19311,3.37,1.00
2015.09.07 07:41:44.580,1.19306,1.1931,2.25,1.12
2015.09.07 07:41:45.087,1.19305,1.19309,1.00,1.12
2015.09.07 07:41:47.910,1.19303,1.19306,3.00,1.00
2015.09.07 07:41:48.069,1.19302,1.19304,1.12,1.00
2015.09.07 07:41:48.272,1.19301,1.19302,1.00,1.00
2015.09.07 07:41:48.324,1.19299,1.19302,1.12,1.00
2015.09.07 07:41:48.628,1.19297,1.19301,1.00,1.12
2015.09.07 07:41:49.135,1.19297,1.19301,1.37,1.00
2015.09.07 07:41:49.670,1.19298,1.19302,1.00,1.12
2015.09.07 07:41:50.712,1.19298,1.19303,1.50,1.50
2015.09.07 07:41:51.219,1.19299,1.19304,1.00,3.00
2015.09.07 07:41:52.113,1.19302,1.19306,1.00,4.87
2015.09.07 07:41:52.215,1.19303,1.19307,1.87,1.00
2015.09.07 07:41:52.723,1.19304,1.19309,2.32,1.50
2015.09.07 07:41:52.923,1.19305,1.19311,1.87,1.12
2015.09.07 07:41:55.290,1.19306,1.19311,2.62,1.00
2015.09.07 07:41:55.826,1.19305,1.1931,3.45,1.00
2015.09.07 07:41:56.130,1.19303,1.19307,1.82,1.50
2015.09.07 07:41:56.232,1.19302,1.19307,4.20,1.87
2015.09.07 07:41:57.153,1.19304,1.19307,1.00,1.12
2015.09.07 07:41:57.204,1.19304,1.19309,2.25,1.87
2015.09.07 07:41:58.760,1.19303,1.19307,2.25,1.00
2015.09.07 07:41:58.913,1.19302,1.19305,1.00,1.00
2015.09.07 07:41:59.115,1.19301,1.19304,1.00,1.50
2015.09.07 07:41:59.166,1.19299,1.19304,2.32,1.50
2015.09.07 07:41:59.669,1.19299,1.19305,2.70,1.50
2015.09.07 07:42:00.175,1.193,1.19305,2.62,1.87
2015.09.07 07:42:02.812,1.19302,1.19305,1.75,1.00
2015.09.07 07:42:02.863,1.19304,1.19307,1.12,1.57
2015.09.07 07:42:03.117,1.19305,1.1931,1.87,1.87
2015.09.07 07:42:04.684,1.19307,1.19311,1.00,1.50
2015.09.07 07:42:05.341,1.19307,1.19312,1.12,3.00
2015.09.07 07:42:06.160,1.19308,1.19312,1.50,1.50
2015.09.07 07:42:06.211,1.19308,1.19313,3.00,2.62
2015.09.07 07:42:08.055,1.1931,1.19313,1.00,1.12
2015.09.07 07:42:08.670,1.19311,1.19314,1.00,1.12
2015.09.07 07:42:09.205,1.1931,1.19314,2.25,1.50
2015.09.07 07:42:09.256,1.1931,1.19313,1.87,1.00
2015.09.07 07:42:09.763,1.1931,1.19314,1.87,1.12
2015.09.07 07:42:10.370,1.1931,1.19314,1.50,1.50
2015.09.07 07:42:11.191,1.19309,1.19314,1.87,1.50
2015.09.07 07:42:11.697,1.1931,1.19314,1.50,1.50
2015.09.07 07:42:12.204,1.19312,1.19315,1.00,2.25
2015.09.07 07:42:12.406,1.1931,1.19315,2.25,1.50
2015.09.07 07:42:12.868,1.19309,1.19312,1.00,1.50
2015.09.07 07:42:13.377,1.19308,1.19312,1.12,1.12
2015.09.07 07:42:13.709,1.19307,1.19312,2.62,1.75
2015.09.07 07:42:14.064,1.19305,1.19311,3.75,2.25
2015.09.07 07:42:15.188,1.19306,1.19311,1.00,2.25
2015.09.07 07:42:16.163,1.19305,1.1931,2.25,1.50
2015.09.07 07:42:16.973,1.19305,1.1931,1.87,1.12
2015.09.07 07:42:18.631,1.19307,1.19311,1.00,1.50
2015.09.07 07:42:18.733,1.19309,1.19313,1.50,4.87
2015.09.07 07:42:18.784,1.19309,1.19314,1.87,2.32
2015.09.07 07:42:19.189,1.1931,1.19315,3.37,1.12
2015.09.07 07:42:20.842,1.19312,1.19316,1.00,2.25
2015.09.07 07:42:21.076,1.19313,1.19317,1.87,1.00
2015.09.07 07:42:24.283,1.19314,1.19319,1.00,2.25
2015.09.07 07:42:25.784,1.19316,1.19319,1.00,1.75
2015.09.07 07:42:25.886,1.19317,1.1932,1.37,1.12
2015.09.07 07:42:26.068,1.1932,1.19323,1.00,1.50
2015.09.07 07:42:26.575,1.19319,1.19325,1.12,5.62
2015.09.07 07:42:29.004,1.19319,1.19325,1.87,2.25
2015.09.07 07:42:29.805,1.19319,1.19322,1.12,1.00
2015.09.07 07:42:30.108,1.19316,1.19317,1.00,1.00
2015.09.07 07:42:30.160,1.19312,1.19317,3.00,1.50
2015.09.07 07:42:30.262,1.19311,1.19313,3.00,1.00
2015.09.07 07:42:30.467,1.19307,1.1931,1.00,1.12
2015.09.07 07:42:30.625,1.19305,1.19309,1.00,1.12
2015.09.07 07:42:30.929,1.19304,1.19309,1.37,2.32
2015.09.07 07:42:31.601,1.19304,1.19309,1.87,2.32
2015.09.07 07:42:32.150,1.19305,1.19308,1.00,1.50
2015.09.07 07:42:34.211,1.19304,1.19308,1.12,1.50
2015.09.07 07:42:39.038,1.19303,1.19306,1.12,1.00
2015.09.07 07:42:39.347,1.19297,1.193,1.20,2.25
2015.09.07 07:42:39.653,1.19295,1.19299,1.00,1.12
2015.09.07 07:42:40.168,1.19294,1.19299,1.00,1.57
2015.09.07 07:42:41.923,1.19295,1.19299,1.87,1.57
2015.09.07 07:42:42.430,1.19296,1.193,1.00,1.85
2015.09.07 07:42:42.940,1.19297,1.193,1.00,1.85
2015.09.07 07:42:43.295,1.193,1.19302,1.00,8.25
2015.09.07 07:42:43.398,1.19301,1.19303,1.00,1.12
2015.09.07 07:42:43.550,1.19301,1.19305,1.00,1.00
2015.09.07 07:42:44.060,1.19302,1.19306,1.12,1.00
2015.09.07 07:42:44.566,1.19301,1.19306,2.62,1.00
2015.09.07 07:42:45.097,1.19301,1.19306,3.37,1.87
2015.09.07 07:42:48.036,1.19301,1.19305,1.37,1.00
2015.09.07 07:42:48.633,1.19301,1.19305,1.37,1.00
2015.09.07 07:42:49.140,1.193,1.19305,1.87,1.00
2015.09.07 07:42:49.646,1.19301,1.19306,2.62,1.12
2015.09.07 07:42:50.956,1.19303,1.19307,1.00,1.50
2015.09.07 07:42:51.246,1.19302,1.19305,1.00,1.37
2015.09.07 07:42:52.808,1.19301,1.19305,1.50,2.25
2015.09.07 07:42:53.314,1.193,1.19302,1.00,1.00
2015.09.07 07:42:53.408,1.19298,1.19302,1.20,1.37
2015.09.07 07:42:53.917,1.19297,1.19301,1.12,1.12
2015.09.07 07:42:57.262,1.19297,1.19301,1.00,1.37
2015.09.07 07:42:57.804,1.19296,1.19301,1.12,2.25
2015.09.07 07:42:58.310,1.19295,1.19299,1.87,1.12
2015.09.07 07:42:58.769,1.19295,1.19296,1.00,1.12
2015.09.07 07:42:59.072,1.1929,1.19294,1.00,1.50
2015.09.07 07:42:59.377,1.19288,1.19293,1.00,1.37
2015.09.07 07:43:00.486,1.19289,1.19294,1.00,1.75
2015.09.07 07:43:00.993,1.19289,1.19295,1.87,1.75
2015.09.07 07:43:06.144,1.1929,1.19295,1.00,1.75
2015.09.07 07:43:06.246,1.1929,1.19295,1.50,1.12
2015.09.07 07:43:17.606,1.1929,1.19294,1.00,1.12
2015.09.07 07:43:21.921,1.19288,1.19293,2.25,1.37
2015.09.07 07:43:22.460,1.19288,1.19293,1.87,1.50
2015.09.07 07:43:22.930,1.19286,1.19291,1.47,1.37
2015.09.07 07:43:23.184,1.19284,1.19289,3.37,1.50
2015.09.07 07:43:23.712,1.19283,1.19287,1.12,1.12
2015.09.07 07:43:24.826,1.19283,1.19287,1.87,1.00
2015.09.07 07:43:25.080,1.19281,1.19286,4.12,1.20
2015.09.07 07:43:25.254,1.1928,1.19285,1.50,1.47
2015.09.07 07:43:25.508,1.19278,1.19282,1.50,1.10
2015.09.07 07:43:25.815,1.19276,1.1928,1.12,1.45
2015.09.07 07:43:26.122,1.19274,1.19279,2.62,2.25
2015.09.07 07:43:26.528,1.19273,1.19278,1.00,1.45
2015.09.07 07:43:27.069,1.19272,1.19278,1.50,2.25
2015.09.07 07:43:27.576,1.19272,1.19278,2.25,3.07
2015.09.07 07:43:28.346,1.19272,1.19277,2.25,3.00
2015.09.07 07:43:28.854,1.19274,1.19278,1.37,1.50
2015.09.07 07:43:28.905,1.19275,1.19278,1.12,1.10
2015.09.07 07:43:29.059,1.19277,1.19281,1.12,3.00
2015.09.07 07:43:29.110,1.19277,1.19281,1.12,1.12
2015.09.07 07:43:29.161,1.19279,1.19281,1.12,1.00
2015.09.07 07:43:29.473,1.19282,1.19286,1.50,1.10
2015.09.07 07:43:29.982,1.19283,1.19286,1.50,1.00
2015.09.07 07:43:30.934,1.19283,1.19288,1.50,1.95
2015.09.07 07:43:31.912,1.19285,1.19288,1.00,1.20
2015.09.07 07:43:32.013,1.19285,1.19289,2.25,1.10
2015.09.07 07:43:32.521,1.19285,1.1929,1.50,1.12
2015.09.07 07:43:32.625,1.19284,1.19286,1.87,1.30
2015.09.07 07:43:32.728,1.1928,1.19282,2.62,1.12
2015.09.07 07:43:32.831,1.19278,1.19282,1.12,1.87
2015.09.07 07:43:32.984,1.1928,1.19282,1.00,1.87
2015.09.07 07:43:33.290,1.19284,1.19286,1.12,1.00
2015.09.07 07:43:33.392,1.19284,1.19288,1.12,1.20
2015.09.07 07:43:33.680,1.19285,1.19289,1.37,1.12
2015.09.07 07:43:36.369,1.19284,1.1929,2.25,3.45
2015.09.07 07:43:39.074,1.19284,1.19289,1.75,1.00
2015.09.07 07:43:40.347,1.19284,1.19289,1.50,2.62
2015.09.07 07:43:40.866,1.19284,1.19289,1.12,3.37
2015.09.07 07:43:44.668,1.19284,1.19289,1.37,1.00
2015.09.07 07:43:45.175,1.19284,1.19289,2.25,1.00
2015.09.07 07:43:45.680,1.19284,1.1929,1.75,2.32
2015.09.07 07:43:46.003,1.19283,1.19286,2.25,7.50
2015.09.07 07:43:46.207,1.19282,1.19286,1.50,7.50
2015.09.07 07:43:48.762,1.19282,1.19285,2.25,7.50
2015.09.07 07:43:51.218,1.19283,1.19285,1.50,7.50
2015.09.07 07:43:51.720,1.19283,1.19286,2.25,7.50
2015.09.07 07:43:52.227,1.19283,1.19286,2.25,7.50
2015.09.07 07:43:53.185,1.19284,1.19286,1.00,8.25
2015.09.07 07:43:53.287,1.19281,1.19283,1.50,7.50
2015.09.07 07:43:53.339,1.19281,1.19283,1.12,7.50
2015.09.07 07:43:53.491,1.19279,1.19282,1.00,7.50
2015.09.07 07:43:54.036,1.19276,1.19281,1.75,1.50
2015.09.07 07:43:54.138,1.19277,1.19278,1.00,7.50
2015.09.07 07:43:54.907,1.19276,1.19278,1.00,8.25
2015.09.07 07:43:55.061,1.19272,1.19276,1.75,8.25
2015.09.07 07:43:55.568,1.1927,1.19274,2.25,1.00
2015.09.07 07:43:55.689,1.1927,1.19273,1.50,1.00
2015.09.07 07:43:56.204,1.19267,1.19272,1.75,8.25
2015.09.07 07:43:57.629,1.19269,1.19273,1.75,7.50
2015.09.07 07:43:59.086,1.19273,1.19274,1.50,8.25
2015.09.07 07:43:59.138,1.19273,1.19275,1.12,7.57
2015.09.07 07:43:59.291,1.19275,1.19277,1.37,9.00
2015.09.07 07:44:00.880,1.19272,1.19274,7.57,7.50
2015.09.07 07:44:00.982,1.19271,1.19274,1.12,7.50
2015.09.07 07:44:01.084,1.19269,1.19273,2.62,2.25
2015.09.07 07:44:03.935,1.1927,1.19272,1.50,7.50
2015.09.07 07:44:04.442,1.1927,1.19272,1.12,7.50
2015.09.07 07:44:06.921,1.1927,1.19273,1.12,7.50
2015.09.07 07:44:08.033,1.19269,1.19273,1.50,7.87
2015.09.07 07:44:08.337,1.19268,1.1927,2.25,7.50
2015.09.07 07:44:08.944,1.19268,1.1927,1.00,7.50
2015.09.07 07:44:12.752,1.19268,1.1927,1.50,7.50
2015.09.07 07:44:14.343,1.19266,1.19269,1.50,1.00
2015.09.07 07:44:14.466,1.19264,1.19266,1.57,7.50
2015.09.07 07:44:14.567,1.19262,1.19265,2.62,2.25
2015.09.07 07:44:15.024,1.19261,1.19265,2.32,2.25
2015.09.07 07:44:15.528,1.1926,1.19265,1.57,2.62
2015.09.07 07:44:16.806,1.19261,1.19264,1.12,7.50
2015.09.07 07:44:18.190,1.19262,1.19264,1.00,7.50
2015.09.07 07:44:19.790,1.19261,1.19264,1.12,7.50
2015.09.07 07:44:22.461,1.19267,1.19268,1.00,12.37
2015.09.07 07:44:22.563,1.19265,1.19267,1.50,7.87
2015.09.07 07:44:22.765,1.19267,1.19269,2.25,7.50
2015.09.07 07:44:23.329,1.19267,1.1927,1.50,7.50
2015.09.07 07:44:40.807,1.19265,1.19269,2.32,7.50
2015.09.07 07:44:40.909,1.19264,1.19267,1.87,1.00
2015.09.07 07:44:41.011,1.19263,1.19266,1.12,1.00
2015.09.07 07:44:41.439,1.19261,1.19264,1.50,3.75
2015.09.07 07:44:42.049,1.19259,1.19263,1.87,1.00
2015.09.07 07:44:42.100,1.19259,1.19263,1.87,1.00
2015.09.07 07:44:42.614,1.19259,1.19262,1.50,3.75
2015.09.07 07:44:43.121,1.1926,1.19262,1.50,3.75
2015.09.07 07:44:43.644,1.1926,1.19263,1.50,3.75
2015.09.07 07:44:45.539,1.19262,1.19265,1.00,1.12
2015.09.07 07:44:46.045,1.19262,1.19265,1.50,1.00
2015.09.07 07:44:46.586,1.19261,1.19265,2.25,1.00
2015.09.07 07:44:50.468,1.19262,1.19265,2.25,2.25
2015.09.07 07:44:51.087,1.19262,1.19266,2.25,2.25
2015.09.07 07:44:52.138,1.19262,1.19267,3.00,1.00
2015.09.07 07:44:52.645,1.19267,1.19268,1.50,2.25
2015.09.07 07:44:52.696,1.19267,1.1927,1.00,1.12
2015.09.07 07:44:52.798,1.19268,1.19273,1.12,2.62
2015.09.07 07:44:52.849,1.19268,1.19273,1.37,1.20
2015.09.07 07:44:53.361,1.1927,1.19274,1.50,2.25
2015.09.07 07:44:54.389,1.19273,1.19274,1.00,2.25
2015.09.07 07:44:54.440,1.19273,1.19276,1.37,1.20
2015.09.07 07:44:54.846,1.19274,1.19277,2.25,1.00
2015.09.07 07:44:55.355,1.19274,1.19277,2.25,1.00
2015.09.07 07:44:56.533,1.19275,1.19279,1.87,1.12
2015.09.07 07:44:57.053,1.19276,1.19279,1.00,1.12
2015.09.07 07:44:58.178,1.19277,1.19281,1.12,1.20
2015.09.07 07:44:58.382,1.19278,1.19282,1.50,1.00
2015.09.07 07:44:58.908,1.19278,1.19283,2.25,1.00
2015.09.07 07:45:00.611,1.19279,1.19284,2.25,1.87
2015.09.07 07:45:01.214,1.19279,1.19283,1.50,1.00
2015.09.07 07:45:01.722,1.19278,1.19281,1.85,1.00
2015.09.07 07:45:01.875,1.19277,1.19281,1.50,1.12
2015.09.07 07:45:02.350,1.19275,1.19279,1.85,1.00
2015.09.07 07:45:02.605,1.19274,1.19278,1.12,1.12
2015.09.07 07:45:04.788,1.19275,1.1928,1.50,2.62
2015.09.07 07:45:04.890,1.19275,1.1928,2.25,1.95
2015.09.07 07:45:05.284,1.19277,1.19281,1.37,1.00
2015.09.07 07:45:05.793,1.19278,1.19283,1.50,3.75
2015.09.07 07:45:06.249,1.19278,1.19284,3.75,1.95
2015.09.07 07:45:06.503,1.19281,1.19285,1.50,1.12
2015.09.07 07:45:06.707,1.19282,1.19286,1.50,1.00
2015.09.07 07:45:07.214,1.19282,1.19287,1.50,1.95
2015.09.07 07:45:09.001,1.19283,1.19288,1.37,2.32
2015.09.07 07:45:09.509,1.19284,1.19288,1.50,1.10
2015.09.07 07:45:10.045,1.19284,1.19289,3.00,1.10
2015.09.07 07:45:10.753,1.19286,1.1929,1.12,1.12
2015.09.07 07:45:10.804,1.19286,1.1929,1.87,1.00
2015.09.07 07:45:11.312,1.1929,1.19292,1.50,1.00
2015.09.07 07:45:11.516,1.19291,1.19294,1.50,1.00
2015.09.07 07:45:11.618,1.19292,1.19296,1.12,1.12
2015.09.07 07:45:11.925,1.19292,1.19296,2.25,1.00
2015.09.07 07:45:12.433,1.19292,1.19297,1.50,1.95
2015.09.07 07:45:13.773,1.19291,1.19297,2.25,3.00
2015.09.07 07:45:16.175,1.19291,1.19297,3.00,1.95
2015.09.07 07:45:18.659,1.19295,1.19297,1.00,1.20
2015.09.07 07:45:18.811,1.19297,1.19301,1.12,1.20
2015.09.07 07:45:18.921,1.19297,1.19301,1.75,1.00
2015.09.07 07:45:19.326,1.19298,1.19303,2.25,1.10
2015.09.07 07:45:19.832,1.19299,1.19304,1.50,1.95
2015.09.07 07:45:22.739,1.19299,1.19304,1.75,1.57
2015.09.07 07:45:23.245,1.19299,1.19304,2.25,1.95
2015.09.07 07:45:28.469,1.19301,1.19305,1.75,1.12
2015.09.07 07:45:28.570,1.19301,1.19306,1.75,1.95
2015.09.07 07:45:28.773,1.19304,1.19307,2.25,1.10
2015.09.07 07:45:28.942,1.19305,1.1931,1.12,2.25
2015.09.07 07:45:29.095,1.19306,1.1931,1.50,1.00
2015.09.07 07:45:30.962,1.19307,1.1931,3.37,1.00
2015.09.07 07:45:34.391,1.19308,1.19311,1.12,1.00
2015.09.07 07:45:34.898,1.19307,1.19311,3.00,1.00
2015.09.07 07:45:36.180,1.19308,1.19311,1.12,1.00
2015.09.07 07:45:36.842,1.19308,1.1931,1.12,1.00
2015.09.07 07:45:37.809,1.19306,1.19309,1.37,1.00
2015.09.07 07:45:37.910,1.19305,1.19309,1.50,1.00
2015.09.07 07:45:38.013,1.19303,1.19306,1.47,1.00
2015.09.07 07:45:38.115,1.19301,1.19304,2.25,1.00
2015.09.07 07:45:38.167,1.193,1.19304,1.12,1.12
2015.09.07 07:45:39.802,1.19301,1.19305,1.00,1.37
2015.09.07 07:45:40.467,1.19303,1.19306,1.00,2.32
2015.09.07 07:45:40.620,1.19303,1.19306,1.00,1.12
2015.09.07 07:45:43.111,1.19304,1.19306,1.00,1.00
2015.09.07 07:45:43.255,1.19305,1.19308,1.00,1.12
2015.09.07 07:45:43.711,1.19307,1.19309,1.00,1.00
2015.09.07 07:45:44.217,1.19306,1.19309,1.12,1.00
2015.09.07 07:45:47.801,1.19307,1.19309,1.12,1.00
2015.09.07 07:45:48.006,1.19308,1.19311,1.12,1.00
2015.09.07 07:45:52.379,1.1931,1.19313,1.00,2.32
2015.09.07 07:45:52.481,1.19311,1.19315,1.12,1.12
2015.09.07 07:45:53.547,1.1931,1.19312,1.00,1.12
2015.09.07 07:45:53.751,1.19308,1.19312,1.12,1.12
2015.09.07 07:45:53.955,1.19307,1.19311,1.00,1.50
2015.09.07 07:45:54.462,1.19306,1.19311,2.70,1.50
2015.09.07 07:45:55.222,1.19305,1.19309,1.50,1.00
2015.09.07 07:45:55.736,1.19305,1.19309,1.12,1.12
2015.09.07 07:45:57.972,1.19304,1.19308,1.87,1.87
2015.09.07 07:45:58.289,1.19301,1.19305,1.12,1.87
2015.09.07 07:45:58.593,1.19304,1.19306,1.00,1.10
2015.09.07 07:45:59.099,1.19304,1.19309,1.00,3.07
2015.09.07 07:46:00.195,1.19303,1.19309,1.12,3.07
2015.09.07 07:46:00.792,1.19301,1.19306,1.50,1.12
2015.09.07 07:46:01.096,1.19299,1.19305,3.00,2.25
2015.09.07 07:46:01.868,1.19301,1.19306,1.12,3.07
2015.09.07 07:46:02.173,1.19304,1.19308,1.00,2.32
2015.09.07 07:46:02.675,1.19303,1.19308,1.12,3.07
2015.09.07 07:46:05.278,1.19304,1.19308,1.00,2.32
2015.09.07 07:46:05.685,1.19304,1.19309,1.50,1.95
2015.09.07 07:46:06.862,1.19304,1.19308,1.50,1.00
2015.09.07 07:46:07.580,1.19302,1.19308,1.50,2.32
2015.09.07 07:46:09.084,1.19302,1.19308,1.12,2.32
2015.09.07 07:46:18.106,1.193,1.19306,2.25,1.57
2015.09.07 07:46:20.474,1.19299,1.19304,2.25,1.50
2015.09.07 07:46:20.626,1.19298,1.19303,2.25,1.20
2015.09.07 07:46:20.880,1.19297,1.19301,1.50,1.00
2015.09.07 07:46:21.384,1.19297,1.19301,1.12,1.20
2015.09.07 07:46:22.822,1.19296,1.193,2.25,1.00
2015.09.07 07:46:23.157,1.19293,1.19298,2.25,1.00
2015.09.07 07:46:23.462,1.19289,1.19295,4.50,1.00
2015.09.07 07:46:23.993,1.1929,1.19296,1.50,2.32
2015.09.07 07:46:25.077,1.19293,1.19296,1.00,1.57
2015.09.07 07:46:25.230,1.19294,1.19298,1.00,1.50
2015.09.07 07:46:25.485,1.19294,1.19299,1.50,1.95
2015.09.07 07:46:25.995,1.19292,1.19298,3.00,1.00
2015.09.07 07:46:26.545,1.19292,1.19298,2.25,1.20
2015.09.07 07:46:26.798,1.19292,1.19296,1.50,1.00
2015.09.07 07:46:26.967,1.1929,1.19295,3.00,1.12
2015.09.07 07:46:27.473,1.1929,1.19296,2.25,1.87
2015.09.07 07:46:29.297,1.1929,1.19295,1.75,1.00
2015.09.07 07:46:29.907,1.19289,1.19295,2.25,1.50
2015.09.07 07:46:31.321,1.1929,1.19296,1.50,2.32
2015.09.07 07:46:31.829,1.19291,1.19297,3.00,3.37
2015.09.07 07:46:37.840,1.19294,1.19297,1.50,1.87
2015.09.07 07:46:38.081,1.19294,1.19299,2.25,1.12
2015.09.07 07:46:38.234,1.19295,1.19301,2.25,3.00
2015.09.07 07:46:38.742,1.19296,1.19301,1.50,1.95
2015.09.07 07:46:39.267,1.19298,1.19303,1.00,1.85
2015.09.07 07:46:39.775,1.19299,1.19303,1.00,1.50
2015.09.07 07:46:40.291,1.193,1.19304,1.00,1.95
2015.09.07 07:46:40.342,1.193,1.19304,1.87,1.20
2015.09.07 07:46:41.151,1.19301,1.19305,1.00,3.82
2015.09.07 07:46:41.436,1.19303,1.19305,1.12,1.00
2015.09.07 07:46:41.538,1.19304,1.19307,1.00,1.12
2015.09.07 07:46:42.048,1.19302,1.19306,1.87,1.12
2015.09.07 07:46:42.454,1.19299,1.19305,3.00,2.25
2015.09.07 07:46:43.063,1.19298,1.19304,2.25,2.25
2015.09.07 07:46:47.791,1.19297,1.193,2.25,1.00
2015.09.07 07:46:47.944,1.19295,1.19299,1.12,1.87
2015.09.07 07:46:48.153,1.19293,1.19297,2.25,1.12
2015.09.07 07:46:48.358,1.19291,1.19296,1.12,2.25
2015.09.07 07:46:49.106,1.19291,1.19296,1.87,1.00
2015.09.07 07:46:49.646,1.19291,1.19297,1.87,2.32
2015.09.07 07:46:50.510,1.19291,1.19297,2.25,1.47
2015.09.07 07:46:50.561,1.19291,1.19297,2.25,1.20
2015.09.07 07:46:57.063,1.19291,1.19296,2.25,1.00
2015.09.07 07:46:57.573,1.19291,1.19296,1.75,1.12
2015.09.07 07:46:58.080,1.19291,1.19296,1.75,1.87
2015.09.07 07:46:58.684,1.19288,1.19294,2.25,1.10
2015.09.07 07:47:06.217,1.1929,1.19295,1.50,1.20
2015.09.07 07:47:07.568,1.19291,1.19295,1.50,1.20
2015.09.07 07:47:08.081,1.1929,1.19295,2.25,1.57
2015.09.07 07:47:11.074,1.19291,1.19296,1.75,1.10
2015.09.07 07:47:30.271,1.19292,1.19297,1.50,2.62
2015.09.07 07:47:30.627,1.19295,1.19298,1.00,1.12
2015.09.07 07:47:30.830,1.19295,1.193,2.25,2.62
2015.09.07 07:47:30.983,1.19295,1.193,3.07,1.00
2015.09.07 07:47:31.544,1.19296,1.19301,1.50,1.00
2015.09.07 07:47:32.052,1.19297,1.19301,1.12,1.12
2015.09.07 07:47:32.557,1.19297,1.19302,2.25,2.25
2015.09.07 07:47:32.760,1.19299,1.19304,1.37,3.75
2015.09.07 07:47:33.321,1.19302,1.19305,1.00,1.37
2015.09.07 07:47:33.474,1.19306,1.19309,1.12,1.00
2015.09.07 07:47:33.981,1.19305,1.1931,1.57,1.87
2015.09.07 07:47:34.495,1.19305,1.19309,1.57,1.00
2015.09.07 07:47:35.001,1.19305,1.1931,1.57,1.87
2015.09.07 07:47:37.096,1.19306,1.1931,1.37,1.00
2015.09.07 07:47:37.614,1.19307,1.1931,1.12,1.00
2015.09.07 07:47:38.500,1.19309,1.1931,1.00,1.00
2015.09.07 07:47:38.636,1.1931,1.19314,1.87,1.87
2015.09.07 07:47:38.738,1.19312,1.19314,1.12,1.00
2015.09.07 07:47:38.839,1.19312,1.19317,2.25,1.00
2015.09.07 07:47:39.499,1.19313,1.19318,1.50,1.95
2015.09.07 07:47:40.005,1.19313,1.19317,1.50,1.00
2015.09.07 07:47:40.511,1.19313,1.19318,1.50,1.87
2015.09.07 07:47:40.701,1.19316,1.1932,1.00,1.87
2015.09.07 07:47:40.803,1.19316,1.19321,3.00,1.00
2015.09.07 07:47:41.006,1.19318,1.19322,1.75,1.00
2015.09.07 07:47:41.310,1.19319,1.19324,1.50,1.87
2015.09.07 07:47:41.823,1.19319,1.19323,1.50,1.00
2015.09.07 07:47:45.060,1.19319,1.19324,1.50,1.87
2015.09.07 07:47:45.718,1.19319,1.19324,2.25,1.50
2015.09.07 07:47:50.087,1.1932,1.19325,1.50,1.87
2015.09.07 07:47:50.442,1.19321,1.19326,1.37,2.70
2015.09.07 07:47:50.962,1.19321,1.19326,1.75,1.50
2015.09.07 07:47:51.288,1.19324,1.19329,1.12,3.37
2015.09.07 07:47:51.795,1.19325,1.1933,1.12,2.25
2015.09.07 07:47:55.509,1.19324,1.19328,1.50,1.00
2015.09.07 07:47:56.025,1.19324,1.19328,1.12,1.12
2015.09.07 07:47:56.762,1.19324,1.19329,1.50,1.12
2015.09.07 07:47:59.772,1.19326,1.19331,1.00,2.25
2015.09.07 07:48:00.030,1.19328,1.19332,1.00,4.87
2015.09.07 07:48:00.082,1.19328,1.19332,1.00,1.50
2015.09.07 07:48:00.236,1.1933,1.19334,1.00,1.75
2015.09.07 07:48:00.338,1.19328,1.19333,2.32,1.50
2015.09.07 07:48:00.867,1.19328,1.19334,2.32,1.50
2015.09.07 07:48:01.071,1.19327,1.1933,1.37,1.50
2015.09.07 07:48:01.173,1.19326,1.19329,1.37,1.50
2015.09.07 07:48:01.276,1.19324,1.19327,1.50,1.00
2015.09.07 07:48:01.631,1.1932,1.19323,1.50,1.00
2015.09.07 07:48:01.784,1.19319,1.19322,1.12,1.00
2015.09.07 07:48:02.291,1.19315,1.19321,4.87,1.00
2015.09.07 07:48:02.703,1.19315,1.19319,3.37,1.00
2015.09.07 07:48:02.856,1.19312,1.19317,1.12,1.00
2015.09.07 07:48:02.907,1.19311,1.19315,4.87,1.00
2015.09.07 07:48:03.060,1.19309,1.19314,1.75,1.00
2015.09.07 07:48:03.871,1.19308,1.19313,2.25,1.12
2015.09.07 07:48:03.973,1.19308,1.19314,3.00,1.10
2015.09.07 07:48:04.497,1.19311,1.19315,1.50,1.00
2015.09.07 07:48:05.004,1.19311,1.19314,1.50,1.00
2015.09.07 07:48:05.534,1.19309,1.19314,3.00,1.00
2015.09.07 07:48:06.410,1.19309,1.19315,3.00,1.12
2015.09.07 07:48:08.617,1.19313,1.19318,1.00,4.95
2015.09.07 07:48:08.770,1.19314,1.1932,1.50,2.25
2015.09.07 07:48:08.872,1.19316,1.19322,2.25,2.32
2015.09.07 07:48:09.422,1.19316,1.19322,3.00,1.87
2015.09.07 07:48:10.811,1.19318,1.19324,2.25,1.47
2015.09.07 07:48:10.913,1.19318,1.19324,2.25,1.20
2015.09.07 07:48:12.915,1.19319,1.19325,2.25,1.12
2015.09.07 07:48:13.684,1.1932,1.19326,3.00,1.12
2015.09.07 07:48:14.089,1.19319,1.19325,1.50,1.50
2015.09.07 07:48:15.376,1.19319,1.19323,1.50,1.00
2015.09.07 07:48:17.153,1.19318,1.19322,1.85,1.00
2015.09.07 07:48:17.674,1.19318,1.19323,1.75,1.00
2015.09.07 07:48:18.217,1.19318,1.19322,1.75,1.00
2015.09.07 07:48:18.977,1.19318,1.19323,1.75,1.00
2015.09.07 07:48:19.484,1.19318,1.19322,1.75,1.00
2015.09.07 07:48:20.607,1.19317,1.19321,1.57,1.00
2015.09.07 07:48:20.709,1.19316,1.19319,1.12,1.00
2015.09.07 07:48:20.814,1.19314,1.19319,1.75,1.87
2015.09.07 07:48:20.916,1.19312,1.19318,1.87,1.12
2015.09.07 07:48:21.121,1.19312,1.19316,1.12,1.00
2015.09.07 07:48:21.323,1.1931,1.19316,2.62,1.50
2015.09.07 07:48:21.872,1.1931,1.19314,1.50,1.00
2015.09.07 07:48:22.380,1.19309,1.19315,2.25,1.12
2015.09.07 07:48:23.240,1.1931,1.19314,1.50,1.00
2015.09.07 07:48:24.787,1.19309,1.19315,2.25,1.12
2015.09.07 07:48:38.228,1.1931,1.19313,1.50,1.00
2015.09.07 07:48:38.432,1.19307,1.19313,3.37,1.12
2015.09.07 07:48:38.938,1.19307,1.19313,1.50,1.50
2015.09.07 07:48:39.698,1.19306,1.19311,2.32,1.00
2015.09.07 07:48:39.850,1.19306,1.1931,1.20,1.50
2015.09.07 07:48:40.362,1.19303,1.19309,1.85,1.87
2015.09.07 07:48:42.554,1.19303,1.19309,2.32,1.50
2015.09.07 07:48:45.597,1.19306,1.1931,1.00,2.25
2015.09.07 07:48:45.799,1.19306,1.1931,1.50,1.00
2015.09.07 07:48:46.348,1.19306,1.1931,1.12,1.12
2015.09.07 07:48:49.525,1.19305,1.19309,1.50,1.00
2015.09.07 07:48:50.063,1.19304,1.19309,2.25,1.12
2015.09.07 07:48:54.735,1.19303,1.19308,1.75,1.00
2015.09.07 07:48:55.280,1.19303,1.19308,1.50,1.12
2015.09.07 07:48:56.410,1.19302,1.19307,1.85,1.00
2015.09.07 07:48:56.613,1.19301,1.19306,1.12,3.00
2015.09.07 07:48:57.169,1.19298,1.19304,3.37,1.00
2015.09.07 07:48:57.689,1.19299,1.19305,2.32,1.87
2015.09.07 07:49:01.082,1.19302,1.19306,1.00,4.57
2015.09.07 07:49:01.386,1.19302,1.19307,1.87,3.75
2015.09.07 07:49:01.730,1.19304,1.19307,2.25,1.50
2015.09.07 07:49:02.835,1.19305,1.1931,1.12,3.00
2015.09.07 07:49:08.942,1.19304,1.19309,1.50,4.50
2015.09.07 07:49:11.760,1.19303,1.19309,1.50,2.25
2015.09.07 07:49:12.275,1.19303,1.19305,1.00,1.00
2015.09.07 07:49:12.428,1.19299,1.19305,2.25,1.12
2015.09.07 07:49:13.254,1.19299,1.19305,2.25,1.37
2015.09.07 07:49:13.761,1.19298,1.19303,1.50,2.62
2015.09.07 07:49:17.442,1.19298,1.19302,1.50,1.12
2015.09.07 07:49:20.979,1.19299,1.19302,1.37,1.00
2015.09.07 07:49:21.539,1.19298,1.19304,2.25,1.12
2015.09.07 07:49:22.049,1.19299,1.19304,1.00,1.87
2015.09.07 07:49:26.846,1.193,1.19305,1.12,2.62
2015.09.07 07:49:26.897,1.193,1.19305,2.25,1.87
2015.09.07 07:49:27.836,1.19302,1.19305,1.00,1.87
2015.09.07 07:49:27.887,1.19303,1.19307,1.50,1.10
2015.09.07 07:49:28.433,1.19304,1.19308,2.25,1.00
2015.09.07 07:49:29.550,1.19304,1.1931,2.25,3.75
2015.09.07 07:49:34.592,1.19306,1.1931,1.00,2.25
2015.09.07 07:49:35.101,1.19306,1.1931,1.12,1.87
2015.09.07 07:49:35.602,1.19307,1.19311,1.12,1.87
2015.09.07 07:49:41.324,1.19306,1.19311,1.12,1.50
2015.09.07 07:49:41.780,1.19304,1.19309,1.57,1.37
2015.09.07 07:49:42.119,1.19301,1.19305,1.50,1.12
2015.09.07 07:49:42.272,1.19299,1.19305,2.62,1.87
2015.09.07 07:49:42.425,1.19299,1.19305,4.95,1.50
2015.09.07 07:49:42.729,1.19299,1.19305,1.85,1.87
2015.09.07 07:49:43.393,1.19302,1.19306,1.75,2.25
2015.09.07 07:49:43.446,1.19304,1.19307,1.50,1.00
2015.09.07 07:49:43.599,1.19304,1.1931,2.25,2.70
2015.09.07 07:49:43.701,1.19304,1.1931,5.62,2.25
2015.09.07 07:49:45.871,1.19304,1.19309,4.87,1.00
2015.09.07 07:49:46.219,1.1931,1.19312,1.00,1.00
2015.09.07 07:49:46.321,1.1931,1.19312,1.00,1.07
2015.09.07 07:49:46.423,1.19307,1.19312,1.12,1.57
2015.09.07 07:49:46.525,1.19306,1.19311,1.85,1.00
2015.09.07 07:49:47.034,1.19305,1.1931,1.75,1.00
2015.09.07 07:49:47.747,1.19304,1.19309,5.62,1.00
2015.09.07 07:49:48.260,1.19303,1.19309,7.50,1.00
2015.09.07 07:49:56.371,1.19304,1.1931,2.25,1.00
2015.09.07 07:49:57.969,1.19305,1.19311,1.75,1.95
2015.09.07 07:50:02.374,1.19306,1.19311,2.25,1.00
2015.09.07 07:50:02.627,1.19308,1.19314,3.37,1.12
2015.09.07 07:50:02.729,1.19309,1.19315,1.75,1.00
2015.09.07 07:50:03.439,1.19309,1.19316,2.25,1.87
2015.09.07 07:50:03.949,1.19309,1.19315,3.37,1.00
2015.09.07 07:50:04.254,1.19308,1.19313,5.62,1.50
2015.09.07 07:50:04.356,1.19307,1.19312,1.75,1.00
2015.09.07 07:50:04.559,1.19305,1.19311,3.37,1.12
2015.09.07 07:50:05.070,1.19305,1.1931,1.87,1.12
2015.09.07 07:50:05.577,1.19304,1.19309,3.00,1.00
2015.09.07 07:50:06.363,1.19308,1.19309,1.00,1.00
2015.09.07 07:50:06.907,1.19303,1.19309,5.62,1.00
2015.09.07 07:50:07.430,1.19303,1.19308,1.75,1.00
2015.09.07 07:50:07.584,1.19302,1.19308,3.75,1.12
2015.09.07 07:50:08.090,1.19301,1.19306,3.37,1.00
2015.09.07 07:50:08.294,1.19301,1.19305,1.12,1.87
2015.09.07 07:50:08.730,1.193,1.19305,2.25,2.32
2015.09.07 07:50:09.237,1.193,1.19305,2.25,2.32
2015.09.07 07:50:10.094,1.193,1.19304,2.25,1.00
2015.09.07 07:50:10.600,1.193,1.19305,2.25,3.07
2015.09.07 07:50:11.826,1.193,1.19304,2.25,1.00
2015.09.07 07:50:12.917,1.193,1.19303,2.25,1.00
2015.09.07 07:50:13.429,1.193,1.19304,1.75,1.00
2015.09.07 07:50:17.296,1.193,1.19305,1.75,1.57
2015.09.07 07:50:17.504,1.19298,1.19304,4.50,1.87
2015.09.07 07:50:17.606,1.19298,1.19301,1.50,1.00
2015.09.07 07:50:17.910,1.19296,1.193,2.25,1.00
2015.09.07 07:50:18.891,1.19296,1.19299,1.12,1.00
2015.09.07 07:50:18.993,1.19296,1.19297,1.12,1.00
2015.09.07 07:50:19.095,1.19292,1.19297,3.07,1.87
2015.09.07 07:50:19.196,1.19292,1.19295,1.50,1.00
2015.09.07 07:50:19.702,1.19291,1.19294,1.50,1.00
2015.09.07 07:50:20.216,1.1929,1.19295,4.50,1.00
2015.09.07 07:50:21.195,1.19291,1.19296,2.25,1.87
2015.09.07 07:50:21.734,1.19291,1.19295,3.00,1.00
2015.09.07 07:50:22.269,1.19291,1.19296,2.25,2.62
2015.09.07 07:50:23.399,1.1929,1.19294,3.75,1.00
2015.09.07 07:50:23.906,1.1929,1.19295,3.00,1.50
2015.09.07 07:50:27.611,1.1929,1.19295,2.25,2.62
2015.09.07 07:50:28.158,1.1929,1.19294,2.25,1.00
2015.09.07 07:50:28.769,1.1929,1.19295,2.25,2.62
2015.09.07 07:50:30.525,1.19291,1.19294,1.12,1.00
2015.09.07 07:50:35.605,1.1929,1.19295,3.00,1.87
2015.09.07 07:50:36.314,1.19291,1.19296,1.50,1.87
2015.09.07 07:50:36.864,1.19291,1.19296,1.75,1.50
2015.09.07 07:50:37.370,1.19292,1.19297,1.50,1.87
2015.09.07 07:50:40.695,1.19292,1.19296,1.50,1.00
2015.09.07 07:50:41.201,1.19291,1.19296,1.50,1.12
2015.09.07 07:50:41.713,1.1929,1.19295,3.00,1.50
2015.09.07 07:50:46.703,1.19291,1.19296,1.50,3.37
2015.09.07 07:50:49.172,1.19291,1.19295,2.25,1.00
2015.09.07 07:50:51.804,1.19293,1.19295,1.00,1.00
2015.09.07 07:50:51.906,1.19294,1.19298,1.12,1.12
2015.09.07 07:50:51.957,1.19294,1.193,1.37,2.25
2015.09.07 07:50:52.009,1.19295,1.19301,2.62,2.62
2015.09.07 07:50:52.111,1.19297,1.19301,1.87,2.32
2015.09.07 07:50:53.165,1.19296,1.19299,3.00,1.00
2015.09.07 07:50:53.692,1.19297,1.19299,1.00,1.00
2015.09.07 07:50:55.119,1.19297,1.193,1.00,1.12
2015.09.07 07:50:56.860,1.19296,1.19299,1.50,1.12
2015.09.07 07:50:57.192,1.19292,1.19294,1.00,1.00
2015.09.07 07:50:57.698,1.19291,1.19294,1.12,1.00
2015.09.07 07:51:02.658,1.19291,1.19295,2.47,1.12
2015.09.07 07:51:02.913,1.19297,1.19301,1.12,2.25
2015.09.07 07:51:03.420,1.19297,1.19301,1.12,1.87
2015.09.07 07:51:04.134,1.19298,1.19303,1.00,1.75
2015.09.07 07:51:04.185,1.19298,1.19303,1.50,1.12
2015.09.07 07:51:04.591,1.19299,1.19303,1.75,1.00
2015.09.07 07:51:05.308,1.19302,1.19305,1.00,1.12
2015.09.07 07:51:05.410,1.19303,1.19306,1.00,1.50
2015.09.07 07:51:05.512,1.19304,1.19307,1.12,1.00
2015.09.07 07:51:06.053,1.19304,1.19308,2.25,1.00
2015.09.07 07:51:06.560,1.19305,1.19309,1.50,1.00
2015.09.07 07:51:07.075,1.19305,1.19308,1.37,1.00
2015.09.07 07:51:07.582,1.19305,1.19307,1.12,1.00
2015.09.07 07:51:08.207,1.19303,1.19306,1.75,1.00
2015.09.07 07:51:08.309,1.19302,1.19305,1.12,1.00
2015.09.07 07:51:08.512,1.19299,1.19303,3.07,1.00
2015.09.07 07:51:09.042,1.19298,1.19302,1.50,1.00
2015.09.07 07:51:09.739,1.19297,1.19301,2.25,1.00
2015.09.07 07:51:10.346,1.19297,1.193,1.75,1.00
2015.09.07 07:51:10.499,1.19297,1.193,1.12,1.00
2015.09.07 07:51:11.116,1.19297,1.19301,1.12,1.12
2015.09.07 07:51:12.342,1.19297,1.193,1.12,1.00
2015.09.07 07:51:12.696,1.19297,1.19299,1.12,1.00
2015.09.07 07:51:12.798,1.19295,1.19297,1.00,1.00
2015.09.07 07:51:12.950,1.19292,1.19296,1.50,1.00
2015.09.07 07:51:13.557,1.19291,1.19295,2.25,1.00
2015.09.07 07:51:14.063,1.1929,1.19295,3.97,1.00
2015.09.07 07:51:14.962,1.1929,1.19294,3.60,1.00
2015.09.07 07:51:18.198,1.19291,1.19293,1.50,1.00
2015.09.07 07:51:18.704,1.19291,1.19293,1.12,1.00
2015.09.07 07:51:19.210,1.19291,1.19294,1.12,1.00
2015.09.07 07:51:20.242,1.19291,1.19293,1.12,1.00
2015.09.07 07:51:20.776,1.1929,1.19294,2.92,1.00
2015.09.07 07:51:21.580,1.1929,1.19293,2.92,1.00
2015.09.07 07:51:22.087,1.1929,1.19294,2.47,1.87
2015.09.07 07:51:23.096,1.1929,1.19293,2.47,1.00
2015.09.07 07:51:23.605,1.19289,1.19292,3.07,1.00
2015.09.07 07:51:24.114,1.19288,1.19291,1.37,1.00
2015.09.07 07:51:24.671,1.19287,1.1929,1.75,1.00
2015.09.07 07:51:25.176,1.19287,1.1929,1.50,1.00
2015.09.07 07:51:25.834,1.19287,1.19291,1.50,1.00
2015.09.07 07:51:27.386,1.19287,1.1929,1.50,1.00
2015.09.07 07:51:28.414,1.19287,1.19291,1.50,1.00
2015.09.07 07:51:28.936,1.19288,1.19292,1.50,1.00
2015.09.07 07:51:29.139,1.19288,1.19289,1.00,1.00
2015.09.07 07:51:29.666,1.19287,1.1929,1.50,1.00
2015.09.07 07:51:30.332,1.19286,1.19289,1.75,1.00
2015.09.07 07:51:30.860,1.19286,1.19289,1.50,1.00
2015.09.07 07:51:31.881,1.19286,1.19288,1.50,1.00
2015.09.07 07:51:33.672,1.19286,1.19288,1.00,1.00
2015.09.07 07:51:34.179,1.19285,1.19288,1.00,1.12
2015.09.07 07:51:34.483,1.19283,1.19288,2.62,1.50
2015.09.07 07:51:34.990,1.19282,1.19286,1.12,1.12
2015.09.07 07:51:35.501,1.19283,1.19286,1.00,1.12
2015.09.07 07:51:36.008,1.19282,1.19285,1.12,1.00
2015.09.07 07:51:36.160,1.19281,1.19283,1.50,1.00
2015.09.07 07:51:36.667,1.19281,1.19284,2.62,1.50
2015.09.07 07:51:41.258,1.19282,1.19285,1.12,1.00
2015.09.07 07:51:41.565,1.19284,1.19287,1.12,1.00
2015.09.07 07:51:46.739,1.19286,1.19289,1.60,1.50
2015.09.07 07:51:47.044,1.19288,1.19293,3.37,1.12
2015.09.07 07:51:47.499,1.19289,1.19294,3.37,1.00
2015.09.07 07:51:48.013,1.19289,1.19294,3.37,1.12
2015.09.07 07:51:49.549,1.19292,1.19295,1.00,1.50
2015.09.07 07:51:49.701,1.19292,1.19298,3.00,1.50
2015.09.07 07:51:50.222,1.19292,1.19297,2.25,1.12
2015.09.07 07:51:50.476,1.19291,1.19295,2.32,1.00
2015.09.07 07:51:55.118,1.19291,1.19294,1.50,1.00
2015.09.07 07:51:55.321,1.19289,1.19293,2.25,1.00
2015.09.07 07:51:55.581,1.19287,1.1929,3.07,1.00
2015.09.07 07:51:55.734,1.19285,1.19289,3.07,1.00
2015.09.07 07:51:56.240,1.19284,1.19288,2.25,1.00
2015.09.07 07:51:56.828,1.19283,1.19288,2.25,1.12
2015.09.07 07:51:57.334,1.19282,1.19287,3.75,1.00
2015.09.07 07:51:58.770,1.19283,1.19286,1.50,1.00
2015.09.07 07:51:59.283,1.19283,1.19287,1.12,1.12
2015.09.07 07:51:59.486,1.19285,1.19288,1.00,1.12
2015.09.07 07:52:00.104,1.19285,1.19288,1.50,1.00
2015.09.07 07:52:00.256,1.19285,1.1929,2.25,1.12
2015.09.07 07:52:00.511,1.19288,1.19292,1.12,1.20
2015.09.07 07:52:01.012,1.19289,1.19292,1.00,1.12
2015.09.07 07:52:01.943,1.19289,1.19293,2.10,1.50
2015.09.07 07:52:02.451,1.1929,1.19293,3.60,1.00
2015.09.07 07:52:04.060,1.19291,1.19294,1.12,1.50
2015.09.07 07:52:04.592,1.19291,1.19295,1.50,1.00
2015.09.07 07:52:05.098,1.1929,1.19294,1.87,1.00
2015.09.07 07:52:08.125,1.1929,1.19292,1.87,1.00
2015.09.07 07:52:08.631,1.1929,1.19293,1.50,1.00
2015.09.07 07:52:09.163,1.1929,1.19294,1.50,1.50
2015.09.07 07:52:09.669,1.1929,1.19294,1.75,1.50
2015.09.07 07:52:10.913,1.1929,1.19295,1.75,2.25
2015.09.07 07:52:12.696,1.19291,1.19294,1.50,1.00
2015.09.07 07:52:13.052,1.19292,1.19296,1.35,1.87
2015.09.07 07:52:13.154,1.19292,1.19296,1.87,1.50
2015.09.07 07:52:13.657,1.19292,1.19296,1.87,1.50
2015.09.07 07:52:14.518,1.19291,1.19294,1.87,1.00
2015.09.07 07:52:15.031,1.19291,1.19295,1.75,1.50
2015.09.07 07:52:17.320,1.19291,1.19296,1.75,1.50
2015.09.07 07:52:20.404,1.19292,1.19295,1.50,1.00
2015.09.07 07:52:20.912,1.19292,1.19294,1.50,1.00
2015.09.07 07:52:21.419,1.19292,1.19295,1.87,1.50
2015.09.07 07:52:24.240,1.19292,1.19294,1.50,1.00
2015.09.07 07:52:28.959,1.19291,1.19294,1.50,1.50
2015.09.07 07:52:30.535,1.19292,1.19295,1.12,1.50
2015.09.07 07:52:31.060,1.19291,1.19294,1.50,1.00
2015.09.07 07:52:31.620,1.19292,1.19295,1.12,1.00
2015.09.07 07:52:32.143,1.19291,1.19295,2.25,1.00
2015.09.07 07:52:32.651,1.19291,1.19294,1.75,1.00
2015.09.07 07:52:33.208,1.19291,1.19295,1.75,1.00
2015.09.07 07:52:33.719,1.19291,1.19294,1.75,1.00
2015.09.07 07:52:35.086,1.1929,1.19294,1.50,1.50
2015.09.07 07:52:35.588,1.1929,1.19293,1.50,1.00
2015.09.07 07:52:35.893,1.19288,1.19291,1.85,1.00
2015.09.07 07:52:36.400,1.19287,1.19291,3.37,1.00
2015.09.07 07:52:39.989,1.19288,1.19291,1.00,1.12
2015.09.07 07:52:40.557,1.19287,1.19289,1.37,1.00
2015.09.07 07:52:41.442,1.19286,1.1929,2.62,1.00
2015.09.07 07:52:41.595,1.19286,1.19289,1.00,1.00
2015.09.07 07:52:41.747,1.19285,1.19287,1.12,1.00
2015.09.07 07:52:42.059,1.19287,1.19289,3.00,1.00
2015.09.07 07:52:42.110,1.19287,1.19289,1.12,1.00
2015.09.07 07:52:42.212,1.19286,1.19291,2.62,1.50
2015.09.07 07:52:42.946,1.19287,1.1929,1.50,1.00
2015.09.07 07:52:42.998,1.19286,1.19289,1.57,1.00
2015.09.07 07:52:43.457,1.19284,1.19287,1.37,1.00
2015.09.07 07:52:43.711,1.19283,1.19287,1.12,1.12
2015.09.07 07:52:44.626,1.19282,1.19287,2.25,1.00
2015.09.07 07:52:45.204,1.19282,1.19286,2.25,1.00
2015.09.07 07:52:45.714,1.19282,1.19286,1.12,1.87
2015.09.07 07:52:46.607,1.19281,1.19285,3.75,1.00
2015.09.07 07:52:47.119,1.19282,1.19284,1.50,1.00
2015.09.07 07:52:49.035,1.19282,1.19286,3.00,1.00
2015.09.07 07:52:49.715,1.19281,1.19284,3.00,1.00
2015.09.07 07:52:50.222,1.19282,1.19283,1.50,1.00
2015.09.07 07:52:50.743,1.19282,1.19284,1.50,1.00
2015.09.07 07:52:50.998,1.19282,1.19286,1.50,1.50
2015.09.07 07:52:51.505,1.19282,1.19287,3.00,1.50
2015.09.07 07:52:52.859,1.19283,1.19286,1.50,1.00
2015.09.07 07:52:53.365,1.19282,1.19286,3.00,1.00
2015.09.07 07:52:54.690,1.19282,1.19287,3.00,1.87
2015.09.07 07:52:55.229,1.19282,1.19286,1.87,1.00
2015.09.07 07:52:55.742,1.19282,1.19286,1.87,1.00
2015.09.07 07:52:56.015,1.19285,1.19287,1.00,1.00
2015.09.07 07:52:56.269,1.19286,1.19289,1.00,1.00
2015.09.07 07:52:56.776,1.19285,1.1929,1.12,1.00
2015.09.07 07:52:57.298,1.19285,1.19288,1.12,1.00
2015.09.07 07:52:57.602,1.19283,1.19287,1.87,1.00
2015.09.07 07:52:58.112,1.19283,1.19286,1.00,1.00
2015.09.07 07:52:58.824,1.19282,1.19285,1.00,1.00
2015.09.07 07:53:00.689,1.19282,1.19284,1.00,1.00
2015.09.07 07:53:01.196,1.19281,1.19285,1.87,1.50
2015.09.07 07:53:01.732,1.19282,1.19286,1.00,1.50
2015.09.07 07:53:02.087,1.19285,1.19286,1.00,1.00
2015.09.07 07:53:02.190,1.19286,1.19288,1.00,1.50
2015.09.07 07:53:02.292,1.19287,1.19289,1.00,2.62
2015.09.07 07:53:02.453,1.19288,1.19294,3.37,3.00
2015.09.07 07:53:02.960,1.19289,1.19293,1.12,1.00
2015.09.07 07:53:04.968,1.19289,1.19294,1.12,2.25
2015.09.07 07:53:05.446,1.19289,1.19292,1.12,1.00
2015.09.07 07:53:05.998,1.19289,1.19293,1.12,1.00
2015.09.07 07:53:08.119,1.19289,1.19294,1.12,2.25
2015.09.07 07:53:08.621,1.1929,1.19294,1.00,1.50
2015.09.07 07:53:09.129,1.19289,1.19293,1.12,1.50
2015.09.07 07:53:09.636,1.19289,1.19294,2.62,1.50
2015.09.07 07:53:09.944,1.19296,1.193,1.87,1.10
2015.09.07 07:53:10.269,1.19304,1.19307,1.00,1.00
2015.09.07 07:53:10.421,1.19305,1.19309,1.12,1.10
2015.09.07 07:53:10.928,1.19304,1.19308,1.50,1.00
2015.09.07 07:53:11.442,1.19304,1.19307,1.12,1.00
2015.09.07 07:53:12.915,1.19303,1.19306,1.12,1.00
2015.09.07 07:53:14.394,1.19303,1.19307,1.12,1.00
2015.09.07 07:53:14.957,1.19302,1.19307,3.37,1.00
2015.09.07 07:53:15.482,1.19302,1.19306,1.87,1.00
2015.09.07 07:53:16.350,1.193,1.19305,4.12,1.00
2015.09.07 07:53:16.705,1.193,1.19303,1.75,1.00
2015.09.07 07:53:16.756,1.19299,1.19302,2.25,1.00
2015.09.07 07:53:16.858,1.19297,1.19301,3.00,1.00
2015.09.07 07:53:17.420,1.19299,1.19304,1.00,3.00
2015.09.07 07:53:17.959,1.19298,1.19303,2.62,1.50
2015.09.07 07:53:18.294,1.19297,1.19301,1.12,1.50
2015.09.07 07:53:19.106,1.19298,1.19301,1.00,1.00
2015.09.07 07:53:19.646,1.19297,1.19302,3.37,1.00
2015.09.07 07:53:20.153,1.19298,1.19302,1.00,1.00
2015.09.07 07:53:21.390,1.19297,1.19301,1.87,1.50
2015.09.07 07:53:21.935,1.19297,1.193,1.00,1.00
2015.09.07 07:53:22.729,1.19296,1.193,1.87,1.00
2015.09.07 07:53:24.333,1.19297,1.19301,1.00,1.00
2015.09.07 07:53:24.894,1.19297,1.19302,1.50,1.12
2015.09.07 07:53:27.524,1.19297,1.19301,3.00,1.00
2015.09.07 07:53:28.070,1.19296,1.193,2.25,1.00
2015.09.07 07:53:28.324,1.19295,1.193,3.75,1.00
2015.09.07 07:53:28.476,1.19295,1.19298,1.12,1.00
2015.09.07 07:53:28.786,1.19289,1.19294,3.45,1.00
2015.09.07 07:53:28.838,1.19289,1.19294,3.45,1.00
2015.09.07 07:53:30.043,1.19289,1.19293,1.87,1.00
2015.09.07 07:53:30.094,1.19289,1.1929,1.00,1.50
2015.09.07 07:53:30.246,1.19286,1.1929,1.57,1.87
2015.09.07 07:53:30.348,1.19285,1.1929,2.62,1.00
2015.09.07 07:53:31.073,1.19286,1.1929,1.00,1.00
2015.09.07 07:53:31.530,1.19285,1.19288,1.12,1.00
2015.09.07 07:53:31.738,1.19286,1.1929,1.00,1.00
2015.09.07 07:53:32.246,1.19285,1.1929,1.50,1.12
2015.09.07 07:53:32.751,1.19285,1.19289,1.12,1.00
2015.09.07 07:53:34.134,1.19284,1.19289,1.87,1.00
2015.09.07 07:53:34.642,1.19285,1.19289,1.00,1.00
2015.09.07 07:53:35.061,1.19285,1.19287,1.87,1.00
2015.09.07 07:53:35.568,1.19284,1.19288,1.00,1.00
2015.09.07 07:53:36.092,1.19283,1.19287,1.95,1.00
2015.09.07 07:53:36.601,1.19283,1.19288,1.12,1.00
2015.09.07 07:53:36.995,1.19286,1.1929,1.00,1.12
2015.09.07 07:53:37.148,1.19287,1.19293,1.87,1.95
2015.09.07 07:53:37.251,1.19287,1.19293,3.00,1.00
2015.09.07 07:53:37.810,1.19288,1.19294,3.00,1.00
2015.09.07 07:53:38.347,1.19288,1.19293,2.25,1.00
2015.09.07 07:53:38.908,1.19288,1.19294,1.50,1.50
2015.09.07 07:53:39.416,1.19288,1.19294,1.87,1.12
2015.09.07 07:53:39.975,1.19289,1.19294,1.00,1.12
2015.09.07 07:53:40.482,1.19289,1.19295,2.25,1.00
2015.09.07 07:53:41.235,1.19291,1.19296,1.00,2.62
2015.09.07 07:53:41.793,1.19291,1.19295,1.12,1.00
2015.09.07 07:53:42.296,1.1929,1.19295,1.95,1.00
2015.09.07 07:53:43.780,1.1929,1.19296,1.95,1.12
2015.09.07 07:53:44.288,1.19291,1.19296,1.12,1.00
2015.09.07 07:53:44.796,1.1929,1.19295,1.57,1.00
2015.09.07 07:53:46.835,1.1929,1.19296,1.12,2.62
2015.09.07 07:53:47.342,1.19291,1.19297,1.37,2.25
2015.09.07 07:53:48.101,1.19292,1.19296,1.12,1.00
2015.09.07 07:53:48.613,1.19292,1.19298,1.12,1.12
2015.09.07 07:53:48.715,1.19294,1.19299,1.00,1.87
2015.09.07 07:53:49.223,1.19294,1.193,3.00,1.00
2015.09.07 07:53:50.641,1.19294,1.19299,1.50,1.00
2015.09.07 07:53:52.040,1.19294,1.193,2.25,1.00
2015.09.07 07:53:52.346,1.19297,1.19301,1.00,1.00
2015.09.07 07:53:52.860,1.19298,1.19302,1.00,1.12
2015.09.07 07:53:53.670,1.19298,1.19303,1.00,1.87
2015.09.07 07:53:54.185,1.19298,1.19304,2.62,1.87
2015.09.07 07:53:55.275,1.19299,1.19304,1.00,1.12
2015.09.07 07:53:55.782,1.19299,1.19304,3.00,1.00
2015.09.07 07:53:56.304,1.19299,1.19304,1.12,1.00
2015.09.07 07:53:56.711,1.19299,1.19302,1.00,1.00
2015.09.07 07:53:56.919,1.19297,1.19301,1.87,1.00
2015.09.07 07:53:58.500,1.19297,1.193,1.12,1.00
2015.09.07 07:53:59.107,1.19296,1.193,1.12,1.00
2015.09.07 07:54:01.838,1.19297,1.19302,1.00,1.12
2015.09.07 07:54:02.344,1.19298,1.19302,1.00,1.00
2015.09.07 07:54:03.563,1.19299,1.19302,1.00,1.00
2015.09.07 07:54:04.070,1.193,1.19303,1.00,1.00
2015.09.07 07:54:04.178,1.193,1.19305,1.00,4.12
2015.09.07 07:54:04.432,1.19303,1.19305,1.00,1.00
2015.09.07 07:54:04.956,1.19303,1.19307,1.12,1.50
2015.09.07 07:54:06.547,1.19304,1.19307,1.00,1.50
2015.09.07 07:54:07.083,1.19302,1.19306,3.45,1.00
2015.09.07 07:54:07.488,1.19302,1.19306,1.57,1.00
2015.09.07 07:54:07.933,1.193,1.19304,1.37,1.00
2015.09.07 07:54:08.036,1.19299,1.19303,1.47,1.00
2015.09.07 07:54:10.741,1.19297,1.19303,4.20,1.00
2015.09.07 07:54:11.727,1.19299,1.19304,1.12,1.00
2015.09.07 07:54:11.829,1.193,1.19305,2.47,1.50
2015.09.07 07:54:12.170,1.193,1.19302,1.95,1.00
2015.09.07 07:54:12.323,1.19297,1.19302,1.50,1.00
2015.09.07 07:54:12.424,1.19296,1.19302,3.75,1.00
2015.09.07 07:54:12.627,1.19295,1.193,2.70,1.00
2015.09.07 07:54:13.149,1.19295,1.19299,1.50,1.00
2015.09.07 07:54:13.668,1.19295,1.193,2.25,1.50
2015.09.07 07:54:14.982,1.19295,1.19301,3.00,1.50
2015.09.07 07:54:16.537,1.19296,1.19302,1.50,4.12
2015.09.07 07:54:16.931,1.19298,1.19302,1.00,1.00
2015.09.07 07:54:17.438,1.19297,1.19303,1.20,1.87
2015.09.07 07:54:21.261,1.19297,1.19303,2.32,1.00
2015.09.07 07:54:21.789,1.19298,1.19304,1.12,1.12
2015.09.07 07:54:22.152,1.193,1.19305,1.37,1.10
2015.09.07 07:54:22.666,1.19301,1.19306,4.20,1.00
2015.09.07 07:54:24.777,1.19302,1.19306,1.00,1.00
2015.09.07 07:54:25.285,1.19302,1.19307,1.00,3.37
2015.09.07 07:54:25.790,1.19302,1.19308,2.62,3.45
2015.09.07 07:54:26.312,1.19302,1.19307,3.75,1.00
2015.09.07 07:54:30.123,1.19303,1.19306,1.10,1.00
2015.09.07 07:54:30.941,1.193,1.19305,3.00,1.00
2015.09.07 07:54:31.144,1.193,1.19305,1.12,1.00
2015.09.07 07:54:33.148,1.193,1.19306,1.12,2.62
2015.09.07 07:54:33.655,1.193,1.19305,1.00,1.12
2015.09.07 07:54:34.156,1.19302,1.19306,1.00,2.25
2015.09.07 07:54:34.287,1.19302,1.19307,1.00,3.37
2015.09.07 07:54:37.898,1.19302,1.19308,1.12,4.20
2015.09.07 07:54:38.101,1.19303,1.19308,1.50,1.10
2015.09.07 07:54:38.645,1.19303,1.19309,1.50,2.25
2015.09.07 07:54:40.202,1.19304,1.19308,1.00,1.00
2015.09.07 07:54:40.709,1.19302,1.19307,2.25,1.50
2015.09.07 07:54:42.413,1.19303,1.19306,1.00,1.00
2015.09.07 07:54:42.921,1.19302,1.19307,2.25,1.50
2015.09.07 07:54:43.451,1.19301,1.19306,1.50,1.00
2015.09.07 07:54:44.622,1.19301,1.19306,1.50,1.00
2015.09.07 07:54:45.145,1.19301,1.19307,2.25,1.12
2015.09.07 07:54:48.793,1.19301,1.19307,3.00,1.12
2015.09.07 07:54:49.405,1.19302,1.19307,1.37,1.12
2015.09.07 07:54:53.646,1.19302,1.19307,2.25,1.00
2015.09.07 07:54:54.160,1.19302,1.19307,1.50,1.00
2015.09.07 07:54:54.919,1.19302,1.19307,1.50,1.00
2015.09.07 07:54:55.454,1.19301,1.19306,3.07,1.50
2015.09.07 07:55:00.104,1.19302,1.19307,1.12,1.12
2015.09.07 07:55:00.459,1.19302,1.19305,1.12,1.00
2015.09.07 07:55:00.980,1.19301,1.19306,1.50,1.50
2015.09.07 07:55:01.540,1.19301,1.19306,3.00,1.00
2015.09.07 07:55:02.154,1.19299,1.19303,3.00,1.00
2015.09.07 07:55:02.594,1.19298,1.19303,1.50,1.57
2015.09.07 07:55:03.363,1.19298,1.19303,1.50,1.10
2015.09.07 07:55:06.550,1.19299,1.19303,1.37,1.10
2015.09.07 07:55:06.956,1.19298,1.19302,1.50,1.50
2015.09.07 07:55:07.459,1.19296,1.19301,1.50,1.00
2015.09.07 07:55:07.510,1.19296,1.19298,1.50,1.00
2015.09.07 07:55:07.663,1.19293,1.19296,1.50,1.00
2015.09.07 07:55:07.866,1.19292,1.19295,1.00,1.00
2015.09.07 07:55:08.410,1.19291,1.19295,1.00,1.00
2015.09.07 07:55:09.589,1.19291,1.19296,1.00,1.00
2015.09.07 07:55:11.452,1.19291,1.19296,1.50,1.00
2015.09.07 07:55:12.297,1.1929,1.19294,1.50,1.00
2015.09.07 07:55:12.348,1.1929,1.19294,1.12,1.00
2015.09.07 07:55:12.853,1.19289,1.19293,1.00,1.00
2015.09.07 07:55:13.260,1.19289,1.19291,1.00,1.00
2015.09.07 07:55:13.412,1.19287,1.1929,1.12,1.00
2015.09.07 07:55:13.514,1.19285,1.19288,1.57,1.00
2015.09.07 07:55:14.064,1.19283,1.19288,1.50,1.50
2015.09.07 07:55:14.571,1.19283,1.19287,1.37,1.00
2015.09.07 07:55:15.092,1.19282,1.19287,2.25,1.50
2015.09.07 07:55:17.233,1.19282,1.19286,2.25,1.00
2015.09.07 07:55:18.399,1.19282,1.19286,1.12,1.87
2015.09.07 07:55:20.188,1.19282,1.19287,1.37,2.25
2015.09.07 07:55:20.735,1.19283,1.19288,1.12,2.25
2015.09.07 07:55:21.461,1.19283,1.19288,1.87,2.25
2015.09.07 07:55:25.512,1.19282,1.19287,1.87,1.87
2015.09.07 07:55:27.086,1.19282,1.19287,1.87,2.62
2015.09.07 07:55:27.596,1.19282,1.19286,1.12,1.00
2015.09.07 07:55:28.410,1.19282,1.19286,1.37,1.12
2015.09.07 07:55:28.926,1.19282,1.19287,1.87,1.87
2015.09.07 07:55:29.491,1.19282,1.19287,1.87,1.87
2015.09.07 07:55:30.886,1.19282,1.19286,1.87,1.00
2015.09.07 07:55:31.214,1.19281,1.19285,1.12,1.50
2015.09.07 07:55:31.518,1.19281,1.19285,1.87,1.00
2015.09.07 07:55:32.075,1.19281,1.19286,3.00,1.50
2015.09.07 07:55:32.582,1.19282,1.19286,1.37,1.50
2015.09.07 07:55:33.190,1.19282,1.19285,1.37,1.00
2015.09.07 07:55:33.696,1.19282,1.19285,1.50,1.00
2015.09.07 07:55:33.798,1.19282,1.19285,1.50,1.00
2015.09.07 07:55:35.709,1.19282,1.19285,1.37,1.00
2015.09.07 07:55:36.791,1.19282,1.19285,1.50,1.00
2015.09.07 07:55:37.294,1.19282,1.19285,1.50,1.00
2015.09.07 07:55:37.800,1.19282,1.19285,1.50,1.00
2015.09.07 07:55:38.361,1.19282,1.19286,1.50,1.00
2015.09.07 07:55:39.706,1.19282,1.19285,1.50,1.00
2015.09.07 07:55:40.343,1.19282,1.19285,1.50,1.00
2015.09.07 07:55:41.001,1.19283,1.19286,1.37,1.87
2015.09.07 07:55:42.458,1.19282,1.19285,1.50,1.00
2015.09.07 07:55:43.006,1.19283,1.19286,1.37,1.00
2015.09.07 07:55:44.826,1.19284,1.19287,1.37,1.00
2015.09.07 07:55:45.687,1.19283,1.19286,1.87,1.00
2015.09.07 07:55:47.438,1.19283,1.19287,1.87,1.00
2015.09.07 07:55:47.959,1.19282,1.19285,2.25,1.00
2015.09.07 07:55:48.162,1.19282,1.19284,1.12,1.00
2015.09.07 07:55:48.697,1.1928,1.19283,1.12,1.00
2015.09.07 07:55:48.849,1.1928,1.19281,1.00,1.00
2015.09.07 07:55:49.204,1.19278,1.1928,1.87,1.00
2015.09.07 07:55:49.481,1.19275,1.19279,2.25,1.00
2015.09.07 07:55:50.353,1.19275,1.1928,1.87,1.10
2015.09.07 07:55:50.858,1.19275,1.19279,1.87,1.00
2015.09.07 07:55:51.365,1.19275,1.1928,1.87,1.10
2015.09.07 07:55:51.887,1.19275,1.19279,1.87,1.00
2015.09.07 07:55:52.495,1.19275,1.1928,1.12,1.10
2015.09.07 07:55:53.169,1.19275,1.19279,1.87,1.00
2015.09.07 07:55:53.676,1.19274,1.19279,2.25,1.12
2015.09.07 07:55:55.188,1.19274,1.1928,3.37,1.95
2015.09.07 07:55:55.646,1.19276,1.19281,1.00,2.32
2015.09.07 07:55:56.152,1.19276,1.19282,1.50,2.25
2015.09.07 07:55:56.540,1.1928,1.19283,1.00,2.32
2015.09.07 07:55:56.592,1.19281,1.19286,1.00,1.50
2015.09.07 07:55:57.099,1.19282,1.19288,1.00,4.57
2015.09.07 07:55:59.544,1.19281,1.19286,1.00,1.12
2015.09.07 07:55:59.697,1.1928,1.19285,1.00,2.25
2015.09.07 07:56:00.714,1.1928,1.19285,1.87,1.50
2015.09.07 07:56:01.019,1.19281,1.19285,1.87,1.12
2015.09.07 07:56:01.221,1.19282,1.19288,2.62,3.37
2015.09.07 07:56:01.702,1.19285,1.19287,1.00,1.00
2015.09.07 07:56:01.808,1.19287,1.1929,1.00,1.12
2015.09.07 07:56:01.961,1.19287,1.19292,1.87,1.50
2015.09.07 07:56:02.012,1.19288,1.19293,1.87,1.95
2015.09.07 07:56:02.519,1.19289,1.19295,1.12,3.07
2015.09.07 07:56:03.049,1.19289,1.19295,1.50,1.95
2015.09.07 07:56:03.557,1.1929,1.19296,1.37,2.32
2015.09.07 07:56:04.584,1.19291,1.19296,1.37,1.50
2015.09.07 07:56:05.110,1.19291,1.19296,1.37,1.87
2015.09.07 07:56:05.668,1.19292,1.19296,1.37,1.12
2015.09.07 07:56:05.770,1.19294,1.19298,1.87,2.62
2015.09.07 07:56:05.926,1.19294,1.193,3.00,1.95
2015.09.07 07:56:06.434,1.19296,1.19301,1.00,1.00
2015.09.07 07:56:14.607,1.19295,1.19301,2.32,1.12
2015.09.07 07:56:15.627,1.19296,1.19301,1.00,1.12
2015.09.07 07:56:16.084,1.19295,1.19299,1.12,1.00
2015.09.07 07:56:16.390,1.19293,1.19298,1.50,1.50
2015.09.07 07:56:16.696,1.19291,1.19297,1.20,4.50
2015.09.07 07:56:20.511,1.1929,1.19296,2.25,1.87
2015.09.07 07:56:20.815,1.1929,1.19296,1.50,2.62
2015.09.07 07:56:21.355,1.19289,1.19295,2.25,2.62
2015.09.07 07:56:24.217,1.1929,1.19295,1.37,1.12
2015.09.07 07:56:25.385,1.19293,1.19297,1.00,3.07
2015.09.07 07:56:25.638,1.19295,1.193,1.50,1.00
2015.09.07 07:56:26.153,1.19296,1.19302,1.12,3.75
2015.09.07 07:56:26.661,1.19297,1.19302,1.00,2.25
2015.09.07 07:56:26.868,1.19298,1.19303,1.37,3.75
2015.09.07 07:56:27.529,1.19297,1.19302,1.47,1.12
2015.09.07 07:56:28.882,1.19297,1.19302,1.47,1.50
2015.09.07 07:56:29.393,1.19297,1.19302,1.12,1.12
2015.09.07 07:56:29.749,1.19298,1.19303,1.37,2.25
2015.09.07 07:56:30.610,1.19298,1.19303,1.12,2.25
2015.09.07 07:56:31.116,1.19295,1.193,2.25,1.00
2015.09.07 07:56:31.638,1.19293,1.19299,3.45,1.00
2015.09.07 07:56:31.942,1.19293,1.19298,2.32,2.25
2015.09.07 07:56:31.993,1.19293,1.19296,1.10,1.00
2015.09.07 07:56:32.508,1.19292,1.19297,1.00,1.12
2015.09.07 07:56:33.014,1.19292,1.19297,1.00,2.25
2015.09.07 07:56:33.515,1.19291,1.19297,1.10,2.25
2015.09.07 07:56:40.357,1.19292,1.19297,1.00,2.25
2015.09.07 07:56:40.822,1.1929,1.19296,3.45,1.50
2015.09.07 07:56:41.126,1.19289,1.19293,1.57,1.00
2015.09.07 07:56:41.659,1.19288,1.19293,1.00,1.50
2015.09.07 07:56:42.117,1.19289,1.19295,1.50,2.25
2015.09.07 07:56:42.625,1.19289,1.19295,2.70,1.12
2015.09.07 07:56:43.132,1.19289,1.19294,2.70,1.00
2015.09.07 07:56:43.638,1.1929,1.19295,1.10,1.12
2015.09.07 07:56:45.176,1.19291,1.19296,1.00,1.12
2015.09.07 07:56:45.699,1.19291,1.19297,1.12,2.62
2015.09.07 07:56:47.477,1.19292,1.19297,1.00,1.87
2015.09.07 07:56:47.802,1.19294,1.19299,1.00,4.57
2015.09.07 07:56:48.106,1.19296,1.19299,1.00,1.00
2015.09.07 07:56:48.157,1.19296,1.19301,1.00,2.62
2015.09.07 07:56:50.921,1.19295,1.193,1.20,1.00
2015.09.07 07:56:51.427,1.19296,1.19301,1.12,1.00
2015.09.07 07:56:52.560,1.19297,1.19301,1.00,1.00
2015.09.07 07:56:53.440,1.19297,1.19302,1.12,2.25
2015.09.07 07:57:10.812,1.19298,1.19302,1.00,1.00
2015.09.07 07:57:11.982,1.19298,1.19303,1.12,3.00
2015.09.07 07:57:12.506,1.19298,1.19302,1.12,1.00
2015.09.07 07:57:12.659,1.193,1.19303,1.00,1.00
2015.09.07 07:57:13.167,1.19301,1.19303,1.00,1.00
2015.09.07 07:57:13.269,1.19301,1.19305,1.12,1.00
2015.09.07 07:57:13.666,1.19303,1.19307,1.00,1.87
2015.09.07 07:57:14.174,1.19304,1.19308,1.00,1.12
2015.09.07 07:57:14.716,1.19304,1.19309,1.00,2.62
2015.09.07 07:57:15.227,1.19305,1.19309,1.00,1.12
2015.09.07 07:57:19.202,1.19304,1.1931,2.32,2.25
2015.09.07 07:57:19.962,1.19308,1.1931,1.00,1.00
2015.09.07 07:57:20.064,1.19308,1.19312,1.87,1.00
2015.09.07 07:57:20.217,1.1931,1.19316,1.00,4.87
2015.09.07 07:57:20.420,1.19313,1.19316,1.00,1.12
2015.09.07 07:57:20.572,1.19312,1.19318,2.25,3.82
2015.09.07 07:57:21.079,1.19312,1.19318,1.95,1.87
2015.09.07 07:57:22.393,1.19313,1.19318,1.00,1.87
2015.09.07 07:57:22.444,1.19315,1.19319,1.00,1.50
2015.09.07 07:57:22.698,1.19318,1.19322,1.12,1.50
2015.09.07 07:57:23.239,1.19319,1.19323,1.00,1.00
2015.09.07 07:57:23.493,1.19317,1.1932,1.57,1.00
2015.09.07 07:57:23.749,1.19313,1.19318,3.00,1.50
2015.09.07 07:57:23.800,1.19313,1.19318,1.20,1.50
2015.09.07 07:57:24.331,1.19312,1.19317,3.07,1.00
2015.09.07 07:57:24.841,1.19312,1.19316,1.50,1.00
2015.09.07 07:57:25.343,1.19311,1.19315,1.12,1.00
2015.09.07 07:57:25.901,1.19311,1.19316,1.12,1.00
2015.09.07 07:57:29.613,1.19311,1.19314,1.20,1.00
2015.09.07 07:57:29.922,1.19309,1.19312,2.62,1.50
2015.09.07 07:57:30.024,1.19306,1.19308,1.00,1.00
2015.09.07 07:57:30.177,1.19303,1.19306,3.00,1.00
2015.09.07 07:57:30.431,1.19301,1.19305,3.00,1.00
2015.09.07 07:57:30.482,1.19301,1.19307,3.75,1.10
2015.09.07 07:57:31.968,1.19301,1.19306,2.25,1.00
2015.09.07 07:57:32.485,1.19301,1.19305,1.00,1.00
2015.09.07 07:57:33.032,1.193,1.19304,2.62,1.00
2015.09.07 07:57:33.545,1.193,1.19305,2.62,1.00
2015.09.07 07:57:34.060,1.193,1.19304,1.12,1.00
2015.09.07 07:57:37.281,1.193,1.19306,1.87,1.20
2015.09.07 07:57:37.332,1.19303,1.19307,1.00,1.12
2015.09.07 07:57:37.585,1.19304,1.19308,1.00,1.00
2015.09.07 07:57:37.886,1.19304,1.1931,1.87,1.10
2015.09.07 07:57:38.393,1.19305,1.1931,1.50,1.00
2015.09.07 07:57:38.914,1.19306,1.1931,1.37,1.00
2015.09.07 07:57:41.778,1.19309,1.19313,1.00,2.62
2015.09.07 07:57:42.083,1.19311,1.19315,1.37,1.10
2015.09.07 07:57:43.135,1.19311,1.19315,2.62,1.00
2015.09.07 07:57:43.664,1.19311,1.19314,2.62,1.00
2015.09.07 07:57:44.197,1.19312,1.19314,1.00,1.00
2015.09.07 07:57:44.713,1.19312,1.19315,1.00,1.00
2015.09.07 07:57:45.082,1.19311,1.19314,1.37,1.00
2015.09.07 07:57:45.235,1.1931,1.19312,2.25,1.00
2015.09.07 07:57:45.763,1.1931,1.19311,1.00,1.00
2015.09.07 07:57:45.816,1.19308,1.19309,1.00,1.00
2015.09.07 07:57:45.918,1.19304,1.19307,1.95,1.00
2015.09.07 07:57:46.426,1.19303,1.19306,1.12,1.00
2015.09.07 07:57:47.444,1.19303,1.19307,1.00,1.00
2015.09.07 07:57:48.089,1.19303,1.19306,1.00,1.00
2015.09.07 07:57:48.596,1.19303,1.19307,1.00,1.00
2015.09.07 07:57:50.280,1.19301,1.19306,1.57,1.00
2015.09.07 07:57:50.787,1.19301,1.19305,1.57,1.00
2015.09.07 07:57:52.437,1.19301,1.19305,1.57,1.00
2015.09.07 07:57:52.962,1.193,1.19305,1.47,2.25
2015.09.07 07:57:53.422,1.193,1.19303,1.10,1.00
2015.09.07 07:57:53.524,1.19297,1.19302,1.47,1.87
2015.09.07 07:57:54.364,1.19296,1.19301,2.32,1.12
2015.09.07 07:57:54.875,1.19296,1.193,2.32,1.00
2015.09.07 07:57:55.524,1.19296,1.19301,2.32,1.12
2015.09.07 07:57:56.766,1.19295,1.19299,1.50,1.00
2015.09.07 07:57:56.918,1.19294,1.19298,1.12,1.00
2015.09.07 07:57:57.424,1.19295,1.19299,1.00,1.00
2015.09.07 07:58:00.953,1.19295,1.193,1.50,1.87
2015.09.07 07:58:02.104,1.19297,1.193,1.00,1.12
2015.09.07 07:58:02.308,1.19297,1.19302,2.25,1.12
2015.09.07 07:58:02.970,1.19298,1.19302,1.00,1.12
2015.09.07 07:58:03.886,1.193,1.19303,1.00,1.50
2015.09.07 07:58:04.089,1.19302,1.19307,1.00,3.00
2015.09.07 07:58:04.342,1.19302,1.19304,1.00,1.00
2015.09.07 07:58:04.494,1.193,1.19305,1.20,1.00
2015.09.07 07:58:05.014,1.19299,1.19304,2.25,1.00
2015.09.07 07:58:05.289,1.19299,1.19302,1.12,1.00
2015.09.07 07:58:05.493,1.19297,1.19302,2.70,1.00
2015.09.07 07:58:06.042,1.19297,1.19301,2.62,1.00
2015.09.07 07:58:10.050,1.19296,1.19301,2.70,1.00
2015.09.07 07:58:10.203,1.19298,1.19302,1.00,1.12
2015.09.07 07:58:10.508,1.19302,1.19306,1.12,1.12
2015.09.07 07:58:10.826,1.19305,1.19307,1.37,2.25
2015.09.07 07:58:10.927,1.19306,1.1931,2.47,1.10
2015.09.07 07:58:11.080,1.19306,1.1931,1.87,1.00
2015.09.07 07:58:11.182,1.19305,1.1931,2.25,1.12
2015.09.07 07:58:11.335,1.19304,1.1931,2.25,1.12
2015.09.07 07:58:11.744,1.19307,1.19311,1.00,1.50
2015.09.07 07:58:11.897,1.19309,1.19313,1.00,1.57
2015.09.07 07:58:12.201,1.19311,1.19314,1.00,1.00
2015.09.07 07:58:12.719,1.1931,1.19314,1.12,1.00
2015.09.07 07:58:13.277,1.1931,1.19313,1.12,1.00
2015.09.07 07:58:13.825,1.19309,1.19314,1.50,1.00
2015.09.07 07:58:15.201,1.19309,1.19312,1.50,1.00
2015.09.07 07:58:15.405,1.19304,1.19309,5.25,1.00
2015.09.07 07:58:15.917,1.19304,1.1931,1.95,1.87
2015.09.07 07:58:16.485,1.19304,1.19309,1.95,1.00
2015.09.07 07:58:17.094,1.19304,1.1931,1.95,1.87
2015.09.07 07:58:18.158,1.19304,1.19309,1.95,1.00
2015.09.07 07:58:18.664,1.19304,1.19308,1.12,1.00
2015.09.07 07:58:20.150,1.19304,1.19309,1.87,1.50
2015.09.07 07:58:20.201,1.19304,1.19309,1.75,1.00
2015.09.07 07:58:20.304,1.19304,1.19309,1.72,1.00
2015.09.07 07:58:20.407,1.19304,1.19307,1.12,1.00
2015.09.07 07:58:20.662,1.19304,1.19309,1.00,1.12
2015.09.07 07:58:20.866,1.19305,1.19311,2.25,1.95
2015.09.07 07:58:21.018,1.19307,1.19311,1.12,1.10
2015.09.07 07:58:22.421,1.19307,1.1931,1.12,1.00
2015.09.07 07:58:22.727,1.19305,1.19311,4.57,1.12
2015.09.07 07:58:22.982,1.19305,1.19309,1.20,1.00
2015.09.07 07:58:23.489,1.19305,1.1931,1.00,1.12
2015.09.07 07:58:23.945,1.19307,1.19311,1.00,2.25
2015.09.07 07:58:24.337,1.19307,1.19313,1.00,3.75
2015.09.07 07:58:26.373,1.19307,1.19311,1.00,1.00
2015.09.07 07:58:26.670,1.19305,1.19309,1.50,1.00
2015.09.07 07:58:27.177,1.19305,1.19309,1.00,1.50
2015.09.07 07:58:27.718,1.19305,1.19308,1.00,1.00
2015.09.07 07:58:28.235,1.19303,1.19308,2.32,1.00
2015.09.07 07:58:29.046,1.19303,1.19308,2.70,1.00
2015.09.07 07:58:29.663,1.19303,1.19307,1.87,1.00
2015.09.07 07:58:30.222,1.19302,1.19307,1.20,2.25
2015.09.07 07:58:30.881,1.19303,1.19307,2.85,1.00
2015.09.07 07:58:31.185,1.19305,1.19308,1.00,1.00
2015.09.07 07:58:31.491,1.19301,1.19306,2.62,1.00
2015.09.07 07:58:31.626,1.193,1.19306,4.87,1.00
2015.09.07 07:58:31.881,1.193,1.19304,2.62,1.00
2015.09.07 07:58:32.248,1.193,1.19306,1.95,1.12
2015.09.07 07:58:32.769,1.193,1.19305,1.95,1.00
2015.09.07 07:58:34.586,1.19299,1.19304,1.87,1.00
2015.09.07 07:58:34.867,1.19298,1.19303,1.10,1.87
2015.09.07 07:58:35.071,1.19297,1.19302,1.12,2.25
2015.09.07 07:58:35.578,1.19297,1.19302,1.00,2.25
2015.09.07 07:58:36.767,1.19296,1.193,1.57,1.00
2015.09.07 07:58:37.276,1.19296,1.19301,1.95,1.50
2015.09.07 07:58:37.812,1.19299,1.19301,1.00,1.00
2015.09.07 07:58:37.965,1.19301,1.19305,1.50,1.00
2015.09.07 07:58:38.169,1.19302,1.19308,2.62,2.25
2015.09.07 07:58:38.688,1.19303,1.19309,3.00,2.25
2015.09.07 07:58:39.043,1.19306,1.19309,1.00,1.50
2015.09.07 07:58:39.145,1.19305,1.1931,1.12,1.00
2015.09.07 07:58:39.952,1.19305,1.19308,1.10,1.00
2015.09.07 07:58:40.308,1.19302,1.19306,2.62,1.00
2015.09.07 07:58:40.826,1.19302,1.19307,2.62,1.87
2015.09.07 07:58:43.311,1.19302,1.19306,1.12,1.00
2015.09.07 07:58:43.818,1.19302,1.19307,1.50,1.87
2015.09.07 07:58:44.415,1.19301,1.19306,3.82,1.00
2015.09.07 07:58:44.721,1.193,1.19303,1.50,1.00
2015.09.07 07:58:44.925,1.19296,1.19301,3.75,1.00
2015.09.07 07:58:45.440,1.19296,1.19301,1.95,1.00
2015.09.07 07:58:51.391,1.19296,1.19302,3.82,1.12
2015.09.07 07:58:51.597,1.19297,1.19303,1.95,1.00
2015.09.07 07:58:54.655,1.19297,1.19303,1.95,1.12
2015.09.07 07:58:55.163,1.19297,1.19302,1.57,1.00
2015.09.07 07:58:56.859,1.19296,1.19301,4.87,1.00
2015.09.07 07:58:58.971,1.19297,1.19302,1.12,1.50
2015.09.07 07:58:59.291,1.193,1.19304,1.12,1.00
2015.09.07 07:58:59.798,1.19298,1.19304,4.12,1.87
2015.09.07 07:59:00.977,1.193,1.19305,1.00,1.12
2015.09.07 07:59:01.283,1.19303,1.19307,1.12,1.00
2015.09.07 07:59:01.792,1.19303,1.19308,2.62,1.00
2015.09.07 07:59:02.746,1.19304,1.19308,1.00,1.00
2015.09.07 07:59:03.253,1.19303,1.19307,2.70,1.00
2015.09.07 07:59:04.142,1.19302,1.19307,2.32,1.87
2015.09.07 07:59:04.447,1.193,1.19303,2.25,1.00
2015.09.07 07:59:04.607,1.19298,1.19302,1.10,1.00
2015.09.07 07:59:05.114,1.19296,1.19301,3.37,1.00
2015.09.07 07:59:05.619,1.19296,1.19302,2.32,1.00
2015.09.07 07:59:06.158,1.19297,1.19301,1.12,1.00
2015.09.07 07:59:06.853,1.19297,1.19302,1.12,1.00
2015.09.07 07:59:09.566,1.19297,1.19303,2.62,1.12
2015.09.07 07:59:10.074,1.19297,1.19302,2.70,1.00
2015.09.07 07:59:10.580,1.19297,1.193,1.20,1.00
2015.09.07 07:59:11.091,1.19296,1.193,1.00,1.00
2015.09.07 07:59:12.077,1.19296,1.19299,1.00,1.00
2015.09.07 07:59:12.588,1.19296,1.193,1.00,1.12
2015.09.07 07:59:13.631,1.19296,1.19299,1.00,1.00
2015.09.07 07:59:13.970,1.19294,1.19298,1.10,1.12
2015.09.07 07:59:14.123,1.19294,1.19296,1.00,1.00
2015.09.07 07:59:14.630,1.19294,1.19297,1.00,1.00
2015.09.07 07:59:15.137,1.19294,1.19296,1.00,1.00
2015.09.07 07:59:15.491,1.19292,1.19294,1.00,1.00
2015.09.07 07:59:15.745,1.1929,1.19293,1.95,1.00
2015.09.07 07:59:16.269,1.1929,1.19294,2.55,1.00
2015.09.07 07:59:17.282,1.1929,1.19293,1.10,1.00
2015.09.07 07:59:17.485,1.19288,1.19291,1.50,1.00
2015.09.07 07:59:17.738,1.19287,1.1929,1.12,1.00
2015.09.07 07:59:18.253,1.19285,1.19289,3.45,1.00
2015.09.07 07:59:19.575,1.19285,1.1929,1.37,1.50
2015.09.07 07:59:19.728,1.19288,1.19293,1.00,3.37
2015.09.07 07:59:20.617,1.19286,1.19291,2.70,1.00
2015.09.07 07:59:20.719,1.19286,1.19291,1.20,1.00
2015.09.07 07:59:20.872,1.19286,1.19289,1.00,1.00
2015.09.07 07:59:21.136,1.19284,1.19288,1.12,1.00
2015.09.07 07:59:21.743,1.19284,1.19289,1.12,1.00
2015.09.07 07:59:22.254,1.19283,1.19288,1.12,1.00
2015.09.07 07:59:22.305,1.19283,1.19286,1.12,1.00
2015.09.07 07:59:23.680,1.19284,1.19287,1.00,1.87
2015.09.07 07:59:24.202,1.19282,1.19286,1.50,1.00
2015.09.07 07:59:24.709,1.19282,1.19285,1.50,1.00
2015.09.07 07:59:25.223,1.19282,1.19286,1.50,1.50
2015.09.07 07:59:26.096,1.19282,1.19285,1.00,1.00
2015.09.07 07:59:26.603,1.19282,1.19286,1.00,1.50
2015.09.07 07:59:27.121,1.19282,1.19285,1.00,1.00
2015.09.07 07:59:28.469,1.19282,1.19286,1.00,1.00
2015.09.07 07:59:28.976,1.19282,1.19285,1.00,1.00
2015.09.07 07:59:29.511,1.19281,1.19285,2.62,1.00
2015.09.07 07:59:31.500,1.19281,1.19286,3.97,1.10
2015.09.07 07:59:32.006,1.19282,1.19286,1.50,1.00
2015.09.07 07:59:32.542,1.19282,1.19287,3.00,2.62
2015.09.07 07:59:33.102,1.19283,1.19287,1.00,1.00
2015.09.07 07:59:35.976,1.19284,1.19289,2.25,1.20
2015.09.07 07:59:36.078,1.19287,1.1929,1.00,1.87
2015.09.07 07:59:36.283,1.19288,1.19292,2.25,1.00
2015.09.07 07:59:36.589,1.19288,1.19294,3.75,1.00
2015.09.07 07:59:37.132,1.19289,1.19293,1.50,1.00
2015.09.07 07:59:37.284,1.19288,1.19293,1.12,1.00
2015.09.07 07:59:37.711,1.19288,1.19293,1.37,1.00
2015.09.07 07:59:38.067,1.19289,1.19295,2.25,1.57
2015.09.07 07:59:38.776,1.19289,1.19294,2.25,1.00
2015.09.07 07:59:39.798,1.19289,1.19295,2.25,1.50
2015.09.07 07:59:40.305,1.1929,1.19296,1.20,2.62
2015.09.07 07:59:40.964,1.1929,1.19295,2.70,1.00
2015.09.07 07:59:49.189,1.1929,1.19296,2.55,1.87
2015.09.07 07:59:49.291,1.19293,1.19297,1.50,2.25
2015.09.07 07:59:49.443,1.19294,1.193,1.50,1.87
2015.09.07 07:59:49.746,1.19296,1.19301,1.12,1.00
2015.09.07 07:59:50.248,1.19296,1.19301,1.50,1.00
2015.09.07 07:59:52.007,1.19297,1.19303,1.12,3.45
2015.09.07 07:59:52.109,1.193,1.19303,1.00,1.10
2015.09.07 07:59:52.313,1.19301,1.19305,1.00,2.25
2015.09.07 07:59:52.825,1.19299,1.19304,2.17,1.50
2015.09.07 07:59:52.927,1.19299,1.19304,1.80,1.50
2015.09.07 07:59:53.394,1.19298,1.19301,2.62,1.00
2015.09.07 07:59:53.649,1.19296,1.19299,1.00,1.00
2015.09.07 07:59:54.156,1.19295,1.19299,1.20,1.00
2015.09.07 07:59:54.670,1.19295,1.193,1.12,1.50
2015.09.07 07:59:57.161,1.19295,1.19299,1.12,1.00
2015.09.07 07:59:57.617,1.19294,1.19297,1.50,1.00
2015.09.07 07:59:57.820,1.19292,1.19296,1.10,1.87
2015.09.07 07:59:58.936,1.19297,1.19299,1.00,4.50
2015.09.07 07:59:59.038,1.19296,1.193,1.00,3.82
2015.09.07 07:59:59.089,1.19296,1.19301,1.12,1.87
2015.09.07 07:59:59.784,1.19296,1.19301,1.20,1.00
