2014.06.13 07:00:00.399,1.01948,1.01951,1.00,1.69
2014.06.13 07:00:00.647,1.01948,1.01949,1.00,1.25
2014.06.13 07:00:01.056,1.01946,1.0195,2.44,1.19
2014.06.13 07:00:01.563,1.01946,1.01949,1.00,1.69
2014.06.13 07:00:02.078,1.01945,1.01948,1.25,1.25
2014.06.13 07:00:03.791,1.01945,1.01946,1.25,1.00
2014.06.13 07:00:03.928,1.01942,1.01946,4.69,1.69
2014.06.13 07:00:04.437,1.01944,1.01947,1.69,1.69
2014.06.13 07:00:04.942,1.01944,1.01948,2.44,1.25
2014.06.13 07:00:05.523,1.01945,1.01948,1.25,1.69
2014.06.13 07:00:06.027,1.01945,1.01948,1.69,1.25
2014.06.13 07:00:08.080,1.01945,1.01948,1.25,1.32
2014.06.13 07:00:12.193,1.01944,1.01947,2.44,1.57
2014.06.13 07:00:12.709,1.01944,1.01946,1.00,1.32
2014.06.13 07:00:13.373,1.01944,1.01947,1.25,3.57
2014.06.13 07:00:13.878,1.01945,1.01947,1.13,1.19
2014.06.13 07:00:14.383,1.01945,1.01948,1.32,3.19
2014.06.13 07:00:15.418,1.01945,1.01948,1.32,1.69
2014.06.13 07:00:17.122,1.01945,1.01947,1.32,1.00
2014.06.13 07:00:18.519,1.01944,1.01947,1.32,2.44
2014.06.13 07:00:18.821,1.01947,1.01949,2.44,1.25
2014.06.13 07:00:19.124,1.0195,1.01952,1.00,1.25
2014.06.13 07:00:20.698,1.0195,1.01953,1.69,1.25
2014.06.13 07:00:21.597,1.0195,1.01953,1.69,1.63
2014.06.13 07:00:22.489,1.0195,1.01953,1.69,1.32
2014.06.13 07:00:22.792,1.01952,1.01954,2.07,1.69
2014.06.13 07:00:23.662,1.01952,1.01954,3.57,1.00
2014.06.13 07:00:24.688,1.01952,1.01954,3.57,1.25
2014.06.13 07:00:25.673,1.01952,1.01954,3.57,1.00
2014.06.13 07:00:26.681,1.01952,1.01954,1.69,1.25
2014.06.13 07:00:36.719,1.01952,1.01955,3.57,1.25
2014.06.13 07:00:37.737,1.01952,1.01955,3.57,1.19
2014.06.13 07:00:38.546,1.01952,1.01955,1.32,1.25
2014.06.13 07:00:39.088,1.01952,1.01955,3.57,1.19
2014.06.13 07:00:39.736,1.01952,1.01955,3.57,1.25
2014.06.13 07:00:41.766,1.01953,1.01956,1.00,1.32
2014.06.13 07:00:42.336,1.01952,1.01956,2.07,2.07
2014.06.13 07:00:42.793,1.01952,1.01955,4.32,1.19
2014.06.13 07:00:48.808,1.01952,1.01955,4.32,1.25
2014.06.13 07:00:49.796,1.01952,1.01955,3.94,1.32
2014.06.13 07:00:52.721,1.01954,1.01956,3.44,2.07
2014.06.13 07:00:52.773,1.01954,1.01956,4.94,1.25
2014.06.13 07:00:54.900,1.01954,1.01957,4.19,2.07
2014.06.13 07:00:55.407,1.01954,1.01956,4.19,1.13
2014.06.13 07:00:56.746,1.01955,1.01958,1.25,1.63
2014.06.13 07:00:57.280,1.01955,1.01958,1.25,1.32
2014.06.13 07:00:57.806,1.01955,1.01958,1.69,1.32
2014.06.13 07:00:59.808,1.01955,1.01958,1.25,2.07
2014.06.13 07:01:00.323,1.01955,1.01958,1.25,2.07
2014.06.13 07:01:01.280,1.01955,1.01958,1.25,2.07
2014.06.13 07:01:02.330,1.01955,1.01957,1.25,1.00
2014.06.13 07:01:04.023,1.01955,1.01957,1.25,1.63
2014.06.13 07:01:07.511,1.01955,1.01958,1.25,2.07
2014.06.13 07:01:09.071,1.01956,1.01958,1.00,1.50
2014.06.13 07:01:09.175,1.01955,1.01958,1.69,2.07
2014.06.13 07:01:11.356,1.01955,1.01956,1.69,1.00
2014.06.13 07:01:11.859,1.01955,1.01958,1.69,1.32
2014.06.13 07:01:14.029,1.01955,1.01958,1.00,1.32
2014.06.13 07:01:14.608,1.01955,1.01958,1.25,1.32
2014.06.13 07:01:15.686,1.01955,1.01958,1.32,1.32
2014.06.13 07:01:16.090,1.0196,1.01964,2.44,3.94
2014.06.13 07:01:16.242,1.01962,1.01965,1.00,2.07
2014.06.13 07:01:16.748,1.0196,1.01964,3.94,2.82
2014.06.13 07:01:17.273,1.0196,1.01964,2.07,3.19
2014.06.13 07:01:19.014,1.01961,1.01964,1.00,3.94
2014.06.13 07:01:20.100,1.01962,1.01964,1.25,1.32
2014.06.13 07:01:20.589,1.0196,1.01963,2.44,1.32
2014.06.13 07:01:21.607,1.0196,1.01963,1.25,1.32
2014.06.13 07:01:21.964,1.0196,1.01963,1.25,1.63
2014.06.13 07:01:24.474,1.0196,1.01963,1.25,1.63
2014.06.13 07:01:28.857,1.0196,1.01963,1.25,1.25
2014.06.13 07:01:29.740,1.01961,1.01963,1.25,1.25
2014.06.13 07:01:30.283,1.01962,1.01964,1.00,1.19
2014.06.13 07:01:30.830,1.01962,1.01964,1.25,1.25
2014.06.13 07:01:31.537,1.01962,1.01965,4.32,1.69
2014.06.13 07:01:31.840,1.01965,1.01967,1.00,2.07
2014.06.13 07:01:32.350,1.01965,1.01967,1.25,1.25
2014.06.13 07:01:33.464,1.01966,1.01968,1.25,2.63
2014.06.13 07:01:33.767,1.01969,1.01972,1.00,2.82
2014.06.13 07:01:35.411,1.01969,1.01971,1.25,1.25
2014.06.13 07:01:47.253,1.01969,1.01973,4.69,3.19
2014.06.13 07:01:47.867,1.01969,1.01972,2.44,1.19
2014.06.13 07:01:49.248,1.01969,1.01972,1.69,1.25
2014.06.13 07:01:53.393,1.01969,1.01973,4.69,2.07
2014.06.13 07:01:53.697,1.01973,1.01975,2.44,1.69
2014.06.13 07:01:54.202,1.01974,1.01977,2.44,2.07
2014.06.13 07:01:56.164,1.01975,1.01977,1.00,1.32
2014.06.13 07:01:56.669,1.01975,1.01976,1.00,1.25
2014.06.13 07:01:58.517,1.01975,1.01978,1.69,1.63
2014.06.13 07:01:58.669,1.01977,1.01979,1.25,1.00
2014.06.13 07:01:58.922,1.01979,1.01982,1.00,1.88
2014.06.13 07:01:58.973,1.01979,1.01982,1.00,2.63
2014.06.13 07:01:59.125,1.0198,1.01982,1.32,1.00
2014.06.13 07:01:59.630,1.01981,1.01984,1.25,4.32
2014.06.13 07:02:00.236,1.01982,1.01984,1.13,2.44
2014.06.13 07:02:00.741,1.01981,1.01983,1.50,1.19
2014.06.13 07:02:01.044,1.01979,1.01982,3.57,2.82
2014.06.13 07:02:06.091,1.01977,1.01981,4.32,3.19
2014.06.13 07:02:06.545,1.01976,1.01978,3.57,1.00
2014.06.13 07:02:07.050,1.01975,1.01978,1.19,2.82
2014.06.13 07:02:07.101,1.01974,1.01978,2.07,3.57
2014.06.13 07:02:10.814,1.01974,1.01978,2.82,3.94
2014.06.13 07:02:14.376,1.01974,1.01977,3.00,1.63
2014.06.13 07:02:14.679,1.01967,1.0197,6.75,1.00
2014.06.13 07:02:14.731,1.01967,1.01969,1.00,1.25
2014.06.13 07:02:14.781,1.01965,1.01968,1.00,1.00
2014.06.13 07:02:14.885,1.01964,1.01966,3.00,1.25
2014.06.13 07:02:15.389,1.01964,1.01967,1.69,1.25
2014.06.13 07:02:15.894,1.01965,1.01968,1.00,3.19
2014.06.13 07:02:16.399,1.01965,1.01968,2.63,1.00
2014.06.13 07:02:16.942,1.01967,1.0197,1.00,3.19
2014.06.13 07:02:17.927,1.01966,1.0197,1.32,3.94
2014.06.13 07:02:19.277,1.01966,1.01969,1.00,4.32
2014.06.13 07:02:20.797,1.01965,1.01969,1.32,5.07
2014.06.13 07:02:27.302,1.01964,1.01968,2.82,2.82
2014.06.13 07:02:31.342,1.01964,1.01968,3.57,1.69
2014.06.13 07:02:32.348,1.01964,1.01968,3.57,1.69
2014.06.13 07:02:33.446,1.01966,1.01968,1.13,1.25
2014.06.13 07:02:33.548,1.01966,1.0197,2.07,3.00
2014.06.13 07:02:36.602,1.01968,1.01971,1.32,1.25
2014.06.13 07:02:36.906,1.01971,1.01974,2.82,1.00
2014.06.13 07:02:37.060,1.01975,1.01976,1.00,1.00
2014.06.13 07:02:37.573,1.01975,1.01978,1.00,2.07
2014.06.13 07:02:38.139,1.01975,1.01978,1.38,3.19
2014.06.13 07:02:38.647,1.01975,1.01977,1.50,1.00
2014.06.13 07:02:42.540,1.01975,1.01976,1.32,1.00
2014.06.13 07:02:42.595,1.01975,1.01978,1.32,1.25
2014.06.13 07:02:42.798,1.01975,1.01976,1.32,1.00
2014.06.13 07:02:44.798,1.01975,1.01978,2.13,1.69
2014.06.13 07:02:45.320,1.01975,1.01976,1.13,1.00
2014.06.13 07:02:46.972,1.01974,1.01976,1.25,1.00
2014.06.13 07:02:48.379,1.01975,1.01976,1.00,1.00
2014.06.13 07:02:49.846,1.01975,1.01977,1.00,1.25
2014.06.13 07:02:50.595,1.01974,1.01976,1.63,1.00
2014.06.13 07:02:51.121,1.01974,1.01977,1.63,1.25
2014.06.13 07:02:58.362,1.01975,1.01978,1.38,3.19
2014.06.13 07:02:59.069,1.01975,1.01978,1.63,2.44
2014.06.13 07:03:00.199,1.01975,1.01977,1.25,1.00
2014.06.13 07:03:00.403,1.01975,1.01978,1.63,2.44
2014.06.13 07:03:00.968,1.01975,1.01977,1.63,1.00
2014.06.13 07:03:03.920,1.01974,1.01976,1.25,1.00
2014.06.13 07:03:04.620,1.01974,1.01977,1.63,1.25
2014.06.13 07:03:05.547,1.01974,1.01976,1.63,1.00
2014.06.13 07:03:06.468,1.01975,1.01977,1.13,1.25
2014.06.13 07:03:09.803,1.01974,1.01977,1.63,1.25
2014.06.13 07:03:10.331,1.01974,1.01976,1.63,1.00
2014.06.13 07:03:11.097,1.01974,1.01977,1.63,1.25
2014.06.13 07:03:11.966,1.01974,1.01976,1.63,1.00
2014.06.13 07:03:12.959,1.01974,1.01977,1.38,1.00
2014.06.13 07:03:13.629,1.01974,1.01976,1.63,1.00
2014.06.13 07:03:21.603,1.01974,1.01978,1.63,4.69
2014.06.13 07:03:22.631,1.01975,1.01978,1.88,2.44
2014.06.13 07:03:23.136,1.01976,1.01979,1.63,2.44
2014.06.13 07:03:23.740,1.01976,1.0198,2.07,5.82
2014.06.13 07:03:24.250,1.01976,1.0198,4.32,1.69
2014.06.13 07:03:24.715,1.01976,1.01978,3.00,1.00
2014.06.13 07:03:24.816,1.01976,1.01979,1.63,1.69
2014.06.13 07:03:25.024,1.01978,1.0198,1.38,2.44
2014.06.13 07:03:25.529,1.01977,1.01979,2.07,1.00
2014.06.13 07:03:28.795,1.01978,1.0198,1.13,1.69
2014.06.13 07:03:30.072,1.01977,1.0198,1.32,1.69
2014.06.13 07:03:34.377,1.01976,1.01978,2.07,1.00
2014.06.13 07:03:39.711,1.01976,1.01978,1.13,1.25
2014.06.13 07:03:40.237,1.01976,1.01977,1.13,1.00
2014.06.13 07:03:41.067,1.01976,1.01978,1.13,1.25
2014.06.13 07:03:41.639,1.01976,1.01978,1.38,1.25
2014.06.13 07:03:42.612,1.01976,1.01978,1.00,1.25
2014.06.13 07:03:43.484,1.01976,1.01977,1.00,1.00
2014.06.13 07:03:43.989,1.01976,1.01979,1.00,4.69
2014.06.13 07:03:47.143,1.01976,1.01977,1.00,1.00
2014.06.13 07:03:47.496,1.01976,1.01979,1.00,1.32
2014.06.13 07:03:48.015,1.01977,1.01979,1.00,2.07
2014.06.13 07:03:49.440,1.01977,1.01979,1.00,3.57
2014.06.13 07:03:51.989,1.01976,1.01979,1.50,2.82
2014.06.13 07:03:54.277,1.01975,1.01979,1.32,5.82
2014.06.13 07:03:56.427,1.01975,1.01978,1.00,4.32
2014.06.13 07:03:56.988,1.01974,1.01978,2.44,4.32
2014.06.13 07:03:57.515,1.01974,1.01976,1.69,1.00
2014.06.13 07:03:58.032,1.01974,1.01977,1.25,1.32
2014.06.13 07:03:58.537,1.01973,1.01976,1.25,1.63
2014.06.13 07:03:59.042,1.01973,1.01975,1.50,1.69
2014.06.13 07:03:59.547,1.01973,1.01975,1.69,1.00
2014.06.13 07:04:00.052,1.01974,1.01976,1.00,1.25
2014.06.13 07:04:01.268,1.01974,1.01978,4.32,3.57
2014.06.13 07:04:03.295,1.01974,1.01978,4.32,1.32
2014.06.13 07:04:03.819,1.01974,1.01977,3.57,1.00
2014.06.13 07:04:05.285,1.01974,1.01977,2.82,1.25
2014.06.13 07:04:10.315,1.01974,1.01978,5.07,2.07
2014.06.13 07:04:11.349,1.01974,1.01978,3.94,2.07
2014.06.13 07:04:12.899,1.01974,1.01977,3.19,1.00
2014.06.13 07:04:13.418,1.01974,1.01977,2.44,1.25
2014.06.13 07:04:16.382,1.01974,1.01977,2.44,1.00
2014.06.13 07:04:17.345,1.01974,1.01977,1.25,2.07
2014.06.13 07:04:17.654,1.01973,1.01975,1.13,1.00
2014.06.13 07:04:17.957,1.01969,1.01972,1.69,1.00
2014.06.13 07:04:18.009,1.01969,1.0197,1.69,1.00
2014.06.13 07:04:18.545,1.01967,1.01969,1.69,1.00
2014.06.13 07:04:18.748,1.01965,1.01968,2.44,1.00
2014.06.13 07:04:19.928,1.01965,1.01968,1.69,1.69
2014.06.13 07:04:23.281,1.01964,1.01968,2.44,4.32
2014.06.13 07:04:23.585,1.01965,1.01967,1.00,1.32
2014.06.13 07:04:24.086,1.01965,1.01967,1.00,1.32
2014.06.13 07:04:24.598,1.01965,1.01966,1.00,1.00
2014.06.13 07:04:24.902,1.01961,1.01964,1.50,2.32
2014.06.13 07:04:25.249,1.01963,1.01965,1.00,3.19
2014.06.13 07:04:25.917,1.01962,1.01965,1.19,2.44
2014.06.13 07:04:26.432,1.01961,1.01964,2.82,1.25
2014.06.13 07:04:28.205,1.01963,1.01964,1.00,1.25
2014.06.13 07:04:28.709,1.01962,1.01963,1.25,1.00
2014.06.13 07:04:29.364,1.01961,1.01963,1.00,1.50
2014.06.13 07:04:29.467,1.0196,1.01961,1.00,1.00
2014.06.13 07:04:31.468,1.01958,1.01961,3.57,1.69
2014.06.13 07:04:31.860,1.01959,1.01962,3.94,1.69
2014.06.13 07:04:32.113,1.01961,1.01963,2.07,1.00
2014.06.13 07:04:33.307,1.01961,1.01965,4.32,2.44
2014.06.13 07:04:34.048,1.01961,1.01965,4.69,1.69
2014.06.13 07:04:34.503,1.01963,1.01966,1.63,1.69
2014.06.13 07:04:35.008,1.01963,1.01966,1.25,1.69
2014.06.13 07:04:35.840,1.01963,1.01965,1.25,1.00
2014.06.13 07:04:36.344,1.01963,1.01966,1.32,1.69
2014.06.13 07:04:36.871,1.01963,1.01966,2.07,1.69
2014.06.13 07:04:44.552,1.01963,1.01967,3.57,2.07
2014.06.13 07:04:47.432,1.01963,1.01967,2.07,5.07
2014.06.13 07:04:47.950,1.01963,1.01967,2.07,4.69
2014.06.13 07:04:49.442,1.01963,1.01967,2.07,3.57
2014.06.13 07:04:49.968,1.01963,1.01967,2.07,3.19
2014.06.13 07:04:51.693,1.01963,1.01966,2.07,1.69
2014.06.13 07:04:52.212,1.01963,1.01966,2.07,1.69
2014.06.13 07:04:54.261,1.01964,1.01966,1.63,1.00
2014.06.13 07:04:54.766,1.01964,1.01967,1.63,1.25
2014.06.13 07:04:54.918,1.01963,1.01966,4.32,1.00
2014.06.13 07:04:58.548,1.01964,1.01966,2.07,1.00
2014.06.13 07:05:00.548,1.01964,1.01966,1.25,1.25
2014.06.13 07:05:01.138,1.01964,1.01965,1.25,1.00
2014.06.13 07:05:01.645,1.01963,1.01966,4.13,1.00
2014.06.13 07:05:02.427,1.01964,1.01967,1.25,1.32
2014.06.13 07:05:02.932,1.01963,1.01965,2.63,1.00
2014.06.13 07:05:03.758,1.01963,1.01964,2.07,1.00
2014.06.13 07:05:04.265,1.01962,1.01964,1.25,1.00
2014.06.13 07:05:04.795,1.01962,1.01963,1.25,1.00
2014.06.13 07:05:06.975,1.01961,1.01963,1.25,2.07
2014.06.13 07:05:07.818,1.0196,1.01962,1.00,1.00
2014.06.13 07:05:08.324,1.01961,1.01962,1.25,1.00
2014.06.13 07:05:08.854,1.01962,1.01965,1.13,2.25
2014.06.13 07:05:08.905,1.01963,1.01965,1.32,1.00
2014.06.13 07:05:09.308,1.01964,1.01968,2.82,5.07
2014.06.13 07:05:09.712,1.01966,1.01968,2.82,1.00
2014.06.13 07:05:10.217,1.01966,1.0197,4.32,3.57
2014.06.13 07:05:10.523,1.01965,1.01967,1.19,1.00
2014.06.13 07:05:11.028,1.01965,1.01967,1.50,1.00
2014.06.13 07:05:11.533,1.01965,1.01966,1.25,1.00
2014.06.13 07:05:12.313,1.01964,1.01967,2.44,2.07
2014.06.13 07:05:18.715,1.01964,1.01966,2.07,1.00
2014.06.13 07:05:20.465,1.01963,1.01966,4.32,1.25
2014.06.13 07:05:23.188,1.01963,1.01967,2.07,2.82
2014.06.13 07:05:24.387,1.01964,1.01967,1.32,2.44
2014.06.13 07:05:24.909,1.01964,1.01966,1.32,1.00
2014.06.13 07:05:26.220,1.01964,1.01967,1.19,2.82
2014.06.13 07:05:26.724,1.01963,1.01966,5.07,1.25
2014.06.13 07:05:27.857,1.01963,1.01965,4.32,1.00
2014.06.13 07:05:28.876,1.01963,1.01966,4.32,1.25
2014.06.13 07:05:31.458,1.01963,1.01966,2.44,1.63
2014.06.13 07:05:31.559,1.01962,1.01965,2.25,2.07
2014.06.13 07:05:32.014,1.0196,1.01963,4.69,1.63
2014.06.13 07:05:32.115,1.01959,1.01961,2.63,1.25
2014.06.13 07:05:32.628,1.01959,1.01961,1.32,1.00
2014.06.13 07:05:33.793,1.01959,1.0196,1.13,1.00
2014.06.13 07:05:33.894,1.01959,1.01962,1.19,3.57
2014.06.13 07:05:34.197,1.01959,1.01961,1.00,3.19
2014.06.13 07:05:35.179,1.01959,1.01961,1.00,1.25
2014.06.13 07:05:35.684,1.01958,1.01961,2.07,3.19
2014.06.13 07:05:41.123,1.01958,1.01961,2.07,3.19
2014.06.13 07:05:42.393,1.01958,1.0196,1.69,1.00
2014.06.13 07:05:43.150,1.01958,1.0196,1.25,1.69
2014.06.13 07:05:43.654,1.01956,1.01959,1.69,1.69
2014.06.13 07:05:44.579,1.01956,1.01959,1.25,3.19
2014.06.13 07:05:50.201,1.01956,1.01957,1.25,1.00
2014.06.13 07:05:50.403,1.01956,1.01959,2.07,1.69
2014.06.13 07:05:50.908,1.01956,1.01958,3.57,1.00
2014.06.13 07:05:51.491,1.01956,1.01958,2.82,1.25
2014.06.13 07:05:52.404,1.01956,1.01959,3.19,3.19
2014.06.13 07:05:52.506,1.01956,1.01958,3.00,1.00
2014.06.13 07:05:53.013,1.01957,1.0196,1.69,3.57
2014.06.13 07:05:53.165,1.01957,1.0196,2.82,3.19
2014.06.13 07:05:53.923,1.01957,1.01959,2.07,1.00
2014.06.13 07:05:54.799,1.01957,1.0196,2.07,1.69
2014.06.13 07:05:56.927,1.01957,1.01959,3.57,1.00
2014.06.13 07:06:01.621,1.01957,1.0196,3.57,1.25
2014.06.13 07:06:02.125,1.01956,1.0196,3.57,4.69
2014.06.13 07:06:03.586,1.01958,1.01959,1.00,2.44
2014.06.13 07:06:04.091,1.01958,1.0196,1.00,1.00
2014.06.13 07:06:05.287,1.01958,1.01959,1.00,2.44
2014.06.13 07:06:05.792,1.01959,1.0196,1.00,2.44
2014.06.13 07:06:06.374,1.0196,1.01961,1.00,2.44
2014.06.13 07:06:07.806,1.01959,1.01961,1.32,1.25
2014.06.13 07:06:07.958,1.0196,1.01962,1.38,2.25
2014.06.13 07:06:08.009,1.01962,1.01963,1.00,1.00
2014.06.13 07:06:08.211,1.01964,1.01966,1.00,3.00
2014.06.13 07:06:08.767,1.01964,1.01966,1.00,3.19
2014.06.13 07:06:09.272,1.01964,1.01966,1.00,1.69
2014.06.13 07:06:10.967,1.01964,1.01966,1.00,1.25
2014.06.13 07:06:14.892,1.01963,1.01966,1.25,2.07
2014.06.13 07:06:15.398,1.01963,1.01965,1.25,1.00
2014.06.13 07:06:17.308,1.01962,1.01964,1.00,2.44
2014.06.13 07:06:17.561,1.01959,1.01962,1.32,2.44
2014.06.13 07:06:18.082,1.0196,1.01961,1.25,1.00
2014.06.13 07:06:18.650,1.0196,1.01963,1.50,2.07
2014.06.13 07:06:18.751,1.0196,1.01964,2.07,2.63
2014.06.13 07:06:18.903,1.01961,1.01965,2.44,3.94
2014.06.13 07:06:19.861,1.01962,1.01965,1.32,2.44
2014.06.13 07:06:20.968,1.01962,1.01963,1.00,2.44
2014.06.13 07:06:21.559,1.0196,1.01963,2.82,3.19
2014.06.13 07:06:21.973,1.0196,1.01961,1.50,1.00
2014.06.13 07:06:22.505,1.01959,1.01961,1.25,1.00
2014.06.13 07:06:24.841,1.01959,1.01962,2.07,1.25
2014.06.13 07:06:26.216,1.01959,1.01961,3.94,1.00
2014.06.13 07:06:26.734,1.01959,1.01962,3.94,1.25
2014.06.13 07:06:27.706,1.01961,1.01962,1.00,1.25
2014.06.13 07:06:28.239,1.01959,1.01963,3.94,4.32
2014.06.13 07:06:28.968,1.01959,1.01962,3.94,1.00
2014.06.13 07:06:29.511,1.01959,1.01963,5.44,3.19
2014.06.13 07:06:30.047,1.0196,1.01963,1.32,2.44
2014.06.13 07:06:33.098,1.0196,1.01963,2.82,1.25
2014.06.13 07:06:33.401,1.01963,1.01965,1.88,2.44
2014.06.13 07:06:33.638,1.01962,1.01966,4.32,3.94
2014.06.13 07:06:34.043,1.01962,1.01964,3.38,1.00
2014.06.13 07:06:34.606,1.01962,1.01965,2.82,1.69
2014.06.13 07:06:35.110,1.01963,1.01964,1.13,1.00
2014.06.13 07:06:35.606,1.01963,1.01966,1.32,3.94
2014.06.13 07:06:36.035,1.01963,1.01965,1.88,1.00
2014.06.13 07:06:36.720,1.01963,1.01965,1.32,1.00
2014.06.13 07:06:39.019,1.01962,1.01965,3.57,1.00
2014.06.13 07:06:42.943,1.01962,1.01965,4.32,1.00
2014.06.13 07:06:43.146,1.01964,1.01967,2.07,1.69
2014.06.13 07:06:46.945,1.01966,1.01967,1.00,1.25
2014.06.13 07:06:47.298,1.01963,1.01966,1.50,3.94
2014.06.13 07:06:47.451,1.01961,1.01963,1.25,1.25
2014.06.13 07:06:48.387,1.0196,1.01963,2.07,1.25
2014.06.13 07:06:48.901,1.01959,1.01962,1.32,1.32
2014.06.13 07:06:49.053,1.0196,1.01963,1.38,4.50
2014.06.13 07:06:49.154,1.01962,1.01964,2.07,3.94
2014.06.13 07:06:49.255,1.01963,1.01965,1.00,3.75
2014.06.13 07:06:49.459,1.01962,1.01965,2.82,2.44
2014.06.13 07:06:49.987,1.01962,1.01964,1.50,3.19
2014.06.13 07:06:50.088,1.01961,1.01964,1.13,3.94
2014.06.13 07:06:50.696,1.01961,1.01963,2.07,1.00
2014.06.13 07:06:51.101,1.01963,1.01965,1.25,3.19
2014.06.13 07:06:51.353,1.01962,1.01963,1.88,1.00
2014.06.13 07:06:52.120,1.01962,1.01965,1.00,3.19
2014.06.13 07:06:52.368,1.01964,1.01965,1.00,1.13
2014.06.13 07:06:52.909,1.01964,1.01966,1.00,2.07
2014.06.13 07:06:53.442,1.01963,1.01966,2.07,2.07
2014.06.13 07:06:53.986,1.01963,1.01966,2.07,2.82
2014.06.13 07:06:54.491,1.01963,1.01966,2.82,2.07
2014.06.13 07:06:54.995,1.01963,1.01966,2.07,2.07
2014.06.13 07:06:56.831,1.01963,1.01966,1.32,2.82
2014.06.13 07:06:58.444,1.01963,1.01966,1.32,2.82
2014.06.13 07:06:59.212,1.01962,1.01965,4.69,1.63
2014.06.13 07:06:59.715,1.01962,1.01965,3.94,1.32
2014.06.13 07:07:00.574,1.01963,1.01965,1.32,1.13
2014.06.13 07:07:01.080,1.01962,1.01964,1.69,1.13
2014.06.13 07:07:01.977,1.01962,1.01964,1.25,1.32
2014.06.13 07:07:03.280,1.0196,1.01963,3.19,1.57
2014.06.13 07:07:03.431,1.01958,1.01962,3.57,5.07
2014.06.13 07:07:03.951,1.01958,1.0196,1.19,1.88
2014.06.13 07:07:04.465,1.01958,1.0196,1.25,2.07
2014.06.13 07:07:04.970,1.01958,1.01961,1.25,4.32
2014.06.13 07:07:07.922,1.01958,1.01961,2.07,1.69
2014.06.13 07:07:08.630,1.01959,1.01961,1.69,1.00
2014.06.13 07:07:09.135,1.01959,1.01963,1.69,2.82
2014.06.13 07:07:09.915,1.0196,1.01963,1.19,2.07
2014.06.13 07:07:11.947,1.0196,1.01962,1.00,1.38
2014.06.13 07:07:12.402,1.0196,1.01963,1.19,2.07
2014.06.13 07:07:12.907,1.01961,1.01965,1.69,6.19
2014.06.13 07:07:14.915,1.01961,1.01963,4.32,1.00
2014.06.13 07:07:25.557,1.01961,1.01964,4.32,1.25
2014.06.13 07:07:26.072,1.01961,1.01963,4.32,1.00
2014.06.13 07:07:28.651,1.0196,1.01962,1.32,1.00
2014.06.13 07:07:29.171,1.01959,1.01962,1.69,2.07
2014.06.13 07:07:33.604,1.01959,1.01961,3.57,1.00
2014.06.13 07:07:35.137,1.01959,1.01961,1.19,1.50
2014.06.13 07:07:35.650,1.01958,1.01961,1.19,2.07
2014.06.13 07:07:38.848,1.01958,1.0196,1.32,1.00
2014.06.13 07:07:40.808,1.0196,1.01963,1.63,1.00
2014.06.13 07:07:40.959,1.01962,1.01966,2.82,3.75
2014.06.13 07:07:41.011,1.01964,1.01967,1.00,1.00
2014.06.13 07:07:41.114,1.01965,1.01968,1.00,2.07
2014.06.13 07:07:41.754,1.01966,1.01967,1.00,1.00
2014.06.13 07:07:44.106,1.01965,1.01967,1.50,1.25
2014.06.13 07:07:44.674,1.01965,1.01966,1.50,1.00
2014.06.13 07:07:45.187,1.01964,1.01966,1.25,1.00
2014.06.13 07:07:45.693,1.01965,1.01966,1.00,1.00
2014.06.13 07:07:46.273,1.01965,1.01967,2.07,1.00
2014.06.13 07:07:46.868,1.01965,1.01967,4.32,1.00
2014.06.13 07:07:47.373,1.01965,1.01969,3.94,2.82
2014.06.13 07:07:47.910,1.01965,1.01969,1.69,2.07
2014.06.13 07:07:48.011,1.01965,1.01967,2.44,1.00
2014.06.13 07:07:49.538,1.01965,1.01969,2.44,4.32
2014.06.13 07:07:49.863,1.01965,1.01966,1.50,1.00
2014.06.13 07:07:50.615,1.01964,1.01966,1.69,1.00
2014.06.13 07:07:51.335,1.01964,1.01965,1.69,1.00
2014.06.13 07:07:51.840,1.01963,1.01966,4.13,1.00
2014.06.13 07:07:56.175,1.01964,1.01966,1.69,1.25
2014.06.13 07:07:59.130,1.01964,1.01967,1.69,1.32
2014.06.13 07:07:59.988,1.01965,1.01967,1.00,1.32
2014.06.13 07:08:00.998,1.01965,1.01968,2.07,1.25
2014.06.13 07:08:01.201,1.01965,1.01969,1.69,5.07
2014.06.13 07:08:01.352,1.01969,1.01973,3.00,4.35
2014.06.13 07:08:01.403,1.01971,1.01975,2.69,1.32
2014.06.13 07:08:01.504,1.01973,1.01975,1.00,4.88
2014.06.13 07:08:01.757,1.01975,1.01977,1.00,1.25
2014.06.13 07:08:01.858,1.01975,1.01977,1.00,1.69
2014.06.13 07:08:02.363,1.01976,1.01979,1.00,3.57
2014.06.13 07:08:03.183,1.01976,1.01979,2.07,1.25
2014.06.13 07:08:03.865,1.01976,1.01978,1.69,1.00
2014.06.13 07:08:04.679,1.01976,1.01979,1.69,1.32
2014.06.13 07:08:04.831,1.01975,1.01978,1.32,1.25
2014.06.13 07:08:15.045,1.01976,1.01978,1.00,1.25
2014.06.13 07:08:15.196,1.01977,1.0198,1.32,1.00
2014.06.13 07:08:15.297,1.01979,1.01981,1.00,1.69
2014.06.13 07:08:15.804,1.01979,1.01982,1.25,3.94
2014.06.13 07:08:16.762,1.0198,1.01982,1.00,1.32
2014.06.13 07:08:17.066,1.01982,1.01983,1.00,1.00
2014.06.13 07:08:18.490,1.01982,1.01984,1.00,2.82
2014.06.13 07:08:19.007,1.01981,1.01984,1.00,3.94
2014.06.13 07:08:19.549,1.0198,1.01984,1.88,3.94
2014.06.13 07:08:20.063,1.0198,1.01983,2.07,1.19
2014.06.13 07:08:21.590,1.01981,1.01983,1.00,1.19
2014.06.13 07:08:22.354,1.0198,1.01983,2.82,1.19
2014.06.13 07:08:22.671,1.01982,1.01985,1.50,2.82
2014.06.13 07:08:22.772,1.01983,1.01986,1.25,1.50
2014.06.13 07:08:23.883,1.01985,1.01988,1.00,2.82
2014.06.13 07:08:24.641,1.01983,1.01985,2.07,1.00
2014.06.13 07:08:26.589,1.01985,1.01986,1.25,1.50
2014.06.13 07:08:26.942,1.01987,1.01988,1.00,1.50
2014.06.13 07:08:27.448,1.01986,1.01987,1.69,1.00
2014.06.13 07:08:28.274,1.01985,1.01987,3.00,1.00
2014.06.13 07:08:28.786,1.01986,1.01988,1.50,1.69
2014.06.13 07:08:28.988,1.01985,1.01987,1.00,1.88
2014.06.13 07:08:29.324,1.01982,1.01984,1.00,1.69
2014.06.13 07:08:29.832,1.01981,1.01983,1.69,1.00
2014.06.13 07:08:30.357,1.01981,1.01983,1.25,1.25
2014.06.13 07:08:32.256,1.01982,1.01984,1.00,3.94
2014.06.13 07:08:32.906,1.01981,1.01984,1.25,2.44
2014.06.13 07:08:34.112,1.01981,1.01982,1.25,1.00
2014.06.13 07:08:34.917,1.01982,1.01983,1.00,1.50
2014.06.13 07:08:35.425,1.01982,1.01983,1.00,1.32
2014.06.13 07:08:35.970,1.01981,1.01983,1.25,1.25
2014.06.13 07:08:40.314,1.01982,1.01983,1.00,1.32
2014.06.13 07:08:40.628,1.01979,1.01982,1.50,1.25
2014.06.13 07:08:40.730,1.01979,1.0198,1.25,1.00
2014.06.13 07:08:41.235,1.01979,1.01981,1.25,1.32
2014.06.13 07:08:41.742,1.01979,1.01981,1.00,1.32
2014.06.13 07:08:47.771,1.0198,1.01981,1.00,1.00
2014.06.13 07:08:50.514,1.01978,1.01982,3.19,5.07
2014.06.13 07:08:51.062,1.01979,1.01981,1.69,1.63
2014.06.13 07:08:57.245,1.0198,1.01982,1.00,1.57
2014.06.13 07:09:00.727,1.01979,1.01981,1.69,2.07
2014.06.13 07:09:01.030,1.01977,1.01979,1.69,1.25
2014.06.13 07:09:04.583,1.01977,1.0198,1.00,1.88
2014.06.13 07:09:04.941,1.01977,1.0198,1.69,2.07
2014.06.13 07:09:11.267,1.01977,1.0198,3.94,1.32
2014.06.13 07:09:13.578,1.01977,1.0198,1.69,2.07
2014.06.13 07:09:16.616,1.01977,1.0198,1.19,1.32
2014.06.13 07:09:16.920,1.01977,1.0198,1.69,1.63
2014.06.13 07:09:16.971,1.01977,1.0198,1.69,1.63
2014.06.13 07:09:17.484,1.01977,1.0198,1.69,1.32
2014.06.13 07:09:17.999,1.01977,1.0198,1.25,2.82
2014.06.13 07:09:18.613,1.01975,1.01978,4.32,1.00
2014.06.13 07:09:19.093,1.01975,1.01977,3.75,1.00
2014.06.13 07:09:19.599,1.01976,1.01977,1.25,1.00
2014.06.13 07:09:20.256,1.01975,1.01977,3.75,1.00
2014.06.13 07:09:20.409,1.01974,1.01976,1.69,1.00
2014.06.13 07:09:20.916,1.01975,1.01976,1.00,1.32
2014.06.13 07:09:21.219,1.01973,1.01975,2.25,1.00
2014.06.13 07:09:21.271,1.01972,1.01974,2.25,1.00
2014.06.13 07:09:21.473,1.01971,1.01973,1.50,1.00
2014.06.13 07:09:21.677,1.0197,1.01971,1.69,1.13
2014.06.13 07:09:22.181,1.01969,1.01971,1.25,2.07
2014.06.13 07:09:22.787,1.01969,1.01971,1.00,2.07
2014.06.13 07:09:25.195,1.01969,1.01971,1.00,2.07
2014.06.13 07:09:25.940,1.01967,1.01969,1.69,1.13
2014.06.13 07:09:26.451,1.01967,1.01969,1.25,1.32
2014.06.13 07:09:27.013,1.01966,1.01969,1.25,1.32
2014.06.13 07:09:27.316,1.01966,1.01967,1.25,1.00
2014.06.13 07:09:27.885,1.01966,1.01968,1.25,1.00
2014.06.13 07:09:28.713,1.01966,1.01968,1.69,1.00
2014.06.13 07:09:29.219,1.01965,1.01966,1.25,1.00
2014.06.13 07:09:30.524,1.01965,1.01967,1.63,1.69
2014.06.13 07:09:32.889,1.01965,1.01967,2.07,1.25
2014.06.13 07:09:33.192,1.01967,1.01969,1.00,1.25
2014.06.13 07:09:33.711,1.01968,1.0197,1.00,3.94
2014.06.13 07:09:38.342,1.01968,1.0197,1.00,2.25
2014.06.13 07:09:38.848,1.01969,1.01971,1.88,1.69
2014.06.13 07:09:39.354,1.0197,1.01971,1.00,1.50
2014.06.13 07:09:39.882,1.0197,1.01971,1.00,1.25
2014.06.13 07:09:40.592,1.0197,1.01973,2.63,2.25
2014.06.13 07:09:40.896,1.01975,1.01978,1.00,3.38
2014.06.13 07:09:40.997,1.01975,1.01978,1.25,1.32
2014.06.13 07:09:41.531,1.01976,1.01977,1.50,1.25
2014.06.13 07:09:42.071,1.01974,1.01977,3.57,1.00
2014.06.13 07:09:42.989,1.01974,1.01976,2.07,1.00
2014.06.13 07:09:43.505,1.01975,1.01976,1.00,1.00
2014.06.13 07:09:45.644,1.01973,1.01976,4.69,1.00
2014.06.13 07:09:46.154,1.01975,1.01976,1.00,1.25
2014.06.13 07:09:54.602,1.01974,1.01976,2.07,1.25
2014.06.13 07:09:55.143,1.01975,1.01976,1.00,1.25
2014.06.13 07:09:58.033,1.01976,1.01977,1.00,1.25
2014.06.13 07:09:58.550,1.01975,1.01976,1.00,1.00
2014.06.13 07:10:02.540,1.01974,1.01977,2.07,1.50
2014.06.13 07:10:03.375,1.01974,1.01977,1.32,1.25
2014.06.13 07:10:05.319,1.01974,1.01976,1.69,1.00
2014.06.13 07:10:05.824,1.01975,1.01976,1.00,1.00
2014.06.13 07:10:13.244,1.01975,1.01977,1.25,1.25
2014.06.13 07:10:14.559,1.01974,1.01977,2.07,1.69
2014.06.13 07:10:15.074,1.01975,1.01977,1.00,1.69
2014.06.13 07:10:15.634,1.01975,1.01977,1.25,1.25
2014.06.13 07:10:17.973,1.01974,1.01977,2.07,1.69
2014.06.13 07:10:20.005,1.01974,1.01977,2.07,1.25
2014.06.13 07:10:21.099,1.01974,1.01977,2.07,1.25
2014.06.13 07:10:24.180,1.01974,1.01977,2.82,1.25
2014.06.13 07:10:24.685,1.01976,1.01978,1.00,2.44
2014.06.13 07:10:25.752,1.01977,1.01979,1.00,1.25
2014.06.13 07:10:26.259,1.01977,1.01979,2.44,1.00
2014.06.13 07:10:26.764,1.01978,1.01979,1.00,1.00
2014.06.13 07:10:28.861,1.01977,1.01979,2.07,1.00
2014.06.13 07:10:29.374,1.01977,1.01979,2.82,1.00
2014.06.13 07:10:32.065,1.01977,1.01979,1.25,1.25
2014.06.13 07:10:33.458,1.01977,1.0198,1.69,2.07
2014.06.13 07:10:35.215,1.01977,1.01981,2.82,2.07
2014.06.13 07:10:35.746,1.01977,1.01981,3.57,4.32
2014.06.13 07:10:40.959,1.01977,1.0198,3.94,2.07
2014.06.13 07:10:45.162,1.01977,1.0198,1.69,1.88
2014.06.13 07:10:45.690,1.01976,1.01979,2.44,1.63
2014.06.13 07:10:46.223,1.01976,1.01979,2.07,1.25
2014.06.13 07:10:49.801,1.01977,1.0198,1.00,4.32
2014.06.13 07:10:51.323,1.01976,1.0198,3.57,2.07
2014.06.13 07:10:51.863,1.01976,1.01978,2.07,1.00
2014.06.13 07:10:52.374,1.01977,1.01978,1.00,1.00
2014.06.13 07:10:52.938,1.01977,1.0198,1.88,2.44
2014.06.13 07:10:53.455,1.01977,1.0198,2.44,1.63
2014.06.13 07:11:01.013,1.01977,1.0198,1.25,3.19
2014.06.13 07:11:01.545,1.01978,1.0198,1.25,1.69
2014.06.13 07:11:02.353,1.01977,1.0198,1.00,3.57
2014.06.13 07:11:03.175,1.01976,1.0198,3.19,2.07
2014.06.13 07:11:03.695,1.01977,1.0198,1.00,1.57
2014.06.13 07:11:06.732,1.01976,1.0198,3.19,2.07
2014.06.13 07:11:07.292,1.01977,1.0198,1.00,1.57
2014.06.13 07:11:10.574,1.01976,1.0198,4.69,3.57
2014.06.13 07:11:11.138,1.01977,1.0198,1.00,2.82
2014.06.13 07:11:13.211,1.01977,1.01981,2.44,4.69
2014.06.13 07:11:13.716,1.01978,1.01981,1.25,2.44
2014.06.13 07:11:16.736,1.01978,1.01981,1.25,1.57
2014.06.13 07:11:17.299,1.01977,1.01979,3.94,1.00
2014.06.13 07:11:22.745,1.01978,1.0198,1.25,1.32
2014.06.13 07:11:23.252,1.01978,1.01979,1.69,1.00
2014.06.13 07:11:24.892,1.01978,1.0198,1.69,1.32
2014.06.13 07:11:25.194,1.0198,1.01983,1.69,2.07
2014.06.13 07:11:25.497,1.01982,1.01983,1.00,1.69
2014.06.13 07:11:26.900,1.0198,1.01983,3.19,2.07
2014.06.13 07:11:27.304,1.0198,1.01981,1.25,1.00
2014.06.13 07:11:30.785,1.01979,1.01981,2.07,1.25
2014.06.13 07:11:31.290,1.01979,1.01981,1.00,1.69
2014.06.13 07:11:32.270,1.01979,1.01981,1.25,1.25
2014.06.13 07:11:32.885,1.0198,1.01981,1.00,1.25
2014.06.13 07:11:33.402,1.01978,1.0198,1.32,1.25
2014.06.13 07:11:33.750,1.01978,1.0198,1.25,1.25
2014.06.13 07:11:35.734,1.01978,1.0198,1.25,1.63
2014.06.13 07:11:36.278,1.01976,1.01979,3.19,1.63
2014.06.13 07:11:36.892,1.01976,1.01979,1.25,3.57
2014.06.13 07:11:36.993,1.01975,1.01978,3.75,1.00
2014.06.13 07:11:37.095,1.01976,1.01979,1.25,4.32
2014.06.13 07:11:49.961,1.01976,1.01978,2.44,1.00
2014.06.13 07:11:51.056,1.01975,1.01978,5.07,1.25
2014.06.13 07:11:53.093,1.01977,1.01979,1.00,1.69
2014.06.13 07:11:53.606,1.01977,1.01979,1.25,1.25
2014.06.13 07:11:54.316,1.01978,1.0198,1.00,3.94
2014.06.13 07:11:54.819,1.01979,1.01981,1.00,2.44
2014.06.13 07:11:54.920,1.01981,1.01983,1.00,1.88
2014.06.13 07:11:55.223,1.01983,1.01984,1.13,2.25
2014.06.13 07:11:55.425,1.01983,1.01986,2.07,3.19
2014.06.13 07:11:55.930,1.01984,1.01985,1.00,1.25
2014.06.13 07:11:56.443,1.01983,1.01986,1.25,3.19
2014.06.13 07:11:56.850,1.01984,1.01986,1.00,3.75
2014.06.13 07:11:59.408,1.01983,1.01985,2.25,1.00
2014.06.13 07:12:00.491,1.01983,1.01986,2.44,1.63
2014.06.13 07:12:01.695,1.01984,1.01986,1.25,1.63
2014.06.13 07:12:04.901,1.01985,1.01986,1.00,1.25
2014.06.13 07:12:05.412,1.01985,1.01987,1.50,4.32
2014.06.13 07:12:05.921,1.01984,1.01987,1.25,4.32
2014.06.13 07:12:08.339,1.01985,1.01987,1.00,5.82
2014.06.13 07:12:09.048,1.01984,1.01987,3.19,2.82
2014.06.13 07:12:09.554,1.01986,1.01987,1.00,1.32
2014.06.13 07:12:10.061,1.01984,1.01987,3.19,1.32
2014.06.13 07:12:11.594,1.01984,1.01987,2.44,1.32
2014.06.13 07:12:11.932,1.01986,1.01987,1.00,1.32
2014.06.13 07:12:13.848,1.01986,1.01989,1.25,2.82
2014.06.13 07:12:14.817,1.01986,1.0199,3.19,4.69
2014.06.13 07:12:15.964,1.01986,1.0199,2.44,2.82
2014.06.13 07:12:16.569,1.01986,1.0199,3.94,5.07
2014.06.13 07:12:23.382,1.01986,1.0199,4.69,4.32
2014.06.13 07:12:24.204,1.01986,1.01989,1.69,2.82
2014.06.13 07:12:28.345,1.01986,1.01989,1.69,1.63
2014.06.13 07:12:28.950,1.01986,1.01989,1.69,1.32
2014.06.13 07:12:30.122,1.01986,1.01989,1.69,1.63
2014.06.13 07:12:32.772,1.01986,1.01989,1.69,4.32
2014.06.13 07:12:36.064,1.01985,1.01988,1.25,1.32
2014.06.13 07:12:36.571,1.01985,1.01988,1.19,2.07
2014.06.13 07:12:37.102,1.01984,1.01988,5.44,2.82
2014.06.13 07:12:38.341,1.01984,1.01988,5.44,2.82
2014.06.13 07:12:38.848,1.01984,1.01987,4.69,1.13
2014.06.13 07:12:39.360,1.01984,1.01987,4.50,1.38
2014.06.13 07:12:39.613,1.01983,1.01986,1.25,3.57
2014.06.13 07:12:40.129,1.01983,1.01984,1.25,1.00
2014.06.13 07:12:40.634,1.01982,1.01984,1.00,1.13
2014.06.13 07:12:40.886,1.0198,1.01983,2.07,2.32
2014.06.13 07:12:41.091,1.01979,1.01982,2.44,1.32
2014.06.13 07:12:41.596,1.01979,1.01981,1.25,1.00
2014.06.13 07:12:42.100,1.01979,1.01982,1.25,2.07
2014.06.13 07:12:42.605,1.01979,1.01982,1.69,2.07
2014.06.13 07:12:42.908,1.01982,1.01985,2.44,1.00
2014.06.13 07:12:43.101,1.01983,1.01987,3.94,5.07
2014.06.13 07:12:48.531,1.01983,1.01987,2.07,2.82
2014.06.13 07:12:49.089,1.01983,1.01987,4.32,5.07
2014.06.13 07:12:57.065,1.01984,1.01987,2.44,3.57
2014.06.13 07:12:58.117,1.01983,1.01986,3.57,1.32
2014.06.13 07:13:01.687,1.01984,1.01986,2.44,1.13
2014.06.13 07:13:06.334,1.01984,1.01986,1.25,2.07
2014.06.13 07:13:07.360,1.01984,1.01986,3.19,1.50
2014.06.13 07:13:09.372,1.01984,1.01986,1.25,2.07
2014.06.13 07:13:12.921,1.01983,1.01985,3.38,1.00
2014.06.13 07:13:13.025,1.01984,1.01986,1.25,2.07
2014.06.13 07:13:13.739,1.01984,1.01986,1.69,2.07
2014.06.13 07:13:14.253,1.01984,1.01985,1.32,1.00
2014.06.13 07:13:14.758,1.01984,1.01988,4.69,5.07
2014.06.13 07:13:16.476,1.01985,1.01988,2.82,2.82
2014.06.13 07:13:21.607,1.01985,1.01988,1.25,4.32
2014.06.13 07:13:22.909,1.01985,1.01988,2.44,2.07
2014.06.13 07:13:26.298,1.01985,1.01988,3.19,1.32
2014.06.13 07:13:27.789,1.01985,1.01989,3.19,5.82
2014.06.13 07:13:33.813,1.01985,1.01987,2.25,2.13
2014.06.13 07:13:34.337,1.01984,1.01986,3.19,1.00
2014.06.13 07:13:37.225,1.01984,1.01987,1.19,2.07
2014.06.13 07:13:37.730,1.01984,1.01987,1.25,3.57
2014.06.13 07:13:38.323,1.01984,1.01988,4.69,4.32
2014.06.13 07:13:39.403,1.01985,1.01988,2.44,1.63
2014.06.13 07:13:44.116,1.01985,1.01988,2.44,1.32
2014.06.13 07:13:47.868,1.01985,1.01988,1.19,3.57
2014.06.13 07:13:48.372,1.01984,1.01988,5.44,3.57
2014.06.13 07:13:51.238,1.01984,1.01988,5.44,3.94
2014.06.13 07:13:54.901,1.01985,1.01988,1.25,3.94
2014.06.13 07:13:56.187,1.01985,1.01988,1.69,3.19
2014.06.13 07:13:58.058,1.01985,1.01987,1.25,1.25
2014.06.13 07:14:00.619,1.01985,1.01988,1.00,3.00
2014.06.13 07:14:04.247,1.01985,1.01987,1.19,1.00
2014.06.13 07:14:04.844,1.01986,1.01988,1.00,2.44
2014.06.13 07:14:06.470,1.01985,1.01988,1.69,2.82
2014.06.13 07:14:06.975,1.01986,1.01989,1.00,1.50
2014.06.13 07:14:08.777,1.01985,1.01988,1.69,2.82
2014.06.13 07:14:09.282,1.01986,1.01987,1.25,1.00
2014.06.13 07:14:09.333,1.01987,1.01988,1.00,3.57
2014.06.13 07:14:09.535,1.01986,1.01987,1.25,1.13
2014.06.13 07:14:09.686,1.01986,1.01988,1.00,2.44
2014.06.13 07:14:10.192,1.01987,1.01989,1.00,2.25
2014.06.13 07:14:11.294,1.01987,1.01988,1.00,1.32
2014.06.13 07:14:12.342,1.01985,1.01988,1.19,1.63
2014.06.13 07:14:12.856,1.01985,1.01987,1.19,1.13
2014.06.13 07:14:13.288,1.01986,1.01987,1.25,1.13
2014.06.13 07:14:13.817,1.01983,1.01987,1.69,5.07
2014.06.13 07:14:14.073,1.01984,1.01987,1.25,5.07
2014.06.13 07:14:16.281,1.01986,1.01987,1.00,3.00
2014.06.13 07:14:16.790,1.01986,1.01987,1.00,1.32
2014.06.13 07:14:17.363,1.01986,1.01988,1.00,2.63
2014.06.13 07:14:18.034,1.01987,1.01988,1.00,1.32
2014.06.13 07:14:20.105,1.01986,1.01988,1.25,2.07
2014.06.13 07:14:22.778,1.01985,1.01987,1.50,1.00
2014.06.13 07:14:23.299,1.01983,1.01986,3.57,1.00
2014.06.13 07:14:23.964,1.01984,1.01986,1.25,1.69
2014.06.13 07:14:29.634,1.01983,1.01985,3.94,1.00
2014.06.13 07:14:30.177,1.01983,1.01985,1.25,1.25
2014.06.13 07:14:31.707,1.01982,1.01985,1.50,2.07
2014.06.13 07:14:32.013,1.01976,1.01979,2.44,3.50
2014.06.13 07:14:32.266,1.01976,1.01978,2.07,1.25
2014.06.13 07:14:32.317,1.01977,1.0198,1.00,2.44
2014.06.13 07:14:32.369,1.01978,1.0198,1.00,3.19
2014.06.13 07:14:33.409,1.01979,1.0198,1.00,1.69
2014.06.13 07:14:34.985,1.01978,1.0198,1.25,1.69
2014.06.13 07:14:37.125,1.01977,1.0198,1.69,1.69
2014.06.13 07:14:38.473,1.01977,1.0198,1.19,1.69
2014.06.13 07:14:43.753,1.01977,1.01979,1.32,1.00
2014.06.13 07:14:44.257,1.01977,1.0198,2.07,1.69
2014.06.13 07:14:45.302,1.01976,1.01978,2.07,1.00
2014.06.13 07:14:45.988,1.01975,1.01978,2.82,1.69
2014.06.13 07:14:47.518,1.01976,1.01978,2.07,1.00
2014.06.13 07:14:53.135,1.01976,1.01978,1.32,1.00
2014.06.13 07:14:55.161,1.01974,1.01976,3.38,1.00
2014.06.13 07:14:55.215,1.01974,1.01976,1.00,2.25
2014.06.13 07:14:55.720,1.01972,1.01975,4.32,1.25
2014.06.13 07:14:56.754,1.01972,1.01975,4.32,1.00
2014.06.13 07:14:57.324,1.01972,1.01975,4.32,1.25
2014.06.13 07:14:59.249,1.01972,1.01974,4.32,1.00
2014.06.13 07:14:59.876,1.01972,1.01976,3.94,5.07
2014.06.13 07:15:01.051,1.01972,1.01974,1.25,1.25
2014.06.13 07:15:01.556,1.0197,1.01973,2.82,1.00
2014.06.13 07:15:02.062,1.01972,1.01974,1.25,4.32
2014.06.13 07:15:03.288,1.01972,1.01973,1.00,1.69
2014.06.13 07:15:03.339,1.01972,1.01973,1.00,1.69
2014.06.13 07:15:03.440,1.01971,1.01974,3.57,1.00
2014.06.13 07:15:04.718,1.01972,1.01974,1.13,1.50
2014.06.13 07:15:04.819,1.01972,1.01976,1.88,1.88
2014.06.13 07:15:05.325,1.01973,1.01976,1.25,2.07
2014.06.13 07:15:06.139,1.01973,1.01976,1.32,1.13
2014.06.13 07:15:08.348,1.01972,1.01976,2.07,2.82
2014.06.13 07:15:09.307,1.01972,1.01976,2.07,5.07
2014.06.13 07:15:23.588,1.01973,1.01976,1.19,4.32
2014.06.13 07:15:25.693,1.01973,1.01976,1.69,3.57
2014.06.13 07:15:27.316,1.01975,1.01977,1.00,3.19
2014.06.13 07:15:27.861,1.01974,1.01977,1.69,3.57
2014.06.13 07:15:28.460,1.01974,1.01977,1.69,1.00
2014.06.13 07:15:29.428,1.01974,1.01977,2.44,1.63
2014.06.13 07:15:32.623,1.01973,1.01975,1.69,1.00
2014.06.13 07:15:32.779,1.01972,1.01974,1.13,1.00
2014.06.13 07:15:33.084,1.01968,1.01971,1.25,5.38
2014.06.13 07:15:33.962,1.01967,1.0197,2.44,2.82
2014.06.13 07:15:34.013,1.01966,1.0197,1.25,2.82
2014.06.13 07:15:34.533,1.01966,1.01969,3.19,1.32
2014.06.13 07:15:37.355,1.01966,1.01968,3.19,1.00
2014.06.13 07:15:37.858,1.01966,1.01968,1.25,2.07
2014.06.13 07:15:38.922,1.01966,1.01968,2.07,1.00
2014.06.13 07:15:39.527,1.01966,1.0197,2.07,6.19
2014.06.13 07:15:40.048,1.01966,1.0197,1.00,6.19
2014.06.13 07:15:40.553,1.01966,1.01968,1.32,1.00
2014.06.13 07:15:48.041,1.01964,1.01968,2.07,2.07
2014.06.13 07:15:48.983,1.01964,1.01968,2.07,4.69
2014.06.13 07:15:50.869,1.01964,1.01966,1.25,1.00
2014.06.13 07:15:51.172,1.01962,1.01964,1.00,1.25
2014.06.13 07:15:51.627,1.01963,1.01966,1.00,3.94
2014.06.13 07:15:52.132,1.01964,1.01965,1.00,1.25
2014.06.13 07:15:56.466,1.01962,1.01965,4.32,1.50
2014.06.13 07:15:59.730,1.01963,1.01966,1.32,1.50
2014.06.13 07:16:00.296,1.01964,1.01967,1.25,1.25
2014.06.13 07:16:02.884,1.01964,1.01967,1.63,1.00
2014.06.13 07:16:03.657,1.01964,1.01967,1.32,1.00
2014.06.13 07:16:05.251,1.01964,1.01967,2.07,1.00
2014.06.13 07:16:06.119,1.01964,1.01968,2.07,2.07
2014.06.13 07:16:06.670,1.01962,1.01965,1.00,1.88
2014.06.13 07:16:06.823,1.01961,1.01963,2.82,1.00
2014.06.13 07:16:07.360,1.01959,1.01962,1.25,3.19
2014.06.13 07:16:07.866,1.01958,1.01962,1.69,5.44
2014.06.13 07:16:08.395,1.01958,1.01961,1.25,1.69
2014.06.13 07:16:09.065,1.01958,1.01959,1.25,1.00
2014.06.13 07:16:09.783,1.01958,1.0196,1.63,1.69
2014.06.13 07:16:12.161,1.01958,1.0196,3.19,1.00
2014.06.13 07:16:12.262,1.0196,1.01963,1.32,1.69
2014.06.13 07:16:12.414,1.0196,1.01962,1.25,1.00
2014.06.13 07:16:12.610,1.0196,1.01961,1.32,1.00
2014.06.13 07:16:12.661,1.0196,1.01963,3.57,1.50
2014.06.13 07:16:13.168,1.0196,1.01962,3.19,1.00
2014.06.13 07:16:13.674,1.01961,1.01963,1.69,1.00
2014.06.13 07:16:13.826,1.0196,1.01963,2.82,1.25
2014.06.13 07:16:14.028,1.01959,1.01962,1.25,1.19
2014.06.13 07:16:14.544,1.01958,1.0196,1.25,1.00
2014.06.13 07:16:18.432,1.01958,1.0196,2.07,1.25
2014.06.13 07:16:20.844,1.01958,1.0196,1.88,2.44
2014.06.13 07:16:21.349,1.01958,1.01961,1.32,4.69
2014.06.13 07:16:22.796,1.01957,1.0196,1.63,2.44
2014.06.13 07:16:23.573,1.01957,1.0196,2.07,1.69
2014.06.13 07:16:27.172,1.01957,1.0196,2.07,1.69
2014.06.13 07:16:27.686,1.01957,1.0196,2.07,1.69
2014.06.13 07:16:28.650,1.01957,1.0196,1.50,3.57
2014.06.13 07:16:28.953,1.01955,1.01957,1.00,3.50
2014.06.13 07:16:29.460,1.01953,1.01955,3.19,1.00
2014.06.13 07:16:30.000,1.01953,1.01956,2.82,1.00
2014.06.13 07:16:30.302,1.01956,1.01958,1.63,1.00
2014.06.13 07:16:30.808,1.01957,1.01959,2.07,1.25
2014.06.13 07:16:31.315,1.01958,1.0196,1.38,2.25
2014.06.13 07:16:31.862,1.01957,1.0196,4.32,1.69
2014.06.13 07:16:32.375,1.01957,1.0196,2.07,1.69
2014.06.13 07:16:32.968,1.01957,1.01958,1.00,1.50
2014.06.13 07:16:33.070,1.01956,1.01957,1.00,1.25
2014.06.13 07:16:33.171,1.01954,1.01957,1.69,1.25
2014.06.13 07:16:33.711,1.01953,1.01956,5.07,1.50
2014.06.13 07:16:34.266,1.01953,1.01956,1.32,1.25
2014.06.13 07:16:35.845,1.01953,1.01956,4.32,1.00
2014.06.13 07:16:38.236,1.01953,1.01956,5.82,1.00
2014.06.13 07:16:38.489,1.01956,1.01959,2.82,2.44
2014.06.13 07:16:38.689,1.01957,1.01959,1.32,1.25
2014.06.13 07:16:39.488,1.01957,1.01959,3.57,1.00
2014.06.13 07:16:41.607,1.01956,1.01959,1.69,1.25
2014.06.13 07:16:42.113,1.01955,1.01958,5.44,2.07
2014.06.13 07:16:42.315,1.01954,1.01957,1.32,3.19
2014.06.13 07:16:44.735,1.01954,1.01957,2.82,1.69
2014.06.13 07:16:45.284,1.01955,1.01958,2.44,1.00
2014.06.13 07:16:45.689,1.01958,1.0196,1.00,2.44
2014.06.13 07:16:46.251,1.01956,1.0196,5.07,3.19
2014.06.13 07:16:46.762,1.01956,1.0196,5.07,1.00
2014.06.13 07:16:48.035,1.01956,1.01959,3.57,1.00
2014.06.13 07:16:48.542,1.01956,1.01958,3.38,1.00
2014.06.13 07:16:49.469,1.01956,1.01959,3.57,1.69
2014.06.13 07:16:52.846,1.01956,1.01958,3.57,1.00
2014.06.13 07:16:53.470,1.01956,1.01957,2.25,1.00
2014.06.13 07:16:53.980,1.01955,1.01957,3.57,1.00
2014.06.13 07:16:57.130,1.01957,1.01958,1.00,1.25
2014.06.13 07:16:58.643,1.01957,1.01958,1.25,1.00
2014.06.13 07:16:59.153,1.01957,1.01959,1.25,1.25
2014.06.13 07:17:00.370,1.01957,1.0196,2.82,1.00
2014.06.13 07:17:00.876,1.01957,1.01961,5.07,4.32
2014.06.13 07:17:01.182,1.01958,1.01961,2.07,1.50
2014.06.13 07:17:01.486,1.01962,1.01965,2.82,2.82
2014.06.13 07:17:01.539,1.01964,1.01968,1.13,2.82
2014.06.13 07:17:01.589,1.01964,1.01966,1.88,1.00
2014.06.13 07:17:01.691,1.01966,1.01968,1.50,1.50
2014.06.13 07:17:01.742,1.01966,1.0197,3.19,1.00
2014.06.13 07:17:02.249,1.01966,1.0197,1.25,3.19
2014.06.13 07:17:05.236,1.01966,1.0197,4.69,1.69
2014.06.13 07:17:07.264,1.01967,1.0197,1.25,2.07
2014.06.13 07:17:08.644,1.01966,1.0197,5.07,2.07
2014.06.13 07:17:09.689,1.01967,1.0197,1.25,1.32
2014.06.13 07:17:10.899,1.01967,1.0197,1.69,1.32
2014.06.13 07:17:11.405,1.01967,1.01969,1.19,1.00
2014.06.13 07:17:11.921,1.01967,1.0197,2.44,1.32
2014.06.13 07:17:13.870,1.01969,1.0197,1.00,1.25
2014.06.13 07:17:13.920,1.01969,1.01974,3.25,2.63
2014.06.13 07:17:13.974,1.01971,1.01975,2.63,3.00
2014.06.13 07:17:14.075,1.01973,1.01975,2.82,1.25
2014.06.13 07:17:14.277,1.01974,1.01977,1.32,1.00
2014.06.13 07:17:14.378,1.01977,1.01979,1.00,1.32
2014.06.13 07:17:14.436,1.01977,1.01979,1.50,1.32
2014.06.13 07:17:14.957,1.01977,1.01981,1.69,4.32
2014.06.13 07:17:15.977,1.01977,1.01979,1.69,1.00
2014.06.13 07:17:16.640,1.01977,1.0198,1.69,1.32
2014.06.13 07:17:22.526,1.01977,1.0198,1.69,1.32
2014.06.13 07:17:23.214,1.01977,1.01979,1.19,1.00
2014.06.13 07:17:23.718,1.01976,1.01979,5.82,1.50
2014.06.13 07:17:25.770,1.01975,1.01978,4.32,1.00
2014.06.13 07:17:27.574,1.01975,1.01978,1.32,1.25
2014.06.13 07:17:28.512,1.01974,1.01977,4.32,1.00
2014.06.13 07:17:29.075,1.01974,1.01975,1.00,1.00
2014.06.13 07:17:29.126,1.01973,1.01975,1.13,1.00
2014.06.13 07:17:29.638,1.01969,1.01972,1.50,1.69
2014.06.13 07:17:29.739,1.01969,1.0197,1.50,1.25
2014.06.13 07:17:29.841,1.01967,1.0197,3.94,1.25
2014.06.13 07:17:30.195,1.01967,1.01971,2.44,4.69
2014.06.13 07:17:30.728,1.01966,1.0197,5.07,1.19
2014.06.13 07:17:30.829,1.01966,1.01969,5.07,1.25
2014.06.13 07:17:32.413,1.01966,1.0197,1.32,4.69
2014.06.13 07:17:33.416,1.01965,1.01969,2.07,5.82
2014.06.13 07:17:34.557,1.01965,1.01968,1.13,2.44
2014.06.13 07:17:34.912,1.01965,1.01966,1.00,1.00
2014.06.13 07:17:35.079,1.01963,1.01964,1.00,1.32
2014.06.13 07:17:35.231,1.01961,1.01963,1.50,1.00
2014.06.13 07:17:35.334,1.01959,1.01962,2.07,1.69
2014.06.13 07:17:35.536,1.01961,1.01962,1.00,1.00
2014.06.13 07:17:35.688,1.01962,1.01965,1.25,3.94
2014.06.13 07:17:36.092,1.01961,1.01962,1.25,1.00
2014.06.13 07:17:36.546,1.01959,1.01962,1.25,4.69
2014.06.13 07:17:37.050,1.01958,1.0196,1.69,1.00
2014.06.13 07:17:37.831,1.01958,1.01961,2.07,1.25
2014.06.13 07:17:37.932,1.0196,1.01962,1.32,1.25
2014.06.13 07:17:38.134,1.01961,1.01963,2.44,1.00
2014.06.13 07:17:38.235,1.01962,1.01966,1.32,2.25
2014.06.13 07:17:38.740,1.01962,1.01966,5.07,2.44
2014.06.13 07:17:39.247,1.01963,1.01966,2.82,1.69
2014.06.13 07:17:41.997,1.01962,1.01964,2.25,1.00
2014.06.13 07:17:42.301,1.01962,1.01965,1.63,3.75
2014.06.13 07:17:42.805,1.01962,1.01966,5.82,3.19
2014.06.13 07:17:43.228,1.01962,1.01963,1.13,1.00
2014.06.13 07:17:43.481,1.01959,1.01962,1.25,2.07
2014.06.13 07:17:43.986,1.01958,1.0196,2.82,1.00
2014.06.13 07:17:44.490,1.01957,1.0196,5.07,1.00
2014.06.13 07:17:45.033,1.01958,1.01962,2.82,4.32
2014.06.13 07:17:45.789,1.01958,1.01962,3.57,3.94
2014.06.13 07:17:46.108,1.01964,1.01967,1.00,2.82
2014.06.13 07:17:46.614,1.01963,1.01966,1.25,1.32
2014.06.13 07:17:48.013,1.01963,1.01965,1.00,1.00
2014.06.13 07:17:48.216,1.0196,1.01964,2.07,1.69
2014.06.13 07:17:49.046,1.01961,1.01964,1.25,3.19
2014.06.13 07:17:49.450,1.0196,1.01962,1.13,1.19
2014.06.13 07:17:49.958,1.01958,1.01962,5.44,1.69
2014.06.13 07:17:55.988,1.0196,1.01962,1.00,2.07
2014.06.13 07:17:57.122,1.01959,1.01962,2.07,2.07
2014.06.13 07:17:57.425,1.01958,1.0196,1.88,2.82
2014.06.13 07:17:57.686,1.01959,1.01962,1.25,2.82
2014.06.13 07:17:58.884,1.01959,1.01961,1.00,1.32
2014.06.13 07:17:59.888,1.01959,1.01962,1.25,4.32
2014.06.13 07:18:00.766,1.01959,1.0196,1.25,1.00
2014.06.13 07:18:01.271,1.01958,1.0196,1.13,3.19
2014.06.13 07:18:03.024,1.01958,1.01961,1.25,3.57
2014.06.13 07:18:03.507,1.01959,1.01961,1.00,4.13
2014.06.13 07:18:03.711,1.01958,1.01961,2.44,3.57
2014.06.13 07:18:04.237,1.01959,1.01962,1.25,4.32
2014.06.13 07:18:04.935,1.01959,1.01962,2.82,1.50
2014.06.13 07:18:05.037,1.01961,1.01963,1.50,2.44
2014.06.13 07:18:05.138,1.01962,1.01964,1.00,1.50
2014.06.13 07:18:05.743,1.01963,1.01965,1.00,1.25
2014.06.13 07:18:05.794,1.01964,1.01966,1.00,1.50
2014.06.13 07:18:06.312,1.01965,1.01967,1.00,3.94
2014.06.13 07:18:07.137,1.01965,1.01968,1.00,4.32
2014.06.13 07:18:07.776,1.01965,1.01968,1.88,1.50
2014.06.13 07:18:08.282,1.01967,1.01969,1.00,1.69
2014.06.13 07:18:08.979,1.01967,1.01969,1.25,1.25
2014.06.13 07:18:09.906,1.01968,1.01969,1.00,1.25
2014.06.13 07:18:10.517,1.01968,1.0197,1.69,1.25
2014.06.13 07:18:11.022,1.01969,1.0197,1.00,1.25
2014.06.13 07:18:13.956,1.01967,1.0197,2.44,2.07
2014.06.13 07:18:14.276,1.01966,1.01969,1.69,3.19
2014.06.13 07:18:16.237,1.01966,1.01969,1.69,1.25
2014.06.13 07:18:16.741,1.01967,1.01969,1.00,3.19
2014.06.13 07:18:23.448,1.01966,1.01968,1.69,1.25
2014.06.13 07:18:29.295,1.01966,1.01968,1.00,3.57
2014.06.13 07:18:29.800,1.01967,1.01968,1.00,1.25
2014.06.13 07:18:31.678,1.01966,1.01968,1.25,1.25
2014.06.13 07:18:37.155,1.01967,1.01968,1.00,1.25
2014.06.13 07:18:43.132,1.01967,1.01969,1.00,4.13
2014.06.13 07:18:44.902,1.01967,1.01969,1.00,5.07
2014.06.13 07:18:49.718,1.01966,1.01969,1.25,5.07
2014.06.13 07:18:50.265,1.01965,1.01967,1.32,1.32
2014.06.13 07:18:50.775,1.01965,1.01967,1.00,3.57
2014.06.13 07:18:51.709,1.01966,1.01967,1.00,3.38
2014.06.13 07:18:53.771,1.01965,1.01967,1.00,4.32
2014.06.13 07:18:55.542,1.01962,1.01965,1.88,1.00
2014.06.13 07:18:55.593,1.01962,1.01964,1.88,2.44
2014.06.13 07:18:55.896,1.0196,1.01963,1.69,3.94
2014.06.13 07:18:56.431,1.0196,1.01962,1.00,3.19
2014.06.13 07:18:58.807,1.01959,1.01962,1.25,3.19
2014.06.13 07:19:01.920,1.0196,1.01962,1.00,3.19
2014.06.13 07:19:02.378,1.01961,1.01963,1.13,2.25
2014.06.13 07:19:02.479,1.01963,1.01965,1.50,3.94
2014.06.13 07:19:02.530,1.01964,1.01965,1.00,1.00
2014.06.13 07:19:02.631,1.01965,1.01968,1.32,1.50
2014.06.13 07:19:02.733,1.01967,1.01969,1.00,1.69
2014.06.13 07:19:03.072,1.01965,1.01968,2.44,2.25
2014.06.13 07:19:05.084,1.01965,1.01968,1.25,2.44
2014.06.13 07:19:15.448,1.01965,1.01966,1.25,1.00
2014.06.13 07:19:15.976,1.01964,1.01966,3.00,1.00
2014.06.13 07:19:16.497,1.01965,1.01966,1.25,1.00
2014.06.13 07:19:18.662,1.01965,1.01967,1.00,1.32
2014.06.13 07:19:25.491,1.01966,1.01968,1.00,4.13
2014.06.13 07:19:29.124,1.01966,1.01967,1.00,1.25
2014.06.13 07:19:29.427,1.01964,1.01967,1.88,1.25
2014.06.13 07:19:29.729,1.01964,1.01965,1.00,1.50
2014.06.13 07:19:29.931,1.0196,1.01963,5.07,1.25
2014.06.13 07:19:30.941,1.0196,1.01962,1.69,1.00
2014.06.13 07:19:31.455,1.0196,1.01963,1.25,1.25
2014.06.13 07:19:32.324,1.0196,1.01963,1.00,2.82
2014.06.13 07:19:34.728,1.0196,1.01962,1.00,2.44
2014.06.13 07:19:35.733,1.0196,1.01963,1.50,3.57
2014.06.13 07:19:40.502,1.01961,1.01964,1.32,3.94
2014.06.13 07:19:40.603,1.01962,1.01964,4.32,1.00
2014.06.13 07:19:41.113,1.01963,1.01966,2.07,1.19
2014.06.13 07:19:41.768,1.01963,1.01965,1.50,2.82
2014.06.13 07:19:42.021,1.01961,1.01963,1.25,1.00
2014.06.13 07:19:42.526,1.0196,1.01962,1.25,2.07
2014.06.13 07:19:43.076,1.0196,1.01962,1.00,4.32
2014.06.13 07:19:45.393,1.0196,1.01962,1.50,2.07
2014.06.13 07:19:46.422,1.0196,1.01962,1.00,3.19
2014.06.13 07:19:47.446,1.0196,1.01964,2.07,5.07
2014.06.13 07:19:47.631,1.01962,1.01964,1.00,1.25
2014.06.13 07:19:47.934,1.01964,1.01965,1.00,1.25
2014.06.13 07:19:48.841,1.01964,1.01966,1.69,1.25
2014.06.13 07:19:50.625,1.01964,1.01966,1.50,4.32
2014.06.13 07:19:50.726,1.01962,1.01965,1.25,1.32
2014.06.13 07:19:51.231,1.01964,1.01966,1.00,2.44
2014.06.13 07:19:52.273,1.01964,1.01966,2.44,1.25
2014.06.13 07:19:52.785,1.01964,1.01965,1.69,1.00
2014.06.13 07:19:53.303,1.01964,1.01966,1.69,1.25
2014.06.13 07:19:53.814,1.01965,1.01967,1.00,3.57
2014.06.13 07:19:55.867,1.01964,1.01967,2.44,2.07
2014.06.13 07:19:58.606,1.01965,1.01966,1.00,1.25
2014.06.13 07:20:00.644,1.01964,1.01966,1.25,1.25
2014.06.13 07:20:05.025,1.01962,1.01966,1.00,1.63
2014.06.13 07:20:05.076,1.01962,1.01963,1.50,1.25
2014.06.13 07:20:05.127,1.0196,1.01962,2.25,1.38
2014.06.13 07:20:05.178,1.01959,1.01962,2.25,1.63
2014.06.13 07:20:06.331,1.0196,1.01962,1.00,5.07
2014.06.13 07:20:06.836,1.0196,1.01962,1.00,2.07
2014.06.13 07:20:07.443,1.01959,1.01962,1.25,2.07
2014.06.13 07:20:11.086,1.01961,1.01962,1.00,3.75
2014.06.13 07:20:12.585,1.01961,1.01962,1.00,1.69
2014.06.13 07:20:13.712,1.0196,1.01962,1.00,1.69
2014.06.13 07:20:15.339,1.01961,1.01962,1.00,1.69
2014.06.13 07:20:17.851,1.01959,1.01961,2.44,1.00
2014.06.13 07:20:18.356,1.01957,1.0196,4.32,1.25
2014.06.13 07:20:19.863,1.01957,1.0196,2.82,1.25
2014.06.13 07:20:22.960,1.01959,1.0196,1.00,1.25
2014.06.13 07:20:24.156,1.01958,1.01961,1.00,4.88
2014.06.13 07:20:25.812,1.01959,1.0196,1.00,1.25
2014.06.13 07:20:26.345,1.01958,1.01961,1.00,4.88
2014.06.13 07:20:27.582,1.01957,1.0196,2.82,1.25
2014.06.13 07:20:30.395,1.01959,1.0196,1.00,1.25
2014.06.13 07:20:31.091,1.01958,1.01961,1.00,4.88
2014.06.13 07:20:32.625,1.01958,1.0196,1.00,5.07
2014.06.13 07:20:33.130,1.01956,1.01958,3.19,1.00
2014.06.13 07:20:33.678,1.01956,1.01958,3.94,1.00
2014.06.13 07:20:34.187,1.01956,1.01958,1.69,1.25
2014.06.13 07:20:35.678,1.01957,1.01958,1.00,1.25
2014.06.13 07:20:36.675,1.01956,1.01959,2.07,3.19
2014.06.13 07:20:37.198,1.01956,1.01959,4.32,1.25
2014.06.13 07:20:39.085,1.01956,1.01958,3.19,1.00
2014.06.13 07:20:40.856,1.01956,1.01958,1.25,1.69
2014.06.13 07:20:41.968,1.01956,1.01958,1.00,2.82
2014.06.13 07:20:42.171,1.01954,1.01955,1.50,2.63
2014.06.13 07:20:42.525,1.01951,1.01953,2.82,1.50
2014.06.13 07:20:43.037,1.01951,1.01953,1.25,1.25
2014.06.13 07:20:43.558,1.0195,1.01952,1.50,3.57
2014.06.13 07:20:43.861,1.01947,1.01949,1.25,2.32
2014.06.13 07:20:44.165,1.01945,1.01947,2.44,1.25
2014.06.13 07:20:44.669,1.01944,1.01947,1.69,1.69
2014.06.13 07:20:45.406,1.01944,1.01947,1.25,1.25
2014.06.13 07:20:45.931,1.01944,1.01947,3.19,1.69
2014.06.13 07:20:46.437,1.01944,1.01946,1.25,1.25
2014.06.13 07:20:48.823,1.01945,1.01946,1.00,1.69
2014.06.13 07:20:52.300,1.01944,1.01947,3.75,1.63
2014.06.13 07:20:52.806,1.01944,1.01947,1.69,3.57
2014.06.13 07:20:53.368,1.01944,1.01947,2.44,3.57
2014.06.13 07:20:55.040,1.01944,1.01947,2.44,3.07
2014.06.13 07:20:55.553,1.01944,1.01947,1.00,3.94
2014.06.13 07:20:56.824,1.01943,1.01946,2.07,2.69
2014.06.13 07:20:56.976,1.0194,1.01944,2.07,4.70
2014.06.13 07:20:57.279,1.01938,1.01942,3.57,5.32
2014.06.13 07:20:57.330,1.01939,1.01942,1.69,6.07
2014.06.13 07:20:57.482,1.01939,1.01942,5.07,2.44
2014.06.13 07:20:58.384,1.0194,1.01943,2.82,1.25
2014.06.13 07:20:58.888,1.01941,1.01944,1.25,1.32
2014.06.13 07:20:59.413,1.01942,1.01944,1.00,1.32
2014.06.13 07:20:59.616,1.0194,1.01944,1.69,3.57
2014.06.13 07:21:00.144,1.0194,1.01943,2.44,1.63
2014.06.13 07:21:01.615,1.0194,1.01943,4.32,1.69
2014.06.13 07:21:06.622,1.01942,1.01944,1.00,3.57
2014.06.13 07:21:07.128,1.01943,1.01945,2.25,2.44
2014.06.13 07:21:07.633,1.01944,1.01946,1.00,1.32
2014.06.13 07:21:08.192,1.01943,1.01945,1.25,1.32
2014.06.13 07:21:09.935,1.01942,1.01945,2.44,1.63
2014.06.13 07:21:10.289,1.01941,1.01945,1.50,6.57
2014.06.13 07:21:10.491,1.0194,1.01942,1.69,1.63
2014.06.13 07:21:11.009,1.01939,1.01942,3.57,1.25
2014.06.13 07:21:11.160,1.01941,1.01943,2.82,1.50
2014.06.13 07:21:11.261,1.01942,1.01944,1.25,1.25
2014.06.13 07:21:11.464,1.01941,1.01943,1.00,2.82
2014.06.13 07:21:11.616,1.01939,1.01942,1.50,1.19
2014.06.13 07:21:12.172,1.01939,1.01941,3.19,1.00
2014.06.13 07:21:12.475,1.01941,1.01944,1.25,5.07
2014.06.13 07:21:12.778,1.01938,1.01942,2.44,2.82
2014.06.13 07:21:13.290,1.0194,1.01943,1.00,5.07
2014.06.13 07:21:13.755,1.01942,1.01943,1.00,1.00
2014.06.13 07:21:14.109,1.01943,1.01946,1.50,3.57
2014.06.13 07:21:16.205,1.01943,1.01947,1.69,5.07
2014.06.13 07:21:18.533,1.01943,1.01946,1.25,1.32
2014.06.13 07:21:20.032,1.01942,1.01945,1.50,3.57
2014.06.13 07:21:20.185,1.01941,1.01943,1.00,1.32
2014.06.13 07:21:20.690,1.0194,1.01942,1.25,2.07
2014.06.13 07:21:21.427,1.0194,1.01942,4.69,1.00
2014.06.13 07:21:21.730,1.01942,1.01945,2.44,1.32
2014.06.13 07:21:22.292,1.01943,1.01945,1.00,1.25
2014.06.13 07:21:22.797,1.01944,1.01945,1.00,1.00
2014.06.13 07:21:33.805,1.01943,1.01945,1.25,1.32
2014.06.13 07:21:37.171,1.01943,1.01945,1.25,2.07
2014.06.13 07:21:39.182,1.01941,1.01944,1.13,4.32
2014.06.13 07:21:39.284,1.0194,1.01943,3.19,1.63
2014.06.13 07:21:39.788,1.0194,1.01942,1.25,1.32
2014.06.13 07:21:43.252,1.0194,1.01941,1.00,1.00
2014.06.13 07:21:43.780,1.0194,1.01942,1.32,1.25
2014.06.13 07:21:43.932,1.01941,1.01943,1.00,2.25
2014.06.13 07:21:44.598,1.01942,1.01944,1.00,4.32
2014.06.13 07:21:48.858,1.0194,1.01943,4.69,1.25
2014.06.13 07:21:49.161,1.01939,1.01941,1.00,3.94
2014.06.13 07:21:49.515,1.01937,1.0194,3.94,1.32
2014.06.13 07:21:50.809,1.01938,1.0194,1.69,1.25
2014.06.13 07:21:50.860,1.0194,1.01943,1.25,5.07
2014.06.13 07:21:50.961,1.01942,1.01943,1.00,1.25
2014.06.13 07:21:51.466,1.01943,1.01944,1.00,3.00
2014.06.13 07:21:51.976,1.01943,1.01945,1.50,2.44
2014.06.13 07:21:52.481,1.01944,1.01946,1.00,2.44
2014.06.13 07:21:53.086,1.01943,1.01946,2.44,1.32
2014.06.13 07:21:54.060,1.01943,1.01946,2.44,1.32
2014.06.13 07:21:54.573,1.01942,1.01944,1.00,1.32
2014.06.13 07:21:54.876,1.0194,1.01942,1.00,1.63
2014.06.13 07:21:55.028,1.01938,1.0194,1.50,2.44
2014.06.13 07:21:55.532,1.01938,1.0194,1.00,2.25
2014.06.13 07:21:55.635,1.01937,1.01941,2.44,3.19
2014.06.13 07:21:56.681,1.01937,1.01941,3.19,3.19
2014.06.13 07:21:58.265,1.01939,1.01941,1.00,1.00
2014.06.13 07:21:58.467,1.0194,1.01943,2.44,2.82
2014.06.13 07:21:58.972,1.01942,1.01944,1.00,2.44
2014.06.13 07:21:59.476,1.01942,1.01945,1.25,3.57
2014.06.13 07:22:01.187,1.01942,1.01946,4.69,5.07
2014.06.13 07:22:01.693,1.01944,1.01947,1.25,5.07
2014.06.13 07:22:10.127,1.01943,1.01947,3.75,2.82
2014.06.13 07:22:10.278,1.01942,1.01944,1.32,1.00
2014.06.13 07:22:10.433,1.01942,1.01945,1.69,1.69
2014.06.13 07:22:12.745,1.01942,1.01945,1.32,1.25
2014.06.13 07:22:14.171,1.01941,1.01944,3.75,1.19
2014.06.13 07:22:14.474,1.01943,1.01945,1.25,1.25
2014.06.13 07:22:15.412,1.01943,1.01947,2.44,4.69
2014.06.13 07:22:16.682,1.01944,1.01947,1.00,4.69
2014.06.13 07:22:17.465,1.01943,1.01947,2.44,4.69
2014.06.13 07:22:18.081,1.01944,1.01947,1.00,4.32
2014.06.13 07:22:22.749,1.01944,1.01947,2.07,1.69
2014.06.13 07:22:24.442,1.01944,1.01947,1.32,1.69
2014.06.13 07:22:26.065,1.01944,1.01947,2.82,1.69
2014.06.13 07:22:28.184,1.01945,1.01947,1.00,2.82
2014.06.13 07:22:28.704,1.01944,1.01947,1.25,2.82
2014.06.13 07:22:29.272,1.01944,1.01947,1.69,2.07
2014.06.13 07:22:30.400,1.01944,1.01947,1.25,2.82
2014.06.13 07:22:31.486,1.01944,1.01947,2.82,1.69
2014.06.13 07:22:31.800,1.01944,1.01946,1.88,1.00
2014.06.13 07:22:32.705,1.01944,1.01945,1.25,1.00
2014.06.13 07:22:33.890,1.01944,1.01946,1.25,1.25
2014.06.13 07:22:34.775,1.01945,1.01947,1.00,2.82
2014.06.13 07:22:36.738,1.01945,1.01947,1.00,2.63
2014.06.13 07:22:38.248,1.01944,1.01947,1.25,2.82
2014.06.13 07:22:43.766,1.01945,1.01947,1.00,2.82
2014.06.13 07:22:44.279,1.01944,1.01947,1.69,2.82
2014.06.13 07:22:46.162,1.01945,1.01947,1.00,2.82
2014.06.13 07:22:46.708,1.01944,1.01947,1.25,2.82
2014.06.13 07:22:48.025,1.01944,1.01947,2.44,2.07
2014.06.13 07:22:49.095,1.01944,1.01947,1.25,2.82
2014.06.13 07:22:50.099,1.01944,1.01947,1.69,2.07
2014.06.13 07:22:56.280,1.01944,1.01947,1.69,2.82
2014.06.13 07:22:57.864,1.01944,1.01947,1.69,2.07
2014.06.13 07:22:58.905,1.01944,1.01947,1.25,2.82
2014.06.13 07:23:00.981,1.01944,1.01947,2.07,1.25
2014.06.13 07:23:04.026,1.01946,1.01947,1.00,1.25
2014.06.13 07:23:04.543,1.01945,1.01947,1.25,1.25
2014.06.13 07:23:06.117,1.01945,1.01947,3.19,1.00
2014.06.13 07:23:06.623,1.01946,1.01949,1.25,3.57
2014.06.13 07:23:08.872,1.01947,1.01949,1.00,2.82
2014.06.13 07:23:13.913,1.01946,1.01949,2.44,4.32
2014.06.13 07:23:19.145,1.01946,1.01949,1.69,1.69
2014.06.13 07:23:19.740,1.01946,1.01949,3.94,1.69
2014.06.13 07:23:22.034,1.01946,1.01949,1.50,3.94
2014.06.13 07:23:22.834,1.01946,1.01949,3.57,1.25
2014.06.13 07:23:22.935,1.01948,1.0195,2.07,1.00
2014.06.13 07:23:23.238,1.01954,1.01955,1.50,1.13
2014.06.13 07:23:23.339,1.01954,1.01958,1.50,4.32
2014.06.13 07:23:24.047,1.01955,1.01958,1.00,2.07
2014.06.13 07:23:24.911,1.01954,1.01958,4.69,2.07
2014.06.13 07:23:26.192,1.01954,1.01958,5.07,2.07
2014.06.13 07:23:26.981,1.01956,1.01958,1.50,2.07
2014.06.13 07:23:27.486,1.01954,1.01957,5.07,1.00
2014.06.13 07:23:27.537,1.01954,1.01957,5.82,1.00
2014.06.13 07:23:28.086,1.01954,1.01957,4.32,1.25
2014.06.13 07:23:31.157,1.01954,1.01956,2.44,1.00
2014.06.13 07:23:32.577,1.01953,1.01955,2.07,1.00
2014.06.13 07:23:33.488,1.01954,1.01955,1.00,1.00
2014.06.13 07:23:33.993,1.01954,1.01956,1.00,1.32
2014.06.13 07:23:34.542,1.01954,1.01956,1.00,2.07
2014.06.13 07:23:35.548,1.01954,1.01957,1.00,2.82
2014.06.13 07:23:37.527,1.01954,1.01957,1.25,1.32
2014.06.13 07:23:38.077,1.01953,1.01956,4.32,1.00
2014.06.13 07:23:44.488,1.01953,1.01956,3.57,1.25
2014.06.13 07:23:44.993,1.01954,1.01956,1.00,1.25
2014.06.13 07:23:45.588,1.01953,1.01956,3.57,1.25
2014.06.13 07:23:48.925,1.01953,1.01956,2.82,1.69
2014.06.13 07:23:50.119,1.01953,1.01956,2.82,1.69
2014.06.13 07:23:51.105,1.01953,1.01956,2.82,1.50
2014.06.13 07:24:04.805,1.01953,1.01957,4.32,4.32
2014.06.13 07:24:07.927,1.01953,1.01957,5.82,2.07
2014.06.13 07:24:09.243,1.01953,1.01957,2.82,5.07
2014.06.13 07:24:09.915,1.01953,1.01955,2.82,1.00
2014.06.13 07:24:10.423,1.01953,1.01955,1.50,3.19
2014.06.13 07:24:16.784,1.01951,1.01954,1.25,3.44
2014.06.13 07:24:16.836,1.01951,1.01952,1.69,1.00
2014.06.13 07:24:17.182,1.01951,1.01952,1.50,1.25
2014.06.13 07:24:17.435,1.01951,1.01953,1.88,1.00
2014.06.13 07:24:17.687,1.01953,1.01955,1.00,1.25
2014.06.13 07:24:18.193,1.01953,1.01954,1.00,1.00
2014.06.13 07:24:19.827,1.01953,1.01955,1.00,2.44
2014.06.13 07:24:20.284,1.01953,1.01955,1.50,3.94
2014.06.13 07:24:21.399,1.01953,1.01956,2.07,3.57
2014.06.13 07:24:22.169,1.01953,1.01955,2.07,1.00
2014.06.13 07:24:23.013,1.01955,1.01956,1.00,1.25
2014.06.13 07:24:23.934,1.01955,1.01957,1.00,3.94
2014.06.13 07:24:28.628,1.01955,1.01956,1.00,1.00
2014.06.13 07:24:29.755,1.01954,1.01957,2.44,4.19
2014.06.13 07:24:30.261,1.01955,1.01957,1.00,3.19
2014.06.13 07:24:32.487,1.01955,1.01956,1.00,1.00
2014.06.13 07:24:33.239,1.01955,1.01957,1.00,3.57
2014.06.13 07:24:33.782,1.01954,1.01957,1.13,4.32
2014.06.13 07:24:36.014,1.01955,1.01957,1.13,3.19
2014.06.13 07:24:36.524,1.01954,1.01955,1.00,1.25
2014.06.13 07:24:39.569,1.01952,1.01955,2.07,2.82
2014.06.13 07:24:40.075,1.01953,1.01954,1.00,1.00
2014.06.13 07:24:40.654,1.01953,1.01955,1.00,2.44
2014.06.13 07:24:48.520,1.01953,1.01954,1.00,1.00
2014.06.13 07:24:50.873,1.01952,1.01954,1.25,1.00
2014.06.13 07:24:51.379,1.01952,1.01954,1.32,2.44
2014.06.13 07:24:54.369,1.01952,1.01953,1.25,1.00
2014.06.13 07:24:57.060,1.0195,1.01953,3.00,1.13
2014.06.13 07:24:57.111,1.01949,1.01952,1.13,1.00
2014.06.13 07:24:57.365,1.01947,1.01949,1.50,1.00
2014.06.13 07:24:57.871,1.01946,1.01948,1.25,2.44
2014.06.13 07:24:59.328,1.01946,1.01947,1.25,1.00
2014.06.13 07:24:59.959,1.01946,1.01948,1.25,3.19
2014.06.13 07:25:01.090,1.01946,1.01948,1.25,4.32
2014.06.13 07:25:01.556,1.01944,1.01946,2.25,2.44
2014.06.13 07:25:02.736,1.01942,1.01944,1.13,1.25
2014.06.13 07:25:02.837,1.01941,1.01943,1.00,1.32
2014.06.13 07:25:02.989,1.0194,1.01943,1.25,3.57
2014.06.13 07:25:03.141,1.01938,1.0194,1.69,2.44
2014.06.13 07:25:03.355,1.01937,1.01939,1.50,1.25
2014.06.13 07:25:03.406,1.01935,1.01938,1.69,1.00
2014.06.13 07:25:03.982,1.01936,1.01937,1.25,1.00
2014.06.13 07:25:05.592,1.01936,1.01938,1.25,3.19
2014.06.13 07:25:06.197,1.01936,1.01938,1.00,3.19
2014.06.13 07:25:07.240,1.01935,1.01937,1.32,1.00
2014.06.13 07:25:07.596,1.01935,1.01936,1.13,1.25
2014.06.13 07:25:07.697,1.01935,1.01936,1.13,1.25
2014.06.13 07:25:10.116,1.01933,1.01936,2.07,1.25
2014.06.13 07:25:12.088,1.01933,1.01936,2.82,1.69
2014.06.13 07:25:13.716,1.01933,1.01937,3.94,3.94
2014.06.13 07:25:15.115,1.01934,1.01937,1.32,1.69
2014.06.13 07:25:16.740,1.01934,1.01937,1.63,1.69
2014.06.13 07:25:19.436,1.01935,1.01937,1.00,1.19
2014.06.13 07:25:20.766,1.01932,1.01935,3.19,1.00
2014.06.13 07:25:20.817,1.01932,1.01935,2.44,1.00
2014.06.13 07:25:21.322,1.01932,1.01936,2.44,3.19
2014.06.13 07:25:21.834,1.01932,1.01936,1.69,3.94
2014.06.13 07:25:22.753,1.01932,1.01936,3.19,2.44
2014.06.13 07:25:24.999,1.01932,1.01936,3.19,2.44
2014.06.13 07:25:26.586,1.01933,1.01935,1.63,1.00
2014.06.13 07:25:27.091,1.01933,1.01936,1.13,2.44
2014.06.13 07:25:28.140,1.01933,1.01934,1.13,1.00
2014.06.13 07:25:28.645,1.01933,1.01935,1.00,1.25
2014.06.13 07:25:30.792,1.01933,1.01934,1.25,1.00
2014.06.13 07:25:33.067,1.01932,1.01934,1.25,1.00
2014.06.13 07:25:33.247,1.0193,1.01933,3.57,1.69
2014.06.13 07:25:33.753,1.01931,1.01934,1.69,1.25
2014.06.13 07:25:36.159,1.0193,1.01932,1.38,1.50
2014.06.13 07:25:36.462,1.01931,1.01934,1.63,1.32
2014.06.13 07:25:37.229,1.01932,1.01934,1.63,1.00
2014.06.13 07:25:37.746,1.01932,1.01935,2.07,1.25
2014.06.13 07:25:39.268,1.01932,1.01936,5.07,2.44
2014.06.13 07:25:41.788,1.01933,1.01936,1.32,1.69
2014.06.13 07:25:42.365,1.01932,1.01935,2.07,2.44
2014.06.13 07:25:42.869,1.01932,1.01934,1.50,1.19
2014.06.13 07:25:43.578,1.01932,1.01935,2.07,2.44
2014.06.13 07:25:45.182,1.01934,1.01936,1.13,3.94
2014.06.13 07:25:46.194,1.01933,1.01936,2.82,1.25
2014.06.13 07:25:47.060,1.01933,1.01935,3.00,1.00
2014.06.13 07:25:47.479,1.01934,1.01936,1.32,1.25
2014.06.13 07:25:48.228,1.01934,1.01937,1.63,1.69
2014.06.13 07:25:48.729,1.01934,1.01937,2.07,1.25
2014.06.13 07:25:52.020,1.01934,1.01936,1.32,1.25
2014.06.13 07:25:54.421,1.01934,1.01936,2.07,1.00
2014.06.13 07:25:55.008,1.01934,1.01937,2.07,1.25
2014.06.13 07:25:55.983,1.01934,1.01936,2.07,1.00
2014.06.13 07:25:56.491,1.01934,1.01937,2.07,1.25
2014.06.13 07:25:56.995,1.01934,1.01936,3.57,1.00
2014.06.13 07:26:00.258,1.01934,1.01937,4.32,1.25
2014.06.13 07:26:00.843,1.01935,1.01938,2.82,2.44
2014.06.13 07:26:03.783,1.01935,1.01937,2.82,1.00
2014.06.13 07:26:04.288,1.01934,1.01936,4.32,1.00
2014.06.13 07:26:04.825,1.01934,1.01938,4.32,4.69
2014.06.13 07:26:09.157,1.01935,1.01938,1.32,3.19
2014.06.13 07:26:11.935,1.01934,1.01938,2.44,4.32
2014.06.13 07:26:12.338,1.01933,1.01935,2.82,1.00
2014.06.13 07:26:12.842,1.01933,1.01935,2.82,1.50
2014.06.13 07:26:13.346,1.01933,1.01935,2.07,1.50
2014.06.13 07:26:14.028,1.01934,1.01935,1.00,1.25
2014.06.13 07:26:15.929,1.01934,1.01936,1.00,1.25
2014.06.13 07:26:16.465,1.01934,1.01935,1.25,1.00
2014.06.13 07:26:16.972,1.01934,1.01936,1.69,1.25
2014.06.13 07:26:24.019,1.01935,1.01936,1.00,1.69
2014.06.13 07:26:25.927,1.01934,1.01936,1.25,1.69
2014.06.13 07:26:31.874,1.01935,1.01936,1.00,1.25
2014.06.13 07:26:32.394,1.01935,1.01937,1.00,3.75
2014.06.13 07:26:32.933,1.01935,1.01937,1.00,3.94
2014.06.13 07:26:36.563,1.01935,1.01937,1.00,2.07
2014.06.13 07:26:37.889,1.01934,1.01936,1.25,1.00
2014.06.13 07:26:38.399,1.01934,1.01936,1.69,1.00
2014.06.13 07:26:39.353,1.01933,1.01935,3.19,1.50
2014.06.13 07:26:40.460,1.01932,1.01934,1.19,1.13
2014.06.13 07:26:40.965,1.01931,1.01933,3.94,1.00
2014.06.13 07:26:41.520,1.01931,1.01933,2.44,1.25
2014.06.13 07:26:43.491,1.0193,1.01932,2.25,1.57
2014.06.13 07:26:43.744,1.01925,1.01928,1.00,1.00
2014.06.13 07:26:43.947,1.01926,1.01928,1.00,3.19
2014.06.13 07:26:44.383,1.01925,1.01928,1.25,3.19
2014.06.13 07:26:46.331,1.01925,1.01928,1.63,2.44
2014.06.13 07:26:47.645,1.01925,1.01928,2.82,1.25
2014.06.13 07:26:48.188,1.01925,1.01928,2.82,1.25
2014.06.13 07:26:48.289,1.01926,1.01929,1.25,3.94
2014.06.13 07:26:48.592,1.01929,1.0193,1.13,1.69
2014.06.13 07:26:49.106,1.01928,1.0193,1.32,2.44
2014.06.13 07:26:49.620,1.01928,1.0193,1.00,3.19
2014.06.13 07:26:50.375,1.01927,1.0193,1.32,3.94
2014.06.13 07:26:51.646,1.01926,1.01929,2.82,2.44
2014.06.13 07:26:52.313,1.01926,1.01929,2.07,2.44
2014.06.13 07:26:52.828,1.01924,1.01928,4.69,3.19
2014.06.13 07:26:53.359,1.01924,1.01927,1.32,2.44
2014.06.13 07:26:54.504,1.01924,1.01927,1.63,3.94
2014.06.13 07:27:01.422,1.01924,1.01926,1.32,1.69
2014.06.13 07:27:03.111,1.01923,1.01926,2.82,3.19
2014.06.13 07:27:03.615,1.01923,1.01926,1.69,3.57
2014.06.13 07:27:06.319,1.01923,1.01925,1.25,1.63
2014.06.13 07:27:06.548,1.01919,1.01922,2.82,1.00
2014.06.13 07:27:06.651,1.01919,1.01921,1.00,3.19
2014.06.13 07:27:07.005,1.01916,1.0192,3.94,3.19
2014.06.13 07:27:07.157,1.01916,1.01918,1.00,1.69
2014.06.13 07:27:07.460,1.01914,1.01916,1.25,1.25
2014.06.13 07:27:07.973,1.01913,1.01916,1.00,3.94
2014.06.13 07:27:08.579,1.01912,1.01916,2.82,4.32
2014.06.13 07:27:09.813,1.01914,1.01915,1.00,2.44
2014.06.13 07:27:10.167,1.0191,1.01913,1.00,2.82
2014.06.13 07:27:10.572,1.01908,1.0191,1.69,2.44
2014.06.13 07:27:11.497,1.01907,1.0191,1.25,3.94
2014.06.13 07:27:12.515,1.01908,1.0191,1.00,3.19
2014.06.13 07:27:13.484,1.01908,1.0191,1.00,1.50
2014.06.13 07:27:13.586,1.01909,1.01913,1.32,3.57
2014.06.13 07:27:13.688,1.01909,1.01913,2.82,2.63
2014.06.13 07:27:14.193,1.01912,1.01914,1.00,2.44
2014.06.13 07:27:14.697,1.01912,1.01915,1.69,2.82
2014.06.13 07:27:16.221,1.01912,1.01915,2.07,1.25
2014.06.13 07:27:16.729,1.01912,1.01914,2.07,1.00
2014.06.13 07:27:17.234,1.01913,1.01914,1.25,1.00
2014.06.13 07:27:17.637,1.01913,1.01917,5.07,3.94
2014.06.13 07:27:20.127,1.01915,1.01917,1.00,1.69
2014.06.13 07:27:21.357,1.01915,1.01916,1.25,1.00
2014.06.13 07:27:21.908,1.01916,1.01917,1.00,1.69
2014.06.13 07:27:22.450,1.01914,1.01917,3.57,1.69
2014.06.13 07:27:23.033,1.01914,1.01917,1.63,2.44
2014.06.13 07:27:23.553,1.01914,1.01917,2.07,1.69
2014.06.13 07:27:24.320,1.01914,1.01916,2.07,1.00
2014.06.13 07:27:24.822,1.01914,1.01917,4.32,1.69
2014.06.13 07:27:25.581,1.01914,1.01917,1.69,4.32
2014.06.13 07:27:27.294,1.01914,1.01917,1.25,2.07
2014.06.13 07:27:27.800,1.01914,1.01917,1.25,5.07
2014.06.13 07:27:30.615,1.01914,1.01917,1.19,3.57
2014.06.13 07:27:31.274,1.01914,1.01916,1.19,1.00
2014.06.13 07:27:31.779,1.01914,1.01917,1.25,5.07
2014.06.13 07:27:41.742,1.01914,1.01917,3.57,1.69
2014.06.13 07:27:42.289,1.01914,1.01916,3.57,1.00
2014.06.13 07:27:42.802,1.01914,1.01917,1.32,4.69
2014.06.13 07:27:44.343,1.01914,1.01917,1.63,4.69
2014.06.13 07:27:44.891,1.01914,1.01917,3.57,2.44
2014.06.13 07:27:54.764,1.01914,1.01916,4.32,1.00
2014.06.13 07:28:00.795,1.01914,1.01917,3.57,2.44
2014.06.13 07:28:02.494,1.01916,1.01917,1.00,1.25
2014.06.13 07:28:03.972,1.01914,1.01917,3.57,2.44
2014.06.13 07:28:07.765,1.01914,1.01917,2.07,3.19
2014.06.13 07:28:08.811,1.01914,1.01917,5.07,1.25
2014.06.13 07:28:11.834,1.01914,1.01917,2.44,3.94
2014.06.13 07:28:12.814,1.01915,1.01917,1.25,2.44
2014.06.13 07:28:17.930,1.01914,1.01918,5.07,3.00
2014.06.13 07:28:18.233,1.01918,1.01922,5.82,1.69
2014.06.13 07:28:19.200,1.01921,1.01922,1.00,1.25
2014.06.13 07:28:19.402,1.01922,1.01924,2.13,3.00
2014.06.13 07:28:20.280,1.01923,1.01925,1.00,3.19
2014.06.13 07:28:24.792,1.01924,1.01925,1.13,1.25
2014.06.13 07:28:25.800,1.01923,1.01927,5.07,3.94
2014.06.13 07:28:33.419,1.01923,1.01925,4.32,1.00
2014.06.13 07:28:34.016,1.01923,1.01925,1.25,1.25
2014.06.13 07:28:37.102,1.01924,1.01926,1.00,1.69
2014.06.13 07:28:37.675,1.01923,1.01926,1.32,2.44
2014.06.13 07:28:39.185,1.01923,1.01926,1.32,1.69
2014.06.13 07:28:39.708,1.01923,1.01925,1.32,1.00
2014.06.13 07:28:41.407,1.01923,1.01925,1.25,1.63
2014.06.13 07:28:41.712,1.01918,1.01921,1.32,1.69
2014.06.13 07:28:41.964,1.01918,1.01921,3.57,1.25
2014.06.13 07:28:42.707,1.01918,1.01921,1.32,3.19
2014.06.13 07:28:43.111,1.01919,1.01922,2.82,2.44
2014.06.13 07:28:43.414,1.01921,1.01923,1.57,1.00
2014.06.13 07:28:43.924,1.01922,1.01925,1.32,2.44
2014.06.13 07:28:44.429,1.01922,1.01926,1.63,4.69
2014.06.13 07:28:45.261,1.01923,1.01926,1.63,2.44
2014.06.13 07:28:45.937,1.01924,1.01926,1.13,1.25
2014.06.13 07:28:46.240,1.01921,1.01924,2.82,2.44
2014.06.13 07:28:48.661,1.01921,1.01924,2.07,2.44
2014.06.13 07:28:50.205,1.01922,1.01924,1.00,2.44
2014.06.13 07:28:50.255,1.01924,1.01925,2.63,1.00
2014.06.13 07:28:50.761,1.01921,1.01925,5.07,5.07
2014.06.13 07:28:51.291,1.01921,1.01925,1.00,5.82
2014.06.13 07:28:51.392,1.01919,1.01921,1.50,1.00
2014.06.13 07:28:51.597,1.01918,1.0192,1.25,1.69
2014.06.13 07:28:52.101,1.01917,1.0192,3.19,3.19
2014.06.13 07:28:52.624,1.01917,1.0192,2.44,3.94
2014.06.13 07:28:53.169,1.01917,1.0192,5.07,1.25
2014.06.13 07:28:56.095,1.01918,1.01921,1.63,3.94
2014.06.13 07:28:56.449,1.01921,1.01922,1.00,1.00
2014.06.13 07:28:57.210,1.01921,1.01923,1.13,3.19
2014.06.13 07:28:58.080,1.01921,1.01923,1.13,1.00
2014.06.13 07:28:58.384,1.01923,1.01926,1.32,3.19
2014.06.13 07:28:59.186,1.01923,1.01925,1.50,2.44
2014.06.13 07:29:00.288,1.01923,1.01925,2.88,2.25
2014.06.13 07:29:00.492,1.01923,1.01927,5.44,3.94
2014.06.13 07:29:05.466,1.01923,1.01926,2.82,2.44
2014.06.13 07:29:07.152,1.01924,1.01926,1.00,2.44
2014.06.13 07:29:08.111,1.01924,1.01926,1.00,3.94
2014.06.13 07:29:08.670,1.01923,1.01924,1.00,1.25
2014.06.13 07:29:09.497,1.01924,1.01925,1.00,1.25
2014.06.13 07:29:09.823,1.01924,1.01926,1.00,6.19
2014.06.13 07:29:09.874,1.01922,1.01924,1.50,4.25
2014.06.13 07:29:12.200,1.01922,1.01924,1.88,4.25
2014.06.13 07:29:16.616,1.01921,1.01923,1.25,1.25
2014.06.13 07:29:16.719,1.0192,1.01922,1.00,3.13
2014.06.13 07:29:16.922,1.01919,1.01921,1.50,1.25
2014.06.13 07:29:17.450,1.01918,1.0192,1.00,1.32
2014.06.13 07:29:17.956,1.01917,1.0192,3.19,1.32
2014.06.13 07:29:20.419,1.01917,1.01921,2.82,4.32
2014.06.13 07:29:26.269,1.01919,1.01921,1.00,3.57
2014.06.13 07:29:29.815,1.01919,1.01922,1.69,3.57
2014.06.13 07:29:30.321,1.01919,1.01921,1.50,1.19
2014.06.13 07:29:32.155,1.01918,1.01921,1.69,2.82
2014.06.13 07:29:33.025,1.01919,1.01922,1.50,3.57
2014.06.13 07:29:35.516,1.01918,1.01921,1.25,2.82
2014.06.13 07:29:36.021,1.01919,1.0192,1.00,1.32
2014.06.13 07:29:37.608,1.01918,1.0192,1.25,1.32
2014.06.13 07:29:40.611,1.01919,1.01921,1.00,2.25
2014.06.13 07:29:40.965,1.01918,1.01921,1.69,2.82
2014.06.13 07:29:41.067,1.01918,1.01921,1.25,2.82
2014.06.13 07:29:41.398,1.01919,1.01921,1.00,2.82
2014.06.13 07:29:42.400,1.01918,1.01921,1.25,2.82
2014.06.13 07:29:44.747,1.01919,1.0192,1.00,1.25
2014.06.13 07:29:45.256,1.01919,1.01921,1.25,1.25
2014.06.13 07:29:45.610,1.01921,1.01923,1.00,1.50
2014.06.13 07:29:45.912,1.01922,1.01925,1.63,3.94
2014.06.13 07:29:46.417,1.01923,1.01926,2.07,2.82
2014.06.13 07:29:46.972,1.01923,1.01926,2.07,1.25
2014.06.13 07:29:47.687,1.01923,1.01925,2.07,1.00
2014.06.13 07:29:49.227,1.01924,1.01927,1.25,4.32
2014.06.13 07:29:49.986,1.01924,1.01927,2.44,1.32
2014.06.13 07:29:50.493,1.01924,1.01927,1.69,2.82
2014.06.13 07:29:50.998,1.01924,1.01928,2.07,4.32
2014.06.13 07:29:51.507,1.01925,1.01928,1.00,2.82
2014.06.13 07:29:52.907,1.01925,1.01927,1.00,2.44
2014.06.13 07:29:53.424,1.01924,1.01927,1.69,3.19
2014.06.13 07:29:53.929,1.01925,1.01927,1.00,3.19
2014.06.13 07:29:54.463,1.01924,1.01927,1.25,3.19
2014.06.13 07:29:57.646,1.01924,1.01927,1.00,1.25
2014.06.13 07:29:58.235,1.01924,1.01927,1.25,3.19
2014.06.13 07:29:58.969,1.01924,1.01928,1.69,5.07
2014.06.13 07:30:00.992,1.01924,1.01927,1.25,2.44
2014.06.13 07:30:01.914,1.01925,1.01927,1.00,2.44
2014.06.13 07:30:02.525,1.01924,1.01927,1.25,2.44
2014.06.13 07:30:10.071,1.01924,1.01927,1.25,1.32
2014.06.13 07:30:10.595,1.01924,1.01927,1.25,3.19
2014.06.13 07:30:13.079,1.01923,1.01927,5.07,2.07
2014.06.13 07:30:13.703,1.01923,1.01926,4.32,1.00
2014.06.13 07:30:15.374,1.01923,1.01925,1.69,1.00
2014.06.13 07:30:15.903,1.01923,1.01926,1.69,1.25
2014.06.13 07:30:16.444,1.01923,1.01926,1.25,2.07
2014.06.13 07:30:16.954,1.01924,1.01925,1.00,1.25
2014.06.13 07:30:17.256,1.0192,1.01923,3.19,2.07
2014.06.13 07:30:17.560,1.01918,1.0192,2.82,1.00
2014.06.13 07:30:18.066,1.01919,1.0192,1.00,1.00
2014.06.13 07:30:18.571,1.01917,1.0192,4.32,1.00
2014.06.13 07:30:20.726,1.01916,1.0192,3.57,2.82
2014.06.13 07:30:21.171,1.01918,1.0192,1.00,3.57
2014.06.13 07:30:21.324,1.01917,1.0192,1.25,3.57
2014.06.13 07:30:21.425,1.01918,1.0192,1.00,3.57
2014.06.13 07:30:21.730,1.01917,1.0192,1.25,2.82
2014.06.13 07:30:21.831,1.01919,1.0192,1.00,1.32
2014.06.13 07:30:22.360,1.01918,1.0192,1.00,1.69
2014.06.13 07:30:22.664,1.01917,1.01918,1.25,1.00
2014.06.13 07:30:23.816,1.01917,1.01919,1.25,1.25
2014.06.13 07:30:26.143,1.01917,1.01918,1.69,1.00
2014.06.13 07:30:31.839,1.01917,1.01918,1.25,1.00
2014.06.13 07:30:32.988,1.01916,1.01918,1.25,1.00
2014.06.13 07:30:33.491,1.01916,1.01918,3.19,1.00
2014.06.13 07:30:34.002,1.01916,1.01919,3.19,1.25
2014.06.13 07:30:35.578,1.01917,1.01918,1.25,1.00
2014.06.13 07:30:36.092,1.01915,1.01918,1.69,2.07
2014.06.13 07:30:36.408,1.01914,1.01918,1.69,4.32
2014.06.13 07:30:37.071,1.01915,1.01917,1.00,1.32
2014.06.13 07:30:37.579,1.01915,1.01917,1.00,2.07
2014.06.13 07:30:39.356,1.01915,1.01917,1.00,2.07
2014.06.13 07:30:39.861,1.01914,1.01917,1.32,1.00
2014.06.13 07:30:40.064,1.01915,1.01918,2.07,1.25
2014.06.13 07:30:44.430,1.01917,1.01919,1.00,1.19
2014.06.13 07:30:44.885,1.01917,1.0192,1.00,2.63
2014.06.13 07:30:45.037,1.0192,1.01921,1.00,1.00
2014.06.13 07:30:45.340,1.01922,1.01924,1.50,3.57
2014.06.13 07:30:45.593,1.01923,1.01926,1.50,2.82
2014.06.13 07:30:46.094,1.01921,1.01924,1.88,3.94
2014.06.13 07:30:46.146,1.0192,1.01923,1.00,2.82
2014.06.13 07:30:46.298,1.01919,1.01922,1.88,2.44
2014.06.13 07:30:46.873,1.01917,1.01921,5.82,3.19
2014.06.13 07:30:47.504,1.01917,1.01921,5.07,3.19
2014.06.13 07:30:47.807,1.01919,1.01921,1.00,3.19
2014.06.13 07:30:47.908,1.01917,1.01921,5.07,3.19
2014.06.13 07:30:48.615,1.01918,1.01921,1.32,3.19
2014.06.13 07:30:50.379,1.01917,1.0192,3.19,2.44
2014.06.13 07:30:52.236,1.01918,1.0192,1.00,2.44
2014.06.13 07:30:52.740,1.01917,1.0192,2.44,3.57
2014.06.13 07:30:56.283,1.01918,1.0192,1.00,4.32
2014.06.13 07:30:56.855,1.01916,1.0192,4.32,4.32
2014.06.13 07:30:57.844,1.01918,1.0192,1.00,3.38
2014.06.13 07:30:58.395,1.01917,1.0192,1.25,3.57
2014.06.13 07:31:00.689,1.01918,1.0192,1.00,4.32
2014.06.13 07:31:01.209,1.01916,1.0192,4.32,5.07
2014.06.13 07:31:01.711,1.01916,1.0192,2.82,5.07
2014.06.13 07:31:02.236,1.01917,1.01919,1.00,2.44
2014.06.13 07:31:02.832,1.01917,1.0192,1.25,3.94
2014.06.13 07:31:03.364,1.01917,1.01919,1.00,1.19
2014.06.13 07:31:03.869,1.01917,1.0192,1.50,2.44
2014.06.13 07:31:04.400,1.01917,1.01919,1.00,2.82
2014.06.13 07:31:05.198,1.01917,1.01919,1.00,3.57
2014.06.13 07:31:05.703,1.01916,1.01919,2.44,2.82
2014.06.13 07:31:05.855,1.01917,1.01919,1.00,1.88
2014.06.13 07:31:07.729,1.01917,1.01919,1.00,2.82
2014.06.13 07:31:08.234,1.01916,1.01919,2.44,2.82
2014.06.13 07:31:09.160,1.01917,1.01919,1.00,2.82
2014.06.13 07:31:09.710,1.01916,1.01919,1.25,2.82
2014.06.13 07:31:10.675,1.01917,1.01919,1.00,2.44
2014.06.13 07:31:11.201,1.01916,1.01919,1.69,2.82
2014.06.13 07:31:11.707,1.01917,1.01919,1.00,1.32
2014.06.13 07:31:12.213,1.01916,1.01919,1.69,1.32
2014.06.13 07:31:12.718,1.01917,1.0192,1.25,4.69
2014.06.13 07:31:13.431,1.01917,1.0192,2.44,1.69
2014.06.13 07:31:13.966,1.01917,1.0192,4.69,1.69
2014.06.13 07:31:17.469,1.01917,1.0192,4.32,2.07
2014.06.13 07:31:18.489,1.01917,1.0192,3.19,2.44
2014.06.13 07:31:19.058,1.01918,1.0192,1.00,2.25
2014.06.13 07:31:19.161,1.01917,1.0192,3.19,2.44
2014.06.13 07:31:21.370,1.01917,1.0192,2.07,2.07
2014.06.13 07:31:21.825,1.0192,1.01922,1.88,1.50
2014.06.13 07:31:21.926,1.01921,1.01923,1.00,1.00
2014.06.13 07:31:22.028,1.01922,1.01925,1.25,2.44
2014.06.13 07:31:22.230,1.01921,1.01922,1.00,1.69
2014.06.13 07:31:22.382,1.01919,1.01922,1.69,4.69
2014.06.13 07:31:23.219,1.01919,1.01922,1.00,5.44
2014.06.13 07:31:23.723,1.0192,1.01922,1.00,5.25
2014.06.13 07:31:24.336,1.01919,1.01921,1.00,4.69
2014.06.13 07:31:24.872,1.01917,1.01921,3.94,6.19
2014.06.13 07:31:25.402,1.01917,1.0192,1.69,1.32
2014.06.13 07:31:28.964,1.01918,1.0192,1.13,1.19
2014.06.13 07:31:29.015,1.01918,1.01921,1.13,1.00
2014.06.13 07:31:29.066,1.01918,1.01921,1.38,1.00
2014.06.13 07:31:31.047,1.01918,1.01922,2.44,5.07
2014.06.13 07:31:32.027,1.01918,1.01922,4.32,5.07
2014.06.13 07:31:34.073,1.01918,1.01922,2.07,5.07
2014.06.13 07:31:34.700,1.01919,1.01922,1.13,5.07
2014.06.13 07:31:36.054,1.01919,1.01922,1.32,3.57
2014.06.13 07:31:37.073,1.01919,1.01921,1.13,1.19
2014.06.13 07:31:37.894,1.01917,1.0192,4.32,1.25
2014.06.13 07:31:38.405,1.01916,1.0192,5.07,2.44
2014.06.13 07:31:39.502,1.01917,1.0192,2.07,3.19
2014.06.13 07:31:40.008,1.01918,1.01919,1.25,1.00
2014.06.13 07:31:40.775,1.01917,1.0192,4.32,1.69
2014.06.13 07:31:41.290,1.01917,1.01919,4.32,1.50
2014.06.13 07:31:42.604,1.01917,1.01919,3.75,1.00
2014.06.13 07:31:43.927,1.01917,1.01918,2.82,1.00
2014.06.13 07:31:45.940,1.01917,1.01919,3.57,1.00
2014.06.13 07:31:46.479,1.01917,1.01919,3.57,1.50
2014.06.13 07:31:47.038,1.01917,1.01919,2.07,1.50
2014.06.13 07:31:51.722,1.01917,1.01918,3.57,1.00
2014.06.13 07:31:52.248,1.01917,1.01919,3.57,1.00
2014.06.13 07:31:52.753,1.01916,1.01918,2.82,1.50
2014.06.13 07:31:53.057,1.01915,1.01917,4.13,1.00
2014.06.13 07:31:53.411,1.01914,1.01916,2.82,2.44
2014.06.13 07:31:53.935,1.01913,1.01915,2.82,1.00
2014.06.13 07:31:54.448,1.01913,1.01916,2.82,2.44
2014.06.13 07:31:57.654,1.01913,1.01915,2.82,1.00
2014.06.13 07:31:58.558,1.01913,1.01916,4.32,1.25
2014.06.13 07:31:59.808,1.01913,1.01915,3.57,1.00
2014.06.13 07:32:02.794,1.01913,1.01915,3.19,1.00
2014.06.13 07:32:02.844,1.01911,1.01913,1.50,2.07
2014.06.13 07:32:03.047,1.01907,1.01911,1.50,2.07
2014.06.13 07:32:03.620,1.01907,1.0191,1.69,3.94
2014.06.13 07:32:04.126,1.01907,1.0191,1.69,2.44
2014.06.13 07:32:04.429,1.01907,1.01909,1.00,1.38
2014.06.13 07:32:04.480,1.01906,1.01908,1.00,1.32
2014.06.13 07:32:04.733,1.01903,1.01906,5.44,1.25
2014.06.13 07:32:05.087,1.01902,1.01905,1.00,5.44
2014.06.13 07:32:05.138,1.019,1.01903,2.25,4.32
2014.06.13 07:32:05.241,1.019,1.01902,3.00,4.13
2014.06.13 07:32:05.342,1.01899,1.019,2.25,1.00
2014.06.13 07:32:05.393,1.01897,1.01899,1.00,1.69
2014.06.13 07:32:05.645,1.01895,1.01898,1.38,1.25
2014.06.13 07:32:06.150,1.01894,1.01898,2.07,3.19
2014.06.13 07:32:06.708,1.01894,1.01898,2.07,2.44
2014.06.13 07:32:07.240,1.01894,1.01898,5.82,1.25
2014.06.13 07:32:07.748,1.01897,1.019,1.00,2.82
2014.06.13 07:32:08.531,1.01897,1.019,1.25,2.07
2014.06.13 07:32:09.440,1.01897,1.01899,1.32,1.00
2014.06.13 07:32:10.097,1.01896,1.01898,1.32,1.00
2014.06.13 07:32:10.401,1.01894,1.01898,2.07,1.69
2014.06.13 07:32:10.924,1.01893,1.01895,2.07,1.50
2014.06.13 07:32:12.029,1.01893,1.01895,1.00,2.44
2014.06.13 07:32:12.181,1.01891,1.01893,3.57,1.00
2014.06.13 07:32:12.687,1.01891,1.01894,3.57,1.69
2014.06.13 07:32:13.192,1.01892,1.01895,1.25,3.57
2014.06.13 07:32:13.547,1.01892,1.01895,3.94,1.32
2014.06.13 07:32:15.600,1.01892,1.01896,2.82,2.07
2014.06.13 07:32:16.117,1.01892,1.01896,5.07,2.82
2014.06.13 07:32:18.592,1.01893,1.01897,2.44,5.07
2014.06.13 07:32:21.602,1.01894,1.01897,1.69,1.25
2014.06.13 07:32:23.558,1.01894,1.01897,1.69,1.69
2014.06.13 07:32:24.553,1.01894,1.01897,1.69,1.69
2014.06.13 07:32:25.161,1.01893,1.01896,3.19,1.00
2014.06.13 07:32:25.672,1.01893,1.01897,1.25,3.57
2014.06.13 07:32:26.190,1.01894,1.01897,1.00,2.82
2014.06.13 07:32:26.708,1.01894,1.01897,1.38,3.94
2014.06.13 07:32:33.758,1.01894,1.01897,1.63,3.75
2014.06.13 07:32:33.961,1.01897,1.019,2.13,4.13
2014.06.13 07:32:34.064,1.01899,1.019,1.25,1.13
2014.06.13 07:32:34.821,1.01898,1.019,1.32,2.07
2014.06.13 07:32:35.821,1.01897,1.019,2.82,2.07
2014.06.13 07:32:36.939,1.01897,1.019,2.82,1.32
2014.06.13 07:32:37.444,1.01897,1.019,2.82,3.57
2014.06.13 07:32:37.495,1.01898,1.019,1.00,3.38
2014.06.13 07:32:37.683,1.01897,1.01899,2.07,1.25
2014.06.13 07:32:38.599,1.01897,1.01899,1.63,1.25
2014.06.13 07:32:39.104,1.01897,1.019,2.07,2.44
2014.06.13 07:32:39.609,1.01897,1.01899,2.07,1.00
2014.06.13 07:32:40.118,1.01897,1.019,2.07,2.44
2014.06.13 07:32:42.276,1.01897,1.019,1.63,4.69
2014.06.13 07:32:43.341,1.01897,1.019,4.32,1.25
2014.06.13 07:32:45.595,1.01899,1.01901,1.00,1.50
2014.06.13 07:32:45.747,1.01902,1.01903,1.13,1.25
2014.06.13 07:32:46.100,1.01902,1.01905,1.63,2.44
2014.06.13 07:32:46.817,1.01902,1.01905,1.63,1.69
2014.06.13 07:32:47.322,1.01902,1.01906,5.07,1.69
2014.06.13 07:32:47.914,1.01902,1.01906,5.82,1.25
2014.06.13 07:32:48.466,1.01902,1.01906,5.82,1.69
2014.06.13 07:32:48.517,1.01901,1.01904,2.25,2.44
2014.06.13 07:32:48.720,1.01899,1.01902,3.57,2.44
2014.06.13 07:32:49.226,1.01899,1.01902,2.82,3.19
2014.06.13 07:32:49.933,1.01898,1.01901,1.63,1.32
2014.06.13 07:32:50.439,1.01897,1.019,5.07,1.25
2014.06.13 07:32:51.941,1.01899,1.01901,1.00,2.44
2014.06.13 07:32:52.602,1.01898,1.01901,1.25,2.44
2014.06.13 07:32:53.359,1.01898,1.01901,2.32,2.25
2014.06.13 07:32:53.462,1.01898,1.019,2.07,1.69
2014.06.13 07:32:53.967,1.01897,1.019,2.07,5.44
2014.06.13 07:32:54.757,1.01897,1.01899,2.07,1.25
2014.06.13 07:32:55.388,1.01897,1.01898,1.32,1.00
2014.06.13 07:32:55.893,1.01897,1.019,1.63,4.50
2014.06.13 07:32:57.719,1.01897,1.01899,1.63,1.25
2014.06.13 07:32:58.487,1.01897,1.019,1.63,4.88
2014.06.13 07:32:58.739,1.019,1.01901,1.13,1.13
2014.06.13 07:32:58.992,1.019,1.01903,2.88,1.13
2014.06.13 07:32:59.448,1.01902,1.01905,2.82,1.25
2014.06.13 07:32:59.952,1.01903,1.01906,1.32,1.25
2014.06.13 07:33:00.104,1.01904,1.01907,1.38,4.69
2014.06.13 07:33:04.696,1.01904,1.01906,1.00,1.69
2014.06.13 07:33:06.463,1.019,1.01904,2.63,2.63
2014.06.13 07:33:06.517,1.01901,1.01902,1.50,1.32
2014.06.13 07:33:07.022,1.01899,1.01901,2.07,1.32
2014.06.13 07:33:07.680,1.01899,1.01901,1.32,2.07
2014.06.13 07:33:08.842,1.01897,1.01901,5.07,3.57
2014.06.13 07:33:12.391,1.01897,1.019,3.57,1.32
2014.06.13 07:33:13.157,1.01896,1.019,5.07,3.57
2014.06.13 07:33:14.094,1.01896,1.019,3.57,1.32
2014.06.13 07:33:14.629,1.01897,1.019,1.63,3.57
2014.06.13 07:33:18.854,1.01896,1.01898,4.69,1.00
2014.06.13 07:33:33.182,1.01896,1.01898,5.07,1.00
2014.06.13 07:33:35.828,1.01896,1.01898,3.38,1.00
2014.06.13 07:33:36.348,1.01896,1.01898,4.32,1.00
2014.06.13 07:33:37.463,1.01896,1.01898,3.38,1.00
2014.06.13 07:33:37.969,1.01896,1.01898,3.57,1.00
2014.06.13 07:33:38.482,1.01896,1.01898,1.32,1.25
2014.06.13 07:33:43.722,1.01896,1.01898,3.57,1.00
2014.06.13 07:33:45.427,1.01896,1.01898,1.32,1.00
2014.06.13 07:33:50.332,1.01895,1.01898,2.25,2.69
2014.06.13 07:33:50.551,1.01896,1.01898,1.32,1.69
2014.06.13 07:33:57.520,1.01896,1.01897,1.69,1.00
2014.06.13 07:33:59.251,1.01896,1.01898,1.69,3.19
2014.06.13 07:34:04.102,1.01896,1.01897,1.25,1.00
2014.06.13 07:34:04.633,1.01896,1.01898,1.25,1.69
2014.06.13 07:34:08.028,1.01894,1.01897,1.32,1.25
2014.06.13 07:34:08.537,1.01893,1.01896,1.69,2.44
2014.06.13 07:34:09.539,1.01893,1.01896,1.69,1.69
2014.06.13 07:34:10.047,1.01892,1.01896,4.32,4.69
2014.06.13 07:34:14.706,1.01892,1.01894,2.25,2.50
2014.06.13 07:34:14.758,1.0189,1.01893,1.00,2.13
2014.06.13 07:34:14.860,1.01889,1.01891,1.00,3.94
2014.06.13 07:34:14.962,1.01887,1.01889,2.07,1.00
2014.06.13 07:34:15.472,1.01887,1.01889,1.00,1.25
2014.06.13 07:34:20.257,1.01887,1.01888,1.00,1.00
2014.06.13 07:34:21.050,1.01887,1.01889,1.00,1.69
2014.06.13 07:34:23.344,1.01886,1.01888,1.69,1.00
2014.06.13 07:34:23.849,1.01885,1.01888,5.07,1.25
2014.06.13 07:34:25.493,1.01887,1.01888,1.00,1.25
2014.06.13 07:34:25.996,1.01887,1.01889,1.00,1.69
2014.06.13 07:34:26.501,1.01888,1.0189,1.32,1.25
2014.06.13 07:34:27.006,1.01887,1.01889,2.82,1.00
2014.06.13 07:34:28.678,1.01887,1.0189,2.82,1.69
2014.06.13 07:34:35.257,1.01887,1.0189,1.25,2.07
2014.06.13 07:34:35.783,1.01888,1.0189,1.00,2.82
2014.06.13 07:34:36.385,1.01887,1.0189,1.25,4.32
2014.06.13 07:34:40.648,1.01888,1.0189,1.00,5.07
2014.06.13 07:34:41.245,1.01886,1.0189,4.32,5.07
2014.06.13 07:34:45.333,1.01887,1.0189,2.82,1.69
2014.06.13 07:34:45.838,1.01887,1.0189,3.19,2.07
2014.06.13 07:34:46.243,1.01886,1.01888,1.25,1.32
2014.06.13 07:34:46.788,1.01885,1.01888,1.69,1.63
2014.06.13 07:34:49.274,1.01884,1.01886,1.25,1.13
2014.06.13 07:34:49.375,1.01883,1.01885,1.69,2.13
2014.06.13 07:34:49.885,1.01882,1.01885,4.32,1.69
2014.06.13 07:34:51.200,1.01882,1.01884,4.32,1.00
2014.06.13 07:34:52.378,1.01882,1.01884,2.07,1.00
2014.06.13 07:34:53.406,1.01882,1.01884,2.82,1.00
2014.06.13 07:34:53.933,1.01882,1.01885,2.82,1.69
2014.06.13 07:34:55.596,1.01884,1.01886,1.00,1.13
2014.06.13 07:34:55.799,1.01885,1.01888,5.07,1.25
2014.06.13 07:34:56.723,1.01886,1.01888,3.57,1.00
2014.06.13 07:34:57.228,1.01886,1.01889,3.57,1.25
2014.06.13 07:34:58.692,1.01887,1.01889,1.00,1.69
2014.06.13 07:34:59.751,1.01886,1.01889,2.07,3.19
2014.06.13 07:34:59.927,1.01888,1.01889,1.00,2.25
2014.06.13 07:35:00.432,1.01888,1.0189,1.00,3.00
2014.06.13 07:35:00.951,1.01888,1.0189,1.00,3.19
2014.06.13 07:35:01.476,1.01888,1.0189,1.25,1.25
2014.06.13 07:35:02.425,1.01888,1.01891,4.32,1.25
2014.06.13 07:35:02.980,1.01888,1.0189,4.32,1.00
2014.06.13 07:35:03.403,1.01886,1.01889,1.88,1.00
2014.06.13 07:35:03.912,1.01887,1.0189,1.00,1.63
2014.06.13 07:35:04.417,1.01888,1.0189,1.25,1.25
2014.06.13 07:35:06.303,1.01889,1.01892,1.88,1.50
2014.06.13 07:35:06.656,1.01892,1.01893,1.00,1.25
2014.06.13 07:35:07.161,1.01893,1.01894,1.00,2.25
2014.06.13 07:35:07.565,1.01894,1.01895,1.00,1.00
2014.06.13 07:35:07.717,1.01895,1.01897,2.50,2.63
2014.06.13 07:35:07.921,1.01896,1.01898,1.50,1.69
2014.06.13 07:35:08.022,1.01898,1.019,2.50,1.00
2014.06.13 07:35:08.287,1.019,1.01902,1.00,5.07
2014.06.13 07:35:08.692,1.01899,1.01902,1.25,1.69
2014.06.13 07:35:09.197,1.01898,1.01901,2.82,1.00
2014.06.13 07:35:09.249,1.01901,1.01903,1.50,3.57
2014.06.13 07:35:09.451,1.01902,1.01903,1.50,1.25
2014.06.13 07:35:09.956,1.01902,1.01904,1.00,3.57
2014.06.13 07:35:10.462,1.01901,1.01902,1.00,1.13
2014.06.13 07:35:10.970,1.019,1.01901,1.50,1.25
2014.06.13 07:35:11.222,1.01898,1.01901,1.32,3.19
2014.06.13 07:35:12.097,1.01898,1.01901,2.07,1.50
2014.06.13 07:35:13.308,1.01899,1.019,1.25,1.00
2014.06.13 07:35:13.922,1.01898,1.01901,2.07,1.69
2014.06.13 07:35:14.532,1.01898,1.019,2.07,1.00
2014.06.13 07:35:15.037,1.01899,1.01901,1.25,1.69
2014.06.13 07:35:15.541,1.01897,1.019,3.94,2.44
2014.06.13 07:35:16.087,1.01897,1.01899,2.82,1.00
2014.06.13 07:35:16.441,1.01898,1.01901,2.07,1.25
2014.06.13 07:35:18.474,1.01898,1.01901,1.32,4.69
2014.06.13 07:35:20.181,1.01898,1.01901,4.32,1.69
2014.06.13 07:35:21.139,1.01898,1.019,2.44,1.00
2014.06.13 07:35:21.647,1.01897,1.019,3.57,1.25
2014.06.13 07:35:23.559,1.01897,1.01899,4.32,1.00
2014.06.13 07:35:24.537,1.01897,1.019,4.32,1.25
2014.06.13 07:35:25.080,1.01898,1.019,3.57,1.00
2014.06.13 07:35:25.585,1.019,1.01901,1.00,1.25
2014.06.13 07:35:27.609,1.01898,1.01901,3.94,2.32
2014.06.13 07:35:29.636,1.01897,1.019,4.69,1.25
2014.06.13 07:35:32.715,1.01898,1.019,2.44,1.00
2014.06.13 07:35:33.325,1.01898,1.01901,2.44,2.82
2014.06.13 07:35:34.615,1.01897,1.01901,4.32,5.07
2014.06.13 07:35:40.592,1.01897,1.019,2.07,3.19
2014.06.13 07:35:41.597,1.01897,1.019,4.32,1.25
2014.06.13 07:35:43.931,1.01896,1.01899,5.07,1.25
2014.06.13 07:35:44.134,1.01896,1.01898,3.00,1.00
2014.06.13 07:35:44.670,1.01895,1.01898,3.94,1.32
2014.06.13 07:35:45.604,1.01895,1.01898,1.69,1.32
2014.06.13 07:35:46.114,1.01895,1.01898,3.94,1.32
2014.06.13 07:35:47.726,1.01895,1.01897,1.25,1.00
2014.06.13 07:35:48.232,1.01895,1.01897,3.19,1.00
2014.06.13 07:35:49.640,1.01895,1.01897,1.25,1.00
2014.06.13 07:35:50.186,1.01895,1.01897,3.19,1.00
2014.06.13 07:35:55.424,1.01895,1.01898,4.32,1.25
2014.06.13 07:36:00.715,1.01895,1.01897,3.94,1.00
2014.06.13 07:36:01.221,1.01896,1.01898,1.25,1.25
2014.06.13 07:36:01.726,1.01896,1.01897,1.25,1.00
2014.06.13 07:36:02.238,1.01896,1.01898,1.69,1.25
2014.06.13 07:36:05.761,1.01896,1.01897,1.25,1.00
2014.06.13 07:36:07.663,1.01895,1.01897,1.25,1.00
2014.06.13 07:36:08.194,1.01894,1.01896,4.32,1.00
2014.06.13 07:36:08.717,1.01894,1.01896,2.07,1.25
2014.06.13 07:36:09.236,1.01895,1.01896,1.00,1.25
2014.06.13 07:36:09.751,1.01894,1.01897,2.07,3.19
2014.06.13 07:36:10.591,1.01895,1.01897,1.00,3.57
2014.06.13 07:36:13.597,1.01895,1.01897,1.32,1.25
2014.06.13 07:36:17.226,1.01894,1.01896,2.07,1.00
2014.06.13 07:36:17.728,1.01894,1.01897,2.07,1.25
2014.06.13 07:36:20.541,1.01895,1.01898,4.32,1.25
2014.06.13 07:36:20.857,1.01898,1.01899,2.25,1.00
2014.06.13 07:36:21.009,1.01899,1.01903,5.44,5.07
2014.06.13 07:36:21.514,1.01901,1.01904,1.69,4.32
2014.06.13 07:36:24.333,1.01902,1.01904,1.00,3.57
2014.06.13 07:36:24.535,1.01899,1.01903,1.88,2.63
2014.06.13 07:36:24.687,1.01899,1.01901,4.32,1.00
2014.06.13 07:36:25.192,1.01899,1.019,1.25,1.00
2014.06.13 07:36:25.783,1.01898,1.019,1.25,1.32
2014.06.13 07:36:27.616,1.01898,1.019,1.50,4.32
2014.06.13 07:36:28.120,1.01897,1.019,1.32,3.19
2014.06.13 07:36:28.436,1.01898,1.019,1.00,2.25
2014.06.13 07:36:28.946,1.01899,1.01901,1.00,6.57
2014.06.13 07:36:30.932,1.01898,1.019,1.25,1.25
2014.06.13 07:36:33.852,1.01897,1.01899,3.57,1.00
2014.06.13 07:36:35.288,1.01897,1.019,3.57,1.69
2014.06.13 07:36:43.757,1.01897,1.01899,3.57,1.00
2014.06.13 07:36:47.037,1.01897,1.019,3.57,1.25
2014.06.13 07:36:47.543,1.01898,1.019,2.82,1.00
2014.06.13 07:36:48.138,1.01897,1.019,5.07,1.25
2014.06.13 07:36:52.945,1.01899,1.01902,3.57,3.19
2014.06.13 07:36:53.961,1.01899,1.01902,1.25,5.82
2014.06.13 07:36:54.982,1.01899,1.01901,1.00,2.44
2014.06.13 07:37:01.343,1.01898,1.019,1.32,1.00
2014.06.13 07:37:01.851,1.01899,1.019,1.00,1.25
2014.06.13 07:37:02.558,1.01898,1.019,1.32,1.00
2014.06.13 07:37:04.105,1.01897,1.01899,5.07,1.00
2014.06.13 07:37:04.707,1.01897,1.01899,4.88,1.00
2014.06.13 07:37:05.185,1.01897,1.019,5.07,1.25
2014.06.13 07:37:07.250,1.01897,1.01899,5.07,1.00
2014.06.13 07:37:09.037,1.01897,1.01901,5.07,4.32
2014.06.13 07:37:09.189,1.019,1.01901,1.32,1.00
2014.06.13 07:37:09.391,1.01901,1.01904,3.50,3.57
2014.06.13 07:37:09.897,1.01901,1.01903,3.19,1.00
2014.06.13 07:37:10.201,1.019,1.01902,1.25,1.25
2014.06.13 07:37:10.655,1.01902,1.01904,1.00,3.57
2014.06.13 07:37:11.311,1.01902,1.01904,1.25,2.44
2014.06.13 07:37:15.426,1.01902,1.01904,1.00,4.32
2014.06.13 07:37:15.730,1.01899,1.01901,1.00,2.44
2014.06.13 07:37:16.235,1.01898,1.01901,2.82,2.44
2014.06.13 07:37:22.792,1.01898,1.019,2.07,1.00
2014.06.13 07:37:23.297,1.01899,1.01902,1.00,5.07
2014.06.13 07:37:23.449,1.019,1.01901,1.00,1.25
2014.06.13 07:37:26.719,1.019,1.01902,1.00,2.07
2014.06.13 07:37:27.291,1.019,1.01904,2.44,5.82
2014.06.13 07:37:27.696,1.01902,1.01904,3.19,1.00
2014.06.13 07:37:28.006,1.01905,1.01907,1.00,4.32
2014.06.13 07:37:31.367,1.01905,1.01907,1.32,1.25
2014.06.13 07:37:31.879,1.01906,1.01908,1.25,1.25
2014.06.13 07:37:39.285,1.01905,1.01909,5.07,4.32
2014.06.13 07:37:40.837,1.01905,1.01907,3.38,1.38
2014.06.13 07:37:41.039,1.01904,1.01906,1.69,1.00
2014.06.13 07:37:41.143,1.01904,1.01907,1.25,2.82
2014.06.13 07:37:41.244,1.01904,1.01905,1.25,1.00
2014.06.13 07:37:41.800,1.01902,1.01904,1.00,1.00
2014.06.13 07:37:41.903,1.01901,1.01904,2.25,1.25
2014.06.13 07:37:42.004,1.01899,1.01903,2.44,1.69
2014.06.13 07:37:42.509,1.01899,1.01902,1.25,3.19
2014.06.13 07:37:45.046,1.01899,1.01902,4.32,1.25
2014.06.13 07:37:45.349,1.01902,1.01904,1.00,3.19
2014.06.13 07:37:45.500,1.01904,1.01906,1.00,1.32
2014.06.13 07:37:46.042,1.01904,1.01906,1.00,1.69
2014.06.13 07:37:46.739,1.01904,1.01906,1.25,1.25
2014.06.13 07:37:47.472,1.01904,1.01906,1.00,2.07
2014.06.13 07:37:48.058,1.01903,1.01906,1.25,2.07
2014.06.13 07:37:48.609,1.01903,1.01906,1.69,1.32
2014.06.13 07:37:55.516,1.01904,1.01906,3.19,1.00
2014.06.13 07:37:55.819,1.01905,1.01909,2.44,5.07
2014.06.13 07:37:57.842,1.01905,1.01908,2.07,2.44
2014.06.13 07:38:02.788,1.01906,1.01908,1.69,1.25
2014.06.13 07:38:03.292,1.01906,1.01909,3.57,1.32
2014.06.13 07:38:04.655,1.01906,1.01909,3.57,1.63
2014.06.13 07:38:11.418,1.01907,1.0191,1.69,1.69
2014.06.13 07:38:11.923,1.01908,1.0191,1.00,1.32
2014.06.13 07:38:12.669,1.01908,1.0191,1.00,1.32
2014.06.13 07:38:19.024,1.01906,1.01909,4.32,1.25
2014.06.13 07:38:22.378,1.01907,1.01909,2.44,1.00
2014.06.13 07:38:23.401,1.01906,1.01909,4.32,1.25
2014.06.13 07:38:24.464,1.01907,1.0191,1.00,2.25
2014.06.13 07:38:25.680,1.01906,1.01909,4.32,1.25
2014.06.13 07:38:26.450,1.01907,1.01909,2.44,1.00
2014.06.13 07:38:26.954,1.01907,1.0191,3.19,1.32
2014.06.13 07:38:36.488,1.01907,1.0191,1.25,3.94
2014.06.13 07:38:38.508,1.01907,1.0191,3.19,1.69
2014.06.13 07:38:39.518,1.01907,1.0191,1.25,3.94
2014.06.13 07:38:41.320,1.01908,1.0191,1.00,3.94
2014.06.13 07:38:41.887,1.01909,1.0191,1.00,1.69
2014.06.13 07:39:01.339,1.01909,1.01911,1.00,1.00
2014.06.13 07:39:05.650,1.0191,1.01911,1.00,1.25
2014.06.13 07:39:08.231,1.01909,1.0191,1.32,1.00
2014.06.13 07:39:09.041,1.01908,1.0191,1.32,1.25
2014.06.13 07:39:12.689,1.01908,1.01911,2.82,1.19
2014.06.13 07:39:13.650,1.01909,1.01911,1.13,1.25
2014.06.13 07:39:14.155,1.01908,1.01911,2.82,1.25
2014.06.13 07:39:14.660,1.01908,1.01911,2.82,1.69
2014.06.13 07:39:18.151,1.01909,1.01911,1.19,1.00
2014.06.13 07:39:18.454,1.01911,1.01913,2.32,1.25
2014.06.13 07:39:18.970,1.0191,1.01912,3.57,1.00
2014.06.13 07:39:19.481,1.01909,1.01911,2.82,1.50
2014.06.13 07:39:20.002,1.01909,1.0191,2.63,1.00
2014.06.13 07:39:20.640,1.01908,1.0191,2.07,1.00
2014.06.13 07:39:22.481,1.01908,1.0191,1.50,1.00
2014.06.13 07:39:22.990,1.01908,1.0191,2.07,1.00
2014.06.13 07:39:23.494,1.01908,1.01911,3.57,1.69
2014.06.13 07:39:24.742,1.01908,1.01911,2.44,1.63
2014.06.13 07:39:25.247,1.01907,1.0191,3.94,1.32
2014.06.13 07:39:28.267,1.01908,1.0191,1.69,1.13
2014.06.13 07:39:29.988,1.01908,1.01911,1.69,1.69
2014.06.13 07:39:30.986,1.01908,1.01909,1.00,1.25
2014.06.13 07:39:31.950,1.01908,1.0191,1.25,1.25
2014.06.13 07:39:35.016,1.01906,1.0191,3.57,4.69
2014.06.13 07:39:35.844,1.01908,1.0191,1.00,3.94
2014.06.13 07:39:36.449,1.01908,1.0191,1.25,1.25
2014.06.13 07:39:38.013,1.01908,1.0191,1.00,2.82
2014.06.13 07:39:42.203,1.01907,1.0191,1.25,3.57
2014.06.13 07:39:44.985,1.01907,1.01909,1.00,3.19
2014.06.13 07:39:45.966,1.01907,1.01909,1.25,1.25
2014.06.13 07:39:46.468,1.01907,1.01908,1.25,1.00
2014.06.13 07:39:50.348,1.01908,1.0191,1.00,1.00
2014.06.13 07:39:50.600,1.01907,1.01909,2.82,1.00
2014.06.13 07:39:50.651,1.01909,1.01912,1.50,4.32
2014.06.13 07:39:51.188,1.0191,1.01912,1.00,2.82
2014.06.13 07:39:51.760,1.01908,1.01909,1.25,1.00
2014.06.13 07:39:54.227,1.01907,1.01909,3.57,1.00
2014.06.13 07:39:54.747,1.01907,1.01908,3.57,1.00
2014.06.13 07:39:57.686,1.01907,1.01909,2.82,1.00
2014.06.13 07:39:58.791,1.01908,1.01909,1.00,1.25
2014.06.13 07:40:02.750,1.01908,1.0191,1.00,2.07
2014.06.13 07:40:03.299,1.01908,1.01909,1.00,1.00
2014.06.13 07:40:03.959,1.01908,1.0191,1.00,1.32
2014.06.13 07:40:04.061,1.01907,1.01909,1.25,1.00
2014.06.13 07:40:04.573,1.01908,1.0191,1.00,2.82
2014.06.13 07:40:05.841,1.01906,1.01909,4.13,1.00
2014.06.13 07:40:06.462,1.01907,1.01908,1.50,1.00
2014.06.13 07:40:06.994,1.01907,1.0191,1.88,2.44
2014.06.13 07:40:07.505,1.01907,1.01908,2.07,1.00
2014.06.13 07:40:08.441,1.01907,1.01909,2.07,1.25
2014.06.13 07:40:09.259,1.01907,1.0191,2.44,2.25
2014.06.13 07:40:09.561,1.01909,1.01911,1.00,4.13
2014.06.13 07:40:10.067,1.01909,1.01913,3.94,4.32
2014.06.13 07:40:11.296,1.01909,1.01912,1.25,3.94
2014.06.13 07:40:11.808,1.01907,1.01909,3.19,1.13
2014.06.13 07:40:12.314,1.01906,1.01908,1.50,1.00
2014.06.13 07:40:12.905,1.01906,1.01907,1.25,1.00
2014.06.13 07:40:13.877,1.01905,1.01907,1.69,1.32
2014.06.13 07:40:15.978,1.01905,1.01907,1.25,1.63
2014.06.13 07:40:16.482,1.01904,1.01905,1.25,1.00
2014.06.13 07:40:19.343,1.01904,1.01906,1.25,1.32
2014.06.13 07:40:20.908,1.01904,1.01905,1.25,1.00
2014.06.13 07:40:21.212,1.01906,1.01909,1.69,2.07
2014.06.13 07:40:21.465,1.01906,1.01908,1.00,2.82
2014.06.13 07:40:21.971,1.01904,1.01907,3.94,1.32
2014.06.13 07:40:23.698,1.01904,1.01907,1.69,1.32
2014.06.13 07:40:24.683,1.01904,1.01908,2.44,4.32
2014.06.13 07:40:25.788,1.01904,1.01908,1.69,3.19
2014.06.13 07:40:26.909,1.01904,1.01907,1.69,2.82
2014.06.13 07:40:29.122,1.01904,1.01907,2.82,1.25
2014.06.13 07:40:32.402,1.01905,1.01908,2.44,1.32
2014.06.13 07:40:34.738,1.01906,1.01909,3.94,1.32
2014.06.13 07:40:35.734,1.01906,1.01909,1.69,3.57
2014.06.13 07:40:36.404,1.01907,1.01909,1.00,2.44
2014.06.13 07:40:36.926,1.01907,1.0191,1.25,4.32
2014.06.13 07:40:41.502,1.01908,1.0191,1.00,1.25
2014.06.13 07:40:42.349,1.01908,1.0191,1.25,1.63
2014.06.13 07:40:43.791,1.01907,1.01909,1.69,1.00
2014.06.13 07:40:44.295,1.01906,1.01908,4.32,1.00
2014.06.13 07:40:46.506,1.01906,1.01907,3.38,1.00
2014.06.13 07:40:47.012,1.01906,1.01908,3.57,1.00
2014.06.13 07:40:47.732,1.01906,1.0191,3.94,5.07
2014.06.13 07:40:48.238,1.01908,1.01911,1.25,4.32
2014.06.13 07:40:49.387,1.01908,1.0191,1.25,1.63
2014.06.13 07:40:51.019,1.01907,1.01908,1.25,1.13
2014.06.13 07:40:51.632,1.01906,1.01908,4.32,1.00
2014.06.13 07:40:54.752,1.01906,1.0191,4.32,4.32
2014.06.13 07:40:57.255,1.01907,1.0191,2.44,1.32
2014.06.13 07:41:01.063,1.01908,1.0191,1.00,1.32
2014.06.13 07:41:04.485,1.01908,1.01911,1.25,3.57
2014.06.13 07:41:07.878,1.01907,1.0191,1.69,2.07
2014.06.13 07:41:08.181,1.01904,1.01907,1.69,1.32
2014.06.13 07:41:08.937,1.01904,1.01908,1.00,4.69
2014.06.13 07:41:09.240,1.01899,1.01902,1.25,2.82
2014.06.13 07:41:09.341,1.01899,1.01902,1.69,2.82
2014.06.13 07:41:09.842,1.01898,1.01901,1.25,1.32
2014.06.13 07:41:10.368,1.01897,1.019,2.82,1.00
2014.06.13 07:41:10.880,1.01897,1.019,2.07,1.25
2014.06.13 07:41:11.450,1.01896,1.019,2.07,1.69
2014.06.13 07:41:11.974,1.01896,1.019,2.07,2.07
2014.06.13 07:41:13.467,1.01897,1.019,1.00,3.57
2014.06.13 07:41:14.679,1.01896,1.019,2.82,2.07
2014.06.13 07:41:15.414,1.01897,1.019,1.25,1.69
2014.06.13 07:41:15.805,1.01899,1.019,1.00,1.25
2014.06.13 07:41:16.462,1.01898,1.019,1.00,1.25
2014.06.13 07:41:17.415,1.01898,1.01901,2.07,1.25
2014.06.13 07:41:18.635,1.01899,1.01901,1.00,1.69
2014.06.13 07:41:19.592,1.01898,1.01901,1.69,1.25
2014.06.13 07:41:20.651,1.01898,1.01901,3.57,1.19
2014.06.13 07:41:21.664,1.01897,1.019,2.07,1.69
2014.06.13 07:41:22.174,1.01897,1.01899,1.25,1.00
2014.06.13 07:41:23.185,1.01898,1.01899,1.00,1.00
2014.06.13 07:41:23.927,1.01897,1.01899,1.50,1.00
2014.06.13 07:41:24.080,1.01896,1.01898,2.07,1.69
2014.06.13 07:41:24.584,1.01894,1.01897,4.32,1.25
2014.06.13 07:41:25.112,1.01894,1.01897,5.07,1.25
2014.06.13 07:41:25.617,1.01895,1.01898,2.07,1.00
2014.06.13 07:41:26.223,1.01894,1.01898,3.94,2.44
2014.06.13 07:41:26.770,1.01896,1.01898,1.00,1.69
2014.06.13 07:41:31.729,1.01896,1.019,2.44,3.57
2014.06.13 07:41:34.783,1.01898,1.019,1.00,3.57
2014.06.13 07:41:35.786,1.01899,1.019,1.00,1.00
2014.06.13 07:41:36.295,1.01899,1.01902,1.25,5.44
2014.06.13 07:41:36.991,1.01898,1.01901,1.69,1.57
2014.06.13 07:41:37.496,1.01898,1.01901,1.69,2.07
2014.06.13 07:41:38.624,1.01899,1.01901,1.00,2.44
2014.06.13 07:41:39.281,1.01899,1.01901,1.00,1.19
2014.06.13 07:41:40.092,1.01898,1.01901,2.07,1.19
2014.06.13 07:41:40.395,1.019,1.01902,1.00,4.69
2014.06.13 07:41:41.047,1.01899,1.01902,1.25,4.69
2014.06.13 07:41:41.591,1.01898,1.01901,1.32,2.44
2014.06.13 07:41:42.102,1.01899,1.01901,1.00,2.44
2014.06.13 07:41:42.607,1.01898,1.01901,2.82,1.19
2014.06.13 07:41:43.176,1.01899,1.01901,1.00,1.19
2014.06.13 07:41:45.047,1.01898,1.01901,2.07,1.69
2014.06.13 07:41:45.564,1.01899,1.01901,1.00,3.57
2014.06.13 07:41:47.101,1.01899,1.01901,1.00,3.38
2014.06.13 07:41:47.203,1.01898,1.01901,1.69,3.57
2014.06.13 07:41:49.433,1.01898,1.019,1.00,1.69
2014.06.13 07:41:49.736,1.01896,1.01899,2.07,2.44
2014.06.13 07:41:50.841,1.01896,1.019,4.32,4.32
2014.06.13 07:41:52.186,1.01896,1.01898,1.00,1.19
2014.06.13 07:41:52.690,1.01895,1.01898,1.25,2.07
2014.06.13 07:41:55.823,1.01896,1.01898,1.00,1.69
2014.06.13 07:41:57.998,1.01896,1.01898,1.00,1.25
2014.06.13 07:41:58.746,1.01895,1.01898,1.25,1.25
2014.06.13 07:41:59.276,1.01896,1.01898,1.00,1.25
2014.06.13 07:41:59.594,1.01894,1.01896,3.94,1.00
2014.06.13 07:41:59.897,1.0189,1.01895,1.00,2.82
2014.06.13 07:42:00.152,1.01887,1.01889,1.25,1.25
2014.06.13 07:42:00.657,1.01886,1.01889,1.25,1.69
2014.06.13 07:42:01.972,1.01887,1.01889,1.00,1.50
2014.06.13 07:42:02.478,1.01887,1.01889,1.50,1.19
2014.06.13 07:42:04.541,1.01887,1.01889,1.25,1.25
2014.06.13 07:42:05.074,1.01887,1.01888,1.25,1.00
2014.06.13 07:42:05.788,1.01887,1.01889,1.00,1.25
2014.06.13 07:42:06.907,1.01887,1.01888,1.25,1.00
2014.06.13 07:42:07.685,1.01887,1.01889,1.25,1.25
2014.06.13 07:42:11.580,1.01887,1.01888,1.25,1.00
2014.06.13 07:42:12.086,1.01886,1.01889,3.57,1.69
2014.06.13 07:42:12.887,1.01886,1.01888,3.57,1.00
2014.06.13 07:42:13.431,1.01886,1.01888,1.32,1.25
2014.06.13 07:42:16.655,1.01887,1.01888,1.00,1.25
2014.06.13 07:42:19.230,1.01885,1.01888,4.32,2.69
2014.06.13 07:42:20.028,1.01884,1.01887,3.57,1.69
2014.06.13 07:42:20.576,1.01883,1.01886,4.32,1.00
2014.06.13 07:42:22.222,1.01883,1.01885,4.88,1.00
2014.06.13 07:42:22.813,1.01883,1.01887,4.69,2.82
2014.06.13 07:42:22.880,1.01883,1.01886,4.69,1.00
2014.06.13 07:42:23.733,1.01883,1.01886,3.19,1.25
2014.06.13 07:42:24.853,1.01883,1.01887,2.82,5.07
2014.06.13 07:42:25.859,1.01883,1.01887,2.82,2.07
2014.06.13 07:42:26.374,1.01883,1.01887,5.44,2.82
2014.06.13 07:42:26.982,1.01883,1.01887,5.44,2.82
2014.06.13 07:42:27.504,1.01883,1.01886,4.32,1.00
2014.06.13 07:42:29.617,1.01883,1.01886,2.82,1.69
2014.06.13 07:42:30.125,1.01883,1.01886,2.82,1.69
2014.06.13 07:42:30.277,1.01882,1.01885,2.07,2.44
2014.06.13 07:42:30.378,1.01882,1.01883,1.32,1.00
2014.06.13 07:42:30.732,1.01881,1.01885,3.19,1.69
2014.06.13 07:42:31.390,1.01882,1.01885,4.32,1.00
2014.06.13 07:42:31.894,1.01882,1.01884,4.32,1.00
2014.06.13 07:42:32.423,1.01882,1.01885,4.32,1.00
2014.06.13 07:42:33.787,1.01882,1.01884,3.19,1.00
2014.06.13 07:42:34.297,1.01882,1.01885,3.19,1.50
2014.06.13 07:42:34.665,1.01882,1.01884,3.00,1.00
2014.06.13 07:42:35.023,1.01882,1.01885,4.32,1.50
2014.06.13 07:42:35.560,1.01882,1.01884,4.32,1.00
2014.06.13 07:42:36.076,1.01882,1.01885,2.82,1.69
2014.06.13 07:42:37.184,1.01883,1.01885,3.19,1.50
2014.06.13 07:42:37.336,1.01884,1.01887,2.82,1.69
2014.06.13 07:42:38.874,1.01884,1.01887,2.25,3.07
2014.06.13 07:42:39.404,1.01883,1.01885,2.44,1.50
2014.06.13 07:42:39.730,1.01883,1.01885,2.44,1.00
2014.06.13 07:42:40.305,1.01882,1.01885,4.88,1.00
2014.06.13 07:42:41.724,1.01883,1.01885,1.32,1.00
2014.06.13 07:42:42.269,1.01883,1.01886,1.32,1.69
2014.06.13 07:42:42.812,1.01883,1.01885,1.88,1.00
2014.06.13 07:42:43.068,1.01883,1.01886,1.69,2.44
2014.06.13 07:42:44.478,1.01883,1.01885,1.69,1.00
2014.06.13 07:42:45.006,1.01883,1.01886,1.69,1.69
2014.06.13 07:42:45.511,1.01883,1.01885,1.69,1.00
2014.06.13 07:42:45.814,1.01882,1.01885,4.88,1.00
2014.06.13 07:42:46.320,1.01881,1.01884,3.57,1.25
2014.06.13 07:42:46.472,1.01882,1.01885,2.82,2.44
2014.06.13 07:42:47.666,1.01882,1.01884,2.82,1.00
2014.06.13 07:42:48.323,1.01882,1.01885,2.44,2.25
2014.06.13 07:42:48.834,1.01881,1.01885,5.07,2.07
2014.06.13 07:42:50.187,1.01881,1.01885,3.19,2.82
2014.06.13 07:42:51.265,1.01881,1.01885,3.19,3.57
2014.06.13 07:42:51.769,1.01881,1.01885,3.19,3.57
2014.06.13 07:42:53.257,1.0188,1.01883,1.32,1.69
2014.06.13 07:42:53.358,1.0188,1.01883,1.32,1.69
2014.06.13 07:42:53.762,1.01879,1.01881,1.13,1.00
2014.06.13 07:42:54.015,1.01877,1.01879,3.75,1.00
2014.06.13 07:42:54.116,1.01876,1.01878,1.69,1.00
2014.06.13 07:42:54.470,1.01874,1.01876,3.57,1.00
2014.06.13 07:42:54.773,1.01875,1.01878,3.19,2.07
2014.06.13 07:42:54.976,1.01876,1.01879,2.44,2.25
2014.06.13 07:42:55.077,1.01875,1.01878,5.07,1.25
2014.06.13 07:42:55.302,1.01878,1.0188,1.25,2.44
2014.06.13 07:42:55.609,1.01876,1.0188,3.57,3.57
2014.06.13 07:42:56.215,1.01876,1.01878,3.57,1.00
2014.06.13 07:42:56.777,1.01876,1.01878,1.32,1.25
2014.06.13 07:43:11.083,1.01874,1.01878,1.57,3.19
2014.06.13 07:43:11.386,1.01874,1.01875,1.25,1.00
2014.06.13 07:43:12.620,1.01874,1.01876,1.25,1.25
2014.06.13 07:43:14.091,1.01873,1.01875,1.00,1.32
2014.06.13 07:43:14.597,1.01872,1.01875,2.07,1.25
2014.06.13 07:43:16.285,1.01873,1.01875,1.00,1.25
2014.06.13 07:43:17.065,1.01872,1.01875,2.07,1.32
2014.06.13 07:43:17.571,1.01873,1.01875,1.00,1.32
2014.06.13 07:43:18.339,1.01872,1.01873,1.13,1.25
2014.06.13 07:43:18.869,1.01869,1.01873,5.44,1.69
2014.06.13 07:43:19.065,1.01869,1.01873,2.63,1.69
2014.06.13 07:43:19.166,1.01869,1.01871,1.50,1.00
2014.06.13 07:43:19.693,1.01869,1.01871,1.19,1.00
2014.06.13 07:43:22.129,1.01869,1.01871,1.69,1.25
2014.06.13 07:43:23.186,1.01869,1.01871,2.07,1.00
2014.06.13 07:43:23.860,1.01869,1.01871,2.07,1.00
2014.06.13 07:43:24.188,1.01867,1.0187,1.13,1.19
2014.06.13 07:43:24.491,1.01865,1.01867,3.94,1.00
2014.06.13 07:43:24.845,1.01864,1.01867,1.25,3.19
2014.06.13 07:43:25.198,1.01863,1.01864,1.25,1.00
2014.06.13 07:43:26.064,1.01862,1.01864,1.69,1.00
2014.06.13 07:43:26.613,1.01863,1.01864,1.00,1.25
2014.06.13 07:43:28.303,1.01861,1.01864,4.32,1.25
2014.06.13 07:43:30.607,1.01862,1.01865,1.25,2.63
2014.06.13 07:43:31.890,1.01862,1.01864,1.25,1.00
2014.06.13 07:43:32.401,1.01862,1.01864,2.82,1.00
2014.06.13 07:43:32.452,1.01862,1.01866,3.57,1.13
2014.06.13 07:43:33.112,1.01863,1.01866,2.07,1.50
2014.06.13 07:43:33.781,1.01865,1.01866,1.00,1.00
2014.06.13 07:43:34.291,1.01865,1.01867,1.00,1.69
2014.06.13 07:43:37.251,1.01865,1.01867,1.25,1.50
2014.06.13 07:43:37.763,1.01866,1.01867,1.00,1.00
2014.06.13 07:43:37.814,1.01867,1.01871,2.50,1.50
2014.06.13 07:43:38.169,1.01871,1.01873,1.00,1.32
2014.06.13 07:43:39.606,1.01873,1.01875,1.00,2.07
2014.06.13 07:43:40.110,1.01871,1.01875,3.19,1.63
2014.06.13 07:43:41.999,1.01871,1.01875,4.69,2.07
2014.06.13 07:43:42.100,1.01871,1.01875,5.07,2.07
2014.06.13 07:43:42.578,1.01871,1.01874,2.44,1.32
2014.06.13 07:43:45.805,1.0187,1.01873,1.32,2.44
2014.06.13 07:43:46.323,1.0187,1.01873,3.57,1.69
2014.06.13 07:43:46.921,1.0187,1.01872,2.82,1.00
2014.06.13 07:43:47.426,1.01869,1.01873,3.19,5.07
2014.06.13 07:43:48.026,1.01869,1.01872,1.25,3.57
2014.06.13 07:43:49.477,1.01869,1.0187,1.25,1.00
2014.06.13 07:43:49.731,1.01866,1.0187,4.32,5.44
2014.06.13 07:43:49.933,1.01865,1.01867,2.44,1.00
2014.06.13 07:43:50.854,1.01864,1.01867,3.57,1.25
2014.06.13 07:43:52.970,1.01864,1.01867,2.07,2.44
2014.06.13 07:43:58.891,1.01864,1.01867,2.07,2.44
2014.06.13 07:43:58.992,1.01865,1.01868,2.44,1.32
2014.06.13 07:43:59.043,1.01866,1.01871,1.50,2.25
2014.06.13 07:43:59.549,1.01869,1.01871,1.00,3.57
2014.06.13 07:44:00.314,1.01869,1.01871,1.25,1.00
2014.06.13 07:44:00.886,1.0187,1.01871,1.00,1.00
2014.06.13 07:44:01.656,1.01868,1.01871,5.07,1.69
2014.06.13 07:44:04.565,1.0187,1.01871,1.00,1.25
2014.06.13 07:44:06.660,1.01869,1.01871,1.50,1.19
2014.06.13 07:44:07.168,1.01868,1.01871,2.44,1.32
2014.06.13 07:44:07.691,1.01868,1.01871,5.07,1.69
2014.06.13 07:44:08.449,1.01868,1.01871,1.25,3.57
2014.06.13 07:44:08.753,1.01867,1.01869,1.00,1.32
2014.06.13 07:44:09.259,1.01867,1.01869,1.69,1.25
2014.06.13 07:44:09.733,1.01868,1.01871,1.00,4.13
2014.06.13 07:44:09.835,1.01867,1.01871,2.07,4.32
2014.06.13 07:44:10.349,1.01867,1.01871,3.57,4.32
2014.06.13 07:44:11.899,1.01868,1.01871,3.19,1.32
2014.06.13 07:44:12.423,1.0187,1.01873,1.25,2.82
2014.06.13 07:44:13.772,1.01869,1.01873,1.69,2.82
2014.06.13 07:44:14.277,1.01869,1.01871,3.19,1.00
2014.06.13 07:44:14.881,1.01869,1.01871,1.25,1.00
2014.06.13 07:44:17.319,1.01868,1.01871,1.25,1.19
2014.06.13 07:44:17.826,1.01867,1.0187,1.69,2.82
2014.06.13 07:44:19.297,1.01867,1.0187,1.25,3.57
2014.06.13 07:44:19.398,1.01867,1.01868,1.25,1.00
2014.06.13 07:44:20.187,1.01866,1.01868,3.38,1.00
2014.06.13 07:44:20.695,1.01867,1.0187,1.25,3.57
2014.06.13 07:44:20.948,1.01865,1.01867,1.50,1.50
2014.06.13 07:44:21.948,1.01864,1.01867,1.25,1.69
2014.06.13 07:44:22.464,1.01864,1.01865,1.25,1.00
2014.06.13 07:44:31.561,1.01864,1.01867,1.00,2.07
2014.06.13 07:44:32.069,1.01863,1.01867,5.07,3.57
2014.06.13 07:44:32.575,1.01865,1.01867,1.00,2.07
2014.06.13 07:44:34.884,1.01865,1.01866,1.25,1.00
2014.06.13 07:44:35.993,1.01865,1.01867,1.25,1.32
2014.06.13 07:44:37.225,1.01865,1.01866,1.25,1.00
2014.06.13 07:44:39.151,1.01866,1.01868,2.13,3.00
2014.06.13 07:44:39.404,1.01867,1.01869,2.07,1.00
2014.06.13 07:44:39.507,1.01867,1.0187,2.82,1.25
2014.06.13 07:44:39.608,1.01867,1.01869,1.88,1.00
2014.06.13 07:44:40.064,1.01867,1.01871,5.07,4.32
2014.06.13 07:44:40.165,1.01869,1.01872,1.69,1.69
2014.06.13 07:44:40.266,1.01871,1.01872,1.00,1.69
2014.06.13 07:44:40.573,1.01869,1.01871,1.00,1.25
2014.06.13 07:44:40.725,1.01871,1.01872,1.00,1.69
2014.06.13 07:44:41.028,1.01869,1.01871,1.00,2.44
2014.06.13 07:44:41.534,1.01867,1.01869,3.19,1.50
2014.06.13 07:44:42.038,1.01869,1.0187,1.13,1.00
2014.06.13 07:44:42.646,1.01869,1.01871,2.07,1.50
2014.06.13 07:44:43.161,1.01871,1.01872,1.00,1.69
2014.06.13 07:44:43.665,1.01871,1.01873,1.32,1.25
2014.06.13 07:44:44.422,1.01872,1.01875,1.00,3.19
2014.06.13 07:44:44.625,1.01873,1.01875,1.00,1.50
2014.06.13 07:44:44.979,1.01875,1.01876,1.00,1.25
2014.06.13 07:44:46.085,1.01874,1.01876,1.32,1.00
2014.06.13 07:44:46.641,1.01873,1.01877,3.57,3.94
2014.06.13 07:44:47.147,1.01873,1.01877,1.63,3.94
2014.06.13 07:44:48.414,1.01873,1.01875,1.63,1.00
2014.06.13 07:44:48.919,1.01873,1.01876,1.63,1.25
2014.06.13 07:44:49.902,1.01873,1.01875,3.57,1.00
2014.06.13 07:44:50.219,1.01872,1.01873,1.13,1.00
2014.06.13 07:44:51.217,1.01871,1.01873,2.07,1.00
2014.06.13 07:44:52.414,1.01871,1.01873,1.25,1.25
2014.06.13 07:44:54.844,1.01869,1.01873,1.88,1.69
2014.06.13 07:44:54.895,1.01869,1.01871,1.13,1.00
2014.06.13 07:44:55.198,1.01865,1.01868,1.25,5.00
2014.06.13 07:44:56.198,1.01864,1.01866,2.07,1.00
2014.06.13 07:44:56.754,1.01864,1.01867,2.07,1.25
2014.06.13 07:45:04.685,1.01865,1.01867,2.82,1.25
2014.06.13 07:45:05.593,1.01865,1.01867,2.82,1.69
2014.06.13 07:45:06.470,1.01865,1.01867,2.82,1.25
2014.06.13 07:45:06.985,1.01864,1.01866,1.00,1.00
2014.06.13 07:45:07.924,1.01865,1.01868,4.57,1.00
2014.06.13 07:45:08.027,1.01868,1.0187,3.57,1.00
2014.06.13 07:45:08.129,1.01868,1.01871,3.57,1.00
2014.06.13 07:45:08.241,1.01868,1.0187,3.00,1.00
2014.06.13 07:45:08.344,1.01868,1.01871,3.57,1.00
2014.06.13 07:45:09.014,1.0187,1.01871,1.25,1.00
2014.06.13 07:45:09.320,1.01867,1.01869,3.19,1.25
2014.06.13 07:45:09.825,1.01867,1.01868,1.00,1.25
2014.06.13 07:45:10.330,1.01866,1.01868,2.82,2.44
2014.06.13 07:45:10.852,1.01865,1.01867,2.82,1.25
2014.06.13 07:45:11.308,1.01865,1.01867,1.63,1.25
2014.06.13 07:45:11.662,1.01865,1.01867,2.07,1.25
2014.06.13 07:45:12.167,1.01866,1.01868,2.82,1.69
2014.06.13 07:45:12.777,1.01865,1.01868,2.82,2.44
2014.06.13 07:45:13.292,1.01864,1.01866,2.82,1.00
2014.06.13 07:45:13.800,1.01864,1.01866,3.00,1.00
2014.06.13 07:45:14.054,1.01864,1.01867,3.57,1.25
2014.06.13 07:45:14.630,1.01864,1.01866,3.57,1.00
2014.06.13 07:45:15.161,1.01865,1.01868,1.32,2.44
2014.06.13 07:45:15.514,1.01864,1.01866,3.75,1.00
2014.06.13 07:45:15.618,1.01864,1.01868,4.32,3.19
2014.06.13 07:45:17.498,1.01866,1.01868,1.00,2.44
2014.06.13 07:45:18.035,1.01865,1.01868,3.57,1.25
2014.06.13 07:45:18.439,1.01868,1.0187,1.00,1.32
2014.06.13 07:45:18.792,1.01869,1.01873,2.07,2.07
2014.06.13 07:45:18.894,1.0187,1.01873,1.00,2.82
2014.06.13 07:45:19.824,1.01871,1.01873,1.00,1.19
2014.06.13 07:45:31.073,1.01871,1.01874,1.00,1.57
2014.06.13 07:45:31.376,1.01875,1.01877,1.00,1.32
2014.06.13 07:45:32.089,1.01875,1.01878,1.25,2.07
2014.06.13 07:45:35.905,1.01875,1.01879,1.13,2.82
2014.06.13 07:45:37.270,1.01875,1.01878,1.13,1.19
2014.06.13 07:45:38.706,1.01875,1.01878,1.32,1.25
2014.06.13 07:45:40.386,1.01875,1.01878,1.13,1.19
2014.06.13 07:45:43.012,1.01875,1.01879,2.07,3.57
2014.06.13 07:45:44.583,1.01876,1.01879,1.00,3.57
2014.06.13 07:45:45.385,1.01875,1.01879,2.07,3.57
2014.06.13 07:45:45.918,1.01875,1.01878,2.07,1.69
2014.06.13 07:45:46.940,1.01876,1.01878,1.00,1.19
2014.06.13 07:45:47.446,1.01876,1.01879,1.00,5.07
2014.06.13 07:45:48.339,1.01875,1.01879,2.07,3.57
2014.06.13 07:45:49.245,1.01875,1.01877,1.13,1.69
2014.06.13 07:45:51.954,1.01875,1.01878,1.32,1.69
2014.06.13 07:45:54.019,1.01877,1.01879,1.00,1.32
2014.06.13 07:45:54.324,1.01879,1.01882,2.32,1.25
2014.06.13 07:45:54.628,1.01883,1.01887,5.38,1.25
2014.06.13 07:45:54.781,1.01885,1.01889,1.50,2.07
2014.06.13 07:45:54.882,1.01887,1.01889,1.00,1.25
2014.06.13 07:45:55.408,1.01888,1.01891,1.00,1.69
2014.06.13 07:45:57.892,1.01887,1.0189,1.25,1.69
2014.06.13 07:45:58.943,1.01886,1.0189,2.07,1.69
2014.06.13 07:46:00.128,1.01885,1.01888,3.57,1.00
2014.06.13 07:46:01.441,1.01885,1.01887,2.07,1.00
2014.06.13 07:46:01.966,1.01885,1.01888,2.07,1.50
2014.06.13 07:46:06.137,1.01885,1.01888,1.32,2.82
2014.06.13 07:46:06.730,1.01884,1.01887,5.07,1.00
2014.06.13 07:46:07.041,1.01884,1.01888,5.82,2.07
2014.06.13 07:46:07.920,1.01884,1.01887,4.50,1.00
2014.06.13 07:46:08.022,1.01884,1.01888,5.07,2.82
2014.06.13 07:46:08.286,1.01884,1.01888,5.07,2.07
2014.06.13 07:46:08.685,1.01884,1.01887,5.07,1.00
2014.06.13 07:46:08.913,1.01884,1.01888,5.07,2.07
2014.06.13 07:46:09.266,1.01884,1.01887,5.07,1.00
2014.06.13 07:46:09.869,1.01884,1.01887,4.50,1.00
2014.06.13 07:46:10.245,1.01884,1.01888,5.82,2.07
2014.06.13 07:46:10.769,1.01884,1.01888,5.07,2.07
2014.06.13 07:46:11.536,1.01884,1.01887,5.07,1.00
2014.06.13 07:46:12.090,1.01884,1.01888,5.07,2.07
2014.06.13 07:46:12.596,1.01884,1.01887,4.50,1.00
2014.06.13 07:46:12.647,1.01884,1.01888,5.07,3.57
2014.06.13 07:46:15.942,1.01886,1.01888,1.00,1.32
2014.06.13 07:46:19.232,1.01886,1.01887,1.00,1.00
2014.06.13 07:46:21.257,1.01886,1.01887,1.00,1.25
2014.06.13 07:46:23.262,1.01884,1.01886,2.82,1.00
2014.06.13 07:46:23.668,1.01884,1.01887,2.82,1.25
2014.06.13 07:46:24.328,1.01884,1.01886,2.82,1.00
2014.06.13 07:46:24.845,1.01884,1.01887,2.82,1.69
2014.06.13 07:46:27.820,1.01886,1.01887,1.00,1.25
2014.06.13 07:46:29.559,1.01887,1.01888,1.00,2.25
2014.06.13 07:46:30.074,1.01885,1.01888,2.82,1.00
2014.06.13 07:46:30.823,1.01887,1.01889,1.00,3.94
2014.06.13 07:46:31.025,1.01887,1.01889,1.00,3.19
2014.06.13 07:46:31.378,1.01888,1.01889,1.00,1.32
2014.06.13 07:46:31.581,1.01889,1.01891,1.00,1.38
2014.06.13 07:46:32.085,1.0189,1.01891,1.00,1.25
2014.06.13 07:46:32.594,1.01889,1.01891,1.25,1.32
2014.06.13 07:46:33.103,1.01888,1.01891,2.44,3.57
2014.06.13 07:46:34.949,1.01887,1.01889,1.00,1.32
2014.06.13 07:46:35.050,1.01885,1.01887,1.32,1.00
2014.06.13 07:46:35.582,1.01885,1.01888,2.82,1.25
2014.06.13 07:46:36.087,1.01886,1.01889,1.25,2.07
2014.06.13 07:46:37.576,1.01887,1.0189,1.13,1.69
2014.06.13 07:46:37.678,1.01888,1.01891,1.00,1.88
2014.06.13 07:46:37.728,1.01889,1.01891,1.00,1.25
2014.06.13 07:46:38.235,1.01889,1.0189,1.00,1.00
2014.06.13 07:46:38.750,1.01888,1.0189,1.69,1.00
2014.06.13 07:46:39.421,1.01888,1.01889,1.25,1.00
2014.06.13 07:46:39.522,1.01885,1.01888,1.13,1.00
2014.06.13 07:46:40.683,1.01885,1.01889,4.32,2.07
2014.06.13 07:46:44.831,1.01885,1.01888,3.57,1.00
2014.06.13 07:46:51.813,1.01887,1.01889,1.00,2.82
2014.06.13 07:46:52.559,1.01887,1.01889,1.00,2.07
2014.06.13 07:46:54.890,1.01886,1.01889,1.25,2.07
2014.06.13 07:46:55.754,1.01886,1.01889,1.69,2.07
2014.06.13 07:46:56.755,1.01886,1.01889,1.25,2.07
2014.06.13 07:46:57.129,1.01884,1.01888,5.07,2.07
2014.06.13 07:46:57.994,1.01884,1.01888,2.44,3.57
2014.06.13 07:46:58.519,1.01885,1.01888,1.25,1.25
2014.06.13 07:46:59.503,1.01885,1.01888,1.19,1.00
2014.06.13 07:47:00.074,1.01885,1.01889,1.69,2.07
2014.06.13 07:47:00.615,1.01885,1.01888,1.25,1.25
2014.06.13 07:47:01.480,1.01885,1.01888,1.19,1.00
2014.06.13 07:47:06.535,1.01886,1.01887,1.00,1.00
2014.06.13 07:47:07.048,1.01884,1.01887,4.32,1.00
2014.06.13 07:47:07.567,1.01885,1.01888,1.25,1.00
2014.06.13 07:47:08.636,1.01885,1.01887,1.32,1.00
2014.06.13 07:47:09.167,1.01884,1.01888,4.32,2.44
2014.06.13 07:47:09.719,1.01884,1.01887,3.57,1.00
2014.06.13 07:47:10.259,1.01885,1.01888,1.32,1.69
2014.06.13 07:47:10.764,1.01886,1.01888,1.25,1.00
2014.06.13 07:47:14.425,1.01884,1.01888,1.50,2.07
2014.06.13 07:47:14.981,1.01883,1.01886,5.07,1.00
2014.06.13 07:47:17.611,1.01883,1.01885,2.07,1.00
2014.06.13 07:47:17.814,1.01882,1.01884,1.00,2.44
2014.06.13 07:47:18.331,1.01881,1.01884,1.25,4.32
2014.06.13 07:47:19.021,1.01881,1.01884,1.25,2.07
2014.06.13 07:47:19.946,1.0188,1.01882,1.00,1.63
2014.06.13 07:47:19.997,1.01879,1.01881,1.25,1.00
2014.06.13 07:47:20.250,1.01877,1.01879,1.69,1.32
2014.06.13 07:47:20.301,1.01876,1.01878,3.00,1.00
2014.06.13 07:47:20.454,1.01873,1.01877,3.19,1.50
2014.06.13 07:47:20.965,1.01874,1.01876,1.25,1.50
2014.06.13 07:47:21.487,1.01873,1.01877,3.94,1.32
2014.06.13 07:47:23.066,1.01875,1.01877,1.00,1.25
2014.06.13 07:47:23.168,1.01877,1.01878,1.13,1.00
2014.06.13 07:47:23.320,1.0188,1.01882,1.00,1.32
2014.06.13 07:47:23.876,1.01882,1.01884,1.00,1.32
2014.06.13 07:47:25.999,1.0188,1.01884,5.07,2.07
2014.06.13 07:47:26.676,1.0188,1.01884,3.57,4.32
2014.06.13 07:47:27.389,1.01882,1.01884,1.69,1.88
2014.06.13 07:47:27.693,1.01883,1.01887,3.44,4.69
2014.06.13 07:47:28.150,1.01885,1.01887,1.50,1.25
2014.06.13 07:47:28.911,1.01885,1.01888,1.00,1.69
2014.06.13 07:47:29.485,1.01885,1.01887,1.00,1.13
2014.06.13 07:47:30.660,1.01884,1.01887,1.25,1.32
2014.06.13 07:47:33.841,1.01883,1.01887,2.82,2.07
2014.06.13 07:47:35.865,1.01883,1.01887,2.07,1.69
2014.06.13 07:47:36.383,1.01883,1.01887,2.82,3.94
2014.06.13 07:47:36.888,1.01884,1.01887,1.00,3.19
2014.06.13 07:47:37.458,1.01883,1.01887,2.82,2.07
2014.06.13 07:47:38.993,1.01884,1.01887,1.00,1.32
2014.06.13 07:47:43.160,1.01885,1.01887,1.00,2.82
2014.06.13 07:47:43.784,1.01885,1.01888,1.00,5.07
2014.06.13 07:47:44.315,1.01884,1.01888,1.69,5.82
2014.06.13 07:47:45.056,1.01884,1.01885,1.69,1.00
2014.06.13 07:47:45.713,1.01883,1.01885,1.69,1.00
2014.06.13 07:47:46.594,1.01884,1.01887,1.50,3.94
2014.06.13 07:47:50.346,1.01884,1.01885,1.00,1.00
2014.06.13 07:47:51.190,1.01884,1.01886,1.00,1.00
2014.06.13 07:47:51.445,1.01885,1.01887,1.00,1.32
2014.06.13 07:47:51.988,1.01884,1.01886,1.25,1.00
2014.06.13 07:47:52.527,1.01883,1.01886,2.07,1.25
2014.06.13 07:47:53.325,1.01884,1.01886,1.00,1.25
2014.06.13 07:47:53.843,1.01883,1.01886,2.07,1.00
2014.06.13 07:47:54.384,1.01884,1.01886,1.00,1.13
2014.06.13 07:47:57.365,1.01884,1.01885,1.00,1.00
2014.06.13 07:47:58.918,1.01884,1.01886,1.00,1.32
2014.06.13 07:48:00.139,1.01883,1.01886,1.25,1.32
2014.06.13 07:48:00.655,1.01884,1.01886,1.00,1.25
2014.06.13 07:48:05.087,1.01885,1.01887,1.00,3.57
2014.06.13 07:48:05.973,1.01884,1.01887,1.50,2.82
2014.06.13 07:48:06.377,1.01885,1.01888,1.25,2.07
2014.06.13 07:48:06.882,1.01886,1.0189,1.25,6.94
2014.06.13 07:48:08.424,1.01886,1.01888,1.25,1.00
2014.06.13 07:48:08.974,1.01884,1.01887,2.07,1.00
2014.06.13 07:48:09.596,1.01884,1.01887,1.32,1.25
2014.06.13 07:48:10.105,1.01885,1.01888,1.00,3.57
2014.06.13 07:48:10.864,1.01884,1.01888,2.44,4.32
2014.06.13 07:48:13.965,1.01883,1.01886,4.32,1.00
2014.06.13 07:48:14.470,1.01883,1.01885,1.50,1.25
2014.06.13 07:48:15.021,1.01881,1.01885,1.69,2.82
2014.06.13 07:48:15.476,1.0188,1.01883,1.88,1.69
2014.06.13 07:48:15.781,1.01876,1.01879,2.44,2.88
2014.06.13 07:48:15.834,1.01876,1.01878,3.19,1.00
2014.06.13 07:48:16.347,1.01876,1.01879,2.44,1.88
2014.06.13 07:48:16.852,1.01875,1.01879,3.19,2.07
2014.06.13 07:48:17.811,1.01874,1.01877,4.32,1.00
2014.06.13 07:48:18.791,1.01874,1.01878,2.44,4.32
2014.06.13 07:48:22.953,1.01874,1.01877,1.69,1.32
2014.06.13 07:48:23.935,1.01873,1.01877,6.19,2.07
2014.06.13 07:48:30.179,1.01874,1.01875,1.25,1.00
2014.06.13 07:48:30.955,1.01874,1.01876,1.25,1.25
2014.06.13 07:48:32.325,1.01875,1.01876,1.00,1.25
2014.06.13 07:48:32.829,1.01874,1.01875,1.25,1.00
2014.06.13 07:48:33.334,1.01873,1.01874,1.50,1.00
2014.06.13 07:48:33.794,1.01873,1.01876,1.25,1.25
2014.06.13 07:48:34.299,1.01873,1.01876,1.25,1.69
2014.06.13 07:48:35.510,1.01872,1.01875,2.44,3.19
2014.06.13 07:48:37.730,1.01872,1.01873,1.25,1.00
2014.06.13 07:48:38.527,1.01871,1.01874,3.19,1.32
2014.06.13 07:48:39.194,1.01871,1.01874,3.19,1.63
2014.06.13 07:48:39.699,1.01871,1.01873,1.25,1.32
2014.06.13 07:48:40.456,1.01871,1.01873,1.00,2.82
2014.06.13 07:48:40.608,1.01868,1.0187,1.13,1.00
2014.06.13 07:48:40.912,1.01866,1.01868,1.00,1.32
2014.06.13 07:48:41.064,1.01867,1.01869,1.25,1.69
2014.06.13 07:48:41.115,1.01867,1.0187,1.00,4.13
2014.06.13 07:48:41.571,1.0187,1.01872,1.00,1.19
2014.06.13 07:48:42.077,1.01871,1.01873,1.00,4.50
2014.06.13 07:48:42.599,1.0187,1.01873,1.63,2.44
2014.06.13 07:48:42.701,1.01872,1.01874,1.00,1.25
2014.06.13 07:48:43.156,1.0187,1.01873,3.00,1.75
2014.06.13 07:48:43.359,1.0187,1.01872,1.00,1.32
2014.06.13 07:48:43.876,1.0187,1.01873,1.25,3.57
2014.06.13 07:48:46.416,1.01869,1.01872,2.07,1.19
2014.06.13 07:48:48.430,1.01869,1.01873,4.69,5.07
2014.06.13 07:48:49.342,1.01869,1.01873,3.94,5.07
2014.06.13 07:48:49.443,1.01868,1.01871,2.25,1.69
2014.06.13 07:48:49.947,1.0187,1.01872,1.00,2.25
2014.06.13 07:48:50.509,1.01871,1.01873,1.00,3.57
2014.06.13 07:48:51.701,1.0187,1.01873,1.25,5.07
2014.06.13 07:48:55.461,1.01871,1.01873,1.00,5.07
2014.06.13 07:48:56.885,1.01871,1.01873,1.00,2.82
2014.06.13 07:48:57.406,1.01871,1.01873,1.00,5.07
2014.06.13 07:48:57.924,1.01871,1.01874,2.07,1.69
2014.06.13 07:48:58.449,1.01871,1.01874,2.82,1.00
2014.06.13 07:48:58.954,1.01873,1.01874,1.00,1.00
2014.06.13 07:48:59.389,1.01873,1.01876,1.00,1.32
2014.06.13 07:48:59.897,1.01875,1.01877,1.00,3.57
2014.06.13 07:49:00.423,1.01875,1.01877,1.00,3.57
2014.06.13 07:49:00.834,1.01877,1.01879,1.32,1.00
2014.06.13 07:49:00.936,1.01879,1.0188,1.50,1.00
2014.06.13 07:49:00.987,1.01879,1.01882,1.50,2.63
2014.06.13 07:49:01.290,1.0188,1.01884,3.38,1.32
2014.06.13 07:49:01.880,1.01881,1.01884,1.25,1.13
2014.06.13 07:49:04.331,1.0188,1.01884,1.69,4.32
2014.06.13 07:49:04.836,1.0188,1.01882,1.25,1.25
2014.06.13 07:49:05.905,1.01879,1.01883,1.69,2.44
2014.06.13 07:49:06.414,1.01879,1.01882,1.69,2.07
2014.06.13 07:49:06.948,1.01879,1.01882,1.32,2.82
2014.06.13 07:49:07.462,1.01878,1.01879,1.00,1.00
2014.06.13 07:49:08.023,1.01876,1.01879,3.57,1.50
2014.06.13 07:49:08.598,1.01876,1.01879,1.32,1.69
2014.06.13 07:49:09.363,1.01876,1.01879,3.57,1.25
2014.06.13 07:49:09.666,1.01879,1.01882,1.25,4.32
2014.06.13 07:49:09.818,1.01879,1.01882,3.19,1.32
2014.06.13 07:49:14.929,1.0188,1.01881,1.25,1.00
2014.06.13 07:49:14.980,1.0188,1.01881,1.25,1.00
2014.06.13 07:49:15.031,1.01878,1.0188,1.50,1.63
2014.06.13 07:49:15.233,1.01875,1.01878,2.44,1.13
2014.06.13 07:49:16.242,1.01875,1.01878,1.25,1.32
2014.06.13 07:49:16.749,1.01875,1.01878,1.00,1.32
2014.06.13 07:49:17.680,1.01876,1.01879,1.00,6.57
2014.06.13 07:49:18.324,1.01876,1.01878,1.00,1.32
2014.06.13 07:49:19.069,1.01875,1.01877,1.69,1.00
2014.06.13 07:49:24.009,1.01876,1.01878,1.00,4.32
2014.06.13 07:49:24.514,1.01874,1.01877,1.00,2.82
2014.06.13 07:49:24.615,1.01874,1.01877,1.00,3.57
2014.06.13 07:49:26.035,1.01873,1.01877,3.19,4.32
2014.06.13 07:49:26.389,1.01872,1.01875,1.69,2.07
2014.06.13 07:49:27.019,1.01871,1.01874,1.50,2.82
2014.06.13 07:49:27.533,1.0187,1.01874,1.69,4.69
2014.06.13 07:49:28.329,1.01871,1.01874,1.00,1.69
2014.06.13 07:49:28.841,1.01871,1.01874,1.00,3.94
2014.06.13 07:49:32.283,1.0187,1.01873,1.50,2.82
2014.06.13 07:49:34.736,1.01871,1.01874,1.00,2.82
2014.06.13 07:49:35.241,1.0187,1.01872,1.50,1.32
2014.06.13 07:49:36.209,1.01871,1.01873,1.00,2.25
2014.06.13 07:49:36.514,1.01873,1.01875,3.57,1.00
2014.06.13 07:49:36.667,1.01874,1.01877,2.50,3.94
2014.06.13 07:49:37.292,1.01875,1.01877,1.00,1.69
2014.06.13 07:49:37.898,1.01874,1.01877,2.44,1.50
2014.06.13 07:49:38.049,1.01873,1.01876,1.00,2.82
2014.06.13 07:49:38.151,1.01871,1.01875,3.19,1.69
2014.06.13 07:49:39.994,1.01872,1.01875,1.00,1.69
2014.06.13 07:49:41.985,1.01871,1.01875,3.19,2.07
2014.06.13 07:49:58.280,1.0187,1.01873,3.94,1.13
2014.06.13 07:49:58.785,1.0187,1.01873,1.69,2.07
2014.06.13 07:50:06.089,1.01869,1.01872,2.82,1.69
2014.06.13 07:50:06.622,1.0187,1.01872,1.25,1.25
2014.06.13 07:50:06.828,1.01869,1.01872,3.38,1.00
2014.06.13 07:50:06.982,1.01869,1.01872,3.57,1.69
2014.06.13 07:50:09.871,1.01869,1.01871,1.88,1.00
2014.06.13 07:50:10.390,1.01869,1.01871,2.07,1.00
2014.06.13 07:50:10.704,1.01869,1.01872,1.32,1.69
2014.06.13 07:50:11.026,1.01869,1.01871,2.07,1.00
2014.06.13 07:50:11.128,1.01869,1.01872,1.69,1.32
2014.06.13 07:50:11.633,1.01868,1.01871,3.38,1.00
2014.06.13 07:50:12.138,1.01869,1.01871,1.25,1.00
2014.06.13 07:50:12.679,1.01869,1.01872,2.44,1.32
2014.06.13 07:50:13.206,1.01869,1.01871,1.69,1.00
2014.06.13 07:50:14.762,1.01869,1.01871,2.63,1.00
2014.06.13 07:50:15.283,1.01869,1.01871,2.82,1.00
2014.06.13 07:50:15.788,1.0187,1.01872,1.25,1.69
2014.06.13 07:50:16.327,1.0187,1.01871,1.25,1.00
2014.06.13 07:50:17.049,1.0187,1.01872,1.00,1.69
2014.06.13 07:50:17.412,1.01869,1.01871,1.32,1.00
2014.06.13 07:50:17.930,1.0187,1.01871,1.25,1.00
2014.06.13 07:50:18.436,1.01869,1.01871,1.00,1.00
2014.06.13 07:50:18.982,1.01868,1.0187,3.57,1.00
2014.06.13 07:50:20.567,1.01867,1.0187,5.07,1.25
2014.06.13 07:50:20.720,1.01867,1.01868,1.69,1.00
2014.06.13 07:50:21.225,1.01866,1.01867,1.00,1.00
2014.06.13 07:50:22.646,1.01866,1.01868,1.25,2.82
2014.06.13 07:50:23.159,1.01866,1.01867,1.25,1.00
2014.06.13 07:50:23.985,1.01865,1.01867,2.44,1.00
2014.06.13 07:50:25.750,1.01864,1.01867,1.25,2.82
2014.06.13 07:50:26.254,1.01864,1.01865,1.25,1.00
2014.06.13 07:50:27.288,1.01862,1.01865,3.57,1.69
2014.06.13 07:50:28.253,1.01862,1.01865,1.25,4.32
2014.06.13 07:50:30.042,1.01863,1.01865,1.00,5.07
2014.06.13 07:50:30.607,1.01862,1.01865,2.44,2.07
2014.06.13 07:50:31.154,1.01863,1.01866,1.69,2.07
2014.06.13 07:50:31.458,1.0186,1.01863,2.44,2.82
2014.06.13 07:50:32.003,1.0186,1.01863,3.57,1.25
2014.06.13 07:50:33.439,1.0186,1.01864,2.07,2.82
2014.06.13 07:50:33.995,1.01861,1.01864,1.25,2.82
2014.06.13 07:50:35.413,1.0186,1.01864,3.57,2.82
2014.06.13 07:50:35.917,1.0186,1.01864,4.32,2.07
2014.06.13 07:50:37.232,1.01862,1.01865,3.19,1.88
2014.06.13 07:50:38.258,1.01863,1.01866,5.44,1.00
2014.06.13 07:50:38.763,1.01863,1.01865,2.44,1.00
2014.06.13 07:50:42.156,1.01863,1.01864,2.44,1.00
2014.06.13 07:50:42.720,1.01863,1.01865,2.44,1.88
2014.06.13 07:50:43.074,1.01862,1.01864,2.44,2.88
2014.06.13 07:50:43.378,1.01862,1.01865,2.44,2.82
2014.06.13 07:50:44.997,1.01863,1.01865,1.25,1.50
2014.06.13 07:50:47.696,1.01863,1.01866,3.57,1.69
2014.06.13 07:50:48.223,1.01863,1.01866,3.57,1.88
2014.06.13 07:50:48.880,1.01863,1.01865,2.82,1.00
2014.06.13 07:50:50.541,1.01863,1.01866,2.82,1.88
2014.06.13 07:50:51.057,1.01863,1.01865,2.82,1.00
2014.06.13 07:50:53.631,1.01863,1.01866,3.57,1.50
2014.06.13 07:50:54.682,1.01862,1.01866,3.57,2.63
2014.06.13 07:50:55.802,1.01863,1.01865,1.32,1.00
2014.06.13 07:50:56.560,1.01863,1.01866,2.07,1.32
2014.06.13 07:50:57.406,1.01863,1.01866,2.82,1.88
2014.06.13 07:51:00.416,1.01863,1.01865,3.57,1.00
2014.06.13 07:51:00.966,1.01863,1.01866,3.57,1.13
2014.06.13 07:51:02.211,1.01864,1.01865,2.44,1.00
2014.06.13 07:51:04.591,1.01864,1.01866,1.25,1.00
2014.06.13 07:51:05.783,1.01864,1.01867,3.19,2.07
2014.06.13 07:51:09.106,1.01867,1.01868,1.13,1.13
2014.06.13 07:51:09.257,1.01868,1.01869,2.63,1.00
2014.06.13 07:51:09.358,1.01869,1.01872,5.07,1.19
2014.06.13 07:51:09.409,1.0187,1.01873,1.50,2.82
2014.06.13 07:51:10.213,1.0187,1.01873,3.19,2.07
2014.06.13 07:51:10.725,1.01871,1.01873,1.00,2.07
2014.06.13 07:51:12.861,1.01872,1.01874,1.00,1.19
2014.06.13 07:51:13.394,1.01872,1.01875,1.00,2.82
2014.06.13 07:51:13.920,1.01872,1.01875,1.25,2.82
2014.06.13 07:51:15.574,1.01871,1.01874,4.69,1.00
2014.06.13 07:51:16.093,1.01871,1.01873,2.82,1.00
2014.06.13 07:51:16.599,1.01871,1.01872,2.82,1.00
2014.06.13 07:51:19.646,1.01869,1.01871,1.25,1.50
2014.06.13 07:51:20.000,1.01867,1.01869,3.19,1.00
2014.06.13 07:51:20.757,1.01866,1.01869,3.19,1.69
2014.06.13 07:51:22.084,1.01866,1.01869,1.25,3.19
2014.06.13 07:51:22.657,1.01867,1.01869,1.00,2.44
2014.06.13 07:51:23.175,1.01865,1.01869,3.94,2.44
2014.06.13 07:51:24.461,1.01865,1.01869,4.32,3.57
2014.06.13 07:51:24.988,1.01866,1.01869,1.25,2.82
2014.06.13 07:51:25.089,1.01865,1.01869,2.44,6.57
2014.06.13 07:51:25.998,1.01865,1.01869,1.69,4.32
2014.06.13 07:51:27.478,1.01865,1.01868,2.44,1.19
2014.06.13 07:51:28.617,1.01865,1.01868,1.69,1.25
2014.06.13 07:51:30.840,1.01865,1.01869,5.82,2.44
2014.06.13 07:51:31.143,1.0187,1.01872,1.00,1.19
2014.06.13 07:51:31.446,1.01871,1.01873,1.00,1.00
2014.06.13 07:51:31.979,1.01871,1.01874,1.50,2.07
2014.06.13 07:51:32.483,1.0187,1.01874,3.94,3.57
2014.06.13 07:51:35.297,1.01871,1.01874,1.00,4.69
2014.06.13 07:51:35.811,1.01871,1.01874,1.69,1.69
2014.06.13 07:51:36.338,1.01871,1.01874,3.94,1.25
2014.06.13 07:51:41.919,1.01871,1.01875,2.44,5.82
2014.06.13 07:51:44.014,1.0187,1.01874,3.94,4.69
2014.06.13 07:51:50.832,1.01871,1.01874,1.00,4.69
2014.06.13 07:51:51.746,1.01871,1.01874,1.25,4.69
2014.06.13 07:51:56.377,1.0187,1.01874,3.57,2.07
2014.06.13 07:51:56.953,1.0187,1.01874,5.07,2.82
2014.06.13 07:52:00.142,1.0187,1.01874,5.07,2.82
2014.06.13 07:52:01.150,1.0187,1.01874,5.07,2.82
2014.06.13 07:52:01.710,1.0187,1.01874,4.32,3.57
2014.06.13 07:52:02.538,1.0187,1.01874,2.44,2.07
2014.06.13 07:52:03.042,1.0187,1.01872,3.94,1.25
2014.06.13 07:52:03.561,1.0187,1.01874,2.44,2.07
2014.06.13 07:52:04.064,1.0187,1.01872,2.44,1.25
2014.06.13 07:52:05.529,1.0187,1.01873,1.69,1.32
2014.06.13 07:52:06.058,1.0187,1.01873,3.94,1.19
2014.06.13 07:52:06.842,1.01871,1.01873,1.00,1.19
2014.06.13 07:52:07.843,1.01871,1.01873,1.25,1.00
2014.06.13 07:52:13.343,1.01871,1.01872,1.69,1.00
2014.06.13 07:52:13.996,1.0187,1.01872,2.82,1.25
2014.06.13 07:52:14.299,1.01871,1.01873,1.25,1.00
2014.06.13 07:52:14.805,1.01872,1.01874,1.00,1.32
2014.06.13 07:52:18.409,1.01872,1.01875,1.69,1.32
2014.06.13 07:52:18.661,1.01874,1.01877,1.00,3.57
2014.06.13 07:52:19.065,1.01875,1.01877,1.00,3.00
2014.06.13 07:52:19.168,1.01874,1.01877,2.25,2.82
2014.06.13 07:52:19.524,1.01875,1.01877,1.00,3.00
2014.06.13 07:52:20.037,1.01875,1.01877,1.00,2.07
2014.06.13 07:52:21.185,1.01875,1.01876,1.00,1.50
2014.06.13 07:52:21.286,1.01873,1.01876,1.25,3.57
2014.06.13 07:52:21.711,1.01872,1.01874,3.38,1.00
2014.06.13 07:52:21.914,1.0187,1.01873,4.32,1.00
2014.06.13 07:52:22.420,1.01871,1.01872,1.25,1.00
2014.06.13 07:52:22.925,1.0187,1.01872,2.82,1.00
2014.06.13 07:52:23.582,1.01871,1.01873,1.00,1.25
2014.06.13 07:52:24.103,1.0187,1.01873,2.07,1.25
2014.06.13 07:52:24.647,1.0187,1.01872,1.32,1.00
2014.06.13 07:52:24.798,1.01872,1.01873,1.00,1.32
2014.06.13 07:52:26.813,1.01872,1.01874,1.25,1.25
2014.06.13 07:52:32.037,1.01873,1.01874,1.00,1.25
2014.06.13 07:52:32.646,1.01871,1.01874,2.07,1.69
2014.06.13 07:52:34.346,1.01873,1.01875,1.00,4.69
2014.06.13 07:52:34.851,1.01872,1.01875,1.25,3.19
2014.06.13 07:52:35.356,1.01872,1.01874,1.25,1.00
2014.06.13 07:52:38.956,1.01872,1.01874,1.50,1.19
2014.06.13 07:52:40.078,1.01873,1.01874,1.00,1.00
2014.06.13 07:52:40.179,1.01873,1.01875,1.00,1.32
2014.06.13 07:52:42.796,1.01873,1.01875,1.00,2.44
2014.06.13 07:52:43.300,1.01871,1.01874,2.82,1.25
2014.06.13 07:52:43.863,1.01871,1.01874,2.07,3.19
2014.06.13 07:52:48.682,1.01872,1.01874,1.00,2.82
2014.06.13 07:52:52.920,1.0187,1.01874,3.75,2.07
2014.06.13 07:52:53.021,1.0187,1.01873,1.00,3.57
2014.06.13 07:52:53.324,1.01864,1.01867,1.50,1.25
2014.06.13 07:52:53.662,1.01864,1.01867,1.00,1.69
2014.06.13 07:52:53.763,1.01862,1.01865,1.69,1.00
2014.06.13 07:52:54.269,1.01863,1.01866,1.13,1.25
2014.06.13 07:52:54.992,1.01863,1.01867,2.82,2.82
2014.06.13 07:52:55.625,1.01864,1.01867,1.00,2.07
2014.06.13 07:52:56.190,1.01863,1.01867,2.82,2.82
2014.06.13 07:52:56.594,1.01865,1.01867,1.00,1.32
2014.06.13 07:52:57.049,1.01863,1.01867,2.07,2.07
2014.06.13 07:52:57.555,1.01863,1.01867,2.07,2.82
2014.06.13 07:52:58.920,1.01864,1.01867,1.00,1.32
2014.06.13 07:53:04.377,1.01865,1.01867,1.00,2.82
2014.06.13 07:53:05.530,1.01864,1.01867,1.69,2.82
2014.06.13 07:53:08.060,1.01865,1.01866,1.00,1.25
2014.06.13 07:53:08.565,1.01864,1.01866,1.00,1.63
2014.06.13 07:53:08.869,1.01862,1.01864,1.25,1.25
2014.06.13 07:53:08.970,1.01861,1.01863,1.00,2.50
2014.06.13 07:53:09.223,1.0186,1.01861,1.25,1.00
2014.06.13 07:53:09.763,1.01859,1.01861,2.63,1.00
2014.06.13 07:53:10.603,1.01859,1.01861,2.07,1.00
2014.06.13 07:53:11.545,1.0186,1.01861,1.00,1.25
2014.06.13 07:53:13.075,1.0186,1.01862,1.25,2.07
2014.06.13 07:53:14.712,1.0186,1.01862,1.00,3.57
2014.06.13 07:53:15.243,1.0186,1.01862,1.00,3.38
2014.06.13 07:53:15.296,1.01858,1.01862,6.57,3.57
2014.06.13 07:53:15.398,1.0186,1.01862,1.00,3.38
2014.06.13 07:53:16.256,1.0186,1.01862,1.00,2.07
2014.06.13 07:53:17.332,1.01857,1.0186,2.44,3.19
2014.06.13 07:53:17.384,1.01858,1.0186,1.00,3.00
2014.06.13 07:53:17.890,1.01859,1.0186,1.00,1.69
2014.06.13 07:53:18.395,1.01858,1.01862,2.44,2.07
2014.06.13 07:53:18.698,1.01861,1.01862,1.00,1.25
2014.06.13 07:53:19.102,1.01858,1.01862,2.44,5.07
2014.06.13 07:53:19.607,1.01858,1.01862,4.63,1.32
2014.06.13 07:53:20.119,1.01859,1.01862,3.07,1.25
2014.06.13 07:53:20.662,1.01859,1.01862,2.38,1.25
2014.06.13 07:53:26.786,1.01858,1.01861,2.82,1.25
2014.06.13 07:53:27.089,1.01857,1.01859,3.19,1.00
2014.06.13 07:53:27.291,1.01856,1.01859,1.25,3.57
2014.06.13 07:53:28.101,1.01857,1.01859,1.00,3.19
2014.06.13 07:53:28.646,1.01856,1.01859,3.57,1.25
2014.06.13 07:53:31.307,1.01858,1.0186,1.25,1.25
2014.06.13 07:53:31.358,1.0186,1.01861,1.00,2.25
2014.06.13 07:53:31.408,1.0186,1.01863,1.25,3.57
2014.06.13 07:53:31.560,1.01862,1.01863,1.00,3.38
2014.06.13 07:53:31.611,1.01863,1.01864,1.00,1.13
2014.06.13 07:53:31.813,1.01864,1.01866,1.50,1.25
2014.06.13 07:53:32.320,1.01865,1.01867,1.50,3.57
2014.06.13 07:53:33.481,1.01864,1.01866,1.25,1.88
2014.06.13 07:53:33.985,1.01862,1.01866,3.94,2.07
2014.06.13 07:53:36.237,1.01863,1.01866,1.69,1.32
2014.06.13 07:53:37.301,1.01863,1.01866,1.69,1.63
2014.06.13 07:53:38.341,1.01862,1.01866,3.94,2.07
2014.06.13 07:53:39.264,1.01863,1.01866,1.25,2.07
2014.06.13 07:53:39.786,1.01864,1.01866,1.00,1.32
2014.06.13 07:53:40.708,1.01863,1.01866,1.69,2.07
2014.06.13 07:53:41.212,1.01863,1.01866,1.25,2.82
2014.06.13 07:53:42.363,1.01862,1.01864,3.94,1.00
2014.06.13 07:53:42.936,1.01863,1.01866,1.25,2.82
2014.06.13 07:53:44.245,1.01862,1.01864,1.69,1.13
2014.06.13 07:53:44.296,1.0186,1.01862,4.32,1.00
2014.06.13 07:53:44.447,1.01859,1.01861,2.25,2.13
2014.06.13 07:53:44.601,1.01859,1.01862,1.19,3.75
2014.06.13 07:53:44.702,1.01857,1.0186,1.25,2.50
2014.06.13 07:53:44.754,1.01856,1.01858,1.69,1.00
2014.06.13 07:53:45.265,1.01856,1.01859,2.44,1.69
2014.06.13 07:53:45.809,1.01855,1.01859,3.19,3.94
2014.06.13 07:53:47.367,1.01856,1.01858,1.00,3.94
2014.06.13 07:53:47.519,1.01853,1.01856,1.00,2.26
2014.06.13 07:53:47.622,1.0185,1.01853,1.25,4.69
2014.06.13 07:53:47.725,1.01849,1.01851,3.19,1.50
2014.06.13 07:53:48.272,1.0185,1.01852,1.00,1.25
2014.06.13 07:53:48.375,1.01849,1.01851,1.25,1.63
2014.06.13 07:53:48.900,1.01848,1.01852,1.69,6.57
2014.06.13 07:53:49.455,1.01848,1.0185,1.00,1.32
2014.06.13 07:53:49.557,1.01849,1.0185,1.00,2.07
2014.06.13 07:53:50.061,1.01848,1.0185,1.25,1.32
2014.06.13 07:53:50.581,1.01849,1.01852,1.00,1.38
2014.06.13 07:53:52.299,1.01848,1.01851,1.25,2.44
2014.06.13 07:53:53.338,1.01848,1.01851,2.07,1.00
2014.06.13 07:53:53.842,1.0185,1.01852,1.00,1.25
2014.06.13 07:53:54.347,1.01851,1.01853,1.00,5.07
2014.06.13 07:53:57.043,1.01849,1.01851,1.00,1.00
2014.06.13 07:53:57.094,1.01839,1.01844,1.50,3.38
2014.06.13 07:53:57.247,1.01837,1.01839,1.00,1.00
2014.06.13 07:53:57.312,1.01837,1.01838,1.00,1.00
2014.06.13 07:53:57.567,1.01838,1.01841,1.69,3.19
2014.06.13 07:53:57.668,1.01839,1.01842,1.00,1.80
2014.06.13 07:53:58.174,1.0184,1.01843,1.25,1.00
2014.06.13 07:53:58.677,1.01841,1.01845,1.00,2.82
2014.06.13 07:53:59.189,1.0184,1.01844,1.25,1.63
2014.06.13 07:53:59.391,1.01839,1.01842,3.57,1.00
2014.06.13 07:53:59.900,1.01838,1.01841,4.32,1.50
2014.06.13 07:54:00.509,1.01838,1.01841,2.44,2.07
2014.06.13 07:54:02.178,1.01839,1.01841,1.00,1.25
2014.06.13 07:54:02.683,1.0184,1.01843,2.07,2.44
2014.06.13 07:54:03.053,1.01842,1.01844,1.25,1.32
2014.06.13 07:54:03.812,1.01843,1.01845,1.00,4.32
2014.06.13 07:54:04.326,1.01843,1.01845,1.00,2.07
2014.06.13 07:54:05.093,1.01843,1.01844,1.00,1.00
2014.06.13 07:54:05.548,1.0184,1.01843,4.69,1.00
2014.06.13 07:54:06.052,1.0184,1.01843,4.69,1.00
2014.06.13 07:54:09.330,1.01841,1.01844,1.63,1.00
2014.06.13 07:54:10.134,1.01841,1.01845,1.63,4.69
2014.06.13 07:54:10.235,1.01841,1.01845,2.07,4.69
2014.06.13 07:54:10.744,1.01841,1.01845,3.94,2.25
2014.06.13 07:54:12.899,1.01841,1.01845,4.32,2.44
2014.06.13 07:54:13.408,1.01841,1.01844,2.82,1.00
2014.06.13 07:54:14.663,1.01841,1.01844,2.82,1.69
2014.06.13 07:54:15.016,1.0184,1.01842,1.25,1.00
2014.06.13 07:54:15.522,1.01839,1.01842,1.50,1.69
2014.06.13 07:54:15.624,1.01838,1.01842,2.44,2.44
2014.06.13 07:54:16.129,1.01839,1.01842,1.00,2.44
2014.06.13 07:54:16.634,1.01839,1.01842,1.25,1.25
2014.06.13 07:54:16.937,1.01841,1.01843,1.00,4.88
2014.06.13 07:54:17.448,1.01841,1.01844,2.44,1.32
2014.06.13 07:54:17.999,1.01841,1.01844,2.44,1.32
2014.06.13 07:54:18.728,1.0184,1.01842,2.63,1.88
2014.06.13 07:54:18.779,1.01837,1.01841,5.07,1.00
2014.06.13 07:54:19.234,1.01837,1.01839,3.57,1.25
2014.06.13 07:54:20.252,1.01837,1.01841,6.19,4.32
2014.06.13 07:54:20.757,1.01839,1.01841,1.00,4.32
2014.06.13 07:54:21.298,1.01837,1.01841,3.94,4.32
2014.06.13 07:54:21.802,1.01839,1.01842,1.32,1.69
2014.06.13 07:54:22.105,1.01836,1.01838,1.00,3.01
2014.06.13 07:54:22.420,1.01829,1.01831,1.00,1.32
2014.06.13 07:54:22.934,1.0183,1.01833,1.00,3.19
2014.06.13 07:54:23.035,1.01831,1.01834,1.69,1.69
2014.06.13 07:54:23.086,1.01833,1.01835,1.00,1.25
2014.06.13 07:54:23.390,1.01835,1.01837,1.00,1.00
2014.06.13 07:54:23.593,1.01836,1.01838,1.69,1.50
2014.06.13 07:54:23.795,1.01837,1.0184,1.25,1.69
2014.06.13 07:54:23.955,1.01839,1.0184,1.00,3.00
2014.06.13 07:54:24.107,1.01839,1.01843,1.69,3.94
2014.06.13 07:54:24.410,1.01838,1.01841,2.25,1.00
2014.06.13 07:54:24.664,1.01839,1.01841,1.25,1.00
2014.06.13 07:54:25.168,1.01839,1.01842,1.25,1.69
2014.06.13 07:54:25.270,1.01838,1.0184,4.13,1.00
2014.06.13 07:54:25.779,1.01839,1.01841,1.00,1.00
2014.06.13 07:54:26.191,1.01837,1.01839,1.00,1.00
2014.06.13 07:54:26.518,1.01834,1.01837,3.19,1.13
2014.06.13 07:54:27.034,1.01834,1.01837,1.25,4.32
2014.06.13 07:54:28.527,1.01833,1.01837,3.57,4.32
2014.06.13 07:54:28.628,1.01834,1.01837,1.19,1.13
2014.06.13 07:54:28.931,1.01838,1.01841,1.25,2.07
2014.06.13 07:54:29.032,1.01837,1.0184,1.25,2.07
2014.06.13 07:54:29.538,1.01836,1.01838,2.07,1.00
2014.06.13 07:54:29.589,1.01838,1.01841,1.00,1.25
2014.06.13 07:54:29.640,1.01838,1.0184,1.00,2.44
2014.06.13 07:54:29.842,1.01836,1.01838,1.00,1.25
2014.06.13 07:54:30.364,1.01835,1.01838,3.57,1.25
2014.06.13 07:54:31.216,1.01837,1.01838,1.00,1.25
2014.06.13 07:54:31.368,1.01837,1.0184,2.82,1.00
2014.06.13 07:54:31.873,1.01839,1.01841,1.50,1.25
2014.06.13 07:54:32.467,1.01839,1.01842,1.69,1.32
2014.06.13 07:54:33.199,1.01839,1.01841,1.25,1.38
2014.06.13 07:54:33.704,1.0184,1.01843,1.00,4.69
2014.06.13 07:54:34.238,1.01839,1.01842,1.25,3.57
2014.06.13 07:54:34.289,1.01839,1.01841,1.00,1.32
2014.06.13 07:54:34.391,1.01838,1.01841,1.25,1.32
2014.06.13 07:54:34.895,1.0184,1.01843,1.00,4.69
2014.06.13 07:54:35.005,1.0184,1.01843,1.00,5.07
2014.06.13 07:54:37.714,1.01841,1.01843,1.00,3.57
2014.06.13 07:54:38.239,1.0184,1.01843,2.44,3.57
2014.06.13 07:54:42.146,1.0184,1.01843,3.94,2.07
2014.06.13 07:54:43.160,1.0184,1.01843,1.69,2.82
2014.06.13 07:54:44.170,1.0184,1.01843,2.82,1.25
2014.06.13 07:54:44.685,1.01842,1.01845,1.25,3.19
2014.06.13 07:54:46.465,1.01843,1.01845,1.00,1.69
2014.06.13 07:54:49.075,1.01842,1.01845,3.19,2.44
2014.06.13 07:54:50.895,1.01841,1.01844,1.25,1.32
2014.06.13 07:54:51.922,1.0184,1.01843,3.57,1.69
2014.06.13 07:54:53.119,1.0184,1.01843,1.69,1.32
2014.06.13 07:54:53.684,1.0184,1.01843,3.94,1.32
2014.06.13 07:54:55.505,1.0184,1.01843,5.07,1.25
2014.06.13 07:54:56.086,1.01841,1.01842,1.25,1.50
2014.06.13 07:54:56.610,1.0184,1.01842,1.25,2.82
2014.06.13 07:54:56.789,1.01838,1.01842,3.94,5.82
2014.06.13 07:54:57.298,1.01839,1.01842,3.19,2.82
2014.06.13 07:54:58.233,1.01838,1.01842,3.19,5.07
2014.06.13 07:55:00.340,1.01837,1.01841,1.69,2.07
2014.06.13 07:55:00.644,1.0184,1.01843,3.19,1.25
2014.06.13 07:55:00.695,1.0184,1.01843,3.19,1.32
2014.06.13 07:55:01.237,1.0184,1.01844,4.69,3.57
2014.06.13 07:55:01.787,1.01841,1.01844,1.25,2.82
2014.06.13 07:55:02.824,1.01842,1.01844,1.00,2.82
2014.06.13 07:55:03.884,1.01841,1.01844,1.69,2.82
2014.06.13 07:55:05.212,1.01842,1.01844,1.00,2.44
2014.06.13 07:55:06.018,1.01842,1.01845,1.50,2.44
2014.06.13 07:55:06.555,1.01842,1.01845,2.25,3.57
2014.06.13 07:55:06.807,1.0184,1.01844,2.25,2.44
2014.06.13 07:55:06.859,1.01839,1.01841,1.25,1.00
2014.06.13 07:55:07.012,1.0184,1.01843,2.07,2.44
2014.06.13 07:55:07.520,1.01841,1.01844,2.07,2.44
2014.06.13 07:55:08.127,1.01841,1.01845,5.82,2.44
2014.06.13 07:55:08.177,1.01843,1.01846,1.38,4.13
2014.06.13 07:55:08.480,1.01846,1.0185,5.07,1.69
2014.06.13 07:55:08.936,1.01845,1.01847,2.44,1.13
2014.06.13 07:55:09.542,1.01845,1.01848,1.69,1.25
2014.06.13 07:55:10.047,1.01845,1.01848,2.44,1.19
2014.06.13 07:55:10.952,1.01844,1.01848,3.94,3.57
2014.06.13 07:55:12.089,1.01844,1.01848,3.94,3.57
2014.06.13 07:55:12.596,1.01847,1.01848,1.00,1.00
2014.06.13 07:55:12.747,1.01848,1.01851,1.00,2.07
2014.06.13 07:55:13.000,1.01847,1.0185,1.32,1.69
2014.06.13 07:55:15.312,1.01846,1.01849,2.44,2.07
2014.06.13 07:55:15.962,1.01845,1.01848,2.44,2.07
2014.06.13 07:55:18.595,1.01844,1.01847,1.69,2.82
2014.06.13 07:55:18.847,1.01841,1.01844,1.00,2.82
2014.06.13 07:55:19.503,1.0184,1.01843,2.82,1.00
2014.06.13 07:55:20.008,1.0184,1.01843,1.25,1.32
2014.06.13 07:55:21.627,1.0184,1.01843,1.00,2.07
2014.06.13 07:55:22.134,1.01839,1.01842,3.19,1.32
2014.06.13 07:55:22.639,1.01838,1.0184,3.19,1.25
2014.06.13 07:55:31.834,1.01838,1.01841,3.19,1.32
2014.06.13 07:55:32.389,1.01838,1.0184,3.19,1.00
2014.06.13 07:55:32.894,1.01838,1.01841,3.94,1.32
2014.06.13 07:55:33.248,1.01839,1.01841,1.00,1.88
2014.06.13 07:55:35.591,1.01839,1.01841,1.00,2.07
2014.06.13 07:55:36.348,1.01838,1.01841,1.69,2.07
2014.06.13 07:55:45.076,1.01838,1.01841,3.94,1.32
2014.06.13 07:55:45.893,1.01838,1.01841,1.25,2.07
2014.06.13 07:55:46.407,1.01838,1.01841,4.32,1.19
2014.06.13 07:55:49.242,1.0184,1.01841,1.00,1.25
2014.06.13 07:55:49.545,1.01842,1.01845,1.00,3.57
2014.06.13 07:55:50.163,1.01842,1.01845,1.00,2.82
2014.06.13 07:55:50.689,1.01842,1.01845,1.69,2.82
2014.06.13 07:55:51.203,1.01843,1.01845,1.00,1.88
2014.06.13 07:55:51.674,1.01844,1.01847,2.44,1.69
2014.06.13 07:55:52.179,1.01845,1.01847,1.00,1.19
2014.06.13 07:55:52.683,1.01845,1.01847,1.25,1.32
2014.06.13 07:55:55.523,1.01845,1.01848,1.00,1.00
2014.06.13 07:55:55.675,1.01846,1.01849,2.07,2.25
2014.06.13 07:55:56.281,1.01846,1.01849,1.25,3.94
2014.06.13 07:55:56.584,1.01847,1.01851,1.69,2.82
2014.06.13 07:55:57.105,1.01848,1.01851,1.25,3.19
2014.06.13 07:55:57.618,1.01848,1.01851,1.00,3.19
2014.06.13 07:55:58.126,1.01847,1.01851,4.32,5.07
2014.06.13 07:55:58.176,1.01848,1.01851,1.00,4.13
2014.06.13 07:55:58.682,1.01848,1.01851,2.44,2.07
2014.06.13 07:56:03.601,1.01848,1.0185,1.69,1.63
2014.06.13 07:56:04.106,1.01847,1.01849,1.25,1.25
2014.06.13 07:56:04.612,1.01848,1.01851,1.69,1.32
2014.06.13 07:56:06.780,1.01849,1.01851,1.00,3.57
2014.06.13 07:56:07.285,1.01848,1.01851,3.57,1.25
2014.06.13 07:56:07.589,1.01851,1.01854,3.19,1.63
2014.06.13 07:56:07.691,1.01853,1.01855,2.82,2.44
2014.06.13 07:56:08.198,1.01854,1.01855,3.94,1.00
2014.06.13 07:56:08.299,1.01856,1.01859,1.25,1.63
2014.06.13 07:56:08.350,1.01856,1.01859,1.25,1.32
2014.06.13 07:56:08.855,1.01857,1.0186,1.00,2.82
2014.06.13 07:56:09.511,1.01857,1.01861,3.19,4.32
2014.06.13 07:56:10.016,1.01858,1.01861,1.00,4.32
2014.06.13 07:56:10.319,1.01858,1.01861,2.82,1.00
2014.06.13 07:56:10.369,1.0186,1.01864,1.00,3.57
2014.06.13 07:56:10.422,1.01862,1.01864,1.13,1.00
2014.06.13 07:56:10.573,1.01863,1.01866,1.00,3.75
2014.06.13 07:56:10.625,1.01865,1.01867,1.00,1.69
2014.06.13 07:56:11.068,1.01865,1.01868,3.94,1.25
2014.06.13 07:56:11.625,1.01865,1.01867,3.19,1.00
2014.06.13 07:56:12.129,1.01865,1.01867,1.25,1.38
2014.06.13 07:56:12.583,1.01863,1.01865,1.00,1.13
2014.06.13 07:56:13.088,1.01862,1.01865,3.19,2.07
2014.06.13 07:56:13.592,1.01861,1.01863,1.00,2.07
2014.06.13 07:56:16.415,1.01861,1.01863,1.69,1.32
2014.06.13 07:56:16.718,1.0186,1.01862,2.25,1.00
2014.06.13 07:56:16.922,1.01859,1.01861,1.32,1.25
2014.06.13 07:56:16.972,1.01858,1.01859,1.00,1.32
2014.06.13 07:56:17.275,1.01854,1.01857,2.44,2.32
2014.06.13 07:56:17.479,1.01853,1.01856,4.69,1.25
2014.06.13 07:56:18.665,1.01853,1.01855,3.00,1.00
2014.06.13 07:56:18.868,1.01852,1.01854,1.50,1.00
2014.06.13 07:56:20.015,1.01851,1.01854,1.25,2.07
2014.06.13 07:56:22.678,1.01851,1.01852,1.69,1.00
2014.06.13 07:56:23.444,1.01851,1.01854,1.69,2.07
2014.06.13 07:56:23.999,1.01852,1.01854,1.00,2.07
2014.06.13 07:56:26.493,1.01852,1.01854,1.00,3.19
2014.06.13 07:56:27.013,1.01853,1.01855,1.00,1.32
2014.06.13 07:56:28.861,1.01853,1.01854,1.25,1.00
2014.06.13 07:56:28.962,1.01853,1.01854,1.69,1.00
2014.06.13 07:56:29.463,1.01853,1.01855,1.00,1.32
2014.06.13 07:56:30.087,1.01853,1.01854,1.69,1.00
2014.06.13 07:56:30.722,1.01853,1.01855,1.00,1.32
2014.06.13 07:56:31.800,1.01853,1.01854,1.69,1.00
2014.06.13 07:56:32.896,1.01852,1.01854,1.00,3.57
2014.06.13 07:56:35.441,1.01852,1.01854,1.25,1.25
2014.06.13 07:56:40.568,1.01852,1.01854,1.25,2.44
2014.06.13 07:56:40.670,1.01851,1.01852,1.00,1.13
2014.06.13 07:56:40.976,1.01849,1.01852,1.25,2.82
2014.06.13 07:56:41.499,1.01848,1.0185,1.25,1.25
2014.06.13 07:56:42.057,1.01848,1.01852,2.82,6.57
2014.06.13 07:56:42.562,1.01849,1.01852,1.25,2.07
2014.06.13 07:56:43.420,1.01849,1.01852,1.69,2.07
2014.06.13 07:56:44.962,1.01851,1.01854,1.19,2.44
2014.06.13 07:56:45.119,1.01853,1.01856,1.50,1.69
2014.06.13 07:56:45.630,1.01853,1.01856,1.25,2.44
2014.06.13 07:56:46.143,1.01852,1.01855,1.25,1.13
2014.06.13 07:56:46.659,1.01853,1.01855,1.25,1.69
2014.06.13 07:56:47.315,1.01851,1.01853,1.25,1.00
2014.06.13 07:56:47.743,1.01849,1.01852,1.50,1.32
2014.06.13 07:56:48.098,1.01847,1.0185,2.44,2.44
2014.06.13 07:56:49.133,1.01847,1.01851,4.69,3.94
2014.06.13 07:56:50.133,1.01847,1.0185,2.44,2.44
2014.06.13 07:56:50.510,1.01848,1.0185,1.00,2.63
2014.06.13 07:56:51.017,1.01849,1.01851,1.00,2.07
2014.06.13 07:56:51.622,1.01849,1.01851,1.00,2.07
2014.06.13 07:56:54.415,1.01849,1.01851,1.69,1.32
2014.06.13 07:56:55.172,1.01849,1.0185,1.25,1.00
2014.06.13 07:56:56.593,1.01849,1.01851,1.69,1.25
2014.06.13 07:56:57.788,1.01849,1.01851,3.19,1.00
2014.06.13 07:56:58.404,1.01849,1.01851,2.44,1.00
2014.06.13 07:57:00.886,1.0185,1.01853,2.44,2.82
2014.06.13 07:57:01.189,1.01849,1.01851,3.75,1.00
2014.06.13 07:57:01.695,1.01849,1.01851,3.94,1.00
2014.06.13 07:57:02.251,1.01849,1.01851,1.25,1.69
2014.06.13 07:57:05.149,1.0185,1.01851,1.00,1.69
2014.06.13 07:57:07.595,1.01849,1.01851,1.25,1.69
2014.06.13 07:57:07.916,1.01847,1.01849,3.19,1.00
2014.06.13 07:57:08.453,1.01848,1.01849,2.25,1.00
2014.06.13 07:57:08.504,1.01847,1.01849,1.69,1.25
2014.06.13 07:57:10.964,1.01847,1.01848,1.69,1.00
2014.06.13 07:57:11.485,1.01846,1.01847,3.00,1.00
2014.06.13 07:57:12.000,1.01847,1.0185,2.07,1.00
2014.06.13 07:57:13.824,1.01847,1.01849,3.19,1.00
2014.06.13 07:57:14.344,1.01847,1.0185,3.19,1.69
2014.06.13 07:57:14.854,1.01847,1.0185,1.25,1.69
2014.06.13 07:57:14.905,1.01846,1.01848,2.07,1.00
2014.06.13 07:57:15.208,1.01842,1.01846,1.32,2.50
2014.06.13 07:57:16.547,1.01842,1.01843,1.25,1.00
2014.06.13 07:57:18.963,1.01842,1.01844,1.00,3.57
2014.06.13 07:57:19.115,1.01842,1.01843,1.00,1.25
2014.06.13 07:57:20.312,1.01841,1.01843,1.25,1.25
2014.06.13 07:57:21.472,1.0184,1.01842,1.00,3.94
2014.06.13 07:57:21.523,1.01838,1.01841,5.07,1.25
2014.06.13 07:57:21.977,1.01836,1.0184,1.00,1.13
2014.06.13 07:57:22.128,1.01835,1.0184,2.25,4.13
2014.06.13 07:57:22.631,1.01833,1.01837,3.19,3.57
2014.06.13 07:57:23.167,1.01831,1.01833,1.00,1.88
2014.06.13 07:57:23.420,1.01829,1.01831,2.44,1.00
2014.06.13 07:57:24.189,1.01829,1.01831,1.69,1.00
2014.06.13 07:57:25.786,1.01829,1.01832,2.07,1.25
2014.06.13 07:57:26.905,1.01829,1.01832,2.07,2.44
2014.06.13 07:57:27.410,1.01831,1.01833,1.00,1.69
2014.06.13 07:57:27.965,1.01831,1.01833,1.13,1.00
2014.06.13 07:57:28.167,1.01832,1.01835,2.07,1.69
2014.06.13 07:57:28.676,1.01833,1.01835,1.00,1.69
2014.06.13 07:57:33.471,1.01833,1.01835,1.00,2.07
2014.06.13 07:57:34.544,1.01832,1.01835,2.44,1.32
2014.06.13 07:57:35.639,1.01832,1.01835,2.44,2.07
2014.06.13 07:57:36.145,1.01832,1.01835,2.44,1.32
2014.06.13 07:57:37.119,1.01834,1.01835,1.00,1.25
2014.06.13 07:57:37.429,1.01834,1.01838,5.44,4.32
2014.06.13 07:57:38.020,1.01833,1.01836,1.69,2.44
2014.06.13 07:57:46.131,1.01833,1.01836,2.07,1.32
2014.06.13 07:57:46.655,1.01833,1.01836,3.57,1.32
2014.06.13 07:57:47.205,1.01833,1.01836,4.32,1.32
2014.06.13 07:57:48.237,1.01833,1.01836,3.94,1.69
2014.06.13 07:57:53.811,1.01834,1.01836,2.25,1.57
2014.06.13 07:57:53.964,1.01838,1.0184,2.25,1.00
2014.06.13 07:57:56.589,1.01838,1.01842,1.69,3.57
2014.06.13 07:57:57.103,1.0184,1.01842,1.00,3.57
2014.06.13 07:57:57.860,1.01838,1.01842,7.32,3.19
2014.06.13 07:58:00.402,1.0184,1.01842,1.00,3.57
2014.06.13 07:58:00.810,1.01838,1.01841,1.69,3.57
2014.06.13 07:58:01.318,1.01839,1.01841,1.00,2.82
2014.06.13 07:58:03.424,1.01839,1.01842,1.00,3.19
2014.06.13 07:58:03.946,1.01839,1.01841,1.00,2.82
2014.06.13 07:58:16.174,1.01839,1.01842,1.25,5.44
2014.06.13 07:58:16.694,1.01839,1.01843,4.32,3.57
2014.06.13 07:58:20.819,1.0184,1.01843,1.50,2.82
2014.06.13 07:58:24.541,1.0184,1.01844,1.50,5.07
2014.06.13 07:58:28.055,1.0184,1.01844,3.94,2.82
2014.06.13 07:58:35.888,1.01842,1.01844,2.44,1.69
2014.06.13 07:58:39.627,1.01842,1.01846,3.94,3.57
2014.06.13 07:58:39.780,1.01844,1.01846,1.00,1.88
2014.06.13 07:58:40.300,1.01844,1.01848,2.44,5.07
2014.06.13 07:58:40.837,1.01844,1.01848,3.94,5.07
2014.06.13 07:58:41.346,1.01844,1.01846,3.19,1.00
2014.06.13 07:58:43.822,1.01845,1.01848,1.63,1.69
2014.06.13 07:58:43.973,1.01848,1.0185,1.50,1.00
2014.06.13 07:58:44.227,1.0185,1.01852,1.00,1.50
2014.06.13 07:58:44.379,1.01851,1.01854,1.25,1.13
2014.06.13 07:58:44.897,1.01851,1.01853,1.25,1.00
2014.06.13 07:58:45.432,1.01851,1.01853,3.19,1.00
2014.06.13 07:58:45.968,1.01851,1.01853,1.00,1.32
2014.06.13 07:58:46.019,1.0185,1.01851,1.00,1.00
2014.06.13 07:58:46.524,1.01849,1.01851,2.44,1.13
2014.06.13 07:58:47.065,1.01848,1.0185,3.19,1.00
2014.06.13 07:58:47.912,1.01848,1.0185,3.00,1.00
2014.06.13 07:58:48.216,1.01848,1.01849,1.00,1.88
2014.06.13 07:58:48.317,1.01844,1.01848,1.00,5.07
2014.06.13 07:58:48.623,1.01841,1.01844,1.13,2.25
2014.06.13 07:58:48.675,1.01838,1.01841,3.19,1.00
2014.06.13 07:58:49.130,1.0184,1.01841,1.25,1.00
2014.06.13 07:58:49.332,1.0184,1.01843,1.25,1.00
2014.06.13 07:58:49.811,1.01841,1.01844,3.57,1.00
2014.06.13 07:58:49.863,1.01841,1.01845,5.07,1.00
2014.06.13 07:58:50.368,1.01842,1.01845,2.82,1.00
2014.06.13 07:58:51.556,1.01842,1.01845,1.25,2.07
2014.06.13 07:58:52.215,1.01841,1.01844,1.69,1.32
2014.06.13 07:58:52.417,1.01839,1.01843,1.50,2.07
2014.06.13 07:58:52.519,1.01838,1.0184,1.69,1.00
2014.06.13 07:58:52.822,1.01835,1.01838,1.69,1.88
2014.06.13 07:58:53.074,1.01834,1.01837,1.63,2.44
2014.06.13 07:58:55.068,1.01834,1.01836,1.00,1.19
2014.06.13 07:58:55.912,1.01834,1.01836,1.00,1.19
2014.06.13 07:58:57.060,1.01834,1.01837,1.25,2.07
2014.06.13 07:58:57.565,1.01834,1.01837,1.63,1.69
2014.06.13 07:58:58.072,1.01834,1.01837,1.32,2.44
2014.06.13 07:58:59.222,1.01834,1.01837,2.07,2.44
2014.06.13 07:58:59.750,1.01834,1.01837,1.32,2.44
2014.06.13 07:59:02.668,1.01834,1.01837,1.38,3.94
2014.06.13 07:59:03.173,1.01834,1.01837,1.32,1.25
2014.06.13 07:59:04.207,1.01834,1.01837,1.32,3.19
2014.06.13 07:59:04.729,1.01834,1.01837,1.63,2.44
2014.06.13 07:59:05.238,1.01834,1.01837,1.63,1.25
2014.06.13 07:59:05.752,1.01834,1.01837,1.32,2.44
2014.06.13 07:59:06.457,1.01834,1.01837,1.13,3.19
2014.06.13 07:59:06.972,1.01834,1.01836,1.00,1.19
2014.06.13 07:59:07.073,1.01832,1.01834,1.32,1.00
2014.06.13 07:59:07.225,1.0183,1.01833,1.63,1.32
2014.06.13 07:59:07.730,1.0183,1.01833,1.32,2.07
2014.06.13 07:59:09.381,1.0183,1.01833,1.88,3.19
2014.06.13 07:59:10.420,1.0183,1.01833,1.88,3.19
2014.06.13 07:59:11.636,1.0183,1.01833,1.88,3.19
2014.06.13 07:59:12.580,1.0183,1.01833,1.00,1.25
2014.06.13 07:59:13.088,1.0183,1.01833,1.13,3.19
2014.06.13 07:59:14.029,1.01829,1.0183,2.07,1.00
2014.06.13 07:59:14.639,1.01828,1.01832,1.63,3.94
2014.06.13 07:59:15.195,1.01828,1.01831,1.63,1.19
2014.06.13 07:59:16.103,1.01828,1.01832,1.63,3.94
2014.06.13 07:59:16.630,1.01828,1.01831,1.63,1.19
2014.06.13 07:59:17.698,1.01827,1.0183,1.50,2.82
2014.06.13 07:59:17.951,1.01826,1.0183,1.88,1.00
2014.06.13 07:59:18.464,1.01827,1.0183,2.82,1.69
2014.06.13 07:59:19.649,1.01827,1.01829,1.32,1.25
2014.06.13 07:59:19.852,1.01824,1.01828,4.32,3.19
2014.06.13 07:59:22.150,1.01824,1.01827,1.63,1.19
2014.06.13 07:59:22.670,1.01824,1.01827,1.63,1.19
2014.06.13 07:59:22.772,1.01819,1.01824,2.33,4.76
2014.06.13 07:59:22.875,1.01818,1.01822,3.57,1.50
2014.06.13 07:59:23.692,1.01818,1.01822,2.07,4.69
2014.06.13 07:59:24.199,1.0182,1.01823,1.13,1.69
2014.06.13 07:59:24.879,1.0182,1.01823,1.32,1.25
2014.06.13 07:59:26.883,1.0182,1.01823,1.25,2.07
2014.06.13 07:59:29.400,1.0182,1.01822,1.00,4.32
2014.06.13 07:59:29.720,1.01818,1.01821,1.32,2.44
2014.06.13 07:59:31.017,1.01818,1.01821,3.57,1.00
2014.06.13 07:59:31.522,1.01819,1.01822,1.32,1.25
2014.06.13 07:59:32.176,1.0182,1.01823,1.00,4.32
2014.06.13 07:59:37.841,1.0182,1.01823,1.69,2.07
2014.06.13 07:59:38.352,1.01822,1.01823,1.00,1.32
2014.06.13 07:59:39.119,1.01821,1.01824,2.07,3.19
2014.06.13 07:59:40.721,1.01822,1.01824,1.00,3.19
2014.06.13 07:59:41.581,1.01822,1.01826,2.82,5.82
2014.06.13 07:59:42.086,1.01823,1.01826,2.82,1.25
2014.06.13 07:59:43.263,1.01824,1.01828,1.25,5.07
2014.06.13 07:59:43.364,1.01826,1.01828,1.25,1.00
2014.06.13 07:59:43.869,1.01827,1.0183,1.25,1.32
2014.06.13 07:59:44.420,1.01828,1.01831,2.07,1.69
2014.06.13 07:59:44.931,1.01829,1.01832,1.00,1.32
2014.06.13 07:59:45.486,1.01829,1.01833,3.94,2.07
2014.06.13 07:59:49.943,1.01829,1.01833,4.69,2.07
2014.06.13 07:59:50.367,1.01831,1.01834,1.25,1.69
2014.06.13 07:59:50.872,1.01831,1.01834,1.25,2.44
2014.06.13 07:59:51.766,1.0183,1.01833,1.69,1.25
2014.06.13 07:59:52.282,1.0183,1.01833,1.00,1.19
2014.06.13 07:59:52.788,1.01829,1.01833,3.19,1.19
2014.06.13 07:59:53.782,1.0183,1.01833,1.00,1.19
2014.06.13 07:59:53.984,1.01829,1.0183,1.50,1.00
2014.06.13 07:59:54.186,1.01826,1.01828,1.00,1.00
2014.06.13 07:59:54.288,1.01824,1.01826,1.25,1.00
2014.06.13 07:59:54.843,1.01823,1.01826,1.69,1.50
2014.06.13 07:59:55.499,1.01825,1.01826,1.00,1.25
2014.06.13 07:59:56.055,1.01823,1.01826,2.44,2.44
2014.06.13 07:59:56.509,1.01822,1.01824,3.94,1.00
2014.06.13 07:59:57.713,1.01822,1.01826,2.44,5.07
2014.06.13 07:59:58.276,1.01823,1.01826,1.00,5.07
2014.06.13 07:59:58.798,1.01823,1.01826,1.25,5.07
