2015.07.29 05:00:00.595,1.23462,1.23464,1.50,1.00
2015.07.29 05:00:00.832,1.23465,1.23468,1.00,1.12
2015.07.29 05:00:00.934,1.23466,1.23469,1.00,1.00
2015.07.29 05:00:01.544,1.23465,1.23468,1.00,1.00
2015.07.29 05:00:02.085,1.23464,1.23467,1.10,1.50
2015.07.29 05:00:11.761,1.23464,1.23465,1.10,1.00
2015.07.29 05:00:12.200,1.23459,1.2346,1.80,1.35
2015.07.29 05:00:12.251,1.23455,1.23458,1.10,1.00
2015.07.29 05:00:13.221,1.23455,1.23458,1.87,1.00
2015.07.29 05:00:17.377,1.23457,1.23459,1.00,1.00
2015.07.29 05:00:17.882,1.23457,1.2346,1.00,3.45
2015.07.29 05:00:26.280,1.23456,1.23459,1.10,1.00
2015.07.29 05:00:27.789,1.23457,1.23459,1.00,1.00
2015.07.29 05:00:27.891,1.23459,1.23462,1.00,1.00
2015.07.29 05:00:28.397,1.2346,1.23463,1.00,1.50
2015.07.29 05:00:35.207,1.23461,1.23464,1.00,2.25
2015.07.29 05:00:35.712,1.2346,1.23463,1.12,1.00
2015.07.29 05:00:36.965,1.23461,1.23464,1.10,2.25
2015.07.29 05:00:42.504,1.23461,1.23463,1.00,1.50
2015.07.29 05:00:42.606,1.23458,1.23461,1.57,1.00
2015.07.29 05:00:43.812,1.23459,1.23462,1.00,1.50
2015.07.29 05:00:47.854,1.23458,1.23461,1.00,1.00
2015.07.29 05:00:48.157,1.2346,1.23463,1.00,1.87
2015.07.29 05:00:48.834,1.23459,1.23462,1.00,1.00
2015.07.29 05:00:58.937,1.23458,1.23461,1.00,1.00
2015.07.29 05:00:59.444,1.23459,1.23462,1.00,1.00
2015.07.29 05:01:03.770,1.23458,1.23461,1.50,1.00
2015.07.29 05:01:07.759,1.23458,1.2346,1.00,1.00
2015.07.29 05:01:08.562,1.23458,1.23461,2.25,1.00
2015.07.29 05:01:15.391,1.23459,1.23462,1.00,1.00
2015.07.29 05:01:16.200,1.2346,1.23462,1.00,1.00
2015.07.29 05:01:16.563,1.23464,1.23467,1.50,1.10
2015.07.29 05:01:19.206,1.23465,1.23468,1.00,4.12
2015.07.29 05:01:21.009,1.23465,1.23468,1.00,3.82
2015.07.29 05:01:21.414,1.23467,1.23469,1.00,1.10
2015.07.29 05:01:21.800,1.23468,1.23471,1.50,1.87
2015.07.29 05:01:23.108,1.23468,1.2347,1.00,1.00
2015.07.29 05:01:23.655,1.23469,1.23471,1.50,1.00
2015.07.29 05:01:24.161,1.2347,1.23472,1.00,1.57
2015.07.29 05:01:27.080,1.23469,1.23471,2.25,1.00
2015.07.29 05:01:27.384,1.23468,1.23471,1.50,1.50
2015.07.29 05:01:38.223,1.23468,1.2347,1.00,1.00
2015.07.29 05:01:39.512,1.23467,1.2347,1.57,1.00
2015.07.29 05:01:40.031,1.23466,1.23469,1.10,1.00
2015.07.29 05:01:40.536,1.23465,1.23468,1.50,1.00
2015.07.29 05:01:40.739,1.23464,1.23467,1.50,1.00
2015.07.29 05:01:44.653,1.23464,1.23465,1.00,1.00
2015.07.29 05:01:48.401,1.23465,1.23466,1.00,1.50
2015.07.29 05:01:48.844,1.23466,1.23467,1.00,1.50
2015.07.29 05:01:49.359,1.23466,1.23468,1.00,1.00
2015.07.29 05:01:59.088,1.23466,1.23469,1.50,1.50
2015.07.29 05:02:10.217,1.23466,1.23468,1.00,1.00
2015.07.29 05:02:10.723,1.23466,1.23469,1.50,1.50
2015.07.29 05:02:16.312,1.23466,1.23468,1.00,1.00
2015.07.29 05:02:17.814,1.23466,1.23469,1.50,2.25
2015.07.29 05:02:18.328,1.23466,1.23468,1.00,1.00
2015.07.29 05:02:19.030,1.23466,1.23469,1.50,1.00
2015.07.29 05:02:22.713,1.23466,1.23468,1.00,1.00
2015.07.29 05:02:23.215,1.23465,1.23468,1.00,1.50
2015.07.29 05:02:23.417,1.23464,1.23466,1.00,1.00
2015.07.29 05:02:23.772,1.23463,1.23464,1.00,1.00
2015.07.29 05:02:23.873,1.2346,1.23463,1.10,1.50
2015.07.29 05:02:24.126,1.23458,1.23461,1.00,1.00
2015.07.29 05:02:24.675,1.23457,1.2346,1.00,1.00
2015.07.29 05:02:26.040,1.23459,1.2346,1.00,1.00
2015.07.29 05:02:26.632,1.23459,1.23462,1.50,1.50
2015.07.29 05:02:35.816,1.23459,1.23461,1.00,1.00
2015.07.29 05:02:38.906,1.23459,1.23462,1.00,1.50
2015.07.29 05:03:00.107,1.2346,1.23462,1.00,1.50
2015.07.29 05:03:00.158,1.23461,1.23463,1.00,1.50
2015.07.29 05:03:00.209,1.23462,1.23464,1.00,1.20
2015.07.29 05:03:02.196,1.23461,1.23463,1.00,1.00
2015.07.29 05:03:02.399,1.23459,1.23462,1.00,2.25
2015.07.29 05:03:05.067,1.23458,1.23461,2.25,1.00
2015.07.29 05:03:05.168,1.2346,1.23462,1.00,1.50
2015.07.29 05:03:05.674,1.2346,1.23463,1.00,3.37
2015.07.29 05:03:06.179,1.23459,1.23462,1.50,1.00
2015.07.29 05:03:11.799,1.23458,1.23461,1.50,1.00
2015.07.29 05:03:12.260,1.2346,1.23462,1.00,2.25
2015.07.29 05:03:12.527,1.23462,1.23465,1.00,2.25
2015.07.29 05:03:17.443,1.23462,1.23463,1.00,1.00
2015.07.29 05:03:17.595,1.23459,1.23462,1.00,1.00
2015.07.29 05:03:26.917,1.23459,1.23461,1.00,1.00
2015.07.29 05:03:27.466,1.23458,1.23461,1.00,1.50
2015.07.29 05:03:29.966,1.23458,1.23461,2.85,1.50
2015.07.29 05:03:30.483,1.23458,1.23461,1.50,1.50
2015.07.29 05:03:32.523,1.23459,1.23462,1.00,1.50
2015.07.29 05:03:33.044,1.23458,1.23461,1.00,1.00
2015.07.29 05:03:33.853,1.23458,1.23461,1.00,1.12
2015.07.29 05:03:34.367,1.23457,1.2346,1.00,1.00
2015.07.29 05:03:37.347,1.23456,1.23459,1.50,1.00
2015.07.29 05:03:37.550,1.23458,1.23461,1.00,1.00
2015.07.29 05:03:38.130,1.23457,1.2346,2.25,1.00
2015.07.29 05:03:39.151,1.23458,1.23461,1.00,1.50
2015.07.29 05:03:49.722,1.23457,1.23459,1.50,1.00
2015.07.29 05:03:51.839,1.23457,1.2346,2.25,1.50
2015.07.29 05:03:53.370,1.23457,1.23459,1.00,1.00
2015.07.29 05:04:04.917,1.23456,1.23459,1.57,1.00
2015.07.29 05:04:05.258,1.23452,1.23455,1.00,1.00
2015.07.29 05:04:05.562,1.23449,1.23452,1.50,1.00
2015.07.29 05:04:13.456,1.23448,1.23451,1.50,1.00
2015.07.29 05:04:14.077,1.23447,1.2345,1.50,1.00
2015.07.29 05:04:14.583,1.23446,1.23449,1.57,1.00
2015.07.29 05:04:15.280,1.23447,1.2345,1.00,1.50
2015.07.29 05:04:15.787,1.23446,1.23449,1.10,1.00
2015.07.29 05:04:16.417,1.23447,1.2345,1.00,1.00
2015.07.29 05:04:19.800,1.23446,1.23449,1.57,1.00
2015.07.29 05:04:20.300,1.23446,1.23447,1.10,1.00
2015.07.29 05:04:20.402,1.23443,1.23446,2.62,1.00
2015.07.29 05:04:20.908,1.23442,1.23445,3.00,1.00
2015.07.29 05:04:21.437,1.23443,1.23446,1.10,1.00
2015.07.29 05:04:26.609,1.23442,1.23444,1.10,1.00
2015.07.29 05:04:29.134,1.23442,1.23445,1.10,1.00
2015.07.29 05:04:32.103,1.23443,1.23446,1.00,3.00
2015.07.29 05:04:32.406,1.23441,1.23444,1.00,1.10
2015.07.29 05:04:32.764,1.23443,1.23445,1.00,1.12
2015.07.29 05:04:33.592,1.23443,1.23445,1.00,1.00
2015.07.29 05:04:34.230,1.23442,1.23445,1.50,1.50
2015.07.29 05:04:34.737,1.23443,1.23446,1.00,3.07
2015.07.29 05:04:37.129,1.23443,1.23445,1.00,1.00
2015.07.29 05:04:37.679,1.23443,1.23446,1.00,3.07
2015.07.29 05:04:38.194,1.23443,1.23445,1.00,1.00
2015.07.29 05:04:38.702,1.23443,1.23446,1.00,2.32
2015.07.29 05:04:39.006,1.23441,1.23444,1.10,1.00
2015.07.29 05:04:43.511,1.23443,1.23445,1.00,2.25
2015.07.29 05:04:44.012,1.23442,1.23445,1.50,1.50
2015.07.29 05:04:49.536,1.23441,1.23444,1.57,1.00
2015.07.29 05:04:51.878,1.23441,1.23443,1.10,1.00
2015.07.29 05:04:52.082,1.23433,1.23436,1.00,1.50
2015.07.29 05:04:52.236,1.23432,1.23434,1.00,1.00
2015.07.29 05:04:52.678,1.23429,1.23432,1.00,1.50
2015.07.29 05:04:53.183,1.23428,1.23431,1.50,1.00
2015.07.29 05:04:53.739,1.23428,1.2343,1.00,1.00
2015.07.29 05:04:57.372,1.23427,1.2343,1.50,1.50
2015.07.29 05:04:57.897,1.23427,1.23429,1.00,1.00
2015.07.29 05:04:58.442,1.23428,1.23429,1.00,1.00
2015.07.29 05:04:59.048,1.23428,1.23431,2.25,1.00
2015.07.29 05:05:00.091,1.23429,1.23432,1.00,1.50
2015.07.29 05:05:00.601,1.23429,1.23431,1.00,1.00
2015.07.29 05:05:01.107,1.23428,1.23431,1.00,1.50
2015.07.29 05:05:01.496,1.2343,1.23433,1.00,2.62
2015.07.29 05:05:01.850,1.23428,1.23431,1.50,1.00
2015.07.29 05:05:03.276,1.23429,1.23432,1.00,1.50
2015.07.29 05:05:04.089,1.23431,1.23434,2.25,1.10
2015.07.29 05:05:04.394,1.23435,1.23436,1.50,1.20
2015.07.29 05:05:04.899,1.23436,1.23438,1.00,1.12
2015.07.29 05:05:10.265,1.23435,1.23438,1.00,1.87
2015.07.29 05:05:12.414,1.23435,1.23438,1.00,1.00
2015.07.29 05:05:12.920,1.23434,1.23437,1.00,1.00
2015.07.29 05:05:13.888,1.23433,1.23435,1.10,1.00
2015.07.29 05:05:14.394,1.2343,1.23433,1.00,1.00
2015.07.29 05:05:14.916,1.23429,1.23431,1.50,1.00
2015.07.29 05:05:15.423,1.23427,1.2343,3.00,1.00
2015.07.29 05:05:15.932,1.23427,1.2343,1.10,1.00
2015.07.29 05:05:23.911,1.23426,1.23429,2.32,1.00
2015.07.29 05:05:24.187,1.23426,1.23428,1.57,1.00
2015.07.29 05:05:24.390,1.23426,1.23429,2.32,1.00
2015.07.29 05:05:25.419,1.23426,1.23428,1.10,1.00
2015.07.29 05:05:29.425,1.23427,1.2343,1.00,1.00
2015.07.29 05:05:30.912,1.23426,1.23429,2.32,1.00
2015.07.29 05:05:31.451,1.23427,1.2343,1.00,1.50
2015.07.29 05:05:31.992,1.23426,1.23429,1.10,1.00
2015.07.29 05:05:34.908,1.23425,1.23428,2.62,1.00
2015.07.29 05:05:36.776,1.23425,1.23427,1.12,1.50
2015.07.29 05:05:36.878,1.23422,1.23424,2.25,1.50
2015.07.29 05:05:36.929,1.23421,1.23422,3.07,1.00
2015.07.29 05:05:37.474,1.2342,1.23421,2.25,1.00
2015.07.29 05:05:37.677,1.23419,1.23421,1.00,1.00
2015.07.29 05:05:39.142,1.23419,1.23422,1.50,1.50
2015.07.29 05:05:40.252,1.23419,1.23421,1.00,1.00
2015.07.29 05:05:40.780,1.2342,1.23422,1.00,1.00
2015.07.29 05:05:44.336,1.23419,1.23421,1.00,1.50
2015.07.29 05:05:44.842,1.23417,1.2342,1.00,1.00
2015.07.29 05:05:45.642,1.23416,1.23419,1.50,1.00
2015.07.29 05:05:46.098,1.23418,1.2342,1.00,1.00
2015.07.29 05:05:46.453,1.2342,1.23421,1.00,1.00
2015.07.29 05:05:48.846,1.2342,1.23422,1.00,1.00
2015.07.29 05:05:49.640,1.2342,1.23423,1.00,1.50
2015.07.29 05:05:50.197,1.23419,1.23422,2.25,1.00
2015.07.29 05:05:52.774,1.2342,1.23422,1.00,1.00
2015.07.29 05:05:53.444,1.2342,1.23423,1.50,2.25
2015.07.29 05:05:53.951,1.23421,1.23423,3.00,1.00
2015.07.29 05:05:54.704,1.2342,1.23423,1.50,1.50
2015.07.29 05:05:56.873,1.23421,1.23423,1.00,1.00
2015.07.29 05:05:57.873,1.23421,1.23424,1.00,1.57
2015.07.29 05:06:01.986,1.2342,1.23422,1.00,1.00
2015.07.29 05:06:02.087,1.23421,1.23424,1.00,1.10
2015.07.29 05:06:02.593,1.2342,1.23423,1.50,1.00
2015.07.29 05:06:03.416,1.2342,1.23421,1.00,1.00
2015.07.29 05:06:03.518,1.23418,1.2342,2.32,1.00
2015.07.29 05:06:04.025,1.23419,1.23421,1.50,1.00
2015.07.29 05:06:04.278,1.2342,1.23423,1.00,1.00
2015.07.29 05:06:05.848,1.23421,1.23424,1.00,1.57
2015.07.29 05:06:06.375,1.2342,1.23423,2.25,1.00
2015.07.29 05:06:17.205,1.2342,1.23422,1.00,1.00
2015.07.29 05:06:21.694,1.2342,1.23423,1.50,1.50
2015.07.29 05:06:24.990,1.23421,1.23424,1.00,1.57
2015.07.29 05:06:26.389,1.2342,1.23423,3.00,1.00
2015.07.29 05:06:26.928,1.2342,1.23422,1.00,1.00
2015.07.29 05:06:27.030,1.23421,1.23424,1.00,1.10
2015.07.29 05:06:27.787,1.2342,1.23423,2.25,1.00
2015.07.29 05:06:28.303,1.23421,1.23424,1.00,1.10
2015.07.29 05:06:36.300,1.2342,1.23423,2.25,1.00
2015.07.29 05:06:37.584,1.23419,1.23421,1.10,1.00
2015.07.29 05:06:38.089,1.23418,1.23421,2.70,1.00
2015.07.29 05:06:42.037,1.23419,1.23421,1.00,1.00
2015.07.29 05:06:42.639,1.23418,1.23421,2.25,1.00
2015.07.29 05:06:43.146,1.2342,1.23423,1.00,1.12
2015.07.29 05:06:46.773,1.23421,1.23423,1.00,1.00
2015.07.29 05:06:56.803,1.2342,1.23423,2.25,1.00
2015.07.29 05:06:57.446,1.23421,1.23423,1.00,1.00
2015.07.29 05:06:58.229,1.2342,1.23422,1.50,1.00
2015.07.29 05:06:59.662,1.23419,1.23421,1.57,1.00
2015.07.29 05:07:03.722,1.23419,1.23422,1.50,1.50
2015.07.29 05:07:09.843,1.23421,1.23424,1.00,2.70
2015.07.29 05:07:11.781,1.2342,1.23423,1.00,1.00
2015.07.29 05:07:12.453,1.23421,1.23424,1.00,2.32
2015.07.29 05:07:15.955,1.2342,1.23422,1.00,1.00
2015.07.29 05:07:16.460,1.23419,1.23422,1.50,1.10
2015.07.29 05:07:19.411,1.2342,1.23422,1.00,1.10
2015.07.29 05:07:19.917,1.23421,1.23424,1.00,2.62
2015.07.29 05:07:21.361,1.23422,1.23425,1.00,4.12
2015.07.29 05:07:21.412,1.23422,1.23425,1.00,2.25
2015.07.29 05:07:21.955,1.23422,1.23425,1.00,1.12
2015.07.29 05:07:27.084,1.23423,1.23426,1.00,2.70
2015.07.29 05:07:29.609,1.23422,1.23425,1.00,1.00
2015.07.29 05:07:40.608,1.23423,1.23426,1.00,2.32
2015.07.29 05:07:53.001,1.23422,1.23425,1.50,1.00
2015.07.29 05:07:53.549,1.23421,1.23424,1.10,1.00
2015.07.29 05:07:54.062,1.23422,1.23425,1.00,1.57
2015.07.29 05:08:31.602,1.23421,1.23424,1.10,1.00
2015.07.29 05:08:38.579,1.23422,1.23425,1.00,1.10
2015.07.29 05:08:40.916,1.23422,1.23423,1.00,1.00
2015.07.29 05:08:41.068,1.23422,1.23425,1.00,1.57
2015.07.29 05:08:42.103,1.23421,1.23424,1.10,1.00
2015.07.29 05:08:42.814,1.23422,1.23425,1.00,1.10
2015.07.29 05:08:42.865,1.23424,1.23425,1.00,1.10
2015.07.29 05:08:43.171,1.23428,1.2343,1.00,1.00
2015.07.29 05:08:43.476,1.23429,1.23432,1.00,2.70
2015.07.29 05:08:44.083,1.2343,1.23432,1.00,1.95
2015.07.29 05:08:45.301,1.2343,1.23433,1.00,1.10
2015.07.29 05:08:55.537,1.23431,1.23433,1.00,1.00
2015.07.29 05:08:55.638,1.23433,1.23436,1.00,1.10
2015.07.29 05:08:55.690,1.23435,1.23437,1.00,1.50
2015.07.29 05:08:56.095,1.23437,1.2344,1.00,1.50
2015.07.29 05:08:58.420,1.23437,1.2344,1.00,1.50
2015.07.29 05:08:58.925,1.23436,1.23439,1.57,1.00
2015.07.29 05:08:59.473,1.23437,1.23439,1.00,1.00
2015.07.29 05:08:59.978,1.23438,1.2344,1.00,1.10
2015.07.29 05:09:00.696,1.23439,1.23441,1.00,1.50
2015.07.29 05:09:00.950,1.23441,1.23444,1.00,1.95
2015.07.29 05:09:01.152,1.23442,1.23445,1.00,1.12
2015.07.29 05:09:01.203,1.23444,1.23446,1.00,1.00
2015.07.29 05:09:01.507,1.23446,1.23449,1.00,1.12
2015.07.29 05:09:01.913,1.23447,1.2345,1.00,1.00
2015.07.29 05:09:02.579,1.23447,1.23449,1.00,1.00
2015.07.29 05:09:03.034,1.23445,1.23448,1.00,1.50
2015.07.29 05:09:05.306,1.23443,1.23446,1.00,1.10
2015.07.29 05:09:05.812,1.23444,1.23446,1.00,1.00
2015.07.29 05:09:10.764,1.23443,1.23446,1.00,1.50
2015.07.29 05:09:11.068,1.23442,1.23444,1.00,1.00
2015.07.29 05:09:11.573,1.23442,1.23445,1.50,1.00
2015.07.29 05:09:23.753,1.23444,1.23446,1.00,1.57
2015.07.29 05:09:24.259,1.23444,1.23447,1.00,1.95
2015.07.29 05:09:24.889,1.23445,1.23448,1.00,2.32
2015.07.29 05:09:27.582,1.23444,1.23447,3.00,1.00
2015.07.29 05:09:28.190,1.23444,1.23446,1.00,1.00
2015.07.29 05:09:29.690,1.23444,1.23447,1.50,1.50
2015.07.29 05:09:31.149,1.23444,1.23446,1.00,1.00
2015.07.29 05:09:32.641,1.23444,1.23447,1.50,1.00
2015.07.29 05:09:43.671,1.23444,1.23446,1.00,1.00
2015.07.29 05:09:44.822,1.23444,1.23447,1.50,1.50
2015.07.29 05:09:50.133,1.23443,1.23445,1.00,1.00
2015.07.29 05:09:50.235,1.23441,1.23444,3.07,1.00
2015.07.29 05:09:50.742,1.23441,1.23443,1.00,1.00
2015.07.29 05:09:57.913,1.23441,1.23444,1.50,1.50
2015.07.29 05:09:58.611,1.23442,1.23444,1.00,1.00
2015.07.29 05:09:59.117,1.23443,1.23445,1.00,1.00
2015.07.29 05:10:00.843,1.23443,1.23446,1.50,1.50
2015.07.29 05:10:06.767,1.23444,1.23447,1.00,1.50
2015.07.29 05:10:07.377,1.23443,1.23446,2.25,1.00
2015.07.29 05:10:09.151,1.23444,1.23447,1.00,1.50
2015.07.29 05:10:09.758,1.23443,1.23446,3.00,1.00
2015.07.29 05:10:18.279,1.23443,1.23445,1.00,1.00
2015.07.29 05:10:21.251,1.23441,1.23444,1.50,1.00
2015.07.29 05:10:27.621,1.23442,1.23444,1.00,1.00
2015.07.29 05:10:28.505,1.23443,1.23444,1.00,1.00
2015.07.29 05:10:28.900,1.23441,1.23444,1.50,1.00
2015.07.29 05:10:29.763,1.23438,1.23441,1.87,1.00
2015.07.29 05:10:30.066,1.23435,1.23438,1.10,1.00
2015.07.29 05:10:30.572,1.23434,1.23437,2.62,1.00
2015.07.29 05:10:31.115,1.23435,1.23438,1.10,2.25
2015.07.29 05:10:50.030,1.23436,1.23438,1.00,1.00
2015.07.29 05:10:50.334,1.23439,1.2344,1.50,1.00
2015.07.29 05:10:50.536,1.2344,1.23442,1.00,1.10
2015.07.29 05:10:50.840,1.23443,1.23444,1.00,1.12
2015.07.29 05:10:50.890,1.23443,1.23446,1.00,1.95
2015.07.29 05:10:51.408,1.23444,1.23447,1.00,1.50
2015.07.29 05:10:51.916,1.23444,1.23447,1.00,1.10
2015.07.29 05:10:52.644,1.23445,1.23448,1.00,3.75
2015.07.29 05:10:53.352,1.23445,1.23448,1.00,1.10
2015.07.29 05:10:54.289,1.23444,1.23447,2.32,1.00
2015.07.29 05:10:54.855,1.23444,1.23446,1.10,1.00
2015.07.29 05:10:55.366,1.23443,1.23446,1.50,1.00
2015.07.29 05:10:55.865,1.23445,1.23447,1.00,1.00
2015.07.29 05:10:55.966,1.23443,1.23446,1.50,1.00
2015.07.29 05:10:57.969,1.23444,1.23446,1.00,1.00
2015.07.29 05:10:58.476,1.23444,1.23447,1.50,1.00
2015.07.29 05:11:00.897,1.23444,1.23446,1.00,1.00
2015.07.29 05:11:01.419,1.23443,1.23446,1.50,1.00
2015.07.29 05:11:02.970,1.23444,1.23446,1.00,1.00
2015.07.29 05:11:03.481,1.23443,1.23446,1.50,1.00
2015.07.29 05:11:05.018,1.23444,1.23446,1.00,1.00
2015.07.29 05:11:05.119,1.23445,1.23448,1.00,1.10
2015.07.29 05:11:12.750,1.23445,1.23447,1.00,1.00
2015.07.29 05:11:13.255,1.23445,1.23448,1.00,1.50
2015.07.29 05:11:13.758,1.23445,1.23447,1.00,1.00
2015.07.29 05:11:17.818,1.23445,1.23448,1.50,1.57
2015.07.29 05:11:18.361,1.23446,1.23449,1.00,1.00
2015.07.29 05:11:18.877,1.23446,1.23448,1.00,1.00
2015.07.29 05:11:19.382,1.23445,1.23448,1.00,1.57
2015.07.29 05:11:19.787,1.23446,1.23449,1.00,2.62
2015.07.29 05:11:20.327,1.23447,1.23449,1.00,1.00
2015.07.29 05:11:23.715,1.23446,1.23449,1.00,1.50
2015.07.29 05:11:25.547,1.23447,1.23449,1.00,1.00
2015.07.29 05:11:37.382,1.23447,1.23448,1.00,1.00
2015.07.29 05:11:37.635,1.23445,1.23448,1.50,1.50
2015.07.29 05:11:38.139,1.23444,1.23447,1.57,1.00
2015.07.29 05:11:42.899,1.23443,1.23446,3.37,1.50
2015.07.29 05:11:43.051,1.23444,1.23446,1.10,1.50
2015.07.29 05:11:43.102,1.23442,1.23445,2.25,2.25
2015.07.29 05:11:43.338,1.23442,1.23443,1.00,1.10
2015.07.29 05:11:43.843,1.23441,1.23444,1.50,1.50
2015.07.29 05:11:52.039,1.23441,1.23444,1.00,2.10
2015.07.29 05:11:52.141,1.23439,1.23441,1.00,1.50
2015.07.29 05:11:52.243,1.23437,1.2344,1.00,1.50
2015.07.29 05:11:52.446,1.23435,1.23438,1.57,1.00
2015.07.29 05:11:59.882,1.23437,1.2344,1.00,2.70
2015.07.29 05:12:11.030,1.23438,1.2344,1.00,1.57
2015.07.29 05:12:19.512,1.23438,1.2344,1.00,1.50
2015.07.29 05:12:20.959,1.23438,1.23441,1.50,2.32
2015.07.29 05:12:21.671,1.23441,1.23443,1.00,1.00
2015.07.29 05:12:21.722,1.23443,1.23446,1.00,2.62
2015.07.29 05:12:21.824,1.23445,1.23447,1.00,1.57
2015.07.29 05:12:22.333,1.23445,1.23448,1.00,1.50
2015.07.29 05:12:24.321,1.23444,1.23446,1.00,1.00
2015.07.29 05:12:24.524,1.23442,1.23445,3.00,1.50
2015.07.29 05:12:24.726,1.23445,1.23447,1.00,1.00
2015.07.29 05:12:25.357,1.23445,1.23448,1.00,1.00
2015.07.29 05:12:41.039,1.23446,1.23448,1.00,1.10
2015.07.29 05:12:45.705,1.23446,1.23449,2.25,1.57
2015.07.29 05:12:46.304,1.23447,1.23449,1.00,1.10
2015.07.29 05:12:47.447,1.23447,1.2345,1.00,3.67
2015.07.29 05:12:52.077,1.23447,1.23449,1.00,1.00
2015.07.29 05:12:52.634,1.23447,1.2345,1.00,4.05
2015.07.29 05:13:06.572,1.23447,1.23449,1.00,1.00
2015.07.29 05:13:14.481,1.23447,1.23448,1.00,1.00
2015.07.29 05:13:19.011,1.23447,1.23449,1.00,1.95
2015.07.29 05:13:19.516,1.23448,1.2345,1.00,1.87
2015.07.29 05:13:20.311,1.23452,1.23453,1.50,1.35
2015.07.29 05:13:20.463,1.23457,1.2346,1.50,1.10
2015.07.29 05:13:20.716,1.23459,1.23462,1.00,2.32
2015.07.29 05:13:22.187,1.23459,1.23461,1.00,1.00
2015.07.29 05:13:23.004,1.23458,1.23461,1.00,1.50
2015.07.29 05:13:26.189,1.23458,1.2346,1.00,1.00
2015.07.29 05:13:27.296,1.23457,1.2346,1.00,1.50
2015.07.29 05:13:27.802,1.23456,1.23458,1.00,1.00
2015.07.29 05:13:28.105,1.23453,1.23455,3.00,1.50
2015.07.29 05:13:28.207,1.23451,1.23453,2.25,1.50
2015.07.29 05:13:28.714,1.23451,1.23452,2.25,1.00
2015.07.29 05:13:29.083,1.23449,1.23452,1.00,1.00
2015.07.29 05:13:41.134,1.2345,1.23453,1.00,2.25
2015.07.29 05:13:45.059,1.23451,1.23453,1.00,1.00
2015.07.29 05:13:51.132,1.23451,1.23454,1.00,1.87
2015.07.29 05:13:51.739,1.23452,1.23454,1.00,1.00
2015.07.29 05:13:59.279,1.23451,1.23454,1.00,1.50
2015.07.29 05:14:09.803,1.23453,1.23454,2.25,1.10
2015.07.29 05:14:10.328,1.23453,1.23455,3.00,1.10
2015.07.29 05:14:10.582,1.23451,1.23454,1.00,1.00
2015.07.29 05:14:11.890,1.23452,1.23455,1.00,2.70
2015.07.29 05:14:14.284,1.23451,1.23454,1.00,1.00
2015.07.29 05:14:32.076,1.23452,1.23454,1.00,1.10
2015.07.29 05:14:32.582,1.23453,1.23456,1.00,3.00
2015.07.29 05:14:32.684,1.23456,1.23457,1.00,2.62
2015.07.29 05:14:32.836,1.23455,1.23457,1.00,1.00
2015.07.29 05:14:32.937,1.23453,1.23456,1.00,1.10
2015.07.29 05:14:33.330,1.23455,1.23458,1.00,3.00
2015.07.29 05:14:35.472,1.23455,1.23458,1.50,1.12
2015.07.29 05:14:36.021,1.23456,1.23459,1.00,3.00
2015.07.29 05:14:37.868,1.23456,1.23459,1.00,2.62
2015.07.29 05:14:46.817,1.23457,1.23459,1.00,1.12
2015.07.29 05:14:46.970,1.23459,1.23461,1.00,1.10
2015.07.29 05:14:47.519,1.2346,1.23462,1.00,1.00
2015.07.29 05:14:59.254,1.23459,1.23462,1.50,1.00
2015.07.29 05:15:11.088,1.23458,1.23461,1.50,1.00
2015.07.29 05:15:17.715,1.23459,1.23462,1.00,1.50
2015.07.29 05:15:19.825,1.2346,1.23463,1.00,1.50
2015.07.29 05:15:20.646,1.23459,1.23462,1.00,1.00
2015.07.29 05:15:49.372,1.23458,1.23461,1.50,1.00
2015.07.29 05:15:49.970,1.23459,1.23462,1.00,1.00
2015.07.29 05:15:52.396,1.23458,1.23461,1.50,1.00
2015.07.29 05:15:57.440,1.23458,1.2346,1.00,1.00
2015.07.29 05:15:57.491,1.23456,1.23459,2.25,1.00
2015.07.29 05:15:57.694,1.23455,1.23457,1.00,1.00
2015.07.29 05:15:57.796,1.23452,1.23455,3.37,1.00
2015.07.29 05:15:57.999,1.2345,1.23453,1.57,1.00
2015.07.29 05:15:58.246,1.2345,1.23451,1.10,1.00
2015.07.29 05:15:58.297,1.23448,1.23451,1.57,1.00
2015.07.29 05:15:58.804,1.2345,1.23453,1.00,1.50
2015.07.29 05:15:59.394,1.23451,1.23454,1.00,2.70
2015.07.29 05:15:59.900,1.2345,1.23453,1.00,1.00
2015.07.29 05:16:00.406,1.23451,1.23454,1.00,1.10
2015.07.29 05:16:04.078,1.23452,1.23455,1.00,1.00
2015.07.29 05:16:12.823,1.23451,1.23454,1.00,1.00
2015.07.29 05:16:13.858,1.2345,1.23453,1.00,1.72
2015.07.29 05:16:13.960,1.23448,1.23451,1.00,1.00
2015.07.29 05:16:14.213,1.23447,1.23449,1.00,1.00
2015.07.29 05:16:14.719,1.23446,1.23449,1.00,1.57
2015.07.29 05:16:21.136,1.23449,1.23451,1.00,2.25
2015.07.29 05:16:21.188,1.23449,1.23451,1.00,1.10
2015.07.29 05:16:21.923,1.23449,1.23452,1.12,1.50
2015.07.29 05:16:22.429,1.2345,1.23451,1.00,1.00
2015.07.29 05:16:23.218,1.2345,1.23452,1.00,3.07
2015.07.29 05:16:23.427,1.23451,1.23453,1.00,3.60
2015.07.29 05:16:23.731,1.23451,1.23454,1.50,2.32
2015.07.29 05:16:27.456,1.23452,1.23454,1.00,1.57
2015.07.29 05:16:28.143,1.23451,1.23454,1.00,2.32
2015.07.29 05:16:28.990,1.23451,1.23453,1.00,1.00
2015.07.29 05:16:29.495,1.2345,1.23453,1.00,2.25
2015.07.29 05:16:30.748,1.2345,1.23452,1.00,1.00
2015.07.29 05:16:30.951,1.23448,1.23451,1.00,1.10
2015.07.29 05:16:31.053,1.23449,1.23452,1.00,2.47
2015.07.29 05:16:31.292,1.23448,1.23451,2.25,1.00
2015.07.29 05:16:31.343,1.2345,1.23452,1.00,2.10
2015.07.29 05:16:31.647,1.23448,1.2345,1.00,1.00
2015.07.29 05:16:31.900,1.23447,1.2345,1.00,2.25
2015.07.29 05:16:34.310,1.23447,1.23449,1.00,1.00
2015.07.29 05:16:39.628,1.23447,1.2345,1.00,2.32
2015.07.29 05:16:44.740,1.23448,1.23451,1.00,2.17
2015.07.29 05:16:45.179,1.2345,1.23453,1.00,1.10
2015.07.29 05:16:45.483,1.23447,1.2345,1.00,1.50
2015.07.29 05:16:48.153,1.23448,1.2345,1.00,1.00
2015.07.29 05:16:48.694,1.23451,1.23454,1.00,1.95
2015.07.29 05:16:49.250,1.23452,1.23454,1.00,1.00
2015.07.29 05:16:49.788,1.23452,1.23455,1.00,2.32
2015.07.29 05:17:00.668,1.23452,1.23454,1.00,1.00
2015.07.29 05:17:01.171,1.23451,1.23454,1.00,1.50
2015.07.29 05:17:07.546,1.2345,1.23453,2.25,1.00
2015.07.29 05:17:08.052,1.23449,1.23452,1.50,1.00
2015.07.29 05:17:10.102,1.23451,1.23453,1.00,1.00
2015.07.29 05:17:10.607,1.2345,1.23453,1.50,1.00
2015.07.29 05:17:16.592,1.23449,1.23452,2.25,1.00
2015.07.29 05:17:21.304,1.2345,1.23453,1.00,2.25
2015.07.29 05:17:21.812,1.23451,1.23454,1.00,1.50
2015.07.29 05:17:33.613,1.23452,1.23455,1.50,3.00
2015.07.29 05:17:34.122,1.23453,1.23455,1.00,1.00
2015.07.29 05:17:34.627,1.23452,1.23455,1.00,1.50
2015.07.29 05:17:35.934,1.23453,1.23455,1.00,1.00
2015.07.29 05:17:36.743,1.23452,1.23455,1.50,1.50
2015.07.29 05:17:45.752,1.23453,1.23455,1.50,1.00
2015.07.29 05:17:47.852,1.23453,1.23456,1.50,1.50
2015.07.29 05:17:48.155,1.23457,1.23458,1.50,1.00
2015.07.29 05:17:48.661,1.23456,1.23459,1.57,1.50
2015.07.29 05:17:48.965,1.23455,1.23457,1.57,1.00
2015.07.29 05:17:49.248,1.23454,1.23456,1.10,1.00
2015.07.29 05:17:49.754,1.23453,1.23454,1.00,1.00
2015.07.29 05:17:51.366,1.23453,1.23454,1.00,2.85
2015.07.29 05:17:51.518,1.23448,1.2345,1.00,1.50
2015.07.29 05:17:51.620,1.23446,1.23448,1.12,1.00
2015.07.29 05:17:52.125,1.23446,1.23448,1.50,1.50
2015.07.29 05:17:52.804,1.23446,1.23447,1.50,1.00
2015.07.29 05:17:53.310,1.23445,1.23447,1.00,1.50
2015.07.29 05:18:03.783,1.23445,1.23447,1.00,1.00
2015.07.29 05:18:04.289,1.23445,1.23446,1.50,1.00
2015.07.29 05:18:06.797,1.23445,1.23447,1.00,1.00
2015.07.29 05:18:13.512,1.23446,1.23448,1.00,1.10
2015.07.29 05:18:14.153,1.23446,1.23447,1.00,1.00
2015.07.29 05:18:18.997,1.23446,1.23448,2.25,1.00
2015.07.29 05:18:25.237,1.23446,1.23449,1.50,1.57
2015.07.29 05:18:25.743,1.23446,1.23448,1.57,1.00
2015.07.29 05:18:26.404,1.23447,1.23448,1.00,1.00
2015.07.29 05:18:26.909,1.23447,1.23449,1.00,1.00
2015.07.29 05:18:27.566,1.23447,1.23448,1.00,1.00
2015.07.29 05:18:27.869,1.23445,1.23447,2.50,1.00
2015.07.29 05:18:28.754,1.23446,1.23449,1.00,1.10
2015.07.29 05:18:35.177,1.23447,1.23449,1.00,1.10
2015.07.29 05:18:35.278,1.23449,1.2345,1.00,1.00
2015.07.29 05:18:35.430,1.23451,1.23454,1.50,1.12
2015.07.29 05:18:35.731,1.23453,1.23456,1.00,1.87
2015.07.29 05:18:36.742,1.23452,1.23455,1.50,1.00
2015.07.29 05:18:37.811,1.23453,1.23455,1.00,1.00
2015.07.29 05:18:38.419,1.23452,1.23455,1.00,1.00
2015.07.29 05:18:38.944,1.2345,1.23453,1.50,1.00
2015.07.29 05:18:39.450,1.23451,1.23453,1.00,1.00
2015.07.29 05:18:39.968,1.23451,1.23452,1.00,1.00
2015.07.29 05:18:40.222,1.23449,1.23452,2.25,1.00
2015.07.29 05:18:43.080,1.2345,1.23452,1.00,1.00
2015.07.29 05:18:43.586,1.23448,1.2345,1.00,1.00
2015.07.29 05:18:43.637,1.23447,1.23449,1.00,1.10
2015.07.29 05:18:44.220,1.23446,1.23447,1.00,1.00
2015.07.29 05:18:44.727,1.23446,1.23448,1.00,1.00
2015.07.29 05:18:44.930,1.23447,1.2345,1.50,1.50
2015.07.29 05:18:46.418,1.23447,1.23449,1.00,1.00
2015.07.29 05:18:48.253,1.23446,1.23449,2.25,1.00
2015.07.29 05:18:48.558,1.23444,1.23447,1.50,1.00
2015.07.29 05:18:49.155,1.23444,1.23445,1.00,1.00
2015.07.29 05:18:49.661,1.23443,1.23444,1.00,1.00
2015.07.29 05:18:50.269,1.23444,1.23445,1.00,1.00
2015.07.29 05:18:51.029,1.23444,1.23447,1.50,1.57
2015.07.29 05:18:52.608,1.23444,1.23446,1.50,1.00
2015.07.29 05:18:52.911,1.23443,1.23445,1.00,1.87
2015.07.29 05:18:53.417,1.23442,1.23444,1.00,1.10
2015.07.29 05:18:54.044,1.23441,1.23444,1.50,1.12
2015.07.29 05:18:57.376,1.23442,1.23444,1.00,1.12
2015.07.29 05:18:57.922,1.23441,1.23444,1.50,1.12
2015.07.29 05:18:58.827,1.23442,1.23444,1.00,1.12
2015.07.29 05:19:08.865,1.23441,1.23444,1.50,1.12
2015.07.29 05:19:18.198,1.23441,1.23442,1.00,1.00
2015.07.29 05:19:18.299,1.23438,1.23441,1.50,2.32
2015.07.29 05:19:18.401,1.23437,1.23439,1.00,1.50
2015.07.29 05:19:18.604,1.23434,1.23437,2.25,1.00
2015.07.29 05:19:18.756,1.23433,1.23436,1.50,1.00
2015.07.29 05:19:19.015,1.23431,1.23433,1.50,1.00
2015.07.29 05:19:19.117,1.23429,1.23432,2.25,1.00
2015.07.29 05:19:19.625,1.23427,1.2343,1.00,1.00
2015.07.29 05:19:20.019,1.23426,1.23428,1.00,1.00
2015.07.29 05:19:20.324,1.23429,1.23432,1.50,1.00
2015.07.29 05:19:20.476,1.23432,1.23433,1.00,1.00
2015.07.29 05:19:20.781,1.23434,1.23436,1.00,1.12
2015.07.29 05:19:21.298,1.23434,1.23436,1.00,1.57
2015.07.29 05:19:27.243,1.23435,1.23438,1.00,1.57
2015.07.29 05:19:27.749,1.23436,1.23439,1.00,2.62
2015.07.29 05:19:28.397,1.23435,1.23438,1.50,1.10
2015.07.29 05:19:28.902,1.23436,1.23439,1.00,1.57
2015.07.29 05:19:29.577,1.23438,1.23439,1.00,1.10
2015.07.29 05:19:29.628,1.23439,1.23441,1.00,1.00
2015.07.29 05:19:29.831,1.23441,1.23443,1.50,1.00
2015.07.29 05:19:30.166,1.23445,1.23448,1.00,1.10
2015.07.29 05:19:30.672,1.23446,1.23448,1.00,1.00
2015.07.29 05:19:31.177,1.23447,1.23449,1.00,1.10
2015.07.29 05:19:43.775,1.23446,1.23449,1.50,1.10
2015.07.29 05:19:49.198,1.23444,1.23447,1.50,1.10
2015.07.29 05:19:49.705,1.23444,1.23446,1.00,1.00
2015.07.29 05:19:51.381,1.23443,1.23446,1.50,1.10
2015.07.29 05:20:01.855,1.23443,1.23445,1.00,1.10
2015.07.29 05:20:02.387,1.23442,1.23445,1.00,1.57
2015.07.29 05:20:03.780,1.23443,1.23445,1.00,1.10
2015.07.29 05:20:06.020,1.23444,1.23447,1.00,1.50
2015.07.29 05:20:06.560,1.23445,1.23448,1.00,3.37
2015.07.29 05:20:10.697,1.23445,1.23448,1.50,1.12
2015.07.29 05:20:11.698,1.23445,1.23448,2.25,1.10
2015.07.29 05:20:15.517,1.23445,1.23448,1.00,1.87
2015.07.29 05:20:24.253,1.23444,1.23447,1.50,1.57
2015.07.29 05:20:24.647,1.23444,1.23447,1.00,3.00
2015.07.29 05:20:25.153,1.23443,1.23446,1.00,1.10
2015.07.29 05:20:25.660,1.23444,1.23447,1.00,1.12
2015.07.29 05:20:26.208,1.23444,1.23447,2.32,1.00
2015.07.29 05:20:35.835,1.23446,1.23448,1.00,1.00
2015.07.29 05:20:36.340,1.23446,1.23449,1.00,2.32
2015.07.29 05:20:38.955,1.23447,1.2345,1.00,1.87
2015.07.29 05:20:39.461,1.23447,1.2345,1.50,1.00
2015.07.29 05:20:39.966,1.23447,1.23449,1.00,1.00
2015.07.29 05:20:40.528,1.23447,1.2345,1.00,1.50
2015.07.29 05:20:43.383,1.23447,1.23449,1.00,1.00
2015.07.29 05:20:43.932,1.23446,1.23449,1.00,1.57
2015.07.29 05:20:44.749,1.23446,1.23448,1.00,1.00
2015.07.29 05:20:47.162,1.23441,1.23442,6.37,2.10
2015.07.29 05:20:47.314,1.23437,1.23439,1.57,1.00
2015.07.29 05:20:47.617,1.23435,1.23438,1.50,1.57
2015.07.29 05:20:47.971,1.23435,1.23438,1.50,2.25
2015.07.29 05:20:48.477,1.23434,1.23437,1.00,1.12
2015.07.29 05:20:50.000,1.23436,1.23439,1.00,1.75
2015.07.29 05:20:50.051,1.23436,1.23439,1.00,1.00
2015.07.29 05:20:50.601,1.23437,1.2344,1.00,1.00
2015.07.29 05:20:50.906,1.23439,1.23442,1.00,1.00
2015.07.29 05:20:51.210,1.23442,1.23444,1.00,1.00
2015.07.29 05:20:51.714,1.23441,1.23444,1.50,1.00
2015.07.29 05:20:55.798,1.23441,1.23442,1.50,1.00
2015.07.29 05:20:56.102,1.23439,1.23442,1.00,1.00
2015.07.29 05:20:56.770,1.23439,1.23442,1.00,1.60
2015.07.29 05:20:56.821,1.23438,1.2344,3.07,1.00
2015.07.29 05:20:56.973,1.23435,1.23438,1.57,1.50
2015.07.29 05:20:57.733,1.23436,1.23438,1.00,1.00
2015.07.29 05:20:57.834,1.23434,1.23437,1.50,1.00
2015.07.29 05:20:58.049,1.23433,1.23434,1.00,1.00
2015.07.29 05:20:58.100,1.23432,1.23434,1.00,1.00
2015.07.29 05:20:58.606,1.23431,1.23434,1.00,1.50
2015.07.29 05:21:00.955,1.23431,1.23434,2.62,1.00
2015.07.29 05:21:10.711,1.23432,1.23435,2.32,1.50
2015.07.29 05:21:11.086,1.23435,1.23436,1.00,1.50
2015.07.29 05:21:11.137,1.23436,1.23439,1.00,1.50
2015.07.29 05:21:11.391,1.23437,1.2344,1.00,1.87
2015.07.29 05:21:11.799,1.23436,1.23438,1.00,1.12
2015.07.29 05:21:12.112,1.23432,1.23435,1.87,1.00
2015.07.29 05:21:14.820,1.23432,1.23434,1.12,1.00
2015.07.29 05:21:21.671,1.23434,1.23435,1.35,1.00
2015.07.29 05:21:21.773,1.23436,1.23437,1.00,1.50
2015.07.29 05:21:21.825,1.23436,1.23438,1.87,1.00
2015.07.29 05:21:21.977,1.23438,1.23441,1.00,2.32
2015.07.29 05:21:22.736,1.23438,1.23441,1.00,3.67
2015.07.29 05:21:22.888,1.23434,1.23436,1.00,1.00
2015.07.29 05:21:23.230,1.23432,1.23435,1.10,1.00
2015.07.29 05:21:33.679,1.23434,1.23436,2.85,1.10
2015.07.29 05:21:33.831,1.23436,1.23439,1.00,1.10
2015.07.29 05:21:34.338,1.23437,1.2344,2.25,1.10
2015.07.29 05:21:34.742,1.23437,1.2344,1.00,2.92
2015.07.29 05:21:34.895,1.23433,1.23436,1.57,1.00
2015.07.29 05:21:35.396,1.23432,1.23435,1.57,1.00
2015.07.29 05:21:40.104,1.23432,1.23435,1.00,3.00
2015.07.29 05:21:41.180,1.23432,1.23435,1.00,1.57
2015.07.29 05:21:42.716,1.23432,1.23434,1.10,1.00
2015.07.29 05:21:42.818,1.23434,1.23437,1.00,1.95
2015.07.29 05:21:43.323,1.23435,1.23438,1.00,1.00
2015.07.29 05:21:43.823,1.23433,1.23436,1.10,1.00
2015.07.29 05:21:44.329,1.23432,1.23435,1.87,1.00
2015.07.29 05:21:45.047,1.23434,1.23435,1.00,1.00
2015.07.29 05:21:45.199,1.23435,1.23437,1.00,1.57
2015.07.29 05:21:45.402,1.23436,1.23439,1.00,1.00
2015.07.29 05:21:45.927,1.23434,1.23436,1.00,1.00
2015.07.29 05:21:46.433,1.23432,1.23435,1.12,1.00
2015.07.29 05:21:48.533,1.23433,1.23436,1.57,1.00
2015.07.29 05:21:48.836,1.23437,1.23439,1.00,1.12
2015.07.29 05:21:49.342,1.23436,1.23439,1.00,1.00
2015.07.29 05:21:54.319,1.23435,1.23438,1.00,1.00
2015.07.29 05:22:04.476,1.23434,1.23437,1.50,1.00
2015.07.29 05:22:05.004,1.23433,1.23436,1.00,1.50
2015.07.29 05:22:30.610,1.23432,1.23435,1.10,1.00
2015.07.29 05:22:31.217,1.23431,1.23434,1.12,1.00
2015.07.29 05:22:32.628,1.23433,1.23436,1.50,1.95
2015.07.29 05:22:32.831,1.23435,1.23438,1.00,1.57
2015.07.29 05:22:33.235,1.23437,1.2344,1.00,1.10
2015.07.29 05:22:33.742,1.23438,1.23441,1.00,1.87
2015.07.29 05:22:34.346,1.23438,1.2344,1.00,1.00
2015.07.29 05:22:40.295,1.23438,1.23441,1.00,1.00
2015.07.29 05:22:40.801,1.23439,1.23442,1.00,1.50
2015.07.29 05:22:41.710,1.23439,1.2344,1.00,1.00
2015.07.29 05:22:42.422,1.23438,1.2344,1.00,1.50
2015.07.29 05:22:42.834,1.23436,1.23438,1.00,1.00
2015.07.29 05:22:43.340,1.23434,1.23437,2.25,1.00
2015.07.29 05:22:44.544,1.23435,1.23438,1.00,2.25
2015.07.29 05:22:46.743,1.23436,1.23439,1.00,2.25
2015.07.29 05:22:47.270,1.23435,1.23438,2.25,1.00
2015.07.29 05:22:56.336,1.23436,1.23439,1.00,1.87
2015.07.29 05:22:56.439,1.23435,1.23437,1.00,1.00
2015.07.29 05:22:56.944,1.23434,1.23437,1.50,1.00
2015.07.29 05:22:59.156,1.23433,1.23436,2.32,1.00
2015.07.29 05:22:59.661,1.23432,1.23435,1.10,1.00
2015.07.29 05:23:02.334,1.23433,1.23436,1.00,1.50
2015.07.29 05:23:13.503,1.23433,1.23436,1.12,1.00
2015.07.29 05:23:23.811,1.23434,1.23437,1.10,1.50
2015.07.29 05:23:24.316,1.23435,1.23438,1.57,1.00
2015.07.29 05:23:24.620,1.23437,1.2344,1.00,1.50
2015.07.29 05:23:26.120,1.23438,1.2344,1.00,1.00
2015.07.29 05:23:26.626,1.23438,1.23441,1.50,1.00
2015.07.29 05:23:42.129,1.23442,1.23443,1.00,1.00
2015.07.29 05:23:42.180,1.23442,1.23444,1.00,1.12
2015.07.29 05:23:42.575,1.23443,1.23446,1.00,1.00
2015.07.29 05:23:43.081,1.23444,1.23447,1.00,1.12
2015.07.29 05:23:58.753,1.23443,1.23446,1.50,1.00
2015.07.29 05:24:00.516,1.23444,1.23447,1.00,1.00
2015.07.29 05:24:01.023,1.23443,1.23446,1.00,1.00
2015.07.29 05:24:11.831,1.23442,1.23445,1.00,1.00
2015.07.29 05:24:15.814,1.2344,1.23443,3.00,1.00
2015.07.29 05:24:16.321,1.23442,1.23444,1.00,1.00
2015.07.29 05:24:16.423,1.23443,1.23446,1.00,1.20
2015.07.29 05:24:17.646,1.23444,1.23447,1.00,1.10
2015.07.29 05:24:25.782,1.23443,1.23446,1.00,1.00
2015.07.29 05:24:35.607,1.23442,1.23445,1.50,1.00
2015.07.29 05:24:36.251,1.23443,1.23445,1.00,1.10
2015.07.29 05:24:36.303,1.23441,1.23444,1.50,1.00
2015.07.29 05:24:36.914,1.2344,1.23442,1.50,1.00
2015.07.29 05:24:37.273,1.23438,1.2344,1.00,1.50
2015.07.29 05:24:37.325,1.23436,1.23438,1.50,1.00
2015.07.29 05:24:37.832,1.23436,1.23437,1.00,1.00
2015.07.29 05:24:40.916,1.23435,1.23437,1.00,1.00
2015.07.29 05:24:42.564,1.23436,1.23438,1.50,1.00
2015.07.29 05:24:43.082,1.23436,1.23438,1.00,1.00
2015.07.29 05:24:43.782,1.23435,1.23437,1.00,1.00
2015.07.29 05:24:45.238,1.23435,1.23436,1.57,1.00
2015.07.29 05:24:57.765,1.23435,1.23437,1.57,1.50
2015.07.29 05:25:03.247,1.23436,1.23437,1.00,1.00
2015.07.29 05:25:09.081,1.23436,1.23438,1.00,1.50
2015.07.29 05:25:12.331,1.23436,1.23439,1.50,1.00
2015.07.29 05:25:13.279,1.23439,1.2344,1.00,2.25
2015.07.29 05:25:13.533,1.23442,1.23445,1.50,1.10
2015.07.29 05:25:13.787,1.23444,1.23447,1.00,1.57
2015.07.29 05:25:17.292,1.23445,1.23448,1.00,3.07
2015.07.29 05:25:21.948,1.23446,1.23448,1.00,1.10
2015.07.29 05:25:22.895,1.23447,1.23449,1.00,1.57
2015.07.29 05:25:23.198,1.23449,1.23451,1.00,1.00
2015.07.29 05:25:23.411,1.23449,1.23452,1.50,1.00
2015.07.29 05:25:23.462,1.23448,1.2345,1.00,3.00
2015.07.29 05:25:23.513,1.23446,1.23449,1.57,1.00
2015.07.29 05:25:24.025,1.23447,1.23449,1.00,1.00
2015.07.29 05:25:26.049,1.23446,1.23448,1.00,1.00
2015.07.29 05:25:26.352,1.23445,1.23448,1.00,2.25
2015.07.29 05:25:27.037,1.23445,1.23447,1.00,1.00
2015.07.29 05:25:27.344,1.23443,1.23446,1.50,1.00
2015.07.29 05:25:34.261,1.23444,1.23447,1.00,1.57
2015.07.29 05:25:35.187,1.23445,1.23448,1.00,1.10
2015.07.29 05:26:04.417,1.23444,1.23447,1.50,1.00
2015.07.29 05:26:26.840,1.23445,1.23448,1.00,1.10
2015.07.29 05:26:40.313,1.23445,1.23447,1.00,1.00
2015.07.29 05:26:40.668,1.23443,1.23446,2.32,1.00
2015.07.29 05:26:41.278,1.23444,1.23446,1.00,1.00
2015.07.29 05:26:41.783,1.23443,1.23446,3.07,1.00
2015.07.29 05:26:42.688,1.23443,1.23445,1.57,1.00
2015.07.29 05:26:43.466,1.23443,1.23446,2.32,1.00
2015.07.29 05:26:43.991,1.23444,1.23447,1.00,1.00
2015.07.29 05:26:50.584,1.23443,1.23445,1.10,1.00
2015.07.29 05:26:55.112,1.23443,1.23444,1.10,1.00
2015.07.29 05:26:59.315,1.23443,1.23445,1.10,1.00
2015.07.29 05:27:03.038,1.23443,1.23446,1.57,1.00
2015.07.29 05:27:05.632,1.23443,1.23445,1.10,1.00
2015.07.29 05:27:08.203,1.23443,1.23446,1.57,1.00
2015.07.29 05:27:09.710,1.23443,1.23445,1.20,1.00
2015.07.29 05:27:11.341,1.23444,1.23447,1.00,2.25
2015.07.29 05:27:12.082,1.23444,1.23446,1.00,1.00
2015.07.29 05:27:12.335,1.23442,1.23445,1.95,1.00
2015.07.29 05:27:20.777,1.23442,1.23444,1.50,1.00
2015.07.29 05:27:21.326,1.23441,1.23444,1.12,1.00
2015.07.29 05:27:34.208,1.23442,1.23445,1.00,1.00
2015.07.29 05:27:57.529,1.23443,1.23446,1.00,2.32
2015.07.29 05:27:59.139,1.23444,1.23447,1.00,1.10
2015.07.29 05:27:59.644,1.23445,1.23448,1.00,1.00
2015.07.29 05:28:00.887,1.23445,1.23447,1.00,1.00
2015.07.29 05:28:01.392,1.23444,1.23447,1.00,1.50
2015.07.29 05:28:05.439,1.23445,1.23447,1.00,1.00
2015.07.29 05:28:06.484,1.23445,1.23448,1.50,1.50
2015.07.29 05:28:08.206,1.23447,1.23449,1.00,1.00
2015.07.29 05:28:08.358,1.23449,1.23452,1.00,1.87
2015.07.29 05:28:08.460,1.2345,1.23453,1.00,1.57
2015.07.29 05:28:09.004,1.23451,1.23453,1.00,1.00
2015.07.29 05:28:24.527,1.23451,1.23454,1.00,1.57
2015.07.29 05:28:26.075,1.2345,1.23453,1.00,1.50
2015.07.29 05:28:26.632,1.23451,1.23453,1.00,1.00
2015.07.29 05:28:35.123,1.23451,1.23452,1.00,1.50
2015.07.29 05:28:35.174,1.23448,1.23451,1.00,1.00
2015.07.29 05:28:37.773,1.23449,1.23452,1.50,1.00
2015.07.29 05:28:37.976,1.23451,1.23453,1.00,1.00
2015.07.29 05:28:43.781,1.2345,1.23453,1.00,1.50
2015.07.29 05:29:15.315,1.23449,1.23452,1.50,1.00
2015.07.29 05:29:15.836,1.2345,1.23453,1.00,1.50
2015.07.29 05:29:19.608,1.23449,1.23452,2.25,1.00
2015.07.29 05:29:20.114,1.2345,1.23453,1.00,1.50
2015.07.29 05:29:32.756,1.23451,1.23454,1.00,1.00
2015.07.29 05:29:33.295,1.23452,1.23454,1.00,1.00
2015.07.29 05:29:35.413,1.23451,1.23454,2.32,1.00
2015.07.29 05:29:37.717,1.23451,1.23453,1.00,1.00
2015.07.29 05:29:38.222,1.2345,1.23453,1.10,1.50
2015.07.29 05:30:04.207,1.23451,1.23454,1.00,1.00
2015.07.29 05:30:06.318,1.2345,1.23453,1.50,1.00
2015.07.29 05:30:35.958,1.23451,1.23454,1.00,1.50
2015.07.29 05:30:36.650,1.2345,1.23453,1.50,1.00
2015.07.29 05:30:37.194,1.23451,1.23454,1.00,1.50
2015.07.29 05:30:38.055,1.2345,1.23453,1.50,1.00
2015.07.29 05:30:46.275,1.23451,1.23454,1.00,2.25
2015.07.29 05:30:46.786,1.2345,1.23453,1.50,1.00
2015.07.29 05:30:58.305,1.23449,1.2345,1.50,1.00
2015.07.29 05:30:58.559,1.23443,1.23446,1.10,1.50
2015.07.29 05:30:58.711,1.23441,1.23444,1.12,1.00
2015.07.29 05:30:59.015,1.23439,1.23442,1.00,1.00
2015.07.29 05:30:59.631,1.2344,1.23442,1.00,1.00
2015.07.29 05:30:59.985,1.23441,1.23444,1.00,1.10
2015.07.29 05:31:01.985,1.23442,1.23445,1.00,1.10
2015.07.29 05:31:20.123,1.23443,1.23445,1.00,1.10
2015.07.29 05:31:20.225,1.23445,1.23446,1.00,1.10
2015.07.29 05:31:20.905,1.23445,1.23447,1.00,1.00
2015.07.29 05:31:23.748,1.23444,1.23446,1.00,1.00
2015.07.29 05:31:24.304,1.23443,1.23446,1.50,1.00
2015.07.29 05:31:25.625,1.23444,1.23446,1.00,1.00
2015.07.29 05:31:31.246,1.23444,1.23446,1.00,1.50
2015.07.29 05:31:31.593,1.23445,1.23448,1.00,1.00
2015.07.29 05:31:33.324,1.23444,1.23447,1.50,1.00
2015.07.29 05:32:07.809,1.23443,1.23446,1.50,1.00
2015.07.29 05:32:08.768,1.23443,1.23445,1.00,1.00
2015.07.29 05:32:08.819,1.23441,1.23444,1.50,1.00
2015.07.29 05:32:09.224,1.23443,1.23446,1.00,1.10
2015.07.29 05:32:26.349,1.23444,1.23446,1.00,1.00
2015.07.29 05:32:26.897,1.23444,1.23447,1.00,1.00
2015.07.29 05:32:27.200,1.23446,1.23447,1.00,1.00
2015.07.29 05:32:27.352,1.23447,1.2345,1.50,1.00
2015.07.29 05:32:27.656,1.23449,1.23452,1.00,1.00
2015.07.29 05:32:38.404,1.2345,1.23452,1.00,1.00
2015.07.29 05:32:38.456,1.23451,1.23454,1.00,2.32
2015.07.29 05:32:38.960,1.2345,1.23453,1.00,1.00
2015.07.29 05:32:39.265,1.23449,1.23451,1.50,1.00
2015.07.29 05:32:39.779,1.23448,1.23451,1.50,1.00
2015.07.29 05:32:40.286,1.23449,1.23452,1.50,1.00
2015.07.29 05:32:42.719,1.2345,1.23452,1.00,1.00
2015.07.29 05:32:43.250,1.2345,1.23453,1.00,1.50
2015.07.29 05:32:50.345,1.23451,1.23453,1.00,1.00
2015.07.29 05:32:52.292,1.2345,1.23453,1.00,1.50
2015.07.29 05:32:59.999,1.23449,1.23452,1.50,1.00
2015.07.29 05:33:00.907,1.2345,1.23453,1.00,1.50
2015.07.29 05:33:08.595,1.23449,1.23452,2.25,1.00
2015.07.29 05:33:08.900,1.23447,1.23448,1.10,1.00
2015.07.29 05:33:09.001,1.23445,1.23447,1.00,1.00
2015.07.29 05:33:09.515,1.23444,1.23447,1.00,1.00
2015.07.29 05:33:11.123,1.23443,1.23446,1.50,1.00
2015.07.29 05:33:12.021,1.23442,1.23445,2.25,1.00
2015.07.29 05:33:12.878,1.23441,1.23443,1.00,1.00
2015.07.29 05:33:13.083,1.23437,1.2344,3.00,1.00
2015.07.29 05:33:13.388,1.23436,1.23439,3.00,3.75
2015.07.29 05:33:13.439,1.23436,1.23437,1.57,1.00
2015.07.29 05:33:13.967,1.23434,1.23437,2.62,1.00
2015.07.29 05:33:14.500,1.23434,1.23437,2.32,1.00
2015.07.29 05:33:15.530,1.23436,1.23438,1.00,1.00
2015.07.29 05:33:16.045,1.23436,1.23439,1.00,1.00
2015.07.29 05:33:19.230,1.23437,1.2344,1.50,1.50
2015.07.29 05:33:28.383,1.23438,1.23441,1.00,1.00
2015.07.29 05:33:32.515,1.23438,1.2344,1.00,1.00
2015.07.29 05:33:32.751,1.23436,1.23439,1.50,1.00
2015.07.29 05:33:32.853,1.23435,1.23437,1.00,1.00
2015.07.29 05:33:33.157,1.23434,1.23436,1.00,1.00
2015.07.29 05:33:34.943,1.23434,1.23436,1.00,1.00
2015.07.29 05:33:36.181,1.23435,1.23436,1.00,1.00
2015.07.29 05:33:36.714,1.23435,1.23437,1.00,1.00
2015.07.29 05:33:39.450,1.23436,1.23437,1.50,1.00
2015.07.29 05:33:39.798,1.2344,1.23443,3.00,1.10
2015.07.29 05:33:39.899,1.23442,1.23444,1.00,1.10
2015.07.29 05:33:40.053,1.23443,1.23446,1.50,1.10
2015.07.29 05:33:40.256,1.23445,1.23448,1.00,1.87
2015.07.29 05:33:40.762,1.23444,1.23447,3.00,1.00
2015.07.29 05:33:41.082,1.23446,1.23449,1.00,1.12
2015.07.29 05:33:41.588,1.23446,1.23449,1.00,1.00
2015.07.29 05:33:43.776,1.23445,1.23448,3.00,1.00
2015.07.29 05:33:45.799,1.23444,1.23446,1.50,1.00
2015.07.29 05:33:46.204,1.23442,1.23444,1.10,1.50
2015.07.29 05:33:46.407,1.2344,1.23443,1.50,1.50
2015.07.29 05:33:46.762,1.23439,1.23441,1.00,1.00
2015.07.29 05:33:49.135,1.2344,1.23441,1.00,1.00
2015.07.29 05:33:49.287,1.23441,1.23443,1.00,1.00
2015.07.29 05:33:49.603,1.23442,1.23445,3.00,1.10
2015.07.29 05:33:50.929,1.23442,1.23444,1.00,1.50
2015.07.29 05:33:51.032,1.2344,1.23443,3.07,1.00
2015.07.29 05:33:51.133,1.23442,1.23444,1.00,1.00
2015.07.29 05:33:54.193,1.23441,1.23443,1.00,1.00
2015.07.29 05:33:54.734,1.23441,1.23442,1.00,1.00
2015.07.29 05:33:55.643,1.2344,1.23442,1.00,1.00
2015.07.29 05:33:57.602,1.23441,1.23442,1.00,1.00
2015.07.29 05:33:59.335,1.23439,1.2344,1.00,1.50
2015.07.29 05:33:59.488,1.23438,1.2344,1.00,1.00
2015.07.29 05:33:59.589,1.23437,1.2344,1.50,1.00
2015.07.29 05:33:59.742,1.23437,1.23438,1.00,1.00
2015.07.29 05:34:00.050,1.23435,1.23438,1.50,1.00
2015.07.29 05:34:00.913,1.23435,1.23437,1.00,1.00
2015.07.29 05:34:01.439,1.23436,1.23437,1.00,1.00
2015.07.29 05:34:02.920,1.23435,1.23437,1.00,1.00
2015.07.29 05:34:05.954,1.23435,1.23436,1.00,1.00
2015.07.29 05:34:06.705,1.23436,1.23438,1.00,4.00
2015.07.29 05:34:06.757,1.23436,1.2344,1.50,1.10
2015.07.29 05:34:07.265,1.23436,1.23439,1.00,1.00
2015.07.29 05:34:09.019,1.23436,1.23437,1.00,1.00
2015.07.29 05:34:11.057,1.23435,1.23437,1.00,1.50
2015.07.29 05:34:11.774,1.23434,1.23437,1.00,1.00
2015.07.29 05:34:13.350,1.23435,1.23438,1.00,1.50
2015.07.29 05:34:13.856,1.23434,1.23437,2.25,1.00
2015.07.29 05:34:14.533,1.23435,1.23437,1.00,1.00
2015.07.29 05:34:14.634,1.23436,1.23439,1.00,1.00
2015.07.29 05:34:16.152,1.23435,1.23438,1.50,1.00
2015.07.29 05:34:28.175,1.23435,1.23437,1.50,1.00
2015.07.29 05:34:29.481,1.23435,1.23438,1.50,1.00
2015.07.29 05:34:30.050,1.23435,1.23437,1.00,1.00
2015.07.29 05:34:30.109,1.23435,1.23438,1.50,1.00
2015.07.29 05:34:31.711,1.23438,1.23439,1.00,1.00
2015.07.29 05:34:31.813,1.23438,1.2344,1.00,1.10
2015.07.29 05:34:31.965,1.2344,1.23443,1.00,1.00
2015.07.29 05:34:32.574,1.23442,1.23444,1.00,1.00
2015.07.29 05:34:33.079,1.23442,1.23445,1.00,1.00
2015.07.29 05:34:36.279,1.23441,1.23444,1.50,1.00
2015.07.29 05:34:37.119,1.23442,1.23445,1.00,2.32
2015.07.29 05:34:37.625,1.23441,1.23444,1.00,1.00
2015.07.29 05:34:40.908,1.23437,1.23438,1.50,1.00
2015.07.29 05:34:40.959,1.23436,1.23438,1.00,1.00
2015.07.29 05:34:41.111,1.23434,1.23437,1.00,1.50
2015.07.29 05:34:41.618,1.23433,1.23436,1.00,1.00
2015.07.29 05:34:46.823,1.23432,1.23435,1.50,1.00
2015.07.29 05:34:52.545,1.23432,1.23434,1.00,1.00
2015.07.29 05:34:52.646,1.2343,1.23433,1.50,1.00
2015.07.29 05:34:52.899,1.23428,1.23431,3.07,1.00
2015.07.29 05:34:53.417,1.23428,1.2343,1.00,1.00
2015.07.29 05:34:54.864,1.23427,1.2343,2.25,1.00
2015.07.29 05:34:55.370,1.23427,1.23429,1.00,1.00
2015.07.29 05:34:56.409,1.23426,1.23429,2.25,1.00
2015.07.29 05:34:59.899,1.23425,1.23426,1.87,1.00
2015.07.29 05:34:59.950,1.23423,1.23426,1.00,1.50
2015.07.29 05:35:00.255,1.23421,1.23424,1.00,1.00
2015.07.29 05:35:01.710,1.23422,1.23424,1.50,1.00
2015.07.29 05:35:01.963,1.23426,1.23429,1.50,1.00
2015.07.29 05:35:02.268,1.23428,1.23431,1.00,1.50
2015.07.29 05:35:02.370,1.23429,1.23432,1.00,1.00
2015.07.29 05:35:02.725,1.23432,1.23434,1.00,1.00
2015.07.29 05:35:02.972,1.23433,1.23436,1.50,1.12
2015.07.29 05:35:03.225,1.23435,1.23438,1.00,4.50
2015.07.29 05:35:03.733,1.23434,1.23437,1.00,1.00
2015.07.29 05:35:04.238,1.23433,1.23436,1.00,1.00
2015.07.29 05:35:05.251,1.23434,1.23436,1.00,1.00
2015.07.29 05:35:06.094,1.23433,1.23436,1.50,1.00
2015.07.29 05:35:10.363,1.23432,1.23435,2.25,1.00
2015.07.29 05:35:11.665,1.23432,1.23434,1.00,1.00
2015.07.29 05:35:12.171,1.23431,1.23434,2.25,1.00
2015.07.29 05:35:12.681,1.23432,1.23434,1.00,1.00
2015.07.29 05:35:16.738,1.23432,1.23433,1.00,1.00
2015.07.29 05:35:17.056,1.2343,1.23432,1.00,1.00
2015.07.29 05:35:17.563,1.23429,1.23432,1.20,1.00
2015.07.29 05:35:17.664,1.23428,1.2343,1.12,1.00
2015.07.29 05:35:17.715,1.23427,1.2343,1.57,1.50
2015.07.29 05:35:17.766,1.23425,1.23428,2.62,1.00
2015.07.29 05:35:17.817,1.23425,1.23427,1.00,1.00
2015.07.29 05:35:18.325,1.23423,1.23426,1.87,1.00
2015.07.29 05:35:18.680,1.2342,1.23424,4.87,1.00
2015.07.29 05:35:18.731,1.2342,1.23423,4.50,1.00
2015.07.29 05:35:19.236,1.2342,1.23423,3.07,1.00
2015.07.29 05:35:19.854,1.23421,1.23424,3.00,1.00
2015.07.29 05:35:20.360,1.23422,1.23424,1.00,1.00
2015.07.29 05:35:21.019,1.23421,1.23424,1.57,1.00
2015.07.29 05:35:21.979,1.23422,1.23424,1.00,1.00
2015.07.29 05:35:24.300,1.23421,1.23424,2.32,1.00
2015.07.29 05:35:24.807,1.2342,1.23423,1.87,1.00
2015.07.29 05:35:25.333,1.23419,1.23422,1.87,1.00
2015.07.29 05:35:25.842,1.23419,1.23422,1.50,1.00
2015.07.29 05:35:26.377,1.2342,1.23423,1.50,1.00
2015.07.29 05:35:26.885,1.23419,1.23422,3.00,1.00
2015.07.29 05:35:27.392,1.23419,1.23421,1.50,1.00
2015.07.29 05:35:32.582,1.23419,1.23422,2.25,1.50
2015.07.29 05:35:35.126,1.23418,1.23421,1.95,1.00
2015.07.29 05:35:40.817,1.23419,1.23421,1.00,1.00
2015.07.29 05:35:41.533,1.2342,1.23422,1.00,1.00
2015.07.29 05:35:43.725,1.2342,1.23423,1.50,1.50
2015.07.29 05:35:44.029,1.23418,1.23421,2.62,1.00
2015.07.29 05:35:44.584,1.23419,1.23421,1.00,1.50
2015.07.29 05:35:45.125,1.23418,1.23421,1.50,1.00
2015.07.29 05:35:47.940,1.2342,1.23423,1.00,1.00
2015.07.29 05:35:49.415,1.23419,1.23422,1.50,1.00
2015.07.29 05:35:49.920,1.2342,1.23422,1.00,1.00
2015.07.29 05:35:54.348,1.23419,1.23422,1.10,1.00
2015.07.29 05:35:54.909,1.23419,1.23421,1.50,1.00
2015.07.29 05:35:56.642,1.2342,1.23421,1.00,1.00
2015.07.29 05:35:57.221,1.2342,1.23422,1.50,1.00
2015.07.29 05:36:01.172,1.23419,1.23422,2.32,1.00
2015.07.29 05:36:01.703,1.2342,1.23423,1.00,1.00
2015.07.29 05:36:11.829,1.2342,1.23423,1.00,3.60
2015.07.29 05:36:12.132,1.23416,1.23419,1.50,1.50
2015.07.29 05:36:15.772,1.23416,1.23419,2.25,1.10
2015.07.29 05:36:16.076,1.23419,1.23422,1.50,1.12
2015.07.29 05:36:16.278,1.2342,1.23423,3.07,1.00
2015.07.29 05:36:16.792,1.23421,1.23423,1.00,1.00
2015.07.29 05:36:17.300,1.23422,1.23425,2.25,1.00
2015.07.29 05:36:17.351,1.23423,1.23426,2.25,1.00
2015.07.29 05:36:17.554,1.23425,1.23428,1.50,1.00
2015.07.29 05:36:18.465,1.23424,1.23426,1.10,1.00
2015.07.29 05:36:18.668,1.23422,1.23425,1.57,1.00
2015.07.29 05:36:18.870,1.2342,1.23423,1.57,1.00
2015.07.29 05:36:19.412,1.2342,1.23422,1.00,1.00
2015.07.29 05:36:19.867,1.23418,1.23421,1.10,1.00
2015.07.29 05:36:20.407,1.23417,1.2342,1.50,1.00
2015.07.29 05:36:20.912,1.23417,1.2342,1.00,1.50
2015.07.29 05:36:23.765,1.23418,1.2342,1.00,1.00
2015.07.29 05:36:25.753,1.23418,1.23421,1.00,2.25
2015.07.29 05:36:26.599,1.23419,1.23422,1.00,1.00
2015.07.29 05:36:27.214,1.2342,1.23423,1.00,2.25
2015.07.29 05:36:29.176,1.23421,1.23424,1.00,1.57
2015.07.29 05:36:29.783,1.2342,1.23423,2.25,1.00
2015.07.29 05:36:37.880,1.23421,1.23424,1.00,1.10
2015.07.29 05:36:38.424,1.23422,1.23425,1.00,1.00
2015.07.29 05:36:38.930,1.23423,1.23425,1.00,1.10
2015.07.29 05:36:39.588,1.23423,1.23426,1.00,1.57
2015.07.29 05:36:40.167,1.23424,1.23427,1.00,1.10
2015.07.29 05:36:41.130,1.23423,1.23426,1.00,1.00
2015.07.29 05:36:42.282,1.23423,1.23425,1.00,1.00
2015.07.29 05:36:42.787,1.23422,1.23423,1.00,1.00
2015.07.29 05:36:42.888,1.23422,1.23425,1.00,1.50
2015.07.29 05:36:45.558,1.23422,1.23424,1.00,1.00
2015.07.29 05:36:46.125,1.23422,1.23425,1.00,1.57
2015.07.29 05:36:52.089,1.23422,1.23425,1.00,3.75
2015.07.29 05:36:58.420,1.23421,1.23424,1.00,2.32
2015.07.29 05:36:59.687,1.23421,1.23423,1.00,1.50
2015.07.29 05:36:59.839,1.23419,1.23422,1.50,1.50
2015.07.29 05:37:03.226,1.23418,1.23421,1.57,1.00
2015.07.29 05:37:03.729,1.23417,1.2342,1.00,2.32
2015.07.29 05:37:07.552,1.23415,1.23418,3.00,1.00
2015.07.29 05:37:07.805,1.23415,1.23418,2.25,1.10
2015.07.29 05:37:08.412,1.23415,1.23418,2.25,1.12
2015.07.29 05:37:08.967,1.23416,1.23419,1.00,2.25
2015.07.29 05:37:09.373,1.23414,1.23417,1.00,1.50
2015.07.29 05:37:09.914,1.23413,1.23417,1.50,3.00
2015.07.29 05:37:10.774,1.23413,1.23416,1.00,2.25
2015.07.29 05:37:11.862,1.23412,1.23415,1.00,1.12
2015.07.29 05:37:12.474,1.23411,1.23414,1.00,1.10
2015.07.29 05:37:14.261,1.23412,1.23415,1.00,1.50
2015.07.29 05:37:14.781,1.23413,1.23416,1.00,1.87
2015.07.29 05:37:17.996,1.23414,1.23417,1.00,2.25
2015.07.29 05:37:18.097,1.23415,1.23418,1.00,3.37
2015.07.29 05:37:18.631,1.23415,1.23418,1.00,2.70
2015.07.29 05:37:19.456,1.23415,1.23417,1.00,1.00
2015.07.29 05:37:21.908,1.23415,1.23418,1.00,2.25
2015.07.29 05:37:23.763,1.23414,1.23417,1.57,1.00
2015.07.29 05:37:37.817,1.23415,1.23417,1.00,1.00
2015.07.29 05:37:43.730,1.23415,1.23418,2.25,1.50
2015.07.29 05:37:47.172,1.23416,1.23418,1.00,1.00
2015.07.29 05:37:47.324,1.23419,1.2342,1.00,1.50
2015.07.29 05:37:47.374,1.23419,1.23422,2.25,2.25
2015.07.29 05:37:47.425,1.23421,1.23422,1.00,1.00
2015.07.29 05:37:47.476,1.23421,1.23423,1.00,1.10
2015.07.29 05:37:48.500,1.23422,1.23423,1.00,1.00
2015.07.29 05:37:48.702,1.23423,1.23427,6.00,2.25
2015.07.29 05:37:48.804,1.23426,1.23428,1.50,1.10
2015.07.29 05:37:48.905,1.23427,1.2343,1.50,1.50
2015.07.29 05:37:49.411,1.23427,1.23429,1.00,1.00
2015.07.29 05:37:49.960,1.23427,1.2343,1.00,1.00
2015.07.29 05:37:53.747,1.23426,1.23429,2.25,1.00
2015.07.29 05:37:54.921,1.23426,1.23428,1.00,1.00
2015.07.29 05:37:57.757,1.23425,1.23428,1.57,1.00
2015.07.29 05:38:15.665,1.23428,1.23431,1.00,2.25
2015.07.29 05:38:16.172,1.23427,1.2343,1.00,2.25
2015.07.29 05:38:21.417,1.23426,1.23429,3.00,1.00
2015.07.29 05:38:21.954,1.23427,1.2343,2.25,1.00
2015.07.29 05:38:22.260,1.23431,1.23433,1.00,1.00
2015.07.29 05:38:22.413,1.23433,1.23436,1.00,2.25
2015.07.29 05:38:22.810,1.23435,1.23438,1.00,1.57
2015.07.29 05:38:23.688,1.23435,1.23437,2.25,1.00
2015.07.29 05:38:24.193,1.23435,1.23438,1.00,1.50
2015.07.29 05:38:24.750,1.23435,1.23437,1.00,1.00
2015.07.29 05:38:25.556,1.23435,1.23436,1.00,1.00
2015.07.29 05:38:26.318,1.23434,1.23436,1.50,1.00
2015.07.29 05:38:26.825,1.23434,1.23436,1.00,1.87
2015.07.29 05:38:27.770,1.23433,1.23435,1.50,1.10
2015.07.29 05:38:28.284,1.23431,1.23433,1.50,1.00
2015.07.29 05:38:28.335,1.23429,1.23432,1.50,1.00
2015.07.29 05:38:28.842,1.23428,1.23431,1.50,1.87
2015.07.29 05:38:29.348,1.23428,1.23431,1.50,1.57
2015.07.29 05:38:32.270,1.23428,1.2343,1.50,1.00
2015.07.29 05:38:32.777,1.23427,1.23429,1.00,1.00
2015.07.29 05:38:33.885,1.23427,1.23428,1.00,1.00
2015.07.29 05:38:34.037,1.23425,1.23428,2.25,1.50
2015.07.29 05:38:34.467,1.23424,1.23427,1.50,2.25
2015.07.29 05:38:35.277,1.23422,1.23425,2.25,1.57
2015.07.29 05:38:35.601,1.23421,1.23423,1.50,1.00
2015.07.29 05:38:37.534,1.23421,1.23424,1.50,1.10
2015.07.29 05:38:39.769,1.23422,1.23424,1.00,1.10
2015.07.29 05:38:40.279,1.23423,1.23425,1.00,1.12
2015.07.29 05:38:46.383,1.23422,1.23424,1.00,1.57
2015.07.29 05:38:46.896,1.23423,1.23425,1.00,1.12
2015.07.29 05:38:48.340,1.23422,1.23424,1.00,1.10
2015.07.29 05:38:50.863,1.23421,1.23424,2.25,1.00
2015.07.29 05:38:51.470,1.23422,1.23425,1.00,1.57
2015.07.29 05:38:54.036,1.23422,1.23425,1.00,2.62
2015.07.29 05:38:59.138,1.23423,1.23425,1.00,1.87
2015.07.29 05:39:00.555,1.23422,1.23425,1.50,1.87
2015.07.29 05:39:02.242,1.23422,1.23423,1.00,1.00
2015.07.29 05:39:02.446,1.2342,1.23422,1.50,1.00
2015.07.29 05:39:04.072,1.23418,1.23421,1.50,1.50
2015.07.29 05:39:04.577,1.23419,1.23421,1.00,1.10
2015.07.29 05:39:20.116,1.23418,1.23419,1.50,1.00
2015.07.29 05:39:20.218,1.23417,1.2342,1.50,2.25
2015.07.29 05:39:20.724,1.23417,1.2342,1.50,2.62
2015.07.29 05:39:23.178,1.23418,1.2342,1.00,2.62
2015.07.29 05:39:23.229,1.2342,1.23421,1.00,1.12
2015.07.29 05:39:23.482,1.2342,1.23421,1.00,1.00
2015.07.29 05:39:24.089,1.2342,1.23422,1.00,1.10
2015.07.29 05:39:24.546,1.23422,1.23423,1.00,1.12
2015.07.29 05:39:24.826,1.23423,1.23425,1.00,1.10
2015.07.29 05:39:25.331,1.23422,1.23424,1.00,1.50
2015.07.29 05:39:30.561,1.23422,1.23425,1.50,1.57
2015.07.29 05:39:32.633,1.23422,1.23424,1.00,1.00
2015.07.29 05:39:34.022,1.23422,1.23425,1.50,1.57
2015.07.29 05:39:42.145,1.23421,1.23423,1.00,1.00
2015.07.29 05:39:42.651,1.23421,1.23424,1.50,1.50
2015.07.29 05:39:45.644,1.23421,1.23422,1.00,1.00
2015.07.29 05:39:46.149,1.2342,1.23422,1.00,1.10
2015.07.29 05:39:55.252,1.23419,1.23422,1.50,2.92
2015.07.29 05:39:55.758,1.23418,1.23421,2.25,2.47
2015.07.29 05:39:57.479,1.23417,1.23418,1.00,1.00
2015.07.29 05:39:57.802,1.23414,1.23415,1.00,1.50
2015.07.29 05:39:58.321,1.23413,1.23415,1.50,1.00
2015.07.29 05:40:00.602,1.23412,1.23414,1.50,1.00
2015.07.29 05:40:04.300,1.23412,1.23413,1.00,1.00
2015.07.29 05:40:04.806,1.23412,1.23414,1.00,1.00
2015.07.29 05:40:05.708,1.23412,1.23415,1.50,1.00
2015.07.29 05:40:10.428,1.23412,1.23414,1.00,1.00
2015.07.29 05:40:14.908,1.23412,1.23413,1.00,1.00
2015.07.29 05:40:15.164,1.2341,1.23413,1.00,2.25
2015.07.29 05:40:15.569,1.23409,1.23411,1.00,1.00
2015.07.29 05:40:15.772,1.23407,1.2341,1.50,1.00
2015.07.29 05:40:16.292,1.23408,1.2341,1.50,1.00
2015.07.29 05:40:16.804,1.23408,1.23411,1.50,1.50
2015.07.29 05:40:17.401,1.2341,1.23412,1.00,1.00
2015.07.29 05:40:17.453,1.23411,1.23413,1.00,1.10
2015.07.29 05:40:17.963,1.23412,1.23414,1.00,1.00
2015.07.29 05:40:18.577,1.23413,1.23415,1.00,1.00
2015.07.29 05:40:19.113,1.23412,1.23415,1.00,1.50
2015.07.29 05:40:19.653,1.23413,1.23415,1.00,1.00
2015.07.29 05:40:20.625,1.23413,1.23414,1.00,1.00
2015.07.29 05:40:22.028,1.23413,1.23415,2.50,1.00
2015.07.29 05:40:22.181,1.23414,1.23416,1.00,1.00
2015.07.29 05:40:23.731,1.23413,1.23416,2.25,1.50
2015.07.29 05:40:36.790,1.23415,1.23416,1.00,1.00
2015.07.29 05:40:36.942,1.23417,1.23419,1.00,1.10
2015.07.29 05:40:37.448,1.23417,1.2342,1.00,2.32
2015.07.29 05:40:40.150,1.23416,1.23419,1.50,1.00
2015.07.29 05:40:42.216,1.23417,1.23419,1.00,1.00
2015.07.29 05:40:42.471,1.23425,1.23428,1.00,1.00
2015.07.29 05:40:42.978,1.23426,1.23428,1.00,1.00
2015.07.29 05:40:43.653,1.23426,1.23429,1.00,1.57
2015.07.29 05:40:46.284,1.23425,1.23428,1.50,1.00
2015.07.29 05:40:46.808,1.23426,1.23429,1.00,1.57
2015.07.29 05:40:48.881,1.23426,1.23428,1.00,1.00
2015.07.29 05:40:53.264,1.23425,1.23427,1.50,1.00
2015.07.29 05:40:53.366,1.23423,1.23426,1.00,1.00
2015.07.29 05:40:53.468,1.23421,1.23424,1.00,1.00
2015.07.29 05:40:53.989,1.2342,1.23423,1.00,1.00
2015.07.29 05:40:54.494,1.23419,1.23422,1.50,1.00
2015.07.29 05:41:00.001,1.2342,1.23423,1.00,1.50
2015.07.29 05:41:01.500,1.23419,1.23422,1.00,1.00
2015.07.29 05:41:02.007,1.2342,1.23423,1.00,1.50
2015.07.29 05:41:02.519,1.23419,1.23422,1.50,1.00
2015.07.29 05:41:04.933,1.2342,1.23423,1.00,2.25
2015.07.29 05:41:06.018,1.23419,1.23422,1.50,1.00
2015.07.29 05:41:06.525,1.2342,1.23423,1.00,1.50
2015.07.29 05:41:08.300,1.23421,1.23423,1.00,1.00
2015.07.29 05:41:08.603,1.23423,1.23425,1.00,2.25
2015.07.29 05:41:08.979,1.23427,1.23429,1.00,1.00
2015.07.29 05:41:09.485,1.23427,1.2343,2.25,1.10
2015.07.29 05:41:19.463,1.23428,1.23431,1.50,1.87
2015.07.29 05:41:19.974,1.23428,1.23431,1.00,1.00
2015.07.29 05:41:20.485,1.23429,1.23431,1.00,1.00
2015.07.29 05:41:22.828,1.23429,1.23432,1.00,1.10
2015.07.29 05:41:27.865,1.2343,1.23433,1.00,2.32
2015.07.29 05:41:34.881,1.2343,1.23432,1.00,1.00
2015.07.29 05:41:35.084,1.23428,1.23431,2.25,1.00
2015.07.29 05:41:40.346,1.23429,1.23431,1.00,1.50
2015.07.29 05:41:40.447,1.23428,1.23431,2.25,1.00
2015.07.29 05:41:40.753,1.2343,1.23433,1.50,1.87
2015.07.29 05:41:41.331,1.2343,1.23433,1.50,1.10
2015.07.29 05:41:41.635,1.23429,1.23431,1.00,1.00
2015.07.29 05:41:42.141,1.23429,1.2343,1.00,1.00
2015.07.29 05:41:42.907,1.23427,1.2343,3.75,1.00
2015.07.29 05:41:43.785,1.23428,1.23431,1.00,1.00
2015.07.29 05:41:56.008,1.23427,1.2343,1.50,1.50
2015.07.29 05:41:56.516,1.23426,1.23429,1.00,1.00
2015.07.29 05:41:58.682,1.23425,1.23428,2.25,1.00
2015.07.29 05:42:10.237,1.23426,1.23428,1.00,1.00
2015.07.29 05:42:10.780,1.23426,1.23429,1.50,1.10
2015.07.29 05:42:16.012,1.23425,1.23428,1.00,1.00
2015.07.29 05:42:22.210,1.23425,1.23427,1.00,1.00
2015.07.29 05:42:22.510,1.23424,1.23425,1.00,1.50
2015.07.29 05:42:22.561,1.23421,1.23424,1.50,1.00
2015.07.29 05:42:28.880,1.23421,1.23423,1.00,1.00
2015.07.29 05:42:29.559,1.2342,1.23422,1.00,1.00
2015.07.29 05:42:30.072,1.23419,1.23422,1.00,1.50
2015.07.29 05:42:31.639,1.23419,1.23421,1.00,1.00
2015.07.29 05:42:32.145,1.2342,1.23421,1.00,1.00
2015.07.29 05:42:33.753,1.2342,1.23422,1.00,1.00
2015.07.29 05:42:40.293,1.23419,1.23422,1.00,1.50
2015.07.29 05:42:44.593,1.23419,1.23421,1.00,1.00
2015.07.29 05:42:45.111,1.23418,1.23421,1.00,1.50
2015.07.29 05:42:45.988,1.23417,1.2342,2.25,1.00
2015.07.29 05:42:46.594,1.23418,1.23421,1.00,1.50
2015.07.29 05:42:51.107,1.23419,1.23422,1.00,1.00
2015.07.29 05:42:52.564,1.23418,1.23421,1.00,1.00
2015.07.29 05:42:58.895,1.23419,1.23422,1.00,1.00
2015.07.29 05:43:02.278,1.2342,1.23423,1.00,1.00
2015.07.29 05:43:02.789,1.23419,1.23422,1.00,1.00
2015.07.29 05:43:07.950,1.2342,1.23423,1.00,1.00
2015.07.29 05:43:19.539,1.23419,1.23422,2.25,1.00
2015.07.29 05:43:20.047,1.2342,1.23423,1.00,1.00
2015.07.29 05:43:20.607,1.23419,1.23422,1.50,1.00
2015.07.29 05:43:28.443,1.23418,1.23421,2.25,1.00
2015.07.29 05:43:28.956,1.23419,1.23422,1.00,1.00
2015.07.29 05:43:36.818,1.23421,1.23424,1.50,1.00
2015.07.29 05:43:46.857,1.2342,1.23423,3.00,1.00
2015.07.29 05:43:47.213,1.23419,1.23421,2.25,1.00
2015.07.29 05:43:47.674,1.23418,1.23419,1.00,1.00
2015.07.29 05:43:47.826,1.23419,1.23421,1.00,1.00
2015.07.29 05:43:47.877,1.23418,1.2342,1.50,1.00
2015.07.29 05:43:48.383,1.23417,1.2342,1.00,1.00
2015.07.29 05:43:48.888,1.23416,1.23419,2.25,1.00
2015.07.29 05:43:53.106,1.23415,1.23417,1.00,1.00
2015.07.29 05:43:53.645,1.23416,1.23417,1.00,1.00
2015.07.29 05:43:54.161,1.23415,1.23417,1.00,1.00
2015.07.29 05:43:55.187,1.23414,1.23417,1.50,2.25
2015.07.29 05:43:56.297,1.23414,1.23417,1.00,3.75
2015.07.29 05:43:56.822,1.23414,1.23417,1.00,3.07
2015.07.29 05:44:06.849,1.23411,1.23413,9.75,2.10
2015.07.29 05:44:07.052,1.2341,1.23412,1.00,2.25
2015.07.29 05:44:07.254,1.23409,1.23411,1.87,1.00
2015.07.29 05:44:07.356,1.23406,1.23407,1.10,1.00
2015.07.29 05:44:07.610,1.23407,1.23409,1.00,1.00
2015.07.29 05:44:07.712,1.23407,1.23409,1.00,1.00
2015.07.29 05:44:08.217,1.23408,1.2341,1.00,1.10
2015.07.29 05:44:08.723,1.23408,1.23409,1.00,1.00
2015.07.29 05:44:08.926,1.23409,1.23411,1.00,1.57
2015.07.29 05:44:09.451,1.2341,1.23411,1.00,1.00
2015.07.29 05:44:11.991,1.2341,1.23412,1.00,1.10
2015.07.29 05:44:12.496,1.2341,1.23411,1.00,1.00
2015.07.29 05:44:12.699,1.23411,1.23413,1.50,1.00
2015.07.29 05:44:14.611,1.23411,1.23412,1.50,1.00
2015.07.29 05:44:15.933,1.2341,1.23412,1.50,1.00
2015.07.29 05:44:16.661,1.23411,1.23412,1.00,1.00
2015.07.29 05:44:17.265,1.23411,1.23413,1.00,1.00
2015.07.29 05:44:17.840,1.23411,1.23412,1.00,1.00
2015.07.29 05:44:18.383,1.23411,1.23413,1.50,1.00
2015.07.29 05:44:21.743,1.23412,1.23414,1.00,1.00
2015.07.29 05:44:21.794,1.23413,1.23415,1.50,1.10
2015.07.29 05:44:27.646,1.23411,1.23412,2.25,1.00
2015.07.29 05:44:28.152,1.23412,1.23413,1.00,1.00
2015.07.29 05:44:28.659,1.23413,1.23414,1.00,1.00
2015.07.29 05:44:32.764,1.23412,1.23414,1.50,1.00
2015.07.29 05:44:33.299,1.23413,1.23414,1.00,1.00
2015.07.29 05:44:42.806,1.23412,1.23413,1.00,1.00
2015.07.29 05:44:47.403,1.23411,1.23413,1.00,1.00
2015.07.29 05:44:48.420,1.23411,1.23413,1.00,1.00
2015.07.29 05:45:01.038,1.23411,1.23413,1.00,1.00
2015.07.29 05:45:18.670,1.23411,1.23412,1.00,1.00
2015.07.29 05:45:18.772,1.23409,1.23411,1.00,1.50
2015.07.29 05:45:19.076,1.23408,1.23409,1.00,1.00
2015.07.29 05:45:19.971,1.23408,1.2341,1.00,1.50
2015.07.29 05:45:22.282,1.23408,1.23411,1.00,3.07
2015.07.29 05:45:23.797,1.2341,1.23411,1.00,1.10
2015.07.29 05:45:23.949,1.23411,1.23413,1.50,1.57
2015.07.29 05:45:24.524,1.23412,1.23415,1.00,1.57
2015.07.29 05:45:24.575,1.23413,1.23415,1.00,1.10
2015.07.29 05:45:28.086,1.23412,1.23415,1.00,1.10
2015.07.29 05:45:28.674,1.23413,1.23416,1.00,1.87
2015.07.29 05:45:31.392,1.23412,1.23415,1.50,1.10
2015.07.29 05:45:31.897,1.23413,1.23416,1.50,1.57
2015.07.29 05:45:35.303,1.23414,1.23417,1.00,4.12
2015.07.29 05:45:36.799,1.23413,1.23416,1.00,1.57
2015.07.29 05:45:37.402,1.23414,1.23416,1.00,1.10
2015.07.29 05:45:37.969,1.23413,1.23416,1.00,1.57
2015.07.29 05:45:43.531,1.23413,1.23416,1.00,3.00
2015.07.29 05:45:48.410,1.23413,1.23416,1.00,1.50
2015.07.29 05:45:50.596,1.23414,1.23417,1.00,1.50
2015.07.29 05:46:03.739,1.23414,1.23417,1.00,1.50
2015.07.29 05:46:08.082,1.23415,1.23418,1.00,4.05
2015.07.29 05:46:09.311,1.23415,1.23418,1.00,3.07
2015.07.29 05:46:10.354,1.23415,1.23418,4.75,2.32
2015.07.29 05:46:14.765,1.23419,1.23421,1.00,2.10
2015.07.29 05:46:14.867,1.2342,1.23421,1.00,1.00
2015.07.29 05:46:14.968,1.23422,1.23423,1.50,1.05
2015.07.29 05:46:15.284,1.23423,1.23424,1.50,1.00
2015.07.29 05:46:15.790,1.23423,1.23425,1.00,1.20
2015.07.29 05:46:16.295,1.23422,1.23424,1.00,1.00
2015.07.29 05:46:16.803,1.23422,1.23424,1.00,1.10
2015.07.29 05:46:17.309,1.23422,1.23425,1.00,2.62
2015.07.29 05:46:23.248,1.23423,1.23425,1.00,1.10
2015.07.29 05:46:29.578,1.23423,1.23425,1.00,1.57
2015.07.29 05:46:34.988,1.23423,1.23425,1.50,1.57
2015.07.29 05:46:43.804,1.23423,1.23425,1.00,1.57
2015.07.29 05:46:46.875,1.23424,1.23426,4.50,1.12
2015.07.29 05:46:47.381,1.23425,1.23427,1.00,1.12
2015.07.29 05:46:47.585,1.23426,1.23428,1.00,1.10
2015.07.29 05:46:47.825,1.23427,1.23429,1.00,2.47
2015.07.29 05:46:50.092,1.23427,1.23429,1.00,2.10
2015.07.29 05:46:50.599,1.23425,1.23427,1.00,1.50
2015.07.29 05:46:52.818,1.23425,1.23426,1.50,1.00
2015.07.29 05:46:54.726,1.23425,1.23427,1.00,1.50
2015.07.29 05:46:54.827,1.23424,1.23426,1.00,1.50
2015.07.29 05:47:15.572,1.23423,1.23424,1.50,1.00
2015.07.29 05:47:21.439,1.23424,1.23425,1.00,1.00
2015.07.29 05:47:22.727,1.23423,1.23424,1.50,1.00
2015.07.29 05:47:22.778,1.23422,1.23424,1.00,1.00
2015.07.29 05:47:23.284,1.23421,1.23424,1.00,1.50
2015.07.29 05:47:32.850,1.23421,1.23423,1.00,1.50
2015.07.29 05:47:33.003,1.23419,1.23422,1.00,2.32
2015.07.29 05:47:33.508,1.23418,1.2342,1.00,1.00
2015.07.29 05:47:34.032,1.23417,1.2342,1.87,1.50
2015.07.29 05:47:38.616,1.23416,1.23419,2.25,1.87
2015.07.29 05:47:39.121,1.23415,1.23417,1.00,1.57
2015.07.29 05:47:39.651,1.23414,1.23417,1.00,2.32
2015.07.29 05:47:55.109,1.23415,1.23418,1.00,2.32
2015.07.29 05:48:13.195,1.23417,1.23418,1.00,1.50
2015.07.29 05:48:13.246,1.23418,1.2342,1.50,1.57
2015.07.29 05:48:13.297,1.2342,1.23421,1.00,3.00
2015.07.29 05:48:13.348,1.2342,1.23423,1.50,1.57
2015.07.29 05:48:13.651,1.23422,1.23423,1.00,1.00
2015.07.29 05:48:13.803,1.23423,1.23426,1.57,1.00
2015.07.29 05:48:14.046,1.23425,1.23428,1.00,1.00
2015.07.29 05:48:14.451,1.23423,1.23426,1.00,1.10
2015.07.29 05:48:14.806,1.23422,1.23425,1.00,1.12
2015.07.29 05:48:17.118,1.23423,1.23425,1.00,1.12
2015.07.29 05:48:17.422,1.23424,1.23427,2.25,1.50
2015.07.29 05:48:17.676,1.23426,1.23429,1.00,2.62
2015.07.29 05:48:18.191,1.23426,1.23429,1.00,1.87
2015.07.29 05:48:20.727,1.23426,1.23429,1.50,1.50
2015.07.29 05:48:23.157,1.23425,1.23428,2.25,1.10
2015.07.29 05:48:25.154,1.23426,1.23428,1.00,1.00
2015.07.29 05:48:25.558,1.23427,1.2343,1.50,1.10
2015.07.29 05:48:25.659,1.2343,1.23431,1.00,1.00
2015.07.29 05:48:25.812,1.23429,1.23432,1.50,1.00
2015.07.29 05:48:36.215,1.23429,1.23431,2.25,1.00
2015.07.29 05:48:36.721,1.2343,1.23431,1.00,1.50
2015.07.29 05:48:37.381,1.2343,1.23432,1.00,2.25
2015.07.29 05:48:37.483,1.2343,1.23431,1.00,1.00
2015.07.29 05:48:37.534,1.23432,1.23433,1.50,3.82
2015.07.29 05:48:37.892,1.23435,1.23437,1.00,1.00
2015.07.29 05:48:38.096,1.23437,1.23438,1.00,1.00
2015.07.29 05:48:38.299,1.23437,1.2344,2.25,1.10
2015.07.29 05:48:38.941,1.23438,1.2344,1.00,1.00
2015.07.29 05:48:39.455,1.23439,1.23441,1.50,1.00
2015.07.29 05:48:39.607,1.23439,1.23442,2.25,1.10
2015.07.29 05:48:40.478,1.23439,1.23441,1.00,1.00
2015.07.29 05:48:41.022,1.23439,1.23442,2.25,1.10
2015.07.29 05:48:47.078,1.23439,1.23441,1.50,1.00
2015.07.29 05:48:47.426,1.23437,1.2344,2.25,1.00
2015.07.29 05:48:49.920,1.23439,1.2344,1.00,1.10
2015.07.29 05:48:52.513,1.23437,1.23439,1.00,1.00
2015.07.29 05:48:53.431,1.23436,1.23439,1.00,1.10
2015.07.29 05:48:53.835,1.23435,1.23437,1.00,1.00
2015.07.29 05:48:54.038,1.23432,1.23435,1.00,1.00
2015.07.29 05:48:54.543,1.23432,1.23435,1.00,2.62
2015.07.29 05:48:55.187,1.23431,1.23434,1.00,1.57
2015.07.29 05:48:55.700,1.2343,1.23433,1.00,2.25
2015.07.29 05:48:55.903,1.23429,1.23431,1.00,1.50
2015.07.29 05:48:55.954,1.23427,1.2343,2.25,1.00
2015.07.29 05:48:56.106,1.23426,1.23428,1.50,1.00
2015.07.29 05:48:56.556,1.23423,1.23426,1.00,1.00
2015.07.29 05:48:59.506,1.23424,1.23426,1.00,1.00
2015.07.29 05:49:00.215,1.23425,1.23428,1.00,3.00
2015.07.29 05:49:01.130,1.23427,1.23428,1.00,1.00
2015.07.29 05:49:01.181,1.23427,1.23429,1.00,1.10
2015.07.29 05:49:01.283,1.23428,1.23431,1.00,3.07
2015.07.29 05:49:01.637,1.23429,1.23432,1.00,1.87
2015.07.29 05:49:03.715,1.23429,1.23432,1.00,2.62
2015.07.29 05:49:06.631,1.23428,1.23431,1.00,1.57
2015.07.29 05:49:07.137,1.23428,1.23431,1.50,2.25
2015.07.29 05:49:07.441,1.2343,1.23432,1.00,1.12
2015.07.29 05:49:14.564,1.23428,1.23431,1.50,1.10
2015.07.29 05:49:14.919,1.23427,1.2343,1.00,2.25
2015.07.29 05:49:15.431,1.23426,1.23429,2.25,1.57
2015.07.29 05:49:15.970,1.23426,1.23428,1.00,1.00
2015.07.29 05:49:17.476,1.23425,1.23428,1.00,2.32
2015.07.29 05:49:18.484,1.23426,1.23428,1.00,1.10
2015.07.29 05:49:18.990,1.23425,1.23428,1.00,1.57
2015.07.29 05:49:23.502,1.23426,1.23428,1.00,1.57
2015.07.29 05:49:29.919,1.23425,1.23428,1.50,2.25
2015.07.29 05:49:30.078,1.23424,1.23427,1.00,1.50
2015.07.29 05:49:34.600,1.23425,1.23428,1.00,3.75
2015.07.29 05:49:36.214,1.23424,1.23427,2.25,1.50
2015.07.29 05:49:36.560,1.23427,1.23429,1.00,1.87
2015.07.29 05:49:37.066,1.23428,1.23431,1.00,2.25
2015.07.29 05:49:37.167,1.23429,1.23432,1.00,3.37
2015.07.29 05:49:37.694,1.2343,1.23433,1.50,2.25
2015.07.29 05:49:37.910,1.23431,1.23433,1.00,1.10
2015.07.29 05:49:38.165,1.23434,1.23437,1.50,2.25
2015.07.29 05:49:38.368,1.23435,1.23438,1.50,1.57
2015.07.29 05:49:46.115,1.23434,1.23437,1.00,1.00
2015.07.29 05:49:46.621,1.23433,1.23436,1.00,1.50
2015.07.29 05:49:51.636,1.23432,1.23435,1.00,1.00
2015.07.29 05:49:52.142,1.23431,1.23434,1.00,1.00
2015.07.29 05:49:52.801,1.2343,1.23433,2.25,1.00
2015.07.29 05:49:53.394,1.23431,1.23434,1.00,1.00
2015.07.29 05:49:54.831,1.2343,1.23433,1.00,1.00
2015.07.29 05:49:57.390,1.2343,1.23432,1.00,1.00
2015.07.29 05:49:57.441,1.23428,1.23431,1.00,1.00
2015.07.29 05:49:57.923,1.23426,1.23429,1.00,1.00
2015.07.29 05:50:00.470,1.23426,1.23429,1.00,2.25
2015.07.29 05:50:00.622,1.23424,1.23427,1.50,1.00
2015.07.29 05:50:03.961,1.23424,1.23426,1.00,1.00
2015.07.29 05:50:04.490,1.23423,1.23425,1.00,1.00
2015.07.29 05:50:21.391,1.23424,1.23425,1.00,1.00
2015.07.29 05:50:21.846,1.23425,1.23427,1.00,1.00
2015.07.29 05:50:22.303,1.23426,1.23429,1.50,1.12
2015.07.29 05:50:22.809,1.23426,1.23428,1.50,1.00
2015.07.29 05:50:24.853,1.23426,1.23429,1.50,1.00
2015.07.29 05:50:32.948,1.23426,1.23428,1.00,1.00
2015.07.29 05:50:33.453,1.23425,1.23428,1.00,2.32
2015.07.29 05:50:34.019,1.23425,1.23427,1.00,1.00
2015.07.29 05:50:34.070,1.23423,1.23426,2.25,1.00
2015.07.29 05:50:47.872,1.23423,1.23425,1.50,1.50
2015.07.29 05:50:48.381,1.23423,1.23424,1.00,1.00
2015.07.29 05:51:03.540,1.23422,1.23424,1.00,1.00
2015.07.29 05:51:08.555,1.23422,1.23424,1.50,1.00
2015.07.29 05:51:09.962,1.23422,1.23425,1.50,3.75
2015.07.29 05:51:10.468,1.23423,1.23425,1.00,2.50
2015.07.29 05:51:11.211,1.23422,1.23424,1.00,1.50
2015.07.29 05:51:11.801,1.23422,1.23424,1.00,1.00
2015.07.29 05:51:15.161,1.23423,1.23425,1.00,1.00
2015.07.29 05:51:15.633,1.23424,1.23427,2.25,1.00
2015.07.29 05:51:16.464,1.23424,1.23427,2.25,1.00
2015.07.29 05:51:17.029,1.23425,1.23427,1.00,1.00
2015.07.29 05:51:18.141,1.23425,1.23427,1.00,1.00
2015.07.29 05:51:18.997,1.23425,1.23428,1.50,1.10
2015.07.29 05:51:22.874,1.23426,1.23428,1.00,1.10
2015.07.29 05:51:27.590,1.23425,1.23428,2.25,1.00
2015.07.29 05:51:29.697,1.23426,1.23428,1.00,1.00
2015.07.29 05:51:30.363,1.23426,1.23429,2.25,1.00
2015.07.29 05:51:41.068,1.23426,1.23429,2.25,2.85
2015.07.29 05:51:41.220,1.23424,1.23427,1.00,1.10
2015.07.29 05:51:41.271,1.23423,1.23425,1.50,1.00
2015.07.29 05:51:41.785,1.23423,1.23424,1.00,1.00
2015.07.29 05:51:43.433,1.23423,1.23425,1.50,1.50
2015.07.29 05:52:03.126,1.23423,1.23424,1.00,1.00
2015.07.29 05:52:03.666,1.23423,1.23425,1.00,1.00
2015.07.29 05:52:24.653,1.23424,1.23425,1.00,1.00
2015.07.29 05:52:24.805,1.23425,1.23427,1.00,1.10
2015.07.29 05:52:25.158,1.23427,1.2343,1.00,4.35
2015.07.29 05:52:25.663,1.23426,1.23428,1.00,1.00
2015.07.29 05:52:25.966,1.23424,1.23426,1.00,1.00
2015.07.29 05:52:26.654,1.23423,1.23424,1.00,1.00
2015.07.29 05:52:26.907,1.2342,1.23422,1.50,1.00
2015.07.29 05:52:27.262,1.23421,1.23424,1.00,2.32
2015.07.29 05:52:33.116,1.23422,1.23424,1.00,1.10
2015.07.29 05:52:33.318,1.23424,1.23426,1.00,1.12
2015.07.29 05:52:33.471,1.23425,1.23428,1.50,1.57
2015.07.29 05:52:33.977,1.23426,1.23429,1.50,1.10
2015.07.29 05:52:39.773,1.23426,1.23428,1.00,1.00
2015.07.29 05:52:40.279,1.23425,1.23428,1.00,1.10
2015.07.29 05:52:40.829,1.23424,1.23427,2.25,1.00
2015.07.29 05:52:41.483,1.23423,1.23426,3.00,1.00
2015.07.29 05:52:43.080,1.23423,1.23425,1.00,1.00
2015.07.29 05:52:43.586,1.23422,1.23425,1.50,1.00
2015.07.29 05:52:47.335,1.23422,1.23425,1.00,1.12
2015.07.29 05:52:47.885,1.23422,1.23425,1.50,1.10
2015.07.29 05:52:49.477,1.23422,1.23424,1.00,1.00
2015.07.29 05:52:52.121,1.23423,1.23426,1.00,1.10
2015.07.29 05:52:53.214,1.23424,1.23427,1.00,1.12
2015.07.29 05:52:53.720,1.23423,1.23426,1.50,1.10
2015.07.29 05:52:57.633,1.23422,1.23425,1.50,1.00
2015.07.29 05:53:01.002,1.23421,1.23424,1.00,1.10
2015.07.29 05:53:03.846,1.23421,1.23425,1.00,2.47
2015.07.29 05:53:21.638,1.23422,1.23425,1.00,1.57
2015.07.29 05:53:24.210,1.23421,1.23425,1.00,2.25
2015.07.29 05:53:25.294,1.23421,1.23425,1.00,1.87
2015.07.29 05:53:29.168,1.23421,1.23423,1.00,1.00
2015.07.29 05:53:29.723,1.2342,1.23423,3.07,1.00
2015.07.29 05:53:35.477,1.23422,1.23424,1.00,1.10
2015.07.29 05:53:35.629,1.23423,1.23426,2.32,1.00
2015.07.29 05:53:35.882,1.23425,1.23428,1.00,1.95
2015.07.29 05:53:36.388,1.23426,1.23429,1.00,1.00
2015.07.29 05:53:37.796,1.23425,1.23428,2.32,1.00
2015.07.29 05:53:38.303,1.23426,1.23429,1.00,1.00
2015.07.29 05:53:39.980,1.23425,1.23428,2.32,1.00
2015.07.29 05:53:44.487,1.23426,1.23429,1.00,2.32
2015.07.29 05:53:44.893,1.23428,1.23431,1.50,1.57
2015.07.29 05:53:45.196,1.23429,1.23432,1.12,1.00
2015.07.29 05:53:50.793,1.2343,1.23433,1.10,1.50
2015.07.29 05:53:51.299,1.23431,1.23434,2.32,1.00
2015.07.29 05:53:51.806,1.23432,1.23435,1.50,1.00
2015.07.29 05:53:54.932,1.23431,1.23434,1.57,1.00
2015.07.29 05:53:59.224,1.2343,1.23433,1.10,1.00
2015.07.29 05:54:03.838,1.23429,1.23432,2.32,1.00
2015.07.29 05:54:09.942,1.23429,1.23431,1.10,1.00
2015.07.29 05:54:10.500,1.23428,1.23431,2.32,1.00
2015.07.29 05:54:16.443,1.23429,1.23431,1.00,1.50
2015.07.29 05:54:16.950,1.2343,1.23432,1.00,1.00
2015.07.29 05:54:19.862,1.23429,1.2343,1.10,1.00
2015.07.29 05:54:19.963,1.23427,1.23429,1.00,1.00
2015.07.29 05:54:20.732,1.23428,1.23429,1.50,1.00
2015.07.29 05:54:20.884,1.23429,1.23431,1.00,1.00
2015.07.29 05:54:21.440,1.23429,1.23432,2.25,2.25
2015.07.29 05:54:29.132,1.23429,1.23431,2.25,1.00
2015.07.29 05:54:32.837,1.23429,1.23432,1.50,1.50
2015.07.29 05:54:34.858,1.23429,1.23431,1.50,1.00
2015.07.29 05:54:35.364,1.23427,1.2343,3.00,1.00
2015.07.29 05:54:35.668,1.23425,1.23428,2.62,1.00
2015.07.29 05:54:36.210,1.23427,1.2343,1.00,1.12
2015.07.29 05:54:41.491,1.23428,1.23431,1.00,1.50
2015.07.29 05:54:42.298,1.23428,1.23431,1.00,1.12
2015.07.29 05:54:47.413,1.23429,1.23432,1.00,2.25
2015.07.29 05:54:47.923,1.23429,1.23432,1.00,1.12
2015.07.29 05:54:48.583,1.23429,1.23432,2.25,1.57
2015.07.29 05:54:49.765,1.23431,1.23433,1.00,1.10
2015.07.29 05:54:50.675,1.23431,1.23434,2.25,1.50
2015.07.29 05:54:51.279,1.23432,1.23434,1.00,1.50
2015.07.29 05:54:57.379,1.23432,1.23435,2.25,2.10
2015.07.29 05:54:57.683,1.23434,1.23437,1.50,1.10
2015.07.29 05:54:58.189,1.23435,1.23438,2.25,1.10
2015.07.29 05:54:59.461,1.23436,1.23438,1.00,1.10
2015.07.29 05:55:22.580,1.23437,1.23439,1.00,1.72
2015.07.29 05:55:46.889,1.23436,1.23439,1.00,1.72
2015.07.29 05:56:00.242,1.23435,1.23438,1.00,1.10
2015.07.29 05:56:01.579,1.23435,1.23438,1.00,1.12
2015.07.29 05:56:09.434,1.23436,1.23438,1.00,1.10
2015.07.29 05:56:10.346,1.23436,1.23438,1.00,1.10
2015.07.29 05:56:10.893,1.23436,1.23438,1.50,1.10
2015.07.29 05:56:11.493,1.23437,1.23438,1.00,1.10
2015.07.29 05:57:00.544,1.23436,1.23439,1.50,1.12
2015.07.29 05:57:03.973,1.23435,1.23438,1.50,2.32
2015.07.29 05:57:04.277,1.23435,1.23436,1.00,1.50
2015.07.29 05:57:09.260,1.23434,1.23436,1.00,1.57
2015.07.29 05:57:09.463,1.2343,1.23433,2.25,1.00
2015.07.29 05:57:10.668,1.23429,1.23432,1.50,1.10
2015.07.29 05:57:15.832,1.2343,1.23433,1.00,3.37
2015.07.29 05:57:16.528,1.23432,1.23433,1.00,1.12
2015.07.29 05:57:16.731,1.23434,1.23437,2.25,1.50
2015.07.29 05:57:16.933,1.23435,1.23438,2.25,1.10
2015.07.29 05:57:17.437,1.23436,1.23439,1.00,1.10
2015.07.29 05:57:20.249,1.23435,1.23438,2.25,1.00
2015.07.29 05:57:27.355,1.23436,1.23439,1.00,1.42
2015.07.29 05:57:29.153,1.23435,1.23438,1.50,1.00
2015.07.29 05:57:29.668,1.23436,1.23439,1.00,2.17
2015.07.29 05:57:32.786,1.23435,1.23438,1.50,1.00
2015.07.29 05:57:33.292,1.23435,1.23438,1.50,1.12
2015.07.29 05:57:38.003,1.23436,1.23439,1.00,3.00
2015.07.29 05:57:38.554,1.23437,1.23439,1.00,1.50
2015.07.29 05:57:42.385,1.23436,1.23439,1.00,3.60
2015.07.29 05:57:44.599,1.23436,1.23439,1.00,1.50
2015.07.29 05:57:47.328,1.23436,1.23437,1.00,1.00
2015.07.29 05:58:00.455,1.23435,1.23437,1.00,1.57
2015.07.29 05:58:01.110,1.23435,1.23438,1.00,1.12
2015.07.29 05:58:02.327,1.23436,1.23439,1.00,4.12
2015.07.29 05:58:06.147,1.23436,1.23439,4.50,2.10
2015.07.29 05:58:06.688,1.23437,1.23439,1.00,2.77
2015.07.29 05:58:07.042,1.23436,1.23439,1.00,4.27
2015.07.29 05:58:07.587,1.23436,1.23439,1.00,2.02
2015.07.29 05:58:08.094,1.23436,1.23439,1.00,3.52
2015.07.29 05:58:09.638,1.23436,1.23438,1.00,1.12
2015.07.29 05:58:10.831,1.23435,1.23438,1.50,2.62
2015.07.29 05:58:12.154,1.23436,1.23439,1.00,3.37
2015.07.29 05:58:17.680,1.23437,1.2344,1.00,3.00
2015.07.29 05:58:23.785,1.23437,1.23439,1.00,1.12
2015.07.29 05:58:27.499,1.23437,1.2344,4.50,2.10
2015.07.29 05:58:27.804,1.23438,1.2344,1.00,1.00
2015.07.29 05:58:28.619,1.23439,1.23441,1.00,1.10
2015.07.29 05:58:28.873,1.2344,1.23443,1.00,2.32
2015.07.29 05:58:29.075,1.23441,1.23443,1.00,1.10
2015.07.29 05:58:29.601,1.23442,1.23444,1.00,1.10
2015.07.29 05:58:30.244,1.23443,1.23445,1.00,2.17
2015.07.29 05:58:30.693,1.23441,1.23442,1.00,1.00
2015.07.29 05:58:31.200,1.23441,1.23442,1.50,1.10
2015.07.29 05:58:32.301,1.23439,1.23441,8.25,1.35
2015.07.29 05:58:32.352,1.23439,1.23441,6.75,3.60
2015.07.29 05:58:32.403,1.23436,1.23437,3.75,1.50
2015.07.29 05:58:32.454,1.23436,1.23437,1.00,1.50
2015.07.29 05:58:32.607,1.23432,1.23438,9.75,1.75
2015.07.29 05:58:32.759,1.23436,1.23439,1.50,2.25
2015.07.29 05:58:32.963,1.23437,1.2344,1.00,1.50
2015.07.29 05:58:33.014,1.23438,1.2344,1.00,1.00
2015.07.29 05:58:33.537,1.23438,1.23441,1.00,1.95
2015.07.29 05:58:35.638,1.23438,1.2344,1.00,1.00
2015.07.29 05:58:36.164,1.23436,1.2344,5.25,2.10
2015.07.29 05:58:38.010,1.23436,1.23438,1.00,1.12
2015.07.29 05:58:38.061,1.23435,1.23438,1.50,1.12
2015.07.29 05:58:39.212,1.23434,1.23437,1.50,1.10
2015.07.29 05:58:40.425,1.23433,1.23436,1.50,1.00
2015.07.29 05:58:40.779,1.23433,1.23436,1.00,1.75
2015.07.29 05:58:42.103,1.23435,1.23436,1.00,1.50
2015.07.29 05:58:42.205,1.23435,1.23437,1.50,1.50
2015.07.29 05:58:42.306,1.23437,1.23438,3.75,1.50
2015.07.29 05:58:42.408,1.23437,1.23439,1.00,1.12
2015.07.29 05:58:42.510,1.23436,1.23439,1.50,1.12
2015.07.29 05:58:43.016,1.23436,1.23439,1.00,1.00
2015.07.29 05:58:43.067,1.23436,1.23437,1.00,1.00
2015.07.29 05:58:43.169,1.2343,1.23433,1.87,1.50
2015.07.29 05:58:43.271,1.23432,1.23435,1.00,1.87
2015.07.29 05:58:43.817,1.23433,1.23436,1.00,1.00
2015.07.29 05:58:45.015,1.23436,1.23437,1.35,2.32
2015.07.29 05:58:45.358,1.23441,1.23443,3.00,1.12
2015.07.29 05:58:45.865,1.23442,1.23443,1.50,1.00
2015.07.29 05:58:47.215,1.23442,1.23444,1.00,1.10
2015.07.29 05:58:47.468,1.23441,1.23442,1.00,1.10
2015.07.29 05:58:47.519,1.23439,1.23442,1.50,1.57
2015.07.29 05:58:50.988,1.23439,1.23441,1.00,1.00
2015.07.29 05:58:51.588,1.23438,1.2344,1.00,1.00
2015.07.29 05:58:52.139,1.23438,1.23441,1.00,1.00
2015.07.29 05:58:52.961,1.23439,1.23442,1.00,3.82
2015.07.29 05:58:53.466,1.2344,1.23443,1.00,4.12
2015.07.29 05:58:53.971,1.23441,1.23443,1.00,1.87
2015.07.29 05:58:56.159,1.2344,1.23442,1.50,1.10
2015.07.29 05:58:58.161,1.23439,1.23442,1.50,1.57
2015.07.29 05:58:59.370,1.23439,1.23441,1.00,1.00
2015.07.29 05:58:59.877,1.23438,1.23441,1.00,1.50
2015.07.29 05:59:00.638,1.23438,1.23441,1.00,1.57
2015.07.29 05:59:01.143,1.23438,1.2344,1.00,1.00
2015.07.29 05:59:02.102,1.23438,1.23441,1.00,1.57
2015.07.29 05:59:02.620,1.23439,1.2344,1.00,1.00
2015.07.29 05:59:03.134,1.23439,1.23441,1.00,1.10
2015.07.29 05:59:03.775,1.23439,1.23442,1.00,3.00
2015.07.29 05:59:06.657,1.23439,1.23441,1.00,2.92
2015.07.29 05:59:06.961,1.23436,1.23439,4.75,2.10
2015.07.29 05:59:07.579,1.23437,1.2344,1.50,4.35
2015.07.29 05:59:13.044,1.23436,1.23439,1.50,2.47
2015.07.29 05:59:16.382,1.23436,1.23439,1.00,4.12
2015.07.29 05:59:16.686,1.23435,1.23439,1.50,4.50
2015.07.29 05:59:17.191,1.23435,1.23438,1.00,2.25
2015.07.29 05:59:20.161,1.23434,1.23436,1.00,1.57
2015.07.29 05:59:21.729,1.23435,1.23438,1.00,4.50
2015.07.29 05:59:21.780,1.23435,1.23438,1.00,1.57
2015.07.29 05:59:27.685,1.23435,1.23438,1.00,3.67
2015.07.29 05:59:27.787,1.23433,1.23435,1.00,1.35
2015.07.29 05:59:27.888,1.23431,1.23434,1.50,1.00
2015.07.29 05:59:29.480,1.2343,1.23433,1.50,1.00
2015.07.29 05:59:30.378,1.23429,1.23432,1.50,1.00
2015.07.29 05:59:31.540,1.2343,1.23433,1.00,2.32
2015.07.29 05:59:32.213,1.23431,1.23434,1.00,1.10
2015.07.29 05:59:33.907,1.23434,1.23435,1.00,1.50
2015.07.29 05:59:34.009,1.23434,1.23436,1.00,1.00
2015.07.29 05:59:34.519,1.23435,1.23438,1.00,1.87
2015.07.29 05:59:35.467,1.23434,1.23437,1.00,1.10
2015.07.29 05:59:38.185,1.23435,1.23437,1.00,1.10
2015.07.29 05:59:38.979,1.23435,1.23438,1.50,1.10
2015.07.29 05:59:39.893,1.23434,1.23437,1.50,1.00
2015.07.29 05:59:40.817,1.23434,1.23436,1.50,1.00
2015.07.29 05:59:41.070,1.23432,1.23435,1.50,1.10
2015.07.29 05:59:41.374,1.23431,1.23433,1.00,1.00
2015.07.29 05:59:42.024,1.23431,1.23434,1.00,1.10
2015.07.29 05:59:43.828,1.23432,1.23435,1.00,1.10
2015.07.29 05:59:46.890,1.23431,1.23434,1.50,1.00
2015.07.29 05:59:47.710,1.23432,1.23435,1.00,1.50
2015.07.29 05:59:48.802,1.23431,1.23434,1.50,1.10
2015.07.29 05:59:51.607,1.23431,1.23434,1.00,1.50
2015.07.29 05:59:55.347,1.23428,1.23435,4.20,1.75
2015.07.29 05:59:59.315,1.23428,1.23435,4.20,1.12
2015.07.29 05:59:59.833,1.23428,1.23435,3.75,2.62
