2012.10.11 12:00:01.558,0.78358,0.78365,6.23,2.25
2012.10.11 12:00:02.081,0.78358,0.78367,6.23,1.80
2012.10.11 12:00:06.514,0.78359,0.78365,5.48,1.50
2012.10.11 12:00:07.028,0.78362,0.78368,1.73,1.05
2012.10.11 12:00:08.068,0.78363,0.78369,3.23,1.05
2012.10.11 12:00:08.528,0.78363,0.78369,2.48,1.80
2012.10.11 12:00:09.407,0.78363,0.78369,3.23,1.80
2012.10.11 12:00:09.941,0.78361,0.78369,2.25,1.80
2012.10.11 12:00:11.258,0.78363,0.78371,3.23,2.11
2012.10.11 12:00:11.379,0.78364,0.7837,1.50,1.05
2012.10.11 12:00:11.620,0.78362,0.7837,3.75,1.50
2012.10.11 12:00:12.397,0.78362,0.78369,3.98,1.50
2012.10.11 12:00:23.869,0.78363,0.7837,1.73,1.50
2012.10.11 12:00:26.830,0.78364,0.78371,1.73,1.50
2012.10.11 12:00:27.018,0.78364,0.78372,2.25,3.00
2012.10.11 12:00:27.220,0.78363,0.78368,2.25,1.50
2012.10.11 12:00:27.788,0.78363,0.78369,2.48,1.50
2012.10.11 12:00:38.733,0.78363,0.78369,1.73,1.50
2012.10.11 12:00:58.732,0.78362,0.78368,3.23,1.73
2012.10.11 12:01:03.808,0.78362,0.78368,3.23,1.73
2012.10.11 12:01:06.217,0.78362,0.78368,1.50,1.73
2012.10.11 12:01:06.400,0.78361,0.78366,2.25,1.73
2012.10.11 12:01:06.459,0.78361,0.78368,2.48,1.50
2012.10.11 12:01:06.518,0.78363,0.7837,5.48,4.35
2012.10.11 12:01:06.639,0.78363,0.78368,1.50,2.48
2012.10.11 12:01:08.079,0.78362,0.78368,1.50,2.25
2012.10.11 12:01:08.138,0.78363,0.7837,4.50,1.73
2012.10.11 12:02:01.408,0.78365,0.7837,1.50,1.73
2012.10.11 12:02:04.969,0.78363,0.7837,5.25,1.73
2012.10.11 12:02:10.298,0.78365,0.7837,1.50,1.50
2012.10.11 12:02:34.437,0.78363,0.78371,2.25,1.73
2012.10.11 12:02:46.178,0.78362,0.78369,5.25,1.73
2012.10.11 12:03:00.398,0.78363,0.7837,1.50,1.73
2012.10.11 12:03:09.690,0.78363,0.7837,1.50,6.98
2012.10.11 12:03:10.212,0.78362,0.78369,2.25,1.73
2012.10.11 12:03:10.928,0.78363,0.78369,1.50,1.73
2012.10.11 12:03:11.496,0.78364,0.78369,1.50,1.73
2012.10.11 12:03:18.898,0.78362,0.78368,2.25,5.25
2012.10.11 12:03:19.570,0.78363,0.78369,2.25,2.48
2012.10.11 12:03:20.184,0.78363,0.78369,2.25,1.73
2012.10.11 12:03:30.184,0.78364,0.7837,1.50,6.75
2012.10.11 12:03:35.075,0.78364,0.78372,1.73,1.50
2012.10.11 12:03:41.552,0.78364,0.78371,1.73,6.00
2012.10.11 12:04:07.005,0.78363,0.7837,4.73,5.25
2012.10.11 12:04:24.528,0.78365,0.78372,3.23,1.50
2012.10.11 12:04:25.067,0.78365,0.78372,1.73,3.00
2012.10.11 12:04:56.065,0.78364,0.7837,2.25,1.50
2012.10.11 12:04:57.670,0.78363,0.78367,1.50,1.50
2012.10.11 12:04:57.909,0.78363,0.7837,3.00,6.00
2012.10.11 12:05:03.749,0.78362,0.78369,3.75,2.25
2012.10.11 12:05:04.008,0.78363,0.7837,2.25,6.00
2012.10.11 12:05:04.440,0.78362,0.78369,3.00,2.25
2012.10.11 12:05:05.981,0.78362,0.78367,1.50,6.00
2012.10.11 12:05:06.054,0.78362,0.78367,1.73,6.00
2012.10.11 12:05:06.585,0.78361,0.78368,2.25,1.50
2012.10.11 12:05:08.319,0.7836,0.78367,1.50,1.50
2012.10.11 12:05:09.119,0.78359,0.78366,2.48,1.50
2012.10.11 12:05:10.460,0.78363,0.78367,1.69,1.50
2012.10.11 12:05:10.519,0.78363,0.78368,1.93,1.73
2012.10.11 12:05:10.580,0.78365,0.7837,5.25,2.16
2012.10.11 12:05:10.640,0.78365,0.78371,5.25,1.73
2012.10.11 12:05:10.709,0.78366,0.78373,1.73,3.00
2012.10.11 12:05:11.248,0.78365,0.78372,3.23,6.00
2012.10.11 12:05:14.688,0.78364,0.7837,2.25,5.25
2012.10.11 12:05:14.749,0.78363,0.78372,2.48,1.50
2012.10.11 12:05:20.768,0.78365,0.78371,1.73,2.25
2012.10.11 12:05:21.288,0.78365,0.78372,2.48,5.25
2012.10.11 12:05:30.389,0.78365,0.78371,1.50,6.00
2012.10.11 12:05:30.928,0.78363,0.78371,1.73,5.63
2012.10.11 12:05:37.502,0.78362,0.7837,3.00,2.25
2012.10.11 12:05:38.820,0.78362,0.7837,3.98,3.00
2012.10.11 12:05:39.743,0.78361,0.78369,5.33,2.25
2012.10.11 12:05:40.014,0.7836,0.78366,3.00,1.50
2012.10.11 12:05:40.399,0.78359,0.78366,4.73,2.25
2012.10.11 12:05:40.531,0.78358,0.78365,3.00,1.50
2012.10.11 12:05:44.810,0.7836,0.78366,1.73,1.50
2012.10.11 12:05:44.939,0.7836,0.78368,2.48,1.50
2012.10.11 12:05:45.491,0.78361,0.78368,1.50,2.25
2012.10.11 12:05:46.889,0.7836,0.78368,2.25,3.75
2012.10.11 12:06:16.088,0.78359,0.78365,4.73,1.50
2012.10.11 12:06:16.268,0.78359,0.78366,6.23,1.50
2012.10.11 12:06:17.769,0.7836,0.78366,3.75,1.50
2012.10.11 12:06:18.779,0.78359,0.78366,1.73,3.75
2012.10.11 12:06:19.208,0.7836,0.78367,3.75,3.00
2012.10.11 12:06:25.185,0.7836,0.78365,3.00,1.50
2012.10.11 12:06:32.689,0.7836,0.78366,3.75,2.25
2012.10.11 12:06:40.528,0.78362,0.78368,1.50,2.25
2012.10.11 12:06:43.752,0.78363,0.7837,3.75,3.23
2012.10.11 12:06:44.291,0.78363,0.7837,5.48,1.50
2012.10.11 12:06:55.849,0.78362,0.7837,2.48,4.50
2012.10.11 12:06:56.447,0.78362,0.78368,1.73,1.50
2012.10.11 12:06:56.928,0.7836,0.78367,6.75,1.50
2012.10.11 12:06:58.959,0.78361,0.78368,2.48,3.00
2012.10.11 12:06:59.499,0.78361,0.78368,2.48,3.75
2012.10.11 12:06:59.798,0.7836,0.78367,5.48,1.50
2012.10.11 12:07:02.728,0.78362,0.78368,1.73,1.50
2012.10.11 12:07:04.249,0.7836,0.78368,5.48,5.25
2012.10.11 12:07:07.808,0.78362,0.78368,1.95,2.25
2012.10.11 12:07:18.639,0.7836,0.78367,6.23,1.50
2012.10.11 12:07:19.367,0.7836,0.78366,4.50,1.50
2012.10.11 12:07:54.750,0.7836,0.78368,6.23,4.50
2012.10.11 12:07:54.809,0.78362,0.78368,1.73,3.75
2012.10.11 12:07:55.609,0.7836,0.78368,5.48,4.50
2012.10.11 12:08:02.469,0.78359,0.78365,1.50,2.25
2012.10.11 12:08:02.531,0.78358,0.78363,1.50,1.73
2012.10.11 12:08:02.602,0.78356,0.78361,3.60,1.50
2012.10.11 12:08:02.735,0.78356,0.78364,1.73,3.75
2012.10.11 12:08:03.539,0.78357,0.78364,3.98,2.25
2012.10.11 12:08:03.899,0.78358,0.78366,1.73,4.50
2012.10.11 12:08:10.108,0.78358,0.78367,2.48,1.50
2012.10.11 12:08:10.616,0.78357,0.78366,1.50,9.75
2012.10.11 12:08:10.680,0.78357,0.78364,1.73,1.50
2012.10.11 12:08:10.919,0.78355,0.78362,3.98,2.25
2012.10.11 12:08:11.859,0.78356,0.78362,1.50,1.50
2012.10.11 12:08:47.700,0.78356,0.78362,1.73,2.25
2012.10.11 12:08:48.072,0.78357,0.78363,1.73,1.50
2012.10.11 12:08:50.428,0.78356,0.78364,3.98,3.00
2012.10.11 12:08:51.016,0.78356,0.78364,3.23,3.00
2012.10.11 12:08:54.499,0.78356,0.78364,3.23,2.25
2012.10.11 12:09:08.449,0.78357,0.78364,1.73,2.25
2012.10.11 12:09:08.760,0.7836,0.78367,2.25,6.00
2012.10.11 12:09:21.368,0.78359,0.78364,3.98,2.63
2012.10.11 12:09:21.502,0.78358,0.78365,1.73,1.50
2012.10.11 12:09:21.633,0.78358,0.78364,2.48,3.38
2012.10.11 12:09:21.702,0.78359,0.78365,1.73,2.25
2012.10.11 12:09:23.620,0.78358,0.78364,1.73,1.50
2012.10.11 12:09:25.307,0.78357,0.78363,1.50,1.50
2012.10.11 12:09:25.740,0.78359,0.78365,1.73,2.25
2012.10.11 12:09:26.320,0.78359,0.78365,1.50,1.50
2012.10.11 12:09:30.989,0.78358,0.78364,1.50,1.50
2012.10.11 12:09:39.428,0.78358,0.78363,1.73,2.25
2012.10.11 12:09:56.615,0.78359,0.78366,1.73,1.50
2012.10.11 12:09:56.754,0.78358,0.78365,3.98,1.50
2012.10.11 12:09:57.300,0.7836,0.78366,1.50,1.50
2012.10.11 12:09:57.539,0.7836,0.78367,1.73,6.00
2012.10.11 12:09:58.095,0.7836,0.78366,3.00,1.50
2012.10.11 12:09:58.722,0.78362,0.78367,1.73,5.25
2012.10.11 12:10:08.837,0.78362,0.78369,2.48,6.00
2012.10.11 12:10:09.393,0.78362,0.78367,1.73,5.25
2012.10.11 12:10:21.107,0.78362,0.78367,1.73,1.50
2012.10.11 12:10:26.389,0.78362,0.78368,1.73,4.50
2012.10.11 12:10:32.327,0.78362,0.78367,1.73,1.50
2012.10.11 12:10:34.619,0.78362,0.7837,1.73,1.50
2012.10.11 12:10:35.096,0.78363,0.78368,1.73,4.50
2012.10.11 12:10:37.164,0.78362,0.78368,1.73,6.00
2012.10.11 12:10:40.117,0.78363,0.78368,3.23,4.50
2012.10.11 12:10:40.178,0.78364,0.7837,2.25,1.50
2012.10.11 12:10:40.298,0.78365,0.78376,1.73,3.12
2012.10.11 12:10:40.369,0.78366,0.78373,1.50,5.25
2012.10.11 12:10:40.428,0.78367,0.78373,1.73,5.25
2012.10.11 12:10:40.608,0.78368,0.78374,1.43,1.50
2012.10.11 12:10:40.728,0.78368,0.78375,1.73,4.50
2012.10.11 12:10:46.291,0.78368,0.78374,2.25,1.50
2012.10.11 12:10:53.058,0.78369,0.78375,1.73,5.25
2012.10.11 12:11:01.099,0.78372,0.78378,1.50,2.25
2012.10.11 12:11:01.288,0.78378,0.78385,3.98,4.56
2012.10.11 12:11:01.588,0.78382,0.78388,1.43,2.25
2012.10.11 12:11:02.122,0.78382,0.78389,1.73,1.50
2012.10.11 12:11:10.256,0.78382,0.78388,1.73,1.50
2012.10.11 12:11:20.958,0.7838,0.78386,5.25,1.50
2012.10.11 12:11:21.507,0.7838,0.78387,1.50,2.25
2012.10.11 12:11:21.690,0.7838,0.78387,1.73,2.25
2012.10.11 12:11:22.357,0.7838,0.78387,2.48,2.25
2012.10.11 12:11:24.354,0.7838,0.78387,1.73,2.25
2012.10.11 12:11:25.886,0.78379,0.78387,5.10,3.75
2012.10.11 12:11:26.247,0.78379,0.78387,5.10,2.25
2012.10.11 12:11:34.628,0.78378,0.78385,1.73,3.38
2012.10.11 12:11:34.879,0.78376,0.78384,3.98,3.00
2012.10.11 12:11:34.997,0.78376,0.78383,3.38,1.50
2012.10.11 12:11:41.148,0.78375,0.78381,1.73,1.50
2012.10.11 12:11:43.441,0.78374,0.78379,1.50,1.50
2012.10.11 12:11:43.567,0.78374,0.78379,1.73,1.50
2012.10.11 12:11:50.157,0.78373,0.78378,1.50,1.73
2012.10.11 12:11:51.567,0.78372,0.78378,1.73,2.48
2012.10.11 12:11:51.747,0.78371,0.78377,1.50,1.73
2012.10.11 12:11:51.809,0.78369,0.78376,1.73,2.25
2012.10.11 12:11:52.356,0.78369,0.78376,1.73,2.25
2012.10.11 12:12:13.019,0.7837,0.78376,1.50,1.50
2012.10.11 12:12:22.567,0.78368,0.78376,1.73,3.00
2012.10.11 12:12:23.180,0.78367,0.78375,3.98,1.50
2012.10.11 12:12:29.328,0.78367,0.78374,1.73,2.48
2012.10.11 12:12:29.611,0.78367,0.78371,1.50,1.73
2012.10.11 12:12:29.858,0.78363,0.78371,2.25,3.98
2012.10.11 12:12:29.978,0.78361,0.78368,2.48,1.50
2012.10.11 12:12:31.538,0.7836,0.78368,3.23,1.50
2012.10.11 12:12:39.458,0.7836,0.78368,3.23,3.00
2012.10.11 12:12:40.178,0.7836,0.78368,3.23,1.50
2012.10.11 12:12:40.720,0.78361,0.78368,1.73,1.50
2012.10.11 12:12:42.479,0.78362,0.78368,2.25,1.50
2012.10.11 12:12:42.608,0.78368,0.78374,6.83,2.59
2012.10.11 12:12:42.919,0.78372,0.78379,4.35,1.50
2012.10.11 12:12:43.110,0.78373,0.7838,1.73,8.18
2012.10.11 12:12:43.180,0.78375,0.7838,1.73,8.18
2012.10.11 12:12:43.248,0.78375,0.78381,2.48,1.80
2012.10.11 12:12:43.550,0.78376,0.78381,2.48,3.08
2012.10.11 12:12:43.918,0.78379,0.78385,1.73,4.88
2012.10.11 12:12:44.220,0.78383,0.7839,1.73,8.55
2012.10.11 12:12:44.288,0.78386,0.7839,1.35,6.15
2012.10.11 12:12:44.347,0.78387,0.78392,3.00,3.00
2012.10.11 12:12:44.828,0.78387,0.78394,3.00,7.05
2012.10.11 12:12:45.368,0.78386,0.78392,1.50,8.78
2012.10.11 12:12:45.548,0.7838,0.78389,8.85,1.50
2012.10.11 12:12:45.787,0.78381,0.78389,10.78,1.50
2012.10.11 12:12:45.907,0.78387,0.78392,1.50,1.73
2012.10.11 12:12:47.024,0.78385,0.7839,1.50,4.50
2012.10.11 12:12:52.252,0.78383,0.78388,1.50,6.00
2012.10.11 12:12:52.319,0.78382,0.78388,1.73,5.48
2012.10.11 12:12:52.558,0.78381,0.78387,1.73,1.50
2012.10.11 12:12:53.556,0.78381,0.78387,1.50,1.73
2012.10.11 12:12:55.630,0.78382,0.78388,1.50,1.73
2012.10.11 12:12:55.937,0.78386,0.78392,1.50,2.25
2012.10.11 12:12:56.012,0.78385,0.78392,3.00,1.73
2012.10.11 12:12:56.140,0.78385,0.78392,3.98,1.73
2012.10.11 12:13:15.849,0.78386,0.78392,2.25,1.73
2012.10.11 12:13:19.543,0.78385,0.7839,2.48,6.00
2012.10.11 12:13:20.077,0.78383,0.7839,3.75,6.23
2012.10.11 12:13:22.058,0.78385,0.78392,3.00,6.98
2012.10.11 12:13:25.197,0.78387,0.78394,2.25,1.73
2012.10.11 12:13:25.728,0.78387,0.78394,3.98,2.48
2012.10.11 12:13:27.537,0.78387,0.78395,5.33,3.98
2012.10.11 12:13:27.847,0.78391,0.78397,3.75,1.73
2012.10.11 12:13:28.387,0.78392,0.78398,1.50,1.73
2012.10.11 12:13:29.404,0.78392,0.78399,1.73,1.73
2012.10.11 12:13:29.817,0.78392,0.784,5.48,3.23
2012.10.11 12:13:30.118,0.78394,0.78401,1.50,2.48
2012.10.11 12:13:30.179,0.78394,0.78401,1.73,1.50
2012.10.11 12:13:34.677,0.78394,0.784,1.73,1.50
2012.10.11 12:13:36.278,0.78393,0.784,3.23,1.50
2012.10.11 12:13:37.427,0.78393,0.784,3.00,1.73
2012.10.11 12:13:42.778,0.78393,0.78399,1.50,2.48
2012.10.11 12:13:42.898,0.78392,0.78397,2.48,1.50
2012.10.11 12:13:43.138,0.78391,0.78397,2.25,3.23
2012.10.11 12:13:43.770,0.78391,0.78397,2.25,1.73
2012.10.11 12:13:44.397,0.78391,0.78397,2.25,1.73
2012.10.11 12:13:48.517,0.78391,0.78397,1.50,1.73
2012.10.11 12:13:48.769,0.78388,0.78394,3.00,2.25
2012.10.11 12:13:48.889,0.78386,0.78392,1.50,2.48
2012.10.11 12:13:48.949,0.78384,0.78392,2.25,2.48
2012.10.11 12:13:49.608,0.78384,0.78392,3.75,2.85
2012.10.11 12:13:53.137,0.78386,0.78393,1.50,1.73
2012.10.11 12:14:09.292,0.78388,0.78394,3.75,2.25
2012.10.11 12:14:09.361,0.78388,0.78394,3.75,1.73
2012.10.11 12:14:20.798,0.78387,0.78394,3.98,1.73
2012.10.11 12:14:26.101,0.78387,0.78394,3.98,1.73
2012.10.11 12:14:29.788,0.78386,0.78392,1.73,5.25
2012.10.11 12:14:30.028,0.78386,0.78391,1.35,1.50
2012.10.11 12:14:33.728,0.78386,0.78393,3.00,1.73
2012.10.11 12:14:33.849,0.78387,0.78394,3.23,2.48
2012.10.11 12:14:39.180,0.78388,0.78394,1.50,1.73
2012.10.11 12:14:53.724,0.78389,0.78396,3.60,2.25
2012.10.11 12:14:54.280,0.78389,0.78397,3.00,2.48
2012.10.11 12:14:54.777,0.78391,0.78397,1.50,1.50
2012.10.11 12:14:54.897,0.78389,0.78397,3.00,2.48
2012.10.11 12:14:55.678,0.78389,0.78394,1.50,1.73
2012.10.11 12:14:55.738,0.78387,0.78394,2.55,2.48
2012.10.11 12:14:56.097,0.78388,0.78394,4.50,2.48
2012.10.11 12:14:56.397,0.78387,0.78393,1.50,3.00
2012.10.11 12:14:56.518,0.78385,0.78392,3.75,3.00
2012.10.11 12:14:57.705,0.78386,0.78393,2.25,2.48
2012.10.11 12:14:59.813,0.78387,0.78394,4.50,3.00
2012.10.11 12:15:00.130,0.78384,0.78393,4.05,3.98
2012.10.11 12:15:01.202,0.78384,0.78391,1.50,1.73
2012.10.11 12:15:01.268,0.78384,0.78391,2.25,2.25
2012.10.11 12:15:09.321,0.78386,0.78391,1.50,1.50
2012.10.11 12:15:09.898,0.78386,0.78393,1.50,3.23
2012.10.11 12:15:14.708,0.78387,0.78393,5.25,1.50
2012.10.11 12:15:14.888,0.78389,0.78396,1.80,3.98
2012.10.11 12:15:15.427,0.7839,0.78397,1.50,3.98
2012.10.11 12:15:16.978,0.7839,0.78397,3.00,3.00
2012.10.11 12:15:17.159,0.78389,0.78397,3.75,3.23
2012.10.11 12:15:17.537,0.7839,0.78397,1.50,3.75
2012.10.11 12:15:18.078,0.78389,0.78395,1.50,1.73
2012.10.11 12:15:18.138,0.78388,0.78394,1.50,1.73
2012.10.11 12:15:18.568,0.78386,0.78393,2.55,2.48
2012.10.11 12:15:30.730,0.78385,0.78391,2.25,1.50
2012.10.11 12:15:45.109,0.78387,0.78393,1.50,1.73
2012.10.11 12:15:53.267,0.78387,0.78394,2.48,1.73
2012.10.11 12:15:53.727,0.78387,0.78395,4.73,1.50
2012.10.11 12:15:54.088,0.78388,0.78395,1.50,2.48
2012.10.11 12:15:54.208,0.78386,0.78393,4.88,1.50
2012.10.11 12:15:57.077,0.78388,0.78395,1.50,2.48
2012.10.11 12:15:57.589,0.78389,0.78396,3.23,2.48
2012.10.11 12:15:57.948,0.78389,0.78396,2.25,4.73
2012.10.11 12:15:59.778,0.7839,0.78397,1.28,3.98
2012.10.11 12:16:00.317,0.7839,0.78397,1.73,3.98
2012.10.11 12:16:00.878,0.78391,0.78397,1.50,2.48
2012.10.11 12:16:01.201,0.78392,0.78399,3.75,2.48
2012.10.11 12:16:01.724,0.78393,0.78399,1.05,2.48
2012.10.11 12:16:02.158,0.78395,0.78402,2.25,3.98
2012.10.11 12:16:02.707,0.78395,0.78402,1.80,3.23
2012.10.11 12:16:03.243,0.78394,0.78401,2.78,2.25
2012.10.11 12:16:03.864,0.78391,0.78396,4.05,5.25
2012.10.11 12:16:04.724,0.78392,0.78399,1.73,3.98
2012.10.11 12:16:04.799,0.78395,0.78401,1.50,2.25
2012.10.11 12:16:05.108,0.78393,0.784,2.25,5.48
2012.10.11 12:16:05.834,0.78393,0.78399,2.25,1.73
2012.10.11 12:16:10.406,0.78393,0.784,3.00,5.25
2012.10.11 12:16:10.708,0.78396,0.78402,1.50,2.25
2012.10.11 12:16:10.911,0.78392,0.78399,2.03,3.98
2012.10.11 12:16:11.467,0.78394,0.78399,1.73,2.25
2012.10.11 12:16:11.809,0.78394,0.78399,2.48,1.50
2012.10.11 12:16:12.328,0.78394,0.78401,3.23,2.25
2012.10.11 12:16:12.508,0.78395,0.78402,1.50,2.48
2012.10.11 12:16:13.047,0.78396,0.78402,2.25,2.48
2012.10.11 12:16:13.588,0.78399,0.78403,1.50,4.50
2012.10.11 12:16:13.829,0.78403,0.78409,3.00,3.23
2012.10.11 12:16:14.248,0.78401,0.78408,2.48,6.75
2012.10.11 12:16:14.788,0.78401,0.78407,1.50,2.48
2012.10.11 12:16:15.030,0.78397,0.78405,3.75,2.48
2012.10.11 12:16:15.669,0.78402,0.78409,3.00,3.60
2012.10.11 12:16:16.508,0.78401,0.78406,1.50,1.73
2012.10.11 12:16:16.930,0.78401,0.78407,2.25,5.25
2012.10.11 12:16:17.452,0.78402,0.78409,1.50,1.73
2012.10.11 12:16:17.577,0.78402,0.78407,1.50,7.73
2012.10.11 12:16:19.668,0.78399,0.78406,1.50,6.23
2012.10.11 12:16:20.224,0.78399,0.78405,1.50,1.50
2012.10.11 12:16:20.737,0.78398,0.78405,3.75,1.50
2012.10.11 12:16:21.114,0.78402,0.7841,2.25,6.98
2012.10.11 12:16:21.178,0.784,0.78408,3.75,3.00
2012.10.11 12:16:25.718,0.784,0.78407,6.23,1.73
2012.10.11 12:16:26.277,0.78402,0.78408,1.50,3.00
2012.10.11 12:16:31.209,0.78403,0.78409,5.25,1.50
2012.10.11 12:16:31.328,0.78403,0.7841,7.50,1.73
2012.10.11 12:16:31.460,0.78405,0.78411,3.00,1.50
2012.10.11 12:16:31.587,0.78405,0.78412,3.75,2.48
2012.10.11 12:16:32.127,0.78407,0.78413,1.50,1.73
2012.10.11 12:16:39.732,0.78405,0.78412,3.00,2.48
2012.10.11 12:16:39.803,0.78405,0.78411,1.50,1.50
2012.10.11 12:16:40.489,0.78403,0.78409,1.50,1.73
2012.10.11 12:16:41.038,0.78403,0.78408,4.50,1.50
2012.10.11 12:16:41.728,0.78402,0.78407,3.75,2.48
2012.10.11 12:16:42.268,0.78403,0.78408,3.75,2.48
2012.10.11 12:16:58.197,0.78407,0.78413,1.50,1.94
2012.10.11 12:16:58.320,0.78407,0.78411,1.50,1.50
2012.10.11 12:16:58.390,0.78405,0.78411,1.35,1.50
2012.10.11 12:16:58.450,0.78404,0.78411,3.00,3.23
2012.10.11 12:16:58.764,0.78402,0.78408,3.98,1.73
2012.10.11 12:16:59.297,0.78402,0.78406,3.75,1.73
2012.10.11 12:17:01.038,0.78407,0.78411,3.75,4.32
2012.10.11 12:17:01.219,0.78406,0.7841,4.50,1.50
2012.10.11 12:17:01.340,0.78404,0.7841,2.25,2.48
2012.10.11 12:17:02.207,0.78405,0.78411,1.50,1.50
2012.10.11 12:17:02.759,0.78405,0.78412,1.73,1.73
2012.10.11 12:17:03.309,0.78404,0.78411,1.50,1.73
2012.10.11 12:17:09.318,0.78405,0.78412,2.25,1.73
2012.10.11 12:17:09.557,0.78406,0.78413,1.50,2.48
2012.10.11 12:17:10.227,0.78405,0.78412,1.50,1.73
2012.10.11 12:17:12.479,0.78408,0.78413,1.50,1.50
2012.10.11 12:17:12.982,0.78407,0.78413,1.73,3.23
2012.10.11 12:17:13.487,0.78405,0.78413,5.25,3.23
2012.10.11 12:17:15.048,0.78406,0.78414,3.75,3.75
2012.10.11 12:17:15.567,0.78407,0.78415,1.50,5.03
2012.10.11 12:17:16.937,0.78407,0.78413,1.50,1.50
2012.10.11 12:17:17.452,0.78407,0.78413,1.50,2.48
2012.10.11 12:17:19.208,0.78405,0.78413,4.50,3.23
2012.10.11 12:17:19.328,0.78405,0.78411,1.50,2.48
2012.10.11 12:17:19.867,0.78403,0.7841,5.25,1.73
2012.10.11 12:17:24.709,0.78405,0.78411,2.25,2.25
2012.10.11 12:17:25.228,0.78405,0.78411,1.50,2.48
2012.10.11 12:17:31.346,0.78405,0.78411,3.75,1.50
2012.10.11 12:17:31.589,0.78406,0.78412,1.50,1.73
2012.10.11 12:17:38.399,0.78405,0.78412,4.50,3.98
2012.10.11 12:17:40.468,0.78407,0.78412,1.50,1.73
2012.10.11 12:17:40.588,0.78407,0.78415,4.50,4.69
2012.10.11 12:17:49.826,0.78407,0.78415,4.50,3.23
2012.10.11 12:17:51.449,0.78409,0.78415,1.50,1.73
2012.10.11 12:17:51.808,0.78407,0.78414,3.75,3.23
2012.10.11 12:17:53.660,0.78407,0.78415,4.50,3.23
2012.10.11 12:17:56.308,0.78406,0.78414,2.48,2.48
2012.10.11 12:17:56.367,0.78406,0.78414,1.50,2.48
2012.10.11 12:17:56.487,0.78405,0.78413,2.48,1.73
2012.10.11 12:17:58.598,0.78404,0.78412,6.98,3.23
2012.10.11 12:18:01.573,0.78406,0.78411,1.50,1.73
2012.10.11 12:18:10.898,0.78405,0.78411,1.73,2.48
2012.10.11 12:18:11.137,0.78404,0.78411,1.50,2.48
2012.10.11 12:18:13.273,0.78403,0.78408,1.50,1.73
2012.10.11 12:18:13.339,0.78401,0.78408,2.25,2.48
2012.10.11 12:18:13.698,0.78399,0.78404,4.73,1.50
2012.10.11 12:18:14.271,0.784,0.78406,2.48,1.73
2012.10.11 12:18:15.100,0.784,0.78405,1.73,1.50
2012.10.11 12:18:17.305,0.784,0.78405,2.48,1.50
2012.10.11 12:18:19.418,0.784,0.78405,1.73,1.50
2012.10.11 12:18:20.513,0.784,0.78405,2.48,1.50
2012.10.11 12:18:31.639,0.784,0.78405,1.73,1.50
2012.10.11 12:18:31.941,0.78395,0.784,1.13,2.25
2012.10.11 12:18:32.248,0.78392,0.78399,1.50,1.73
2012.10.11 12:18:51.298,0.78392,0.78399,1.50,2.25
2012.10.11 12:18:51.421,0.78393,0.784,4.50,3.98
2012.10.11 12:18:51.609,0.78395,0.784,1.50,1.50
2012.10.11 12:18:51.860,0.78392,0.78399,1.73,2.48
2012.10.11 12:18:51.919,0.78392,0.78398,1.50,1.73
2012.10.11 12:19:52.014,0.7839,0.78398,1.73,6.23
2012.10.11 12:20:00.420,0.78391,0.78398,2.25,6.00
2012.10.11 12:20:00.930,0.78393,0.78398,1.50,5.48
2012.10.11 12:20:01.288,0.78395,0.78401,2.25,6.00
2012.10.11 12:20:02.742,0.78393,0.78398,6.75,5.48
2012.10.11 12:20:03.329,0.78391,0.78397,2.25,1.73
2012.10.11 12:20:04.142,0.78393,0.78398,2.25,1.50
2012.10.11 12:20:04.348,0.78393,0.784,3.75,6.98
2012.10.11 12:20:04.488,0.78393,0.78398,2.25,6.23
2012.10.11 12:20:04.989,0.78391,0.78398,1.50,6.98
2012.10.11 12:20:06.128,0.7839,0.78397,2.48,1.73
2012.10.11 12:20:06.338,0.7839,0.78397,2.48,1.73
2012.10.11 12:20:08.927,0.7839,0.78398,3.23,1.73
2012.10.11 12:20:12.010,0.78389,0.78397,6.23,3.23
2012.10.11 12:20:14.662,0.78391,0.78397,2.25,1.73
2012.10.11 12:20:15.210,0.7839,0.78396,3.23,1.73
2012.10.11 12:20:15.340,0.78388,0.78394,5.10,1.50
2012.10.11 12:20:15.821,0.78387,0.78393,2.25,3.98
2012.10.11 12:20:16.097,0.78386,0.78393,1.50,3.98
2012.10.11 12:20:27.469,0.78384,0.78391,3.23,1.50
2012.10.11 12:20:27.590,0.78386,0.78392,1.50,1.73
2012.10.11 12:20:28.989,0.78389,0.78393,1.50,1.50
2012.10.11 12:20:29.182,0.78389,0.78395,1.50,1.73
2012.10.11 12:20:29.491,0.78386,0.78393,3.00,1.73
2012.10.11 12:20:32.719,0.78386,0.78392,1.50,1.73
2012.10.11 12:20:33.035,0.78384,0.78392,3.00,4.73
2012.10.11 12:20:37.070,0.78384,0.78392,3.00,4.50
2012.10.11 12:20:37.379,0.78389,0.78394,1.50,1.50
2012.10.11 12:20:37.439,0.78389,0.78394,2.25,1.50
2012.10.11 12:20:37.809,0.7839,0.78397,3.75,3.75
2012.10.11 12:20:37.869,0.78389,0.78396,2.25,2.48
2012.10.11 12:20:38.288,0.7839,0.78396,3.75,1.50
2012.10.11 12:20:38.468,0.78391,0.78396,1.50,1.50
2012.10.11 12:20:38.648,0.7839,0.78396,3.00,1.50
2012.10.11 12:20:38.768,0.78389,0.78396,1.73,1.50
2012.10.11 12:20:39.010,0.78387,0.78395,2.25,2.48
2012.10.11 12:20:39.209,0.78388,0.78396,3.75,5.48
2012.10.11 12:20:40.159,0.78387,0.78393,1.50,1.50
2012.10.11 12:20:40.280,0.78387,0.78392,1.50,1.73
2012.10.11 12:20:41.152,0.78388,0.78392,3.00,1.50
2012.10.11 12:20:41.278,0.78389,0.78394,1.50,1.73
2012.10.11 12:20:41.920,0.7839,0.78397,1.73,2.48
2012.10.11 12:20:42.127,0.78388,0.78397,8.81,2.48
2012.10.11 12:20:42.248,0.7839,0.78397,2.48,1.73
2012.10.11 12:20:42.879,0.7839,0.78396,1.73,1.73
2012.10.11 12:20:44.462,0.7839,0.78397,1.73,3.23
2012.10.11 12:20:45.946,0.7839,0.78397,2.48,2.48
2012.10.11 12:20:52.619,0.78389,0.78396,2.48,1.73
2012.10.11 12:20:52.918,0.78389,0.78396,1.50,3.98
2012.10.11 12:20:53.279,0.78386,0.78392,1.35,1.73
2012.10.11 12:20:53.338,0.78384,0.78392,5.05,3.98
2012.10.11 12:20:53.398,0.78384,0.78392,3.98,4.73
2012.10.11 12:21:04.157,0.78384,0.78392,2.25,4.73
2012.10.11 12:21:08.080,0.78383,0.78391,1.73,3.23
2012.10.11 12:21:09.017,0.78384,0.78391,2.25,2.48
2012.10.11 12:21:16.143,0.78383,0.78391,3.23,2.48
2012.10.11 12:21:17.339,0.78382,0.78389,5.25,1.73
2012.10.11 12:21:17.699,0.7838,0.78387,5.48,2.48
2012.10.11 12:21:53.918,0.7838,0.78387,3.23,2.48
2012.10.11 12:22:17.430,0.78381,0.78388,1.50,2.48
2012.10.11 12:22:35.188,0.7838,0.78388,4.73,3.98
2012.10.11 12:22:38.280,0.78378,0.78385,1.50,1.73
2012.10.11 12:22:38.639,0.78373,0.78381,8.93,3.23
2012.10.11 12:22:38.828,0.78373,0.78381,9.68,3.98
2012.10.11 12:22:55.229,0.78372,0.78379,3.23,3.23
2012.10.11 12:22:55.469,0.7837,0.78378,3.00,2.48
2012.10.11 12:22:55.721,0.78371,0.78379,3.00,3.98
2012.10.11 12:22:56.589,0.78371,0.78378,1.50,2.48
2012.10.11 12:22:57.152,0.78371,0.78378,1.50,3.23
2012.10.11 12:22:57.409,0.78372,0.78379,3.00,1.50
2012.10.11 12:22:57.529,0.78372,0.78379,1.50,3.23
2012.10.11 12:22:57.998,0.78374,0.78379,1.50,1.50
2012.10.11 12:22:58.118,0.78372,0.78379,1.50,3.23
2012.10.11 12:22:58.678,0.78372,0.78378,2.25,1.73
2012.10.11 12:22:59.418,0.78372,0.78378,2.25,1.73
2012.10.11 12:23:01.258,0.7837,0.78378,2.25,3.98
2012.10.11 12:23:04.668,0.7837,0.78376,1.50,1.50
2012.10.11 12:23:05.290,0.7837,0.78376,1.50,1.50
2012.10.11 12:23:05.861,0.78371,0.78378,2.25,2.48
2012.10.11 12:23:06.410,0.78371,0.78378,2.25,2.48
2012.10.11 12:23:12.650,0.78369,0.78376,5.33,2.25
2012.10.11 12:23:13.189,0.7837,0.78376,2.25,2.25
2012.10.11 12:23:13.729,0.78372,0.78378,1.50,2.48
2012.10.11 12:23:21.144,0.7837,0.78378,3.00,1.73
2012.10.11 12:23:27.641,0.78371,0.78378,1.50,2.48
2012.10.11 12:23:28.188,0.78371,0.78379,3.75,3.98
2012.10.11 12:23:28.802,0.78371,0.78378,3.00,2.48
2012.10.11 12:23:29.343,0.78372,0.78379,1.50,2.48
2012.10.11 12:23:29.898,0.78371,0.78378,3.75,1.73
2012.10.11 12:23:31.478,0.78372,0.78379,1.50,2.48
2012.10.11 12:23:31.660,0.78373,0.78379,1.50,1.73
2012.10.11 12:23:34.583,0.78371,0.78379,3.23,3.98
2012.10.11 12:23:35.211,0.78372,0.78378,1.50,1.73
2012.10.11 12:23:35.749,0.78371,0.78378,1.50,3.23
2012.10.11 12:23:37.519,0.78369,0.78376,3.98,1.50
2012.10.11 12:23:39.619,0.78369,0.78376,2.48,3.75
2012.10.11 12:23:39.979,0.78369,0.78376,3.23,1.50
2012.10.11 12:24:07.292,0.78369,0.78376,1.35,3.23
2012.10.11 12:24:07.479,0.7837,0.78376,1.50,3.00
2012.10.11 12:24:09.649,0.78369,0.78375,2.48,1.50
2012.10.11 12:24:10.192,0.7837,0.78376,1.50,3.00
2012.10.11 12:24:16.718,0.7837,0.78376,2.85,1.50
2012.10.11 12:24:19.299,0.78369,0.78376,3.23,3.00
2012.10.11 12:24:19.538,0.7837,0.78375,2.25,1.50
2012.10.11 12:24:24.768,0.7837,0.78376,1.50,1.50
2012.10.11 12:24:26.539,0.7837,0.78376,1.50,2.25
2012.10.11 12:24:26.599,0.78369,0.78375,3.23,1.50
2012.10.11 12:24:29.970,0.7837,0.78375,2.25,1.50
2012.10.11 12:24:41.631,0.78369,0.78376,3.98,1.73
2012.10.11 12:24:42.182,0.78369,0.78375,3.75,1.50
2012.10.11 12:24:45.510,0.7837,0.78377,1.73,3.98
2012.10.11 12:24:51.340,0.78369,0.78374,3.00,1.50
2012.10.11 12:24:51.399,0.78368,0.78374,1.50,1.73
2012.10.11 12:24:51.520,0.78365,0.78373,5.25,2.25
2012.10.11 12:24:51.581,0.78366,0.78373,1.50,3.23
2012.10.11 12:24:51.889,0.78363,0.78369,1.50,1.50
2012.10.11 12:24:52.444,0.78362,0.78369,4.50,1.73
2012.10.11 12:24:52.882,0.78363,0.7837,2.25,1.73
2012.10.11 12:24:58.649,0.78362,0.78369,4.50,1.73
2012.10.11 12:25:02.260,0.78361,0.78368,1.73,3.00
2012.10.11 12:25:02.322,0.78361,0.78366,1.50,1.50
2012.10.11 12:25:02.530,0.78359,0.78366,3.00,2.48
2012.10.11 12:25:02.948,0.7836,0.78366,3.23,1.73
2012.10.11 12:25:03.764,0.7836,0.78368,3.23,3.23
2012.10.11 12:25:04.268,0.78359,0.78366,3.23,1.73
2012.10.11 12:25:04.809,0.78358,0.78364,2.25,1.73
2012.10.11 12:25:08.430,0.78358,0.78365,1.50,2.48
2012.10.11 12:25:09.428,0.78357,0.78364,4.50,1.73
2012.10.11 12:25:09.690,0.78356,0.78362,1.73,1.50
2012.10.11 12:25:09.750,0.78354,0.7836,4.50,1.73
2012.10.11 12:25:10.003,0.78356,0.78363,2.48,1.50
2012.10.11 12:25:10.560,0.78356,0.78364,1.50,3.23
2012.10.11 12:25:14.839,0.78356,0.78363,2.25,1.73
2012.10.11 12:25:15.019,0.78358,0.78366,1.50,1.73
2012.10.11 12:25:15.380,0.78362,0.78369,1.50,2.48
2012.10.11 12:25:15.500,0.78362,0.7837,2.25,2.48
2012.10.11 12:25:23.228,0.78363,0.78369,1.50,1.28
2012.10.11 12:25:23.291,0.78361,0.78367,3.98,2.25
2012.10.11 12:25:23.609,0.78361,0.78369,1.50,1.50
2012.10.11 12:25:23.730,0.78361,0.78369,1.50,1.73
2012.10.11 12:25:23.970,0.78363,0.78371,2.25,3.23
2012.10.11 12:25:30.269,0.78361,0.78369,1.73,2.48
2012.10.11 12:25:30.329,0.78361,0.78369,1.50,3.23
2012.10.11 12:25:31.617,0.78361,0.78369,1.50,3.53
2012.10.11 12:25:32.236,0.78361,0.78369,1.50,1.73
2012.10.11 12:25:36.011,0.78361,0.78368,1.50,2.48
2012.10.11 12:25:45.799,0.78361,0.78368,2.25,1.73
2012.10.11 12:25:51.769,0.7836,0.78367,2.48,1.73
2012.10.11 12:25:54.548,0.78361,0.78367,1.50,1.28
2012.10.11 12:25:55.159,0.7836,0.78368,2.48,2.78
2012.10.11 12:25:55.239,0.7836,0.78368,1.73,2.78
2012.10.11 12:25:55.788,0.7836,0.78367,1.73,3.53
2012.10.11 12:25:56.340,0.7836,0.78367,2.48,1.73
2012.10.11 12:25:59.709,0.7836,0.78366,2.48,1.28
2012.10.11 12:26:00.231,0.7836,0.78367,2.48,2.48
2012.10.11 12:26:00.939,0.7836,0.78367,2.48,1.73
2012.10.11 12:26:08.650,0.78362,0.78369,1.50,1.65
2012.10.11 12:26:09.746,0.78362,0.78369,1.50,1.73
2012.10.11 12:26:17.219,0.7836,0.78368,2.48,1.73
2012.10.11 12:26:32.940,0.78361,0.78369,1.50,2.48
2012.10.11 12:26:34.172,0.78361,0.78369,1.50,2.48
2012.10.11 12:26:36.258,0.78361,0.78369,2.25,2.48
2012.10.11 12:26:37.068,0.78361,0.78369,2.25,2.48
2012.10.11 12:26:37.581,0.78361,0.78369,2.25,2.48
2012.10.11 12:26:37.969,0.78363,0.78369,1.50,2.25
2012.10.11 12:26:38.210,0.78367,0.78374,1.13,3.23
2012.10.11 12:26:38.279,0.78369,0.78374,1.50,1.50
2012.10.11 12:26:38.339,0.78369,0.78374,1.50,1.73
2012.10.11 12:26:38.888,0.78367,0.78374,1.50,2.48
2012.10.11 12:26:39.430,0.78368,0.78376,1.50,2.48
2012.10.11 12:26:39.790,0.78366,0.78374,1.50,1.73
2012.10.11 12:26:40.488,0.78367,0.78374,1.50,2.48
2012.10.11 12:26:42.988,0.78367,0.78374,1.50,3.00
2012.10.11 12:26:43.289,0.78368,0.78376,2.25,3.98
2012.10.11 12:26:43.795,0.78369,0.78376,1.50,3.23
2012.10.11 12:27:22.199,0.78368,0.78376,2.25,2.48
2012.10.11 12:27:23.539,0.78368,0.78376,3.75,1.73
2012.10.11 12:27:26.619,0.78368,0.78376,2.25,1.73
2012.10.11 12:27:30.351,0.78368,0.78376,2.25,1.73
2012.10.11 12:27:31.240,0.78367,0.78375,2.25,1.73
2012.10.11 12:27:31.361,0.78366,0.78376,2.25,3.23
2012.10.11 12:27:31.720,0.78368,0.78376,1.92,1.50
2012.10.11 12:27:31.905,0.78371,0.78378,1.50,3.23
2012.10.11 12:27:32.901,0.78372,0.7838,1.50,2.48
2012.10.11 12:27:35.904,0.78371,0.78378,1.50,2.48
2012.10.11 12:27:36.436,0.78371,0.78378,1.50,2.48
2012.10.11 12:27:37.321,0.78369,0.78376,1.50,1.73
2012.10.11 12:27:37.870,0.78368,0.78376,2.25,3.23
2012.10.11 12:27:40.432,0.78367,0.78371,1.50,2.25
2012.10.11 12:27:40.800,0.78361,0.78369,3.08,1.73
2012.10.11 12:27:40.981,0.78362,0.78369,1.50,1.73
2012.10.11 12:27:41.521,0.78362,0.78369,1.50,1.50
2012.10.11 12:27:43.222,0.78362,0.78369,1.50,1.73
2012.10.11 12:27:44.303,0.78362,0.78369,1.50,1.50
2012.10.11 12:27:51.280,0.78361,0.78369,3.00,1.73
2012.10.11 12:27:52.912,0.78362,0.78369,1.50,1.50
2012.10.11 12:27:57.080,0.78361,0.78369,3.00,1.73
2012.10.11 12:27:59.198,0.78367,0.78373,3.75,3.60
2012.10.11 12:27:59.274,0.78367,0.78373,2.48,1.73
2012.10.11 12:27:59.832,0.78367,0.78373,2.25,1.73
2012.10.11 12:28:00.512,0.78364,0.78372,4.50,2.48
2012.10.11 12:28:01.609,0.78365,0.78373,1.73,1.73
2012.10.11 12:28:01.730,0.78367,0.78372,2.85,1.50
2012.10.11 12:28:01.850,0.7837,0.78376,1.50,3.30
2012.10.11 12:28:02.269,0.78371,0.78376,1.50,2.55
2012.10.11 12:28:02.779,0.78371,0.78377,1.50,1.73
2012.10.11 12:28:03.525,0.78371,0.78377,2.25,1.73
2012.10.11 12:28:15.201,0.78371,0.78377,1.50,1.73
2012.10.11 12:28:15.841,0.78371,0.78378,2.25,3.23
2012.10.11 12:28:20.507,0.78372,0.78378,1.50,2.48
2012.10.11 12:28:23.321,0.78371,0.78378,2.25,3.23
2012.10.11 12:28:25.210,0.78371,0.78378,1.50,3.98
2012.10.11 12:28:25.331,0.78369,0.78376,2.25,1.73
2012.10.11 12:28:26.660,0.7837,0.78377,1.50,3.00
2012.10.11 12:28:26.780,0.78371,0.78377,1.50,1.73
2012.10.11 12:28:30.185,0.78371,0.78378,1.50,4.73
2012.10.11 12:28:32.140,0.78369,0.78376,1.73,3.00
2012.10.11 12:28:32.320,0.78368,0.78374,4.73,1.50
2012.10.11 12:28:32.823,0.78368,0.78374,3.75,1.73
2012.10.11 12:28:33.710,0.78369,0.78375,4.50,1.50
2012.10.11 12:28:34.260,0.78368,0.78374,3.75,1.50
2012.10.11 12:28:34.791,0.78368,0.78374,3.00,2.48
2012.10.11 12:28:37.260,0.7837,0.78376,5.25,1.50
2012.10.11 12:28:37.381,0.78367,0.78372,2.10,1.73
2012.10.11 12:28:37.442,0.78364,0.78371,3.75,1.73
2012.10.11 12:28:37.962,0.78364,0.78372,3.00,3.00
2012.10.11 12:28:39.686,0.78364,0.78372,3.00,4.73
2012.10.11 12:29:02.781,0.78362,0.7837,2.25,2.48
2012.10.11 12:29:03.304,0.78364,0.78371,2.25,3.23
2012.10.11 12:29:04.028,0.78365,0.78371,1.50,1.50
2012.10.11 12:29:04.793,0.78365,0.78371,1.50,1.50
2012.10.11 12:29:08.870,0.78363,0.78371,5.25,2.25
2012.10.11 12:29:09.771,0.78365,0.78372,3.75,2.25
2012.10.11 12:29:10.342,0.78364,0.78372,1.50,3.75
2012.10.11 12:29:10.404,0.78363,0.78372,2.25,4.50
2012.10.11 12:29:10.544,0.78365,0.78372,3.75,3.00
2012.10.11 12:29:12.679,0.78367,0.78372,1.50,1.50
2012.10.11 12:29:14.179,0.78366,0.78372,1.50,2.25
2012.10.11 12:29:14.301,0.78367,0.78373,1.50,1.50
2012.10.11 12:29:14.420,0.78365,0.78371,1.50,1.50
2012.10.11 12:29:14.781,0.78367,0.78374,1.50,3.75
2012.10.11 12:29:15.397,0.78367,0.78374,1.50,3.75
2012.10.11 12:29:16.591,0.78365,0.78372,2.25,2.25
2012.10.11 12:29:17.150,0.78365,0.78372,4.50,1.50
2012.10.11 12:29:20.420,0.78366,0.78373,1.50,3.00
2012.10.11 12:29:21.221,0.78365,0.78372,2.25,2.72
2012.10.11 12:29:21.280,0.78365,0.78371,1.50,1.50
2012.10.11 12:29:21.640,0.78365,0.78371,3.75,2.72
2012.10.11 12:29:21.700,0.78365,0.78372,3.75,3.30
2012.10.11 12:29:22.210,0.78365,0.78372,3.00,2.25
2012.10.11 12:29:22.330,0.78363,0.78369,1.50,2.25
2012.10.11 12:29:22.391,0.78362,0.78369,1.50,1.50
2012.10.11 12:29:22.690,0.78363,0.78369,1.50,1.50
2012.10.11 12:29:22.811,0.78364,0.78372,1.50,6.00
2012.10.11 12:29:23.391,0.78362,0.7837,6.75,1.50
2012.10.11 12:29:25.461,0.78362,0.78369,3.75,4.50
2012.10.11 12:29:25.526,0.78361,0.78367,2.25,1.50
2012.10.11 12:29:28.977,0.78359,0.78365,1.50,1.50
2012.10.11 12:29:32.480,0.7836,0.78367,3.75,3.00
2012.10.11 12:29:33.430,0.78364,0.78368,3.75,2.25
2012.10.11 12:29:33.610,0.78367,0.78374,6.00,2.48
2012.10.11 12:29:33.670,0.78367,0.78372,1.50,1.50
2012.10.11 12:29:33.849,0.78364,0.78372,3.00,3.00
2012.10.11 12:29:34.151,0.78364,0.78371,3.00,3.00
2012.10.11 12:29:34.689,0.78364,0.78371,1.50,3.00
2012.10.11 12:29:35.250,0.78364,0.78371,2.25,2.25
2012.10.11 12:29:35.961,0.78364,0.78371,2.25,3.00
2012.10.11 12:29:36.550,0.78365,0.78371,1.50,2.25
2012.10.11 12:29:37.291,0.78364,0.78371,2.25,3.00
2012.10.11 12:29:37.802,0.78364,0.78371,1.50,2.25
2012.10.11 12:29:38.329,0.78364,0.78371,1.13,3.00
2012.10.11 12:29:38.970,0.78364,0.78371,1.50,2.25
2012.10.11 12:29:39.790,0.78364,0.78371,1.50,3.75
2012.10.11 12:29:40.750,0.78362,0.78368,1.50,2.25
2012.10.11 12:29:41.304,0.7836,0.78366,3.00,1.50
2012.10.11 12:29:46.081,0.78361,0.78367,1.50,1.50
2012.10.11 12:29:46.590,0.7836,0.78367,3.00,2.25
2012.10.11 12:29:47.061,0.78361,0.78368,1.50,1.50
2012.10.11 12:29:47.302,0.78362,0.78371,4.50,2.25
2012.10.11 12:29:48.302,0.78362,0.78371,3.00,2.25
2012.10.11 12:29:55.336,0.78359,0.78372,1.50,1.50
2012.10.11 12:29:57.167,0.78357,0.78372,3.19,1.50
2012.10.11 12:29:57.712,0.78358,0.78372,1.50,1.50
2012.10.11 12:29:57.929,0.78357,0.78375,2.44,2.25
2012.10.11 12:29:58.323,0.78356,0.7837,1.69,2.25
2012.10.11 12:29:58.523,0.78353,0.78371,1.50,1.50
2012.10.11 12:29:58.653,0.78358,0.78371,1.50,1.50
2012.10.11 12:29:58.723,0.78359,0.78372,2.25,2.25
2012.10.11 12:29:58.852,0.78362,0.78376,1.24,1.47
2012.10.11 12:29:59.292,0.78359,0.78378,1.54,1.20
2012.10.11 12:29:59.843,0.78355,0.78378,4.07,1.05
2012.10.11 12:30:00.523,0.78355,0.78378,3.84,1.65
2012.10.11 12:30:00.972,0.78385,0.78407,2.10,1.47
2012.10.11 12:30:01.116,0.78389,0.78404,1.35,2.03
2012.10.11 12:30:01.185,0.78414,0.78428,3.18,1.65
2012.10.11 12:30:01.328,0.78416,0.78431,1.50,2.18
2012.10.11 12:30:01.403,0.78415,0.78431,9.59,1.50
2012.10.11 12:30:01.677,0.78416,0.78443,1.50,1.35
2012.10.11 12:30:01.967,0.78419,0.78439,1.50,1.88
2012.10.11 12:30:02.162,0.78425,0.78439,6.25,1.50
2012.10.11 12:30:02.423,0.78425,0.78439,7.83,1.50
2012.10.11 12:30:02.567,0.78427,0.7844,1.50,3.99
2012.10.11 12:30:03.133,0.78431,0.7844,1.50,2.49
2012.10.11 12:30:03.627,0.78429,0.7844,1.50,2.49
2012.10.11 12:30:04.022,0.78431,0.7844,1.50,2.49
2012.10.11 12:30:04.368,0.78431,0.78444,1.50,1.47
2012.10.11 12:30:04.434,0.78428,0.78443,1.50,1.50
2012.10.11 12:30:04.506,0.78424,0.78436,2.63,1.05
2012.10.11 12:30:04.573,0.78424,0.78436,1.88,1.05
2012.10.11 12:30:04.713,0.78421,0.78444,1.50,1.73
2012.10.11 12:30:04.852,0.78421,0.78436,1.58,1.28
2012.10.11 12:30:05.162,0.78426,0.78438,1.50,7.00
2012.10.11 12:30:05.292,0.78424,0.78436,1.58,1.05
2012.10.11 12:30:05.362,0.78425,0.78436,2.25,1.80
2012.10.11 12:30:05.503,0.78425,0.78442,2.25,1.50
2012.10.11 12:30:05.574,0.78429,0.78436,1.50,1.50
2012.10.11 12:30:05.644,0.78437,0.78455,2.48,2.10
2012.10.11 12:30:05.772,0.78436,0.78446,1.50,1.50
2012.10.11 12:30:05.843,0.78437,0.78445,1.50,1.50
2012.10.11 12:30:06.032,0.7844,0.78456,1.50,1.47
2012.10.11 12:30:06.106,0.78444,0.78462,2.48,1.50
2012.10.11 12:30:06.313,0.78449,0.78464,1.88,1.47
2012.10.11 12:30:06.514,0.78449,0.78467,2.55,1.47
2012.10.11 12:30:06.832,0.78453,0.78463,5.40,3.00
2012.10.11 12:30:06.902,0.78454,0.7847,1.50,3.75
2012.10.11 12:30:06.972,0.78453,0.78463,3.00,3.00
2012.10.11 12:30:07.113,0.78453,0.78471,2.25,1.50
2012.10.11 12:30:07.242,0.78456,0.78472,1.50,3.00
2012.10.11 12:30:07.362,0.78455,0.7846,2.16,0.23
2012.10.11 12:30:07.505,0.78461,0.78472,1.50,2.89
2012.10.11 12:30:07.753,0.78462,0.78472,1.50,2.93
2012.10.11 12:30:07.892,0.7846,0.78471,1.50,1.50
2012.10.11 12:30:07.952,0.78459,0.78471,2.25,2.33
2012.10.11 12:30:08.481,0.7846,0.78472,1.50,1.50
2012.10.11 12:30:08.661,0.78459,0.78472,3.08,1.50
2012.10.11 12:30:08.982,0.78459,0.78473,3.00,1.50
2012.10.11 12:30:09.052,0.78459,0.78472,3.00,1.50
2012.10.11 12:30:09.126,0.78459,0.78472,1.50,1.50
2012.10.11 12:30:09.264,0.78456,0.78472,2.25,1.50
2012.10.11 12:30:09.333,0.78463,0.7847,1.50,1.50
2012.10.11 12:30:09.998,0.78457,0.78469,1.50,1.50
2012.10.11 12:30:10.080,0.78456,0.78466,2.48,1.50
2012.10.11 12:30:10.144,0.78458,0.78469,1.13,1.50
2012.10.11 12:30:10.213,0.78458,0.78469,1.13,1.50
2012.10.11 12:30:10.282,0.78457,0.78469,2.25,1.58
2012.10.11 12:30:10.352,0.78457,0.78469,2.25,1.50
2012.10.11 12:30:10.609,0.78459,0.78469,1.50,1.50
2012.10.11 12:30:10.677,0.78459,0.78469,1.50,1.50
2012.10.11 12:30:10.887,0.78461,0.78468,2.25,1.50
2012.10.11 12:30:11.093,0.78459,0.78467,1.50,1.50
2012.10.11 12:30:11.362,0.78458,0.78465,1.50,1.50
2012.10.11 12:30:11.687,0.78455,0.78467,6.75,1.50
2012.10.11 12:30:11.826,0.78456,0.78466,3.00,1.50
2012.10.11 12:30:12.397,0.78457,0.78462,1.50,2.25
2012.10.11 12:30:12.747,0.78461,0.78466,4.50,1.50
2012.10.11 12:30:13.252,0.78464,0.78473,1.50,2.25
2012.10.11 12:30:13.501,0.7847,0.78476,1.50,1.50
2012.10.11 12:30:13.624,0.7847,0.78476,3.75,1.50
2012.10.11 12:30:13.812,0.78473,0.78479,1.35,2.25
2012.10.11 12:30:14.242,0.78471,0.78475,1.50,1.80
2012.10.11 12:30:14.505,0.78475,0.78482,2.18,3.00
2012.10.11 12:30:15.061,0.78481,0.78487,1.35,3.00
2012.10.11 12:30:15.184,0.78478,0.78484,1.43,3.23
2012.10.11 12:30:15.312,0.78475,0.78482,2.33,3.75
2012.10.11 12:30:15.862,0.78478,0.78482,1.65,3.00
2012.10.11 12:30:16.232,0.78479,0.78485,1.43,3.75
2012.10.11 12:30:16.787,0.78487,0.78495,2.85,5.10
2012.10.11 12:30:17.353,0.78487,0.78492,3.68,4.52
2012.10.11 12:30:17.613,0.7849,0.78495,1.43,1.50
2012.10.11 12:30:17.800,0.78489,0.78496,1.43,1.88
2012.10.11 12:30:18.071,0.78487,0.78496,2.85,1.13
2012.10.11 12:30:18.146,0.78485,0.7849,4.50,3.00
2012.10.11 12:30:18.603,0.78485,0.7849,1.50,1.50
2012.10.11 12:30:19.169,0.78485,0.7849,2.25,1.50
2012.10.11 12:30:19.722,0.78484,0.7849,3.00,1.50
2012.10.11 12:30:20.440,0.78482,0.7849,1.50,3.00
2012.10.11 12:30:20.943,0.78481,0.7849,1.50,3.00
2012.10.11 12:30:21.451,0.78479,0.78488,1.73,3.00
2012.10.11 12:30:21.575,0.78477,0.78486,1.73,1.50
2012.10.11 12:30:21.786,0.78479,0.78487,1.50,1.50
2012.10.11 12:30:22.341,0.78479,0.78488,1.50,1.50
2012.10.11 12:30:22.772,0.78475,0.78484,1.73,1.50
2012.10.11 12:30:23.122,0.78474,0.78483,6.38,2.25
2012.10.11 12:30:23.450,0.78474,0.78481,2.25,1.50
2012.10.11 12:30:24.237,0.78471,0.78478,1.50,1.50
2012.10.11 12:30:25.064,0.78471,0.78479,1.50,1.50
2012.10.11 12:30:25.353,0.78475,0.78482,6.75,3.00
2012.10.11 12:30:25.541,0.78474,0.78482,7.50,4.50
2012.10.11 12:30:26.021,0.78471,0.7848,2.25,2.25
2012.10.11 12:30:26.202,0.78474,0.7848,1.50,2.25
2012.10.11 12:30:26.691,0.78471,0.7848,2.25,1.50
2012.10.11 12:30:27.730,0.78471,0.7848,1.50,2.25
2012.10.11 12:30:28.282,0.7847,0.78478,3.75,1.50
2012.10.11 12:30:28.463,0.78472,0.7848,1.73,1.73
2012.10.11 12:30:29.015,0.78472,0.7848,1.73,1.50
2012.10.11 12:30:29.200,0.78472,0.78481,3.98,1.73
2012.10.11 12:30:29.441,0.78472,0.7848,3.23,1.50
2012.10.11 12:30:31.481,0.78473,0.78482,3.23,1.20
2012.10.11 12:30:31.782,0.78473,0.78482,2.48,1.20
2012.10.11 12:30:32.438,0.78472,0.78481,1.73,1.73
2012.10.11 12:30:32.513,0.78471,0.78479,2.25,3.75
2012.10.11 12:30:32.856,0.78471,0.78476,1.73,1.50
2012.10.11 12:30:33.182,0.78467,0.78473,3.30,1.50
2012.10.11 12:30:33.311,0.7848,0.78487,1.73,1.43
2012.10.11 12:30:33.434,0.78483,0.78492,1.50,8.25
2012.10.11 12:30:33.563,0.78484,0.7849,1.73,2.63
2012.10.11 12:30:33.642,0.78488,0.78493,1.13,1.28
2012.10.11 12:30:33.711,0.78487,0.78493,1.13,1.28
2012.10.11 12:30:33.783,0.78491,0.785,1.35,2.03
2012.10.11 12:30:34.164,0.78494,0.785,2.48,1.13
2012.10.11 12:30:34.490,0.78492,0.78499,2.48,3.00
2012.10.11 12:30:34.615,0.78489,0.785,3.23,1.13
2012.10.11 12:30:35.330,0.78489,0.785,2.48,1.13
2012.10.11 12:30:35.392,0.78486,0.7849,6.00,1.65
2012.10.11 12:30:35.521,0.78489,0.785,2.48,1.13
2012.10.11 12:30:35.653,0.7849,0.785,1.73,1.50
2012.10.11 12:30:36.174,0.7849,0.785,3.23,1.50
2012.10.11 12:30:36.422,0.78489,0.78496,1.73,1.50
2012.10.11 12:30:36.731,0.78491,0.785,2.48,1.73
2012.10.11 12:30:36.791,0.78491,0.785,1.73,2.48
2012.10.11 12:30:37.292,0.78491,0.785,2.48,1.73
2012.10.11 12:30:37.841,0.78491,0.785,2.48,1.73
2012.10.11 12:30:38.082,0.78494,0.78501,1.50,1.73
2012.10.11 12:30:38.210,0.78491,0.785,3.98,3.00
2012.10.11 12:30:38.720,0.78491,0.785,3.98,2.25
2012.10.11 12:30:39.340,0.78494,0.78501,1.50,2.48
2012.10.11 12:30:39.640,0.78491,0.785,3.98,1.50
2012.10.11 12:30:40.593,0.78494,0.78501,1.13,2.48
2012.10.11 12:30:40.942,0.78496,0.78502,4.88,2.25
2012.10.11 12:30:41.011,0.78497,0.78505,1.73,7.88
2012.10.11 12:30:41.432,0.78499,0.78505,1.73,5.48
2012.10.11 12:30:41.742,0.785,0.78507,1.50,1.50
2012.10.11 12:30:41.873,0.78499,0.78507,2.48,6.23
2012.10.11 12:30:41.941,0.78499,0.78507,2.48,4.50
2012.10.11 12:30:42.491,0.78498,0.78505,1.50,6.00
2012.10.11 12:30:43.041,0.78498,0.78506,1.73,4.50
2012.10.11 12:30:43.400,0.78497,0.78505,1.73,2.25
2012.10.11 12:30:44.000,0.78496,0.78502,3.38,5.25
2012.10.11 12:30:44.181,0.78496,0.78504,1.73,1.50
2012.10.11 12:30:44.241,0.78496,0.78505,1.73,3.23
2012.10.11 12:30:44.301,0.78495,0.78503,1.73,2.25
2012.10.11 12:30:44.742,0.78494,0.785,1.73,1.73
2012.10.11 12:30:45.617,0.78493,0.785,6.75,2.25
2012.10.11 12:30:45.922,0.78487,0.78492,3.75,1.50
2012.10.11 12:30:45.995,0.78484,0.78489,3.53,1.50
2012.10.11 12:30:46.333,0.78488,0.78493,2.78,1.50
2012.10.11 12:30:46.642,0.78484,0.7849,5.62,1.50
2012.10.11 12:30:46.712,0.78489,0.78494,2.48,2.25
2012.10.11 12:30:46.856,0.78488,0.78494,2.03,1.50
2012.10.11 12:30:46.922,0.78487,0.78493,1.50,1.50
2012.10.11 12:30:47.724,0.78488,0.78494,3.60,2.25
2012.10.11 12:30:47.792,0.78488,0.785,3.00,1.50
2012.10.11 12:30:47.861,0.78488,0.78494,3.53,1.50
2012.10.11 12:30:47.920,0.78488,0.78494,3.53,1.50
2012.10.11 12:30:48.163,0.78489,0.78496,5.25,1.50
2012.10.11 12:30:48.470,0.78493,0.78501,1.50,5.40
2012.10.11 12:30:48.651,0.78497,0.78502,2.25,1.50
2012.10.11 12:30:49.175,0.78497,0.78504,2.25,3.90
2012.10.11 12:30:49.251,0.78498,0.78506,1.73,4.50
2012.10.11 12:30:49.812,0.78498,0.78505,2.48,2.25
2012.10.11 12:30:49.931,0.78497,0.78502,2.25,5.25
2012.10.11 12:30:50.280,0.78494,0.785,1.50,1.50
2012.10.11 12:30:50.352,0.7849,0.78496,4.28,2.10
2012.10.11 12:30:50.674,0.78482,0.78488,2.25,1.50
2012.10.11 12:30:51.636,0.7848,0.78487,2.48,1.50
2012.10.11 12:30:51.710,0.78482,0.78491,1.73,3.00
2012.10.11 12:30:51.777,0.78486,0.78491,1.73,1.50
2012.10.11 12:30:51.846,0.78486,0.78492,1.73,2.25
2012.10.11 12:30:52.160,0.78483,0.78491,2.25,1.50
2012.10.11 12:30:52.941,0.78482,0.78489,1.50,1.50
2012.10.11 12:30:53.001,0.78481,0.78489,1.73,2.25
2012.10.11 12:30:53.190,0.78479,0.78487,4.35,2.25
2012.10.11 12:30:54.300,0.78478,0.78484,2.10,1.50
2012.10.11 12:30:54.422,0.78479,0.78486,1.13,2.25
2012.10.11 12:30:56.700,0.78478,0.78485,2.10,1.50
2012.10.11 12:30:56.760,0.78478,0.78486,1.58,2.25
2012.10.11 12:30:57.902,0.78474,0.78483,4.73,1.50
2012.10.11 12:30:58.787,0.78476,0.78484,1.50,1.50
2012.10.11 12:30:59.401,0.78475,0.78482,2.25,1.50
2012.10.11 12:30:59.711,0.78475,0.78483,3.23,3.23
2012.10.11 12:31:00.072,0.78475,0.7848,1.73,1.50
2012.10.11 12:31:00.261,0.78473,0.7848,2.63,1.50
2012.10.11 12:31:00.381,0.78473,0.7848,2.10,1.50
2012.10.11 12:31:01.671,0.78471,0.78478,1.50,2.25
2012.10.11 12:31:01.791,0.78471,0.78479,2.48,1.73
2012.10.11 12:31:01.970,0.78471,0.78478,1.73,1.50
2012.10.11 12:31:02.270,0.78471,0.78478,1.73,1.50
2012.10.11 12:31:02.943,0.78471,0.78478,1.50,1.73
2012.10.11 12:31:03.492,0.7847,0.78478,3.00,2.48
2012.10.11 12:31:03.681,0.7847,0.78476,1.50,1.50
2012.10.11 12:31:03.801,0.78469,0.78476,2.33,2.25
2012.10.11 12:31:06.102,0.78472,0.78476,2.10,1.50
2012.10.11 12:31:06.444,0.78473,0.7848,2.25,1.50
2012.10.11 12:31:06.513,0.78472,0.78479,1.50,1.50
2012.10.11 12:31:06.701,0.78476,0.78483,1.50,1.79
2012.10.11 12:31:07.064,0.78479,0.78486,1.50,1.73
2012.10.11 12:31:07.137,0.78479,0.78486,2.25,1.50
2012.10.11 12:31:07.640,0.7848,0.78487,1.50,1.50
2012.10.11 12:31:08.442,0.78479,0.78487,2.25,1.73
2012.10.11 12:31:09.100,0.78479,0.78486,1.50,2.48
2012.10.11 12:31:09.954,0.78479,0.78487,2.48,2.48
2012.10.11 12:31:10.021,0.78479,0.78484,1.73,1.50
2012.10.11 12:31:10.322,0.78476,0.78483,2.48,2.25
2012.10.11 12:31:10.453,0.78475,0.78481,1.07,2.48
2012.10.11 12:31:10.521,0.78472,0.7848,3.32,3.75
2012.10.11 12:31:11.120,0.78474,0.78481,1.73,2.25
2012.10.11 12:31:11.949,0.78474,0.7848,3.83,1.50
2012.10.11 12:31:12.490,0.78473,0.78481,2.25,3.23
2012.10.11 12:31:13.092,0.78474,0.78481,1.50,3.23
2012.10.11 12:31:13.342,0.78475,0.78482,1.50,2.48
2012.10.11 12:31:13.661,0.78474,0.78479,1.73,1.50
2012.10.11 12:31:14.200,0.78473,0.78478,3.00,1.73
2012.10.11 12:31:14.524,0.78465,0.7847,1.50,1.73
2012.10.11 12:31:14.891,0.78463,0.78468,1.73,2.48
2012.10.11 12:31:15.023,0.78465,0.78469,1.88,1.73
2012.10.11 12:31:15.461,0.7846,0.78467,4.13,1.73
2012.10.11 12:31:15.980,0.7846,0.78467,2.25,3.98
2012.10.11 12:31:16.501,0.78459,0.78467,3.98,3.98
2012.10.11 12:31:16.826,0.7846,0.78467,1.50,3.23
2012.10.11 12:31:17.011,0.7846,0.78466,1.50,1.50
2012.10.11 12:31:17.983,0.7846,0.78467,2.25,2.48
2012.10.11 12:31:18.781,0.7846,0.78467,2.25,1.73
2012.10.11 12:31:19.353,0.7846,0.78467,2.25,1.73
2012.10.11 12:31:19.720,0.78461,0.78468,1.13,1.73
2012.10.11 12:31:20.579,0.7846,0.78468,3.75,1.73
2012.10.11 12:31:21.619,0.7846,0.78468,4.73,1.73
2012.10.11 12:31:22.160,0.7846,0.78468,3.23,1.73
2012.10.11 12:31:22.669,0.78461,0.78467,1.50,1.73
2012.10.11 12:31:22.731,0.78457,0.78464,3.00,2.48
2012.10.11 12:31:23.094,0.78458,0.78467,1.50,4.58
2012.10.11 12:31:23.221,0.78457,0.78464,1.50,2.48
2012.10.11 12:31:23.640,0.78456,0.78464,1.50,2.48
2012.10.11 12:31:25.680,0.78457,0.78464,1.50,1.50
2012.10.11 12:31:25.860,0.78461,0.78468,1.50,1.73
2012.10.11 12:31:32.270,0.78459,0.78467,2.48,6.23
2012.10.11 12:31:36.431,0.78459,0.78466,1.73,2.10
2012.10.11 12:31:36.553,0.78458,0.78465,1.50,2.48
2012.10.11 12:31:40.660,0.78458,0.78465,3.00,6.23
2012.10.11 12:31:41.219,0.78459,0.78467,2.48,1.73
2012.10.11 12:31:41.735,0.78459,0.78468,3.23,5.48
2012.10.11 12:31:42.062,0.78456,0.7846,3.75,1.50
2012.10.11 12:31:42.370,0.78448,0.78458,3.00,1.73
2012.10.11 12:31:42.551,0.78448,0.78454,1.50,1.73
2012.10.11 12:31:42.731,0.78443,0.78454,1.73,3.83
2012.10.11 12:31:42.910,0.78444,0.78454,1.73,2.48
2012.10.11 12:31:43.461,0.78448,0.78456,1.50,1.50
2012.10.11 12:31:43.522,0.78448,0.78456,1.50,1.73
2012.10.11 12:31:44.261,0.78448,0.78458,3.75,3.00
2012.10.11 12:31:44.330,0.78448,0.78458,3.23,3.23
2012.10.11 12:31:45.111,0.78448,0.78458,2.48,1.73
2012.10.11 12:31:45.470,0.78447,0.78453,3.60,2.25
2012.10.11 12:31:45.771,0.78443,0.78453,3.98,2.48
2012.10.11 12:31:45.834,0.78444,0.78451,4.80,2.25
2012.10.11 12:31:46.271,0.78446,0.78453,3.98,1.50
2012.10.11 12:31:46.931,0.78447,0.78456,2.25,1.73
2012.10.11 12:31:48.611,0.78447,0.78456,2.48,1.50
2012.10.11 12:31:48.920,0.78447,0.78457,2.48,2.25
2012.10.11 12:31:50.071,0.78447,0.78457,2.48,3.00
2012.10.11 12:31:51.776,0.78448,0.78457,1.73,3.00
2012.10.11 12:31:52.331,0.7845,0.78457,1.73,3.00
2012.10.11 12:31:52.511,0.78451,0.78459,1.73,1.50
2012.10.11 12:31:53.021,0.78451,0.78459,1.73,2.25
2012.10.11 12:31:54.780,0.78452,0.78461,1.73,2.48
2012.10.11 12:31:54.901,0.78453,0.78462,1.73,2.25
2012.10.11 12:31:56.655,0.78453,0.78462,1.73,2.48
2012.10.11 12:31:57.712,0.78463,0.78468,2.10,3.87
2012.10.11 12:31:57.902,0.78463,0.7847,3.08,3.53
2012.10.11 12:31:58.283,0.78468,0.78473,3.10,3.53
2012.10.11 12:31:58.351,0.7847,0.78475,2.25,3.45
2012.10.11 12:31:58.472,0.78471,0.78477,1.73,1.58
2012.10.11 12:31:58.780,0.78473,0.7848,1.73,1.80
2012.10.11 12:31:59.562,0.78474,0.78484,1.73,2.33
2012.10.11 12:31:59.621,0.78475,0.78484,2.48,1.73
2012.10.11 12:31:59.861,0.78476,0.78485,3.98,1.50
2012.10.11 12:31:59.980,0.78476,0.78484,1.50,4.35
2012.10.11 12:32:00.102,0.78477,0.78485,1.73,2.25
2012.10.11 12:32:00.651,0.78477,0.78485,1.50,1.73
2012.10.11 12:32:01.513,0.78474,0.78482,1.50,3.23
2012.10.11 12:32:01.832,0.78472,0.78482,1.50,2.25
2012.10.11 12:32:01.961,0.78476,0.78483,1.73,3.60
2012.10.11 12:32:02.020,0.78477,0.78483,1.73,2.10
2012.10.11 12:32:02.560,0.78475,0.78484,1.73,3.98
2012.10.11 12:32:03.160,0.78474,0.78482,2.25,1.73
2012.10.11 12:32:03.351,0.78474,0.78482,2.25,1.73
2012.10.11 12:32:03.471,0.78475,0.78483,1.50,1.73
2012.10.11 12:32:03.831,0.78474,0.78482,1.50,1.50
2012.10.11 12:32:04.440,0.78473,0.78482,1.50,1.73
2012.10.11 12:32:05.679,0.78473,0.78482,1.50,2.48
2012.10.11 12:32:07.372,0.78472,0.78482,2.25,2.48
2012.10.11 12:32:08.771,0.78471,0.7848,2.25,3.75
2012.10.11 12:32:08.891,0.78471,0.7848,2.48,3.98
2012.10.11 12:32:09.446,0.7847,0.78478,2.48,2.48
2012.10.11 12:32:09.953,0.7847,0.78479,2.48,2.48
2012.10.11 12:32:10.021,0.78472,0.78479,1.73,1.73
2012.10.11 12:32:12.981,0.78471,0.7848,1.50,2.48
2012.10.11 12:32:13.101,0.78471,0.7848,2.25,2.48
2012.10.11 12:32:13.222,0.7847,0.78479,2.25,1.50
2012.10.11 12:32:13.350,0.7847,0.78479,2.25,1.73
2012.10.11 12:32:13.651,0.78469,0.78478,3.60,2.48
2012.10.11 12:32:14.154,0.78469,0.78477,1.50,3.23
2012.10.11 12:32:14.700,0.78468,0.78477,2.25,2.48
2012.10.11 12:32:15.221,0.78468,0.78477,2.25,3.00
2012.10.11 12:32:15.730,0.78468,0.78477,2.25,2.25
2012.10.11 12:32:16.751,0.7847,0.78479,2.25,2.48
2012.10.11 12:32:17.300,0.78472,0.7848,2.25,3.00
2012.10.11 12:32:17.420,0.78472,0.78479,1.50,1.73
2012.10.11 12:32:17.840,0.7847,0.78476,1.50,1.50
2012.10.11 12:32:18.710,0.78471,0.78478,1.50,1.50
2012.10.11 12:32:18.833,0.78471,0.78478,1.50,2.48
2012.10.11 12:32:19.652,0.78472,0.78478,1.50,1.73
2012.10.11 12:32:19.740,0.78472,0.7848,1.50,1.73
2012.10.11 12:32:21.341,0.78472,0.78478,1.50,1.50
2012.10.11 12:32:21.582,0.7847,0.78478,1.50,5.48
2012.10.11 12:32:21.701,0.7847,0.78478,2.25,4.73
2012.10.11 12:32:21.962,0.7847,0.78478,2.25,3.98
2012.10.11 12:32:22.091,0.7847,0.78478,2.25,3.98
2012.10.11 12:32:22.632,0.7847,0.78478,3.00,1.73
2012.10.11 12:32:23.170,0.78472,0.78479,1.50,1.50
2012.10.11 12:32:27.024,0.78474,0.78482,1.50,1.73
2012.10.11 12:32:27.150,0.78475,0.78484,1.50,4.88
2012.10.11 12:32:27.681,0.78474,0.78484,3.23,2.48
2012.10.11 12:32:28.461,0.78474,0.78482,2.48,6.23
2012.10.11 12:32:28.881,0.78473,0.78479,1.73,1.50
2012.10.11 12:32:29.500,0.78471,0.78479,5.48,1.73
2012.10.11 12:32:32.450,0.78472,0.78481,2.48,1.73
2012.10.11 12:32:33.045,0.78472,0.78481,2.48,1.73
2012.10.11 12:32:33.551,0.78472,0.78481,3.23,1.73
2012.10.11 12:32:33.731,0.78474,0.78481,2.10,1.50
2012.10.11 12:32:33.916,0.78475,0.78483,2.33,2.48
2012.10.11 12:32:34.160,0.78472,0.78483,9.98,2.48
2012.10.11 12:32:34.911,0.78472,0.78481,3.23,1.73
2012.10.11 12:32:36.282,0.78473,0.78481,3.75,1.50
2012.10.11 12:32:36.585,0.78471,0.7848,3.75,1.73
2012.10.11 12:32:36.652,0.78473,0.7848,1.50,1.50
2012.10.11 12:32:36.900,0.78474,0.78481,1.50,2.10
2012.10.11 12:32:37.020,0.78474,0.78481,1.50,2.85
2012.10.11 12:32:37.913,0.78474,0.78481,3.83,2.10
2012.10.11 12:32:38.464,0.78477,0.78484,1.50,2.48
2012.10.11 12:32:39.141,0.78477,0.78484,3.23,2.25
2012.10.11 12:32:39.442,0.78478,0.78487,3.98,2.85
2012.10.11 12:32:39.885,0.78482,0.78488,1.50,2.25
2012.10.11 12:32:40.204,0.78486,0.78494,3.00,2.25
2012.10.11 12:32:40.272,0.78486,0.78494,2.25,1.73
2012.10.11 12:32:40.343,0.78487,0.78495,1.73,3.98
2012.10.11 12:32:40.475,0.78489,0.78496,1.73,2.48
2012.10.11 12:32:40.720,0.78491,0.78498,1.73,1.50
2012.10.11 12:32:41.025,0.78493,0.78499,1.50,1.73
2012.10.11 12:32:41.422,0.78492,0.785,1.73,2.48
2012.10.11 12:32:42.081,0.78492,0.785,1.73,2.48
2012.10.11 12:32:42.632,0.78493,0.785,1.50,1.73
2012.10.11 12:32:43.220,0.78492,0.785,3.23,1.73
2012.10.11 12:32:44.872,0.78489,0.78496,3.75,1.35
2012.10.11 12:32:45.176,0.78485,0.7849,4.13,3.00
2012.10.11 12:32:45.490,0.78482,0.78487,3.00,1.73
2012.10.11 12:32:46.274,0.7848,0.78487,6.75,2.48
2012.10.11 12:32:46.426,0.7848,0.78487,6.23,1.50
2012.10.11 12:32:46.552,0.78484,0.78488,2.25,5.48
2012.10.11 12:32:46.672,0.78479,0.78488,4.15,4.73
2012.10.11 12:32:46.735,0.78487,0.78492,1.50,3.75
2012.10.11 12:32:47.475,0.78485,0.78491,1.50,2.25
2012.10.11 12:32:47.980,0.78486,0.78494,3.98,1.50
2012.10.11 12:32:48.041,0.78484,0.78496,2.48,5.63
2012.10.11 12:32:48.101,0.78484,0.78496,1.73,6.38
2012.10.11 12:32:48.160,0.78483,0.78491,3.23,1.50
2012.10.11 12:32:48.921,0.78483,0.7849,1.73,2.25
2012.10.11 12:32:48.981,0.78483,0.7849,1.73,3.00
2012.10.11 12:32:49.163,0.7848,0.78485,2.25,3.23
2012.10.11 12:32:49.471,0.78475,0.78482,1.50,1.50
2012.10.11 12:32:50.022,0.78477,0.78481,2.25,1.50
2012.10.11 12:32:50.671,0.78479,0.78484,2.48,3.00
2012.10.11 12:32:51.235,0.7848,0.78484,2.25,2.25
2012.10.11 12:32:51.540,0.78478,0.78486,1.73,2.25
2012.10.11 12:32:52.854,0.78478,0.78484,2.48,1.50
2012.10.11 12:32:53.552,0.78477,0.78485,2.25,2.48
2012.10.11 12:32:53.792,0.78476,0.78482,1.13,1.73
2012.10.11 12:32:54.222,0.78476,0.78481,1.13,1.73
2012.10.11 12:32:54.942,0.78479,0.78486,1.73,1.73
2012.10.11 12:32:55.276,0.78478,0.78484,5.25,1.50
2012.10.11 12:32:55.400,0.78481,0.78488,2.25,1.50
2012.10.11 12:32:55.761,0.7848,0.78485,1.73,3.75
2012.10.11 12:32:55.828,0.78473,0.78483,8.40,3.83
2012.10.11 12:32:56.211,0.78472,0.7848,1.50,3.23
2012.10.11 12:32:58.561,0.78472,0.78479,1.50,1.73
2012.10.11 12:32:58.813,0.78472,0.78478,1.50,2.25
2012.10.11 12:32:59.372,0.78473,0.78479,1.50,1.73
2012.10.11 12:32:59.909,0.78472,0.7848,2.25,3.23
2012.10.11 12:33:00.793,0.78473,0.7848,3.00,1.73
2012.10.11 12:33:01.111,0.78473,0.78481,3.98,1.73
2012.10.11 12:33:01.511,0.78474,0.78481,1.50,1.73
2012.10.11 12:33:02.050,0.78474,0.78481,2.48,2.25
2012.10.11 12:33:04.221,0.78473,0.7848,3.00,1.50
2012.10.11 12:33:04.296,0.78471,0.78479,4.73,1.50
2012.10.11 12:33:08.460,0.78474,0.78482,2.48,5.25
2012.10.11 12:33:08.701,0.78475,0.7848,1.50,3.98
2012.10.11 12:33:10.943,0.78471,0.78479,2.48,2.25
2012.10.11 12:33:13.221,0.78473,0.7848,2.48,3.23
2012.10.11 12:33:13.772,0.78478,0.78483,2.63,2.25
2012.10.11 12:33:14.113,0.78479,0.78486,2.48,1.50
2012.10.11 12:33:14.872,0.78481,0.78488,1.73,4.73
2012.10.11 12:33:15.414,0.78481,0.78488,2.48,3.00
2012.10.11 12:33:16.050,0.7848,0.78488,2.48,3.75
2012.10.11 12:33:16.612,0.7848,0.78488,2.48,2.48
2012.10.11 12:33:21.371,0.78481,0.78487,1.50,1.50
2012.10.11 12:33:22.732,0.78481,0.78488,1.50,1.73
2012.10.11 12:33:23.262,0.78479,0.78485,1.13,1.50
2012.10.11 12:33:24.609,0.78478,0.78485,5.48,1.50
2012.10.11 12:33:25.861,0.78478,0.78485,1.50,1.73
2012.10.11 12:33:26.731,0.78479,0.78486,2.25,1.50
2012.10.11 12:33:26.850,0.78479,0.78485,1.50,1.73
2012.10.11 12:33:27.391,0.78477,0.78484,2.48,1.73
2012.10.11 12:33:27.662,0.78476,0.78482,3.00,1.50
2012.10.11 12:33:27.793,0.78476,0.78481,2.25,1.50
2012.10.11 12:33:28.295,0.78475,0.78482,1.50,2.48
2012.10.11 12:33:28.810,0.78475,0.78482,2.25,1.50
2012.10.11 12:33:31.181,0.78473,0.78481,3.00,2.48
2012.10.11 12:33:31.728,0.78475,0.7848,1.50,1.50
2012.10.11 12:33:32.467,0.78473,0.7848,2.25,3.23
2012.10.11 12:33:32.541,0.78475,0.78483,1.50,3.44
2012.10.11 12:33:32.900,0.78475,0.78481,4.35,3.00
2012.10.11 12:33:33.039,0.78476,0.78481,3.98,1.50
2012.10.11 12:33:33.327,0.78479,0.78486,2.25,1.50
2012.10.11 12:33:33.858,0.78479,0.78486,3.75,2.25
2012.10.11 12:33:34.457,0.78474,0.78483,2.40,2.48
2012.10.11 12:33:37.163,0.78472,0.78481,2.25,2.48
2012.10.11 12:33:37.352,0.78474,0.78481,1.50,1.73
2012.10.11 12:33:37.694,0.78474,0.78483,2.25,4.73
2012.10.11 12:33:38.062,0.78476,0.78483,2.25,2.48
2012.10.11 12:33:38.310,0.78477,0.78484,1.50,1.50
2012.10.11 12:33:39.763,0.78475,0.78483,1.50,2.48
2012.10.11 12:33:39.891,0.78477,0.78484,1.50,2.48
2012.10.11 12:33:40.420,0.78477,0.78484,1.50,1.50
2012.10.11 12:33:42.172,0.7848,0.78485,1.50,3.23
2012.10.11 12:33:42.351,0.7848,0.78487,2.25,1.73
2012.10.11 12:33:42.410,0.78482,0.78488,1.50,2.48
2012.10.11 12:33:43.873,0.78481,0.78487,1.50,2.25
2012.10.11 12:33:44.001,0.78479,0.78487,4.50,4.80
2012.10.11 12:33:44.180,0.78481,0.78488,1.50,1.05
2012.10.11 12:33:44.715,0.78479,0.78487,1.50,2.48
2012.10.11 12:33:45.091,0.78479,0.78485,2.25,1.73
2012.10.11 12:33:45.997,0.78479,0.78487,5.85,3.23
2012.10.11 12:33:46.134,0.78481,0.78487,2.48,1.50
2012.10.11 12:33:46.211,0.78481,0.78488,3.00,2.48
2012.10.11 12:33:46.334,0.78483,0.78489,1.50,1.73
2012.10.11 12:33:46.880,0.78481,0.78488,2.25,1.73
2012.10.11 12:33:47.301,0.7848,0.78488,1.50,1.73
2012.10.11 12:33:47.680,0.78479,0.78486,4.13,1.73
2012.10.11 12:33:48.993,0.78479,0.78486,2.25,2.48
2012.10.11 12:33:53.526,0.78479,0.78486,2.25,2.48
2012.10.11 12:33:54.022,0.78474,0.78481,9.94,2.25
2012.10.11 12:33:54.272,0.78477,0.78484,1.50,2.48
2012.10.11 12:33:54.404,0.78477,0.78483,1.50,2.25
2012.10.11 12:33:54.546,0.78478,0.78484,2.25,1.73
2012.10.11 12:33:55.099,0.78478,0.78484,1.50,1.50
2012.10.11 12:33:55.282,0.78477,0.78484,1.50,1.58
2012.10.11 12:33:56.479,0.78476,0.78484,2.25,4.05
2012.10.11 12:33:58.694,0.78478,0.78484,1.50,3.30
2012.10.11 12:33:59.136,0.78475,0.78483,1.50,2.48
2012.10.11 12:33:59.814,0.78472,0.78481,4.50,1.73
2012.10.11 12:34:00.341,0.78474,0.78481,1.50,1.73
2012.10.11 12:34:00.916,0.78474,0.78481,1.50,1.73
2012.10.11 12:34:01.122,0.78476,0.78481,4.50,1.50
2012.10.11 12:34:01.254,0.78476,0.78483,6.60,1.80
2012.10.11 12:34:01.762,0.78478,0.78486,3.00,3.23
2012.10.11 12:34:03.361,0.78479,0.78487,1.50,2.48
2012.10.11 12:34:04.135,0.78478,0.78486,1.50,1.73
2012.10.11 12:34:04.501,0.7848,0.78487,1.50,2.25
2012.10.11 12:34:04.561,0.7848,0.78488,1.50,2.48
2012.10.11 12:34:04.623,0.78479,0.78487,3.98,1.73
2012.10.11 12:34:04.752,0.78479,0.78487,1.50,1.80
2012.10.11 12:34:05.922,0.78479,0.78486,1.50,1.73
2012.10.11 12:34:06.234,0.7848,0.78488,2.48,1.50
2012.10.11 12:34:12.022,0.7848,0.78487,2.25,3.00
2012.10.11 12:34:12.151,0.78478,0.78485,3.98,3.00
2012.10.11 12:34:14.254,0.7848,0.78487,2.25,1.50
2012.10.11 12:34:18.533,0.78478,0.78486,2.85,1.50
2012.10.11 12:34:19.046,0.78478,0.78485,2.33,1.50
2012.10.11 12:34:20.081,0.78479,0.78487,1.73,1.50
2012.10.11 12:34:22.127,0.78479,0.78487,3.00,1.50
2012.10.11 12:34:22.757,0.7848,0.78487,1.50,1.50
2012.10.11 12:34:37.870,0.7848,0.78487,2.48,2.25
2012.10.11 12:34:39.512,0.78482,0.78487,1.50,1.50
2012.10.11 12:34:40.032,0.78482,0.78487,1.50,1.50
2012.10.11 12:34:43.440,0.78481,0.78487,1.73,1.50
2012.10.11 12:34:44.401,0.7848,0.78487,2.48,1.50
2012.10.11 12:34:45.381,0.7848,0.78485,1.73,1.50
2012.10.11 12:34:45.740,0.78477,0.78482,1.50,1.50
2012.10.11 12:34:46.050,0.78474,0.7848,3.60,1.50
2012.10.11 12:34:46.590,0.78474,0.78482,4.58,2.25
2012.10.11 12:34:47.150,0.78475,0.78482,1.73,1.50
2012.10.11 12:34:47.210,0.78474,0.7848,3.60,1.50
2012.10.11 12:34:47.570,0.78474,0.78482,7.58,1.50
2012.10.11 12:34:48.201,0.78476,0.78482,1.73,1.50
2012.10.11 12:34:48.501,0.78477,0.78484,1.50,2.48
2012.10.11 12:34:49.212,0.78477,0.78484,1.50,2.48
2012.10.11 12:34:50.430,0.78477,0.78484,2.48,1.50
2012.10.11 12:34:50.611,0.7848,0.78486,1.73,2.25
2012.10.11 12:34:52.881,0.78478,0.78486,9.60,1.88
2012.10.11 12:34:53.420,0.78479,0.78486,2.48,1.50
2012.10.11 12:34:53.970,0.78479,0.78485,2.25,6.00
2012.10.11 12:34:54.480,0.78479,0.78487,1.73,2.25
2012.10.11 12:34:54.969,0.7848,0.78487,1.73,1.50
2012.10.11 12:34:55.880,0.7848,0.78487,1.73,1.73
2012.10.11 12:34:57.199,0.7848,0.78487,1.73,3.98
2012.10.11 12:34:57.500,0.78478,0.78486,1.73,6.23
2012.10.11 12:34:57.741,0.78477,0.78484,1.73,3.23
2012.10.11 12:34:57.802,0.78474,0.78481,3.00,2.25
2012.10.11 12:34:58.654,0.78474,0.7848,1.73,1.50
2012.10.11 12:34:59.340,0.78475,0.78483,3.00,1.73
2012.10.11 12:34:59.920,0.78475,0.78484,3.75,1.73
2012.10.11 12:35:03.284,0.78475,0.78481,1.50,1.50
2012.10.11 12:35:03.422,0.78474,0.78481,1.50,1.73
2012.10.11 12:35:03.931,0.78475,0.78482,1.50,2.63
2012.10.11 12:35:04.512,0.78476,0.78483,1.50,1.50
2012.10.11 12:35:04.571,0.78476,0.78484,2.25,1.73
2012.10.11 12:35:04.932,0.78477,0.78484,2.48,1.73
2012.10.11 12:35:05.176,0.78476,0.78483,1.50,1.73
2012.10.11 12:35:06.559,0.78476,0.78483,1.73,1.73
2012.10.11 12:35:07.791,0.78475,0.78483,6.08,1.73
2012.10.11 12:35:08.522,0.7848,0.78485,2.85,2.25
2012.10.11 12:35:08.831,0.7848,0.78487,3.00,5.25
2012.10.11 12:35:09.071,0.7848,0.78485,1.50,5.48
2012.10.11 12:35:09.612,0.78479,0.78486,3.23,1.73
2012.10.11 12:35:10.552,0.78479,0.78486,1.73,1.73
2012.10.11 12:35:12.640,0.78479,0.78487,2.48,1.50
2012.10.11 12:35:12.931,0.78479,0.78486,2.85,1.73
2012.10.11 12:35:12.990,0.78479,0.78486,2.48,1.73
2012.10.11 12:35:13.203,0.7848,0.78487,2.48,1.50
2012.10.11 12:35:13.736,0.78481,0.78487,1.50,1.73
2012.10.11 12:35:15.322,0.78482,0.78488,3.75,4.50
2012.10.11 12:35:15.381,0.78483,0.7849,1.50,2.48
2012.10.11 12:35:18.420,0.78483,0.7849,1.50,2.48
2012.10.11 12:35:18.481,0.78483,0.7849,1.50,2.48
2012.10.11 12:35:22.912,0.78481,0.78485,4.59,1.50
2012.10.11 12:35:23.154,0.7848,0.78485,3.75,5.25
2012.10.11 12:35:23.461,0.78477,0.78484,2.25,1.73
2012.10.11 12:35:24.531,0.78474,0.78484,2.25,3.23
2012.10.11 12:35:25.090,0.78472,0.78479,2.48,1.73
2012.10.11 12:35:25.180,0.78473,0.7848,1.50,2.48
2012.10.11 12:35:25.900,0.78473,0.78481,2.25,2.48
2012.10.11 12:35:28.210,0.78473,0.78481,2.25,2.25
2012.10.11 12:35:28.713,0.78473,0.78481,1.50,2.48
2012.10.11 12:35:28.790,0.78474,0.78481,1.50,3.23
2012.10.11 12:35:29.330,0.78473,0.78481,2.25,3.23
2012.10.11 12:35:32.090,0.78473,0.78481,1.50,2.48
2012.10.11 12:35:33.873,0.78471,0.78479,1.73,3.23
2012.10.11 12:35:33.953,0.7847,0.78478,2.48,3.00
2012.10.11 12:35:34.384,0.78471,0.78477,1.50,1.73
2012.10.11 12:35:34.874,0.78469,0.78477,2.48,1.73
2012.10.11 12:35:35.332,0.78471,0.78478,2.25,1.73
2012.10.11 12:35:35.648,0.78486,0.78491,2.33,9.38
2012.10.11 12:35:35.772,0.78488,0.78494,3.75,2.48
2012.10.11 12:35:35.974,0.7849,0.78495,1.73,1.88
2012.10.11 12:35:36.233,0.78491,0.78498,2.25,3.00
2012.10.11 12:35:38.741,0.78489,0.78494,1.50,5.25
2012.10.11 12:35:39.221,0.78497,0.78503,1.73,1.50
2012.10.11 12:35:39.585,0.78496,0.78503,2.10,3.00
2012.10.11 12:35:39.773,0.78496,0.78505,3.08,2.25
2012.10.11 12:35:40.033,0.78496,0.78503,2.48,5.25
2012.10.11 12:35:40.223,0.78496,0.78503,3.23,1.50
2012.10.11 12:35:40.877,0.78499,0.78505,1.73,3.00
2012.10.11 12:35:41.367,0.78494,0.78499,2.25,1.50
2012.10.11 12:35:41.679,0.78498,0.78503,2.25,3.75
2012.10.11 12:35:41.751,0.78504,0.78509,1.75,12.75
2012.10.11 12:35:42.102,0.78513,0.78518,1.50,2.25
2012.10.11 12:35:42.464,0.78515,0.78525,3.15,3.00
2012.10.11 12:35:42.549,0.78504,0.78514,7.07,3.08
2012.10.11 12:35:42.683,0.78517,0.78523,1.50,2.93
2012.10.11 12:35:42.815,0.78517,0.78522,3.00,2.33
2012.10.11 12:35:43.381,0.78518,0.78522,1.88,3.75
2012.10.11 12:35:43.442,0.78521,0.78528,3.00,2.10
2012.10.11 12:35:43.511,0.78522,0.78526,2.25,2.10
2012.10.11 12:35:43.572,0.78525,0.78532,3.25,1.88
2012.10.11 12:35:43.903,0.78527,0.78531,1.50,1.50
2012.10.11 12:35:44.054,0.78529,0.78536,1.58,1.65
2012.10.11 12:35:44.431,0.7853,0.78536,2.48,1.50
2012.10.11 12:35:44.555,0.7853,0.78536,2.48,1.50
2012.10.11 12:35:45.053,0.78532,0.7854,1.73,1.50
2012.10.11 12:35:45.482,0.78531,0.78536,1.73,1.50
2012.10.11 12:35:45.996,0.78531,0.78537,3.23,5.25
2012.10.11 12:35:46.371,0.78531,0.78539,5.33,2.25
2012.10.11 12:35:46.671,0.78532,0.7854,3.00,2.48
2012.10.11 12:35:47.291,0.78532,0.78539,2.25,2.48
2012.10.11 12:35:47.412,0.78533,0.7854,1.50,1.73
2012.10.11 12:35:47.473,0.78536,0.7854,3.75,1.50
2012.10.11 12:35:47.630,0.78532,0.7854,8.25,1.73
2012.10.11 12:35:47.693,0.78533,0.7854,2.25,3.23
2012.10.11 12:35:48.435,0.78532,0.78539,6.75,1.73
2012.10.11 12:35:49.894,0.78533,0.7854,1.50,3.98
2012.10.11 12:35:50.201,0.78537,0.78543,7.50,2.63
2012.10.11 12:35:50.263,0.78535,0.78543,1.73,1.73
2012.10.11 12:35:50.800,0.78535,0.78545,2.48,4.88
2012.10.11 12:35:51.473,0.78535,0.78546,2.48,2.48
2012.10.11 12:35:51.961,0.78534,0.78544,3.75,2.25
2012.10.11 12:35:52.026,0.78534,0.78543,3.23,1.50
2012.10.11 12:35:52.594,0.78533,0.78542,3.23,3.00
2012.10.11 12:35:52.661,0.78534,0.78542,1.73,3.38
2012.10.11 12:35:52.781,0.78533,0.78542,3.23,3.00
2012.10.11 12:35:52.961,0.78532,0.78539,1.28,1.50
2012.10.11 12:35:53.024,0.78532,0.7854,1.50,1.73
2012.10.11 12:35:53.583,0.78533,0.78538,7.73,1.50
2012.10.11 12:35:54.014,0.78529,0.78537,1.50,2.25
2012.10.11 12:35:54.083,0.78527,0.78533,1.35,1.50
2012.10.11 12:35:54.157,0.78528,0.78538,1.73,1.13
2012.10.11 12:35:54.281,0.78531,0.78537,7.73,3.00
2012.10.11 12:35:54.401,0.78529,0.78536,1.73,1.73
2012.10.11 12:35:54.461,0.78531,0.78536,7.50,1.50
2012.10.11 12:35:54.641,0.78532,0.78538,7.50,2.44
2012.10.11 12:35:54.903,0.7853,0.78538,7.50,3.23
2012.10.11 12:35:55.253,0.78528,0.78537,7.50,2.48
2012.10.11 12:35:55.321,0.78527,0.78536,9.23,1.73
2012.10.11 12:35:55.502,0.78531,0.78536,7.50,1.50
2012.10.11 12:35:55.631,0.78528,0.78536,7.73,2.25
2012.10.11 12:35:55.933,0.78526,0.78534,7.73,2.25
2012.10.11 12:35:56.272,0.78526,0.78532,7.50,2.48
2012.10.11 12:35:56.864,0.78531,0.78535,2.10,2.25
2012.10.11 12:35:57.112,0.78536,0.78541,3.75,5.48
2012.10.11 12:35:57.352,0.78533,0.7854,7.50,1.73
2012.10.11 12:35:58.023,0.78533,0.78538,7.50,2.25
2012.10.11 12:35:58.333,0.78531,0.78538,1.50,1.50
2012.10.11 12:35:58.404,0.7853,0.78537,7.50,1.73
2012.10.11 12:35:58.472,0.78533,0.78538,7.50,1.50
2012.10.11 12:35:58.608,0.78533,0.78539,6.75,3.08
2012.10.11 12:35:58.791,0.7853,0.78536,6.98,2.25
2012.10.11 12:35:58.851,0.78529,0.78536,4.50,2.48
2012.10.11 12:35:58.911,0.78532,0.78538,7.50,5.10
2012.10.11 12:35:59.092,0.78532,0.78538,7.73,3.23
2012.10.11 12:35:59.666,0.78532,0.78539,6.98,3.23
2012.10.11 12:35:59.805,0.7854,0.78545,7.50,6.90
2012.10.11 12:35:59.932,0.78538,0.78543,8.48,1.50
2012.10.11 12:36:00.073,0.78541,0.78547,7.50,1.50
2012.10.11 12:36:00.143,0.78538,0.78545,1.73,1.73
2012.10.11 12:36:00.690,0.78538,0.78546,1.73,1.73
2012.10.11 12:36:01.852,0.78538,0.78546,2.48,1.73
2012.10.11 12:36:02.392,0.78538,0.78547,1.73,3.23
2012.10.11 12:36:02.903,0.78537,0.78547,3.15,3.98
2012.10.11 12:36:03.423,0.78536,0.78545,4.73,2.48
2012.10.11 12:36:03.793,0.78539,0.78547,1.73,4.73
2012.10.11 12:36:04.043,0.78541,0.78547,1.73,1.50
2012.10.11 12:36:04.650,0.78541,0.78551,1.50,5.48
2012.10.11 12:36:06.353,0.78538,0.78546,1.73,1.73
2012.10.11 12:36:06.423,0.78535,0.78545,1.73,3.23
2012.10.11 12:36:06.611,0.78534,0.78545,2.48,3.98
2012.10.11 12:36:06.793,0.78533,0.78542,2.48,1.50
2012.10.11 12:36:06.921,0.78532,0.78542,3.98,1.73
2012.10.11 12:36:07.281,0.78531,0.78539,1.05,2.48
2012.10.11 12:36:07.782,0.78531,0.78539,1.50,2.48
2012.10.11 12:36:08.823,0.78531,0.78539,2.25,1.73
2012.10.11 12:36:09.271,0.78529,0.78538,2.48,1.73
2012.10.11 12:36:09.811,0.78529,0.78538,1.73,3.23
2012.10.11 12:36:10.342,0.78528,0.78536,2.48,1.13
2012.10.11 12:36:10.402,0.78528,0.78536,2.25,1.35
2012.10.11 12:36:12.631,0.78528,0.78537,3.00,2.10
2012.10.11 12:36:12.933,0.7853,0.78538,3.00,1.73
2012.10.11 12:36:13.480,0.7853,0.78539,2.25,1.73
2012.10.11 12:36:13.981,0.78529,0.78537,1.73,1.35
2012.10.11 12:36:14.100,0.78525,0.78533,4.50,1.73
2012.10.11 12:36:14.222,0.78528,0.78536,1.13,3.23
2012.10.11 12:36:14.284,0.78527,0.78534,3.00,3.23
2012.10.11 12:36:14.590,0.78527,0.78534,1.50,1.88
2012.10.11 12:36:14.711,0.78527,0.78535,1.50,3.98
2012.10.11 12:36:15.094,0.78528,0.78535,1.50,1.73
2012.10.11 12:36:16.200,0.78529,0.78535,1.50,1.73
2012.10.11 12:36:16.512,0.7853,0.78537,3.00,1.73
2012.10.11 12:36:17.051,0.78529,0.78537,3.23,3.98
2012.10.11 12:36:17.424,0.78528,0.78535,1.50,3.23
2012.10.11 12:36:19.093,0.78528,0.78535,3.00,1.73
2012.10.11 12:36:19.611,0.78526,0.78533,1.50,1.73
2012.10.11 12:36:20.093,0.78527,0.78534,1.73,1.73
2012.10.11 12:36:21.053,0.78526,0.78534,7.58,1.73
2012.10.11 12:36:21.623,0.78527,0.78533,1.50,1.50
2012.10.11 12:36:21.704,0.78528,0.78535,2.25,1.35
2012.10.11 12:36:22.230,0.78528,0.78535,1.50,1.35
2012.10.11 12:36:26.091,0.78527,0.78536,2.55,1.73
2012.10.11 12:36:26.860,0.78527,0.78536,2.55,2.48
2012.10.11 12:36:26.981,0.78526,0.78532,2.85,1.73
2012.10.11 12:36:27.341,0.78524,0.78532,1.05,4.73
2012.10.11 12:36:27.900,0.78523,0.78531,3.00,1.50
2012.10.11 12:36:28.083,0.78525,0.78533,1.50,1.73
2012.10.11 12:36:28.211,0.78524,0.78533,3.00,1.73
2012.10.11 12:36:28.273,0.78524,0.78532,1.50,1.73
2012.10.11 12:36:28.460,0.78522,0.7853,3.00,1.73
2012.10.11 12:36:28.702,0.78522,0.78528,2.25,1.50
2012.10.11 12:36:29.450,0.7852,0.78527,4.58,3.23
2012.10.11 12:36:29.643,0.7852,0.78527,2.48,3.23
2012.10.11 12:36:30.191,0.78518,0.78524,1.50,1.50
2012.10.11 12:36:31.011,0.78519,0.78526,3.83,1.73
2012.10.11 12:36:31.071,0.78519,0.78527,3.83,1.73
2012.10.11 12:36:31.667,0.78519,0.78526,3.08,2.48
2012.10.11 12:36:32.430,0.78519,0.78525,2.33,1.50
2012.10.11 12:36:32.970,0.78518,0.78527,3.83,2.48
2012.10.11 12:36:34.014,0.78519,0.78527,1.58,1.73
2012.10.11 12:36:36.860,0.78519,0.78527,2.33,2.48
2012.10.11 12:36:38.031,0.78521,0.78527,1.35,1.73
2012.10.11 12:36:38.332,0.78525,0.78531,3.23,2.25
2012.10.11 12:36:38.694,0.78523,0.78528,6.00,1.50
2012.10.11 12:36:38.971,0.78528,0.78533,1.50,1.50
2012.10.11 12:36:40.791,0.78528,0.78535,1.50,1.73
2012.10.11 12:36:43.192,0.78527,0.78535,1.50,2.48
2012.10.11 12:36:44.503,0.78526,0.78534,2.63,3.98
2012.10.11 12:36:44.631,0.78523,0.78528,3.15,5.25
2012.10.11 12:36:45.312,0.78522,0.7853,3.75,3.75
2012.10.11 12:36:45.871,0.78522,0.78529,2.25,1.50
2012.10.11 12:36:46.052,0.78521,0.78528,1.50,1.73
2012.10.11 12:36:46.650,0.78521,0.78528,1.35,2.48
2012.10.11 12:36:47.191,0.78519,0.78527,1.73,1.73
2012.10.11 12:36:47.747,0.7852,0.78528,1.50,3.23
2012.10.11 12:36:48.051,0.78521,0.78528,1.50,1.73
2012.10.11 12:36:48.861,0.7852,0.78527,1.50,1.73
2012.10.11 12:36:50.040,0.78518,0.78526,3.83,1.50
2012.10.11 12:36:51.132,0.7852,0.78528,1.50,1.73
2012.10.11 12:36:53.532,0.78521,0.78528,1.50,2.48
2012.10.11 12:36:53.673,0.7852,0.78527,1.50,1.73
2012.10.11 12:36:53.970,0.78522,0.78528,1.50,1.73
2012.10.11 12:36:57.833,0.78522,0.78529,1.50,3.00
2012.10.11 12:36:58.022,0.78521,0.78528,1.50,1.73
2012.10.11 12:36:58.922,0.7852,0.78528,1.50,2.48
2012.10.11 12:36:59.472,0.7852,0.78528,2.18,3.98
2012.10.11 12:36:59.601,0.78521,0.78528,1.43,1.73
2012.10.11 12:37:00.138,0.7852,0.78528,2.18,1.73
2012.10.11 12:37:02.291,0.78521,0.78529,1.43,4.73
2012.10.11 12:37:03.293,0.78522,0.78529,1.43,2.48
2012.10.11 12:37:03.422,0.78523,0.7853,1.43,3.00
2012.10.11 12:37:03.781,0.78523,0.78531,1.43,1.73
2012.10.11 12:37:04.367,0.78523,0.78531,1.50,1.73
2012.10.11 12:37:04.672,0.78522,0.78528,1.50,2.48
2012.10.11 12:37:05.080,0.7852,0.78528,2.48,3.23
2012.10.11 12:37:05.383,0.78518,0.78525,1.35,2.25
2012.10.11 12:37:05.691,0.78519,0.78525,1.73,1.50
2012.10.11 12:37:08.410,0.78519,0.78527,1.50,3.98
2012.10.11 12:37:08.831,0.78517,0.78523,3.75,3.00
2012.10.11 12:37:09.264,0.78516,0.78523,2.48,3.00
2012.10.11 12:37:09.822,0.78517,0.78522,1.50,2.25
2012.10.11 12:37:09.942,0.78516,0.78521,1.73,1.50
2012.10.11 12:37:10.015,0.78517,0.78524,1.50,1.73
2012.10.11 12:37:10.261,0.78519,0.78526,2.48,1.50
2012.10.11 12:37:10.563,0.78523,0.7853,2.25,1.50
2012.10.11 12:37:11.230,0.78522,0.78529,2.25,2.25
2012.10.11 12:37:12.464,0.7852,0.78529,1.50,4.73
2012.10.11 12:37:12.901,0.7852,0.78529,1.50,4.73
2012.10.11 12:37:13.461,0.7852,0.78527,1.50,1.73
2012.10.11 12:37:13.983,0.78519,0.78525,3.23,1.50
2012.10.11 12:37:14.530,0.7852,0.78527,1.50,2.48
2012.10.11 12:37:16.221,0.78519,0.78524,1.73,1.50
2012.10.11 12:37:16.731,0.78519,0.78526,3.23,1.50
2012.10.11 12:37:17.519,0.78519,0.78527,3.98,3.23
2012.10.11 12:37:17.990,0.78519,0.78526,3.23,1.50
2012.10.11 12:37:20.671,0.78518,0.78526,1.73,4.50
2012.10.11 12:37:21.433,0.78519,0.78526,1.50,3.23
2012.10.11 12:37:22.016,0.78517,0.78525,1.50,1.73
2012.10.11 12:37:22.591,0.78518,0.78525,1.50,3.23
2012.10.11 12:37:22.711,0.78519,0.78525,1.73,2.25
2012.10.11 12:37:24.486,0.7852,0.78527,1.73,1.73
2012.10.11 12:37:26.082,0.7852,0.78528,1.73,4.73
2012.10.11 12:37:27.524,0.7852,0.78528,2.48,3.98
2012.10.11 12:37:28.900,0.7852,0.78528,2.48,3.98
2012.10.11 12:37:30.115,0.7852,0.78527,1.73,1.73
2012.10.11 12:37:30.631,0.78519,0.78526,2.48,1.73
2012.10.11 12:37:31.931,0.78519,0.78527,3.23,3.98
2012.10.11 12:37:32.488,0.78519,0.78527,3.23,2.48
2012.10.11 12:37:33.452,0.78518,0.78525,5.10,3.00
2012.10.11 12:37:33.640,0.78519,0.78525,1.50,2.48
2012.10.11 12:37:35.047,0.78517,0.78524,1.50,1.73
2012.10.11 12:37:38.213,0.78517,0.78525,2.25,1.73
2012.10.11 12:37:38.524,0.78517,0.78524,1.50,2.48
2012.10.11 12:37:38.653,0.78515,0.78522,2.85,1.50
2012.10.11 12:37:38.841,0.78514,0.78522,1.35,3.23
2012.10.11 12:37:39.261,0.78513,0.78518,1.50,1.73
2012.10.11 12:37:39.321,0.78511,0.78518,1.50,2.48
2012.10.11 12:37:39.501,0.78513,0.78519,1.50,3.00
2012.10.11 12:37:40.591,0.78513,0.78518,1.50,1.73
2012.10.11 12:37:41.571,0.78513,0.78519,2.25,2.25
2012.10.11 12:37:42.111,0.78511,0.78518,2.25,3.23
2012.10.11 12:37:45.321,0.78512,0.78518,2.25,1.50
2012.10.11 12:37:45.722,0.78511,0.78518,1.50,2.48
2012.10.11 12:37:46.701,0.78511,0.78518,1.50,1.73
2012.10.11 12:37:47.150,0.78512,0.78518,1.50,1.50
2012.10.11 12:37:47.332,0.78515,0.78521,1.50,1.73
2012.10.11 12:37:47.391,0.78515,0.78522,2.25,2.25
2012.10.11 12:37:47.512,0.78515,0.78523,2.48,1.73
2012.10.11 12:37:47.811,0.78514,0.78521,3.23,1.73
2012.10.11 12:37:49.269,0.78515,0.78524,1.73,3.98
2012.10.11 12:37:49.845,0.78514,0.78522,1.73,1.73
2012.10.11 12:37:51.052,0.78515,0.78523,1.73,1.73
2012.10.11 12:37:56.121,0.78513,0.78521,4.50,1.73
2012.10.11 12:37:56.806,0.78514,0.78519,1.50,1.73
2012.10.11 12:37:56.933,0.78511,0.78518,2.25,1.73
2012.10.11 12:37:57.065,0.7851,0.78515,1.50,1.73
2012.10.11 12:37:57.373,0.78505,0.78511,1.50,1.50
2012.10.11 12:37:57.442,0.78503,0.78511,1.50,1.73
2012.10.11 12:37:57.992,0.78505,0.7851,2.25,2.25
2012.10.11 12:38:00.231,0.78502,0.78509,2.25,2.48
2012.10.11 12:38:00.710,0.78502,0.78509,1.50,2.48
2012.10.11 12:38:02.096,0.78502,0.78509,1.50,1.50
2012.10.11 12:38:05.882,0.78501,0.78508,2.25,1.50
2012.10.11 12:38:06.200,0.78506,0.78513,1.50,1.50
2012.10.11 12:38:07.472,0.78507,0.78514,1.50,3.75
2012.10.11 12:38:08.501,0.78508,0.78514,1.50,1.73
2012.10.11 12:38:09.551,0.78506,0.78513,2.25,1.73
2012.10.11 12:38:10.036,0.78507,0.78513,1.50,2.48
2012.10.11 12:38:10.172,0.78506,0.78515,1.50,1.73
2012.10.11 12:38:10.352,0.78506,0.78513,1.50,1.73
2012.10.11 12:38:11.521,0.78505,0.78513,3.75,2.48
2012.10.11 12:38:12.057,0.78505,0.78512,1.50,2.48
2012.10.11 12:38:12.600,0.78505,0.78511,1.50,1.50
2012.10.11 12:38:29.658,0.78504,0.78511,3.08,2.25
2012.10.11 12:38:36.360,0.78502,0.7851,3.75,1.73
2012.10.11 12:38:36.421,0.78503,0.7851,1.50,1.73
2012.10.11 12:38:36.950,0.78503,0.78511,5.33,1.50
2012.10.11 12:38:40.973,0.78503,0.7851,1.73,1.50
2012.10.11 12:38:41.300,0.78502,0.78509,2.25,1.73
2012.10.11 12:38:43.372,0.78503,0.7851,1.50,2.48
2012.10.11 12:38:49.993,0.78503,0.78509,1.50,1.73
2012.10.11 12:39:07.438,0.78503,0.78508,1.50,1.50
2012.10.11 12:39:07.620,0.78501,0.78507,3.75,1.73
2012.10.11 12:39:08.171,0.78501,0.78507,2.25,1.73
2012.10.11 12:39:08.740,0.78501,0.78507,2.25,1.73
2012.10.11 12:39:09.040,0.78501,0.78508,3.00,3.00
2012.10.11 12:39:09.742,0.78501,0.78507,1.73,2.25
2012.10.11 12:39:10.044,0.78498,0.78506,3.75,1.50
2012.10.11 12:39:10.111,0.78498,0.78506,3.23,1.50
2012.10.11 12:39:10.800,0.78499,0.78506,1.73,1.50
2012.10.11 12:39:11.340,0.78499,0.78506,2.10,2.25
2012.10.11 12:39:11.851,0.78498,0.78505,3.08,1.50
2012.10.11 12:39:12.631,0.78499,0.78505,1.73,1.50
2012.10.11 12:39:12.876,0.785,0.78507,1.50,1.73
2012.10.11 12:39:13.001,0.78499,0.78506,1.73,1.50
2012.10.11 12:39:21.880,0.78498,0.78505,1.73,1.50
2012.10.11 12:39:24.811,0.78497,0.78503,2.57,3.00
2012.10.11 12:39:24.933,0.78494,0.785,1.50,1.73
2012.10.11 12:39:25.481,0.78491,0.78497,1.50,1.50
2012.10.11 12:39:25.541,0.78491,0.78497,1.50,1.73
2012.10.11 12:39:25.840,0.78489,0.78497,4.73,1.73
2012.10.11 12:39:26.359,0.78489,0.78497,2.48,1.73
2012.10.11 12:39:27.511,0.7849,0.78498,2.25,2.48
2012.10.11 12:39:28.411,0.7849,0.78496,1.80,1.50
2012.10.11 12:39:28.532,0.78487,0.78496,3.23,3.00
2012.10.11 12:39:28.712,0.78486,0.78493,2.48,1.50
2012.10.11 12:39:29.010,0.78485,0.78494,2.48,4.73
2012.10.11 12:39:29.521,0.78484,0.78493,2.48,1.50
2012.10.11 12:39:29.581,0.78486,0.78494,1.73,2.48
2012.10.11 12:39:29.641,0.78487,0.78495,1.50,3.98
2012.10.11 12:39:31.359,0.78489,0.78499,1.73,1.73
2012.10.11 12:39:37.341,0.78492,0.78499,1.73,3.23
2012.10.11 12:39:37.851,0.78492,0.78499,1.73,1.73
2012.10.11 12:39:38.520,0.78491,0.78499,2.48,1.73
2012.10.11 12:39:42.091,0.78491,0.78499,1.73,3.23
2012.10.11 12:39:42.151,0.7849,0.78497,2.25,1.73
2012.10.11 12:39:42.571,0.78488,0.78496,2.05,2.25
2012.10.11 12:39:43.111,0.78488,0.78496,3.23,2.25
2012.10.11 12:39:43.621,0.78485,0.78493,4.43,1.50
2012.10.11 12:39:44.101,0.78487,0.78494,2.25,3.23
2012.10.11 12:39:44.160,0.78485,0.78492,5.55,1.50
2012.10.11 12:39:45.765,0.78481,0.7849,4.22,3.83
2012.10.11 12:39:47.261,0.78482,0.7849,1.50,1.73
2012.10.11 12:39:48.765,0.78483,0.7849,2.25,1.73
2012.10.11 12:39:50.191,0.78482,0.78491,1.50,2.48
2012.10.11 12:39:50.750,0.78484,0.78491,1.50,1.73
2012.10.11 12:39:51.360,0.78484,0.78492,1.73,1.73
2012.10.11 12:39:51.913,0.78484,0.78493,2.48,2.48
2012.10.11 12:39:51.971,0.78484,0.78488,1.73,1.50
2012.10.11 12:39:52.512,0.78483,0.7849,1.50,3.98
2012.10.11 12:39:52.872,0.78484,0.7849,1.73,1.50
2012.10.11 12:39:53.690,0.78483,0.78493,3.98,2.48
2012.10.11 12:40:04.263,0.78482,0.78491,3.00,1.73
2012.10.11 12:40:04.565,0.78482,0.7849,1.50,3.98
2012.10.11 12:40:04.632,0.78482,0.7849,1.50,1.73
2012.10.11 12:40:06.903,0.78483,0.78492,4.73,3.23
2012.10.11 12:40:07.211,0.78482,0.78492,3.23,3.23
2012.10.11 12:40:07.908,0.78482,0.78491,2.48,1.73
2012.10.11 12:40:09.291,0.78482,0.78491,4.73,2.25
2012.10.11 12:40:09.672,0.78482,0.78491,2.48,2.48
2012.10.11 12:40:10.381,0.78481,0.78488,2.80,1.73
2012.10.11 12:40:10.442,0.78481,0.78488,2.57,2.48
2012.10.11 12:40:10.803,0.78478,0.78485,1.50,1.73
2012.10.11 12:40:10.861,0.78476,0.78485,2.80,1.73
2012.10.11 12:40:12.411,0.78476,0.78487,4.30,5.48
2012.10.11 12:40:14.991,0.78478,0.78487,2.25,2.25
2012.10.11 12:40:15.172,0.78478,0.78487,1.73,4.28
2012.10.11 12:40:15.235,0.78477,0.78484,2.10,1.50
2012.10.11 12:40:15.305,0.78476,0.78484,3.23,3.00
2012.10.11 12:40:15.621,0.78475,0.78483,2.48,1.73
2012.10.11 12:40:15.801,0.78475,0.78484,2.48,2.48
2012.10.11 12:40:16.744,0.78477,0.78484,1.50,1.73
2012.10.11 12:40:16.813,0.78477,0.78484,1.50,3.23
2012.10.11 12:40:16.942,0.78474,0.78483,6.40,3.23
2012.10.11 12:40:17.421,0.78475,0.78483,2.12,1.73
2012.10.11 12:40:18.313,0.78476,0.78485,4.73,1.73
2012.10.11 12:40:18.655,0.78477,0.78485,1.73,1.73
2012.10.11 12:40:19.533,0.78478,0.78486,3.83,1.73
2012.10.11 12:40:20.293,0.78481,0.78487,1.73,1.50
2012.10.11 12:40:20.532,0.78482,0.7849,3.23,1.73
2012.10.11 12:40:21.122,0.78483,0.78491,1.50,3.23
2012.10.11 12:40:29.663,0.78482,0.78489,1.73,1.73
2012.10.11 12:40:30.474,0.78482,0.78489,1.50,1.73
2012.10.11 12:40:31.151,0.78482,0.78489,2.25,1.73
2012.10.11 12:40:33.402,0.7848,0.78487,4.13,1.50
2012.10.11 12:40:33.583,0.78477,0.78486,1.73,1.73
2012.10.11 12:40:34.132,0.78478,0.78486,1.50,1.73
2012.10.11 12:40:34.751,0.78478,0.78487,2.25,2.78
2012.10.11 12:40:35.273,0.78478,0.78487,2.48,1.73
2012.10.11 12:40:37.041,0.78479,0.78484,2.10,1.50
2012.10.11 12:40:37.342,0.78477,0.78484,1.50,1.73
2012.10.11 12:40:37.880,0.78476,0.78484,1.50,1.73
2012.10.11 12:40:38.286,0.78477,0.78486,1.50,1.73
2012.10.11 12:40:38.423,0.78479,0.78488,1.73,3.98
2012.10.11 12:40:38.552,0.78479,0.78488,3.00,3.98
2012.10.11 12:40:39.062,0.78479,0.78485,1.50,1.73
2012.10.11 12:40:39.843,0.78478,0.78486,2.48,1.73
2012.10.11 12:40:40.201,0.78478,0.78486,1.50,1.73
2012.10.11 12:40:40.260,0.78478,0.78485,2.25,1.73
2012.10.11 12:40:40.743,0.78477,0.78484,3.00,1.73
2012.10.11 12:40:41.373,0.78478,0.78485,1.50,1.73
2012.10.11 12:40:41.431,0.78481,0.78488,2.25,3.00
2012.10.11 12:40:41.551,0.78481,0.78486,1.50,1.50
2012.10.11 12:40:41.861,0.78478,0.78485,1.65,1.73
2012.10.11 12:40:42.162,0.78477,0.78483,1.73,1.58
2012.10.11 12:40:42.282,0.78474,0.78481,2.25,4.35
2012.10.11 12:40:42.821,0.78475,0.78482,1.50,3.75
2012.10.11 12:40:42.941,0.78475,0.78483,4.50,2.48
2012.10.11 12:40:48.628,0.78477,0.78484,1.50,2.48
2012.10.11 12:40:51.430,0.78478,0.78485,3.00,2.25
2012.10.11 12:40:52.051,0.78478,0.78485,1.50,3.98
2012.10.11 12:40:52.292,0.7848,0.78485,2.25,2.25
2012.10.11 12:40:52.593,0.78482,0.78487,1.73,1.50
2012.10.11 12:40:52.721,0.78482,0.78488,3.23,1.73
2012.10.11 12:40:52.843,0.78483,0.78491,3.75,2.25
2012.10.11 12:40:52.915,0.78483,0.78491,1.50,3.23
2012.10.11 12:40:54.352,0.78482,0.78489,1.73,1.73
2012.10.11 12:40:54.909,0.78481,0.78488,3.08,1.50
2012.10.11 12:40:55.454,0.78482,0.78491,5.74,1.73
2012.10.11 12:40:55.522,0.78484,0.78492,2.48,3.23
2012.10.11 12:40:55.702,0.78482,0.7849,5.31,2.48
2012.10.11 12:40:55.941,0.78483,0.78488,1.50,1.50
2012.10.11 12:41:04.861,0.78482,0.7849,1.50,3.23
2012.10.11 12:41:04.922,0.78484,0.78491,1.50,3.98
2012.10.11 12:41:05.532,0.78482,0.7849,3.00,1.73
2012.10.11 12:41:05.961,0.78483,0.7849,1.50,1.73
2012.10.11 12:41:06.022,0.78484,0.78491,1.50,1.73
2012.10.11 12:41:06.141,0.78485,0.78491,2.25,1.50
2012.10.11 12:41:06.683,0.78489,0.78494,1.50,3.75
2012.10.11 12:41:06.863,0.78491,0.78497,2.25,1.73
2012.10.11 12:41:07.052,0.7849,0.78497,2.25,2.48
2012.10.11 12:41:07.703,0.7849,0.78497,3.00,2.48
2012.10.11 12:41:09.041,0.7849,0.78497,2.25,1.73
2012.10.11 12:41:09.160,0.7849,0.78497,1.50,1.73
2012.10.11 12:41:14.702,0.78492,0.78498,2.25,1.73
2012.10.11 12:41:15.306,0.78495,0.78502,2.25,2.48
2012.10.11 12:41:15.379,0.78497,0.78504,2.25,1.73
2012.10.11 12:41:15.892,0.78497,0.78505,2.25,1.73
2012.10.11 12:41:16.853,0.78497,0.78504,1.50,2.40
2012.10.11 12:41:16.923,0.78496,0.78503,4.73,1.50
2012.10.11 12:41:17.171,0.78498,0.78503,1.50,1.05
2012.10.11 12:41:17.711,0.78498,0.78505,2.25,1.73
2012.10.11 12:41:18.075,0.785,0.78507,2.48,2.48
2012.10.11 12:41:18.616,0.78502,0.78507,1.50,1.73
2012.10.11 12:41:19.051,0.78502,0.7851,2.25,3.98
2012.10.11 12:41:19.831,0.78502,0.78507,2.25,1.50
2012.10.11 12:41:19.952,0.78499,0.78507,2.48,3.98
2012.10.11 12:41:20.012,0.785,0.78507,1.73,3.23
2012.10.11 12:41:20.580,0.78499,0.78505,3.23,1.50
2012.10.11 12:41:20.853,0.78501,0.78509,3.00,2.48
2012.10.11 12:41:20.983,0.78501,0.78507,2.25,5.48
2012.10.11 12:41:22.263,0.78502,0.78507,1.50,4.50
2012.10.11 12:41:22.321,0.78502,0.78509,1.50,2.25
2012.10.11 12:41:22.441,0.78502,0.78509,2.25,3.23
2012.10.11 12:41:22.621,0.78502,0.78509,3.75,2.48
2012.10.11 12:41:22.742,0.78504,0.78509,1.50,1.73
2012.10.11 12:41:23.103,0.78501,0.78506,5.25,1.13
2012.10.11 12:41:23.422,0.78502,0.78507,3.00,6.23
2012.10.11 12:41:23.841,0.785,0.78505,1.50,1.50
2012.10.11 12:41:24.021,0.78501,0.78507,1.50,6.98
2012.10.11 12:41:24.851,0.78502,0.78509,2.25,1.50
2012.10.11 12:41:25.211,0.78502,0.78509,2.25,2.48
2012.10.11 12:41:26.292,0.785,0.78506,4.35,5.25
2012.10.11 12:41:26.533,0.78499,0.78507,3.00,3.23
2012.10.11 12:41:26.594,0.785,0.78507,1.50,2.48
2012.10.11 12:41:27.930,0.78502,0.78507,1.50,1.73
2012.10.11 12:41:33.801,0.78503,0.78511,1.50,6.75
2012.10.11 12:41:33.921,0.78503,0.78511,4.35,2.25
2012.10.11 12:41:34.043,0.78505,0.78511,1.73,1.73
2012.10.11 12:41:34.872,0.78506,0.78512,1.50,6.23
2012.10.11 12:41:34.945,0.78504,0.78511,4.73,2.48
2012.10.11 12:41:37.532,0.78504,0.78509,2.48,1.50
2012.10.11 12:41:39.645,0.78503,0.78512,3.00,3.98
2012.10.11 12:41:41.481,0.78504,0.78512,1.50,3.98
2012.10.11 12:41:43.334,0.78506,0.78512,1.50,3.00
2012.10.11 12:41:43.642,0.78509,0.78516,1.28,1.73
2012.10.11 12:41:44.012,0.78508,0.78516,4.28,2.48
2012.10.11 12:41:45.861,0.7851,0.78517,2.03,1.73
2012.10.11 12:41:46.505,0.78509,0.78517,2.25,2.48
2012.10.11 12:41:46.581,0.7851,0.78517,3.00,1.73
2012.10.11 12:41:47.090,0.7851,0.78518,2.48,1.73
2012.10.11 12:41:49.011,0.78512,0.78519,2.25,1.50
2012.10.11 12:41:49.135,0.78513,0.78522,2.25,2.85
2012.10.11 12:41:49.262,0.78513,0.78522,3.75,2.63
2012.10.11 12:41:51.410,0.78513,0.78522,3.00,2.25
2012.10.11 12:41:51.532,0.78518,0.78522,1.50,1.50
2012.10.11 12:41:51.772,0.7852,0.78527,1.50,2.25
2012.10.11 12:41:51.891,0.7852,0.78527,3.00,1.73
2012.10.11 12:41:52.311,0.78518,0.78526,2.03,1.73
2012.10.11 12:41:52.491,0.78518,0.78527,2.25,2.10
2012.10.11 12:41:53.353,0.78517,0.78524,1.73,1.73
2012.10.11 12:41:53.411,0.78517,0.78524,1.50,2.48
2012.10.11 12:41:53.773,0.78518,0.78525,1.50,2.48
2012.10.11 12:41:54.431,0.78516,0.78525,1.73,1.73
2012.10.11 12:41:54.553,0.78515,0.78524,2.78,1.73
2012.10.11 12:41:54.923,0.78518,0.78525,1.50,1.73
2012.10.11 12:41:55.471,0.78518,0.78526,1.50,1.73
2012.10.11 12:41:56.021,0.78517,0.78526,2.03,1.73
2012.10.11 12:41:56.081,0.78518,0.78526,1.50,2.48
2012.10.11 12:41:57.941,0.78516,0.78525,2.25,1.73
2012.10.11 12:41:58.001,0.78515,0.78525,3.00,2.48
2012.10.11 12:41:58.361,0.78517,0.78526,2.25,2.48
2012.10.11 12:41:58.662,0.78514,0.7852,1.50,1.88
2012.10.11 12:41:58.721,0.78511,0.78518,2.40,1.73
2012.10.11 12:41:58.781,0.7851,0.78518,2.25,1.73
2012.10.11 12:41:59.021,0.78509,0.78517,2.10,1.73
2012.10.11 12:41:59.712,0.78506,0.78515,2.25,2.48
2012.10.11 12:42:01.212,0.78512,0.78518,1.50,1.50
2012.10.11 12:42:01.392,0.78512,0.7852,1.73,1.73
2012.10.11 12:42:01.572,0.78507,0.78515,2.10,1.73
2012.10.11 12:42:01.752,0.78505,0.78513,5.48,1.73
2012.10.11 12:42:01.949,0.78504,0.78512,3.00,1.73
2012.10.11 12:42:02.017,0.78504,0.78512,3.00,2.48
2012.10.11 12:42:03.560,0.78503,0.78511,3.53,1.50
2012.10.11 12:42:03.621,0.78507,0.78514,1.50,1.73
2012.10.11 12:42:03.801,0.78507,0.78515,1.50,1.35
2012.10.11 12:42:04.042,0.78509,0.78517,1.73,1.73
2012.10.11 12:42:04.101,0.78508,0.78517,3.08,2.48
2012.10.11 12:42:04.161,0.78508,0.78517,1.50,2.48
2012.10.11 12:42:04.522,0.78507,0.78514,3.00,1.73
2012.10.11 12:42:06.394,0.78505,0.78512,2.33,3.75
2012.10.11 12:42:06.703,0.78504,0.7851,2.25,1.50
2012.10.11 12:42:07.311,0.78502,0.78509,3.53,1.73
2012.10.11 12:42:07.622,0.78502,0.78509,2.25,2.48
2012.10.11 12:42:08.161,0.78501,0.78509,3.00,2.48
2012.10.11 12:42:09.103,0.78501,0.78508,2.25,1.73
2012.10.11 12:42:09.621,0.78501,0.78506,1.50,1.50
2012.10.11 12:42:13.095,0.78501,0.78508,2.25,1.73
2012.10.11 12:42:13.831,0.78501,0.78509,2.25,3.00
2012.10.11 12:42:13.951,0.78502,0.78509,1.50,2.48
2012.10.11 12:42:15.563,0.78503,0.78509,1.50,1.50
2012.10.11 12:42:15.762,0.78504,0.78511,2.48,2.25
2012.10.11 12:42:16.303,0.78505,0.78513,3.00,2.48
2012.10.11 12:42:16.432,0.78505,0.78513,1.50,2.48
2012.10.11 12:42:18.456,0.78505,0.78513,2.03,1.73
2012.10.11 12:42:19.562,0.78505,0.78513,1.28,2.48
2012.10.11 12:42:20.095,0.78504,0.78511,1.28,3.23
2012.10.11 12:42:21.059,0.78502,0.78511,3.00,2.48
2012.10.11 12:42:22.331,0.78502,0.78511,3.53,2.48
2012.10.11 12:42:25.581,0.78503,0.78511,1.50,2.48
2012.10.11 12:42:30.042,0.78504,0.78514,1.50,5.85
2012.10.11 12:42:30.343,0.78515,0.7852,1.73,1.50
2012.10.11 12:42:30.892,0.78515,0.7852,1.73,5.25
2012.10.11 12:42:31.131,0.78515,0.78525,3.23,3.23
2012.10.11 12:42:35.403,0.78516,0.78525,3.00,2.48
2012.10.11 12:42:38.663,0.78519,0.78525,1.50,1.50
2012.10.11 12:42:38.733,0.78519,0.78526,2.25,2.48
2012.10.11 12:42:38.933,0.78521,0.78528,1.50,2.85
2012.10.11 12:42:39.002,0.78522,0.78529,2.25,1.50
2012.10.11 12:42:39.242,0.7852,0.78528,4.73,2.25
2012.10.11 12:42:41.263,0.78524,0.78531,2.25,4.35
2012.10.11 12:42:41.392,0.78525,0.78531,2.25,2.25
2012.10.11 12:42:41.751,0.78527,0.78534,1.73,3.23
2012.10.11 12:42:42.112,0.78529,0.78537,1.73,3.75
2012.10.11 12:42:42.472,0.78529,0.78537,1.73,3.00
2012.10.11 12:42:42.593,0.78531,0.78538,1.73,1.50
2012.10.11 12:42:43.601,0.7853,0.78538,3.45,1.50
2012.10.11 12:42:44.352,0.7853,0.78537,2.25,1.50
2012.10.11 12:42:44.711,0.7853,0.78538,2.48,2.25
2012.10.11 12:42:45.251,0.78532,0.78539,1.73,2.25
2012.10.11 12:42:46.143,0.78535,0.78541,1.50,3.00
2012.10.11 12:42:46.636,0.78533,0.78539,1.73,2.25
2012.10.11 12:42:47.182,0.78533,0.78542,2.48,2.48
2012.10.11 12:42:47.683,0.78536,0.78541,1.73,1.50
2012.10.11 12:42:48.173,0.78536,0.78542,1.73,1.50
2012.10.11 12:42:50.462,0.78534,0.7854,1.80,1.50
2012.10.11 12:42:50.522,0.78533,0.78539,1.50,1.73
2012.10.11 12:42:50.644,0.78532,0.78538,1.73,1.73
2012.10.11 12:42:51.191,0.78532,0.78537,1.73,1.50
2012.10.11 12:42:51.742,0.7853,0.78536,1.50,1.73
2012.10.11 12:42:52.282,0.78531,0.78537,1.73,1.50
2012.10.11 12:42:52.641,0.78531,0.78538,2.48,1.50
2012.10.11 12:42:53.591,0.78531,0.78536,1.50,1.50
2012.10.11 12:42:54.778,0.78531,0.78538,2.33,2.25
2012.10.11 12:42:55.496,0.78531,0.78538,2.33,6.75
2012.10.11 12:42:56.248,0.78531,0.78538,2.48,6.75
2012.10.11 12:42:56.768,0.78533,0.7854,1.73,2.25
2012.10.11 12:42:58.105,0.78535,0.7854,2.25,3.00
2012.10.11 12:42:58.292,0.78535,0.78542,3.00,5.25
2012.10.11 12:42:58.801,0.78536,0.78541,1.50,1.50
2012.10.11 12:42:58.921,0.78535,0.78541,1.50,2.48
2012.10.11 12:42:59.285,0.78533,0.78538,3.98,5.25
2012.10.11 12:43:00.361,0.78533,0.7854,2.48,3.23
2012.10.11 12:43:00.663,0.78535,0.78542,3.00,3.00
2012.10.11 12:43:01.221,0.78535,0.78542,3.30,2.25
2012.10.11 12:43:01.581,0.78534,0.7854,1.50,2.25
2012.10.11 12:43:02.322,0.78535,0.78541,1.73,3.75
2012.10.11 12:43:04.494,0.78534,0.78541,3.23,1.50
2012.10.11 12:43:08.207,0.78537,0.78543,1.50,1.50
2012.10.11 12:43:08.280,0.78537,0.78545,1.50,3.23
2012.10.11 12:43:08.402,0.78535,0.78544,3.23,2.48
2012.10.11 12:43:10.482,0.78534,0.78543,1.73,5.85
2012.10.11 12:43:10.804,0.78533,0.78542,1.50,1.73
2012.10.11 12:43:11.586,0.78534,0.78541,1.50,1.73
2012.10.11 12:43:12.152,0.78534,0.78541,2.25,1.50
2012.10.11 12:43:12.671,0.78534,0.78541,2.25,1.73
2012.10.11 12:43:14.551,0.78534,0.78541,2.25,1.50
2012.10.11 12:43:15.232,0.78534,0.78541,1.50,1.73
2012.10.11 12:43:15.752,0.78534,0.78542,2.25,1.50
2012.10.11 12:43:16.704,0.78534,0.7854,1.50,1.73
2012.10.11 12:43:16.833,0.7853,0.78538,1.73,2.48
2012.10.11 12:43:17.504,0.78528,0.78538,4.50,3.23
2012.10.11 12:43:17.872,0.78525,0.78535,4.35,1.35
2012.10.11 12:43:17.991,0.78528,0.78535,2.25,1.73
2012.10.11 12:43:18.631,0.78529,0.78537,1.50,2.40
2012.10.11 12:43:27.482,0.78527,0.78535,3.75,1.73
2012.10.11 12:43:27.721,0.78527,0.78534,3.00,1.73
2012.10.11 12:43:33.402,0.78525,0.78532,1.50,1.73
2012.10.11 12:43:33.652,0.78524,0.78531,3.23,1.50
2012.10.11 12:43:33.712,0.78524,0.78531,1.73,1.50
2012.10.11 12:43:34.071,0.78522,0.7853,1.50,3.60
2012.10.11 12:43:34.575,0.78521,0.78528,2.25,1.73
2012.10.11 12:43:35.795,0.78521,0.78528,2.25,1.73
2012.10.11 12:43:37.324,0.78521,0.78529,2.25,2.48
2012.10.11 12:43:37.857,0.78523,0.7853,1.50,3.38
2012.10.11 12:43:38.161,0.78523,0.7853,1.50,1.13
2012.10.11 12:43:38.224,0.7852,0.78528,3.00,1.35
2012.10.11 12:43:38.352,0.7852,0.78527,1.50,1.73
2012.10.11 12:43:38.412,0.78519,0.78527,2.25,1.73
2012.10.11 12:43:39.262,0.7852,0.78527,1.50,1.73
2012.10.11 12:43:39.900,0.78519,0.78528,2.48,2.48
2012.10.11 12:43:40.143,0.7852,0.78528,4.73,1.73
2012.10.11 12:43:42.163,0.7852,0.78527,2.48,2.25
2012.10.11 12:43:42.234,0.7852,0.78527,2.48,2.48
2012.10.11 12:43:42.363,0.78521,0.78527,2.48,1.50
2012.10.11 12:43:42.902,0.78522,0.78529,1.73,1.73
2012.10.11 12:43:44.561,0.78522,0.78529,1.73,1.50
2012.10.11 12:43:45.121,0.78519,0.78526,1.50,2.25
2012.10.11 12:43:45.361,0.7852,0.78526,1.50,1.50
2012.10.11 12:43:45.783,0.7852,0.78527,3.23,1.50
2012.10.11 12:43:47.319,0.78519,0.78527,3.98,2.25
2012.10.11 12:43:48.331,0.78518,0.78525,2.25,1.50
2012.10.11 12:43:48.651,0.78516,0.78523,1.50,2.25
2012.10.11 12:43:50.693,0.78517,0.78523,1.73,1.50
2012.10.11 12:43:53.213,0.78518,0.78526,1.73,3.53
2012.10.11 12:43:53.462,0.78519,0.78526,1.73,1.50
2012.10.11 12:43:59.432,0.78518,0.78524,1.50,1.50
2012.10.11 12:43:59.551,0.78517,0.78526,5.25,3.00
2012.10.11 12:44:00.192,0.78519,0.78526,2.48,1.50
2012.10.11 12:44:03.491,0.78522,0.78529,2.25,4.73
2012.10.11 12:44:03.556,0.78523,0.78529,1.50,3.23
2012.10.11 12:44:03.936,0.78523,0.78531,2.48,1.50
2012.10.11 12:44:04.541,0.78522,0.78529,1.73,1.50
2012.10.11 12:44:04.662,0.78521,0.78528,6.98,1.50
2012.10.11 12:44:13.515,0.78523,0.7853,2.48,2.48
2012.10.11 12:44:13.760,0.78522,0.7853,2.48,3.23
2012.10.11 12:44:14.301,0.78522,0.78528,2.25,1.50
2012.10.11 12:44:22.164,0.78524,0.78529,1.73,1.50
2012.10.11 12:44:22.231,0.78524,0.78531,1.73,3.23
2012.10.11 12:44:22.793,0.78524,0.78531,1.50,2.25
2012.10.11 12:44:24.653,0.78527,0.78534,1.73,3.00
2012.10.11 12:44:25.212,0.78525,0.78532,1.73,3.00
2012.10.11 12:44:25.733,0.78525,0.78532,2.48,3.00
2012.10.11 12:44:26.373,0.78525,0.78532,2.48,3.00
2012.10.11 12:44:38.110,0.78526,0.78534,2.48,2.25
2012.10.11 12:44:38.580,0.78526,0.78533,1.73,1.50
2012.10.11 12:44:43.911,0.78525,0.78532,3.00,2.25
2012.10.11 12:44:44.213,0.78525,0.78532,2.48,3.00
2012.10.11 12:44:44.401,0.78527,0.78533,1.73,1.35
2012.10.11 12:44:44.761,0.78526,0.78532,1.73,3.00
2012.10.11 12:44:45.282,0.78525,0.78529,1.50,1.13
2012.10.11 12:44:45.700,0.78521,0.78529,2.48,2.63
2012.10.11 12:44:46.012,0.78522,0.78529,1.73,1.88
2012.10.11 12:44:47.312,0.78521,0.78529,3.23,2.63
2012.10.11 12:44:47.921,0.78521,0.78529,3.23,2.63
2012.10.11 12:44:53.080,0.78521,0.78529,3.23,2.25
2012.10.11 12:44:59.281,0.78521,0.78529,3.23,3.00
2012.10.11 12:45:00.341,0.78521,0.78527,2.25,1.50
2012.10.11 12:45:07.312,0.78526,0.78531,2.25,2.37
2012.10.11 12:45:07.373,0.78527,0.78532,2.25,5.31
2012.10.11 12:45:07.442,0.78527,0.78534,1.50,2.85
2012.10.11 12:45:07.803,0.78525,0.78532,2.25,1.50
2012.10.11 12:45:08.658,0.78525,0.78532,1.73,1.50
2012.10.11 12:45:09.176,0.78523,0.78531,1.73,1.50
2012.10.11 12:45:18.702,0.78524,0.78532,1.73,2.25
2012.10.11 12:45:19.584,0.78525,0.78532,3.00,1.50
2012.10.11 12:45:21.632,0.78527,0.78535,1.73,2.25
2012.10.11 12:45:21.813,0.78528,0.78535,1.50,3.00
2012.10.11 12:45:23.932,0.78529,0.78536,1.73,1.50
2012.10.11 12:45:24.452,0.78528,0.78536,1.50,3.75
2012.10.11 12:45:25.833,0.7853,0.78537,1.73,1.50
2012.10.11 12:45:25.902,0.7853,0.78537,2.25,3.00
2012.10.11 12:45:26.641,0.78529,0.78537,1.73,5.25
2012.10.11 12:45:28.432,0.78527,0.78534,1.73,1.50
2012.10.11 12:45:29.082,0.78527,0.78536,2.48,2.85
2012.10.11 12:45:29.840,0.78527,0.78536,3.23,1.50
2012.10.11 12:45:31.391,0.78528,0.78537,3.23,3.00
2012.10.11 12:45:31.452,0.7853,0.78538,1.73,2.25
2012.10.11 12:45:31.811,0.7853,0.78537,1.73,2.25
2012.10.11 12:45:36.451,0.78529,0.78536,1.50,2.25
2012.10.11 12:45:36.631,0.78528,0.78535,3.98,1.50
2012.10.11 12:45:37.961,0.78528,0.78535,3.23,1.73
2012.10.11 12:45:38.141,0.78529,0.78536,1.73,1.50
2012.10.11 12:45:38.261,0.78528,0.78535,3.98,2.25
2012.10.11 12:45:39.441,0.78529,0.78535,1.50,1.50
2012.10.11 12:45:39.993,0.78528,0.78535,3.98,2.25
2012.10.11 12:45:42.930,0.78527,0.78533,1.73,1.50
2012.10.11 12:45:43.444,0.78528,0.78535,3.23,2.48
2012.10.11 12:45:59.032,0.78528,0.78535,3.98,1.73
2012.10.11 12:45:59.715,0.78528,0.78535,3.98,1.73
2012.10.11 12:45:59.961,0.78529,0.78536,3.98,1.73
2012.10.11 12:46:00.273,0.78529,0.78537,1.73,4.73
2012.10.11 12:46:00.573,0.7853,0.78536,1.50,2.48
2012.10.11 12:46:00.881,0.78531,0.78537,1.73,1.50
2012.10.11 12:46:01.382,0.7853,0.78537,2.48,1.50
2012.10.11 12:46:04.653,0.78528,0.78536,2.48,2.25
2012.10.11 12:46:04.841,0.78528,0.78535,1.73,1.73
2012.10.11 12:46:05.093,0.78531,0.78535,1.50,1.73
2012.10.11 12:46:05.393,0.78531,0.78538,2.48,1.50
2012.10.11 12:46:05.952,0.78531,0.78538,2.48,1.50
2012.10.11 12:46:06.870,0.78531,0.78536,2.48,1.50
2012.10.11 12:46:06.990,0.78529,0.78535,1.73,1.50
2012.10.11 12:46:07.543,0.78524,0.78529,7.35,1.50
2012.10.11 12:46:07.663,0.78525,0.78532,2.57,2.48
2012.10.11 12:46:08.221,0.78523,0.78528,1.37,1.50
2012.10.11 12:46:08.982,0.78525,0.78532,1.47,5.48
2012.10.11 12:46:10.011,0.78524,0.78532,2.40,6.23
2012.10.11 12:46:10.681,0.78524,0.7853,1.73,1.73
2012.10.11 12:46:11.102,0.78525,0.78532,1.50,3.23
2012.10.11 12:46:11.781,0.78524,0.78531,1.73,2.48
2012.10.11 12:46:14.912,0.78525,0.78532,3.23,3.00
2012.10.11 12:46:15.471,0.78527,0.78533,2.25,1.50
2012.10.11 12:46:15.592,0.78527,0.78533,2.25,1.50
2012.10.11 12:46:16.013,0.78529,0.78536,1.50,1.73
2012.10.11 12:46:16.932,0.78529,0.78536,1.50,2.48
2012.10.11 12:46:17.153,0.78527,0.78536,3.98,1.73
2012.10.11 12:46:17.223,0.78529,0.78536,1.50,1.73
2012.10.11 12:46:17.782,0.78529,0.78536,2.25,1.73
2012.10.11 12:46:18.326,0.78529,0.78536,2.25,1.73
2012.10.11 12:46:24.411,0.78527,0.78532,1.50,5.25
2012.10.11 12:46:25.153,0.78527,0.78532,1.50,4.50
2012.10.11 12:46:25.226,0.78527,0.78533,1.20,2.25
2012.10.11 12:46:25.975,0.78527,0.78533,1.43,2.25
2012.10.11 12:46:27.405,0.78526,0.78533,2.18,1.73
2012.10.11 12:46:31.173,0.78526,0.78531,1.73,1.50
2012.10.11 12:46:31.720,0.78525,0.78533,3.23,3.23
2012.10.11 12:46:42.951,0.78526,0.78532,1.73,1.50
2012.10.11 12:46:54.615,0.78524,0.7853,2.85,5.25
2012.10.11 12:46:54.742,0.78524,0.78531,2.48,3.45
2012.10.11 12:46:56.212,0.78524,0.78531,2.48,2.85
2012.10.11 12:47:02.391,0.78524,0.78529,1.50,1.50
2012.10.11 12:47:02.692,0.78523,0.7853,3.98,1.50
2012.10.11 12:47:02.752,0.78523,0.7853,2.48,2.25
2012.10.11 12:47:03.303,0.78524,0.7853,1.73,2.25
2012.10.11 12:47:06.051,0.78524,0.78531,1.73,1.73
2012.10.11 12:47:06.471,0.78524,0.7853,1.73,1.73
2012.10.11 12:47:07.595,0.78524,0.78531,1.73,4.73
2012.10.11 12:47:08.291,0.78524,0.78531,1.73,2.25
2012.10.11 12:47:08.851,0.78524,0.78532,3.23,2.25
2012.10.11 12:47:08.912,0.78525,0.78532,1.73,1.50
2012.10.11 12:47:13.792,0.78525,0.7853,1.50,5.25
2012.10.11 12:47:14.341,0.78523,0.7853,1.73,1.73
2012.10.11 12:47:15.250,0.78523,0.78531,2.48,1.73
2012.10.11 12:47:16.321,0.78523,0.78531,1.50,1.73
2012.10.11 12:47:18.472,0.78523,0.78531,1.50,1.73
2012.10.11 12:47:21.548,0.78527,0.78532,1.50,1.73
2012.10.11 12:47:22.067,0.78526,0.78532,3.00,2.48
2012.10.11 12:47:22.953,0.78527,0.78532,1.50,1.73
2012.10.11 12:47:26.002,0.78525,0.78531,3.98,6.00
2012.10.11 12:47:26.124,0.78526,0.78531,1.50,6.98
2012.10.11 12:47:26.781,0.78525,0.78532,3.00,1.73
2012.10.11 12:47:26.840,0.78528,0.78533,1.50,3.38
2012.10.11 12:47:26.904,0.78528,0.78533,1.50,3.38
2012.10.11 12:47:32.312,0.78526,0.78531,2.48,5.25
2012.10.11 12:47:32.612,0.78524,0.7853,1.50,1.73
2012.10.11 12:47:34.040,0.78523,0.78529,1.50,1.73
2012.10.11 12:47:35.712,0.78523,0.7853,1.50,3.45
2012.10.11 12:47:38.778,0.78523,0.78529,1.50,1.73
2012.10.11 12:47:39.324,0.78523,0.7853,1.50,3.23
2012.10.11 12:47:39.742,0.78522,0.78528,2.48,1.73
2012.10.11 12:47:39.805,0.7852,0.78527,3.00,2.25
2012.10.11 12:47:40.160,0.78522,0.78527,1.73,1.50
2012.10.11 12:47:40.473,0.78524,0.78531,2.25,2.10
2012.10.11 12:47:40.987,0.78524,0.78531,2.48,2.10
2012.10.11 12:47:41.551,0.78524,0.78531,1.73,2.40
2012.10.11 12:47:42.941,0.78526,0.78532,1.50,2.63
2012.10.11 12:47:43.471,0.78528,0.78532,1.50,2.25
2012.10.11 12:47:44.052,0.78527,0.78535,3.23,3.98
2012.10.11 12:47:45.691,0.78527,0.78532,3.00,5.48
2012.10.11 12:47:45.992,0.78528,0.78532,1.50,1.50
2012.10.11 12:47:46.112,0.78528,0.78532,1.50,1.73
2012.10.11 12:47:47.379,0.78525,0.78531,2.25,5.25
2012.10.11 12:47:47.930,0.78528,0.78533,1.50,4.50
2012.10.11 12:47:49.872,0.78525,0.7853,2.48,5.25
2012.10.11 12:47:50.246,0.78527,0.78533,1.50,1.50
2012.10.11 12:47:50.314,0.78529,0.78535,1.50,8.18
2012.10.11 12:47:50.442,0.78529,0.78535,1.50,4.80
2012.10.11 12:47:50.561,0.78528,0.78535,3.00,6.23
2012.10.11 12:47:51.111,0.78526,0.78533,1.50,6.23
2012.10.11 12:47:55.004,0.7853,0.78536,1.50,3.90
2012.10.11 12:47:55.866,0.78531,0.78537,1.50,2.03
2012.10.11 12:47:56.144,0.78531,0.78538,1.50,6.23
2012.10.11 12:48:01.503,0.78533,0.78538,1.50,4.50
2012.10.11 12:48:04.641,0.78533,0.78537,1.50,1.73
2012.10.11 12:48:09.587,0.78529,0.78535,2.25,5.85
2012.10.11 12:48:09.659,0.78528,0.78534,2.25,1.50
2012.10.11 12:48:13.591,0.78528,0.78533,1.50,1.35
2012.10.11 12:48:13.650,0.78526,0.78532,3.75,1.13
2012.10.11 12:48:13.832,0.78527,0.78532,1.73,1.13
2012.10.11 12:48:13.893,0.78524,0.78531,3.38,1.73
2012.10.11 12:48:14.424,0.78525,0.78531,3.75,1.50
2012.10.11 12:48:14.501,0.78527,0.78534,2.25,3.98
2012.10.11 12:48:14.567,0.78528,0.78533,1.50,1.73
2012.10.11 12:48:14.633,0.78525,0.78533,4.50,1.73
2012.10.11 12:48:15.002,0.78526,0.78532,3.75,5.48
2012.10.11 12:48:16.925,0.78526,0.78531,3.00,5.48
2012.10.11 12:48:16.994,0.78524,0.78531,4.74,5.48
2012.10.11 12:48:17.382,0.78526,0.78533,2.25,6.23
2012.10.11 12:48:18.942,0.78526,0.78532,1.50,1.73
2012.10.11 12:48:19.482,0.78526,0.78532,1.50,1.73
2012.10.11 12:48:22.973,0.78526,0.78534,3.00,3.75
2012.10.11 12:48:23.212,0.78528,0.78534,1.50,2.48
2012.10.11 12:48:23.451,0.78527,0.78533,1.50,6.98
2012.10.11 12:48:23.753,0.78525,0.78531,2.48,1.73
2012.10.11 12:48:24.002,0.78525,0.78532,2.48,2.48
2012.10.11 12:48:24.862,0.78524,0.78531,1.73,2.48
2012.10.11 12:48:24.983,0.7852,0.78529,3.56,1.73
2012.10.11 12:48:25.105,0.7852,0.78528,2.25,1.73
2012.10.11 12:48:25.376,0.78516,0.78522,1.50,1.73
2012.10.11 12:48:25.704,0.78514,0.78521,1.73,2.25
2012.10.11 12:48:25.773,0.78517,0.78522,1.50,1.73
2012.10.11 12:48:32.215,0.78517,0.78524,1.50,2.25
2012.10.11 12:48:32.565,0.7852,0.78525,1.50,1.73
2012.10.11 12:48:32.634,0.7852,0.78525,1.50,1.73
2012.10.11 12:48:33.093,0.78521,0.78526,1.50,3.00
2012.10.11 12:48:33.710,0.78521,0.78527,2.25,1.73
2012.10.11 12:48:34.235,0.78521,0.78528,2.25,1.73
2012.10.11 12:48:34.562,0.78518,0.78525,4.82,1.73
2012.10.11 12:48:34.744,0.78518,0.78525,3.00,2.48
2012.10.11 12:48:34.814,0.78518,0.78525,2.25,1.50
2012.10.11 12:48:35.062,0.78517,0.78522,1.73,1.50
2012.10.11 12:48:35.422,0.78519,0.78525,1.50,1.50
2012.10.11 12:48:35.663,0.78521,0.78528,1.50,2.48
2012.10.11 12:48:41.031,0.7852,0.78526,1.50,2.10
2012.10.11 12:48:43.003,0.78518,0.78525,3.00,1.35
2012.10.11 12:48:43.312,0.7852,0.78525,1.50,2.85
2012.10.11 12:48:43.881,0.78516,0.78523,2.25,2.48
2012.10.11 12:48:44.681,0.78515,0.78523,2.35,1.73
2012.10.11 12:48:45.499,0.78518,0.78525,1.50,1.50
2012.10.11 12:48:45.566,0.78518,0.78525,1.50,1.50
2012.10.11 12:48:46.402,0.78519,0.78525,2.25,2.85
2012.10.11 12:48:46.544,0.78517,0.78523,2.57,1.73
2012.10.11 12:48:47.101,0.78517,0.78524,1.50,1.73
2012.10.11 12:48:47.903,0.78518,0.78524,1.50,1.73
2012.10.11 12:48:48.768,0.78518,0.78525,1.50,3.00
2012.10.11 12:48:49.176,0.78522,0.78527,1.50,1.50
2012.10.11 12:48:49.492,0.78522,0.7853,3.75,3.75
2012.10.11 12:48:49.614,0.78522,0.7853,3.23,1.73
2012.10.11 12:48:50.171,0.78523,0.7853,1.50,1.50
2012.10.11 12:48:51.087,0.78523,0.7853,1.50,2.48
2012.10.11 12:48:51.603,0.78521,0.78528,1.50,1.73
2012.10.11 12:48:54.121,0.78521,0.78528,1.50,1.73
2012.10.11 12:48:54.952,0.78521,0.78529,1.50,1.50
2012.10.11 12:49:01.062,0.78523,0.7853,1.50,2.10
2012.10.11 12:49:01.124,0.78522,0.78531,2.48,5.63
2012.10.11 12:49:01.632,0.78524,0.78531,1.73,2.85
2012.10.11 12:49:03.682,0.78522,0.78529,2.25,2.25
2012.10.11 12:49:05.833,0.78523,0.78529,2.85,1.50
2012.10.11 12:49:05.903,0.78525,0.78531,2.25,1.50
2012.10.11 12:49:06.413,0.78525,0.78531,2.48,1.50
2012.10.11 12:49:06.943,0.78525,0.78531,2.48,1.50
2012.10.11 12:49:07.652,0.78525,0.78531,3.23,1.50
2012.10.11 12:49:10.641,0.78525,0.78532,3.23,5.25
2012.10.11 12:49:13.872,0.78525,0.78532,3.23,5.25
2012.10.11 12:49:26.321,0.78525,0.78532,1.73,4.50
2012.10.11 12:49:29.641,0.78527,0.78532,1.50,5.25
2012.10.11 12:49:30.174,0.78527,0.78534,1.50,3.23
2012.10.11 12:49:31.062,0.78527,0.78533,1.50,4.50
2012.10.11 12:49:35.045,0.78526,0.78531,1.73,5.25
2012.10.11 12:49:35.574,0.78525,0.7853,1.35,1.50
2012.10.11 12:49:40.026,0.78524,0.78531,1.73,1.50
2012.10.11 12:49:40.092,0.78524,0.78533,1.73,3.75
2012.10.11 12:49:40.152,0.78524,0.78532,2.48,1.50
2012.10.11 12:49:40.274,0.78524,0.78532,2.48,6.75
2012.10.11 12:49:40.401,0.78523,0.78529,1.73,1.50
2012.10.11 12:49:40.702,0.78522,0.78527,1.73,1.50
2012.10.11 12:49:41.183,0.78522,0.78528,1.73,1.73
2012.10.11 12:49:42.712,0.78523,0.78529,1.73,1.13
2012.10.11 12:49:42.772,0.78524,0.78531,1.50,4.73
2012.10.11 12:49:43.313,0.78523,0.78529,1.50,2.10
2012.10.11 12:49:43.792,0.78525,0.7853,1.50,1.50
2012.10.11 12:49:43.972,0.78522,0.7853,3.23,1.50
2012.10.11 12:49:46.751,0.78523,0.7853,2.25,1.73
2012.10.11 12:49:47.661,0.78524,0.78531,2.25,3.75
2012.10.11 12:49:47.783,0.78524,0.78531,3.23,1.50
2012.10.11 12:49:47.902,0.78524,0.7853,1.73,2.25
2012.10.11 12:49:48.451,0.78526,0.78531,1.50,1.50
2012.10.11 12:49:48.511,0.78526,0.78532,2.25,2.48
2012.10.11 12:49:49.023,0.78527,0.78532,1.50,6.98
2012.10.11 12:49:49.782,0.78527,0.78532,1.50,5.48
2012.10.11 12:49:52.842,0.78526,0.78531,1.50,1.50
2012.10.11 12:49:53.342,0.78525,0.7853,1.50,1.50
2012.10.11 12:49:53.881,0.78524,0.7853,3.00,1.50
2012.10.11 12:49:57.371,0.78525,0.78531,1.50,1.50
2012.10.11 12:49:58.351,0.78524,0.7853,4.50,1.50
2012.10.11 12:50:08.829,0.78524,0.78532,3.98,4.73
2012.10.11 12:50:11.291,0.78524,0.78531,2.48,1.50
2012.10.11 12:50:11.531,0.78521,0.78529,2.48,3.98
2012.10.11 12:50:12.073,0.78524,0.7853,1.73,1.50
2012.10.11 12:50:13.681,0.78524,0.78531,1.73,1.73
2012.10.11 12:50:14.222,0.78526,0.78533,1.50,3.98
2012.10.11 12:50:14.782,0.78526,0.78532,1.73,5.25
2012.10.11 12:50:22.392,0.78524,0.78531,1.73,1.50
2012.10.11 12:50:26.873,0.78524,0.78531,1.73,2.25
2012.10.11 12:50:27.412,0.78524,0.78531,3.00,1.50
2012.10.11 12:50:38.745,0.78525,0.78531,1.50,2.25
2012.10.11 12:50:39.252,0.78525,0.78531,1.50,1.50
2012.10.11 12:50:50.982,0.78524,0.78531,3.23,1.73
2012.10.11 12:50:53.083,0.78523,0.78531,3.23,3.23
2012.10.11 12:50:53.384,0.78522,0.78529,2.48,1.73
2012.10.11 12:50:54.441,0.78522,0.78529,1.73,1.73
2012.10.11 12:50:55.351,0.78522,0.78529,3.23,1.73
2012.10.11 12:50:55.473,0.78524,0.78529,2.48,1.50
2012.10.11 12:50:56.067,0.78524,0.78531,1.73,2.25
2012.10.11 12:50:56.644,0.78523,0.78529,2.10,1.73
2012.10.11 12:50:56.833,0.78522,0.78529,2.48,2.48
2012.10.11 12:50:57.395,0.78521,0.78529,5.33,2.48
2012.10.11 12:51:01.761,0.78523,0.78529,1.22,1.73
2012.10.11 12:51:01.827,0.78525,0.7853,1.50,6.00
2012.10.11 12:51:02.132,0.78526,0.78532,2.18,6.98
2012.10.11 12:51:02.492,0.78527,0.78534,1.50,1.50
2012.10.11 12:51:02.612,0.78527,0.78532,1.50,6.98
2012.10.11 12:51:02.851,0.78525,0.78531,1.50,1.50
2012.10.11 12:51:03.423,0.78525,0.78531,1.50,1.50
2012.10.11 12:51:03.942,0.78526,0.78532,2.48,2.25
2012.10.11 12:51:04.302,0.78523,0.7853,3.98,3.00
2012.10.11 12:51:04.376,0.78521,0.78526,3.55,1.50
2012.10.11 12:51:04.573,0.78521,0.78526,2.25,2.25
2012.10.11 12:51:04.932,0.7852,0.78526,1.50,1.50
2012.10.11 12:51:05.448,0.7852,0.78526,1.50,1.50
2012.10.11 12:51:07.351,0.78521,0.78527,3.00,1.73
2012.10.11 12:51:07.653,0.78528,0.78535,1.69,3.23
2012.10.11 12:51:07.832,0.78528,0.78536,6.12,3.75
2012.10.11 12:51:08.029,0.78528,0.78535,1.50,1.73
2012.10.11 12:51:08.099,0.7853,0.78536,1.50,3.75
2012.10.11 12:51:08.169,0.7853,0.78536,2.25,2.25
2012.10.11 12:51:09.848,0.78528,0.78534,2.48,1.50
2012.10.11 12:51:10.351,0.78528,0.78533,2.25,6.00
2012.10.11 12:51:10.892,0.78527,0.78532,1.50,1.73
2012.10.11 12:51:11.432,0.78527,0.78532,1.50,1.73
2012.10.11 12:51:12.871,0.78527,0.78534,2.25,2.25
2012.10.11 12:51:13.005,0.78528,0.78535,2.25,1.73
2012.10.11 12:51:13.542,0.78529,0.78536,1.73,9.00
2012.10.11 12:51:13.662,0.7853,0.78536,1.50,3.00
2012.10.11 12:51:13.723,0.78531,0.78536,1.50,1.50
2012.10.11 12:51:14.082,0.78532,0.78538,2.25,6.00
2012.10.11 12:51:14.641,0.78532,0.78538,3.00,4.50
2012.10.11 12:51:15.292,0.78532,0.78537,2.25,1.50
2012.10.11 12:51:15.979,0.78532,0.78537,2.25,1.50
2012.10.11 12:51:17.722,0.78529,0.78537,8.93,3.23
2012.10.11 12:51:17.963,0.78527,0.78531,1.43,1.73
2012.10.11 12:51:22.454,0.78528,0.78536,1.50,3.98
2012.10.11 12:51:22.582,0.78528,0.78536,3.23,2.48
2012.10.11 12:51:22.644,0.78528,0.78535,2.48,5.25
2012.10.11 12:51:22.778,0.78527,0.78534,3.00,1.73
2012.10.11 12:51:24.313,0.78529,0.78535,1.50,5.48
2012.10.11 12:51:24.952,0.78529,0.78536,1.73,2.25
2012.10.11 12:51:28.013,0.78528,0.78535,2.25,6.00
2012.10.11 12:51:28.432,0.78525,0.78531,4.73,1.73
2012.10.11 12:51:28.959,0.78527,0.78532,1.50,5.48
2012.10.11 12:51:29.033,0.78525,0.78532,3.23,5.48
2012.10.11 12:51:34.512,0.78526,0.78531,1.50,5.48
2012.10.11 12:51:34.872,0.78526,0.78533,3.75,1.73
2012.10.11 12:51:35.554,0.78527,0.78532,1.73,6.00
2012.10.11 12:51:36.283,0.78526,0.78532,1.50,6.98
2012.10.11 12:51:41.554,0.78523,0.7853,5.25,2.48
2012.10.11 12:51:41.983,0.78523,0.78528,1.50,6.23
2012.10.11 12:51:42.501,0.78521,0.78528,2.25,1.73
2012.10.11 12:51:42.981,0.78523,0.78529,1.50,1.73
2012.10.11 12:51:43.534,0.78523,0.7853,1.50,1.73
2012.10.11 12:51:43.735,0.78522,0.78529,3.23,1.73
2012.10.11 12:51:44.192,0.78522,0.78528,2.25,5.48
2012.10.11 12:51:44.612,0.78525,0.7853,1.43,3.00
2012.10.11 12:51:44.732,0.78522,0.7853,5.33,3.23
2012.10.11 12:51:44.972,0.78523,0.78529,1.43,1.73
2012.10.11 12:51:45.678,0.78522,0.78528,2.48,2.48
2012.10.11 12:51:46.206,0.78522,0.78528,1.50,1.73
2012.10.11 12:51:46.692,0.78523,0.7853,1.50,1.73
2012.10.11 12:51:47.792,0.78523,0.7853,2.25,2.48
2012.10.11 12:51:47.852,0.78521,0.78527,1.65,5.25
2012.10.11 12:51:53.453,0.78522,0.78529,2.93,1.73
2012.10.11 12:51:53.761,0.78521,0.78528,2.25,1.73
2012.10.11 12:52:00.675,0.7852,0.78527,4.69,1.73
2012.10.11 12:52:00.813,0.7852,0.78527,2.97,1.88
2012.10.11 12:52:00.884,0.7852,0.78527,3.94,2.10
2012.10.11 12:52:01.435,0.78521,0.78529,1.50,3.00
2012.10.11 12:52:02.492,0.78522,0.78529,1.73,1.73
2012.10.11 12:52:03.431,0.78523,0.78528,1.43,6.23
2012.10.11 12:52:03.982,0.78521,0.78528,3.00,1.73
2012.10.11 12:52:07.802,0.78522,0.78529,3.19,1.73
2012.10.11 12:52:08.346,0.78524,0.7853,1.43,1.73
2012.10.11 12:52:08.591,0.78522,0.78527,2.25,5.25
2012.10.11 12:52:09.052,0.78518,0.78526,8.01,2.25
2012.10.11 12:52:09.233,0.78516,0.78523,2.25,2.48
2012.10.11 12:52:09.353,0.78515,0.78522,1.20,2.48
2012.10.11 12:52:13.506,0.78514,0.78522,4.73,2.48
2012.10.11 12:52:15.171,0.78514,0.78522,4.73,1.73
2012.10.11 12:52:15.231,0.78515,0.78523,1.50,3.23
2012.10.11 12:52:16.558,0.78514,0.78522,4.73,1.35
2012.10.11 12:52:16.862,0.78513,0.78519,1.50,1.50
2012.10.11 12:52:17.044,0.78513,0.7852,2.25,2.48
2012.10.11 12:52:17.102,0.78513,0.7852,3.75,1.50
2012.10.11 12:52:19.263,0.78514,0.78521,3.23,2.25
2012.10.11 12:52:19.382,0.78515,0.78522,2.25,1.73
2012.10.11 12:52:20.711,0.78514,0.78522,3.23,2.48
2012.10.11 12:52:21.672,0.78514,0.78522,1.73,3.98
2012.10.11 12:52:21.981,0.78513,0.7852,2.25,2.48
2012.10.11 12:52:22.531,0.78513,0.7852,2.25,2.25
2012.10.11 12:52:22.651,0.78513,0.7852,3.00,1.73
2012.10.11 12:52:23.973,0.78513,0.78519,1.50,1.73
2012.10.11 12:52:24.213,0.78508,0.78514,6.08,1.50
2012.10.11 12:52:24.394,0.78508,0.78515,4.50,1.73
2012.10.11 12:52:24.465,0.78508,0.78515,3.08,1.50
2012.10.11 12:52:24.652,0.78507,0.78515,4.50,3.98
2012.10.11 12:52:24.893,0.78507,0.78515,4.50,3.98
2012.10.11 12:52:25.442,0.78507,0.78514,2.25,1.13
2012.10.11 12:52:27.973,0.78508,0.78515,2.25,1.50
2012.10.11 12:52:28.929,0.78513,0.7852,1.50,4.43
2012.10.11 12:52:29.207,0.78514,0.7852,3.23,1.13
2012.10.11 12:52:29.278,0.78514,0.78523,4.73,3.23
2012.10.11 12:52:29.472,0.78514,0.78522,4.58,1.73
2012.10.11 12:52:29.616,0.78514,0.78522,6.08,1.73
2012.10.11 12:52:30.312,0.78514,0.78521,2.25,1.73
2012.10.11 12:52:30.432,0.78515,0.78521,1.50,1.50
2012.10.11 12:52:41.295,0.78513,0.78519,1.50,1.73
2012.10.11 12:52:44.702,0.78516,0.78521,2.85,3.00
2012.10.11 12:52:44.941,0.78517,0.78525,1.50,3.98
2012.10.11 12:52:45.001,0.78517,0.78525,3.38,1.73
2012.10.11 12:52:46.870,0.7852,0.78527,2.25,2.63
2012.10.11 12:52:46.991,0.7852,0.78525,1.50,1.50
2012.10.11 12:52:47.514,0.78519,0.78525,1.50,1.73
2012.10.11 12:52:47.972,0.7852,0.78527,1.50,3.60
2012.10.11 12:52:48.092,0.78519,0.78526,1.50,1.73
2012.10.11 12:52:48.602,0.7852,0.78527,1.50,2.85
2012.10.11 12:52:48.662,0.78519,0.78525,1.50,1.73
2012.10.11 12:52:48.781,0.7852,0.78527,3.00,2.63
2012.10.11 12:52:48.991,0.78519,0.78525,1.50,1.73
2012.10.11 12:52:49.472,0.78516,0.78525,9.28,3.60
2012.10.11 12:52:49.782,0.78512,0.78518,2.25,1.73
2012.10.11 12:52:49.902,0.78515,0.7852,2.25,1.35
2012.10.11 12:52:50.862,0.78513,0.78518,1.50,1.73
2012.10.11 12:52:53.822,0.78513,0.78518,1.50,1.50
2012.10.11 12:52:53.883,0.7851,0.78516,2.25,1.50
2012.10.11 12:52:53.943,0.78509,0.78515,3.23,1.50
2012.10.11 12:52:54.014,0.78509,0.78515,1.50,1.73
2012.10.11 12:52:57.212,0.78509,0.78516,1.50,1.50
2012.10.11 12:52:57.512,0.78513,0.78519,1.50,1.73
2012.10.11 12:52:59.301,0.78512,0.78521,3.98,3.90
2012.10.11 12:53:02.393,0.78511,0.78518,1.73,1.73
2012.10.11 12:53:02.572,0.7851,0.78518,3.75,1.73
2012.10.11 12:53:03.172,0.78511,0.78518,1.50,1.73
2012.10.11 12:53:03.713,0.78512,0.78518,1.50,1.73
2012.10.11 12:53:06.772,0.78511,0.78518,1.50,1.73
2012.10.11 12:53:06.893,0.78511,0.78515,1.50,1.50
2012.10.11 12:53:06.964,0.78514,0.7852,1.50,4.13
2012.10.11 12:53:07.081,0.78512,0.7852,1.50,4.13
2012.10.11 12:53:09.010,0.78512,0.78517,1.50,1.73
2012.10.11 12:53:14.423,0.7851,0.78516,2.25,1.50
2012.10.11 12:53:14.487,0.7851,0.78516,1.50,3.00
2012.10.11 12:53:15.099,0.78509,0.78516,1.50,3.23
2012.10.11 12:53:22.274,0.78507,0.78515,2.25,1.73
2012.10.11 12:53:22.872,0.78504,0.78513,4.88,1.73
2012.10.11 12:53:23.003,0.78505,0.78514,4.13,3.23
2012.10.11 12:53:25.944,0.78505,0.78512,6.00,1.35
2012.10.11 12:53:26.062,0.78507,0.78512,1.50,1.35
2012.10.11 12:53:26.612,0.78508,0.78515,2.25,2.48
2012.10.11 12:53:27.133,0.78507,0.78513,1.50,1.73
2012.10.11 12:53:27.926,0.78508,0.78513,1.50,1.73
2012.10.11 12:53:38.918,0.78507,0.78512,1.50,1.73
2012.10.11 12:53:43.531,0.78507,0.78514,1.50,1.73
2012.10.11 12:53:44.057,0.78507,0.78515,2.48,1.73
2012.10.11 12:53:44.568,0.78507,0.78515,1.73,1.73
2012.10.11 12:53:45.075,0.78507,0.78515,1.73,2.48
2012.10.11 12:53:45.683,0.78506,0.78513,3.23,1.73
2012.10.11 12:53:46.191,0.78506,0.78513,2.25,1.73
2012.10.11 12:53:48.507,0.78506,0.78513,1.50,1.73
2012.10.11 12:53:50.663,0.78503,0.78512,6.00,3.83
2012.10.11 12:53:52.743,0.785,0.78509,5.40,2.48
2012.10.11 12:53:53.094,0.785,0.78505,3.00,2.25
2012.10.11 12:53:53.412,0.78495,0.78501,1.50,1.50
2012.10.11 12:53:53.962,0.78493,0.785,1.73,1.50
2012.10.11 12:53:54.532,0.78496,0.78502,1.50,1.73
2012.10.11 12:53:55.352,0.78497,0.78502,1.50,1.73
2012.10.11 12:53:55.834,0.78494,0.78502,3.98,1.73
2012.10.11 12:53:56.145,0.78494,0.78502,2.25,2.48
2012.10.11 12:53:56.763,0.78494,0.78502,2.48,2.48
2012.10.11 12:53:56.987,0.78493,0.78501,1.50,2.48
2012.10.11 12:53:57.513,0.78492,0.78501,1.50,2.48
2012.10.11 12:53:58.263,0.78492,0.785,2.25,1.73
2012.10.11 12:53:58.673,0.78492,0.785,2.25,1.73
2012.10.11 12:54:00.322,0.78492,0.78501,1.50,2.48
2012.10.11 12:54:00.992,0.78492,0.78501,1.50,2.48
2012.10.11 12:54:01.863,0.78492,0.78501,1.50,2.33
2012.10.11 12:54:02.253,0.78493,0.785,1.50,1.65
2012.10.11 12:54:02.434,0.78493,0.785,1.50,1.50
2012.10.11 12:54:03.043,0.78493,0.785,1.50,1.73
2012.10.11 12:54:03.603,0.78492,0.78499,1.50,2.48
2012.10.11 12:54:03.733,0.78495,0.78502,2.25,2.25
2012.10.11 12:54:04.935,0.78495,0.78503,1.73,1.73
2012.10.11 12:54:05.444,0.78492,0.78499,4.88,2.25
2012.10.11 12:54:05.985,0.78492,0.78497,1.50,1.73
2012.10.11 12:54:06.121,0.7849,0.78497,1.73,1.73
2012.10.11 12:54:07.229,0.78489,0.78497,4.73,1.73
2012.10.11 12:54:07.734,0.7849,0.78497,2.25,1.73
2012.10.11 12:54:08.602,0.78488,0.78496,6.08,2.25
2012.10.11 12:54:09.143,0.78488,0.78496,3.00,3.23
2012.10.11 12:54:10.690,0.78489,0.78496,1.50,2.48
2012.10.11 12:54:13.193,0.7849,0.78497,1.50,2.25
2012.10.11 12:54:14.012,0.7849,0.78498,1.73,2.48
2012.10.11 12:54:14.592,0.78491,0.78499,2.25,4.58
2012.10.11 12:54:14.712,0.78492,0.78499,1.73,1.73
2012.10.11 12:54:15.903,0.78491,0.78499,1.50,2.48
2012.10.11 12:54:16.802,0.7849,0.78499,3.98,1.50
2012.10.11 12:54:17.502,0.78494,0.78499,1.50,1.50
2012.10.11 12:54:17.578,0.78493,0.785,1.50,1.35
2012.10.11 12:54:17.772,0.78491,0.78499,1.50,3.60
2012.10.11 12:54:17.832,0.78491,0.78499,1.50,4.35
2012.10.11 12:54:19.392,0.78491,0.78499,1.50,4.35
2012.10.11 12:54:20.542,0.78491,0.78499,2.25,4.35
2012.10.11 12:54:21.096,0.78493,0.78499,1.50,2.10
2012.10.11 12:54:21.344,0.78489,0.78498,2.85,2.48
2012.10.11 12:54:21.473,0.7849,0.78497,2.25,2.10
2012.10.11 12:54:21.533,0.78491,0.78498,1.50,1.88
2012.10.11 12:54:21.593,0.78491,0.78496,1.50,1.50
2012.10.11 12:54:21.652,0.78492,0.78499,1.50,3.60
2012.10.11 12:54:22.722,0.78492,0.78499,1.50,2.48
2012.10.11 12:54:22.843,0.7849,0.78498,1.50,1.73
2012.10.11 12:54:23.423,0.7849,0.78498,1.50,1.73
2012.10.11 12:54:23.663,0.78491,0.78498,1.50,1.73
2012.10.11 12:54:24.202,0.78492,0.78499,1.50,2.48
2012.10.11 12:54:26.622,0.78491,0.78498,1.50,1.73
2012.10.11 12:54:27.175,0.78489,0.78498,5.48,3.98
2012.10.11 12:54:27.921,0.78489,0.78497,3.98,3.23
2012.10.11 12:54:29.032,0.78489,0.78498,3.23,1.73
2012.10.11 12:54:31.233,0.78489,0.78497,1.73,4.73
2012.10.11 12:54:31.771,0.7849,0.78497,2.25,2.48
2012.10.11 12:54:31.832,0.7849,0.78498,3.23,2.48
2012.10.11 12:54:33.204,0.78489,0.78496,3.23,1.73
2012.10.11 12:54:33.681,0.7849,0.78498,1.73,2.48
2012.10.11 12:54:45.542,0.78488,0.78495,1.50,1.50
2012.10.11 12:54:46.972,0.7849,0.78496,1.50,1.50
2012.10.11 12:54:54.242,0.78487,0.78492,1.73,1.50
2012.10.11 12:54:54.302,0.7848,0.78492,3.32,2.48
2012.10.11 12:54:54.545,0.78483,0.78492,3.32,3.23
2012.10.11 12:54:55.612,0.78482,0.78492,3.00,3.23
2012.10.11 12:54:55.792,0.78483,0.7849,1.50,3.00
2012.10.11 12:54:55.913,0.78485,0.78492,2.25,5.25
2012.10.11 12:54:56.033,0.78483,0.7849,1.50,3.00
2012.10.11 12:54:59.005,0.78484,0.78491,2.25,3.75
2012.10.11 12:54:59.593,0.78488,0.78494,1.50,1.50
2012.10.11 12:54:59.671,0.78486,0.78492,1.50,1.50
2012.10.11 12:55:00.032,0.78484,0.78492,2.48,2.48
2012.10.11 12:55:00.153,0.78484,0.78492,1.50,1.73
2012.10.11 12:55:00.272,0.78484,0.78492,2.25,3.98
2012.10.11 12:55:01.114,0.78482,0.7849,3.23,1.73
2012.10.11 12:55:01.173,0.78481,0.78488,1.50,2.48
2012.10.11 12:55:01.676,0.78483,0.7849,1.50,3.23
2012.10.11 12:55:02.053,0.78483,0.78489,1.50,1.73
2012.10.11 12:55:02.754,0.78483,0.7849,2.25,2.48
2012.10.11 12:55:02.992,0.78485,0.7849,3.25,1.50
2012.10.11 12:55:03.353,0.78489,0.78496,1.50,1.50
2012.10.11 12:55:03.905,0.78489,0.78497,1.50,3.38
2012.10.11 12:55:04.303,0.78488,0.78495,2.25,1.73
2012.10.11 12:55:04.861,0.78489,0.78496,1.50,1.50
2012.10.11 12:55:05.285,0.78491,0.78497,1.50,1.13
2012.10.11 12:55:06.811,0.78491,0.78496,1.50,1.50
2012.10.11 12:55:12.732,0.78491,0.78497,2.25,1.88
2012.10.11 12:55:13.113,0.78491,0.78497,2.25,1.35
2012.10.11 12:55:22.377,0.78492,0.78499,1.50,3.08
2012.10.11 12:55:26.524,0.78492,0.78499,1.50,3.08
2012.10.11 12:55:27.602,0.78492,0.78499,1.50,2.48
2012.10.11 12:55:30.192,0.78488,0.78495,4.07,1.50
2012.10.11 12:55:30.311,0.7849,0.78497,3.23,1.73
2012.10.11 12:55:30.930,0.78491,0.78499,3.00,3.98
2012.10.11 12:55:32.296,0.78489,0.78494,2.48,3.00
2012.10.11 12:55:32.602,0.78485,0.78493,1.50,2.10
2012.10.11 12:55:33.142,0.78489,0.78494,1.50,1.50
2012.10.11 12:55:33.441,0.7849,0.78498,2.48,3.23
2012.10.11 12:55:34.753,0.78489,0.78497,6.08,1.73
2012.10.11 12:55:34.815,0.78488,0.78495,2.95,2.25
2012.10.11 12:55:35.123,0.78486,0.7849,1.50,1.50
2012.10.11 12:55:35.243,0.78485,0.7849,4.20,2.25
2012.10.11 12:55:37.522,0.78484,0.7849,1.50,3.00
2012.10.11 12:55:37.642,0.78482,0.78489,2.25,1.73
2012.10.11 12:55:38.062,0.78483,0.7849,3.00,1.50
2012.10.11 12:55:38.706,0.78482,0.7849,2.25,3.98
2012.10.11 12:55:40.542,0.78484,0.7849,1.50,2.63
2012.10.11 12:55:40.782,0.78482,0.78488,1.50,1.73
2012.10.11 12:55:42.692,0.7848,0.78487,5.87,1.73
2012.10.11 12:55:42.873,0.78477,0.78485,5.48,2.48
2012.10.11 12:55:43.883,0.7848,0.78487,1.73,3.23
2012.10.11 12:55:44.064,0.78483,0.78489,1.50,1.13
2012.10.11 12:55:44.482,0.78482,0.78489,1.50,2.48
2012.10.11 12:55:44.842,0.78482,0.7849,2.25,3.60
2012.10.11 12:55:44.901,0.78482,0.78489,1.50,1.73
2012.10.11 12:55:46.108,0.78481,0.78487,1.50,1.73
2012.10.11 12:55:46.553,0.78478,0.78486,3.75,1.73
2012.10.11 12:55:46.733,0.78478,0.78486,1.50,2.48
2012.10.11 12:55:47.362,0.78479,0.78486,1.50,1.50
2012.10.11 12:55:48.382,0.78479,0.78486,1.50,1.73
2012.10.11 12:55:49.962,0.78479,0.78486,1.73,1.50
2012.10.11 12:55:50.442,0.7848,0.78487,1.50,2.48
2012.10.11 12:55:50.945,0.78481,0.78488,1.50,1.73
2012.10.11 12:55:51.717,0.78477,0.78485,2.33,2.85
2012.10.11 12:55:54.016,0.78477,0.78482,1.50,2.10
2012.10.11 12:55:54.323,0.78476,0.78483,3.00,2.48
2012.10.11 12:55:54.626,0.78475,0.78485,4.37,3.98
2012.10.11 12:55:54.701,0.78477,0.78485,3.00,3.98
2012.10.11 12:55:54.903,0.7848,0.78487,2.25,3.75
2012.10.11 12:55:54.964,0.7848,0.78488,3.98,3.23
2012.10.11 12:55:55.512,0.78481,0.78489,2.25,3.98
2012.10.11 12:55:56.682,0.78481,0.78488,1.50,3.23
2012.10.11 12:56:03.673,0.78481,0.78488,2.25,1.73
2012.10.11 12:56:06.321,0.78481,0.78488,2.25,1.73
2012.10.11 12:56:06.441,0.78481,0.78488,2.25,1.50
2012.10.11 12:56:07.542,0.78483,0.78489,2.25,1.50
2012.10.11 12:56:08.514,0.78474,0.78483,4.43,2.25
2012.10.11 12:56:08.645,0.78475,0.78482,3.00,1.88
2012.10.11 12:56:08.774,0.78475,0.78482,2.33,2.63
2012.10.11 12:56:09.563,0.78476,0.78483,3.00,1.13
2012.10.11 12:56:09.682,0.78476,0.78483,1.50,3.23
2012.10.11 12:56:13.137,0.78475,0.78481,1.50,3.00
2012.10.11 12:56:13.742,0.78474,0.78479,1.50,1.73
2012.10.11 12:56:14.282,0.78472,0.78478,1.50,1.73
2012.10.11 12:56:15.514,0.78472,0.7848,3.00,2.48
2012.10.11 12:56:16.323,0.78473,0.78478,1.50,1.73
2012.10.11 12:56:16.503,0.7847,0.78478,3.75,1.95
2012.10.11 12:56:16.562,0.7847,0.78476,3.00,1.73
2012.10.11 12:56:16.922,0.7847,0.78478,1.50,1.95
2012.10.11 12:56:17.042,0.78472,0.78478,1.50,1.20
2012.10.11 12:56:17.102,0.78472,0.78479,1.50,3.23
2012.10.11 12:56:23.182,0.78472,0.7848,1.50,3.23
2012.10.11 12:56:31.635,0.78472,0.78479,1.50,1.73
2012.10.11 12:56:35.740,0.78471,0.78479,2.48,1.73
2012.10.11 12:56:50.892,0.78473,0.7848,2.25,1.88
2012.10.11 12:56:52.648,0.78472,0.7848,1.50,2.85
2012.10.11 12:56:53.543,0.78473,0.7848,3.75,1.13
2012.10.11 12:56:56.242,0.78473,0.7848,1.50,2.85
2012.10.11 12:57:07.572,0.78473,0.7848,2.25,1.73
2012.10.11 12:57:08.122,0.78474,0.78481,1.50,3.60
2012.10.11 12:57:08.774,0.78474,0.78481,2.25,1.73
2012.10.11 12:57:08.894,0.78476,0.78482,1.50,1.50
2012.10.11 12:57:09.440,0.78474,0.78481,2.48,1.73
2012.10.11 12:57:09.803,0.78476,0.78484,2.48,4.35
2012.10.11 12:57:09.862,0.78477,0.78484,1.50,1.73
2012.10.11 12:57:10.173,0.78479,0.78487,1.50,1.73
2012.10.11 12:57:10.233,0.78479,0.78488,2.25,4.73
2012.10.11 12:57:10.856,0.78479,0.78488,2.25,4.73
2012.10.11 12:57:19.472,0.78479,0.78485,2.25,1.50
2012.10.11 12:57:32.333,0.78479,0.78488,3.23,3.23
2012.10.11 12:57:33.194,0.78478,0.78485,2.93,1.50
2012.10.11 12:57:35.351,0.78479,0.78488,1.43,4.73
2012.10.11 12:57:40.811,0.78479,0.78487,1.43,3.60
2012.10.11 12:57:41.291,0.78479,0.78487,4.43,3.60
2012.10.11 12:57:41.902,0.7848,0.78487,1.50,2.48
2012.10.11 12:57:42.792,0.78479,0.78486,2.93,1.50
2012.10.11 12:57:42.913,0.78477,0.78485,3.00,2.48
2012.10.11 12:57:43.453,0.78478,0.78485,1.50,1.73
2012.10.11 12:57:52.970,0.78478,0.78485,1.20,3.60
2012.10.11 12:57:53.351,0.78479,0.78485,1.20,3.38
2012.10.11 12:57:56.702,0.7848,0.78487,1.73,3.60
2012.10.11 12:57:57.064,0.78481,0.78487,2.48,1.50
2012.10.11 12:57:58.087,0.78481,0.78487,2.48,1.50
2012.10.11 12:57:59.813,0.78479,0.78484,2.63,1.35
2012.10.11 12:58:00.352,0.78481,0.78488,1.73,3.38
2012.10.11 12:58:00.773,0.78481,0.78488,1.50,1.50
2012.10.11 12:58:01.313,0.78479,0.78485,1.73,1.50
2012.10.11 12:58:01.828,0.78479,0.78485,1.50,1.50
2012.10.11 12:58:01.970,0.78479,0.78485,1.50,1.50
2012.10.11 12:58:04.893,0.78477,0.78484,1.50,3.60
2012.10.11 12:58:04.952,0.78474,0.78482,3.00,2.25
2012.10.11 12:58:05.263,0.78473,0.7848,3.23,3.38
2012.10.11 12:58:05.803,0.78472,0.7848,1.73,4.13
2012.10.11 12:58:06.374,0.78473,0.7848,1.73,4.13
2012.10.11 12:58:15.811,0.78472,0.7848,2.18,4.13
2012.10.11 12:58:16.363,0.78474,0.7848,1.50,1.88
2012.10.11 12:58:16.441,0.78476,0.78482,1.50,2.25
2012.10.11 12:58:16.576,0.78477,0.78483,3.00,3.00
2012.10.11 12:58:17.084,0.78478,0.78483,2.18,3.00
2012.10.11 12:58:17.528,0.78478,0.78487,4.28,4.50
2012.10.11 12:58:17.595,0.78479,0.78487,1.73,3.75
2012.10.11 12:58:17.783,0.78482,0.78487,1.73,3.00
2012.10.11 12:58:18.285,0.78482,0.78489,1.73,3.00
2012.10.11 12:58:20.428,0.78484,0.78489,1.35,1.50
2012.10.11 12:58:20.614,0.78486,0.78492,1.73,1.13
2012.10.11 12:58:20.925,0.78484,0.78491,2.85,2.10
2012.10.11 12:58:24.172,0.78481,0.78488,3.60,2.25
2012.10.11 12:58:24.722,0.78481,0.78488,1.88,2.25
2012.10.11 12:58:25.553,0.78479,0.78486,2.48,1.50
2012.10.11 12:58:25.732,0.78481,0.78487,1.73,1.50
2012.10.11 12:58:26.273,0.78479,0.78486,2.25,2.25
2012.10.11 12:58:26.572,0.78482,0.78489,1.73,3.00
2012.10.11 12:58:29.004,0.7848,0.78488,2.48,1.50
2012.10.11 12:58:29.598,0.78483,0.78488,1.73,1.50
2012.10.11 12:58:39.791,0.78484,0.78491,1.73,1.50
2012.10.11 12:58:40.350,0.78484,0.78491,1.73,1.50
2012.10.11 12:58:41.502,0.78484,0.78491,1.50,2.48
2012.10.11 12:58:41.625,0.78483,0.78489,2.25,1.73
2012.10.11 12:58:42.371,0.78481,0.78488,1.73,2.25
2012.10.11 12:58:42.963,0.7848,0.78485,3.23,1.50
2012.10.11 12:58:43.264,0.78478,0.78484,1.50,1.73
2012.10.11 12:58:43.444,0.78477,0.78484,4.73,1.50
2012.10.11 12:58:43.803,0.78478,0.78486,3.23,2.25
2012.10.11 12:58:43.924,0.78479,0.78487,1.73,3.38
2012.10.11 12:58:45.092,0.78479,0.78485,1.50,1.50
2012.10.11 12:58:45.152,0.78478,0.78485,1.73,1.50
2012.10.11 12:58:48.114,0.78478,0.78484,1.73,1.50
2012.10.11 12:58:49.723,0.78476,0.78483,3.75,1.13
2012.10.11 12:58:50.463,0.78476,0.78482,2.25,1.73
2012.10.11 12:58:51.004,0.78476,0.78482,2.25,1.73
2012.10.11 12:58:54.613,0.78477,0.78483,1.50,1.35
2012.10.11 12:58:54.673,0.78477,0.78484,2.25,4.50
2012.10.11 12:58:55.233,0.78478,0.78484,1.50,3.23
2012.10.11 12:58:55.613,0.78476,0.78483,3.75,1.73
2012.10.11 12:58:55.673,0.78476,0.78483,3.75,2.10
2012.10.11 12:58:56.383,0.78477,0.78484,1.50,1.50
2012.10.11 12:58:56.442,0.78478,0.78485,1.50,3.77
2012.10.11 12:58:56.682,0.78477,0.78484,1.73,1.73
2012.10.11 12:58:56.803,0.78477,0.78483,3.23,1.73
2012.10.11 12:58:56.927,0.78477,0.78483,1.73,2.85
2012.10.11 12:58:57.960,0.78478,0.78484,1.50,3.00
2012.10.11 12:58:58.034,0.78477,0.78484,3.00,2.48
2012.10.11 12:58:58.563,0.78477,0.78484,3.00,1.73
2012.10.11 12:59:09.843,0.78477,0.78482,1.50,1.50
2012.10.11 12:59:10.083,0.78476,0.78481,3.23,1.50
2012.10.11 12:59:10.833,0.78477,0.78482,1.50,1.13
2012.10.11 12:59:16.253,0.78478,0.78486,1.50,2.63
2012.10.11 12:59:16.373,0.78479,0.78486,1.50,1.35
2012.10.11 12:59:16.612,0.78479,0.78486,1.73,2.48
2012.10.11 12:59:17.212,0.78479,0.78486,1.73,1.73
2012.10.11 12:59:17.273,0.78481,0.78487,1.73,1.50
2012.10.11 12:59:17.632,0.78478,0.78485,2.48,3.38
2012.10.11 12:59:17.939,0.78477,0.78484,3.98,1.50
2012.10.11 12:59:18.612,0.78477,0.78484,3.00,1.50
2012.10.11 12:59:19.804,0.78477,0.78483,2.48,1.50
2012.10.11 12:59:20.841,0.78478,0.78483,1.73,1.50
2012.10.11 12:59:20.963,0.78478,0.78485,2.48,2.63
2012.10.11 12:59:21.502,0.78478,0.78484,1.73,2.25
2012.10.11 12:59:23.636,0.78478,0.78483,1.73,1.50
2012.10.11 12:59:24.346,0.78478,0.78483,1.73,1.50
2012.10.11 12:59:24.854,0.78478,0.78483,1.73,1.50
2012.10.11 12:59:28.804,0.78479,0.78486,1.73,3.75
2012.10.11 12:59:28.863,0.78479,0.78486,3.23,3.75
2012.10.11 12:59:29.163,0.78479,0.78485,1.50,1.88
2012.10.11 12:59:29.354,0.78479,0.78485,2.25,1.13
2012.10.11 12:59:29.663,0.78484,0.78491,1.73,4.13
2012.10.11 12:59:29.725,0.78485,0.78491,1.73,2.63
2012.10.11 12:59:29.794,0.78487,0.78493,1.73,3.75
2012.10.11 12:59:30.343,0.78487,0.78493,2.48,3.00
2012.10.11 12:59:31.533,0.78486,0.78493,3.75,1.50
2012.10.11 12:59:32.080,0.78487,0.78493,1.73,1.50
2012.10.11 12:59:32.922,0.78486,0.78493,3.00,1.50
2012.10.11 12:59:34.223,0.78488,0.78495,2.48,1.73
2012.10.11 12:59:34.283,0.78488,0.78496,2.48,1.50
2012.10.11 12:59:35.023,0.78492,0.78497,1.73,1.50
2012.10.11 12:59:35.084,0.78492,0.78498,2.48,1.73
2012.10.11 12:59:35.144,0.7849,0.785,2.48,7.05
2012.10.11 12:59:35.263,0.78488,0.78496,3.23,3.00
2012.10.11 12:59:35.394,0.78487,0.78493,2.48,1.50
2012.10.11 12:59:35.953,0.78485,0.78492,1.73,2.25
2012.10.11 12:59:36.579,0.78485,0.78492,1.73,2.25
2012.10.11 12:59:38.103,0.78487,0.78494,1.50,3.23
2012.10.11 12:59:39.558,0.78486,0.78492,2.25,1.73
2012.10.11 12:59:40.139,0.78484,0.78492,2.48,1.73
2012.10.11 12:59:43.322,0.78486,0.78492,1.73,1.50
2012.10.11 12:59:44.356,0.78486,0.78493,1.73,2.25
2012.10.11 12:59:47.085,0.78486,0.78492,1.13,1.50
2012.10.11 12:59:47.723,0.78486,0.78492,1.13,2.25
2012.10.11 12:59:48.083,0.78488,0.78495,2.25,1.73
2012.10.11 12:59:48.143,0.7849,0.78496,1.73,1.13
2012.10.11 12:59:48.264,0.7849,0.78497,2.48,1.50
2012.10.11 12:59:48.802,0.7849,0.78497,2.48,1.50
2012.10.11 12:59:50.346,0.7849,0.78498,2.48,1.50
2012.10.11 12:59:52.194,0.7849,0.78497,3.00,1.50
2012.10.11 12:59:54.265,0.7849,0.78497,3.23,1.50
2012.10.11 12:59:54.782,0.78491,0.78499,2.48,2.48
2012.10.11 12:59:55.938,0.78491,0.78499,1.73,2.48
2012.10.11 12:59:56.731,0.78491,0.78498,1.73,1.13
2012.10.11 12:59:57.036,0.78488,0.78494,1.80,2.48
2012.10.11 12:59:57.403,0.78489,0.78497,2.40,3.00
2012.10.11 12:59:57.523,0.7849,0.78497,1.50,2.48
2012.10.11 12:59:58.033,0.7849,0.78497,1.65,1.73
2012.10.11 12:59:58.913,0.78489,0.78496,1.65,1.58
2012.10.11 12:59:59.334,0.78488,0.78493,2.25,1.73
2012.10.11 12:59:59.883,0.78488,0.78495,1.50,3.00
