2011.08.10 16:00:00.651,0.76409,0.76421,1.88,1.88
2011.08.10 16:00:01.118,0.76409,0.76421,1.13,2.63
2011.08.10 16:00:01.784,0.76409,0.76421,1.13,2.63
2011.08.10 16:00:02.508,0.76409,0.76421,1.13,1.88
2011.08.10 16:00:03.042,0.76409,0.76421,1.13,1.88
2011.08.10 16:00:03.600,0.76409,0.76421,1.88,1.88
2011.08.10 16:00:04.162,0.76409,0.76421,1.13,1.88
2011.08.10 16:00:05.204,0.76408,0.76421,3.60,1.88
2011.08.10 16:00:05.742,0.76409,0.76421,1.73,1.88
2011.08.10 16:00:06.306,0.76409,0.76421,1.73,1.88
2011.08.10 16:00:06.862,0.76409,0.76421,1.73,1.88
2011.08.10 16:00:07.654,0.76409,0.76421,2.10,1.13
2011.08.10 16:00:07.781,0.76411,0.76422,2.10,2.25
2011.08.10 16:00:07.906,0.76412,0.76426,3.75,3.38
2011.08.10 16:00:08.244,0.76411,0.76424,3.00,1.88
2011.08.10 16:00:08.696,0.76411,0.76423,2.25,1.50
2011.08.10 16:00:08.815,0.76409,0.76422,4.50,1.13
2011.08.10 16:00:09.152,0.76408,0.7642,3.98,1.50
2011.08.10 16:00:10.140,0.76405,0.76417,3.00,1.50
2011.08.10 16:00:11.351,0.76406,0.76417,1.13,1.50
2011.08.10 16:00:11.913,0.76406,0.76416,1.13,1.50
2011.08.10 16:00:12.572,0.76406,0.76417,1.13,1.50
2011.08.10 16:00:12.921,0.76404,0.76416,2.25,4.88
2011.08.10 16:00:13.481,0.76404,0.76415,1.50,1.13
2011.08.10 16:00:14.933,0.76404,0.76414,1.50,1.20
2011.08.10 16:00:15.162,0.76403,0.76414,1.50,1.39
2011.08.10 16:00:15.979,0.76401,0.76413,2.63,1.02
2011.08.10 16:00:17.605,0.76401,0.76414,1.50,6.27
2011.08.10 16:00:18.507,0.76401,0.76412,1.50,1.39
2011.08.10 16:00:19.018,0.76401,0.76414,1.50,5.14
2011.08.10 16:00:25.443,0.76399,0.76413,1.88,2.25
2011.08.10 16:00:26.112,0.76399,0.76413,1.13,2.85
2011.08.10 16:00:26.672,0.76399,0.76412,1.13,1.50
2011.08.10 16:00:27.679,0.76399,0.76413,1.88,3.60
2011.08.10 16:00:28.241,0.76399,0.76412,1.13,3.00
2011.08.10 16:00:28.802,0.76399,0.76412,1.13,3.00
2011.08.10 16:00:29.584,0.76399,0.76412,1.13,3.00
2011.08.10 16:00:31.093,0.76399,0.76411,1.13,1.50
2011.08.10 16:00:31.650,0.76399,0.76412,1.13,3.00
2011.08.10 16:00:32.201,0.76399,0.76411,1.13,1.50
2011.08.10 16:00:33.127,0.76399,0.76412,1.13,3.00
2011.08.10 16:00:33.570,0.764,0.76412,1.50,2.25
2011.08.10 16:00:34.572,0.764,0.76413,1.50,1.88
2011.08.10 16:00:35.131,0.76401,0.76413,1.50,1.13
2011.08.10 16:00:35.472,0.76403,0.76414,1.50,2.25
2011.08.10 16:00:35.705,0.76402,0.76415,1.88,5.63
2011.08.10 16:00:36.263,0.76401,0.76413,1.50,1.13
2011.08.10 16:00:36.933,0.76399,0.76411,1.88,1.50
2011.08.10 16:00:37.491,0.76399,0.76412,1.88,2.85
2011.08.10 16:00:38.043,0.76399,0.76412,1.88,2.85
2011.08.10 16:00:40.802,0.76399,0.76412,2.63,1.35
2011.08.10 16:00:41.141,0.76401,0.76413,1.53,1.88
2011.08.10 16:00:41.703,0.764,0.76413,2.25,2.48
2011.08.10 16:00:42.261,0.764,0.76413,1.50,1.73
2011.08.10 16:00:44.017,0.76399,0.76413,3.38,2.48
2011.08.10 16:00:46.762,0.76399,0.76414,1.88,5.10
2011.08.10 16:00:53.584,0.76402,0.76414,1.13,2.48
2011.08.10 16:00:53.921,0.76406,0.76418,1.50,3.38
2011.08.10 16:00:54.486,0.76406,0.76417,1.13,1.88
2011.08.10 16:00:55.874,0.76406,0.76418,1.88,1.50
2011.08.10 16:00:57.816,0.76406,0.76418,1.88,1.13
2011.08.10 16:00:57.937,0.76404,0.76415,1.50,2.25
2011.08.10 16:00:59.154,0.76405,0.76416,1.50,1.88
2011.08.10 16:00:59.606,0.76406,0.76418,1.13,2.48
2011.08.10 16:01:01.023,0.76406,0.76414,1.13,3.38
2011.08.10 16:01:01.251,0.76396,0.76408,1.50,2.25
2011.08.10 16:01:01.377,0.76395,0.76408,3.00,3.00
2011.08.10 16:01:01.492,0.76395,0.76408,2.63,3.00
2011.08.10 16:01:01.613,0.76398,0.7641,1.50,5.85
2011.08.10 16:01:02.171,0.76397,0.76409,1.88,3.75
2011.08.10 16:01:02.511,0.76398,0.76409,1.50,3.00
2011.08.10 16:01:03.334,0.76398,0.76409,1.50,1.13
2011.08.10 16:01:03.885,0.76399,0.7641,1.88,1.50
2011.08.10 16:01:04.441,0.76399,0.76411,1.88,3.75
2011.08.10 16:01:05.781,0.76399,0.76411,1.88,3.00
2011.08.10 16:01:05.903,0.76393,0.76407,2.63,1.13
2011.08.10 16:01:06.463,0.76393,0.76407,3.38,1.88
2011.08.10 16:01:07.242,0.76393,0.76407,2.63,2.63
2011.08.10 16:01:09.362,0.76394,0.76407,2.28,2.63
2011.08.10 16:01:11.486,0.76392,0.76406,3.41,1.43
2011.08.10 16:01:12.042,0.76392,0.76406,3.41,1.43
2011.08.10 16:01:14.754,0.76392,0.76407,3.38,5.25
2011.08.10 16:01:16.879,0.76393,0.76407,1.91,1.88
2011.08.10 16:01:17.000,0.76394,0.76407,1.50,1.13
2011.08.10 16:01:19.365,0.76395,0.76409,1.13,1.50
2011.08.10 16:01:19.813,0.76396,0.76409,1.35,1.13
2011.08.10 16:01:20.374,0.76399,0.76411,1.50,9.00
2011.08.10 16:01:21.850,0.76396,0.76409,1.88,3.75
2011.08.10 16:01:22.070,0.76397,0.76409,1.50,3.75
2011.08.10 16:01:23.406,0.76397,0.76409,1.50,3.75
2011.08.10 16:01:23.744,0.76395,0.76406,1.50,1.88
2011.08.10 16:01:23.867,0.76396,0.76406,1.50,1.13
2011.08.10 16:01:24.650,0.76395,0.76409,2.63,3.75
2011.08.10 16:01:25.951,0.76395,0.76409,2.63,3.75
2011.08.10 16:01:26.403,0.76395,0.76409,2.63,3.75
2011.08.10 16:01:26.633,0.76395,0.76409,2.63,3.75
2011.08.10 16:01:27.512,0.76395,0.76409,1.88,5.25
2011.08.10 16:01:28.622,0.76395,0.76409,1.88,2.25
2011.08.10 16:01:29.840,0.76394,0.76408,1.50,3.00
2011.08.10 16:01:29.952,0.76393,0.76407,1.88,2.63
2011.08.10 16:01:30.737,0.76393,0.76407,1.13,3.60
2011.08.10 16:01:34.320,0.76393,0.76407,1.88,1.65
2011.08.10 16:01:34.433,0.76394,0.76408,3.00,3.00
2011.08.10 16:01:34.553,0.76396,0.76409,1.50,2.10
2011.08.10 16:01:35.110,0.76396,0.76409,2.25,2.25
2011.08.10 16:01:35.344,0.76397,0.76411,1.13,3.75
2011.08.10 16:01:35.462,0.76399,0.76411,1.50,4.50
2011.08.10 16:01:38.402,0.76396,0.7641,1.50,2.63
2011.08.10 16:01:39.294,0.76397,0.7641,1.50,4.88
2011.08.10 16:01:39.853,0.76397,0.76409,1.50,1.88
2011.08.10 16:01:40.191,0.76395,0.76409,1.88,1.13
2011.08.10 16:01:40.862,0.76395,0.76409,1.88,3.00
2011.08.10 16:01:41.479,0.76395,0.76409,1.88,3.00
2011.08.10 16:01:43.022,0.76395,0.76409,1.88,3.00
2011.08.10 16:01:43.691,0.76395,0.76409,1.88,3.00
2011.08.10 16:01:44.769,0.76395,0.76409,1.88,3.00
2011.08.10 16:01:44.901,0.76399,0.76411,1.50,3.00
2011.08.10 16:01:45.242,0.76399,0.76412,1.88,2.63
2011.08.10 16:01:45.801,0.76399,0.76412,3.41,1.88
2011.08.10 16:01:48.352,0.764,0.76414,1.50,4.35
2011.08.10 16:01:49.186,0.764,0.76413,2.25,1.88
2011.08.10 16:01:50.514,0.764,0.76414,1.50,4.35
2011.08.10 16:01:53.669,0.76399,0.76413,2.66,1.13
2011.08.10 16:01:54.226,0.76401,0.76414,1.16,1.35
2011.08.10 16:01:54.781,0.76401,0.76414,1.13,1.35
2011.08.10 16:01:57.068,0.76401,0.76415,1.13,1.50
2011.08.10 16:01:59.598,0.76399,0.76413,3.38,1.13
2011.08.10 16:02:00.199,0.76399,0.76413,1.88,1.13
2011.08.10 16:02:01.750,0.76399,0.76413,1.88,1.13
2011.08.10 16:02:04.062,0.76399,0.76413,1.88,1.13
2011.08.10 16:02:04.621,0.76399,0.76413,1.88,1.13
2011.08.10 16:02:05.627,0.76399,0.76413,1.88,1.13
2011.08.10 16:02:06.181,0.76399,0.76413,1.88,1.13
2011.08.10 16:02:07.069,0.76399,0.76413,1.88,1.13
2011.08.10 16:02:07.195,0.76399,0.76413,1.88,1.13
2011.08.10 16:02:07.751,0.76399,0.76413,1.88,1.13
2011.08.10 16:02:09.302,0.76399,0.76413,2.63,1.13
2011.08.10 16:02:10.028,0.76402,0.76415,1.13,4.73
2011.08.10 16:02:10.477,0.76404,0.76416,1.35,4.50
2011.08.10 16:02:10.812,0.76407,0.76418,1.50,1.88
2011.08.10 16:02:10.932,0.76406,0.76418,1.88,1.88
2011.08.10 16:02:11.163,0.76406,0.76418,1.88,3.75
2011.08.10 16:02:11.722,0.76406,0.76418,1.13,3.75
2011.08.10 16:02:12.282,0.76406,0.76418,1.13,3.75
2011.08.10 16:02:12.970,0.76404,0.76418,1.50,6.00
2011.08.10 16:02:14.102,0.76404,0.76416,1.50,1.50
2011.08.10 16:02:14.884,0.76405,0.76415,1.50,1.50
2011.08.10 16:02:15.732,0.76405,0.76416,1.50,1.50
2011.08.10 16:02:16.073,0.76405,0.76415,1.50,3.75
2011.08.10 16:02:18.503,0.76405,0.76415,1.50,1.50
2011.08.10 16:02:19.231,0.76404,0.76416,1.88,1.88
2011.08.10 16:02:19.900,0.76404,0.76416,1.88,1.13
2011.08.10 16:02:20.780,0.76404,0.76416,1.88,1.13
2011.08.10 16:02:21.331,0.76405,0.76417,1.50,2.25
2011.08.10 16:02:23.554,0.76405,0.76416,1.50,1.13
2011.08.10 16:02:24.115,0.76404,0.76416,1.88,1.13
2011.08.10 16:02:24.670,0.76404,0.76416,1.88,1.13
2011.08.10 16:02:25.771,0.76405,0.76416,1.50,1.88
2011.08.10 16:02:30.868,0.76405,0.76417,1.50,5.25
2011.08.10 16:02:32.741,0.76405,0.76416,1.50,2.63
2011.08.10 16:02:33.743,0.76405,0.76416,1.50,1.88
2011.08.10 16:02:34.301,0.76405,0.76415,1.50,3.00
2011.08.10 16:02:35.564,0.76404,0.76415,1.50,3.00
2011.08.10 16:02:36.670,0.76404,0.76414,1.50,1.13
2011.08.10 16:02:40.224,0.76405,0.76415,1.50,3.00
2011.08.10 16:02:41.112,0.76404,0.76415,1.50,3.00
2011.08.10 16:02:43.492,0.76403,0.76414,1.50,1.13
2011.08.10 16:02:44.714,0.76403,0.76413,1.50,2.25
2011.08.10 16:02:47.011,0.76401,0.76413,1.50,3.75
2011.08.10 16:02:47.572,0.764,0.76413,1.91,3.75
2011.08.10 16:02:49.592,0.764,0.76413,1.91,3.75
2011.08.10 16:02:50.492,0.76399,0.76411,1.50,1.13
2011.08.10 16:02:51.063,0.76401,0.76413,1.13,1.35
2011.08.10 16:02:51.303,0.76402,0.76415,2.25,1.88
2011.08.10 16:02:51.421,0.76403,0.76415,1.50,1.88
2011.08.10 16:02:51.652,0.76402,0.76414,1.50,1.50
2011.08.10 16:02:51.772,0.76401,0.76413,1.50,2.25
2011.08.10 16:02:54.476,0.764,0.76413,3.38,3.00
2011.08.10 16:02:55.763,0.76402,0.76413,1.50,3.00
2011.08.10 16:02:56.321,0.76402,0.76413,1.50,3.00
2011.08.10 16:02:57.047,0.76401,0.76411,2.25,2.25
2011.08.10 16:02:57.601,0.76401,0.76411,1.50,2.25
2011.08.10 16:02:59.593,0.76401,0.76414,1.50,3.38
2011.08.10 16:03:05.320,0.76401,0.76413,1.50,1.13
2011.08.10 16:03:05.870,0.76401,0.76413,1.50,1.13
2011.08.10 16:03:07.330,0.76401,0.76413,1.50,1.13
2011.08.10 16:03:07.881,0.76401,0.76413,1.50,1.13
2011.08.10 16:03:10.789,0.76401,0.76413,1.50,1.88
2011.08.10 16:03:11.234,0.76402,0.76413,1.50,1.88
2011.08.10 16:03:11.469,0.76401,0.76415,2.66,3.23
2011.08.10 16:03:11.694,0.76401,0.76413,1.50,1.88
2011.08.10 16:03:11.817,0.76399,0.76413,2.63,1.88
2011.08.10 16:03:15.789,0.764,0.76413,1.50,1.88
2011.08.10 16:03:20.452,0.764,0.76412,1.50,1.50
2011.08.10 16:03:32.590,0.764,0.76413,1.50,1.73
2011.08.10 16:03:33.141,0.76399,0.76412,1.88,1.50
2011.08.10 16:03:33.703,0.764,0.76413,1.50,2.48
2011.08.10 16:03:36.473,0.764,0.76413,1.50,2.48
2011.08.10 16:03:45.111,0.764,0.76413,1.50,2.48
2011.08.10 16:03:46.981,0.764,0.76413,1.50,2.48
2011.08.10 16:03:51.931,0.764,0.76413,1.50,2.48
2011.08.10 16:03:53.853,0.764,0.76413,1.91,3.00
2011.08.10 16:03:54.415,0.764,0.76411,1.13,3.75
2011.08.10 16:03:54.971,0.76397,0.76411,1.88,3.38
2011.08.10 16:03:55.532,0.76397,0.7641,1.88,4.50
2011.08.10 16:04:04.954,0.76399,0.76412,1.13,7.50
2011.08.10 16:04:05.078,0.764,0.76412,1.50,7.50
2011.08.10 16:04:05.632,0.76399,0.76409,1.13,2.25
2011.08.10 16:04:06.301,0.76397,0.76409,1.88,2.25
2011.08.10 16:04:07.233,0.76394,0.76406,2.25,2.25
2011.08.10 16:04:09.772,0.76394,0.76407,2.25,1.13
2011.08.10 16:04:16.751,0.76394,0.76406,1.88,1.88
2011.08.10 16:04:18.141,0.76394,0.76406,1.13,7.13
2011.08.10 16:04:18.912,0.76393,0.76404,1.50,2.25
2011.08.10 16:04:19.365,0.76391,0.76404,1.50,5.63
2011.08.10 16:04:20.429,0.76391,0.76403,3.38,1.13
2011.08.10 16:04:20.560,0.76395,0.76405,1.13,1.35
2011.08.10 16:04:20.908,0.76392,0.76404,1.13,1.88
2011.08.10 16:04:27.277,0.7639,0.76403,2.63,1.13
2011.08.10 16:04:28.713,0.76392,0.76403,1.50,3.60
2011.08.10 16:04:30.943,0.7639,0.764,2.25,1.50
2011.08.10 16:04:31.067,0.76389,0.764,2.63,2.25
2011.08.10 16:04:31.185,0.76387,0.76398,1.50,1.13
2011.08.10 16:04:32.071,0.76387,0.764,1.88,1.50
2011.08.10 16:04:32.632,0.76387,0.76401,1.88,1.88
2011.08.10 16:04:32.861,0.76387,0.76401,1.88,1.13
2011.08.10 16:04:33.642,0.76387,0.76401,1.88,3.38
2011.08.10 16:04:33.874,0.76387,0.76399,1.88,3.00
2011.08.10 16:04:34.224,0.76383,0.76393,1.13,1.13
2011.08.10 16:04:35.057,0.76382,0.76394,1.13,3.00
2011.08.10 16:04:36.338,0.76383,0.76394,1.88,1.50
2011.08.10 16:04:36.458,0.76382,0.76394,2.28,2.25
2011.08.10 16:04:36.577,0.76381,0.76393,1.13,3.75
2011.08.10 16:04:37.661,0.76378,0.76391,1.50,3.00
2011.08.10 16:04:38.226,0.76378,0.76389,1.50,1.88
2011.08.10 16:04:38.565,0.76375,0.76388,2.25,2.63
2011.08.10 16:04:39.012,0.76375,0.76388,1.50,1.13
2011.08.10 16:04:39.840,0.76374,0.76388,1.13,2.63
2011.08.10 16:04:40.334,0.76375,0.76388,1.50,2.63
2011.08.10 16:04:40.784,0.76378,0.76389,1.50,2.25
2011.08.10 16:04:41.340,0.76378,0.7639,1.50,2.25
2011.08.10 16:04:50.767,0.76377,0.7639,1.13,2.25
2011.08.10 16:04:52.212,0.76377,0.7639,1.13,2.85
2011.08.10 16:04:53.205,0.76377,0.7639,1.88,2.85
2011.08.10 16:04:54.312,0.76377,0.7639,1.88,2.85
2011.08.10 16:04:59.130,0.76378,0.7639,1.50,2.85
2011.08.10 16:04:59.682,0.76378,0.7639,1.50,2.85
2011.08.10 16:05:01.122,0.76378,0.7639,1.50,2.25
2011.08.10 16:05:01.352,0.76378,0.76391,1.88,1.13
2011.08.10 16:05:03.314,0.76379,0.7639,1.50,2.25
2011.08.10 16:05:05.055,0.76378,0.76388,1.50,1.50
2011.08.10 16:05:05.183,0.76378,0.7639,1.50,1.50
2011.08.10 16:05:05.304,0.76378,0.76388,1.50,1.50
2011.08.10 16:05:05.757,0.76378,0.7639,1.50,2.63
2011.08.10 16:05:06.203,0.76378,0.76388,1.50,2.25
2011.08.10 16:05:06.653,0.76378,0.76389,1.50,2.25
2011.08.10 16:05:06.881,0.76378,0.76389,1.50,2.25
2011.08.10 16:05:07.418,0.7638,0.76391,1.50,3.00
2011.08.10 16:05:07.542,0.76383,0.76394,1.50,3.00
2011.08.10 16:05:08.651,0.76384,0.76394,1.50,2.25
2011.08.10 16:05:09.211,0.76383,0.76394,1.50,2.25
2011.08.10 16:05:10.106,0.76385,0.76394,1.50,2.63
2011.08.10 16:05:10.656,0.76387,0.76397,1.50,1.50
2011.08.10 16:05:12.096,0.76386,0.76397,1.50,1.50
2011.08.10 16:05:12.831,0.76384,0.76396,1.50,3.00
2011.08.10 16:05:13.611,0.76385,0.76397,1.88,1.13
2011.08.10 16:05:14.505,0.76386,0.76397,1.50,1.13
2011.08.10 16:05:15.382,0.76389,0.76402,1.88,3.75
2011.08.10 16:05:16.492,0.76389,0.76401,1.13,5.63
2011.08.10 16:05:16.831,0.76389,0.764,1.13,1.50
2011.08.10 16:05:17.866,0.76387,0.76399,1.13,1.13
2011.08.10 16:05:18.543,0.76387,0.764,1.88,2.25
2011.08.10 16:05:18.991,0.76389,0.76402,1.88,2.25
2011.08.10 16:05:22.056,0.76389,0.76402,2.25,2.25
2011.08.10 16:05:28.877,0.76389,0.76402,1.88,2.25
2011.08.10 16:05:29.431,0.76389,0.76401,1.88,1.13
2011.08.10 16:05:30.026,0.76389,0.76402,1.88,2.25
2011.08.10 16:05:32.012,0.76388,0.76401,3.75,1.88
2011.08.10 16:05:33.532,0.76389,0.76401,1.13,1.88
2011.08.10 16:05:35.600,0.76388,0.76401,3.00,2.63
2011.08.10 16:05:37.252,0.76389,0.76401,1.13,1.13
2011.08.10 16:05:38.142,0.76388,0.76401,3.75,4.13
2011.08.10 16:05:38.975,0.76388,0.76401,3.75,6.38
2011.08.10 16:05:41.402,0.76389,0.76401,1.13,1.13
2011.08.10 16:05:42.429,0.76389,0.76402,2.51,2.25
2011.08.10 16:05:45.063,0.76389,0.76402,2.48,3.00
2011.08.10 16:05:45.402,0.76389,0.76402,2.48,3.00
2011.08.10 16:05:47.326,0.76389,0.76401,1.88,1.13
2011.08.10 16:05:49.202,0.76389,0.76402,2.51,2.25
2011.08.10 16:05:50.022,0.76389,0.76402,3.26,2.25
2011.08.10 16:05:51.021,0.7639,0.76404,1.73,5.25
2011.08.10 16:05:56.689,0.7639,0.76403,1.13,3.38
2011.08.10 16:05:57.241,0.7639,0.76402,1.50,3.00
2011.08.10 16:05:58.133,0.76389,0.76402,1.13,2.25
2011.08.10 16:06:00.861,0.76389,0.76402,1.88,2.25
2011.08.10 16:06:01.727,0.76389,0.76402,1.13,2.25
2011.08.10 16:06:07.776,0.76389,0.76402,2.48,2.25
2011.08.10 16:06:11.353,0.7639,0.76402,1.50,2.25
2011.08.10 16:06:12.269,0.76391,0.76402,1.50,2.25
2011.08.10 16:06:12.390,0.76391,0.76404,1.88,4.13
2011.08.10 16:06:15.720,0.76391,0.76404,1.13,3.00
2011.08.10 16:06:17.433,0.76389,0.76403,1.76,3.38
2011.08.10 16:06:17.667,0.76391,0.76403,2.10,2.63
2011.08.10 16:06:18.388,0.76394,0.76403,2.10,2.63
2011.08.10 16:06:18.507,0.76395,0.76407,1.35,3.00
2011.08.10 16:06:19.065,0.76395,0.76408,3.60,1.50
2011.08.10 16:06:28.684,0.76397,0.76409,1.88,1.88
2011.08.10 16:06:31.690,0.76396,0.76409,5.10,1.88
2011.08.10 16:06:31.821,0.76398,0.7641,1.73,1.88
2011.08.10 16:06:31.944,0.76399,0.76412,1.88,2.63
2011.08.10 16:06:32.282,0.764,0.76413,1.50,1.88
2011.08.10 16:06:33.065,0.76399,0.76413,1.13,4.88
2011.08.10 16:06:33.181,0.76398,0.76413,4.73,4.88
2011.08.10 16:06:33.742,0.76398,0.76411,2.48,3.00
2011.08.10 16:06:34.524,0.76397,0.7641,5.48,1.13
2011.08.10 16:06:35.269,0.764,0.76411,1.50,2.25
2011.08.10 16:06:36.381,0.76399,0.76413,1.13,1.13
2011.08.10 16:06:37.162,0.76399,0.76413,1.13,1.73
2011.08.10 16:06:38.215,0.76401,0.76415,1.13,2.25
2011.08.10 16:06:38.763,0.76401,0.76415,1.88,2.25
2011.08.10 16:06:39.873,0.76401,0.76415,1.88,1.88
2011.08.10 16:06:40.736,0.76404,0.76416,1.13,3.60
2011.08.10 16:06:41.857,0.76404,0.76417,1.13,3.00
2011.08.10 16:06:42.413,0.76404,0.76417,1.88,2.25
2011.08.10 16:06:42.531,0.76404,0.76417,3.00,2.25
2011.08.10 16:06:42.652,0.76404,0.76418,4.13,1.50
2011.08.10 16:06:44.832,0.76404,0.76418,4.13,2.10
2011.08.10 16:06:45.284,0.76404,0.76416,2.25,1.13
2011.08.10 16:06:45.845,0.76404,0.76417,3.75,3.00
2011.08.10 16:06:51.885,0.76402,0.76415,3.38,2.25
2011.08.10 16:06:52.652,0.76403,0.76416,2.25,1.13
2011.08.10 16:06:53.653,0.76401,0.76415,1.88,2.48
2011.08.10 16:06:55.063,0.76403,0.76416,2.25,1.88
2011.08.10 16:06:55.621,0.76403,0.76416,2.25,1.88
2011.08.10 16:06:57.472,0.76403,0.76416,3.00,1.88
2011.08.10 16:06:58.803,0.76403,0.76416,2.25,1.13
2011.08.10 16:07:02.631,0.76404,0.76417,1.13,4.35
2011.08.10 16:07:05.421,0.76404,0.76417,1.88,3.75
2011.08.10 16:07:06.093,0.76404,0.76417,1.13,3.75
2011.08.10 16:07:06.767,0.76404,0.76417,4.16,2.25
2011.08.10 16:07:11.461,0.76405,0.76417,1.50,2.25
2011.08.10 16:07:12.024,0.76404,0.76417,3.00,3.00
2011.08.10 16:07:12.586,0.76405,0.76417,1.50,2.25
2011.08.10 16:07:13.143,0.76405,0.76417,1.50,2.25
2011.08.10 16:07:14.692,0.76405,0.76417,2.63,2.25
2011.08.10 16:07:14.927,0.76408,0.7642,1.88,1.13
2011.08.10 16:07:15.047,0.7641,0.76423,1.50,3.38
2011.08.10 16:07:15.602,0.7641,0.76423,4.50,1.13
2011.08.10 16:07:20.631,0.76411,0.76424,2.63,3.00
2011.08.10 16:07:22.222,0.76412,0.76424,1.50,3.00
2011.08.10 16:07:25.413,0.76412,0.76424,1.50,2.25
2011.08.10 16:07:27.733,0.76412,0.76424,1.50,2.25
2011.08.10 16:07:29.983,0.76412,0.76424,1.50,2.25
2011.08.10 16:07:30.321,0.76412,0.76427,1.88,7.12
2011.08.10 16:07:32.392,0.76412,0.76427,1.88,3.37
2011.08.10 16:07:32.517,0.76415,0.76429,1.50,4.50
2011.08.10 16:07:33.072,0.76415,0.76429,1.50,2.25
2011.08.10 16:07:34.736,0.76415,0.76429,2.25,2.25
2011.08.10 16:07:41.205,0.76416,0.7643,3.00,3.38
2011.08.10 16:07:41.652,0.76417,0.7643,1.13,3.00
2011.08.10 16:07:43.203,0.76417,0.7643,1.88,3.00
2011.08.10 16:07:44.142,0.76417,0.7643,1.13,3.00
2011.08.10 16:07:44.702,0.76417,0.7643,1.13,3.00
2011.08.10 16:07:46.882,0.7642,0.7643,1.50,2.25
2011.08.10 16:07:47.010,0.76421,0.76434,1.13,3.75
2011.08.10 16:07:48.441,0.7642,0.76433,2.25,2.25
2011.08.10 16:07:48.781,0.7642,0.76433,1.50,3.00
2011.08.10 16:07:49.455,0.76418,0.76431,1.88,1.50
2011.08.10 16:07:49.589,0.76417,0.7643,1.13,3.00
2011.08.10 16:07:53.527,0.76419,0.7643,1.50,2.25
2011.08.10 16:07:54.070,0.76418,0.76432,1.13,2.63
2011.08.10 16:07:56.590,0.76417,0.7643,1.13,3.00
2011.08.10 16:07:58.682,0.76417,0.76429,1.13,1.13
2011.08.10 16:08:01.736,0.76417,0.76429,1.73,1.13
2011.08.10 16:08:02.075,0.76418,0.76432,1.13,1.88
2011.08.10 16:08:03.725,0.76419,0.76432,1.50,1.88
2011.08.10 16:08:04.502,0.7642,0.76434,1.13,1.88
2011.08.10 16:08:10.173,0.7642,0.76434,1.13,1.13
2011.08.10 16:08:11.282,0.76421,0.76434,1.13,3.00
2011.08.10 16:08:13.362,0.76421,0.76433,1.13,1.13
2011.08.10 16:08:13.705,0.76421,0.76432,1.13,1.20
2011.08.10 16:08:14.373,0.76419,0.76432,1.50,3.45
2011.08.10 16:08:14.714,0.76419,0.76432,1.50,3.45
2011.08.10 16:08:14.942,0.76419,0.76432,1.50,4.20
2011.08.10 16:08:15.812,0.76419,0.76432,7.16,1.20
2011.08.10 16:08:21.165,0.76418,0.76431,3.00,1.95
2011.08.10 16:08:21.837,0.76417,0.7643,2.25,3.23
2011.08.10 16:08:21.960,0.76421,0.76429,1.13,2.10
2011.08.10 16:08:22.308,0.76425,0.76434,2.25,1.20
2011.08.10 16:08:22.642,0.76425,0.76437,2.25,2.63
2011.08.10 16:08:23.203,0.76422,0.76435,3.00,1.13
2011.08.10 16:08:23.876,0.76422,0.76433,2.25,1.50
2011.08.10 16:08:24.482,0.76418,0.76432,2.25,4.13
2011.08.10 16:08:24.825,0.76418,0.76431,2.25,3.00
2011.08.10 16:08:25.162,0.76418,0.76431,1.13,1.50
2011.08.10 16:08:25.502,0.76418,0.76428,1.13,1.50
2011.08.10 16:08:26.063,0.76416,0.76428,1.13,1.50
2011.08.10 16:08:26.779,0.76415,0.76427,2.63,1.13
2011.08.10 16:08:27.022,0.76413,0.76426,1.50,1.13
2011.08.10 16:08:27.693,0.76413,0.76426,1.50,1.13
2011.08.10 16:08:27.923,0.76413,0.76426,2.66,1.13
2011.08.10 16:08:28.484,0.76415,0.76429,2.25,1.88
2011.08.10 16:08:29.553,0.76417,0.7643,1.13,1.13
2011.08.10 16:08:30.008,0.76416,0.76428,1.13,1.88
2011.08.10 16:08:30.343,0.76415,0.76427,2.25,1.50
2011.08.10 16:08:30.903,0.76415,0.76427,2.25,1.50
2011.08.10 16:08:31.462,0.76415,0.76428,2.25,2.48
2011.08.10 16:08:32.292,0.76415,0.76428,3.00,1.73
2011.08.10 16:08:32.959,0.76415,0.76428,3.00,1.13
2011.08.10 16:08:35.800,0.76415,0.76428,2.25,1.13
2011.08.10 16:08:36.813,0.76415,0.76428,2.25,1.13
2011.08.10 16:08:38.498,0.76417,0.7643,1.13,1.73
2011.08.10 16:08:38.616,0.76417,0.76431,2.63,3.00
2011.08.10 16:08:39.173,0.76417,0.76431,2.63,1.13
2011.08.10 16:08:39.843,0.7642,0.76432,1.13,1.73
2011.08.10 16:08:40.513,0.7642,0.76432,3.38,1.35
2011.08.10 16:08:41.844,0.76421,0.76435,2.48,1.88
2011.08.10 16:08:42.294,0.76423,0.76437,1.13,2.25
2011.08.10 16:08:44.935,0.76424,0.76437,1.16,1.88
2011.08.10 16:08:45.271,0.76426,0.76438,2.25,3.38
2011.08.10 16:08:45.724,0.76427,0.76441,3.00,5.25
2011.08.10 16:08:47.200,0.76424,0.76439,5.25,1.88
2011.08.10 16:08:47.751,0.76424,0.76437,1.88,1.88
2011.08.10 16:08:48.532,0.76423,0.76437,1.88,1.13
2011.08.10 16:08:49.093,0.76423,0.76437,1.88,1.13
2011.08.10 16:08:49.968,0.76424,0.76437,1.50,1.13
2011.08.10 16:08:50.414,0.76424,0.76435,2.63,1.50
2011.08.10 16:08:50.861,0.76422,0.76435,3.38,1.50
2011.08.10 16:08:51.411,0.76422,0.76435,1.50,3.75
2011.08.10 16:08:52.404,0.76423,0.76437,1.13,3.98
2011.08.10 16:08:52.964,0.76423,0.76437,1.13,3.38
2011.08.10 16:08:54.565,0.76423,0.76437,1.13,2.63
2011.08.10 16:08:55.122,0.76422,0.76436,3.00,2.10
2011.08.10 16:08:56.012,0.76421,0.76434,6.00,2.25
2011.08.10 16:08:56.632,0.7642,0.76434,4.13,2.25
2011.08.10 16:08:56.976,0.7642,0.76431,2.25,3.75
2011.08.10 16:08:57.314,0.76416,0.7643,2.25,3.23
2011.08.10 16:08:57.872,0.76415,0.76428,3.75,1.88
2011.08.10 16:08:58.433,0.76415,0.76427,3.00,1.50
2011.08.10 16:08:58.772,0.76414,0.76427,3.00,3.60
2011.08.10 16:08:59.004,0.76413,0.76425,1.50,1.88
2011.08.10 16:08:59.563,0.76412,0.76424,2.63,2.25
2011.08.10 16:09:03.416,0.76411,0.76426,1.88,6.60
2011.08.10 16:09:03.768,0.76417,0.76429,1.50,1.13
2011.08.10 16:09:04.476,0.76417,0.76429,2.25,1.13
2011.08.10 16:09:05.031,0.76417,0.76429,2.25,1.13
2011.08.10 16:09:06.414,0.76418,0.7643,1.13,1.13
2011.08.10 16:09:06.645,0.76418,0.76431,1.88,2.25
2011.08.10 16:09:07.204,0.76419,0.76431,1.50,2.25
2011.08.10 16:09:08.426,0.76418,0.76431,1.13,3.00
2011.08.10 16:09:08.987,0.76418,0.76431,1.13,3.00
2011.08.10 16:09:10.128,0.76418,0.7643,1.13,1.13
2011.08.10 16:09:12.353,0.76418,0.7643,1.88,1.13
2011.08.10 16:09:12.585,0.76419,0.7643,1.50,2.10
2011.08.10 16:09:13.144,0.76418,0.76429,1.13,2.25
2011.08.10 16:09:13.922,0.76417,0.76429,2.63,1.13
2011.08.10 16:09:14.585,0.76416,0.76429,1.50,1.88
2011.08.10 16:09:14.934,0.76413,0.76426,3.00,1.13
2011.08.10 16:09:15.490,0.76413,0.76426,3.00,1.13
2011.08.10 16:09:16.371,0.76414,0.76426,1.13,1.13
2011.08.10 16:09:16.713,0.76413,0.76425,1.50,2.85
2011.08.10 16:09:17.316,0.76412,0.76425,1.88,4.35
2011.08.10 16:09:17.881,0.76413,0.76424,1.50,1.13
2011.08.10 16:09:18.542,0.76413,0.76425,1.50,3.00
2011.08.10 16:09:19.327,0.76415,0.76428,1.88,1.35
2011.08.10 16:09:19.553,0.76416,0.76429,2.25,2.63
2011.08.10 16:09:20.111,0.76418,0.76429,1.50,1.13
2011.08.10 16:09:21.884,0.76418,0.76431,1.50,2.85
2011.08.10 16:09:22.004,0.76418,0.76431,1.50,2.85
2011.08.10 16:09:22.342,0.76417,0.76428,2.63,1.13
2011.08.10 16:09:24.860,0.76417,0.76428,2.63,1.13
2011.08.10 16:09:29.124,0.76417,0.76428,3.38,1.13
2011.08.10 16:09:29.573,0.76415,0.76428,3.75,1.13
2011.08.10 16:09:30.736,0.76414,0.76426,1.88,1.13
2011.08.10 16:09:31.419,0.76411,0.76424,3.75,1.88
2011.08.10 16:09:32.636,0.76413,0.76424,1.50,1.13
2011.08.10 16:09:32.754,0.76415,0.76425,1.50,4.50
2011.08.10 16:09:33.421,0.76415,0.76426,1.50,1.13
2011.08.10 16:09:33.972,0.76415,0.76427,1.50,3.00
2011.08.10 16:09:35.276,0.76415,0.76426,1.50,1.13
2011.08.10 16:09:36.123,0.76414,0.76425,2.63,1.35
2011.08.10 16:09:36.247,0.76412,0.76425,1.13,3.60
2011.08.10 16:09:38.835,0.76415,0.76427,1.50,5.25
2011.08.10 16:09:39.067,0.76415,0.76427,1.50,3.75
2011.08.10 16:09:39.956,0.76414,0.76426,2.63,1.88
2011.08.10 16:09:40.183,0.76412,0.76425,2.25,1.88
2011.08.10 16:09:40.782,0.76412,0.76425,2.25,1.88
2011.08.10 16:09:41.454,0.76412,0.76425,1.50,1.88
2011.08.10 16:09:42.157,0.76412,0.76425,1.50,1.13
2011.08.10 16:09:42.602,0.76411,0.76425,1.88,4.13
2011.08.10 16:09:42.941,0.76411,0.76425,1.88,3.38
2011.08.10 16:09:43.496,0.76411,0.76425,1.88,1.88
2011.08.10 16:09:44.175,0.76411,0.76425,1.88,1.13
2011.08.10 16:09:48.611,0.76413,0.76426,2.25,2.25
2011.08.10 16:09:52.771,0.76414,0.76426,1.50,2.25
2011.08.10 16:09:52.996,0.76416,0.76426,1.50,2.25
2011.08.10 16:09:53.114,0.76415,0.76426,1.91,2.25
2011.08.10 16:09:53.452,0.76417,0.76429,1.13,1.88
2011.08.10 16:09:54.268,0.76415,0.76428,1.88,2.25
2011.08.10 16:09:54.822,0.76415,0.76428,1.13,3.00
2011.08.10 16:09:59.975,0.76414,0.76427,1.50,2.25
2011.08.10 16:10:00.534,0.76415,0.76427,1.50,3.00
2011.08.10 16:10:01.684,0.76412,0.76426,1.13,2.62
2011.08.10 16:10:02.022,0.76411,0.76424,1.13,2.25
2011.08.10 16:10:02.735,0.76415,0.76424,1.50,2.25
2011.08.10 16:10:02.854,0.76415,0.76426,1.50,3.38
2011.08.10 16:10:04.553,0.76414,0.76426,1.50,3.38
2011.08.10 16:10:06.050,0.76414,0.76426,1.50,4.13
2011.08.10 16:10:07.151,0.76413,0.76426,1.88,4.13
2011.08.10 16:10:14.423,0.76414,0.76428,1.16,1.13
2011.08.10 16:10:14.545,0.76415,0.76429,1.50,4.13
2011.08.10 16:10:14.662,0.76415,0.76429,1.50,4.13
2011.08.10 16:10:14.785,0.76415,0.76429,1.50,4.13
2011.08.10 16:10:17.880,0.76414,0.76429,7.53,3.00
2011.08.10 16:10:18.443,0.76415,0.76426,1.50,2.25
2011.08.10 16:10:20.213,0.76415,0.76426,1.50,3.00
2011.08.10 16:10:21.151,0.76415,0.76426,1.50,2.25
2011.08.10 16:10:22.362,0.76415,0.76426,1.50,3.00
2011.08.10 16:10:24.158,0.76414,0.76428,4.13,2.48
2011.08.10 16:10:24.493,0.76413,0.76426,1.50,1.13
2011.08.10 16:10:31.982,0.76414,0.76427,1.50,3.23
2011.08.10 16:10:33.479,0.76414,0.76427,1.50,3.23
2011.08.10 16:10:34.106,0.76416,0.76428,1.13,3.98
2011.08.10 16:10:35.244,0.76415,0.76428,3.00,4.73
2011.08.10 16:10:35.581,0.76416,0.76429,1.88,1.73
2011.08.10 16:10:36.573,0.76416,0.76429,1.13,1.73
2011.08.10 16:10:36.911,0.76416,0.7643,1.88,3.60
2011.08.10 16:10:38.462,0.76416,0.76429,1.13,1.13
2011.08.10 16:10:39.022,0.76416,0.7643,1.13,3.75
2011.08.10 16:10:40.721,0.76416,0.7643,1.13,1.88
2011.08.10 16:10:41.272,0.76416,0.7643,1.88,1.88
2011.08.10 16:10:44.322,0.76416,0.7643,1.13,1.88
2011.08.10 16:10:54.162,0.76415,0.7643,3.41,2.48
2011.08.10 16:11:04.724,0.76417,0.7643,1.50,1.13
2011.08.10 16:11:05.281,0.76417,0.76431,2.13,3.00
2011.08.10 16:11:06.051,0.76417,0.76431,2.10,3.00
2011.08.10 16:11:07.957,0.76417,0.7643,2.10,1.13
2011.08.10 16:11:13.083,0.76417,0.76432,4.73,3.75
2011.08.10 16:11:16.376,0.76417,0.7643,2.10,1.13
2011.08.10 16:11:17.180,0.76417,0.7643,1.35,1.88
2011.08.10 16:11:19.632,0.76417,0.76431,1.35,3.00
2011.08.10 16:11:20.447,0.76417,0.76431,2.85,3.00
2011.08.10 16:11:21.282,0.76418,0.76431,3.60,1.88
2011.08.10 16:11:25.113,0.76419,0.76432,3.60,1.13
2011.08.10 16:11:31.933,0.76421,0.76433,2.13,3.00
2011.08.10 16:11:32.710,0.76422,0.76434,1.76,1.13
2011.08.10 16:11:34.492,0.76422,0.76434,1.76,1.13
2011.08.10 16:11:34.838,0.76424,0.76435,2.10,2.63
2011.08.10 16:11:35.714,0.76421,0.76432,2.10,1.13
2011.08.10 16:11:38.071,0.7642,0.76432,1.76,1.13
2011.08.10 16:11:39.074,0.76422,0.76433,2.85,3.00
2011.08.10 16:11:39.194,0.76421,0.76433,1.73,2.25
2011.08.10 16:11:39.827,0.76421,0.76434,3.63,1.13
2011.08.10 16:11:40.153,0.76423,0.76436,2.25,2.25
2011.08.10 16:11:40.825,0.76423,0.76436,2.25,1.88
2011.08.10 16:11:47.502,0.76422,0.76435,1.73,3.75
2011.08.10 16:11:48.064,0.76422,0.76435,2.48,3.00
2011.08.10 16:11:48.623,0.76423,0.76436,2.85,1.13
2011.08.10 16:11:50.956,0.76422,0.76436,2.10,3.75
2011.08.10 16:11:51.733,0.76421,0.76436,3.23,3.75
2011.08.10 16:11:51.964,0.76422,0.76435,1.50,1.13
2011.08.10 16:11:52.301,0.76422,0.76436,1.35,4.50
2011.08.10 16:11:52.852,0.76422,0.76436,1.35,4.50
2011.08.10 16:11:53.082,0.76422,0.76436,1.35,5.25
2011.08.10 16:11:55.794,0.76422,0.76435,2.10,1.13
2011.08.10 16:11:56.466,0.76423,0.76435,2.10,1.13
2011.08.10 16:11:56.585,0.76422,0.76435,1.50,1.88
2011.08.10 16:11:56.814,0.76422,0.76435,2.85,1.88
2011.08.10 16:11:58.666,0.76422,0.76436,2.85,3.75
2011.08.10 16:11:59.334,0.76424,0.76436,2.10,3.00
2011.08.10 16:11:59.893,0.76423,0.76434,2.85,1.13
2011.08.10 16:12:00.238,0.76423,0.76435,1.35,2.25
2011.08.10 16:12:00.905,0.76424,0.76437,1.88,1.50
2011.08.10 16:12:06.031,0.76424,0.76438,1.13,3.00
2011.08.10 16:12:12.341,0.76423,0.76437,3.30,1.50
2011.08.10 16:12:13.822,0.76423,0.76437,4.05,3.00
2011.08.10 16:12:20.275,0.76426,0.76438,2.10,3.75
2011.08.10 16:12:20.834,0.76427,0.7644,3.60,1.88
2011.08.10 16:12:23.291,0.76425,0.76439,1.13,3.00
2011.08.10 16:12:23.406,0.76425,0.76436,1.13,1.50
2011.08.10 16:12:23.854,0.76425,0.76438,4.35,1.50
2011.08.10 16:12:24.194,0.76427,0.76439,2.25,2.25
2011.08.10 16:12:26.603,0.76425,0.76438,5.10,1.88
2011.08.10 16:12:27.164,0.76426,0.76439,3.00,1.50
2011.08.10 16:12:27.613,0.76425,0.76439,2.85,1.88
2011.08.10 16:12:28.283,0.76425,0.76438,2.10,3.75
2011.08.10 16:12:28.843,0.76425,0.76437,2.10,1.88
2011.08.10 16:12:32.421,0.76424,0.76437,5.21,1.88
2011.08.10 16:12:34.224,0.76426,0.76439,2.25,2.25
2011.08.10 16:12:34.342,0.76426,0.76439,3.00,2.25
2011.08.10 16:12:34.796,0.76426,0.76439,3.00,1.88
2011.08.10 16:12:35.022,0.76426,0.76439,3.00,2.63
2011.08.10 16:12:35.363,0.76426,0.76439,3.00,1.88
2011.08.10 16:12:35.594,0.76426,0.76439,3.00,2.63
2011.08.10 16:12:36.347,0.76426,0.76439,2.25,2.63
2011.08.10 16:12:39.472,0.76427,0.76439,2.48,1.13
2011.08.10 16:12:45.153,0.76425,0.76438,1.73,3.00
2011.08.10 16:12:47.893,0.76426,0.76439,2.28,1.13
2011.08.10 16:12:49.024,0.76424,0.76434,5.74,1.50
2011.08.10 16:12:49.365,0.76425,0.76438,3.00,1.88
2011.08.10 16:12:49.594,0.76425,0.76438,3.00,1.13
2011.08.10 16:12:51.270,0.76424,0.76437,1.13,3.00
2011.08.10 16:12:51.933,0.76424,0.76437,1.13,3.75
2011.08.10 16:12:57.171,0.76424,0.76437,1.16,3.00
2011.08.10 16:12:57.728,0.76424,0.76437,1.16,3.00
2011.08.10 16:12:58.283,0.76424,0.76437,1.13,3.00
2011.08.10 16:13:00.401,0.76423,0.76436,5.48,1.13
2011.08.10 16:13:00.842,0.76424,0.76437,3.75,2.25
2011.08.10 16:13:01.401,0.76425,0.76437,1.13,1.13
2011.08.10 16:13:07.546,0.76424,0.76437,2.63,3.38
2011.08.10 16:13:08.103,0.76425,0.76438,1.88,3.00
2011.08.10 16:13:10.093,0.76424,0.76437,5.48,1.88
2011.08.10 16:13:10.654,0.76423,0.76436,1.13,3.60
2011.08.10 16:13:18.354,0.76423,0.76435,1.13,1.13
2011.08.10 16:13:18.911,0.76421,0.76435,1.50,3.60
2011.08.10 16:13:21.001,0.76421,0.76434,1.50,1.50
2011.08.10 16:13:22.148,0.76421,0.76432,1.50,2.25
2011.08.10 16:13:22.271,0.7642,0.76431,1.50,2.25
2011.08.10 16:13:22.837,0.76418,0.76431,1.50,8.85
2011.08.10 16:13:23.285,0.76419,0.7643,1.50,2.25
2011.08.10 16:13:23.844,0.76417,0.7643,2.66,2.25
2011.08.10 16:13:25.152,0.76417,0.7643,2.63,2.25
2011.08.10 16:13:25.714,0.76417,0.76429,1.50,3.38
2011.08.10 16:13:26.495,0.76415,0.76429,2.25,4.73
2011.08.10 16:13:26.833,0.76419,0.7643,1.13,1.50
2011.08.10 16:13:26.954,0.76417,0.76431,1.88,2.85
2011.08.10 16:13:27.074,0.76416,0.76429,2.66,2.25
2011.08.10 16:13:27.908,0.76418,0.76429,1.50,2.25
2011.08.10 16:13:28.463,0.76419,0.76432,1.50,6.60
2011.08.10 16:13:29.023,0.76419,0.76432,1.53,8.10
2011.08.10 16:13:29.583,0.76419,0.76432,3.75,6.23
2011.08.10 16:13:30.141,0.7642,0.76432,1.50,6.23
2011.08.10 16:13:30.586,0.76419,0.76433,4.13,3.00
2011.08.10 16:13:31.441,0.76419,0.76432,1.50,2.63
2011.08.10 16:13:31.774,0.76418,0.7643,1.50,3.75
2011.08.10 16:13:32.333,0.76418,0.7643,1.50,3.00
2011.08.10 16:13:33.004,0.76417,0.76427,1.50,2.25
2011.08.10 16:13:33.122,0.76415,0.76427,1.50,2.25
2011.08.10 16:13:33.682,0.76415,0.76427,1.50,2.25
2011.08.10 16:13:34.352,0.76415,0.76427,2.25,2.25
2011.08.10 16:13:36.044,0.76415,0.76427,1.50,2.25
2011.08.10 16:13:41.253,0.76414,0.76425,1.50,2.25
2011.08.10 16:13:41.814,0.76415,0.76426,1.50,3.75
2011.08.10 16:13:42.262,0.76417,0.76428,1.50,2.25
2011.08.10 16:13:46.326,0.76415,0.76427,1.13,2.63
2011.08.10 16:13:46.445,0.76415,0.76427,1.13,3.38
2011.08.10 16:13:47.001,0.76412,0.76427,4.50,2.63
2011.08.10 16:13:53.253,0.76414,0.76427,2.25,2.63
2011.08.10 16:13:53.378,0.76416,0.76428,1.50,3.98
2011.08.10 16:13:53.932,0.76416,0.7643,2.63,1.88
2011.08.10 16:13:54.931,0.76417,0.7643,2.25,1.28
2011.08.10 16:13:56.495,0.76417,0.7643,1.50,1.88
2011.08.10 16:14:01.004,0.76417,0.76428,1.50,2.25
2011.08.10 16:14:03.508,0.76417,0.76428,2.25,2.25
2011.08.10 16:14:04.308,0.76418,0.7643,2.25,2.25
2011.08.10 16:14:04.864,0.76418,0.7643,1.50,2.25
2011.08.10 16:14:05.313,0.76418,0.7643,2.28,2.25
2011.08.10 16:14:05.435,0.76418,0.76432,2.66,3.60
2011.08.10 16:14:05.996,0.7642,0.76432,1.50,1.35
2011.08.10 16:14:06.443,0.76419,0.76432,1.50,1.35
2011.08.10 16:14:11.473,0.76419,0.76432,1.50,2.10
2011.08.10 16:14:12.245,0.76419,0.76432,1.50,1.35
2011.08.10 16:14:14.299,0.76418,0.76432,1.88,2.85
2011.08.10 16:14:19.445,0.76418,0.76431,1.50,3.00
2011.08.10 16:14:20.010,0.76418,0.76429,1.50,1.50
2011.08.10 16:14:20.565,0.76418,0.7643,1.50,1.13
2011.08.10 16:14:21.235,0.76418,0.7643,1.50,1.13
2011.08.10 16:14:21.916,0.76418,0.7643,1.50,1.13
2011.08.10 16:14:22.585,0.76418,0.7643,1.50,1.13
2011.08.10 16:14:23.185,0.76418,0.76431,1.50,4.13
2011.08.10 16:14:23.745,0.76418,0.7643,1.50,1.13
2011.08.10 16:14:24.256,0.76418,0.7643,1.50,1.13
2011.08.10 16:14:25.172,0.76418,0.7643,1.50,1.13
2011.08.10 16:14:25.703,0.76418,0.7643,1.50,1.13
2011.08.10 16:14:26.253,0.76418,0.7643,1.50,1.13
2011.08.10 16:14:26.813,0.76418,0.76431,1.50,4.13
2011.08.10 16:14:30.717,0.76418,0.76429,1.50,1.50
2011.08.10 16:14:31.276,0.76417,0.76429,1.50,2.25
2011.08.10 16:14:31.836,0.76415,0.76429,2.25,2.25
2011.08.10 16:14:32.864,0.76415,0.76429,2.25,2.40
2011.08.10 16:14:32.984,0.76415,0.76429,2.25,2.25
2011.08.10 16:14:34.097,0.76417,0.76429,1.50,3.60
2011.08.10 16:14:34.912,0.76417,0.7643,2.25,5.25
2011.08.10 16:14:35.473,0.76417,0.7643,2.25,2.25
2011.08.10 16:14:36.245,0.76417,0.7643,2.25,5.25
2011.08.10 16:14:36.366,0.76417,0.7643,2.25,4.50
2011.08.10 16:14:38.564,0.76417,0.76428,2.25,2.25
2011.08.10 16:14:39.129,0.76417,0.7643,1.88,2.85
2011.08.10 16:14:40.014,0.76417,0.7643,1.88,6.60
2011.08.10 16:14:40.574,0.76416,0.76429,2.25,2.63
2011.08.10 16:14:42.518,0.76416,0.76429,3.38,2.25
2011.08.10 16:14:52.127,0.76417,0.76429,1.50,2.48
2011.08.10 16:14:52.357,0.76419,0.76429,3.41,2.48
2011.08.10 16:14:52.479,0.7642,0.76434,2.25,3.00
2011.08.10 16:14:53.255,0.76421,0.76434,1.13,4.88
2011.08.10 16:14:53.821,0.76425,0.76437,2.25,1.88
2011.08.10 16:14:54.045,0.76427,0.7644,1.88,2.25
2011.08.10 16:14:54.497,0.76429,0.76442,1.88,1.88
2011.08.10 16:14:55.276,0.76429,0.76443,1.88,1.73
2011.08.10 16:14:55.616,0.76433,0.76444,1.13,1.13
2011.08.10 16:14:56.200,0.76436,0.76448,1.13,1.13
2011.08.10 16:14:56.645,0.76434,0.76447,1.16,3.00
2011.08.10 16:14:56.769,0.76435,0.76449,1.76,3.38
2011.08.10 16:14:56.885,0.76436,0.76449,1.91,1.13
2011.08.10 16:14:57.006,0.76437,0.76452,1.88,3.38
2011.08.10 16:14:57.785,0.76438,0.76452,1.16,3.38
2011.08.10 16:14:58.234,0.7644,0.76454,1.50,4.88
2011.08.10 16:15:03.146,0.7644,0.76453,1.88,1.13
2011.08.10 16:15:05.250,0.76442,0.76454,1.50,2.25
2011.08.10 16:15:06.098,0.76442,0.76455,1.88,3.00
2011.08.10 16:15:06.655,0.76442,0.76454,1.13,1.13
2011.08.10 16:15:09.202,0.76442,0.76455,1.88,2.25
2011.08.10 16:15:09.434,0.76444,0.76457,1.13,2.93
2011.08.10 16:15:10.054,0.76445,0.76459,3.78,3.75
2011.08.10 16:15:17.435,0.76444,0.76457,1.13,2.25
2011.08.10 16:15:18.026,0.76444,0.76457,1.13,2.25
2011.08.10 16:15:18.146,0.76444,0.76459,3.00,2.48
2011.08.10 16:15:18.705,0.76444,0.76459,3.75,1.88
2011.08.10 16:15:21.938,0.76445,0.76459,1.13,1.88
2011.08.10 16:15:22.178,0.76448,0.76461,2.25,3.75
2011.08.10 16:15:23.394,0.76449,0.76462,1.88,4.13
2011.08.10 16:15:23.845,0.76447,0.76459,1.13,1.13
2011.08.10 16:15:24.404,0.76448,0.76461,2.25,1.13
2011.08.10 16:15:24.966,0.76448,0.76461,2.25,1.13
2011.08.10 16:15:27.154,0.76447,0.76459,1.88,2.25
2011.08.10 16:15:27.276,0.76448,0.7646,1.13,1.88
2011.08.10 16:15:33.839,0.76446,0.76459,1.50,2.25
2011.08.10 16:15:35.606,0.76445,0.76457,3.00,2.25
2011.08.10 16:15:36.478,0.76445,0.76457,3.00,1.50
2011.08.10 16:15:37.035,0.76443,0.76454,2.63,2.25
2011.08.10 16:15:37.379,0.7644,0.76453,4.16,1.73
2011.08.10 16:15:37.933,0.7644,0.76452,1.88,3.75
2011.08.10 16:15:42.000,0.76438,0.76451,4.88,1.88
2011.08.10 16:15:42.137,0.76434,0.76447,3.38,1.50
2011.08.10 16:15:42.369,0.76433,0.76447,4.50,2.25
2011.08.10 16:15:42.925,0.76433,0.76445,1.13,1.88
2011.08.10 16:15:43.487,0.76433,0.76447,1.50,1.50
2011.08.10 16:15:44.571,0.76433,0.76447,1.50,1.13
2011.08.10 16:15:46.887,0.76433,0.76447,1.50,1.13
2011.08.10 16:15:47.591,0.76433,0.76447,1.53,1.13
2011.08.10 16:15:49.180,0.76438,0.76447,2.10,1.13
2011.08.10 16:15:49.518,0.76445,0.76449,1.35,1.88
2011.08.10 16:15:49.857,0.76446,0.76451,1.13,1.88
2011.08.10 16:15:50.446,0.76445,0.76458,2.48,3.86
2011.08.10 16:15:51.005,0.76445,0.76459,2.48,2.36
2011.08.10 16:15:51.563,0.76445,0.76459,2.48,1.54
2011.08.10 16:15:52.113,0.76445,0.76459,2.48,1.54
2011.08.10 16:15:52.625,0.76445,0.76459,2.48,1.54
2011.08.10 16:15:53.186,0.76445,0.76459,2.48,3.04
2011.08.10 16:15:53.789,0.76445,0.76459,2.48,2.29
2011.08.10 16:15:54.355,0.76445,0.76459,2.48,2.29
2011.08.10 16:15:54.478,0.76445,0.76456,1.88,2.85
2011.08.10 16:15:55.038,0.76441,0.76455,1.13,2.48
2011.08.10 16:15:55.155,0.76441,0.76455,1.13,2.48
2011.08.10 16:15:56.624,0.76441,0.76455,1.16,1.73
2011.08.10 16:15:57.845,0.7644,0.76453,2.25,2.25
2011.08.10 16:15:58.184,0.76443,0.76455,3.00,1.13
2011.08.10 16:15:58.742,0.76444,0.76457,1.88,3.00
2011.08.10 16:15:59.876,0.76444,0.76456,1.13,1.13
2011.08.10 16:16:02.109,0.76444,0.76456,1.50,1.13
2011.08.10 16:16:02.740,0.76446,0.76458,1.13,1.91
2011.08.10 16:16:04.615,0.76446,0.76458,1.13,1.16
2011.08.10 16:16:08.405,0.76446,0.76458,1.13,1.16
2011.08.10 16:16:08.993,0.76446,0.76458,1.13,1.16
2011.08.10 16:16:09.543,0.76446,0.76458,1.13,1.16
2011.08.10 16:16:10.703,0.76446,0.76458,1.13,1.16
2011.08.10 16:16:11.266,0.76446,0.76458,1.13,1.16
2011.08.10 16:16:12.483,0.76446,0.76458,1.13,1.16
2011.08.10 16:16:13.034,0.76446,0.76458,1.13,1.16
2011.08.10 16:16:13.771,0.76446,0.76458,1.13,1.16
2011.08.10 16:16:14.544,0.76446,0.76458,1.13,1.16
2011.08.10 16:16:23.249,0.76446,0.76458,2.63,1.13
2011.08.10 16:16:23.372,0.76448,0.76462,2.63,2.63
2011.08.10 16:16:23.488,0.76448,0.76462,3.78,3.38
2011.08.10 16:16:24.045,0.76448,0.76462,2.25,1.88
2011.08.10 16:16:24.387,0.76448,0.76462,2.25,1.88
2011.08.10 16:16:24.944,0.76448,0.76459,2.63,1.13
2011.08.10 16:16:26.344,0.76446,0.76459,3.38,1.13
2011.08.10 16:16:31.933,0.76447,0.7646,1.50,3.75
2011.08.10 16:16:36.853,0.76447,0.76459,1.13,2.25
2011.08.10 16:16:50.265,0.76445,0.76458,1.50,1.13
2011.08.10 16:16:51.009,0.76445,0.76458,1.88,1.13
2011.08.10 16:16:58.044,0.76447,0.7646,1.13,3.00
2011.08.10 16:17:01.748,0.76447,0.7646,1.13,2.25
2011.08.10 16:17:02.775,0.76447,0.76459,1.13,1.13
2011.08.10 16:17:03.335,0.76447,0.7646,1.13,2.25
2011.08.10 16:17:07.035,0.76447,0.7646,1.13,2.25
2011.08.10 16:17:07.593,0.76447,0.7646,1.13,2.25
2011.08.10 16:17:12.613,0.76447,0.7646,1.13,2.25
2011.08.10 16:17:12.837,0.76449,0.76462,1.88,3.00
2011.08.10 16:17:13.970,0.76449,0.76461,1.13,1.13
2011.08.10 16:17:14.316,0.76447,0.7646,3.38,3.00
2011.08.10 16:17:21.517,0.76448,0.76461,2.25,1.88
2011.08.10 16:17:22.604,0.76448,0.76461,2.25,1.13
2011.08.10 16:17:22.835,0.76447,0.7646,1.50,1.13
2011.08.10 16:17:28.604,0.76447,0.7646,1.53,1.13
2011.08.10 16:17:28.726,0.76447,0.76462,3.78,2.85
2011.08.10 16:17:29.175,0.7645,0.76463,2.25,3.75
2011.08.10 16:17:29.734,0.76451,0.76464,1.13,3.60
2011.08.10 16:17:30.519,0.7645,0.76464,3.00,3.60
2011.08.10 16:17:33.784,0.7645,0.76464,4.53,3.00
2011.08.10 16:17:34.324,0.7645,0.76464,4.53,3.00
2011.08.10 16:17:34.888,0.7645,0.76464,4.53,3.00
2011.08.10 16:17:35.799,0.76451,0.76464,2.13,3.00
2011.08.10 16:17:35.919,0.76453,0.76466,2.63,2.25
2011.08.10 16:17:36.037,0.76453,0.76466,2.63,2.25
2011.08.10 16:17:36.593,0.76456,0.76466,1.50,2.25
2011.08.10 16:17:37.148,0.76456,0.76468,1.50,1.73
2011.08.10 16:17:37.265,0.76456,0.76468,1.50,1.73
2011.08.10 16:17:37.825,0.76458,0.76469,1.50,2.63
2011.08.10 16:17:45.836,0.76462,0.7647,1.50,1.13
2011.08.10 16:17:46.073,0.76462,0.76474,2.25,2.25
2011.08.10 16:17:46.296,0.76463,0.76476,1.13,3.00
2011.08.10 16:17:46.523,0.76463,0.76476,1.88,3.00
2011.08.10 16:17:47.426,0.76463,0.76473,1.50,2.63
2011.08.10 16:17:47.985,0.76461,0.76473,1.73,2.63
2011.08.10 16:17:48.434,0.76461,0.76475,1.73,3.38
2011.08.10 16:17:50.682,0.76463,0.76475,1.13,1.13
2011.08.10 16:17:51.786,0.76462,0.76475,1.50,3.00
2011.08.10 16:17:52.016,0.7646,0.76474,1.88,2.63
2011.08.10 16:17:52.249,0.76459,0.76473,1.35,4.13
2011.08.10 16:17:52.474,0.76457,0.7647,1.50,1.13
2011.08.10 16:17:55.466,0.76457,0.76472,4.91,1.88
2011.08.10 16:17:58.654,0.76457,0.76472,4.88,1.13
2011.08.10 16:17:59.550,0.76457,0.76472,3.38,1.88
2011.08.10 16:17:59.777,0.76458,0.76472,1.13,1.88
2011.08.10 16:18:00.337,0.76457,0.76469,1.50,1.13
2011.08.10 16:18:00.904,0.76457,0.76469,1.13,1.13
2011.08.10 16:18:01.600,0.76456,0.76468,2.25,5.10
2011.08.10 16:18:01.936,0.76453,0.76466,2.25,2.25
2011.08.10 16:18:03.267,0.76453,0.76466,2.25,2.25
2011.08.10 16:18:04.995,0.76453,0.76466,1.50,2.25
2011.08.10 16:18:06.437,0.76453,0.76464,1.13,2.25
2011.08.10 16:18:09.625,0.76452,0.76464,1.35,2.25
2011.08.10 16:18:09.969,0.7645,0.76462,2.63,3.00
2011.08.10 16:18:10.304,0.76449,0.7646,1.13,2.25
2011.08.10 16:18:17.165,0.76447,0.7646,1.88,3.75
2011.08.10 16:18:17.835,0.76447,0.76458,1.50,2.25
2011.08.10 16:18:19.166,0.76446,0.76458,1.50,2.25
2011.08.10 16:18:23.774,0.76446,0.76458,1.50,2.25
2011.08.10 16:18:24.329,0.76445,0.76458,3.75,2.25
2011.08.10 16:18:24.886,0.76445,0.76458,3.75,2.25
2011.08.10 16:18:29.575,0.76445,0.76458,3.75,2.25
2011.08.10 16:18:33.975,0.76445,0.76458,1.88,3.00
2011.08.10 16:18:37.059,0.76445,0.76458,1.88,2.25
2011.08.10 16:18:40.365,0.76446,0.76458,2.25,2.25
2011.08.10 16:18:40.487,0.76447,0.7646,1.88,2.85
2011.08.10 16:18:41.202,0.76449,0.7646,1.53,2.25
2011.08.10 16:18:41.424,0.76449,0.76462,1.88,2.25
2011.08.10 16:18:41.985,0.76449,0.76461,1.13,1.13
2011.08.10 16:18:43.743,0.76448,0.76461,1.50,3.00
2011.08.10 16:18:43.859,0.76446,0.7646,3.00,1.13
2011.08.10 16:18:45.515,0.76446,0.7646,3.00,1.88
2011.08.10 16:18:47.723,0.76446,0.7646,1.13,2.63
2011.08.10 16:18:48.436,0.76446,0.7646,1.13,2.63
2011.08.10 16:18:48.996,0.76444,0.76458,1.88,1.13
2011.08.10 16:18:49.556,0.76444,0.76457,1.88,1.50
2011.08.10 16:18:51.703,0.76444,0.76457,1.88,1.50
2011.08.10 16:18:55.337,0.76444,0.76455,1.13,1.50
2011.08.10 16:18:55.893,0.76443,0.76455,1.13,2.25
2011.08.10 16:18:56.444,0.76442,0.76455,1.50,4.13
2011.08.10 16:19:00.185,0.76442,0.76454,1.50,1.13
2011.08.10 16:19:01.030,0.76441,0.76454,1.50,1.13
2011.08.10 16:19:01.584,0.76441,0.76454,1.50,1.88
2011.08.10 16:19:04.355,0.7644,0.76453,1.13,1.50
2011.08.10 16:19:09.190,0.7644,0.76454,1.13,1.88
2011.08.10 16:19:09.734,0.7644,0.76454,1.13,1.13
2011.08.10 16:19:13.593,0.7644,0.76454,1.13,2.63
2011.08.10 16:19:14.148,0.7644,0.76454,1.13,2.63
2011.08.10 16:19:14.269,0.76439,0.76451,1.13,1.13
2011.08.10 16:19:14.937,0.76438,0.76451,3.75,1.50
2011.08.10 16:19:16.082,0.76434,0.76448,6.78,1.88
2011.08.10 16:19:24.136,0.76435,0.76448,1.35,1.88
2011.08.10 16:19:24.256,0.76437,0.76449,1.88,1.13
2011.08.10 16:19:24.820,0.76438,0.7645,3.00,2.25
2011.08.10 16:19:25.050,0.76438,0.76451,3.00,1.13
2011.08.10 16:19:26.425,0.76439,0.76451,1.13,1.13
2011.08.10 16:19:26.658,0.76441,0.76453,1.50,2.25
2011.08.10 16:19:27.216,0.7644,0.76452,1.13,1.13
2011.08.10 16:19:27.775,0.76438,0.76451,1.50,1.88
2011.08.10 16:19:28.723,0.76438,0.76451,1.50,2.63
2011.08.10 16:19:31.509,0.76438,0.76449,1.50,2.25
2011.08.10 16:19:32.618,0.76438,0.7645,1.88,1.88
2011.08.10 16:19:32.852,0.76439,0.76452,3.00,1.88
2011.08.10 16:19:33.403,0.76439,0.76452,3.00,1.88
2011.08.10 16:19:34.511,0.76438,0.76451,1.88,3.00
2011.08.10 16:19:38.393,0.76439,0.76452,4.50,1.73
2011.08.10 16:19:39.054,0.76439,0.76453,3.78,3.60
2011.08.10 16:19:39.505,0.76442,0.76453,1.50,3.00
2011.08.10 16:19:39.958,0.76441,0.76455,1.88,1.13
2011.08.10 16:19:42.269,0.76442,0.76455,1.50,1.88
2011.08.10 16:19:43.047,0.76442,0.76457,3.78,4.13
2011.08.10 16:19:43.169,0.76443,0.76457,1.91,3.00
2011.08.10 16:19:44.165,0.76443,0.76457,1.91,1.13
2011.08.10 16:19:45.491,0.76443,0.76457,1.13,1.88
2011.08.10 16:19:45.611,0.76442,0.76456,1.16,3.00
2011.08.10 16:19:46.057,0.76441,0.76453,2.63,1.13
2011.08.10 16:19:46.177,0.76439,0.76452,5.63,1.50
2011.08.10 16:19:46.741,0.76437,0.76451,1.50,1.73
2011.08.10 16:19:46.859,0.76437,0.76451,1.50,1.73
2011.08.10 16:19:47.730,0.76437,0.76451,1.50,1.73
2011.08.10 16:19:48.288,0.76438,0.76451,1.50,1.13
2011.08.10 16:19:48.406,0.76439,0.76452,2.25,1.13
2011.08.10 16:19:50.156,0.7644,0.76453,1.91,2.85
2011.08.10 16:19:50.715,0.76441,0.76454,2.28,3.23
2011.08.10 16:19:51.503,0.76441,0.76454,2.28,1.13
2011.08.10 16:19:52.062,0.76444,0.76457,2.25,3.38
2011.08.10 16:19:52.184,0.76445,0.76459,1.88,1.73
2011.08.10 16:19:55.098,0.76445,0.76459,1.88,1.13
2011.08.10 16:19:55.653,0.76445,0.76457,1.13,1.50
2011.08.10 16:19:56.874,0.76445,0.76459,2.66,1.13
2011.08.10 16:19:57.326,0.76445,0.76459,2.66,1.13
2011.08.10 16:20:00.401,0.76445,0.76459,1.88,1.13
2011.08.10 16:20:01.178,0.76444,0.76457,1.13,2.25
2011.08.10 16:20:01.298,0.76443,0.76457,3.75,2.62
2011.08.10 16:20:02.077,0.76443,0.76456,3.75,1.50
2011.08.10 16:20:02.422,0.76443,0.76455,2.63,1.13
2011.08.10 16:20:03.038,0.76442,0.76455,1.50,1.13
2011.08.10 16:20:05.334,0.76442,0.76455,1.50,1.13
2011.08.10 16:20:07.467,0.76441,0.76455,1.88,1.13
2011.08.10 16:20:08.695,0.76441,0.76455,1.91,1.13
2011.08.10 16:20:09.253,0.76441,0.76455,1.91,1.13
2011.08.10 16:20:09.804,0.76443,0.76456,3.03,1.88
2011.08.10 16:20:14.666,0.76443,0.76455,1.50,3.00
2011.08.10 16:20:15.227,0.76441,0.76453,2.25,3.00
2011.08.10 16:20:15.344,0.76441,0.76453,1.50,3.00
2011.08.10 16:20:16.380,0.7644,0.76453,2.25,3.00
2011.08.10 16:20:22.018,0.76446,0.76455,1.35,1.13
2011.08.10 16:20:22.262,0.76449,0.76459,1.13,1.50
2011.08.10 16:20:22.871,0.76449,0.76461,1.13,1.13
2011.08.10 16:20:22.994,0.76446,0.7646,1.50,1.88
2011.08.10 16:20:23.115,0.76446,0.7646,1.50,1.88
2011.08.10 16:20:25.334,0.76446,0.7646,1.16,1.88
2011.08.10 16:20:26.031,0.76446,0.7646,1.88,1.88
2011.08.10 16:20:28.765,0.76448,0.7646,1.50,1.13
2011.08.10 16:20:29.215,0.76448,0.76462,1.13,1.88
2011.08.10 16:20:30.110,0.76448,0.76462,1.88,1.13
2011.08.10 16:20:30.665,0.76449,0.76462,1.50,1.13
2011.08.10 16:20:31.885,0.76448,0.76462,1.13,1.13
2011.08.10 16:20:33.651,0.76448,0.76461,1.13,1.50
2011.08.10 16:20:35.744,0.76448,0.7646,1.13,1.50
2011.08.10 16:20:36.305,0.76448,0.7646,1.13,1.50
2011.08.10 16:20:37.086,0.76448,0.7646,3.38,1.50
2011.08.10 16:20:39.008,0.76448,0.7646,2.25,2.25
2011.08.10 16:20:39.127,0.76448,0.76459,2.25,1.50
2011.08.10 16:20:39.684,0.76445,0.76458,3.60,1.50
2011.08.10 16:20:40.245,0.76445,0.76457,1.13,1.13
2011.08.10 16:20:41.376,0.76444,0.76457,3.00,1.88
2011.08.10 16:20:41.609,0.76444,0.76456,3.00,1.35
2011.08.10 16:20:41.950,0.7644,0.76453,2.66,1.13
2011.08.10 16:20:42.178,0.76444,0.76455,3.00,1.50
2011.08.10 16:20:42.751,0.76444,0.76457,2.25,1.88
2011.08.10 16:20:42.868,0.76443,0.76455,1.50,1.13
2011.08.10 16:20:47.431,0.76439,0.76451,1.16,1.88
2011.08.10 16:20:47.985,0.76438,0.7645,4.13,1.50
2011.08.10 16:20:48.987,0.76438,0.7645,1.88,4.50
2011.08.10 16:20:49.435,0.76438,0.76451,7.16,1.88
2011.08.10 16:20:50.435,0.76439,0.76452,1.88,3.60
2011.08.10 16:20:50.994,0.76439,0.76452,1.13,4.35
2011.08.10 16:20:55.070,0.76438,0.76451,5.63,1.88
2011.08.10 16:20:57.924,0.76439,0.76451,1.13,1.13
2011.08.10 16:21:02.948,0.76434,0.76446,1.50,1.13
2011.08.10 16:21:03.505,0.76434,0.76446,1.91,1.13
2011.08.10 16:21:03.848,0.76437,0.7645,1.13,1.13
2011.08.10 16:21:06.056,0.76435,0.76448,1.13,1.50
2011.08.10 16:21:06.177,0.76433,0.76446,3.60,1.50
2011.08.10 16:21:08.278,0.76433,0.76447,4.53,1.88
2011.08.10 16:21:08.835,0.76433,0.76447,5.28,1.88
2011.08.10 16:21:09.524,0.76434,0.76447,1.16,1.88
2011.08.10 16:21:10.084,0.76434,0.76447,1.13,1.88
2011.08.10 16:21:10.635,0.76434,0.76447,1.16,1.88
2011.08.10 16:21:11.874,0.76434,0.76447,1.88,1.13
2011.08.10 16:21:12.426,0.76433,0.76447,4.53,1.13
2011.08.10 16:21:15.164,0.76433,0.76447,3.75,1.13
2011.08.10 16:21:16.455,0.76433,0.76447,3.75,1.88
2011.08.10 16:21:17.724,0.76434,0.76447,1.13,1.88
2011.08.10 16:21:24.757,0.76434,0.76447,1.13,1.88
2011.08.10 16:21:25.325,0.76434,0.76447,1.88,1.88
2011.08.10 16:21:25.997,0.76434,0.76446,1.88,1.50
2011.08.10 16:21:26.338,0.76429,0.76442,1.88,3.75
2011.08.10 16:21:31.825,0.76429,0.76441,1.13,1.13
2011.08.10 16:21:33.475,0.76429,0.7644,1.13,2.25
2011.08.10 16:21:33.815,0.76428,0.76441,3.00,4.13
2011.08.10 16:21:34.377,0.76429,0.76441,1.13,1.88
2011.08.10 16:21:35.344,0.76429,0.76441,1.13,2.63
2011.08.10 16:21:35.904,0.76429,0.76441,1.13,1.88
2011.08.10 16:21:37.387,0.76429,0.76441,1.13,1.88
2011.08.10 16:21:37.945,0.76429,0.76441,1.13,1.88
2011.08.10 16:21:38.726,0.76428,0.76441,3.75,1.88
2011.08.10 16:21:39.284,0.76429,0.76441,1.13,1.88
2011.08.10 16:21:40.024,0.76429,0.76441,1.13,1.88
2011.08.10 16:21:40.585,0.76428,0.76442,3.00,4.50
2011.08.10 16:21:41.803,0.76428,0.76441,3.00,1.13
2011.08.10 16:21:42.353,0.76428,0.76441,3.00,1.13
2011.08.10 16:21:44.707,0.76429,0.76441,1.88,1.13
2011.08.10 16:21:48.299,0.76429,0.76441,1.88,1.13
2011.08.10 16:21:48.854,0.76429,0.76441,1.13,2.63
2011.08.10 16:21:49.896,0.76429,0.76441,1.13,4.88
2011.08.10 16:21:51.995,0.76428,0.7644,3.00,2.25
2011.08.10 16:21:52.580,0.76428,0.7644,3.00,2.25
2011.08.10 16:21:53.519,0.76429,0.76441,1.13,3.38
2011.08.10 16:21:54.635,0.76429,0.76441,1.13,1.13
2011.08.10 16:21:55.194,0.76429,0.76441,1.13,3.38
2011.08.10 16:21:55.857,0.76428,0.76441,2.25,2.63
2011.08.10 16:21:56.649,0.76428,0.76441,3.00,4.13
2011.08.10 16:21:56.880,0.76427,0.76441,1.50,11.48
2011.08.10 16:21:57.000,0.76427,0.76438,1.50,2.25
2011.08.10 16:21:57.226,0.76427,0.7644,1.50,1.13
2011.08.10 16:21:57.785,0.76426,0.7644,1.88,1.88
2011.08.10 16:22:02.035,0.76426,0.7644,1.88,1.13
2011.08.10 16:22:02.805,0.76427,0.76441,1.50,4.88
2011.08.10 16:22:03.475,0.76426,0.7644,1.88,1.13
2011.08.10 16:22:04.809,0.76426,0.76438,1.50,2.25
2011.08.10 16:22:06.710,0.76422,0.76435,1.91,1.50
2011.08.10 16:22:09.874,0.76426,0.76437,1.50,2.85
2011.08.10 16:22:10.208,0.76427,0.7644,3.00,1.13
2011.08.10 16:22:24.513,0.76428,0.76441,1.50,3.75
2011.08.10 16:22:25.504,0.76428,0.76441,1.13,3.00
2011.08.10 16:22:26.053,0.76428,0.76441,1.13,2.25
2011.08.10 16:22:33.015,0.76428,0.76441,1.13,2.25
2011.08.10 16:22:35.519,0.7643,0.76442,1.50,2.25
2011.08.10 16:22:35.640,0.76434,0.76444,1.50,1.35
2011.08.10 16:22:35.866,0.76434,0.76447,4.16,1.13
2011.08.10 16:22:35.985,0.76434,0.76447,3.41,1.13
2011.08.10 16:22:36.544,0.76434,0.76448,1.91,1.13
2011.08.10 16:22:37.889,0.76436,0.76449,2.10,2.25
2011.08.10 16:22:38.500,0.76437,0.7645,1.13,3.75
2011.08.10 16:22:40.285,0.76436,0.76448,1.50,2.25
2011.08.10 16:22:40.516,0.76435,0.76448,1.13,3.00
2011.08.10 16:22:43.265,0.76435,0.76447,1.13,1.88
2011.08.10 16:22:44.851,0.76435,0.76448,1.13,6.38
2011.08.10 16:22:46.393,0.76435,0.76448,1.13,5.63
2011.08.10 16:22:46.944,0.76435,0.76448,1.13,5.63
2011.08.10 16:22:52.789,0.76435,0.76448,1.13,4.88
2011.08.10 16:22:53.345,0.76434,0.76448,3.19,4.88
2011.08.10 16:23:00.641,0.76436,0.76448,1.35,4.88
2011.08.10 16:23:00.760,0.76438,0.76451,1.88,2.63
2011.08.10 16:23:01.378,0.76441,0.76454,1.88,2.25
2011.08.10 16:23:01.934,0.76441,0.76454,1.91,2.25
2011.08.10 16:23:02.043,0.76441,0.76454,1.88,2.25
2011.08.10 16:23:07.537,0.76443,0.76456,2.25,2.25
2011.08.10 16:23:08.094,0.76443,0.76457,1.50,6.60
2011.08.10 16:23:08.756,0.76442,0.76454,3.00,2.25
2011.08.10 16:23:09.321,0.76442,0.76456,2.63,1.50
2011.08.10 16:23:09.767,0.76442,0.76456,1.88,1.50
2011.08.10 16:23:10.353,0.76442,0.76455,1.88,1.73
2011.08.10 16:23:11.236,0.7644,0.76454,2.63,1.13
2011.08.10 16:23:13.406,0.7644,0.76454,1.88,4.50
2011.08.10 16:23:13.651,0.7644,0.76453,1.13,4.73
2011.08.10 16:23:14.219,0.7644,0.7645,1.50,2.25
2011.08.10 16:23:14.338,0.76437,0.7645,2.63,2.25
2011.08.10 16:23:14.458,0.76437,0.76449,2.25,2.63
2011.08.10 16:23:20.765,0.76434,0.76448,1.88,1.13
2011.08.10 16:23:21.438,0.76435,0.76446,1.50,1.50
2011.08.10 16:23:22.474,0.76435,0.76447,1.50,1.50
2011.08.10 16:23:23.026,0.76435,0.76448,1.50,1.13
2011.08.10 16:23:25.680,0.76435,0.76448,1.50,1.13
2011.08.10 16:23:26.786,0.76435,0.76448,1.50,1.50
2011.08.10 16:23:27.126,0.76433,0.76446,2.63,1.35
2011.08.10 16:23:27.686,0.76431,0.76444,2.25,1.13
2011.08.10 16:23:29.725,0.76433,0.76445,1.13,1.35
2011.08.10 16:23:30.285,0.76433,0.76445,1.88,1.50
2011.08.10 16:23:30.627,0.76435,0.76446,2.25,4.13
2011.08.10 16:23:30.751,0.76437,0.76449,1.88,1.13
2011.08.10 16:23:31.308,0.76436,0.76445,1.50,1.13
2011.08.10 16:23:31.425,0.76433,0.76445,1.13,1.13
2011.08.10 16:23:35.829,0.76431,0.76444,1.53,4.85
2011.08.10 16:23:36.057,0.76429,0.76442,2.63,2.25
2011.08.10 16:23:36.398,0.76431,0.76442,1.50,2.25
2011.08.10 16:23:36.955,0.7643,0.76442,1.50,2.25
2011.08.10 16:23:37.296,0.76431,0.76443,1.91,3.00
2011.08.10 16:23:38.298,0.76432,0.76445,3.00,2.25
2011.08.10 16:23:40.296,0.76432,0.76443,2.25,1.35
2011.08.10 16:23:40.416,0.76431,0.76443,1.13,3.98
2011.08.10 16:23:40.649,0.76431,0.76442,1.50,3.00
2011.08.10 16:23:40.875,0.76429,0.76442,2.25,2.63
2011.08.10 16:23:41.871,0.76429,0.76442,1.50,5.25
2011.08.10 16:23:42.647,0.76429,0.76442,1.50,5.25
2011.08.10 16:23:43.204,0.7643,0.76442,1.13,2.25
2011.08.10 16:23:44.800,0.76424,0.76437,3.00,1.73
2011.08.10 16:23:45.025,0.76424,0.76436,1.50,1.50
2011.08.10 16:23:45.145,0.76424,0.76436,1.50,1.50
2011.08.10 16:23:45.704,0.76427,0.76438,1.55,1.88
2011.08.10 16:23:46.254,0.76426,0.76438,1.55,1.88
2011.08.10 16:23:47.146,0.76426,0.76438,1.50,2.48
2011.08.10 16:23:47.708,0.76424,0.76437,1.88,3.38
2011.08.10 16:23:48.596,0.76426,0.76438,1.13,2.63
2011.08.10 16:23:49.224,0.76426,0.76438,1.13,2.25
2011.08.10 16:23:50.096,0.76426,0.76438,1.88,2.25
2011.08.10 16:23:50.329,0.7643,0.76441,1.50,3.38
2011.08.10 16:23:50.448,0.7643,0.76441,1.88,2.25
2011.08.10 16:23:51.005,0.76431,0.76443,1.50,3.00
2011.08.10 16:23:54.118,0.76435,0.76445,1.50,2.25
2011.08.10 16:23:54.680,0.76431,0.76443,1.88,1.13
2011.08.10 16:23:55.293,0.76426,0.76437,1.13,4.35
2011.08.10 16:23:55.638,0.76426,0.76437,2.25,2.63
2011.08.10 16:23:55.759,0.76426,0.76438,1.50,2.10
2011.08.10 16:23:56.540,0.76427,0.76439,1.13,2.85
2011.08.10 16:23:56.876,0.76427,0.76439,1.13,2.25
2011.08.10 16:23:57.840,0.76431,0.76441,1.50,3.00
2011.08.10 16:23:58.395,0.7643,0.76441,1.50,3.00
2011.08.10 16:23:58.955,0.76428,0.76441,1.50,5.25
2011.08.10 16:23:59.515,0.76428,0.76441,1.50,4.13
2011.08.10 16:24:00.383,0.76428,0.7644,1.50,1.88
2011.08.10 16:24:01.390,0.76428,0.76439,1.50,2.85
2011.08.10 16:24:01.618,0.76426,0.76438,1.88,1.50
2011.08.10 16:24:01.847,0.76426,0.76437,1.50,1.13
2011.08.10 16:24:02.079,0.76428,0.76438,1.50,1.13
2011.08.10 16:24:02.850,0.76428,0.76439,1.50,2.25
2011.08.10 16:24:03.199,0.76429,0.76443,1.13,2.10
2011.08.10 16:24:03.756,0.76428,0.7644,1.88,1.13
2011.08.10 16:24:04.318,0.76428,0.7644,1.88,1.88
2011.08.10 16:24:04.878,0.76428,0.7644,1.88,1.13
2011.08.10 16:24:05.471,0.76428,0.7644,1.13,1.13
2011.08.10 16:24:06.905,0.76428,0.7644,1.88,1.13
2011.08.10 16:24:07.357,0.76432,0.76441,1.13,1.88
2011.08.10 16:24:07.477,0.76434,0.76445,1.50,3.00
2011.08.10 16:24:07.598,0.76433,0.76444,1.50,1.13
2011.08.10 16:24:07.938,0.76434,0.76444,1.50,1.13
2011.08.10 16:24:08.664,0.7643,0.76444,1.88,1.73
2011.08.10 16:24:08.890,0.7643,0.76442,1.88,2.10
2011.08.10 16:24:09.119,0.76429,0.7644,3.00,1.35
2011.08.10 16:24:09.468,0.76429,0.76438,2.25,1.50
2011.08.10 16:24:09.809,0.76429,0.76434,2.25,1.50
2011.08.10 16:24:09.930,0.76424,0.76436,1.50,1.50
2011.08.10 16:24:10.660,0.76424,0.76436,1.50,3.38
2011.08.10 16:24:11.208,0.76424,0.76436,1.50,1.88
2011.08.10 16:24:11.330,0.76424,0.76439,1.50,1.13
2011.08.10 16:24:11.556,0.76427,0.76439,1.50,1.13
2011.08.10 16:24:12.447,0.76427,0.76439,1.50,3.00
2011.08.10 16:24:12.675,0.76424,0.76438,2.63,1.13
2011.08.10 16:24:13.405,0.76424,0.76438,1.88,1.13
2011.08.10 16:24:14.187,0.76424,0.76438,2.63,1.13
2011.08.10 16:24:15.625,0.76424,0.76438,1.88,1.13
2011.08.10 16:24:16.334,0.76425,0.76439,1.50,3.75
2011.08.10 16:24:21.845,0.76424,0.76438,1.88,1.13
2011.08.10 16:24:22.395,0.76424,0.76438,2.63,1.13
2011.08.10 16:24:24.024,0.76429,0.7644,1.50,4.13
2011.08.10 16:24:24.135,0.76429,0.76442,1.50,3.00
2011.08.10 16:24:25.136,0.76428,0.76441,1.88,5.48
2011.08.10 16:24:25.256,0.76428,0.7644,1.13,2.25
2011.08.10 16:24:25.378,0.76427,0.76439,3.00,2.10
2011.08.10 16:24:25.609,0.76425,0.76438,1.13,3.75
2011.08.10 16:24:28.378,0.76425,0.76437,1.13,2.25
2011.08.10 16:24:29.155,0.76425,0.76437,1.13,2.25
2011.08.10 16:24:37.018,0.76426,0.76437,1.50,2.25
2011.08.10 16:24:37.138,0.76428,0.7644,2.25,2.25
2011.08.10 16:24:37.479,0.76429,0.7644,1.50,2.25
2011.08.10 16:24:37.709,0.76429,0.7644,1.50,2.25
2011.08.10 16:24:37.827,0.76428,0.76441,1.88,1.13
2011.08.10 16:24:38.806,0.76427,0.76441,2.25,5.85
2011.08.10 16:24:45.195,0.76428,0.7644,1.50,1.13
2011.08.10 16:24:47.110,0.76427,0.7644,2.25,1.13
2011.08.10 16:24:49.748,0.76429,0.76441,1.50,5.85
2011.08.10 16:24:50.747,0.76426,0.76439,1.13,2.25
2011.08.10 16:24:50.868,0.76427,0.76439,1.50,1.50
2011.08.10 16:24:51.104,0.76427,0.76439,1.50,3.60
2011.08.10 16:24:51.551,0.76428,0.76441,1.50,1.50
2011.08.10 16:24:52.105,0.76427,0.7644,1.50,3.00
2011.08.10 16:24:52.336,0.76425,0.76439,2.63,1.73
2011.08.10 16:24:52.894,0.76425,0.76438,1.50,4.88
2011.08.10 16:24:54.235,0.76425,0.76438,1.50,4.13
2011.08.10 16:24:54.796,0.76424,0.76438,1.50,4.13
2011.08.10 16:24:55.028,0.76425,0.76438,2.25,4.13
2011.08.10 16:24:55.146,0.76428,0.7644,1.91,1.13
2011.08.10 16:24:55.268,0.76429,0.7644,1.50,1.13
2011.08.10 16:24:55.624,0.76431,0.76443,1.50,4.13
2011.08.10 16:24:56.068,0.7643,0.76443,1.13,4.13
2011.08.10 16:24:58.436,0.76432,0.76443,1.50,4.13
2011.08.10 16:24:58.556,0.76432,0.76445,1.88,4.50
2011.08.10 16:24:58.675,0.76433,0.76445,1.50,2.25
2011.08.10 16:24:59.346,0.76432,0.76445,1.13,3.23
2011.08.10 16:24:59.906,0.76433,0.76445,1.50,3.23
2011.08.10 16:25:01.051,0.76434,0.76445,2.25,2.63
2011.08.10 16:25:01.387,0.76433,0.76446,1.50,6.45
2011.08.10 16:25:01.730,0.76432,0.76444,1.50,2.25
2011.08.10 16:25:02.067,0.76432,0.76445,1.50,1.50
2011.08.10 16:25:04.149,0.7643,0.76442,1.88,1.35
2011.08.10 16:25:04.816,0.7643,0.76441,1.13,1.50
2011.08.10 16:25:05.373,0.7643,0.76442,1.13,2.85
2011.08.10 16:25:05.927,0.7643,0.76441,1.13,1.50
2011.08.10 16:25:06.680,0.7643,0.76441,1.88,2.25
2011.08.10 16:25:07.032,0.7643,0.76442,1.13,3.00
2011.08.10 16:25:07.585,0.76429,0.76443,3.75,5.48
2011.08.10 16:25:08.587,0.76429,0.76441,3.75,1.50
2011.08.10 16:25:09.399,0.76432,0.76443,1.50,4.88
2011.08.10 16:25:09.635,0.7643,0.76443,1.13,4.88
2011.08.10 16:25:10.185,0.7643,0.76443,1.13,4.88
2011.08.10 16:25:11.126,0.76432,0.76443,1.13,3.38
2011.08.10 16:25:11.357,0.76429,0.76443,1.88,3.00
2011.08.10 16:25:12.855,0.76429,0.76443,2.00,3.75
2011.08.10 16:25:13.196,0.76429,0.76442,2.00,1.13
2011.08.10 16:25:13.754,0.76429,0.76442,2.00,1.13
2011.08.10 16:25:14.089,0.76427,0.76439,2.28,2.25
2011.08.10 16:25:14.645,0.76427,0.76438,2.28,1.13
2011.08.10 16:25:15.503,0.76427,0.76438,1.53,1.13
2011.08.10 16:25:15.624,0.76428,0.76441,2.63,2.25
2011.08.10 16:25:16.288,0.7643,0.76441,1.50,3.00
2011.08.10 16:25:16.629,0.76429,0.76441,1.50,3.30
2011.08.10 16:25:16.749,0.7643,0.76441,1.50,3.29
2011.08.10 16:25:18.124,0.76431,0.76442,1.50,1.13
2011.08.10 16:25:18.459,0.7643,0.76439,1.50,2.25
2011.08.10 16:25:18.576,0.76427,0.76439,1.53,2.25
2011.08.10 16:25:19.136,0.76428,0.7644,1.91,1.13
2011.08.10 16:25:19.704,0.76428,0.7644,1.13,5.25
2011.08.10 16:25:19.930,0.76426,0.76438,5.25,1.13
2011.08.10 16:25:21.406,0.76428,0.76438,1.50,1.13
2011.08.10 16:25:21.544,0.7643,0.76443,1.50,3.00
2011.08.10 16:25:25.361,0.76428,0.76442,2.63,6.45
2011.08.10 16:25:25.916,0.7643,0.76442,1.50,2.63
2011.08.10 16:25:26.478,0.76431,0.76444,2.25,2.25
2011.08.10 16:25:27.185,0.76432,0.76445,1.13,5.63
2011.08.10 16:25:27.858,0.76433,0.76445,1.50,2.25
2011.08.10 16:25:31.044,0.76432,0.76444,1.50,1.13
2011.08.10 16:25:33.238,0.76432,0.76444,1.50,3.23
2011.08.10 16:25:33.362,0.76431,0.76442,1.88,1.95
2011.08.10 16:25:33.483,0.76429,0.76441,2.25,1.50
2011.08.10 16:25:33.601,0.76427,0.7644,1.50,3.38
2011.08.10 16:25:34.155,0.76427,0.7644,1.50,4.13
2011.08.10 16:25:35.820,0.76427,0.7644,1.50,4.13
2011.08.10 16:25:36.373,0.76428,0.7644,1.13,1.13
2011.08.10 16:25:36.780,0.76428,0.7644,1.13,1.13
2011.08.10 16:25:37.665,0.76428,0.7644,1.13,1.13
2011.08.10 16:25:37.787,0.76428,0.76441,1.13,3.00
2011.08.10 16:25:43.858,0.76428,0.76435,1.13,1.50
2011.08.10 16:25:44.198,0.76421,0.76431,2.63,1.35
2011.08.10 16:25:44.428,0.76421,0.76432,2.25,4.35
2011.08.10 16:25:44.548,0.76419,0.76432,1.50,3.75
2011.08.10 16:25:45.217,0.76419,0.76432,1.50,3.75
2011.08.10 16:25:45.777,0.76419,0.76431,1.50,1.13
2011.08.10 16:25:47.320,0.76419,0.76431,1.50,1.13
2011.08.10 16:25:47.886,0.7642,0.76433,2.66,2.25
2011.08.10 16:25:49.248,0.76424,0.76433,1.35,2.25
2011.08.10 16:25:49.367,0.76426,0.76438,1.50,1.20
2011.08.10 16:25:49.817,0.76428,0.7644,1.50,4.20
2011.08.10 16:25:50.375,0.76428,0.7644,1.50,2.70
2011.08.10 16:25:50.935,0.76428,0.7644,1.50,2.63
2011.08.10 16:25:51.769,0.76427,0.7644,1.88,7.85
2011.08.10 16:25:52.002,0.76427,0.76438,1.50,2.25
2011.08.10 16:25:52.339,0.76428,0.7644,2.25,2.63
2011.08.10 16:25:53.118,0.76429,0.76441,1.88,3.00
2011.08.10 16:25:54.481,0.76425,0.76437,1.88,1.13
2011.08.10 16:25:54.820,0.76427,0.76438,2.10,4.13
2011.08.10 16:25:54.938,0.76429,0.76441,1.13,1.88
2011.08.10 16:25:55.056,0.76429,0.76441,1.88,1.13
2011.08.10 16:25:55.616,0.7643,0.76442,2.25,2.63
2011.08.10 16:25:56.728,0.76429,0.76442,1.88,3.38
2011.08.10 16:25:57.286,0.76429,0.76441,1.13,1.13
2011.08.10 16:25:58.022,0.76428,0.76441,1.50,4.88
2011.08.10 16:26:02.918,0.76429,0.76441,1.13,1.13
2011.08.10 16:26:04.073,0.76429,0.76441,1.13,1.13
2011.08.10 16:26:08.018,0.76429,0.76441,1.13,1.13
2011.08.10 16:26:08.576,0.76429,0.76441,1.13,1.13
2011.08.10 16:26:13.017,0.76429,0.76441,1.13,1.13
2011.08.10 16:26:19.507,0.76429,0.76442,1.13,4.13
2011.08.10 16:26:22.666,0.76429,0.76441,1.13,1.13
2011.08.10 16:26:23.226,0.76428,0.76441,3.00,1.88
2011.08.10 16:26:26.302,0.76428,0.76441,3.00,1.88
2011.08.10 16:26:26.966,0.76428,0.76441,3.00,1.88
2011.08.10 16:26:28.409,0.76426,0.7644,3.75,1.13
2011.08.10 16:26:29.343,0.76426,0.7644,4.77,1.13
2011.08.10 16:26:29.689,0.7643,0.76442,1.13,1.88
2011.08.10 16:26:30.251,0.7643,0.76442,1.13,1.13
2011.08.10 16:26:30.807,0.76429,0.76442,3.00,1.13
2011.08.10 16:26:31.802,0.76429,0.76442,3.00,1.88
2011.08.10 16:26:32.154,0.76428,0.76437,1.50,2.25
2011.08.10 16:26:32.271,0.76424,0.76437,1.50,2.63
2011.08.10 16:26:32.830,0.76422,0.76436,3.41,3.75
2011.08.10 16:26:33.386,0.76424,0.76436,1.50,3.75
2011.08.10 16:26:34.275,0.76422,0.76436,1.88,3.00
2011.08.10 16:26:34.617,0.76422,0.76436,1.13,4.35
2011.08.10 16:26:35.198,0.7642,0.76433,2.25,1.50
2011.08.10 16:26:37.898,0.76423,0.76434,1.13,1.50
2011.08.10 16:26:38.521,0.76427,0.76437,1.50,2.63
2011.08.10 16:26:38.647,0.76428,0.7644,1.13,1.13
2011.08.10 16:26:39.207,0.76428,0.7644,1.13,1.13
2011.08.10 16:26:39.880,0.76428,0.76441,1.13,2.85
2011.08.10 16:26:40.436,0.76428,0.76441,2.66,2.25
2011.08.10 16:26:43.347,0.76429,0.76441,4.20,2.25
2011.08.10 16:26:43.472,0.76431,0.76442,2.25,2.25
2011.08.10 16:26:44.250,0.76433,0.76445,1.50,1.13
2011.08.10 16:26:44.853,0.76436,0.76448,1.13,2.25
2011.08.10 16:26:45.407,0.76436,0.76449,1.91,2.63
2011.08.10 16:26:45.968,0.76436,0.76449,1.13,2.63
2011.08.10 16:26:46.991,0.76435,0.76448,3.00,1.13
2011.08.10 16:26:47.328,0.76434,0.76446,1.13,1.13
2011.08.10 16:26:47.999,0.76433,0.76446,1.50,2.25
2011.08.10 16:26:52.472,0.76434,0.76447,1.50,1.50
2011.08.10 16:26:53.797,0.76435,0.76448,1.50,4.50
2011.08.10 16:26:54.026,0.76437,0.76449,1.50,1.88
2011.08.10 16:26:59.157,0.76438,0.76449,1.50,1.88
2011.08.10 16:27:04.596,0.76438,0.7645,1.50,4.50
2011.08.10 16:27:05.157,0.76436,0.7645,1.50,4.50
2011.08.10 16:27:07.352,0.76438,0.7645,1.13,2.25
2011.08.10 16:27:08.567,0.76438,0.7645,1.13,2.25
2011.08.10 16:27:13.438,0.76438,0.76451,1.88,2.25
2011.08.10 16:27:17.716,0.76439,0.76451,2.25,3.00
2011.08.10 16:27:18.277,0.7644,0.76452,1.13,1.50
2011.08.10 16:27:18.836,0.76438,0.76451,1.91,1.13
2011.08.10 16:27:18.957,0.76437,0.76451,2.63,1.13
2011.08.10 16:27:19.187,0.76437,0.76451,1.88,1.13
2011.08.10 16:27:20.185,0.76436,0.76449,1.50,1.13
2011.08.10 16:27:21.078,0.76437,0.76449,1.50,1.13
2011.08.10 16:27:22.078,0.76437,0.76451,1.13,1.50
2011.08.10 16:27:26.946,0.76437,0.76451,1.13,1.50
2011.08.10 16:27:28.339,0.76437,0.76451,1.13,2.10
2011.08.10 16:27:39.257,0.76439,0.76451,1.50,3.00
2011.08.10 16:27:39.815,0.76439,0.76453,4.16,1.13
2011.08.10 16:27:40.927,0.76439,0.76453,4.16,1.88
2011.08.10 16:27:41.267,0.76439,0.76453,1.88,1.13
2011.08.10 16:27:41.889,0.76439,0.76452,1.13,1.50
2011.08.10 16:27:42.446,0.76439,0.76453,1.13,1.88
2011.08.10 16:27:47.520,0.76439,0.76452,1.13,2.10
2011.08.10 16:27:57.067,0.76438,0.76451,1.53,1.88
2011.08.10 16:27:57.621,0.76438,0.76451,1.53,1.88
2011.08.10 16:27:57.856,0.76438,0.76451,3.38,1.50
2011.08.10 16:27:58.416,0.76438,0.7645,1.13,1.13
2011.08.10 16:27:59.201,0.76436,0.76449,2.25,3.00
2011.08.10 16:27:59.758,0.76435,0.76449,3.38,2.25
2011.08.10 16:28:01.004,0.76435,0.76449,3.38,2.25
2011.08.10 16:28:01.572,0.76435,0.76449,3.38,4.73
2011.08.10 16:28:01.802,0.76434,0.76448,1.13,1.50
2011.08.10 16:28:01.915,0.76434,0.76448,1.13,2.25
2011.08.10 16:28:02.149,0.76435,0.76448,1.50,2.25
2011.08.10 16:28:03.992,0.76432,0.76445,5.66,1.13
2011.08.10 16:28:04.324,0.76432,0.76441,2.25,1.50
2011.08.10 16:28:04.887,0.76428,0.7644,1.50,1.88
2011.08.10 16:28:06.766,0.76428,0.7644,1.50,1.13
2011.08.10 16:28:06.885,0.76428,0.76439,1.13,1.13
2011.08.10 16:28:07.548,0.76427,0.7644,1.38,3.00
2011.08.10 16:28:09.868,0.76426,0.76439,4.16,1.13
2011.08.10 16:28:10.098,0.76425,0.76439,1.91,1.13
2011.08.10 16:28:11.809,0.76424,0.76439,5.28,1.88
2011.08.10 16:28:12.366,0.76424,0.76437,3.00,1.50
2011.08.10 16:28:12.925,0.76424,0.76437,1.53,2.63
2011.08.10 16:28:13.790,0.76424,0.76437,1.53,1.88
2011.08.10 16:28:14.346,0.76424,0.76437,3.78,1.88
2011.08.10 16:28:14.908,0.76425,0.76439,2.51,3.75
2011.08.10 16:28:15.577,0.76427,0.76439,2.25,1.50
2011.08.10 16:28:20.813,0.76424,0.76437,1.91,3.75
2011.08.10 16:28:21.365,0.76424,0.76437,1.88,3.75
2011.08.10 16:28:22.967,0.76424,0.76437,3.78,2.25
2011.08.10 16:28:23.526,0.76425,0.76438,3.03,1.13
2011.08.10 16:28:46.151,0.76426,0.76439,1.13,3.60
2011.08.10 16:28:48.038,0.76428,0.76439,1.13,1.35
2011.08.10 16:28:49.872,0.76428,0.76443,3.00,2.63
2011.08.10 16:28:49.989,0.76429,0.76443,3.68,1.50
2011.08.10 16:28:50.546,0.76431,0.76444,1.38,1.88
2011.08.10 16:28:51.637,0.76431,0.76444,1.91,2.25
2011.08.10 16:28:52.196,0.76434,0.76446,1.88,5.25
2011.08.10 16:28:52.872,0.76435,0.76446,3.00,3.38
2011.08.10 16:28:53.638,0.76435,0.76447,3.00,4.13
2011.08.10 16:28:54.152,0.76435,0.76446,3.00,1.50
2011.08.10 16:28:54.705,0.76435,0.76447,3.00,3.75
2011.08.10 16:28:55.264,0.76435,0.76446,3.00,3.00
2011.08.10 16:28:56.754,0.76435,0.76447,2.25,4.50
2011.08.10 16:28:57.672,0.76435,0.76446,2.25,3.00
2011.08.10 16:28:58.555,0.76435,0.76447,2.25,4.50
2011.08.10 16:28:59.157,0.76435,0.76446,2.25,1.50
2011.08.10 16:29:00.046,0.76435,0.76446,2.25,3.97
2011.08.10 16:29:00.170,0.76432,0.76443,1.50,2.25
2011.08.10 16:29:00.770,0.7643,0.76442,1.13,1.13
2011.08.10 16:29:02.758,0.76431,0.76445,1.88,1.13
2011.08.10 16:29:03.527,0.76431,0.76445,1.88,1.13
2011.08.10 16:29:04.089,0.76431,0.76445,1.88,1.13
2011.08.10 16:29:04.761,0.76431,0.76445,1.88,1.13
2011.08.10 16:29:05.098,0.76431,0.76445,1.88,1.13
2011.08.10 16:29:05.655,0.76431,0.76445,1.88,1.13
2011.08.10 16:29:05.887,0.76431,0.76445,1.13,1.13
2011.08.10 16:29:06.819,0.76429,0.76443,3.23,1.13
2011.08.10 16:29:07.594,0.7643,0.76443,1.50,1.13
2011.08.10 16:29:11.510,0.76431,0.76443,1.50,1.13
2011.08.10 16:29:15.648,0.76432,0.76445,2.63,3.00
2011.08.10 16:29:15.988,0.76433,0.76445,1.50,3.00
2011.08.10 16:29:16.878,0.76433,0.76443,1.50,3.00
2011.08.10 16:29:17.107,0.7643,0.76441,1.88,2.85
2011.08.10 16:29:17.823,0.7643,0.76441,1.13,2.85
2011.08.10 16:29:22.617,0.7643,0.76442,1.13,1.73
2011.08.10 16:29:26.646,0.7643,0.76442,1.13,1.73
2011.08.10 16:29:28.976,0.7643,0.76442,1.13,1.73
2011.08.10 16:29:29.431,0.7643,0.76442,1.88,1.73
2011.08.10 16:29:29.768,0.7643,0.76442,1.13,1.73
2011.08.10 16:29:30.712,0.7643,0.76442,1.13,1.73
2011.08.10 16:29:32.131,0.7643,0.76442,1.13,1.73
2011.08.10 16:29:32.690,0.7643,0.76442,1.88,1.73
2011.08.10 16:29:35.950,0.7643,0.76442,1.13,1.13
2011.08.10 16:29:36.182,0.76433,0.76442,1.50,1.13
2011.08.10 16:29:36.530,0.76431,0.76443,1.50,2.25
2011.08.10 16:29:37.498,0.7643,0.76442,2.25,1.13
2011.08.10 16:29:38.066,0.7643,0.76443,1.88,1.13
2011.08.10 16:29:43.357,0.7643,0.76443,1.88,1.88
2011.08.10 16:29:43.807,0.7643,0.76443,1.88,1.13
2011.08.10 16:29:45.120,0.7643,0.76443,1.13,1.88
2011.08.10 16:29:50.111,0.76428,0.7644,1.13,1.13
2011.08.10 16:29:50.343,0.76428,0.7644,1.13,1.13
2011.08.10 16:29:50.896,0.76428,0.7644,1.13,1.13
2011.08.10 16:30:00.168,0.76428,0.76439,1.13,1.50
2011.08.10 16:30:06.273,0.76428,0.76438,1.13,1.50
2011.08.10 16:30:09.527,0.76427,0.76435,2.25,1.50
2011.08.10 16:30:09.655,0.76421,0.76431,2.25,1.88
2011.08.10 16:30:09.766,0.76418,0.76431,3.00,1.88
2011.08.10 16:30:13.317,0.76418,0.7643,3.00,1.50
2011.08.10 16:30:14.586,0.76418,0.76431,3.00,2.63
2011.08.10 16:30:16.687,0.76418,0.7643,3.00,1.50
2011.08.10 16:30:17.686,0.76418,0.76431,3.00,2.63
2011.08.10 16:30:22.178,0.76418,0.76431,3.00,2.63
2011.08.10 16:30:25.018,0.76418,0.76431,3.00,1.88
2011.08.10 16:30:26.805,0.76418,0.76431,3.00,1.88
2011.08.10 16:30:27.585,0.76418,0.76431,3.00,2.63
2011.08.10 16:30:28.036,0.76418,0.7643,3.00,1.50
2011.08.10 16:30:28.972,0.76417,0.76429,1.53,1.13
2011.08.10 16:30:29.526,0.76418,0.7643,3.00,1.50
2011.08.10 16:30:30.087,0.76418,0.7643,3.00,1.50
2011.08.10 16:30:32.208,0.76418,0.76431,3.00,2.63
2011.08.10 16:30:35.730,0.76419,0.76431,1.35,2.63
2011.08.10 16:30:35.969,0.76423,0.76435,2.25,1.50
2011.08.10 16:30:36.526,0.76425,0.76437,2.10,2.25
2011.08.10 16:30:37.088,0.76426,0.76438,1.13,1.50
2011.08.10 16:30:37.538,0.76425,0.76437,1.13,1.88
2011.08.10 16:30:37.657,0.76425,0.76437,1.13,1.73
2011.08.10 16:30:37.891,0.76423,0.76436,2.66,1.13
2011.08.10 16:30:44.391,0.76425,0.76438,2.10,1.88
2011.08.10 16:30:44.510,0.76426,0.7644,1.13,1.88
2011.08.10 16:30:44.847,0.76426,0.7644,1.91,1.88
2011.08.10 16:30:45.407,0.76428,0.7644,1.13,1.50
2011.08.10 16:30:46.955,0.76428,0.76441,1.13,1.50
2011.08.10 16:30:50.807,0.76428,0.76442,1.13,1.88
2011.08.10 16:30:51.717,0.7643,0.76442,2.85,1.88
2011.08.10 16:30:52.056,0.7643,0.76443,1.50,3.75
2011.08.10 16:30:52.617,0.76431,0.76443,2.25,1.88
2011.08.10 16:30:54.036,0.76431,0.76443,2.25,1.88
2011.08.10 16:30:54.706,0.7643,0.76443,3.00,1.88
2011.08.10 16:30:55.046,0.76429,0.76442,3.41,2.63
2011.08.10 16:30:56.346,0.76429,0.76442,3.41,1.88
2011.08.10 16:30:57.015,0.76429,0.76441,4.13,1.50
2011.08.10 16:31:00.745,0.76429,0.76442,1.53,1.88
2011.08.10 16:31:07.402,0.7643,0.76442,1.50,1.13
2011.08.10 16:31:07.853,0.76433,0.76445,1.13,1.88
2011.08.10 16:31:08.634,0.76431,0.76445,1.16,4.13
2011.08.10 16:31:09.735,0.76432,0.76445,1.50,3.38
2011.08.10 16:31:10.295,0.76433,0.76445,1.88,1.13
2011.08.10 16:31:10.854,0.76432,0.76444,1.50,2.25
2011.08.10 16:31:11.083,0.76431,0.76443,2.25,1.13
2011.08.10 16:31:14.115,0.7643,0.76443,2.25,1.88
2011.08.10 16:31:20.246,0.7643,0.76444,2.28,3.75
2011.08.10 16:31:21.113,0.7643,0.76443,2.28,1.13
2011.08.10 16:31:23.015,0.76429,0.76442,5.28,3.75
2011.08.10 16:31:23.462,0.7643,0.76443,1.91,1.50
2011.08.10 16:31:25.675,0.76433,0.76445,1.13,1.50
2011.08.10 16:31:25.795,0.76431,0.76444,1.13,1.35
2011.08.10 16:31:26.444,0.7643,0.76443,1.50,1.88
2011.08.10 16:31:27.675,0.76431,0.76443,2.25,1.13
2011.08.10 16:31:28.562,0.76431,0.76443,2.28,1.13
2011.08.10 16:31:29.121,0.76432,0.76444,1.13,1.13
2011.08.10 16:31:30.028,0.76432,0.76444,1.13,1.13
2011.08.10 16:31:30.587,0.76433,0.76445,1.50,2.25
2011.08.10 16:31:30.924,0.76434,0.76447,1.50,1.13
2011.08.10 16:31:32.040,0.76433,0.76445,1.50,1.13
2011.08.10 16:31:32.157,0.76431,0.76444,1.16,1.50
2011.08.10 16:31:32.932,0.7643,0.76443,2.28,1.13
2011.08.10 16:31:33.503,0.76434,0.76444,1.50,2.25
2011.08.10 16:31:33.632,0.76434,0.76447,1.50,2.48
2011.08.10 16:31:35.784,0.76435,0.76448,3.00,3.60
2011.08.10 16:31:43.814,0.76435,0.76447,1.50,1.13
2011.08.10 16:31:44.925,0.76434,0.76447,1.50,2.10
2011.08.10 16:31:45.483,0.76431,0.76446,3.78,3.60
2011.08.10 16:31:46.044,0.76431,0.76445,3.03,1.88
2011.08.10 16:31:47.187,0.76431,0.76445,3.75,1.88
2011.08.10 16:31:47.522,0.76431,0.76444,3.75,1.50
2011.08.10 16:31:47.755,0.76432,0.76446,1.50,3.98
2011.08.10 16:31:47.987,0.76433,0.76446,1.88,1.35
2011.08.10 16:31:49.563,0.76435,0.76447,1.13,1.50
2011.08.10 16:31:51.672,0.76435,0.76448,1.88,1.50
2011.08.10 16:31:52.583,0.76435,0.76448,1.88,1.50
2011.08.10 16:32:08.666,0.76435,0.76448,3.75,1.88
2011.08.10 16:32:09.931,0.76435,0.76447,1.50,3.00
2011.08.10 16:32:12.954,0.76434,0.76446,1.13,1.05
2011.08.10 16:32:13.515,0.76434,0.76446,1.13,2.48
2011.08.10 16:32:14.354,0.76432,0.76445,4.50,3.00
2011.08.10 16:32:14.715,0.76435,0.76448,1.50,3.75
2011.08.10 16:32:17.796,0.76435,0.76446,1.50,2.63
2011.08.10 16:32:18.412,0.76432,0.76446,2.63,3.60
2011.08.10 16:32:18.866,0.76432,0.76445,2.63,1.13
2011.08.10 16:32:18.983,0.76432,0.76446,2.63,3.98
2011.08.10 16:32:19.212,0.76432,0.76444,1.88,1.50
2011.08.10 16:32:19.553,0.76433,0.76447,1.13,1.88
2011.08.10 16:32:20.005,0.76434,0.76447,1.50,1.13
2011.08.10 16:32:20.234,0.76434,0.76448,1.50,3.00
2011.08.10 16:32:24.583,0.76435,0.7645,1.88,5.85
2011.08.10 16:32:25.400,0.76435,0.76449,1.13,2.10
2011.08.10 16:32:25.513,0.76434,0.76447,1.88,2.25
2011.08.10 16:32:26.183,0.76434,0.76446,1.13,1.13
2011.08.10 16:32:28.068,0.76432,0.76445,1.73,1.13
2011.08.10 16:32:28.621,0.76431,0.76445,1.13,2.63
2011.08.10 16:32:30.722,0.76431,0.76445,1.16,1.88
2011.08.10 16:32:30.956,0.76432,0.76446,1.53,5.63
2011.08.10 16:32:31.515,0.76434,0.76446,2.63,1.13
2011.08.10 16:32:31.962,0.76436,0.76449,1.53,1.88
2011.08.10 16:32:33.123,0.76435,0.76449,1.13,1.88
2011.08.10 16:32:35.114,0.76434,0.76447,1.88,1.13
2011.08.10 16:32:35.563,0.76434,0.76447,1.50,1.88
2011.08.10 16:32:35.684,0.76433,0.76447,1.16,1.88
2011.08.10 16:32:35.804,0.76433,0.76447,1.13,3.60
2011.08.10 16:32:35.926,0.76431,0.76445,1.16,1.13
2011.08.10 16:32:36.586,0.76431,0.76444,1.91,1.50
2011.08.10 16:32:37.143,0.76433,0.76446,3.00,1.73
2011.08.10 16:32:41.187,0.76434,0.76447,2.63,1.50
2011.08.10 16:32:43.001,0.76434,0.76448,4.50,1.13
2011.08.10 16:32:44.945,0.76436,0.76449,3.00,1.13
2011.08.10 16:32:45.642,0.76436,0.76449,3.00,1.13
2011.08.10 16:32:46.753,0.76436,0.76448,2.25,1.50
2011.08.10 16:32:47.531,0.76436,0.76449,3.00,1.13
2011.08.10 16:32:49.447,0.76436,0.76449,3.00,1.50
2011.08.10 16:32:50.001,0.76434,0.76449,3.75,4.13
2011.08.10 16:32:54.492,0.76434,0.76448,3.00,1.88
2011.08.10 16:32:54.837,0.76436,0.76448,1.13,1.50
2011.08.10 16:32:55.173,0.76436,0.76448,1.50,1.13
2011.08.10 16:32:55.783,0.76436,0.76448,1.50,1.13
2011.08.10 16:32:56.865,0.76434,0.76448,3.75,1.13
2011.08.10 16:32:56.981,0.76434,0.76448,3.75,1.13
2011.08.10 16:32:57.425,0.76433,0.76445,1.13,1.73
2011.08.10 16:32:57.545,0.76433,0.76445,1.13,1.73
2011.08.10 16:32:57.666,0.76432,0.76445,3.03,1.13
2011.08.10 16:32:57.787,0.76433,0.76445,1.13,1.13
2011.08.10 16:32:59.023,0.76433,0.76445,1.13,1.13
2011.08.10 16:32:59.364,0.76433,0.76445,1.16,1.13
2011.08.10 16:32:59.964,0.76433,0.76445,1.13,1.13
2011.08.10 16:33:00.532,0.76434,0.76445,1.50,1.13
2011.08.10 16:33:02.924,0.76434,0.76445,2.28,1.13
2011.08.10 16:33:03.484,0.76434,0.76446,2.28,2.25
2011.08.10 16:33:03.604,0.76436,0.76448,1.50,1.13
2011.08.10 16:33:04.493,0.76436,0.76448,1.53,1.13
2011.08.10 16:33:04.833,0.76436,0.76448,1.50,1.13
2011.08.10 16:33:05.393,0.76436,0.76449,1.50,4.13
2011.08.10 16:33:06.369,0.76435,0.76447,1.88,1.13
2011.08.10 16:33:10.084,0.76433,0.76446,1.50,1.35
2011.08.10 16:33:10.642,0.76433,0.76446,1.50,1.13
2011.08.10 16:33:11.205,0.76435,0.76447,1.50,2.25
2011.08.10 16:33:11.763,0.76432,0.76446,4.50,1.13
2011.08.10 16:33:14.732,0.76433,0.76446,1.50,1.13
2011.08.10 16:33:15.765,0.76433,0.76446,1.50,1.13
2011.08.10 16:33:20.501,0.76432,0.76446,2.28,1.13
2011.08.10 16:33:23.842,0.76432,0.76447,3.00,3.00
2011.08.10 16:33:25.433,0.76432,0.76444,1.16,2.25
2011.08.10 16:33:27.475,0.76433,0.76447,1.16,3.00
2011.08.10 16:33:28.034,0.76434,0.76448,1.13,1.73
2011.08.10 16:33:28.374,0.76435,0.76448,1.50,1.13
2011.08.10 16:33:28.714,0.76437,0.76449,1.13,1.88
2011.08.10 16:33:29.271,0.76437,0.76449,1.13,1.13
2011.08.10 16:33:32.183,0.76437,0.76449,1.13,1.13
2011.08.10 16:33:32.744,0.76438,0.76451,1.13,1.35
2011.08.10 16:33:36.194,0.76437,0.7645,1.88,3.38
2011.08.10 16:33:37.722,0.76437,0.76449,1.50,2.63
2011.08.10 16:33:38.281,0.76437,0.7645,1.88,3.00
2011.08.10 16:33:41.873,0.76437,0.7645,1.88,3.00
2011.08.10 16:33:48.272,0.76437,0.7645,1.88,3.00
2011.08.10 16:33:48.919,0.76437,0.7645,1.88,3.00
2011.08.10 16:33:50.347,0.76437,0.7645,1.88,3.00
2011.08.10 16:33:51.233,0.76438,0.76452,1.88,1.13
2011.08.10 16:33:52.456,0.76438,0.76452,1.88,1.13
2011.08.10 16:33:54.443,0.7644,0.76452,1.50,1.13
2011.08.10 16:33:54.566,0.76444,0.76455,1.73,3.00
2011.08.10 16:33:54.686,0.76445,0.76459,1.88,1.50
2011.08.10 16:33:55.241,0.76445,0.76459,1.88,1.13
2011.08.10 16:34:03.443,0.76445,0.7646,2.63,5.48
2011.08.10 16:34:07.634,0.76447,0.7646,2.25,3.23
2011.08.10 16:34:08.190,0.76448,0.7646,1.50,2.63
2011.08.10 16:34:09.543,0.76449,0.76462,1.50,3.38
2011.08.10 16:34:15.131,0.76448,0.76462,1.13,3.38
2011.08.10 16:34:15.262,0.76448,0.7646,1.13,1.13
2011.08.10 16:34:15.595,0.76446,0.76459,1.50,1.88
2011.08.10 16:34:16.882,0.76446,0.76459,1.13,1.88
2011.08.10 16:34:17.117,0.76443,0.76457,1.13,1.88
2011.08.10 16:34:18.069,0.76443,0.76456,2.63,3.38
2011.08.10 16:34:19.059,0.76446,0.76458,1.50,2.63
2011.08.10 16:34:19.394,0.76446,0.76459,1.88,2.25
2011.08.10 16:34:20.619,0.76447,0.76462,1.88,3.00
2011.08.10 16:34:22.054,0.76447,0.76461,1.13,1.88
2011.08.10 16:34:22.175,0.76446,0.7646,4.73,1.50
2011.08.10 16:34:22.627,0.76443,0.76458,2.28,3.38
2011.08.10 16:34:23.229,0.76443,0.76458,2.28,5.63
2011.08.10 16:34:23.364,0.7644,0.76453,1.88,3.00
2011.08.10 16:34:29.783,0.76441,0.76453,1.50,2.25
2011.08.10 16:34:29.908,0.76442,0.76454,1.13,1.88
2011.08.10 16:34:30.943,0.76442,0.76454,1.13,1.88
2011.08.10 16:34:38.064,0.76441,0.76453,3.00,1.50
2011.08.10 16:34:38.624,0.76441,0.76453,3.00,1.50
2011.08.10 16:34:39.182,0.7644,0.76452,1.88,1.13
2011.08.10 16:34:41.082,0.7644,0.76452,1.88,1.13
2011.08.10 16:34:41.971,0.7644,0.76453,1.88,3.00
2011.08.10 16:34:50.063,0.76441,0.76454,3.00,1.13
2011.08.10 16:34:50.628,0.76442,0.76455,1.73,3.00
2011.08.10 16:34:50.855,0.7644,0.76455,3.75,1.73
2011.08.10 16:34:51.413,0.7644,0.76455,3.75,2.48
2011.08.10 16:34:52.035,0.7644,0.76453,1.50,1.13
2011.08.10 16:34:55.042,0.76441,0.76454,1.50,3.00
2011.08.10 16:34:59.108,0.76441,0.76454,3.78,1.13
2011.08.10 16:35:04.456,0.76446,0.76457,2.25,2.10
2011.08.10 16:35:04.574,0.76446,0.76458,2.25,4.88
2011.08.10 16:35:05.134,0.76446,0.76459,3.75,1.13
2011.08.10 16:35:07.498,0.76449,0.7646,1.50,2.25
2011.08.10 16:35:07.614,0.76449,0.76462,1.88,2.25
2011.08.10 16:35:07.953,0.7645,0.76463,3.75,1.13
2011.08.10 16:35:08.536,0.76451,0.76464,1.13,2.25
2011.08.10 16:35:11.786,0.76451,0.76464,1.88,2.25
2011.08.10 16:35:12.014,0.76452,0.76466,1.13,1.88
2011.08.10 16:35:13.982,0.76452,0.76463,1.50,2.63
2011.08.10 16:35:14.106,0.76452,0.76465,1.50,3.60
2011.08.10 16:35:14.662,0.76452,0.76465,1.50,2.25
2011.08.10 16:35:14.883,0.76453,0.76466,1.50,1.13
2011.08.10 16:35:15.225,0.76452,0.76465,1.50,3.60
2011.08.10 16:35:15.783,0.76452,0.76465,1.50,2.25
2011.08.10 16:35:21.062,0.76451,0.76464,1.13,1.13
2011.08.10 16:35:22.725,0.76452,0.76466,1.13,2.03
2011.08.10 16:35:23.954,0.76452,0.76467,2.63,3.90
2011.08.10 16:35:26.052,0.76454,0.76467,3.03,3.00
2011.08.10 16:35:26.613,0.76455,0.76467,1.13,1.13
2011.08.10 16:35:33.364,0.76455,0.76468,1.13,3.60
2011.08.10 16:35:33.924,0.76454,0.76468,2.25,3.75
2011.08.10 16:35:34.483,0.76453,0.76466,1.13,2.25
2011.08.10 16:35:36.924,0.76453,0.76466,1.88,2.25
2011.08.10 16:35:37.592,0.76453,0.76466,1.91,2.25
2011.08.10 16:35:38.134,0.76454,0.76468,1.91,1.13
2011.08.10 16:35:39.595,0.76454,0.76468,2.63,1.13
2011.08.10 16:35:39.894,0.76455,0.76468,3.00,1.13
2011.08.10 16:35:40.236,0.76465,0.76478,1.13,2.25
2011.08.10 16:35:48.601,0.76465,0.76478,1.88,3.00
2011.08.10 16:35:49.151,0.76465,0.76478,1.88,3.00
2011.08.10 16:35:52.672,0.76465,0.76478,1.88,3.00
2011.08.10 16:35:58.088,0.76465,0.76478,1.13,3.00
2011.08.10 16:35:58.644,0.76464,0.76477,1.50,2.63
2011.08.10 16:35:59.202,0.76466,0.76478,1.50,2.25
2011.08.10 16:36:05.535,0.76465,0.76478,1.88,2.25
2011.08.10 16:36:14.196,0.76465,0.76478,1.88,2.25
2011.08.10 16:36:15.513,0.76466,0.76479,3.00,1.13
2011.08.10 16:36:18.934,0.76465,0.76478,1.88,2.25
2011.08.10 16:36:23.310,0.76466,0.7648,1.13,2.25
2011.08.10 16:36:24.194,0.76466,0.7648,1.91,1.50
2011.08.10 16:36:24.317,0.76467,0.76482,4.91,2.48
2011.08.10 16:36:25.425,0.76467,0.7648,1.88,2.85
2011.08.10 16:36:25.983,0.76467,0.7648,1.13,3.60
2011.08.10 16:36:26.573,0.76468,0.76481,3.00,2.48
2011.08.10 16:36:31.112,0.76469,0.76482,1.13,4.50
2011.08.10 16:36:31.673,0.7647,0.76484,1.16,1.13
2011.08.10 16:36:32.234,0.7647,0.76484,1.16,1.13
2011.08.10 16:36:32.880,0.7647,0.76484,1.16,1.88
2011.08.10 16:36:33.435,0.76471,0.76484,1.53,1.13
2011.08.10 16:36:34.684,0.76471,0.76484,1.50,1.13
2011.08.10 16:36:35.245,0.7647,0.76484,1.91,1.13
2011.08.10 16:36:35.867,0.76472,0.76485,1.50,5.10
2011.08.10 16:36:41.443,0.7647,0.76485,2.63,3.75
2011.08.10 16:36:51.518,0.76473,0.76486,3.23,3.00
2011.08.10 16:36:51.635,0.76475,0.76488,3.00,1.88
2011.08.10 16:36:53.846,0.76475,0.76487,3.00,3.00
2011.08.10 16:36:53.966,0.76472,0.76485,3.38,1.13
2011.08.10 16:36:54.523,0.76471,0.76485,2.48,1.13
2011.08.10 16:36:59.642,0.76472,0.76485,1.50,1.13
2011.08.10 16:37:00.424,0.76471,0.76485,2.48,1.13
2011.08.10 16:37:00.983,0.76472,0.76485,1.50,1.13
2011.08.10 16:37:19.439,0.76471,0.76485,2.51,1.13
2011.08.10 16:37:19.562,0.7647,0.76484,1.53,2.63
2011.08.10 16:37:20.116,0.7647,0.76484,1.50,2.63
2011.08.10 16:37:23.073,0.7647,0.76484,3.00,2.63
2011.08.10 16:37:23.875,0.76472,0.76486,2.25,3.75
2011.08.10 16:37:24.213,0.76474,0.76487,1.88,3.00
2011.08.10 16:37:24.773,0.76474,0.76487,2.63,3.00
2011.08.10 16:37:25.331,0.76474,0.76488,4.50,1.35
2011.08.10 16:37:29.356,0.76475,0.76489,1.13,3.38
2011.08.10 16:37:30.057,0.76475,0.76488,1.13,2.25
2011.08.10 16:37:39.604,0.76473,0.76487,2.48,2.63
2011.08.10 16:37:40.165,0.76473,0.76487,1.73,1.88
2011.08.10 16:37:42.421,0.76473,0.76486,1.50,2.25
2011.08.10 16:37:42.984,0.76474,0.76487,1.13,3.75
2011.08.10 16:37:43.544,0.76472,0.76486,1.88,2.63
2011.08.10 16:37:45.111,0.76474,0.76487,1.50,1.13
2011.08.10 16:37:45.665,0.76473,0.76486,1.13,1.35
2011.08.10 16:37:45.895,0.76471,0.76486,1.88,4.13
2011.08.10 16:37:46.122,0.76471,0.76485,1.13,1.88
2011.08.10 16:37:49.814,0.76471,0.76485,1.88,1.13
2011.08.10 16:37:51.446,0.76472,0.76485,1.50,1.13
2011.08.10 16:37:51.678,0.76474,0.76487,2.51,4.13
2011.08.10 16:37:52.123,0.76474,0.76489,2.25,3.75
2011.08.10 16:37:54.262,0.76475,0.76489,1.13,2.25
2011.08.10 16:37:54.931,0.76475,0.76489,1.13,2.25
2011.08.10 16:37:56.481,0.76474,0.76487,1.13,2.25
2011.08.10 16:37:56.825,0.76472,0.76485,3.75,2.25
2011.08.10 16:37:57.383,0.76472,0.76485,3.75,2.25
2011.08.10 16:38:00.054,0.76473,0.76487,1.13,1.13
2011.08.10 16:38:03.835,0.76475,0.76488,3.00,1.13
2011.08.10 16:38:21.644,0.76475,0.76488,2.25,2.48
2011.08.10 16:38:21.983,0.76472,0.76486,2.25,2.63
2011.08.10 16:38:24.411,0.76472,0.76486,1.88,2.63
2011.08.10 16:38:25.185,0.76473,0.76487,2.88,1.13
2011.08.10 16:38:25.741,0.76474,0.76488,3.75,1.50
2011.08.10 16:38:31.361,0.76475,0.76489,1.13,1.88
2011.08.10 16:38:31.915,0.76475,0.76489,1.13,1.88
2011.08.10 16:38:32.802,0.76475,0.76489,1.13,1.88
2011.08.10 16:38:33.363,0.76475,0.76489,1.88,1.13
2011.08.10 16:38:33.923,0.76475,0.76489,1.88,1.88
2011.08.10 16:38:34.752,0.76475,0.76489,1.88,1.13
2011.08.10 16:38:35.303,0.76475,0.76489,1.88,1.13
2011.08.10 16:38:35.643,0.76475,0.76489,1.88,1.88
2011.08.10 16:38:35.987,0.76473,0.76486,1.88,3.75
2011.08.10 16:38:36.215,0.76471,0.76485,3.78,1.13
2011.08.10 16:38:37.702,0.76471,0.76486,3.78,2.25
2011.08.10 16:38:41.653,0.76472,0.76486,1.53,2.25
2011.08.10 16:38:42.453,0.76473,0.76486,1.38,2.25
2011.08.10 16:38:42.684,0.76474,0.76489,3.00,1.65
2011.08.10 16:38:47.470,0.76474,0.76487,1.91,2.25
2011.08.10 16:38:48.025,0.76474,0.76487,1.88,2.25
2011.08.10 16:38:55.146,0.76472,0.76485,2.25,2.25
2011.08.10 16:38:55.598,0.76473,0.76485,1.50,2.25
2011.08.10 16:38:55.949,0.76474,0.76487,3.41,2.25
2011.08.10 16:38:56.066,0.76476,0.7649,2.25,4.35
2011.08.10 16:39:01.925,0.76476,0.7649,1.50,2.25
2011.08.10 16:39:02.494,0.76476,0.7649,1.50,2.25
2011.08.10 16:39:03.914,0.76477,0.7649,1.50,2.25
2011.08.10 16:39:04.471,0.76477,0.7649,1.50,2.25
2011.08.10 16:39:04.915,0.76478,0.7649,1.53,2.25
2011.08.10 16:39:05.367,0.76479,0.76492,6.78,2.63
2011.08.10 16:39:05.901,0.76479,0.76493,6.41,2.25
2011.08.10 16:39:08.533,0.76479,0.76493,6.41,2.25
2011.08.10 16:39:09.205,0.76479,0.76493,8.66,2.25
2011.08.10 16:39:10.642,0.76479,0.76493,6.41,2.25
2011.08.10 16:39:11.195,0.76482,0.76494,1.13,1.13
2011.08.10 16:39:11.314,0.76482,0.76494,1.13,3.38
2011.08.10 16:39:11.543,0.76481,0.76493,2.25,2.10
2011.08.10 16:39:11.884,0.76479,0.76492,5.28,3.00
2011.08.10 16:39:12.446,0.76479,0.76493,3.41,4.13
2011.08.10 16:39:14.132,0.76479,0.76493,6.41,3.38
2011.08.10 16:39:15.232,0.76481,0.76494,1.13,2.25
2011.08.10 16:39:24.881,0.7648,0.76492,2.28,1.50
2011.08.10 16:39:25.104,0.7648,0.76493,3.00,1.88
2011.08.10 16:39:28.607,0.7648,0.76493,1.50,3.38
2011.08.10 16:39:28.732,0.76481,0.76494,1.50,1.13
2011.08.10 16:39:29.397,0.76484,0.76496,3.60,1.50
2011.08.10 16:39:29.516,0.76485,0.76497,1.13,2.63
2011.08.10 16:39:30.293,0.76485,0.76498,1.50,2.25
2011.08.10 16:39:30.415,0.76486,0.765,2.63,1.88
2011.08.10 16:39:30.866,0.76488,0.76503,2.63,3.38
2011.08.10 16:39:34.574,0.76494,0.76502,2.48,1.13
2011.08.10 16:39:34.804,0.76495,0.76506,1.76,1.50
2011.08.10 16:39:34.922,0.76495,0.76509,1.88,1.88
2011.08.10 16:39:35.484,0.76493,0.76505,1.88,1.13
2011.08.10 16:39:36.352,0.76493,0.76505,1.88,1.13
2011.08.10 16:39:38.171,0.76491,0.76505,1.13,1.13
2011.08.10 16:39:40.674,0.7649,0.76503,4.88,2.25
2011.08.10 16:39:41.013,0.76488,0.76501,3.75,2.25
2011.08.10 16:39:42.123,0.76488,0.76501,2.25,2.25
2011.08.10 16:39:42.821,0.76488,0.76501,1.50,2.25
2011.08.10 16:39:45.374,0.76488,0.765,1.13,1.88
2011.08.10 16:39:48.306,0.76486,0.76499,3.23,1.13
2011.08.10 16:39:48.535,0.76486,0.76499,3.23,1.13
2011.08.10 16:39:53.310,0.76491,0.76501,2.10,2.63
2011.08.10 16:39:53.548,0.76494,0.76507,10.43,1.88
2011.08.10 16:39:53.775,0.76493,0.76507,11.51,3.38
2011.08.10 16:39:54.337,0.76495,0.76508,2.25,1.88
2011.08.10 16:39:54.894,0.76493,0.76507,3.75,3.00
2011.08.10 16:39:56.420,0.76493,0.76506,3.00,1.13
2011.08.10 16:39:57.418,0.76493,0.76505,2.25,1.50
2011.08.10 16:39:57.533,0.7649,0.76503,3.03,3.00
2011.08.10 16:39:57.766,0.76493,0.76506,2.28,1.13
2011.08.10 16:39:57.884,0.76494,0.76507,1.13,3.00
2011.08.10 16:40:01.002,0.76493,0.76507,3.78,3.00
2011.08.10 16:40:01.772,0.76492,0.76506,4.01,2.63
2011.08.10 16:40:02.467,0.76492,0.76505,2.51,1.13
2011.08.10 16:40:03.078,0.76492,0.76505,2.48,1.13
2011.08.10 16:40:03.194,0.76492,0.76503,1.88,1.65
2011.08.10 16:40:03.753,0.7649,0.76502,3.98,1.13
2011.08.10 16:40:05.853,0.7649,0.76502,3.38,1.13
2011.08.10 16:40:09.153,0.7649,0.76503,2.28,3.00
2011.08.10 16:40:09.674,0.7649,0.76503,2.28,3.00
2011.08.10 16:40:17.293,0.7649,0.76503,3.03,3.00
2011.08.10 16:40:17.856,0.7649,0.76503,3.03,3.00
2011.08.10 16:40:18.503,0.7649,0.76503,3.03,3.00
2011.08.10 16:40:19.175,0.7649,0.76503,3.00,3.00
2011.08.10 16:40:19.737,0.7649,0.76503,3.03,3.00
2011.08.10 16:40:20.277,0.7649,0.76503,3.03,3.00
2011.08.10 16:40:20.832,0.7649,0.76503,3.03,3.00
2011.08.10 16:40:21.391,0.7649,0.76503,3.03,3.00
2011.08.10 16:40:21.902,0.7649,0.76503,3.03,3.00
2011.08.10 16:40:23.272,0.7649,0.76502,3.03,1.13
2011.08.10 16:40:23.612,0.7649,0.76502,3.41,1.13
2011.08.10 16:40:24.163,0.7649,0.76503,3.41,2.25
2011.08.10 16:40:25.180,0.7649,0.76503,3.41,2.25
2011.08.10 16:40:25.702,0.7649,0.76502,3.03,1.88
2011.08.10 16:40:26.396,0.7649,0.76502,3.03,1.88
2011.08.10 16:40:26.956,0.7649,0.76502,3.03,1.88
2011.08.10 16:40:27.292,0.7649,0.76502,3.03,1.88
2011.08.10 16:40:27.886,0.7649,0.76502,3.03,1.88
2011.08.10 16:40:28.443,0.7649,0.76502,3.03,1.88
2011.08.10 16:40:29.113,0.7649,0.76502,3.03,1.88
2011.08.10 16:40:29.624,0.7649,0.76502,3.03,1.88
2011.08.10 16:40:30.350,0.7649,0.76503,3.78,3.00
2011.08.10 16:40:31.675,0.7649,0.76503,1.91,3.00
2011.08.10 16:40:32.232,0.7649,0.76502,1.91,2.48
2011.08.10 16:40:32.565,0.765,0.76508,1.35,2.98
2011.08.10 16:40:32.795,0.76508,0.76514,1.88,3.75
2011.08.10 16:40:33.136,0.76509,0.76519,4.50,1.50
2011.08.10 16:40:33.705,0.76509,0.7652,2.25,2.10
2011.08.10 16:40:33.831,0.76505,0.76515,1.88,1.50
2011.08.10 16:40:34.716,0.76508,0.76517,1.35,3.00
2011.08.10 16:40:34.839,0.76509,0.76522,3.00,2.10
2011.08.10 16:40:34.955,0.76515,0.76523,1.88,1.35
2011.08.10 16:40:35.080,0.76516,0.76526,1.88,1.13
2011.08.10 16:40:35.309,0.76521,0.76531,1.13,1.13
2011.08.10 16:40:35.534,0.76521,0.76535,3.38,3.00
2011.08.10 16:40:35.654,0.76523,0.76536,2.25,2.48
2011.08.10 16:40:35.995,0.76526,0.76537,2.66,2.25
2011.08.10 16:40:36.579,0.76528,0.76541,2.28,1.88
2011.08.10 16:40:36.826,0.76535,0.76548,1.91,2.85
2011.08.10 16:40:37.384,0.76535,0.76548,1.88,2.10
2011.08.10 16:40:37.944,0.76534,0.76548,2.28,2.10
2011.08.10 16:40:38.173,0.76533,0.76546,5.66,1.50
2011.08.10 16:40:38.512,0.76534,0.76548,3.03,3.98
2011.08.10 16:40:39.064,0.76534,0.76548,1.53,2.85
2011.08.10 16:40:40.117,0.76534,0.76543,1.13,2.10
2011.08.10 16:40:40.347,0.76533,0.76543,2.63,1.35
2011.08.10 16:40:40.573,0.76531,0.76543,2.25,1.35
2011.08.10 16:40:41.134,0.76532,0.76543,1.88,1.35
2011.08.10 16:40:45.943,0.76529,0.76543,4.91,1.73
2011.08.10 16:40:46.174,0.76532,0.76542,1.88,1.50
2011.08.10 16:40:46.404,0.76528,0.76542,5.28,1.50
2011.08.10 16:40:48.074,0.76529,0.76542,1.13,1.50
2011.08.10 16:40:48.685,0.76528,0.76541,4.13,3.23
2011.08.10 16:40:48.917,0.76527,0.76539,2.63,3.38
2011.08.10 16:40:49.529,0.76527,0.76538,2.63,2.63
2011.08.10 16:40:51.692,0.76527,0.7654,2.63,2.48
2011.08.10 16:40:53.673,0.76528,0.7654,1.53,1.73
2011.08.10 16:40:54.015,0.76528,0.7654,2.66,1.35
2011.08.10 16:40:54.718,0.76527,0.7654,3.78,2.85
2011.08.10 16:40:55.273,0.76527,0.76538,2.63,2.25
2011.08.10 16:40:56.616,0.76529,0.76538,1.50,2.25
2011.08.10 16:40:56.733,0.76529,0.7654,1.50,1.73
2011.08.10 16:40:57.296,0.76528,0.76541,1.53,4.35
2011.08.10 16:40:58.397,0.76528,0.76541,1.53,4.35
2011.08.10 16:40:58.956,0.76528,0.76541,1.53,4.35
2011.08.10 16:41:00.374,0.76527,0.7654,3.41,1.73
2011.08.10 16:41:01.311,0.76527,0.7654,2.66,1.73
2011.08.10 16:41:03.783,0.76527,0.7654,2.66,1.73
2011.08.10 16:41:04.453,0.76528,0.7654,1.53,1.73
2011.08.10 16:41:05.012,0.76529,0.7654,1.53,1.73
2011.08.10 16:41:05.454,0.76527,0.7654,1.53,1.73
2011.08.10 16:41:06.030,0.76527,0.7654,1.53,1.73
2011.08.10 16:41:06.693,0.76526,0.7654,1.91,1.73
2011.08.10 16:41:07.253,0.76526,0.7654,1.91,1.73
2011.08.10 16:41:07.870,0.76527,0.7654,1.53,2.48
2011.08.10 16:41:07.987,0.76523,0.76533,1.28,1.50
2011.08.10 16:41:08.443,0.76521,0.76533,1.13,1.13
2011.08.10 16:41:08.675,0.76524,0.76534,1.17,2.25
2011.08.10 16:41:09.232,0.76524,0.76534,1.16,2.85
2011.08.10 16:41:09.576,0.76524,0.76536,2.25,1.13
2011.08.10 16:41:09.802,0.76526,0.76539,1.91,3.60
2011.08.10 16:41:12.812,0.76527,0.76539,1.16,1.35
2011.08.10 16:41:15.297,0.76527,0.76538,1.16,1.35
2011.08.10 16:41:15.431,0.76525,0.76538,3.00,1.73
2011.08.10 16:41:16.177,0.76524,0.76535,2.25,1.50
2011.08.10 16:41:17.000,0.76523,0.76534,2.25,1.50
2011.08.10 16:41:18.102,0.76523,0.76534,2.25,1.35
2011.08.10 16:41:24.243,0.76523,0.76534,3.03,1.35
2011.08.10 16:41:26.144,0.76523,0.76534,2.25,1.35
2011.08.10 16:41:28.908,0.76524,0.76536,4.53,2.48
2011.08.10 16:41:29.463,0.76525,0.76536,1.13,2.10
2011.08.10 16:41:30.244,0.76524,0.76536,4.53,2.85
2011.08.10 16:41:36.315,0.76523,0.76536,5.73,2.85
2011.08.10 16:41:39.672,0.76523,0.76536,3.41,1.35
2011.08.10 16:41:42.985,0.76521,0.76536,3.78,3.60
2011.08.10 16:41:43.526,0.7652,0.76535,4.31,2.10
2011.08.10 16:41:45.854,0.7652,0.76534,4.31,2.10
2011.08.10 16:41:46.304,0.7652,0.76533,1.91,1.50
2011.08.10 16:41:48.013,0.7652,0.76534,1.88,3.60
2011.08.10 16:41:48.686,0.7652,0.76533,1.16,1.50
2011.08.10 16:41:49.023,0.7652,0.76532,1.13,1.50
2011.08.10 16:41:49.584,0.76518,0.76532,5.66,1.50
2011.08.10 16:41:50.165,0.76519,0.76529,2.25,1.35
2011.08.10 16:41:50.291,0.76514,0.76528,3.75,1.50
2011.08.10 16:41:51.073,0.76514,0.76528,1.88,1.50
2011.08.10 16:41:54.543,0.76514,0.76527,1.91,1.50
2011.08.10 16:41:57.514,0.76514,0.76526,1.13,1.50
2011.08.10 16:41:58.259,0.7651,0.76524,1.53,2.10
2011.08.10 16:41:58.608,0.76516,0.76529,1.16,3.60
2011.08.10 16:42:05.775,0.76517,0.7653,3.03,2.48
2011.08.10 16:42:06.366,0.76518,0.7653,1.13,2.48
2011.08.10 16:42:07.035,0.76518,0.7653,1.16,2.48
2011.08.10 16:42:09.515,0.76518,0.7653,1.13,3.23
2011.08.10 16:42:09.748,0.76515,0.76528,3.00,2.48
2011.08.10 16:42:10.568,0.76514,0.76527,3.38,1.13
2011.08.10 16:42:13.507,0.76514,0.76526,3.38,2.10
2011.08.10 16:42:14.543,0.76512,0.76525,1.13,3.75
2011.08.10 16:42:14.889,0.7651,0.76523,1.53,1.13
2011.08.10 16:42:15.114,0.76509,0.7652,1.13,2.10
2011.08.10 16:42:15.236,0.76508,0.7652,4.88,5.48
2011.08.10 16:42:18.846,0.76507,0.7652,1.13,2.25
2011.08.10 16:42:18.971,0.76509,0.7652,1.53,1.50
2011.08.10 16:42:19.089,0.76512,0.76524,1.16,3.00
2011.08.10 16:42:19.646,0.76512,0.76524,1.16,1.88
2011.08.10 16:42:20.204,0.76512,0.76524,1.13,1.88
2011.08.10 16:42:20.983,0.76512,0.76524,1.16,1.88
2011.08.10 16:42:21.541,0.76512,0.76524,1.16,1.88
2011.08.10 16:42:22.094,0.76512,0.76524,1.91,1.88
2011.08.10 16:42:23.155,0.76512,0.76524,1.91,1.88
2011.08.10 16:42:23.716,0.76512,0.76524,1.91,1.88
2011.08.10 16:42:24.277,0.76515,0.76525,1.53,2.25
2011.08.10 16:42:24.521,0.76519,0.76529,4.16,2.25
2011.08.10 16:42:24.637,0.76521,0.76532,1.13,2.85
2011.08.10 16:42:24.863,0.76521,0.76532,1.13,2.10
2011.08.10 16:42:26.463,0.76521,0.76533,1.13,3.23
2011.08.10 16:42:26.694,0.76519,0.76531,1.50,2.48
2011.08.10 16:42:27.254,0.76518,0.76531,3.00,3.23
2011.08.10 16:42:27.705,0.76519,0.76531,3.00,3.23
2011.08.10 16:42:27.829,0.76521,0.76533,1.16,3.98
2011.08.10 16:42:29.374,0.7652,0.76532,1.88,1.13
2011.08.10 16:42:29.933,0.7652,0.76532,2.63,1.13
2011.08.10 16:42:32.769,0.7652,0.76532,1.88,1.13
2011.08.10 16:42:33.327,0.7652,0.76532,2.63,1.13
2011.08.10 16:42:35.348,0.7652,0.76533,3.00,1.50
2011.08.10 16:42:37.797,0.7652,0.76531,2.63,1.13
2011.08.10 16:42:38.376,0.76518,0.7653,1.88,2.25
2011.08.10 16:42:40.887,0.76519,0.76532,1.50,1.13
2011.08.10 16:42:41.705,0.76518,0.76532,3.03,1.13
2011.08.10 16:42:41.820,0.7652,0.76533,2.28,2.63
2011.08.10 16:42:42.047,0.7652,0.76535,1.91,7.13
2011.08.10 16:42:42.604,0.7652,0.76535,1.91,5.63
2011.08.10 16:42:43.162,0.7652,0.76534,1.13,1.13
2011.08.10 16:42:47.583,0.7652,0.76533,1.13,1.50
2011.08.10 16:42:49.284,0.7652,0.76532,1.13,1.50
2011.08.10 16:42:49.413,0.76517,0.76531,1.88,1.13
2011.08.10 16:42:49.533,0.76517,0.76531,1.88,2.63
2011.08.10 16:42:50.092,0.76516,0.76529,1.13,4.50
2011.08.10 16:42:52.264,0.76516,0.76528,1.13,2.48
2011.08.10 16:42:52.606,0.7651,0.76522,1.16,1.13
2011.08.10 16:42:53.206,0.7651,0.76522,1.16,1.13
2011.08.10 16:42:54.281,0.7651,0.76522,1.16,1.13
2011.08.10 16:42:55.165,0.7651,0.76522,1.16,1.13
2011.08.10 16:42:55.724,0.76511,0.76524,2.28,1.13
2011.08.10 16:42:55.843,0.76511,0.76525,2.28,3.00
2011.08.10 16:42:56.402,0.76512,0.76525,1.16,3.00
2011.08.10 16:42:57.318,0.76512,0.76524,1.91,1.13
2011.08.10 16:42:57.867,0.76512,0.76524,1.91,1.13
2011.08.10 16:42:58.902,0.76512,0.76524,1.16,1.13
2011.08.10 16:42:59.782,0.76512,0.76525,1.16,3.00
2011.08.10 16:43:00.332,0.76512,0.76525,1.16,3.00
2011.08.10 16:43:00.993,0.76512,0.76525,1.16,3.00
2011.08.10 16:43:01.552,0.76512,0.76525,1.13,3.00
2011.08.10 16:43:02.497,0.76512,0.76525,1.16,3.00
2011.08.10 16:43:03.083,0.76512,0.76525,1.16,3.00
2011.08.10 16:43:03.654,0.76514,0.76528,4.53,1.50
2011.08.10 16:43:06.442,0.76515,0.76528,1.13,1.50
2011.08.10 16:43:07.334,0.76515,0.76529,1.13,3.38
2011.08.10 16:43:09.143,0.76514,0.76528,4.53,3.00
2011.08.10 16:43:12.487,0.76515,0.76528,1.13,1.50
2011.08.10 16:43:14.034,0.76515,0.76528,1.13,1.50
2011.08.10 16:43:14.594,0.76515,0.76528,1.13,1.50
2011.08.10 16:43:15.745,0.76515,0.76528,1.13,1.50
2011.08.10 16:43:19.658,0.76518,0.76531,1.16,4.88
2011.08.10 16:43:20.218,0.76519,0.76532,3.00,1.88
2011.08.10 16:43:25.758,0.7652,0.76533,3.38,2.63
2011.08.10 16:43:26.203,0.76521,0.76535,1.13,1.73
2011.08.10 16:43:31.938,0.7652,0.76532,2.25,2.25
2011.08.10 16:43:32.054,0.76519,0.76532,1.13,2.25
2011.08.10 16:43:35.623,0.76519,0.76533,1.13,1.13
2011.08.10 16:43:36.736,0.76519,0.76533,1.73,1.13
2011.08.10 16:43:36.852,0.76519,0.76533,1.73,1.88
2011.08.10 16:43:38.584,0.76518,0.76533,3.98,1.88
2011.08.10 16:43:49.417,0.76519,0.76531,3.41,1.50
2011.08.10 16:43:49.759,0.76521,0.76535,1.16,1.73
2011.08.10 16:43:51.364,0.76521,0.76535,1.16,1.73
2011.08.10 16:43:51.923,0.76521,0.76535,1.16,1.73
2011.08.10 16:43:53.125,0.76521,0.76535,1.16,1.73
2011.08.10 16:43:53.908,0.76521,0.76535,1.91,1.73
2011.08.10 16:43:54.504,0.76521,0.76535,2.66,1.13
2011.08.10 16:43:55.616,0.76521,0.76535,1.76,1.88
2011.08.10 16:43:56.395,0.76521,0.76535,1.76,1.88
2011.08.10 16:43:56.953,0.76521,0.76536,1.76,4.13
2011.08.10 16:43:57.950,0.76521,0.76536,1.76,4.13
2011.08.10 16:43:58.844,0.76521,0.76535,1.76,1.13
2011.08.10 16:43:59.405,0.76521,0.76535,2.51,1.13
2011.08.10 16:43:59.748,0.76523,0.76536,2.25,1.88
2011.08.10 16:44:05.204,0.76523,0.76534,2.25,1.50
2011.08.10 16:44:05.325,0.76521,0.76534,1.13,1.50
2011.08.10 16:44:12.933,0.76521,0.76533,1.13,1.50
2011.08.10 16:44:13.492,0.76521,0.76535,1.13,2.63
2011.08.10 16:44:17.208,0.76519,0.76532,1.13,2.63
2011.08.10 16:44:17.764,0.76519,0.76533,3.41,2.63
2011.08.10 16:44:20.265,0.76519,0.76533,6.63,1.88
2011.08.10 16:44:22.582,0.76519,0.76533,6.63,1.13
2011.08.10 16:44:23.149,0.76521,0.76535,4.38,3.00
2011.08.10 16:44:25.640,0.76522,0.76534,1.13,1.20
2011.08.10 16:44:26.193,0.76522,0.76535,1.13,3.75
2011.08.10 16:44:38.224,0.76522,0.76534,1.13,1.13
2011.08.10 16:44:40.215,0.76522,0.76534,1.13,1.13
2011.08.10 16:44:41.681,0.76522,0.76534,1.13,1.88
2011.08.10 16:44:42.424,0.7652,0.76533,1.88,3.00
2011.08.10 16:44:43.098,0.7652,0.76532,1.13,1.13
2011.08.10 16:44:43.216,0.7652,0.76532,1.13,1.13
2011.08.10 16:44:43.773,0.76518,0.7653,1.13,1.13
2011.08.10 16:44:53.034,0.76518,0.76531,2.66,4.50
2011.08.10 16:44:53.595,0.76519,0.76531,2.28,4.50
2011.08.10 16:44:54.292,0.76518,0.76531,2.66,4.50
2011.08.10 16:44:54.845,0.76519,0.76531,2.28,4.50
2011.08.10 16:44:55.545,0.76518,0.76531,2.66,4.50
2011.08.10 16:44:56.197,0.76519,0.76531,2.28,4.50
2011.08.10 16:44:56.963,0.76519,0.76531,2.28,4.50
2011.08.10 16:44:57.554,0.76519,0.76531,2.25,4.50
2011.08.10 16:44:58.112,0.76518,0.76531,2.66,4.50
2011.08.10 16:44:58.755,0.76519,0.76531,2.28,4.50
2011.08.10 16:45:00.295,0.76518,0.76531,2.66,4.50
2011.08.10 16:45:00.529,0.76519,0.76531,4.91,2.25
2011.08.10 16:45:00.865,0.76521,0.76534,2.88,1.13
2011.08.10 16:45:01.208,0.76523,0.76535,1.91,1.50
2011.08.10 16:45:01.450,0.76523,0.76536,2.73,1.50
2011.08.10 16:45:02.783,0.76524,0.76537,2.66,3.38
2011.08.10 16:45:03.343,0.76525,0.76537,2.25,3.00
2011.08.10 16:45:04.774,0.76525,0.76538,3.03,1.88
2011.08.10 16:45:04.894,0.76527,0.76538,2.25,1.50
2011.08.10 16:45:05.671,0.76527,0.76539,2.25,1.50
2011.08.10 16:45:07.845,0.76527,0.7654,3.03,1.13
2011.08.10 16:45:08.405,0.76528,0.76542,4.91,1.50
2011.08.10 16:45:08.963,0.76528,0.76542,6.11,1.50
2011.08.10 16:45:09.525,0.76529,0.76542,2.66,2.25
2011.08.10 16:45:10.225,0.76529,0.76542,2.51,2.25
2011.08.10 16:45:10.572,0.76531,0.76542,2.13,2.25
2011.08.10 16:45:10.799,0.76533,0.76544,1.35,1.13
2011.08.10 16:45:11.355,0.76533,0.76545,2.51,2.25
2011.08.10 16:45:15.537,0.76534,0.76545,1.50,2.25
2011.08.10 16:45:16.756,0.76539,0.7655,1.13,2.25
2011.08.10 16:45:16.995,0.76538,0.76551,1.35,2.63
2011.08.10 16:45:17.232,0.76535,0.76548,3.23,2.25
2011.08.10 16:45:17.566,0.76537,0.76551,2.85,2.63
2011.08.10 16:45:18.125,0.76536,0.76549,1.16,2.25
2011.08.10 16:45:18.246,0.76536,0.7655,1.76,1.13
2011.08.10 16:45:18.363,0.76537,0.76551,1.38,2.63
2011.08.10 16:45:18.486,0.76538,0.76552,1.88,2.63
2011.08.10 16:45:19.045,0.76538,0.76552,1.13,2.63
2011.08.10 16:45:20.079,0.76538,0.76551,1.16,1.50
2011.08.10 16:45:22.403,0.76538,0.76551,1.13,1.50
2011.08.10 16:45:25.247,0.76537,0.76552,4.76,3.38
2011.08.10 16:45:27.565,0.76538,0.76551,1.13,1.50
2011.08.10 16:45:28.236,0.76538,0.76552,1.88,1.88
2011.08.10 16:45:37.044,0.76538,0.76552,3.41,1.13
2011.08.10 16:45:37.945,0.76537,0.76552,5.66,1.13
2011.08.10 16:45:38.284,0.76538,0.76552,4.01,1.13
2011.08.10 16:45:38.843,0.76539,0.76552,2.28,1.13
2011.08.10 16:45:40.084,0.76538,0.76552,3.41,1.13
2011.08.10 16:45:41.390,0.76539,0.76552,2.28,1.13
2011.08.10 16:45:42.383,0.76539,0.76552,2.28,1.13
2011.08.10 16:45:43.053,0.76539,0.76552,2.51,1.13
2011.08.10 16:45:43.612,0.76539,0.76552,2.43,1.13
2011.08.10 16:45:44.710,0.76539,0.76553,3.41,2.63
2011.08.10 16:45:44.827,0.76543,0.76554,1.53,1.13
2011.08.10 16:45:45.384,0.7654,0.76554,1.76,1.13
2011.08.10 16:45:45.504,0.7654,0.76554,1.76,1.13
2011.08.10 16:45:45.847,0.76544,0.76554,1.53,1.13
2011.08.10 16:45:46.408,0.76547,0.76555,1.16,3.00
2011.08.10 16:45:46.637,0.7655,0.76562,1.13,1.13
2011.08.10 16:45:51.933,0.7655,0.76562,1.13,1.13
2011.08.10 16:45:52.384,0.76549,0.76561,2.25,1.50
2011.08.10 16:45:52.945,0.76548,0.76561,1.52,3.00
2011.08.10 16:45:55.252,0.76548,0.76561,1.52,3.00
2011.08.10 16:45:55.375,0.76547,0.76561,3.38,4.50
2011.08.10 16:45:55.828,0.76547,0.76559,2.25,1.50
2011.08.10 16:45:59.343,0.76546,0.76558,1.13,1.13
2011.08.10 16:45:59.793,0.76545,0.76557,1.35,3.75
2011.08.10 16:46:02.774,0.76544,0.76555,1.13,1.13
2011.08.10 16:46:02.894,0.76544,0.76556,1.13,3.00
2011.08.10 16:46:03.676,0.76541,0.76554,3.00,2.25
2011.08.10 16:46:04.893,0.7654,0.76553,2.25,1.50
2011.08.10 16:46:05.568,0.7654,0.76552,3.00,1.50
2011.08.10 16:46:05.693,0.76538,0.76551,2.88,2.25
2011.08.10 16:46:06.794,0.76537,0.7655,3.03,1.13
2011.08.10 16:46:08.564,0.76538,0.76552,2.63,2.25
2011.08.10 16:46:12.175,0.76538,0.76552,3.38,2.25
2011.08.10 16:46:12.849,0.76539,0.76553,4.13,1.88
2011.08.10 16:46:12.968,0.76539,0.76553,1.88,1.88
2011.08.10 16:46:15.456,0.76539,0.76553,1.16,1.88
2011.08.10 16:46:16.012,0.76539,0.76553,1.13,1.13
2011.08.10 16:46:17.317,0.76539,0.76553,1.13,1.88
2011.08.10 16:46:21.163,0.76538,0.76551,2.66,1.50
2011.08.10 16:46:21.954,0.76538,0.76551,2.63,1.50
2011.08.10 16:46:22.406,0.76538,0.76548,2.25,1.35
2011.08.10 16:46:22.964,0.76537,0.76548,2.25,1.50
2011.08.10 16:46:25.685,0.76535,0.76548,4.91,2.48
2011.08.10 16:46:28.045,0.76535,0.76547,2.28,1.50
2011.08.10 16:46:29.486,0.76535,0.76547,2.28,1.50
2011.08.10 16:46:29.610,0.76533,0.76546,4.88,1.13
2011.08.10 16:46:30.751,0.76535,0.76547,2.25,2.25
2011.08.10 16:46:31.316,0.76535,0.76548,3.00,1.13
2011.08.10 16:46:33.853,0.76535,0.76548,3.75,1.13
2011.08.10 16:46:39.600,0.76537,0.76549,1.13,1.50
2011.08.10 16:46:39.825,0.76537,0.7655,1.76,1.50
2011.08.10 16:46:40.823,0.76537,0.76551,1.16,2.63
2011.08.10 16:46:41.052,0.76538,0.76551,2.28,2.25
2011.08.10 16:46:44.187,0.76538,0.76551,2.25,2.25
2011.08.10 16:46:44.305,0.76536,0.76551,5.88,2.63
2011.08.10 16:46:45.874,0.76536,0.76546,4.73,1.50
2011.08.10 16:46:46.107,0.76531,0.76543,1.13,2.25
2011.08.10 16:46:46.227,0.76529,0.76542,4.13,1.88
2011.08.10 16:46:46.455,0.76527,0.76541,3.41,1.88
2011.08.10 16:46:47.014,0.76527,0.76541,1.16,1.88
2011.08.10 16:46:54.344,0.76527,0.7654,1.13,1.50
2011.08.10 16:46:56.555,0.76527,0.7654,1.13,1.50
2011.08.10 16:47:02.107,0.76527,0.7654,1.13,3.00
2011.08.10 16:47:02.335,0.76523,0.76535,1.50,1.88
2011.08.10 16:47:02.454,0.7652,0.76533,3.38,1.50
2011.08.10 16:47:03.235,0.76521,0.76534,2.51,1.50
2011.08.10 16:47:04.093,0.76521,0.76535,3.26,1.88
2011.08.10 16:47:05.785,0.76521,0.76535,3.26,1.88
2011.08.10 16:47:06.455,0.76521,0.76535,3.26,1.88
2011.08.10 16:47:06.576,0.76521,0.76535,3.23,1.13
2011.08.10 16:47:08.463,0.76522,0.76535,1.13,1.13
2011.08.10 16:47:11.125,0.76523,0.76536,3.00,1.88
2011.08.10 16:47:11.466,0.76526,0.76538,1.13,1.13
2011.08.10 16:47:11.694,0.76527,0.7654,1.13,1.88
2011.08.10 16:47:12.252,0.76527,0.76541,1.13,3.75
2011.08.10 16:47:13.513,0.76527,0.76538,1.13,1.35
2011.08.10 16:47:13.966,0.76525,0.76539,3.98,2.25
2011.08.10 16:47:14.524,0.76526,0.76539,1.73,2.25
2011.08.10 16:47:16.176,0.76526,0.76538,1.73,1.50
2011.08.10 16:47:16.516,0.76523,0.76535,1.50,2.25
2011.08.10 16:47:16.855,0.76523,0.76532,1.50,1.50
2011.08.10 16:47:18.250,0.76521,0.76533,2.25,1.50
2011.08.10 16:47:19.576,0.76522,0.76536,2.70,2.25
2011.08.10 16:47:19.809,0.76524,0.76536,2.63,1.50
2011.08.10 16:47:20.036,0.76525,0.76539,1.73,1.13
2011.08.10 16:47:22.761,0.76526,0.7654,3.75,1.88
2011.08.10 16:47:23.329,0.76525,0.76538,3.00,3.00
2011.08.10 16:47:23.775,0.76524,0.76536,1.13,1.13
2011.08.10 16:47:35.025,0.76523,0.76536,4.13,1.13
2011.08.10 16:47:35.586,0.76524,0.76536,1.13,1.13
2011.08.10 16:47:36.145,0.76524,0.76536,3.10,1.13
2011.08.10 16:47:36.487,0.76525,0.76538,1.73,1.50
2011.08.10 16:47:37.135,0.76525,0.76538,1.73,1.50
2011.08.10 16:47:37.247,0.76524,0.76536,1.88,1.13
2011.08.10 16:47:38.136,0.76525,0.76538,2.48,1.88
2011.08.10 16:47:41.534,0.76524,0.76538,6.63,1.50
2011.08.10 16:47:42.767,0.76524,0.76536,1.88,1.13
2011.08.10 16:47:43.763,0.76524,0.76536,2.48,1.13
2011.08.10 16:47:43.995,0.76525,0.76538,2.85,1.88
2011.08.10 16:47:44.553,0.76525,0.76538,2.85,1.88
2011.08.10 16:47:52.275,0.76526,0.76538,2.51,1.13
2011.08.10 16:47:52.834,0.76528,0.7654,1.53,1.50
2011.08.10 16:47:54.543,0.76528,0.76541,2.28,2.63
2011.08.10 16:47:54.875,0.76529,0.76541,5.13,1.88
2011.08.10 16:47:54.998,0.76532,0.76544,2.25,1.88
2011.08.10 16:47:55.115,0.76532,0.76545,2.25,1.88
2011.08.10 16:47:55.744,0.76533,0.76545,1.16,1.88
2011.08.10 16:47:56.303,0.76532,0.76545,3.03,1.13
2011.08.10 16:47:58.506,0.76532,0.76545,2.25,1.88
2011.08.10 16:47:59.064,0.76532,0.76545,2.85,1.13
2011.08.10 16:48:00.914,0.76532,0.76544,2.25,1.35
2011.08.10 16:48:01.146,0.76528,0.76542,1.88,2.63
2011.08.10 16:48:01.375,0.76527,0.76538,2.63,1.50
2011.08.10 16:48:01.934,0.76526,0.76538,2.25,1.50
2011.08.10 16:48:02.164,0.76526,0.76538,2.25,1.50
2011.08.10 16:48:04.121,0.76527,0.76539,1.13,1.50
2011.08.10 16:48:04.236,0.76526,0.76539,2.25,2.25
2011.08.10 16:48:08.546,0.76526,0.7654,3.78,2.63
2011.08.10 16:48:09.105,0.76527,0.7654,2.81,1.50
2011.08.10 16:48:15.328,0.76528,0.76537,1.13,1.35
2011.08.10 16:48:15.667,0.76528,0.76538,1.88,2.25
2011.08.10 16:48:16.397,0.76528,0.76536,1.50,1.13
2011.08.10 16:48:17.287,0.76524,0.76536,3.75,2.63
2011.08.10 16:48:17.409,0.76522,0.76534,2.63,1.13
2011.08.10 16:48:17.967,0.76524,0.76534,1.53,1.13
2011.08.10 16:48:18.306,0.76528,0.7654,8.36,1.50
2011.08.10 16:48:18.886,0.76529,0.76543,8.13,3.75
2011.08.10 16:48:19.338,0.76528,0.76541,9.93,1.50
2011.08.10 16:48:19.460,0.7653,0.76541,2.25,1.50
2011.08.10 16:48:19.687,0.76528,0.7654,1.13,1.13
2011.08.10 16:48:21.365,0.76527,0.76539,2.25,1.50
2011.08.10 16:48:23.621,0.76529,0.7654,1.38,1.13
2011.08.10 16:48:23.742,0.76528,0.76541,3.00,1.35
2011.08.10 16:48:23.862,0.76526,0.76538,1.13,1.13
2011.08.10 16:48:24.195,0.76525,0.76534,1.50,1.88
2011.08.10 16:48:25.418,0.76521,0.76534,3.00,1.88
2011.08.10 16:48:27.199,0.76521,0.76533,2.25,1.50
2011.08.10 16:48:27.753,0.76521,0.76534,2.28,1.13
2011.08.10 16:48:28.085,0.76521,0.76532,2.25,1.50
2011.08.10 16:48:36.347,0.7652,0.76533,2.10,1.13
2011.08.10 16:48:37.125,0.76519,0.76532,1.73,1.50
2011.08.10 16:48:37.465,0.76518,0.76531,3.00,3.00
2011.08.10 16:48:38.581,0.76518,0.7653,3.00,1.13
2011.08.10 16:48:38.914,0.76515,0.76529,4.88,3.00
2011.08.10 16:48:40.123,0.76517,0.76529,2.25,1.50
2011.08.10 16:48:41.014,0.76515,0.76529,4.91,3.00
2011.08.10 16:48:41.243,0.76515,0.76528,4.88,1.13
2011.08.10 16:48:43.243,0.76515,0.76529,4.88,3.75
2011.08.10 16:48:45.476,0.76518,0.76531,3.00,2.63
2011.08.10 16:48:46.388,0.76519,0.76531,1.13,1.13
2011.08.10 16:48:46.511,0.76516,0.7653,2.51,2.63
2011.08.10 16:48:47.067,0.76515,0.76529,5.63,1.50
2011.08.10 16:48:49.314,0.76515,0.76529,5.66,1.50
2011.08.10 16:48:50.204,0.76516,0.76529,1.16,2.25
2011.08.10 16:48:54.016,0.76516,0.76529,1.16,1.50
2011.08.10 16:48:54.573,0.76516,0.76529,1.16,1.50
2011.08.10 16:48:55.124,0.76516,0.76529,1.16,1.50
2011.08.10 16:48:55.963,0.76516,0.76529,1.16,1.50
2011.08.10 16:48:56.067,0.76519,0.76531,2.28,3.00
2011.08.10 16:48:56.407,0.76524,0.76536,2.63,1.50
2011.08.10 16:48:56.968,0.76524,0.76536,3.75,1.50
2011.08.10 16:48:57.197,0.76521,0.76533,2.63,1.50
2011.08.10 16:48:59.046,0.76521,0.76533,2.63,1.50
2011.08.10 16:48:59.605,0.76521,0.76534,2.63,1.88
2011.08.10 16:49:01.304,0.76525,0.76537,1.13,3.00
2011.08.10 16:49:01.863,0.76525,0.76538,1.13,1.50
2011.08.10 16:49:02.855,0.76525,0.76537,1.13,1.50
2011.08.10 16:49:03.208,0.76521,0.76533,1.13,1.13
2011.08.10 16:49:04.336,0.76519,0.76533,3.00,3.00
2011.08.10 16:49:05.665,0.76518,0.76532,2.66,1.13
2011.08.10 16:49:06.004,0.76516,0.76529,3.00,1.13
2011.08.10 16:49:07.912,0.76516,0.76528,1.13,1.13
2011.08.10 16:49:08.027,0.76516,0.76529,3.00,1.50
2011.08.10 16:49:08.150,0.76516,0.76531,4.53,4.88
2011.08.10 16:49:08.704,0.76517,0.76529,2.25,1.50
2011.08.10 16:49:11.384,0.76516,0.76529,1.35,1.13
2011.08.10 16:49:18.265,0.76517,0.76531,3.03,5.25
2011.08.10 16:49:18.888,0.76519,0.76532,1.91,1.50
2011.08.10 16:49:20.585,0.76519,0.76533,3.38,3.23
2011.08.10 16:49:20.814,0.76522,0.76533,1.13,1.50
2011.08.10 16:49:21.049,0.76524,0.76537,3.38,3.23
2011.08.10 16:49:21.164,0.76523,0.76537,6.71,2.48
2011.08.10 16:49:24.694,0.76523,0.76537,2.21,1.88
2011.08.10 16:49:24.929,0.76521,0.76534,3.00,1.13
2011.08.10 16:49:25.045,0.7652,0.76532,1.73,1.13
2011.08.10 16:49:26.985,0.7652,0.76532,1.50,1.13
2011.08.10 16:49:27.544,0.7652,0.76533,2.25,2.25
2011.08.10 16:49:28.435,0.7652,0.76533,1.50,2.25
2011.08.10 16:49:49.795,0.76517,0.76532,3.00,4.88
2011.08.10 16:49:50.740,0.76517,0.76531,1.13,1.13
2011.08.10 16:49:50.853,0.76516,0.7653,3.38,1.50
2011.08.10 16:49:51.406,0.76516,0.76531,4.13,1.88
2011.08.10 16:49:51.963,0.76516,0.76531,4.16,1.88
2011.08.10 16:49:53.037,0.76517,0.7653,1.13,1.50
2011.08.10 16:49:53.163,0.76519,0.76532,1.53,1.50
2011.08.10 16:49:54.376,0.76517,0.76529,3.00,1.50
2011.08.10 16:49:55.043,0.76516,0.76529,2.10,1.13
2011.08.10 16:50:00.776,0.76519,0.76531,1.87,1.88
2011.08.10 16:50:00.894,0.76519,0.76531,1.90,1.13
2011.08.10 16:50:11.554,0.76519,0.76532,2.63,2.25
2011.08.10 16:50:12.333,0.76519,0.76531,3.40,1.13
2011.08.10 16:50:29.086,0.76516,0.7653,3.63,4.50
2011.08.10 16:50:29.205,0.76516,0.76529,3.00,2.25
2011.08.10 16:50:29.325,0.76514,0.76528,4.38,1.13
2011.08.10 16:50:31.364,0.76514,0.76527,3.26,1.50
2011.08.10 16:50:31.707,0.76513,0.76524,1.13,1.50
2011.08.10 16:50:31.826,0.76509,0.76522,1.88,1.50
2011.08.10 16:50:32.383,0.76508,0.76522,3.41,1.50
2011.08.10 16:50:33.595,0.76508,0.76521,3.38,1.50
2011.08.10 16:50:34.153,0.76508,0.76521,1.16,3.00
2011.08.10 16:50:35.813,0.76504,0.76516,2.25,5.10
2011.08.10 16:50:36.374,0.76503,0.76516,1.73,2.25
2011.08.10 16:50:39.073,0.76504,0.76517,3.00,1.50
2011.08.10 16:50:41.524,0.76503,0.76517,2.48,3.00
2011.08.10 16:50:42.103,0.76504,0.76517,1.50,3.00
2011.08.10 16:50:43.467,0.76504,0.76516,1.50,1.13
2011.08.10 16:50:44.135,0.76502,0.76514,1.53,2.25
2011.08.10 16:50:44.584,0.76503,0.76515,1.13,1.50
2011.08.10 16:50:50.944,0.76501,0.7651,1.16,1.50
2011.08.10 16:50:51.067,0.765,0.76505,3.00,1.50
2011.08.10 16:50:51.189,0.76498,0.76505,2.25,1.50
2011.08.10 16:50:51.306,0.765,0.76506,2.25,2.25
2011.08.10 16:50:51.427,0.76495,0.76502,2.25,1.13
2011.08.10 16:50:51.547,0.7649,0.765,1.13,2.25
2011.08.10 16:50:52.935,0.7649,0.76502,1.13,1.88
2011.08.10 16:50:53.495,0.7649,0.76502,1.13,1.88
2011.08.10 16:50:53.834,0.7649,0.76502,1.13,1.88
2011.08.10 16:50:54.296,0.7649,0.76501,1.13,1.50
2011.08.10 16:50:54.635,0.7649,0.76501,1.13,1.50
2011.08.10 16:50:57.676,0.76488,0.765,1.13,1.13
2011.08.10 16:50:59.464,0.76488,0.765,1.13,1.13
2011.08.10 16:51:00.236,0.7649,0.76501,1.88,1.50
2011.08.10 16:51:00.684,0.76492,0.76504,1.01,1.13
2011.08.10 16:51:00.805,0.76494,0.76506,1.16,3.00
2011.08.10 16:51:01.144,0.76494,0.76506,4.07,3.00
2011.08.10 16:51:04.308,0.76495,0.76506,1.16,1.50
2011.08.10 16:51:04.755,0.76495,0.76508,1.13,1.50
2011.08.10 16:51:05.315,0.76498,0.7651,1.13,1.88
2011.08.10 16:51:05.548,0.76496,0.76504,1.13,3.23
2011.08.10 16:51:05.777,0.7649,0.76502,1.13,2.63
2011.08.10 16:51:06.335,0.76487,0.76499,1.13,1.13
2011.08.10 16:51:07.186,0.76487,0.76499,1.13,1.13
2011.08.10 16:51:10.464,0.76486,0.76499,3.60,1.13
2011.08.10 16:51:10.693,0.76487,0.76499,1.13,1.13
2011.08.10 16:51:12.475,0.76489,0.76501,4.76,1.13
2011.08.10 16:51:12.816,0.76492,0.76504,1.16,1.50
2011.08.10 16:51:13.376,0.76493,0.76504,2.10,1.50
2011.08.10 16:51:13.494,0.76494,0.76506,1.13,2.63
2011.08.10 16:51:13.615,0.76494,0.76507,1.13,1.50
2011.08.10 16:51:14.167,0.76494,0.76506,1.13,1.50
2011.08.10 16:51:16.494,0.76494,0.76506,1.13,1.50
2011.08.10 16:51:16.615,0.76496,0.76507,1.50,1.50
2011.08.10 16:51:16.956,0.76497,0.76509,1.53,2.25
2011.08.10 16:51:17.078,0.76498,0.76512,3.00,4.35
2011.08.10 16:51:17.634,0.76499,0.76511,1.13,1.13
2011.08.10 16:51:20.426,0.76497,0.7651,1.50,1.13
2011.08.10 16:51:20.653,0.76497,0.7651,1.50,1.13
2011.08.10 16:51:21.203,0.76497,0.7651,1.50,1.13
2011.08.10 16:51:23.508,0.76495,0.76509,1.53,2.25
2011.08.10 16:51:24.336,0.76495,0.76509,1.50,2.63
2011.08.10 16:51:26.106,0.76495,0.76508,1.38,1.13
2011.08.10 16:51:26.334,0.76495,0.76508,2.10,1.13
2011.08.10 16:51:26.672,0.76495,0.76508,2.13,1.13
2011.08.10 16:51:29.557,0.76496,0.7651,3.75,3.00
2011.08.10 16:51:30.115,0.76497,0.7651,1.13,3.00
2011.08.10 16:51:33.554,0.76497,0.76509,1.13,1.13
2011.08.10 16:51:36.145,0.76496,0.76509,1.50,3.38
2011.08.10 16:51:36.375,0.76495,0.76508,1.50,1.13
2011.08.10 16:51:36.825,0.76493,0.76506,3.38,1.88
2011.08.10 16:51:39.844,0.76493,0.76506,2.63,1.88
2011.08.10 16:51:44.087,0.76493,0.76506,2.63,1.88
2011.08.10 16:51:44.644,0.76493,0.76506,3.23,1.88
2011.08.10 16:51:47.547,0.76493,0.76506,4.35,1.13
2011.08.10 16:51:47.884,0.76495,0.76507,1.13,1.88
2011.08.10 16:51:49.305,0.76495,0.76507,1.16,1.88
2011.08.10 16:51:50.386,0.76495,0.76507,1.13,1.88
2011.08.10 16:51:50.513,0.76498,0.76507,2.25,1.50
2011.08.10 16:51:50.626,0.76498,0.76511,3.00,2.25
2011.08.10 16:51:51.933,0.76499,0.76511,1.13,2.25
2011.08.10 16:51:55.415,0.76501,0.76516,1.38,3.75
2011.08.10 16:51:55.964,0.76501,0.76515,1.35,1.50
2011.08.10 16:51:56.305,0.76504,0.76518,1.88,1.13
2011.08.10 16:51:56.432,0.76504,0.76515,1.13,1.50
2011.08.10 16:51:56.986,0.76502,0.76515,3.98,1.88
2011.08.10 16:51:57.553,0.76502,0.76514,1.73,1.13
2011.08.10 16:52:00.074,0.765,0.76514,4.35,3.38
2011.08.10 16:52:00.525,0.76499,0.76511,1.50,3.00
2011.08.10 16:52:00.649,0.76498,0.76511,4.50,3.38
2011.08.10 16:52:00.766,0.76498,0.7651,3.38,2.25
2011.08.10 16:52:11.240,0.76496,0.76505,3.00,1.35
2011.08.10 16:52:11.360,0.76491,0.76503,1.80,1.88
2011.08.10 16:52:11.479,0.76491,0.76503,1.13,1.88
2011.08.10 16:52:12.602,0.76488,0.76502,3.62,1.13
2011.08.10 16:52:15.659,0.76489,0.76502,2.13,1.88
2011.08.10 16:52:15.784,0.76491,0.76502,1.13,1.50
2011.08.10 16:52:18.065,0.7649,0.76502,3.00,1.50
2011.08.10 16:52:18.623,0.7649,0.76502,3.00,1.50
2011.08.10 16:52:19.704,0.76491,0.76502,1.13,1.50
2011.08.10 16:52:20.270,0.76491,0.76502,1.13,1.50
2011.08.10 16:52:21.706,0.76491,0.76502,1.13,1.50
2011.08.10 16:52:22.401,0.7649,0.76502,3.00,1.50
2011.08.10 16:52:31.275,0.76489,0.76501,4.50,2.25
2011.08.10 16:52:31.506,0.76488,0.76501,1.13,2.25
2011.08.10 16:52:36.535,0.76488,0.76501,1.50,5.25
2011.08.10 16:52:36.767,0.76489,0.76501,1.53,3.00
2011.08.10 16:52:36.886,0.7649,0.76501,3.00,1.50
2011.08.10 16:52:37.445,0.7649,0.76501,3.00,2.25
2011.08.10 16:52:38.006,0.76489,0.765,1.13,1.50
2011.08.10 16:52:40.936,0.76489,0.76501,1.87,2.63
2011.08.10 16:52:43.635,0.7649,0.76503,1.88,1.88
2011.08.10 16:52:43.756,0.76495,0.76503,1.50,1.88
2011.08.10 16:52:43.879,0.76496,0.76507,1.50,3.00
2011.08.10 16:52:44.108,0.76498,0.76511,1.50,2.63
2011.08.10 16:52:44.665,0.76498,0.76511,1.50,2.63
2011.08.10 16:52:45.459,0.76497,0.76511,2.25,2.63
2011.08.10 16:52:50.055,0.76499,0.76511,1.88,1.50
2011.08.10 16:52:54.368,0.765,0.76512,1.91,2.25
2011.08.10 16:52:54.488,0.76504,0.76514,1.50,1.13
2011.08.10 16:52:54.827,0.76504,0.76515,1.50,1.13
2011.08.10 16:53:04.065,0.76503,0.76516,1.88,5.10
2011.08.10 16:53:04.194,0.76498,0.76511,1.13,2.25
2011.08.10 16:53:06.754,0.76498,0.7651,1.13,1.13
2011.08.10 16:53:11.887,0.765,0.76512,2.10,2.63
2011.08.10 16:53:12.226,0.76503,0.76515,1.13,1.50
2011.08.10 16:53:12.790,0.76504,0.76517,1.50,3.75
2011.08.10 16:53:13.663,0.76504,0.76517,1.50,3.75
2011.08.10 16:53:15.345,0.76504,0.76517,1.50,1.13
2011.08.10 16:53:30.696,0.76505,0.76518,1.50,5.25
2011.08.10 16:53:32.856,0.76506,0.76518,1.50,1.88
2011.08.10 16:53:33.088,0.76507,0.76519,1.50,1.13
2011.08.10 16:53:35.810,0.76507,0.7652,2.28,2.63
2011.08.10 16:53:36.384,0.7651,0.76521,1.50,2.25
2011.08.10 16:53:37.745,0.76508,0.76521,1.88,3.00
2011.08.10 16:53:37.981,0.76508,0.7652,1.13,1.13
2011.08.10 16:53:41.775,0.76507,0.76519,1.50,2.25
2011.08.10 16:53:42.004,0.76504,0.76517,1.13,2.25
2011.08.10 16:53:44.903,0.76505,0.76518,3.75,1.13
2011.08.10 16:53:45.809,0.76507,0.76521,1.13,4.50
2011.08.10 16:53:57.317,0.7651,0.76521,1.13,1.88
2011.08.10 16:53:57.908,0.7651,0.76522,1.88,1.13
2011.08.10 16:54:01.891,0.76512,0.76524,2.48,2.25
2011.08.10 16:54:04.171,0.76512,0.76524,1.88,2.25
2011.08.10 16:54:08.325,0.76511,0.76525,3.00,3.00
2011.08.10 16:54:16.725,0.76513,0.76526,1.13,1.13
2011.08.10 16:54:18.274,0.76513,0.76527,1.88,3.00
2011.08.10 16:54:22.826,0.76516,0.76528,1.88,2.25
2011.08.10 16:54:23.276,0.76513,0.76527,2.25,1.13
2011.08.10 16:54:23.394,0.76513,0.76527,1.13,1.88
2011.08.10 16:54:23.953,0.76513,0.76528,1.88,5.48
2011.08.10 16:54:24.541,0.76513,0.76528,1.88,5.48
2011.08.10 16:54:26.305,0.76513,0.76528,1.88,5.48
2011.08.10 16:54:28.492,0.76513,0.76525,1.50,2.25
2011.08.10 16:54:30.046,0.76511,0.76524,3.00,1.13
2011.08.10 16:54:30.386,0.76513,0.76527,1.13,2.25
2011.08.10 16:54:30.511,0.76514,0.76527,1.50,1.50
2011.08.10 16:54:31.067,0.76514,0.76527,1.50,1.50
2011.08.10 16:54:31.185,0.76514,0.76525,1.50,2.25
2011.08.10 16:54:32.097,0.76514,0.76525,1.50,2.25
2011.08.10 16:54:32.227,0.76515,0.76528,1.50,6.75
2011.08.10 16:54:32.785,0.76515,0.76528,1.50,2.63
2011.08.10 16:54:34.226,0.76515,0.76529,2.63,4.50
2011.08.10 16:54:35.033,0.76515,0.76529,2.63,2.25
2011.08.10 16:54:44.433,0.76516,0.76529,1.50,2.25
2011.08.10 16:54:46.475,0.76519,0.76529,1.50,1.88
2011.08.10 16:54:46.835,0.76522,0.76534,1.50,2.25
2011.08.10 16:54:52.016,0.76522,0.76534,1.50,2.25
2011.08.10 16:54:56.335,0.7652,0.76533,4.73,1.13
2011.08.10 16:54:57.335,0.76521,0.76534,1.88,2.25
2011.08.10 16:55:06.313,0.76521,0.76534,2.63,2.25
2011.08.10 16:55:06.663,0.76521,0.76534,2.63,2.25
2011.08.10 16:55:06.776,0.76524,0.76536,5.70,3.00
2011.08.10 16:55:06.897,0.76526,0.76539,2.25,1.88
2011.08.10 16:55:07.015,0.76526,0.76539,3.00,1.13
2011.08.10 16:55:13.404,0.76526,0.76539,3.00,1.88
2011.08.10 16:55:14.450,0.76527,0.76539,1.73,1.13
2011.08.10 16:55:15.226,0.7653,0.76541,1.35,1.50
2011.08.10 16:55:15.456,0.7653,0.76544,3.98,2.25
2011.08.10 16:55:15.575,0.76531,0.76544,1.88,1.50
2011.08.10 16:55:19.727,0.7653,0.76544,2.85,2.25
2011.08.10 16:55:19.958,0.76529,0.76542,1.13,2.25
2011.08.10 16:55:20.514,0.76527,0.7654,2.25,1.13
2011.08.10 16:55:21.074,0.76527,0.7654,2.25,3.38
2011.08.10 16:55:23.618,0.76527,0.7654,2.25,1.13
2011.08.10 16:55:24.174,0.76527,0.7654,2.25,2.63
2011.08.10 16:55:26.008,0.76527,0.7654,2.25,1.13
2011.08.10 16:55:26.733,0.76527,0.7654,2.25,1.13
2011.08.10 16:55:27.284,0.76528,0.7654,1.13,1.13
2011.08.10 16:55:29.608,0.76527,0.76538,2.25,1.88
2011.08.10 16:55:29.726,0.76524,0.76536,1.53,1.13
2011.08.10 16:55:30.328,0.76523,0.76535,2.63,1.50
2011.08.10 16:55:32.095,0.7652,0.76533,4.13,1.50
2011.08.10 16:55:33.205,0.76521,0.76535,1.13,4.50
2011.08.10 16:55:33.325,0.76521,0.76534,1.13,1.13
2011.08.10 16:55:37.965,0.76521,0.76534,1.13,1.13
2011.08.10 16:55:38.572,0.76521,0.76534,1.13,1.13
2011.08.10 16:55:42.364,0.76521,0.76533,1.13,1.50
2011.08.10 16:55:42.596,0.76519,0.76533,3.75,1.13
2011.08.10 16:55:43.176,0.76519,0.76533,1.53,1.88
2011.08.10 16:55:44.576,0.76517,0.76529,1.35,1.50
2011.08.10 16:55:45.134,0.76516,0.76529,4.50,1.50
2011.08.10 16:55:45.485,0.76516,0.76529,3.75,1.50
2011.08.10 16:55:45.936,0.76516,0.76529,3.38,1.50
2011.08.10 16:55:55.524,0.76516,0.76529,1.16,5.63
2011.08.10 16:55:58.293,0.76516,0.76528,1.13,1.13
2011.08.10 16:56:15.415,0.76515,0.76528,3.00,1.13
2011.08.10 16:56:18.507,0.76515,0.76528,3.00,1.88
2011.08.10 16:56:22.673,0.76515,0.76528,2.25,1.13
2011.08.10 16:56:36.550,0.76515,0.76528,3.08,1.13
2011.08.10 16:56:42.583,0.76516,0.76528,1.28,1.13
2011.08.10 16:56:49.800,0.76519,0.7653,3.38,1.35
2011.08.10 16:56:49.919,0.7652,0.76532,1.88,3.00
2011.08.10 16:56:50.037,0.76521,0.76534,1.50,2.25
2011.08.10 16:56:51.044,0.76521,0.76534,1.50,2.25
2011.08.10 16:56:52.049,0.76521,0.76534,3.48,1.88
2011.08.10 16:56:52.604,0.76523,0.76534,1.22,1.88
2011.08.10 16:56:53.454,0.76523,0.76536,1.20,4.35
2011.08.10 16:56:54.016,0.76522,0.76536,1.13,2.48
2011.08.10 16:56:58.887,0.76521,0.76536,3.00,2.48
2011.08.10 16:56:59.444,0.76521,0.76535,2.25,2.25
2011.08.10 16:57:01.217,0.76522,0.76536,1.88,1.88
2011.08.10 16:57:01.894,0.76522,0.76536,1.35,4.88
2011.08.10 16:57:03.228,0.76524,0.76536,4.38,1.50
2011.08.10 16:57:03.456,0.76525,0.76537,1.73,1.88
2011.08.10 16:57:04.014,0.76525,0.76538,2.48,1.50
2011.08.10 16:57:04.576,0.76525,0.76538,1.13,3.60
2011.08.10 16:57:04.697,0.76524,0.76537,2.36,3.38
2011.08.10 16:57:04.814,0.76524,0.76535,1.98,2.25
2011.08.10 16:57:06.389,0.76525,0.76537,4.13,1.50
2011.08.10 16:57:07.056,0.76525,0.76538,4.13,3.38
2011.08.10 16:57:07.614,0.76525,0.76537,4.13,1.50
2011.08.10 16:57:08.273,0.76525,0.76538,4.13,1.50
2011.08.10 16:57:08.925,0.76525,0.76537,4.13,1.50
2011.08.10 16:57:10.377,0.76525,0.76538,2.48,1.50
2011.08.10 16:57:10.514,0.76524,0.76537,4.13,3.00
2011.08.10 16:57:11.074,0.76524,0.76537,1.50,1.88
2011.08.10 16:57:14.824,0.76524,0.76538,1.50,4.13
2011.08.10 16:57:16.138,0.76524,0.76538,1.50,4.88
2011.08.10 16:57:18.115,0.76524,0.76538,1.50,3.38
2011.08.10 16:57:18.459,0.76523,0.76537,2.25,1.88
2011.08.10 16:57:19.345,0.76523,0.76537,1.50,1.88
2011.08.10 16:57:19.793,0.76523,0.76537,1.50,1.88
2011.08.10 16:57:21.805,0.76523,0.76537,1.50,2.63
2011.08.10 16:57:22.145,0.76521,0.76535,2.28,1.88
2011.08.10 16:57:23.159,0.76525,0.76537,1.35,1.50
2011.08.10 16:57:25.566,0.76523,0.76535,1.26,1.50
2011.08.10 16:57:27.270,0.76522,0.76535,1.88,2.63
2011.08.10 16:57:27.834,0.76522,0.76535,1.88,2.63
2011.08.10 16:57:35.217,0.76522,0.76534,3.45,1.13
2011.08.10 16:57:35.776,0.76523,0.76534,1.46,1.13
2011.08.10 16:57:36.338,0.76522,0.76534,3.45,1.13
2011.08.10 16:57:40.413,0.7652,0.76533,1.88,3.00
2011.08.10 16:57:42.286,0.7652,0.76532,1.13,1.13
2011.08.10 16:57:42.843,0.76518,0.76531,2.25,3.75
2011.08.10 16:57:43.507,0.76518,0.7653,2.25,1.13
2011.08.10 16:57:44.067,0.76517,0.76531,1.13,1.88
2011.08.10 16:57:44.697,0.76517,0.76531,1.88,1.88
2011.08.10 16:57:44.924,0.76519,0.76532,2.25,4.13
2011.08.10 16:57:47.528,0.76517,0.76531,2.25,3.00
2011.08.10 16:57:47.976,0.76519,0.76532,1.16,2.63
2011.08.10 16:57:48.209,0.76521,0.76532,1.13,2.63
2011.08.10 16:57:48.548,0.7652,0.76534,2.88,1.50
2011.08.10 16:57:49.108,0.7652,0.76534,2.85,1.50
2011.08.10 16:57:51.175,0.76519,0.76533,1.91,1.13
2011.08.10 16:57:55.575,0.76519,0.76533,2.25,1.13
2011.08.10 16:57:57.056,0.7652,0.76532,1.35,2.63
2011.08.10 16:58:00.683,0.7652,0.76531,1.38,1.13
2011.08.10 16:58:01.235,0.7652,0.76531,1.38,1.13
2011.08.10 16:58:05.817,0.76524,0.76532,1.13,2.25
2011.08.10 16:58:05.938,0.76525,0.76537,1.88,1.50
2011.08.10 16:58:06.486,0.76525,0.76538,1.88,2.63
2011.08.10 16:58:06.612,0.76528,0.76542,1.13,3.75
2011.08.10 16:58:09.529,0.76528,0.76542,1.13,4.13
2011.08.10 16:58:10.086,0.76526,0.7654,3.63,1.13
2011.08.10 16:58:11.127,0.76526,0.7654,2.18,1.13
2011.08.10 16:58:11.249,0.76526,0.7654,2.10,1.88
2011.08.10 16:58:11.367,0.76526,0.7654,1.35,1.88
2011.08.10 16:58:14.026,0.76524,0.76538,4.97,1.13
2011.08.10 16:58:14.584,0.76524,0.76538,1.58,1.13
2011.08.10 16:58:14.916,0.76522,0.76535,1.50,1.50
2011.08.10 16:58:16.685,0.7652,0.76534,1.13,1.88
2011.08.10 16:58:17.252,0.76522,0.76534,1.13,1.88
2011.08.10 16:58:17.372,0.76524,0.76537,3.30,3.00
2011.08.10 16:58:17.597,0.76524,0.76537,3.60,3.00
2011.08.10 16:58:17.825,0.76524,0.76537,3.60,2.25
2011.08.10 16:58:18.384,0.76524,0.76537,3.60,3.00
2011.08.10 16:58:18.837,0.76524,0.76537,3.00,4.50
2011.08.10 16:58:19.067,0.76524,0.76537,3.00,2.25
2011.08.10 16:58:19.747,0.76524,0.76537,3.00,2.27
2011.08.10 16:58:20.197,0.76524,0.76536,3.00,1.13
2011.08.10 16:58:20.426,0.76524,0.76537,3.00,3.00
2011.08.10 16:58:20.987,0.76524,0.76537,3.00,3.61
2011.08.10 16:58:21.216,0.76524,0.76537,3.68,3.76
2011.08.10 16:58:21.668,0.76526,0.7654,2.48,1.88
2011.08.10 16:58:21.899,0.76529,0.76541,3.78,1.13
2011.08.10 16:58:22.345,0.7653,0.76543,3.03,1.88
2011.08.10 16:58:22.573,0.7653,0.76543,3.00,1.88
2011.08.10 16:58:27.455,0.76531,0.76543,1.13,1.13
2011.08.10 16:58:28.566,0.76532,0.76545,2.25,1.13
2011.08.10 16:58:28.689,0.76532,0.76545,2.25,1.88
2011.08.10 16:58:40.476,0.76531,0.76544,1.13,2.25
2011.08.10 16:58:41.353,0.76531,0.76543,1.50,1.13
2011.08.10 16:58:41.686,0.7653,0.76544,3.63,3.38
2011.08.10 16:58:41.808,0.7653,0.76543,1.50,1.13
2011.08.10 16:58:42.145,0.7653,0.76543,1.50,1.13
2011.08.10 16:58:43.146,0.7653,0.76543,1.50,1.13
2011.08.10 16:58:44.729,0.76529,0.76543,1.13,1.13
2011.08.10 16:58:44.846,0.76529,0.76543,1.13,2.48
2011.08.10 16:58:45.404,0.76528,0.76543,4.13,2.63
2011.08.10 16:58:52.332,0.76529,0.76543,1.88,2.63
2011.08.10 16:58:53.107,0.7653,0.76543,1.53,1.88
2011.08.10 16:58:53.448,0.76531,0.76544,2.25,1.13
2011.08.10 16:58:53.786,0.76531,0.76544,3.03,1.13
2011.08.10 16:58:56.895,0.76532,0.76546,2.25,3.38
2011.08.10 16:58:57.014,0.76532,0.76546,2.28,3.38
2011.08.10 16:58:58.407,0.76532,0.76545,2.25,1.50
2011.08.10 16:58:59.845,0.76532,0.76545,2.28,1.50
2011.08.10 16:59:00.404,0.76532,0.76545,2.25,1.50
2011.08.10 16:59:00.966,0.76532,0.76545,2.25,1.50
2011.08.10 16:59:01.577,0.7653,0.76545,3.41,1.88
2011.08.10 16:59:02.156,0.7653,0.76545,3.41,1.88
2011.08.10 16:59:03.738,0.7653,0.76545,3.41,3.75
2011.08.10 16:59:04.296,0.7653,0.76545,4.16,3.75
2011.08.10 16:59:06.634,0.7653,0.76545,4.13,3.75
2011.08.10 16:59:08.356,0.7653,0.76545,4.91,3.00
2011.08.10 16:59:09.818,0.76531,0.76545,1.13,3.00
2011.08.10 16:59:10.704,0.76531,0.76545,1.91,2.25
2011.08.10 16:59:11.265,0.76531,0.76545,1.91,2.25
2011.08.10 16:59:11.825,0.76531,0.76545,1.91,2.25
2011.08.10 16:59:12.431,0.76531,0.76545,1.91,2.25
2011.08.10 16:59:12.983,0.76531,0.76545,1.91,3.00
2011.08.10 16:59:13.536,0.76531,0.76545,2.66,3.00
2011.08.10 16:59:13.656,0.76531,0.76544,1.91,1.35
2011.08.10 16:59:16.795,0.76533,0.76545,2.25,4.73
2011.08.10 16:59:17.356,0.76533,0.76545,3.00,1.35
2011.08.10 16:59:18.607,0.76533,0.76544,3.03,2.10
2011.08.10 16:59:18.727,0.76531,0.76544,1.13,3.60
2011.08.10 16:59:19.340,0.76531,0.76543,1.13,1.35
2011.08.10 16:59:19.463,0.76533,0.76543,2.25,1.35
2011.08.10 16:59:25.544,0.76531,0.76543,1.13,1.35
2011.08.10 16:59:27.159,0.7653,0.76544,3.78,3.98
2011.08.10 16:59:27.498,0.76532,0.76544,3.00,3.98
2011.08.10 16:59:30.805,0.76532,0.76544,4.16,1.88
2011.08.10 16:59:31.329,0.76534,0.76544,3.00,1.88
2011.08.10 16:59:31.677,0.76536,0.76548,2.25,4.73
2011.08.10 16:59:40.007,0.76535,0.76547,1.16,3.98
2011.08.10 16:59:40.565,0.76535,0.76547,1.13,4.73
2011.08.10 16:59:41.843,0.76534,0.76547,2.25,5.48
2011.08.10 16:59:42.069,0.76532,0.76547,3.41,5.85
2011.08.10 16:59:42.629,0.76532,0.76545,2.25,1.50
2011.08.10 16:59:42.750,0.76531,0.76545,1.16,2.63
2011.08.10 16:59:45.285,0.76532,0.76545,1.53,1.88
2011.08.10 16:59:45.624,0.76534,0.76547,1.13,9.23
2011.08.10 16:59:50.079,0.76532,0.76542,1.50,2.25
2011.08.10 16:59:50.528,0.76531,0.76545,3.08,3.60
2011.08.10 16:59:51.681,0.76532,0.76545,2.63,1.35
2011.08.10 16:59:52.345,0.76532,0.76544,2.70,2.10
2011.08.10 16:59:52.905,0.76532,0.76544,2.70,2.10
2011.08.10 16:59:56.218,0.76542,0.76547,1.13,4.88
2011.08.10 16:59:56.346,0.76544,0.7655,1.50,5.25
2011.08.10 16:59:56.472,0.76543,0.76557,3.38,3.23
2011.08.10 16:59:56.698,0.76546,0.76558,1.13,1.13
2011.08.10 16:59:57.039,0.76547,0.76559,1.53,2.85
2011.08.10 16:59:57.595,0.76549,0.76561,3.00,3.23
