2007.07.06 08:00:00.390,1.23195,1.2323,61.80,94.70
2007.07.06 08:00:01.447,1.23195,1.2323,57.80,97.10
2007.07.06 08:00:01.752,1.23195,1.2323,61.80,94.70
2007.07.06 08:00:02.683,1.232,1.2322,0.60,0.70
2007.07.06 08:00:09.151,1.232,1.2322,16.00,78.70
2007.07.06 08:00:09.164,1.232,1.2321,1.20,4.00
2007.07.06 08:00:09.266,1.23195,1.2321,41.90,27.90
2007.07.06 08:00:09.296,1.23195,1.2321,41.90,27.90
2007.07.06 08:00:09.368,1.232,1.2321,13.80,31.10
2007.07.06 08:00:09.674,1.232,1.2321,0.70,31.10
2007.07.06 08:00:10.200,1.23195,1.2321,34.70,35.10
2007.07.06 08:00:10.423,1.23195,1.2321,30.70,35.10
2007.07.06 08:00:11.218,1.23195,1.2321,34.70,35.10
2007.07.06 08:00:13.206,1.23195,1.2321,30.70,35.10
2007.07.06 08:00:14.024,1.232,1.2321,2.70,31.10
2007.07.06 08:00:14.580,1.23195,1.2321,22.70,35.10
2007.07.06 08:00:14.910,1.232,1.2321,2.50,31.10
2007.07.06 08:00:38.825,1.232,1.2321,21.90,23.10
2007.07.06 08:00:38.935,1.232,1.2321,21.90,31.10
2007.07.06 08:00:40.986,1.232,1.2321,21.90,23.10
2007.07.06 08:00:41.153,1.232,1.2321,25.90,23.10
2007.07.06 08:00:41.856,1.232,1.2321,25.90,31.10
2007.07.06 08:00:42.186,1.232,1.2321,21.90,31.10
2007.07.06 08:00:43.914,1.232,1.2321,21.90,23.10
2007.07.06 08:00:44.020,1.232,1.2321,21.90,31.10
2007.07.06 08:00:44.775,1.232,1.2321,25.90,31.10
2007.07.06 08:00:47.967,1.232,1.2321,25.90,23.10
2007.07.06 08:00:48.490,1.232,1.2321,25.90,31.10
2007.07.06 08:00:48.667,1.232,1.2321,21.90,31.10
2007.07.06 08:00:55.166,1.232,1.2321,25.90,31.10
2007.07.06 08:00:56.142,1.232,1.2321,29.90,31.10
2007.07.06 08:00:57.257,1.232,1.2321,25.90,31.10
2007.07.06 08:00:57.494,1.23195,1.232,8.80,3.30
2007.07.06 08:00:57.767,1.23195,1.232,8.80,3.30
2007.07.06 08:00:57.781,1.232,1.2321,29.90,31.10
2007.07.06 08:01:02.842,1.232,1.2321,29.90,23.10
2007.07.06 08:01:03.349,1.232,1.2321,25.90,23.10
2007.07.06 08:01:03.379,1.232,1.2321,25.90,31.10
2007.07.06 08:01:03.772,1.232,1.2321,41.80,15.20
2007.07.06 08:01:03.869,1.232,1.2321,45.80,15.20
2007.07.06 08:01:03.993,1.232,1.2321,45.80,7.20
2007.07.06 08:01:04.186,1.232,1.2321,45.80,8.00
2007.07.06 08:01:07.818,1.232,1.2321,45.80,7.70
2007.07.06 08:01:11.800,1.232,1.2321,49.80,7.70
2007.07.06 08:01:15.595,1.232,1.2321,57.80,7.70
2007.07.06 08:01:15.723,1.232,1.2321,65.00,0.50
2007.07.06 08:01:15.783,1.232,1.2322,77.00,50.80
2007.07.06 08:01:16.081,1.232,1.2322,77.00,50.00
2007.07.06 08:01:16.449,1.232,1.2322,81.00,46.00
2007.07.06 08:01:18.109,1.232,1.2322,81.00,47.60
2007.07.06 08:01:18.226,1.232,1.2322,69.00,48.20
2007.07.06 08:01:18.393,1.232,1.2321,65.80,3.20
2007.07.06 08:01:18.423,1.232,1.2321,57.80,11.20
2007.07.06 08:01:18.626,1.232,1.2321,58.60,11.20
2007.07.06 08:01:18.657,1.232,1.2321,66.60,11.20
2007.07.06 08:01:18.712,1.2321,1.2322,8.00,28.60
2007.07.06 08:01:18.742,1.2321,1.2322,27.90,16.00
2007.07.06 08:01:18.799,1.2321,1.2322,27.90,17.60
2007.07.06 08:01:18.955,1.2321,1.2322,27.90,29.60
2007.07.06 08:01:19.135,1.2321,1.2322,27.90,28.80
2007.07.06 08:01:19.215,1.2321,1.2322,23.90,28.80
2007.07.06 08:01:19.257,1.2321,1.2322,4.00,48.70
2007.07.06 08:01:19.315,1.232,1.2322,81.00,50.30
2007.07.06 08:01:19.364,1.232,1.2322,77.00,54.30
2007.07.06 08:01:19.464,1.232,1.2322,77.00,61.90
2007.07.06 08:01:19.811,1.232,1.2322,81.00,57.90
2007.07.06 08:01:28.228,1.2321,1.2322,4.00,57.90
2007.07.06 08:01:28.637,1.2321,1.2322,4.00,50.30
2007.07.06 08:01:28.723,1.2321,1.2322,8.00,50.30
2007.07.06 08:01:28.835,1.2321,1.2322,11.20,45.50
2007.07.06 08:01:28.843,1.2321,1.2322,35.10,25.60
2007.07.06 08:01:28.946,1.2321,1.2322,27.10,21.60
2007.07.06 08:01:29.238,1.2321,1.2322,31.10,21.60
2007.07.06 08:01:32.940,1.23205,1.2322,39.10,21.60
2007.07.06 08:01:41.784,1.2321,1.2322,6.90,25.60
2007.07.06 08:01:41.982,1.2321,1.2322,6.00,29.60
2007.07.06 08:01:42.254,1.2321,1.2322,4.50,31.20
2007.07.06 08:01:42.267,1.232,1.2322,77.70,35.20
2007.07.06 08:01:42.351,1.232,1.2322,77.70,38.40
2007.07.06 08:01:42.378,1.232,1.2322,85.80,38.40
2007.07.06 08:01:42.431,1.232,1.2322,77.80,46.00
2007.07.06 08:01:42.482,1.2321,1.2322,3.40,46.00
2007.07.06 08:01:42.550,1.2321,1.2322,4.10,50.00
2007.07.06 08:01:42.677,1.232,1.2321,57.80,4.00
2007.07.06 08:01:42.687,1.23195,1.2321,62.60,4.00
2007.07.06 08:01:42.768,1.232,1.2321,2.50,11.20
2007.07.06 08:01:42.884,1.232,1.2321,11.10,19.20
2007.07.06 08:01:42.915,1.23195,1.2321,59.40,19.20
2007.07.06 08:01:43.174,1.23195,1.2321,55.40,19.20
2007.07.06 08:01:43.201,1.23195,1.2321,54.60,19.20
2007.07.06 08:01:43.644,1.23195,1.2321,50.60,19.20
2007.07.06 08:01:43.810,1.232,1.2321,5.60,19.20
2007.07.06 08:01:44.195,1.23195,1.2321,46.60,15.20
2007.07.06 08:01:44.217,1.23195,1.2321,50.60,11.20
2007.07.06 08:01:44.295,1.23195,1.2321,53.80,11.20
2007.07.06 08:01:44.347,1.23195,1.2321,57.80,11.20
2007.07.06 08:01:44.402,1.23195,1.2321,57.80,8.00
2007.07.06 08:01:44.491,1.23195,1.2321,57.80,8.00
2007.07.06 08:01:45.487,1.23195,1.2321,61.80,8.00
2007.07.06 08:01:50.842,1.23195,1.2322,61.80,77.10
2007.07.06 08:01:51.053,1.23195,1.2322,61.80,77.80
2007.07.06 08:01:51.157,1.232,1.2322,25.30,79.40
2007.07.06 08:01:51.357,1.23195,1.23215,64.20,7.60
2007.07.06 08:01:51.383,1.23195,1.2321,53.00,15.20
2007.07.06 08:01:52.232,1.23195,1.2321,53.00,19.20
2007.07.06 08:01:52.413,1.232,1.2321,6.00,19.20
2007.07.06 08:02:07.033,1.232,1.2321,29.80,19.20
2007.07.06 08:02:07.862,1.232,1.2321,37.80,19.20
2007.07.06 08:02:08.978,1.232,1.2321,29.80,19.20
2007.07.06 08:02:15.633,1.232,1.2321,28.20,19.20
2007.07.06 08:02:15.741,1.232,1.2321,24.20,24.80
2007.07.06 08:02:15.909,1.232,1.2321,0.40,44.70
2007.07.06 08:02:15.929,1.232,1.2321,0.40,52.70
2007.07.06 08:02:16.323,1.232,1.2321,0.40,48.70
2007.07.06 08:02:17.339,1.232,1.2321,0.40,56.30
2007.07.06 08:02:20.202,1.232,1.2321,0.40,57.90
2007.07.06 08:02:20.293,1.23195,1.232,0.80,5.60
2007.07.06 08:02:20.415,1.23195,1.232,0.80,13.60
2007.07.06 08:02:21.036,1.23195,1.232,0.80,0.90
2007.07.06 08:02:21.324,1.23195,1.232,0.80,0.90
2007.07.06 08:02:22.675,1.23195,1.232,0.80,0.90
2007.07.06 08:02:22.756,1.23195,1.23205,0.80,45.10
2007.07.06 08:02:26.207,1.23195,1.23205,0.80,25.20
2007.07.06 08:02:26.221,1.23195,1.23205,0.80,15.60
2007.07.06 08:02:26.836,1.23195,1.2322,0.80,103.40
2007.07.06 08:02:27.043,1.23195,1.2321,0.80,0.90
2007.07.06 08:02:27.233,1.23195,1.2321,0.80,0.70
2007.07.06 08:02:27.356,1.23195,1.2322,0.80,101.90
2007.07.06 08:02:31.736,1.23195,1.2322,0.80,111.30
2007.07.06 08:02:33.170,1.232,1.2321,1.60,0.60
2007.07.06 08:02:33.238,1.232,1.2322,1.60,96.00
2007.07.06 08:02:33.341,1.232,1.2322,1.60,91.40
2007.07.06 08:02:33.366,1.232,1.2321,1.60,0.80
2007.07.06 08:02:33.423,1.232,1.2321,9.60,0.60
2007.07.06 08:02:34.330,1.232,1.23215,13.60,58.70
2007.07.06 08:02:34.366,1.232,1.23215,5.60,58.70
2007.07.06 08:02:34.883,1.232,1.23215,13.60,58.70
2007.07.06 08:02:36.937,1.232,1.2321,5.60,51.10
2007.07.06 08:02:37.224,1.232,1.2321,1.60,52.70
2007.07.06 08:02:37.320,1.23195,1.2321,0.80,55.60
2007.07.06 08:02:37.407,1.23195,1.2322,0.80,104.80
2007.07.06 08:02:37.742,1.23195,1.2321,0.80,81.10
2007.07.06 08:02:37.832,1.23195,1.232,0.80,0.70
2007.07.06 08:02:37.917,1.23195,1.23205,0.80,48.30
2007.07.06 08:02:38.291,1.2319,1.23205,24.40,48.30
2007.07.06 08:02:38.339,1.2319,1.23205,24.10,48.30
2007.07.06 08:02:38.459,1.2319,1.23205,24.00,48.30
2007.07.06 08:02:38.726,1.2319,1.232,20.00,0.70
2007.07.06 08:02:38.767,1.2319,1.23205,20.00,52.30
2007.07.06 08:02:41.216,1.2319,1.23205,24.00,52.30
2007.07.06 08:02:46.794,1.2319,1.2321,24.20,84.30
2007.07.06 08:02:46.904,1.2319,1.232,28.20,0.70
2007.07.06 08:02:47.420,1.2319,1.2321,28.20,84.30
2007.07.06 08:02:47.749,1.2319,1.2321,30.20,84.30
2007.07.06 08:02:47.825,1.23195,1.2321,0.80,84.30
2007.07.06 08:02:47.943,1.23195,1.2321,0.80,84.30
2007.07.06 08:02:54.219,1.23195,1.232,0.80,0.70
2007.07.06 08:02:54.291,1.23195,1.232,0.80,0.70
2007.07.06 08:02:54.306,1.23195,1.2321,8.80,46.40
2007.07.06 08:02:54.329,1.23195,1.2321,8.80,46.40
2007.07.06 08:02:54.477,1.232,1.2321,8.00,74.30
2007.07.06 08:02:54.524,1.232,1.23215,8.00,80.30
2007.07.06 08:02:54.784,1.232,1.23215,8.00,76.30
2007.07.06 08:02:55.204,1.232,1.2321,8.00,0.70
2007.07.06 08:02:55.441,1.232,1.23215,8.00,76.30
2007.07.06 08:02:55.861,1.232,1.23215,8.00,72.30
2007.07.06 08:02:56.889,1.232,1.2321,7.60,0.80
2007.07.06 08:02:58.632,1.232,1.23215,7.60,73.10
2007.07.06 08:02:58.666,1.232,1.2321,7.60,67.10
2007.07.06 08:02:58.848,1.23195,1.2321,0.80,59.90
2007.07.06 08:02:59.775,1.23195,1.232,0.80,0.80
2007.07.06 08:03:03.733,1.232,1.23205,4.00,29.10
2007.07.06 08:03:03.816,1.232,1.2321,12.00,59.10
2007.07.06 08:03:03.939,1.23195,1.232,0.80,0.80
2007.07.06 08:03:04.030,1.232,1.23215,16.80,64.30
2007.07.06 08:03:04.124,1.232,1.23215,16.80,63.50
2007.07.06 08:03:04.755,1.232,1.23215,16.80,59.50
2007.07.06 08:03:05.443,1.232,1.2321,16.80,0.60
2007.07.06 08:03:05.675,1.232,1.23215,16.80,56.30
2007.07.06 08:03:05.701,1.232,1.2321,16.80,52.70
2007.07.06 08:03:05.787,1.23195,1.232,8.80,0.70
2007.07.06 08:03:05.819,1.232,1.2321,3.20,53.40
2007.07.06 08:03:05.887,1.23195,1.232,0.80,0.80
2007.07.06 08:03:05.990,1.23195,1.23205,0.80,49.10
2007.07.06 08:03:06.121,1.23195,1.232,0.80,0.50
2007.07.06 08:03:07.553,1.23195,1.23205,0.80,49.10
2007.07.06 08:03:09.345,1.23195,1.232,0.80,0.90
2007.07.06 08:03:09.867,1.23195,1.232,0.80,0.60
2007.07.06 08:03:13.501,1.2319,1.232,24.20,0.80
2007.07.06 08:03:13.756,1.23195,1.2321,0.80,80.30
2007.07.06 08:03:13.871,1.23195,1.2321,0.80,80.30
2007.07.06 08:03:14.273,1.2319,1.232,24.20,0.70
2007.07.06 08:03:14.708,1.2319,1.232,20.20,0.70
2007.07.06 08:03:14.918,1.2319,1.23205,20.20,49.10
2007.07.06 08:03:15.224,1.2319,1.23205,20.00,49.10
2007.07.06 08:03:16.223,1.2319,1.23205,24.00,49.10
2007.07.06 08:03:16.470,1.2319,1.23205,24.30,49.10
2007.07.06 08:03:17.285,1.2319,1.23205,24.80,49.10
2007.07.06 08:03:17.376,1.2319,1.23205,26.00,49.10
2007.07.06 08:03:17.458,1.23195,1.23205,0.80,49.10
2007.07.06 08:03:20.799,1.2319,1.23205,26.00,49.10
2007.07.06 08:03:20.843,1.2319,1.23205,24.50,49.10
2007.07.06 08:03:20.941,1.2319,1.23205,24.90,49.10
2007.07.06 08:03:21.071,1.23195,1.23205,0.80,49.10
2007.07.06 08:03:21.303,1.2319,1.23205,24.50,49.10
2007.07.06 08:03:21.689,1.2319,1.23205,20.50,49.10
2007.07.06 08:03:21.831,1.23195,1.23205,0.80,49.10
2007.07.06 08:03:22.895,1.23195,1.232,0.80,0.60
2007.07.06 08:03:34.873,1.2319,1.232,12.50,49.50
2007.07.06 08:03:34.914,1.2319,1.232,12.60,49.50
2007.07.06 08:03:35.143,1.23195,1.232,0.80,49.50
2007.07.06 08:03:35.494,1.2319,1.232,12.60,49.50
2007.07.06 08:03:35.648,1.2319,1.232,12.30,41.50
2007.07.06 08:03:35.733,1.2319,1.232,12.30,29.50
2007.07.06 08:03:35.853,1.2319,1.232,28.20,5.60
2007.07.06 08:03:35.927,1.2319,1.232,31.40,4.00
2007.07.06 08:03:35.965,1.2319,1.232,39.40,8.00
2007.07.06 08:03:36.026,1.2319,1.232,47.40,8.00
2007.07.06 08:03:36.075,1.2319,1.232,47.10,8.00
2007.07.06 08:03:37.185,1.2319,1.232,47.20,8.00
2007.07.06 08:03:37.296,1.2319,1.232,47.40,8.00
2007.07.06 08:03:37.331,1.23195,1.232,0.80,8.00
2007.07.06 08:03:38.887,1.23195,1.2321,0.80,80.30
2007.07.06 08:03:40.932,1.23195,1.23205,0.80,7.60
2007.07.06 08:03:41.771,1.23195,1.2321,0.80,56.40
2007.07.06 08:03:41.854,1.23195,1.2321,0.80,80.30
2007.07.06 08:03:42.396,1.23195,1.2321,0.80,76.30
2007.07.06 08:03:42.576,1.23195,1.232,0.80,8.00
2007.07.06 08:03:42.885,1.23195,1.2321,0.80,76.30
2007.07.06 08:03:44.687,1.23195,1.2321,0.80,56.40
2007.07.06 08:03:44.779,1.23195,1.2321,8.80,48.80
2007.07.06 08:03:44.789,1.23195,1.2321,8.80,60.70
2007.07.06 08:03:44.835,1.23195,1.2321,8.80,59.10
2007.07.06 08:03:44.933,1.232,1.2321,1.60,59.10
2007.07.06 08:03:45.254,1.232,1.2321,1.60,55.10
2007.07.06 08:03:45.306,1.232,1.2321,1.60,51.10
2007.07.06 08:03:45.710,1.232,1.2321,5.60,51.10
2007.07.06 08:03:45.932,1.232,1.2321,13.60,51.10
2007.07.06 08:03:46.185,1.232,1.2321,12.00,51.10
2007.07.06 08:03:46.251,1.232,1.2321,8.00,67.10
2007.07.06 08:03:46.346,1.23195,1.232,8.80,8.00
2007.07.06 08:03:46.408,1.23195,1.232,0.80,8.00
2007.07.06 08:03:46.962,1.23195,1.2321,0.80,72.30
2007.07.06 08:03:49.324,1.23195,1.2321,0.80,75.30
2007.07.06 08:03:49.507,1.2319,1.2321,55.10,76.10
2007.07.06 08:03:49.661,1.2319,1.232,55.10,1.60
2007.07.06 08:03:49.713,1.2319,1.232,51.10,5.60
2007.07.06 08:03:49.726,1.2319,1.232,35.20,45.50
2007.07.06 08:03:49.741,1.2319,1.232,27.20,53.10
2007.07.06 08:03:49.765,1.2319,1.232,24.00,69.90
2007.07.06 08:03:49.837,1.2319,1.232,16.00,73.90
2007.07.06 08:03:49.980,1.2319,1.232,12.00,73.90
2007.07.06 08:03:50.142,1.2319,1.232,12.00,77.90
2007.07.06 08:03:50.268,1.2319,1.232,12.00,34.80
2007.07.06 08:03:50.287,1.2318,1.2319,46.00,11.20
2007.07.06 08:03:50.360,1.2318,1.2319,29.60,39.10
2007.07.06 08:03:50.449,1.2318,1.2319,33.60,39.10
2007.07.06 08:03:50.481,1.2318,1.2319,25.30,39.10
2007.07.06 08:03:50.573,1.2318,1.2319,25.60,39.10
2007.07.06 08:03:50.909,1.2318,1.2319,25.20,39.10
2007.07.06 08:03:50.989,1.2318,1.2319,24.90,39.10
2007.07.06 08:03:51.244,1.2318,1.2319,24.90,43.10
2007.07.06 08:03:51.325,1.2318,1.2319,24.90,51.10
2007.07.06 08:03:51.428,1.2318,1.2319,25.20,51.10
2007.07.06 08:03:51.531,1.2318,1.2319,21.20,51.10
2007.07.06 08:03:51.650,1.2318,1.2319,17.20,51.10
2007.07.06 08:03:51.734,1.2318,1.2319,16.90,51.10
2007.07.06 08:03:52.169,1.2318,1.2319,20.90,51.10
2007.07.06 08:03:52.653,1.2318,1.2319,21.30,51.10
2007.07.06 08:03:53.191,1.2318,1.2319,17.30,51.10
2007.07.06 08:03:53.277,1.2318,1.2319,17.30,55.10
2007.07.06 08:03:53.377,1.2318,1.2319,16.90,55.10
2007.07.06 08:03:53.698,1.2318,1.2319,16.90,51.10
2007.07.06 08:03:53.714,1.2318,1.2319,20.90,51.10
2007.07.06 08:03:58.249,1.2318,1.2319,20.80,51.10
2007.07.06 08:04:00.792,1.2318,1.23195,22.40,58.70
2007.07.06 08:04:00.840,1.2318,1.23205,49.80,85.10
2007.07.06 08:04:00.871,1.2318,1.2319,28.00,0.60
2007.07.06 08:04:01.581,1.2318,1.23195,24.00,43.50
2007.07.06 08:04:01.724,1.2318,1.23195,24.00,47.50
2007.07.06 08:04:01.794,1.2318,1.2319,24.00,0.60
2007.07.06 08:04:02.698,1.2318,1.23195,24.00,55.50
2007.07.06 08:04:02.917,1.2318,1.23195,20.00,55.50
2007.07.06 08:04:04.146,1.2318,1.23195,24.00,55.50
2007.07.06 08:04:04.366,1.2318,1.23195,24.40,55.50
2007.07.06 08:04:04.660,1.2318,1.2319,20.40,0.60
2007.07.06 08:04:04.692,1.2318,1.23195,24.60,43.50
2007.07.06 08:04:04.714,1.2318,1.232,32.60,76.30
2007.07.06 08:04:04.753,1.2318,1.232,32.60,72.30
2007.07.06 08:04:04.804,1.2318,1.232,52.80,64.40
2007.07.06 08:04:04.900,1.2318,1.232,53.20,0.60
2007.07.06 08:04:05.094,1.2318,1.2321,53.20,87.40
2007.07.06 08:04:05.328,1.2318,1.232,53.50,0.50
2007.07.06 08:04:05.458,1.2318,1.232,57.50,0.60
2007.07.06 08:04:07.281,1.2318,1.232,57.20,0.50
2007.07.06 08:04:08.645,1.2318,1.2321,61.20,78.90
2007.07.06 08:04:08.719,1.2318,1.2321,61.60,78.90
2007.07.06 08:04:08.811,1.2319,1.232,8.00,0.90
2007.07.06 08:04:08.919,1.2318,1.2321,61.60,78.90
2007.07.06 08:04:09.289,1.2318,1.2321,62.40,78.80
2007.07.06 08:04:10.593,1.2318,1.232,58.40,0.60
2007.07.06 08:04:12.123,1.2318,1.232,62.40,0.90
2007.07.06 08:04:12.661,1.23185,1.232,8.00,0.80
2007.07.06 08:04:12.740,1.23185,1.23205,8.00,55.60
2007.07.06 08:04:12.792,1.2319,1.23205,8.00,67.50
2007.07.06 08:04:13.091,1.23185,1.232,8.00,0.60
2007.07.06 08:04:13.200,1.23185,1.23205,8.00,67.50
2007.07.06 08:04:14.744,1.23185,1.232,8.00,0.50
2007.07.06 08:04:14.757,1.2318,1.2321,48.00,107.60
2007.07.06 08:04:14.841,1.2318,1.2321,63.90,83.70
2007.07.06 08:04:14.895,1.2318,1.232,62.30,0.60
2007.07.06 08:04:15.336,1.2318,1.2321,62.10,83.20
2007.07.06 08:04:15.742,1.2318,1.2321,61.80,84.40
2007.07.06 08:04:15.986,1.2318,1.232,57.80,0.80
2007.07.06 08:04:17.641,1.2318,1.232,61.80,0.50
2007.07.06 08:04:18.215,1.2318,1.2321,62.20,84.20
2007.07.06 08:04:18.302,1.2318,1.2321,61.80,84.20
2007.07.06 08:04:18.720,1.2318,1.2321,61.60,85.50
2007.07.06 08:04:19.422,1.2318,1.2321,61.20,89.50
2007.07.06 08:04:19.681,1.2318,1.232,57.20,0.70
2007.07.06 08:04:19.732,1.2318,1.2321,56.80,93.50
2007.07.06 08:04:19.963,1.2318,1.2319,56.80,0.50
2007.07.06 08:04:20.264,1.2318,1.2319,57.00,0.70
2007.07.06 08:04:21.361,1.2318,1.232,56.80,58.00
2007.07.06 08:04:21.455,1.2318,1.232,56.80,58.00
2007.07.06 08:04:27.903,1.2318,1.232,60.80,56.40
2007.07.06 08:04:28.080,1.2318,1.23205,60.80,76.30
2007.07.06 08:04:28.907,1.2318,1.23205,61.10,76.30
2007.07.06 08:04:29.528,1.2318,1.23205,60.80,76.30
2007.07.06 08:04:30.127,1.2318,1.232,60.80,76.30
2007.07.06 08:04:30.247,1.2318,1.2319,61.10,0.60
2007.07.06 08:04:31.274,1.2318,1.232,61.10,0.60
2007.07.06 08:04:31.457,1.2318,1.23205,52.80,76.30
2007.07.06 08:04:31.689,1.2318,1.23205,60.80,76.30
2007.07.06 08:04:32.512,1.2318,1.232,61.50,0.60
2007.07.06 08:04:33.205,1.2318,1.23205,65.50,72.30
2007.07.06 08:04:33.219,1.2318,1.23205,65.10,72.30
2007.07.06 08:04:33.312,1.2318,1.232,65.20,0.80
2007.07.06 08:04:34.067,1.2318,1.232,61.20,0.70
2007.07.06 08:04:35.092,1.2318,1.23205,65.20,72.30
2007.07.06 08:04:35.317,1.2318,1.23205,57.20,72.30
2007.07.06 08:04:35.737,1.2318,1.23205,58.00,72.30
2007.07.06 08:04:35.848,1.2318,1.23205,58.40,72.30
2007.07.06 08:04:35.863,1.2318,1.23205,66.40,72.30
2007.07.06 08:04:36.231,1.2318,1.232,62.40,0.80
2007.07.06 08:04:36.358,1.2318,1.232,61.60,0.50
2007.07.06 08:04:37.582,1.2318,1.232,60.90,0.90
2007.07.06 08:04:37.604,1.2318,1.23205,60.60,80.30
2007.07.06 08:04:38.606,1.2318,1.23205,60.40,80.30
2007.07.06 08:04:38.692,1.2318,1.23205,52.40,80.30
2007.07.06 08:04:38.844,1.2318,1.23205,56.00,80.30
2007.07.06 08:04:38.923,1.2318,1.23205,52.00,80.30
2007.07.06 08:04:39.227,1.2318,1.23205,52.80,80.30
2007.07.06 08:04:39.367,1.2318,1.232,48.80,0.60
2007.07.06 08:04:39.757,1.2318,1.23205,56.80,80.30
2007.07.06 08:04:39.817,1.2318,1.232,56.10,0.70
2007.07.06 08:04:39.911,1.2318,1.23205,56.50,80.30
2007.07.06 08:04:40.419,1.2318,1.23205,56.00,84.30
2007.07.06 08:04:40.439,1.2318,1.23205,60.00,80.30
2007.07.06 08:04:41.233,1.2318,1.23205,60.00,80.30
2007.07.06 08:04:41.440,1.2318,1.232,60.00,76.30
2007.07.06 08:04:41.757,1.2318,1.232,58.80,76.30
2007.07.06 08:04:43.738,1.2318,1.232,46.70,65.10
2007.07.06 08:04:43.755,1.2318,1.2319,46.70,0.80
2007.07.06 08:04:43.821,1.2318,1.232,42.40,66.70
2007.07.06 08:04:43.869,1.2318,1.23195,33.60,41.90
2007.07.06 08:04:44.415,1.2318,1.23195,29.60,41.90
2007.07.06 08:04:44.771,1.2318,1.2319,29.60,0.70
2007.07.06 08:04:55.713,1.2318,1.2319,30.00,38.30
2007.07.06 08:04:55.986,1.2318,1.2319,30.80,38.30
2007.07.06 08:04:57.752,1.2318,1.2319,26.80,38.30
2007.07.06 08:04:57.760,1.2318,1.2319,18.80,46.30
2007.07.06 08:04:58.855,1.2318,1.2319,18.40,46.30
2007.07.06 08:04:58.899,1.2318,1.2319,17.60,46.30
2007.07.06 08:04:59.376,1.2318,1.2319,18.00,46.30
2007.07.06 08:05:01.311,1.2318,1.2319,17.60,46.30
2007.07.06 08:05:05.283,1.2318,1.2319,18.00,46.30
2007.07.06 08:05:05.378,1.2318,1.2319,19.20,46.30
2007.07.06 08:05:05.534,1.2318,1.2319,20.00,46.30
2007.07.06 08:05:05.905,1.2318,1.2319,20.30,46.30
2007.07.06 08:05:06.816,1.2318,1.2319,18.80,46.30
2007.07.06 08:05:08.832,1.2318,1.2319,18.00,46.30
2007.07.06 08:05:08.867,1.2318,1.2319,17.60,46.30
2007.07.06 08:05:10.789,1.2318,1.2319,19.30,46.30
2007.07.06 08:05:10.888,1.2318,1.2319,19.60,46.30
2007.07.06 08:05:10.913,1.2318,1.2319,23.60,46.30
2007.07.06 08:05:11.160,1.2318,1.2319,20.40,46.30
2007.07.06 08:05:12.837,1.2318,1.2319,18.80,46.30
2007.07.06 08:05:13.756,1.2318,1.2319,18.40,46.30
2007.07.06 08:05:13.868,1.2318,1.2319,17.60,46.30
2007.07.06 08:05:14.197,1.2318,1.2319,18.00,46.30
2007.07.06 08:05:14.390,1.2318,1.2319,17.60,46.30
2007.07.06 08:05:17.259,1.2318,1.2319,18.40,46.30
2007.07.06 08:05:17.573,1.2318,1.2319,17.60,46.30
2007.07.06 08:05:17.645,1.2318,1.2319,18.00,46.30
2007.07.06 08:05:17.754,1.2318,1.2319,19.20,46.30
2007.07.06 08:05:17.853,1.2318,1.2319,19.20,50.30
2007.07.06 08:05:17.953,1.2318,1.2319,17.60,50.30
2007.07.06 08:05:18.271,1.2318,1.2319,17.60,46.30
2007.07.06 08:05:18.383,1.2318,1.2319,9.60,46.30
2007.07.06 08:05:18.488,1.2318,1.2319,17.60,46.30
2007.07.06 08:05:18.592,1.2318,1.2319,17.60,50.30
2007.07.06 08:05:19.907,1.2318,1.2319,9.60,50.30
2007.07.06 08:05:21.911,1.2318,1.2319,2.40,50.30
2007.07.06 08:05:28.919,1.2317,1.2318,37.60,8.00
2007.07.06 08:05:29.253,1.2317,1.2318,41.60,26.40
2007.07.06 08:05:29.326,1.2317,1.2318,40.10,46.30
2007.07.06 08:05:29.357,1.23165,1.2318,36.00,49.50
2007.07.06 08:05:29.434,1.2317,1.2318,6.40,49.50
2007.07.06 08:05:29.445,1.23165,1.2318,28.00,51.10
2007.07.06 08:05:29.805,1.2317,1.2318,8.20,51.10
2007.07.06 08:05:30.401,1.2317,1.2318,1.80,51.10
2007.07.06 08:05:30.717,1.2317,1.2318,4.20,51.10
2007.07.06 08:05:31.250,1.2317,1.2318,2.90,49.50
2007.07.06 08:05:31.642,1.23165,1.2318,28.00,49.50
2007.07.06 08:05:31.704,1.23165,1.2318,32.00,49.50
2007.07.06 08:05:31.746,1.23165,1.2318,32.00,39.10
2007.07.06 08:05:31.818,1.23165,1.2318,55.90,11.20
2007.07.06 08:05:31.854,1.2317,1.2318,2.90,8.00
2007.07.06 08:05:32.790,1.23165,1.2318,55.10,8.00
2007.07.06 08:05:35.540,1.23165,1.2318,55.90,8.00
2007.07.06 08:05:35.851,1.23165,1.2319,51.90,51.30
2007.07.06 08:05:36.766,1.23165,1.2318,51.90,8.00
2007.07.06 08:05:37.630,1.23165,1.2318,55.90,8.00
2007.07.06 08:05:37.899,1.23165,1.2319,55.90,47.30
2007.07.06 08:05:38.732,1.23165,1.2319,59.90,47.30
2007.07.06 08:05:38.929,1.23165,1.2318,55.90,8.00
2007.07.06 08:05:39.337,1.23165,1.2318,59.90,8.00
2007.07.06 08:05:40.935,1.23165,1.23185,59.90,7.60
2007.07.06 08:05:41.623,1.23165,1.2319,59.90,46.90
2007.07.06 08:05:41.863,1.2317,1.2319,12.10,47.30
2007.07.06 08:05:41.982,1.23165,1.2318,55.90,8.00
2007.07.06 08:05:42.182,1.2318,1.2319,0.80,43.30
2007.07.06 08:05:42.386,1.2317,1.2319,40.00,61.60
2007.07.06 08:05:42.478,1.2318,1.2319,1.40,61.60
2007.07.06 08:05:42.639,1.2317,1.2319,48.00,54.00
2007.07.06 08:05:43.315,1.2317,1.2319,52.00,54.00
2007.07.06 08:05:43.649,1.2317,1.2319,56.00,50.00
2007.07.06 08:05:43.695,1.2317,1.2319,55.20,51.60
2007.07.06 08:05:43.717,1.2317,1.2319,53.60,51.60
2007.07.06 08:05:43.803,1.2318,1.2319,2.30,52.30
2007.07.06 08:05:43.900,1.2317,1.2318,53.60,8.00
2007.07.06 08:05:43.924,1.2317,1.2318,53.60,9.60
2007.07.06 08:05:44.228,1.2317,1.2318,48.80,29.50
2007.07.06 08:05:44.240,1.2316,1.2318,81.00,39.90
2007.07.06 08:05:44.441,1.2317,1.2318,5.80,39.90
2007.07.06 08:05:45.442,1.23165,1.2318,39.20,39.90
2007.07.06 08:05:47.167,1.2316,1.2318,80.40,43.90
2007.07.06 08:05:47.203,1.2317,1.2318,10.30,43.90
2007.07.06 08:05:47.713,1.2316,1.2318,80.40,43.90
2007.07.06 08:05:48.709,1.2316,1.2318,78.30,39.90
2007.07.06 08:05:49.234,1.2317,1.2318,6.70,39.90
2007.07.06 08:05:49.650,1.23165,1.2318,39.20,39.90
2007.07.06 08:05:49.852,1.2317,1.2318,10.50,39.90
2007.07.06 08:05:50.155,1.23165,1.2318,39.20,39.90
2007.07.06 08:05:51.279,1.2317,1.2318,31.20,38.30
2007.07.06 08:05:51.676,1.2317,1.2318,47.10,22.40
2007.07.06 08:05:51.698,1.2317,1.2318,47.10,12.00
2007.07.06 08:05:51.783,1.2317,1.2318,51.10,8.00
2007.07.06 08:05:52.282,1.2317,1.2319,47.10,50.90
2007.07.06 08:05:52.505,1.2317,1.2319,47.10,51.30
2007.07.06 08:05:53.171,1.2317,1.2319,47.10,50.80
2007.07.06 08:05:53.677,1.2317,1.2319,47.10,52.80
2007.07.06 08:05:53.722,1.2317,1.23185,47.10,7.60
2007.07.06 08:05:53.743,1.2317,1.2318,47.10,8.00
2007.07.06 08:05:53.812,1.2317,1.2318,31.20,27.90
2007.07.06 08:05:54.046,1.2317,1.2318,31.20,35.90
2007.07.06 08:05:54.724,1.2317,1.2318,31.20,39.90
2007.07.06 08:05:54.946,1.2317,1.2318,31.20,31.90
2007.07.06 08:05:56.364,1.2317,1.2318,31.20,30.30
2007.07.06 08:05:57.315,1.2317,1.2318,31.20,38.30
2007.07.06 08:05:57.604,1.2317,1.2318,31.20,42.30
2007.07.06 08:05:57.808,1.2317,1.2318,31.20,38.30
2007.07.06 08:05:58.437,1.2317,1.2318,31.20,42.30
2007.07.06 08:05:58.956,1.2317,1.2318,31.20,38.30
2007.07.06 08:06:00.933,1.2317,1.2318,31.20,30.30
2007.07.06 08:06:00.964,1.2317,1.2318,34.40,30.30
2007.07.06 08:06:01.679,1.2317,1.2318,34.40,29.50
2007.07.06 08:06:02.254,1.2317,1.2318,31.20,29.50
2007.07.06 08:06:02.892,1.2317,1.2318,31.20,37.50
2007.07.06 08:06:03.307,1.2317,1.2318,35.20,37.50
2007.07.06 08:06:03.444,1.2317,1.2318,35.20,29.50
2007.07.06 08:06:03.513,1.2317,1.2318,31.20,29.50
2007.07.06 08:06:04.032,1.2317,1.2318,31.20,37.50
2007.07.06 08:06:04.870,1.2317,1.2318,31.20,29.50
2007.07.06 08:06:12.962,1.2317,1.2318,19.20,29.50
2007.07.06 08:06:13.291,1.2317,1.2318,31.20,29.50
2007.07.06 08:06:13.900,1.2317,1.2318,31.20,37.50
2007.07.06 08:06:14.129,1.2317,1.2318,27.20,37.50
2007.07.06 08:06:14.708,1.2317,1.2318,27.20,41.50
2007.07.06 08:06:15.701,1.2317,1.2318,31.20,41.50
2007.07.06 08:06:15.966,1.2317,1.2318,31.20,29.50
2007.07.06 08:06:16.217,1.2317,1.2318,31.20,0.70
2007.07.06 08:06:19.898,1.2317,1.2318,35.20,29.50
2007.07.06 08:06:21.862,1.2317,1.2318,31.20,29.50
2007.07.06 08:06:24.159,1.2317,1.2318,36.80,37.50
2007.07.06 08:06:24.381,1.2317,1.2318,38.40,37.50
2007.07.06 08:06:26.110,1.2317,1.2318,34.40,37.50
2007.07.06 08:06:26.690,1.23175,1.2318,8.00,37.50
2007.07.06 08:06:26.719,1.2318,1.2319,4.00,46.80
2007.07.06 08:06:26.841,1.23175,1.2318,8.00,5.60
2007.07.06 08:06:26.922,1.2318,1.2319,9.60,45.60
2007.07.06 08:06:26.932,1.23175,1.2318,8.00,8.00
2007.07.06 08:06:27.047,1.2318,1.2319,5.60,65.50
2007.07.06 08:06:27.154,1.2318,1.2319,5.60,64.70
2007.07.06 08:06:27.234,1.2318,1.2319,5.60,45.80
2007.07.06 08:06:27.333,1.2318,1.2319,8.80,41.00
2007.07.06 08:06:27.375,1.2318,1.2319,8.80,37.00
2007.07.06 08:06:27.450,1.2318,1.2319,16.80,47.90
2007.07.06 08:06:28.688,1.2318,1.2319,12.80,47.90
2007.07.06 08:06:28.792,1.2318,1.2319,12.80,44.40
2007.07.06 08:06:28.819,1.2318,1.2319,12.80,52.00
2007.07.06 08:06:28.902,1.2318,1.2319,9.60,56.80
2007.07.06 08:06:28.987,1.2318,1.2319,8.00,56.80
2007.07.06 08:06:29.097,1.2317,1.2319,51.20,56.30
2007.07.06 08:06:29.312,1.2318,1.2319,8.00,56.30
2007.07.06 08:06:29.409,1.2318,1.2319,9.60,56.30
2007.07.06 08:06:29.504,1.2318,1.2319,9.60,54.70
2007.07.06 08:06:29.524,1.2318,1.2319,9.60,58.70
2007.07.06 08:06:29.631,1.2318,1.2319,9.60,51.10
2007.07.06 08:06:29.871,1.2318,1.2319,13.60,47.10
2007.07.06 08:06:30.116,1.2318,1.2319,15.20,47.10
2007.07.06 08:06:30.315,1.2318,1.2319,19.20,47.10
2007.07.06 08:06:30.626,1.2318,1.2319,15.20,47.10
2007.07.06 08:06:30.789,1.2318,1.2319,15.50,47.10
2007.07.06 08:06:30.892,1.2318,1.2319,17.60,47.10
2007.07.06 08:06:31.401,1.2318,1.2319,16.00,47.10
2007.07.06 08:06:31.448,1.2318,1.2319,15.20,47.10
2007.07.06 08:06:32.184,1.2318,1.2319,13.60,47.10
2007.07.06 08:06:32.746,1.2318,1.2319,9.60,51.10
2007.07.06 08:06:33.830,1.2318,1.2319,8.00,51.10
2007.07.06 08:06:34.250,1.2318,1.2319,8.00,52.70
2007.07.06 08:06:34.292,1.2317,1.2319,66.30,48.70
2007.07.06 08:06:34.379,1.2317,1.2319,70.30,48.70
2007.07.06 08:06:34.515,1.2317,1.2319,70.30,56.30
2007.07.06 08:06:34.893,1.2318,1.2319,8.00,56.30
2007.07.06 08:06:34.985,1.2317,1.2319,70.30,56.30
2007.07.06 08:06:35.284,1.2317,1.2319,67.10,56.30
2007.07.06 08:06:38.613,1.2317,1.2318,67.10,1.60
2007.07.06 08:06:38.638,1.2317,1.2318,59.10,1.60
2007.07.06 08:06:38.774,1.2317,1.2318,39.10,5.60
2007.07.06 08:06:39.367,1.2317,1.2318,35.10,5.60
2007.07.06 08:06:39.597,1.2317,1.2318,35.10,13.60
2007.07.06 08:06:39.659,1.2317,1.2318,31.10,13.60
2007.07.06 08:06:39.769,1.2317,1.2318,31.10,17.60
2007.07.06 08:06:39.821,1.2317,1.2318,31.10,25.60
2007.07.06 08:06:42.819,1.2317,1.2318,31.10,17.60
2007.07.06 08:06:43.737,1.2317,1.2318,31.10,25.60
2007.07.06 08:06:44.313,1.2317,1.2318,35.10,25.60
2007.07.06 08:06:46.358,1.2317,1.2318,31.10,25.60
2007.07.06 08:06:50.770,1.2317,1.2318,27.10,29.60
2007.07.06 08:06:52.834,1.2317,1.2318,31.10,25.60
2007.07.06 08:06:53.855,1.2317,1.2318,27.10,29.60
2007.07.06 08:06:54.725,1.2317,1.2318,31.10,25.60
2007.07.06 08:06:55.145,1.2317,1.2318,27.10,29.60
2007.07.06 08:06:55.260,1.2317,1.2318,11.20,45.50
2007.07.06 08:06:55.325,1.2317,1.2318,8.00,52.70
2007.07.06 08:06:55.358,1.23165,1.2318,8.00,48.70
2007.07.06 08:06:55.370,1.2316,1.2318,62.00,56.30
2007.07.06 08:06:55.458,1.2316,1.2318,66.00,56.30
2007.07.06 08:06:55.656,1.2316,1.2318,74.00,56.30
2007.07.06 08:06:55.887,1.2316,1.2318,70.00,56.30
2007.07.06 08:06:55.907,1.2316,1.2318,70.00,48.70
2007.07.06 08:06:56.032,1.2316,1.2318,74.00,48.70
2007.07.06 08:06:56.182,1.2316,1.2318,72.40,48.70
2007.07.06 08:06:56.290,1.2316,1.2318,76.40,48.70
2007.07.06 08:06:56.392,1.2316,1.2318,76.20,48.70
2007.07.06 08:06:56.417,1.2316,1.2318,76.20,56.30
2007.07.06 08:06:57.006,1.2317,1.2318,8.00,56.30
2007.07.06 08:06:58.122,1.2317,1.2318,8.00,57.90
2007.07.06 08:06:58.193,1.2317,1.23175,8.00,7.60
2007.07.06 08:06:58.444,1.2316,1.2317,56.90,8.00
2007.07.06 08:06:58.755,1.2316,1.2317,52.90,12.00
2007.07.06 08:06:59.158,1.2316,1.2317,52.90,16.00
2007.07.06 08:06:59.368,1.2316,1.2317,48.90,16.00
2007.07.06 08:07:00.764,1.2316,1.2317,49.30,16.00
2007.07.06 08:07:00.847,1.2316,1.2317,50.40,16.00
2007.07.06 08:07:01.014,1.2316,1.2317,51.20,16.00
2007.07.06 08:07:01.803,1.2316,1.2317,51.20,16.00
2007.07.06 08:07:01.900,1.2316,1.2317,51.90,16.00
2007.07.06 08:07:02.017,1.2316,1.2317,51.50,16.00
2007.07.06 08:07:02.031,1.2316,1.2317,47.50,16.00
2007.07.06 08:07:02.131,1.2316,1.2317,47.20,16.00
2007.07.06 08:07:02.219,1.2316,1.2317,45.70,16.00
2007.07.06 08:07:02.406,1.2316,1.2317,44.90,16.00
2007.07.06 08:07:03.241,1.2316,1.2317,48.90,16.00
2007.07.06 08:07:03.775,1.2316,1.2317,48.90,12.00
2007.07.06 08:07:04.778,1.2316,1.2317,52.90,12.00
2007.07.06 08:07:04.792,1.2316,1.2317,52.90,11.80
2007.07.06 08:07:04.917,1.2316,1.2317,48.90,3.80
2007.07.06 08:07:05.192,1.2316,1.2317,52.90,3.80
2007.07.06 08:07:05.430,1.2316,1.2317,54.50,3.80
2007.07.06 08:07:05.503,1.2316,1.2317,55.30,3.80
2007.07.06 08:07:05.618,1.2316,1.2317,59.30,3.80
2007.07.06 08:07:06.209,1.2316,1.23175,59.30,7.60
2007.07.06 08:07:06.249,1.2316,1.23175,60.00,7.60
2007.07.06 08:07:06.259,1.2316,1.2318,68.00,69.70
2007.07.06 08:07:06.314,1.2316,1.2318,68.00,68.10
2007.07.06 08:07:06.342,1.2316,1.2318,56.00,48.20
2007.07.06 08:07:06.570,1.2316,1.2318,56.40,48.20
2007.07.06 08:07:06.651,1.2317,1.2318,4.00,60.10
2007.07.06 08:07:06.773,1.2317,1.2318,19.90,40.20
2007.07.06 08:07:06.784,1.2317,1.2318,19.90,32.60
2007.07.06 08:07:06.831,1.2317,1.2318,27.10,29.40
2007.07.06 08:07:06.964,1.2317,1.2318,35.10,29.40
2007.07.06 08:07:07.175,1.2317,1.2318,31.10,33.40
2007.07.06 08:07:07.248,1.2317,1.2318,27.10,33.40
2007.07.06 08:07:07.284,1.2317,1.2318,11.20,37.40
2007.07.06 08:07:07.325,1.2317,1.2318,11.20,45.00
2007.07.06 08:07:07.341,1.2317,1.2318,8.00,48.20
2007.07.06 08:07:07.373,1.2317,1.2318,8.00,44.20
2007.07.06 08:07:07.396,1.2316,1.2318,55.60,52.10
2007.07.06 08:07:07.491,1.2316,1.2318,79.60,52.10
2007.07.06 08:07:07.695,1.2316,1.2318,80.30,52.10
2007.07.06 08:07:07.802,1.2316,1.2318,80.00,52.10
2007.07.06 08:07:07.816,1.2316,1.2318,80.00,44.50
2007.07.06 08:07:07.906,1.2317,1.2318,8.00,44.50
2007.07.06 08:07:11.646,1.2317,1.23185,8.00,52.10
2007.07.06 08:07:12.169,1.2317,1.23185,8.00,56.10
2007.07.06 08:07:12.307,1.2316,1.23185,52.40,56.10
2007.07.06 08:07:12.414,1.2316,1.23185,76.40,56.10
2007.07.06 08:07:12.678,1.2316,1.23185,76.00,56.10
2007.07.06 08:07:12.794,1.2316,1.23185,75.20,56.10
2007.07.06 08:07:13.199,1.2316,1.23185,75.60,56.10
2007.07.06 08:07:13.306,1.2316,1.2318,76.00,0.50
2007.07.06 08:07:13.404,1.2316,1.2318,75.90,0.60
2007.07.06 08:07:13.817,1.2316,1.2318,75.20,0.70
2007.07.06 08:07:19.646,1.2316,1.2319,75.20,94.50
2007.07.06 08:07:24.521,1.2316,1.2317,74.40,0.80
2007.07.06 08:07:24.545,1.2316,1.2318,72.70,61.00
2007.07.06 08:07:24.781,1.2316,1.2318,64.70,63.40
2007.07.06 08:07:24.838,1.2316,1.2318,44.80,56.00
2007.07.06 08:07:24.919,1.2316,1.2317,52.70,0.60
2007.07.06 08:07:25.736,1.2316,1.2318,56.70,59.60
2007.07.06 08:07:25.767,1.2316,1.2318,56.70,63.80
2007.07.06 08:07:26.477,1.2316,1.2317,52.70,0.90
2007.07.06 08:07:26.656,1.2316,1.2317,48.70,0.90
2007.07.06 08:07:30.655,1.2316,1.2317,48.70,0.50
2007.07.06 08:07:30.757,1.2316,1.2318,41.00,61.20
2007.07.06 08:07:30.938,1.2316,1.2318,49.00,61.20
2007.07.06 08:07:31.036,1.2316,1.2317,68.90,0.60
2007.07.06 08:07:31.178,1.2316,1.23185,68.90,65.10
2007.07.06 08:07:31.344,1.2316,1.23185,70.40,65.10
2007.07.06 08:07:31.444,1.2316,1.23185,71.20,61.10
2007.07.06 08:07:31.540,1.2316,1.23185,75.20,57.10
2007.07.06 08:07:31.655,1.2317,1.23185,4.00,56.30
2007.07.06 08:07:31.680,1.2317,1.23185,8.00,52.30
2007.07.06 08:07:31.761,1.2317,1.23185,23.90,36.40
2007.07.06 08:07:31.866,1.2317,1.23185,31.90,36.40
2007.07.06 08:07:32.707,1.2317,1.2318,35.90,0.50
2007.07.06 08:07:34.179,1.2317,1.23185,27.90,40.40
2007.07.06 08:07:34.219,1.2317,1.23185,8.00,48.40
2007.07.06 08:07:34.311,1.23165,1.23185,8.00,56.30
2007.07.06 08:07:34.343,1.2316,1.23185,51.20,56.30
2007.07.06 08:07:34.429,1.2316,1.23185,75.20,56.30
2007.07.06 08:07:34.505,1.2316,1.2318,75.20,0.60
2007.07.06 08:07:34.717,1.2316,1.2319,76.00,88.50
2007.07.06 08:07:34.837,1.2317,1.2319,8.00,94.90
2007.07.06 08:07:35.254,1.2317,1.2318,23.90,0.50
2007.07.06 08:07:35.435,1.2317,1.23185,27.90,40.40
2007.07.06 08:07:35.764,1.2317,1.23185,27.90,44.40
2007.07.06 08:07:35.818,1.2317,1.2318,27.90,0.70
2007.07.06 08:07:36.226,1.2317,1.2318,31.90,0.50
2007.07.06 08:07:36.840,1.2317,1.2319,31.90,73.90
2007.07.06 08:07:36.854,1.2317,1.2318,31.90,0.50
2007.07.06 08:07:40.724,1.2317,1.2318,35.90,28.80
2007.07.06 08:07:41.752,1.2317,1.2318,31.90,32.80
2007.07.06 08:07:44.802,1.2317,1.2318,35.90,28.80
2007.07.06 08:07:45.716,1.2317,1.2318,31.90,32.80
2007.07.06 08:07:46.638,1.2317,1.2318,31.90,36.80
2007.07.06 08:07:46.672,1.2317,1.2318,23.90,36.80
2007.07.06 08:07:46.755,1.2317,1.2318,8.00,36.80
2007.07.06 08:07:46.847,1.23165,1.2318,8.00,44.70
2007.07.06 08:07:46.868,1.2316,1.2318,57.70,52.30
2007.07.06 08:07:47.153,1.2316,1.2318,79.60,52.30
2007.07.06 08:07:47.558,1.2316,1.2318,79.60,52.30
2007.07.06 08:07:47.709,1.2316,1.2318,79.20,44.70
2007.07.06 08:07:48.897,1.2317,1.2318,8.00,44.70
2007.07.06 08:07:51.525,1.2317,1.2318,8.00,52.30
2007.07.06 08:07:53.840,1.2317,1.2318,8.00,44.70
2007.07.06 08:07:53.901,1.2316,1.2318,56.60,44.70
2007.07.06 08:07:54.202,1.2316,1.2318,56.20,44.70
2007.07.06 08:07:54.310,1.2316,1.2318,56.50,44.70
2007.07.06 08:07:54.616,1.2316,1.2318,56.60,44.70
2007.07.06 08:07:54.913,1.2317,1.2318,8.00,44.70
2007.07.06 08:07:55.691,1.2317,1.2318,8.00,48.70
2007.07.06 08:07:56.337,1.2317,1.2318,12.00,48.70
2007.07.06 08:07:56.548,1.2317,1.2318,4.00,48.70
2007.07.06 08:07:56.846,1.2316,1.2318,79.20,44.70
2007.07.06 08:07:57.174,1.2317,1.2318,4.00,44.70
2007.07.06 08:07:57.263,1.2317,1.2318,19.90,32.80
2007.07.06 08:07:57.383,1.2317,1.2318,35.10,29.60
2007.07.06 08:07:57.960,1.2317,1.2318,27.10,29.60
2007.07.06 08:07:59.609,1.2317,1.2318,27.70,29.60
2007.07.06 08:08:00.967,1.2317,1.2318,35.70,29.60
2007.07.06 08:08:03.966,1.2317,1.2318,35.70,33.60
2007.07.06 08:08:04.193,1.2317,1.2318,35.70,29.60
2007.07.06 08:08:04.908,1.2317,1.2318,27.70,29.60
2007.07.06 08:08:05.001,1.2317,1.2318,27.70,33.60
2007.07.06 08:08:05.100,1.2317,1.2318,27.70,41.20
2007.07.06 08:08:05.241,1.2317,1.2318,19.70,41.20
2007.07.06 08:08:05.318,1.2317,1.2318,3.80,41.20
2007.07.06 08:08:05.358,1.2317,1.2318,0.60,44.40
2007.07.06 08:08:05.941,1.2317,1.2318,0.60,52.30
2007.07.06 08:08:06.132,1.2317,1.2318,0.60,44.70
2007.07.06 08:08:06.687,1.2317,1.2318,0.60,52.30
2007.07.06 08:08:06.867,1.2317,1.2318,8.60,52.30
2007.07.06 08:08:07.820,1.2317,1.2318,8.00,52.30
2007.07.06 08:08:07.920,1.2317,1.2319,8.00,93.80
2007.07.06 08:08:08.230,1.2317,1.2318,12.00,0.80
2007.07.06 08:08:08.347,1.2317,1.23185,12.00,52.30
2007.07.06 08:08:08.369,1.2317,1.23185,27.90,44.40
2007.07.06 08:08:08.453,1.2317,1.2318,27.90,0.70
2007.07.06 08:08:08.659,1.2317,1.23185,31.90,40.40
2007.07.06 08:08:08.770,1.2317,1.23185,35.90,40.40
2007.07.06 08:08:08.876,1.2317,1.23185,31.90,36.40
2007.07.06 08:08:09.252,1.2317,1.23185,35.90,36.40
2007.07.06 08:08:09.813,1.2317,1.23185,31.90,40.40
2007.07.06 08:08:10.485,1.2317,1.2318,27.90,0.70
2007.07.06 08:08:10.827,1.2317,1.2318,31.90,0.60
2007.07.06 08:08:16.205,1.2317,1.2319,35.90,75.50
2007.07.06 08:08:16.430,1.2317,1.2318,31.90,0.70
2007.07.06 08:08:17.365,1.2317,1.2318,35.90,0.80
2007.07.06 08:08:18.785,1.2317,1.2318,31.90,0.60
2007.07.06 08:08:28.587,1.2317,1.2318,35.90,0.80
2007.07.06 08:08:29.409,1.2317,1.2319,35.90,75.20
2007.07.06 08:08:29.660,1.2317,1.2319,39.90,75.20
2007.07.06 08:08:29.715,1.2317,1.2318,51.90,0.70
2007.07.06 08:08:29.828,1.2317,1.2319,51.90,67.50
2007.07.06 08:08:29.843,1.2317,1.2318,59.90,0.70
2007.07.06 08:08:29.869,1.2317,1.2319,63.10,63.50
2007.07.06 08:08:30.168,1.2317,1.2319,63.10,57.90
2007.07.06 08:08:30.255,1.2317,1.23195,67.10,65.20
2007.07.06 08:08:30.340,1.2317,1.2319,67.10,0.80
2007.07.06 08:08:30.652,1.2318,1.2319,4.00,0.70
2007.07.06 08:08:30.690,1.2318,1.2319,8.00,0.70
2007.07.06 08:08:30.894,1.2318,1.232,23.90,74.80
2007.07.06 08:08:30.912,1.2318,1.2319,23.90,0.50
2007.07.06 08:08:30.960,1.2318,1.23195,31.90,36.60
2007.07.06 08:08:30.999,1.2318,1.23195,33.50,35.00
2007.07.06 08:08:31.274,1.2318,1.2319,33.50,0.90
2007.07.06 08:08:31.374,1.2318,1.23195,33.50,37.80
2007.07.06 08:08:31.785,1.2318,1.2319,33.50,0.90
2007.07.06 08:08:31.821,1.2318,1.2319,37.50,0.50
2007.07.06 08:08:32.478,1.2318,1.23195,41.50,30.80
2007.07.06 08:08:32.683,1.2318,1.2319,41.50,0.80
2007.07.06 08:08:32.755,1.2318,1.2319,31.90,36.20
2007.07.06 08:08:32.794,1.2318,1.2319,16.00,63.60
2007.07.06 08:08:32.959,1.2317,1.2318,32.80,0.60
2007.07.06 08:08:32.999,1.2318,1.23185,4.00,13.20
2007.07.06 08:08:33.270,1.2318,1.23185,4.00,9.20
2007.07.06 08:08:33.363,1.2318,1.23185,4.00,0.80
2007.07.06 08:08:33.549,1.2317,1.2319,60.00,0.80
2007.07.06 08:08:33.563,1.2317,1.2319,49.60,59.60
2007.07.06 08:08:33.619,1.2318,1.2319,8.00,0.70
2007.07.06 08:08:33.745,1.2318,1.23195,8.00,57.00
2007.07.06 08:08:33.785,1.2318,1.23195,8.00,57.00
2007.07.06 08:08:33.824,1.2318,1.23195,8.00,61.00
2007.07.06 08:08:34.050,1.2318,1.2319,8.00,0.70
2007.07.06 08:08:34.094,1.2318,1.23195,9.60,60.30
2007.07.06 08:08:34.258,1.2318,1.23195,9.60,61.40
2007.07.06 08:08:34.310,1.2318,1.2319,9.60,0.70
2007.07.06 08:08:34.352,1.2318,1.2319,9.60,0.50
2007.07.06 08:08:34.390,1.2318,1.23195,8.00,61.00
2007.07.06 08:08:34.427,1.2318,1.2319,8.00,0.50
2007.07.06 08:08:34.776,1.2317,1.23195,77.50,56.70
2007.07.06 08:08:34.878,1.2317,1.2319,77.50,0.80
2007.07.06 08:08:35.698,1.2317,1.2319,77.50,56.20
2007.07.06 08:08:35.808,1.2318,1.2319,8.00,56.20
2007.07.06 08:08:36.726,1.2318,1.2319,8.00,55.50
2007.07.06 08:08:37.242,1.2317,1.2319,79.90,55.50
2007.07.06 08:08:37.637,1.2317,1.2319,77.50,55.50
2007.07.06 08:08:37.855,1.2317,1.2319,77.50,55.10
2007.07.06 08:08:37.956,1.2317,1.2319,80.70,55.10
2007.07.06 08:08:38.737,1.2318,1.2319,8.00,55.10
2007.07.06 08:08:39.043,1.2317,1.2319,80.70,55.10
2007.07.06 08:08:39.270,1.2318,1.2319,8.00,55.10
2007.07.06 08:08:39.361,1.2318,1.2319,12.80,50.30
2007.07.06 08:08:39.462,1.2318,1.2319,16.80,54.50
2007.07.06 08:08:39.568,1.2318,1.2319,16.80,54.20
2007.07.06 08:08:39.660,1.2318,1.2319,16.80,50.20
2007.07.06 08:08:39.795,1.2318,1.2319,16.80,49.80
2007.07.06 08:08:39.864,1.2318,1.2319,20.80,45.20
2007.07.06 08:08:40.313,1.2318,1.2319,20.80,45.40
2007.07.06 08:08:40.328,1.2318,1.2319,20.80,37.80
2007.07.06 08:08:40.430,1.2318,1.2319,24.80,37.80
2007.07.06 08:08:40.514,1.2318,1.2319,24.80,41.40
2007.07.06 08:08:40.610,1.2318,1.2319,16.80,39.50
2007.07.06 08:08:41.042,1.2318,1.2319,12.80,43.50
2007.07.06 08:08:41.167,1.2318,1.2319,20.80,43.50
2007.07.06 08:08:41.248,1.2318,1.2319,20.80,39.90
2007.07.06 08:08:47.771,1.2318,1.2319,20.80,40.60
2007.07.06 08:08:47.879,1.2318,1.2319,20.80,39.90
2007.07.06 08:08:49.324,1.2318,1.2319,20.80,40.60
2007.07.06 08:08:49.539,1.2318,1.2319,20.80,39.90
2007.07.06 08:08:56.177,1.2318,1.2319,20.80,0.60
2007.07.06 08:08:59.393,1.2318,1.2319,36.70,0.50
2007.07.06 08:08:59.881,1.2318,1.23195,40.70,31.60
2007.07.06 08:09:00.847,1.2318,1.23195,44.70,27.60
2007.07.06 08:09:06.198,1.2318,1.23195,40.70,32.60
2007.07.06 08:09:06.343,1.2318,1.2319,40.70,0.90
2007.07.06 08:09:07.742,1.2318,1.23195,40.70,36.30
2007.07.06 08:09:08.120,1.2318,1.23195,40.70,33.10
2007.07.06 08:09:11.168,1.2318,1.23195,40.70,33.20
2007.07.06 08:09:11.190,1.2318,1.2319,31.10,0.50
2007.07.06 08:09:11.289,1.2318,1.23195,11.20,55.20
2007.07.06 08:09:11.389,1.2318,1.2319,3.20,0.60
2007.07.06 08:09:11.403,1.23175,1.23195,8.00,54.40
2007.07.06 08:09:11.434,1.2317,1.2319,75.10,0.80
2007.07.06 08:09:11.493,1.2317,1.23195,75.10,54.70
2007.07.06 08:09:12.097,1.2317,1.23195,76.70,54.70
2007.07.06 08:09:12.205,1.2318,1.23195,19.90,42.00
2007.07.06 08:09:12.310,1.2318,1.23195,25.50,36.50
2007.07.06 08:09:12.430,1.2318,1.23195,33.50,36.50
2007.07.06 08:09:12.513,1.2318,1.2319,33.50,0.70
2007.07.06 08:09:12.729,1.2318,1.23195,33.50,40.40
2007.07.06 08:09:12.746,1.2318,1.23195,33.50,40.40
2007.07.06 08:09:12.824,1.2318,1.2319,33.50,0.80
2007.07.06 08:09:12.942,1.2318,1.23195,25.50,39.60
2007.07.06 08:09:13.301,1.2318,1.232,29.50,70.80
2007.07.06 08:09:13.455,1.2318,1.2319,29.50,0.90
2007.07.06 08:09:13.644,1.2318,1.23195,29.50,35.90
2007.07.06 08:09:13.838,1.2318,1.2319,29.50,0.80
2007.07.06 08:09:13.862,1.2318,1.23195,37.50,35.90
2007.07.06 08:09:14.371,1.2318,1.23195,37.50,35.60
2007.07.06 08:09:15.773,1.2318,1.23195,41.50,30.80
2007.07.06 08:09:16.361,1.2318,1.23195,41.50,31.50
2007.07.06 08:09:16.682,1.2318,1.2319,41.50,0.90
2007.07.06 08:09:16.788,1.2318,1.23195,37.50,36.60
2007.07.06 08:09:18.743,1.2318,1.23195,37.50,36.30
2007.07.06 08:09:19.768,1.2318,1.2319,41.50,0.80
2007.07.06 08:09:24.216,1.2318,1.2319,41.50,23.50
2007.07.06 08:09:28.399,1.2318,1.2319,41.50,23.20
2007.07.06 08:09:54.693,1.2318,1.2319,41.50,23.50
2007.07.06 08:09:54.799,1.2318,1.2319,41.50,23.90
2007.07.06 08:09:55.333,1.2318,1.2319,41.50,24.40
2007.07.06 08:09:57.061,1.2318,1.2319,41.50,24.60
2007.07.06 08:09:57.371,1.2318,1.2319,41.50,24.40
2007.07.06 08:09:58.249,1.2318,1.2319,41.50,24.00
2007.07.06 08:10:01.729,1.2318,1.2319,33.50,24.00
2007.07.06 08:10:02.902,1.2318,1.2319,41.50,24.00
2007.07.06 08:10:14.673,1.2318,1.2319,41.50,24.00
2007.07.06 08:10:15.695,1.2318,1.2319,41.50,24.50
2007.07.06 08:10:15.909,1.2318,1.2319,41.50,24.80
2007.07.06 08:10:16.289,1.2318,1.2319,41.50,25.30
2007.07.06 08:10:16.395,1.2318,1.2319,41.50,26.00
2007.07.06 08:10:16.802,1.2318,1.2319,41.50,26.00
2007.07.06 08:10:17.415,1.2318,1.2319,41.50,26.40
2007.07.06 08:10:17.817,1.2318,1.2319,37.50,30.40
2007.07.06 08:10:17.922,1.2318,1.2319,29.50,30.40
2007.07.06 08:10:22.304,1.2318,1.2319,29.50,38.00
2007.07.06 08:10:22.408,1.2318,1.2319,37.50,38.00
2007.07.06 08:10:22.569,1.2318,1.2319,37.50,30.40
2007.07.06 08:10:22.728,1.2318,1.2319,21.60,46.80
2007.07.06 08:10:22.743,1.2318,1.2319,12.00,46.80
2007.07.06 08:10:22.825,1.2318,1.2319,12.00,50.80
2007.07.06 08:10:22.842,1.2318,1.2319,12.00,58.40
2007.07.06 08:10:22.926,1.2317,1.2319,80.70,54.70
2007.07.06 08:10:22.940,1.2317,1.2319,79.10,56.30
2007.07.06 08:10:23.132,1.2317,1.2319,75.10,56.30
2007.07.06 08:10:23.228,1.2317,1.2319,75.10,55.90
2007.07.06 08:10:23.263,1.2317,1.2319,71.10,59.90
2007.07.06 08:10:23.330,1.2317,1.2319,71.10,60.20
2007.07.06 08:10:23.385,1.2317,1.2319,63.10,60.20
2007.07.06 08:10:23.595,1.2317,1.23185,63.10,7.60
2007.07.06 08:10:23.683,1.2317,1.2318,63.10,1.60
2007.07.06 08:10:23.767,1.2317,1.2318,43.10,5.60
2007.07.06 08:10:23.863,1.2317,1.2318,51.10,13.60
2007.07.06 08:10:23.879,1.2317,1.2318,47.90,16.80
2007.07.06 08:10:24.284,1.2317,1.2318,47.90,16.90
2007.07.06 08:10:24.481,1.2317,1.2318,47.90,20.90
2007.07.06 08:10:24.503,1.2317,1.2318,43.90,20.90
2007.07.06 08:10:24.701,1.2317,1.2318,43.90,16.90
2007.07.06 08:10:24.715,1.2317,1.2318,43.90,20.90
2007.07.06 08:10:24.795,1.2317,1.2318,39.90,24.90
2007.07.06 08:10:25.010,1.2317,1.2318,31.90,24.90
2007.07.06 08:10:25.833,1.2317,1.2318,39.90,24.90
2007.07.06 08:10:25.943,1.2317,1.2318,31.90,24.90
2007.07.06 08:10:26.253,1.2317,1.2318,31.90,26.40
2007.07.06 08:10:26.297,1.2317,1.2318,31.90,27.20
2007.07.06 08:10:26.453,1.2317,1.2318,31.90,27.20
2007.07.06 08:10:26.579,1.2317,1.2318,31.90,27.90
2007.07.06 08:10:26.679,1.2317,1.2318,31.90,28.10
2007.07.06 08:10:27.294,1.2317,1.2318,31.90,28.60
2007.07.06 08:10:27.471,1.2317,1.2318,31.90,29.10
2007.07.06 08:10:27.484,1.2317,1.2318,27.90,29.10
2007.07.06 08:10:27.697,1.2317,1.2318,27.90,28.60
2007.07.06 08:10:29.147,1.2317,1.2318,27.90,32.60
2007.07.06 08:10:29.217,1.2317,1.2318,27.90,40.20
2007.07.06 08:10:29.251,1.2317,1.2318,27.90,39.90
2007.07.06 08:10:29.349,1.2317,1.2318,27.90,43.40
2007.07.06 08:10:29.442,1.2317,1.2318,27.90,43.70
2007.07.06 08:10:29.678,1.2317,1.2318,27.90,39.70
2007.07.06 08:10:29.713,1.2317,1.2318,27.90,32.10
2007.07.06 08:10:29.783,1.2317,1.2318,12.00,48.00
2007.07.06 08:10:29.875,1.2317,1.2318,12.00,47.80
2007.07.06 08:10:30.275,1.2317,1.2318,12.00,51.80
2007.07.06 08:10:30.689,1.2317,1.2318,12.00,47.80
2007.07.06 08:10:31.411,1.2317,1.2318,12.00,47.40
2007.07.06 08:10:32.734,1.2317,1.2318,8.00,47.40
2007.07.06 08:10:32.745,1.23165,1.2318,8.00,68.00
2007.07.06 08:10:32.819,1.2316,1.2318,51.20,75.60
2007.07.06 08:10:32.832,1.2316,1.2318,55.20,51.90
2007.07.06 08:10:32.948,1.2316,1.2318,51.20,75.80
2007.07.06 08:10:33.047,1.23165,1.2318,8.00,68.20
2007.07.06 08:10:33.662,1.23165,1.2318,8.00,44.30
2007.07.06 08:10:33.826,1.2316,1.2318,48.80,51.90
2007.07.06 08:10:33.985,1.2316,1.2318,52.80,51.90
2007.07.06 08:10:34.282,1.2316,1.2318,52.80,52.30
2007.07.06 08:10:34.328,1.2316,1.23175,44.80,7.60
2007.07.06 08:10:34.377,1.2316,1.2317,48.70,4.00
2007.07.06 08:10:34.646,1.2316,1.2318,52.70,72.20
2007.07.06 08:10:34.854,1.2316,1.2318,60.70,72.20
2007.07.06 08:10:34.997,1.2316,1.2317,60.70,8.00
2007.07.06 08:10:35.378,1.2316,1.2318,60.70,72.20
2007.07.06 08:10:35.891,1.2316,1.2317,60.70,8.00
2007.07.06 08:10:36.924,1.2316,1.2318,60.70,72.20
2007.07.06 08:10:37.223,1.2316,1.2318,60.70,73.00
2007.07.06 08:10:37.321,1.2316,1.2317,60.70,8.00
2007.07.06 08:10:37.670,1.2316,1.2317,52.70,8.00
2007.07.06 08:10:37.692,1.2316,1.2317,48.70,8.00
2007.07.06 08:10:37.759,1.2316,1.2317,36.80,23.90
2007.07.06 08:10:37.799,1.2316,1.2317,33.60,31.10
2007.07.06 08:10:38.318,1.2316,1.2317,33.60,35.10
2007.07.06 08:10:38.373,1.2316,1.2317,33.60,39.10
2007.07.06 08:10:38.480,1.2316,1.2317,29.60,39.10
2007.07.06 08:10:38.795,1.2316,1.2317,29.60,35.10
2007.07.06 08:10:39.924,1.2316,1.2317,29.60,27.10
2007.07.06 08:10:40.328,1.2316,1.2317,29.60,35.10
2007.07.06 08:10:45.885,1.2316,1.2317,29.60,0.60
2007.07.06 08:10:53.128,1.2316,1.23175,33.60,42.70
2007.07.06 08:10:53.200,1.2316,1.23175,49.50,26.80
2007.07.06 08:10:53.221,1.2316,1.2317,49.50,0.90
2007.07.06 08:10:53.325,1.2316,1.2318,57.50,55.20
2007.07.06 08:10:53.342,1.2316,1.2318,60.70,55.20
2007.07.06 08:10:53.400,1.2316,1.23185,52.70,59.20
2007.07.06 08:10:53.414,1.2316,1.2318,52.70,0.70
2007.07.06 08:10:53.613,1.2316,1.2318,56.70,0.90
2007.07.06 08:10:53.719,1.2316,1.2318,56.70,0.80
2007.07.06 08:10:53.742,1.2316,1.2318,52.70,0.50
2007.07.06 08:10:53.923,1.2316,1.2317,52.70,0.70
2007.07.06 08:10:54.334,1.2316,1.2318,52.70,0.50
2007.07.06 08:10:54.443,1.2316,1.23185,56.70,81.40
2007.07.06 08:10:54.647,1.2316,1.2318,56.70,0.60
2007.07.06 08:10:54.756,1.2316,1.2318,56.70,0.50
2007.07.06 08:10:54.956,1.2316,1.2318,56.70,0.70
2007.07.06 08:10:55.368,1.2316,1.23185,56.70,80.30
2007.07.06 08:10:56.306,1.2316,1.23185,56.70,80.70
2007.07.06 08:10:57.234,1.2316,1.2318,56.70,0.90
2007.07.06 08:10:57.455,1.2316,1.2318,56.70,56.20
2007.07.06 08:10:57.947,1.2316,1.23185,56.70,80.30
2007.07.06 08:10:58.265,1.2316,1.23185,56.70,79.70
2007.07.06 08:10:58.677,1.2316,1.23185,56.70,80.50
2007.07.06 08:10:58.784,1.2316,1.2317,40.80,0.90
2007.07.06 08:10:58.795,1.2316,1.23175,32.80,23.50
2007.07.06 08:10:58.826,1.2316,1.23175,32.80,27.50
2007.07.06 08:10:58.896,1.2316,1.2317,28.80,0.90
2007.07.06 08:10:59.017,1.2316,1.23175,36.80,35.50
2007.07.06 08:10:59.734,1.2316,1.2317,36.80,0.50
2007.07.06 08:11:00.475,1.2316,1.23175,32.80,39.50
2007.07.06 08:11:05.140,1.2316,1.2317,29.60,0.90
2007.07.06 08:11:09.118,1.2316,1.23175,33.60,39.50
2007.07.06 08:11:10.823,1.2316,1.23175,29.60,39.50
2007.07.06 08:11:10.916,1.2316,1.23175,29.60,43.50
2007.07.06 08:11:17.706,1.2316,1.2317,29.60,31.90
2007.07.06 08:11:17.748,1.2316,1.2317,29.60,23.90
2007.07.06 08:11:17.962,1.2316,1.2317,45.50,8.00
2007.07.06 08:11:17.996,1.2316,1.23175,37.50,7.60
2007.07.06 08:11:18.225,1.2316,1.2317,21.60,15.90
2007.07.06 08:11:18.278,1.2316,1.2317,21.60,19.90
2007.07.06 08:11:18.442,1.2316,1.2317,21.60,23.90
2007.07.06 08:11:18.549,1.2316,1.2317,29.60,31.90
2007.07.06 08:11:18.596,1.2316,1.2317,32.80,31.90
2007.07.06 08:11:19.298,1.2316,1.2317,32.80,35.90
2007.07.06 08:11:21.754,1.2316,1.2317,37.60,16.00
2007.07.06 08:11:21.766,1.2316,1.2317,37.60,8.00
2007.07.06 08:11:21.834,1.2316,1.2317,32.80,8.00
2007.07.06 08:11:21.934,1.2316,1.2318,32.80,72.80
2007.07.06 08:11:21.965,1.2316,1.2318,34.40,71.20
2007.07.06 08:11:22.011,1.2316,1.2318,42.40,63.60
2007.07.06 08:11:22.145,1.2316,1.2318,46.40,61.20
2007.07.06 08:11:22.498,1.2316,1.2318,50.40,57.20
2007.07.06 08:11:22.554,1.2316,1.2318,50.40,57.20
2007.07.06 08:11:22.741,1.2316,1.2317,48.00,4.00
2007.07.06 08:11:22.759,1.2316,1.2317,40.00,4.00
2007.07.06 08:11:22.874,1.2316,1.2317,40.00,12.00
2007.07.06 08:11:22.897,1.2316,1.2317,36.80,15.20
2007.07.06 08:11:23.195,1.2316,1.2317,45.50,23.20
2007.07.06 08:11:23.818,1.2316,1.2317,41.50,23.20
2007.07.06 08:11:29.974,1.2316,1.2317,41.50,0.90
2007.07.06 08:11:35.230,1.2316,1.2317,45.50,0.80
2007.07.06 08:11:37.684,1.2317,1.2318,4.00,75.80
2007.07.06 08:11:37.782,1.2316,1.2317,36.00,0.90
2007.07.06 08:11:37.879,1.2317,1.23185,7.20,64.80
2007.07.06 08:11:37.903,1.2317,1.2319,7.20,85.60
2007.07.06 08:11:37.978,1.2316,1.2317,64.70,0.50
2007.07.06 08:11:38.388,1.2317,1.2319,7.20,93.80
2007.07.06 08:11:38.420,1.2317,1.2318,7.20,0.80
2007.07.06 08:11:38.596,1.2317,1.2318,7.20,0.60
2007.07.06 08:11:38.642,1.2317,1.23185,7.20,60.80
2007.07.06 08:11:39.207,1.2317,1.23185,3.20,61.40
2007.07.06 08:11:39.307,1.2316,1.23185,44.80,64.60
2007.07.06 08:11:39.418,1.2316,1.2317,68.70,0.90
2007.07.06 08:11:39.448,1.2316,1.2318,60.70,56.70
2007.07.06 08:11:39.820,1.2316,1.2319,60.70,85.50
2007.07.06 08:11:40.411,1.2316,1.2318,56.70,0.60
2007.07.06 08:11:41.189,1.2316,1.2319,56.70,79.30
2007.07.06 08:11:41.263,1.2316,1.2318,40.70,58.70
2007.07.06 08:11:41.361,1.2316,1.2317,37.50,0.50
2007.07.06 08:11:41.383,1.2316,1.23175,45.50,15.60
2007.07.06 08:11:41.471,1.2316,1.23175,45.50,18.80
2007.07.06 08:11:42.310,1.2316,1.2317,45.50,0.80
2007.07.06 08:11:43.369,1.2316,1.2317,45.50,0.70
2007.07.06 08:11:43.599,1.2316,1.2317,41.50,0.60
2007.07.06 08:11:43.758,1.2316,1.23175,41.50,21.20
2007.07.06 08:11:43.870,1.2316,1.23175,44.70,18.00
2007.07.06 08:11:43.897,1.2316,1.2317,44.70,0.60
2007.07.06 08:11:44.146,1.2316,1.2317,52.70,0.80
2007.07.06 08:11:44.480,1.2316,1.2318,56.70,60.00
2007.07.06 08:11:44.753,1.2316,1.2318,49.60,55.60
2007.07.06 08:11:44.847,1.2316,1.2317,51.20,0.60
2007.07.06 08:11:44.895,1.2316,1.2317,52.80,0.50
2007.07.06 08:11:44.962,1.23165,1.2317,8.00,0.90
2007.07.06 08:11:45.205,1.2316,1.23175,68.70,15.60
2007.07.06 08:11:45.267,1.2316,1.2317,69.50,0.70
2007.07.06 08:11:45.376,1.2316,1.23175,67.10,15.60
2007.07.06 08:11:45.409,1.2316,1.23175,65.50,15.60
2007.07.06 08:11:45.441,1.2316,1.23175,61.50,15.60
2007.07.06 08:11:45.507,1.2316,1.2318,69.50,59.40
2007.07.06 08:11:45.581,1.2316,1.2318,45.60,60.00
2007.07.06 08:11:45.788,1.2316,1.23185,69.50,61.70
2007.07.06 08:11:45.899,1.2316,1.23185,65.50,73.60
2007.07.06 08:11:46.204,1.2316,1.2318,40.80,0.80
2007.07.06 08:11:46.267,1.2316,1.2318,40.80,0.50
2007.07.06 08:11:46.303,1.2316,1.2318,40.80,0.70
2007.07.06 08:11:46.514,1.2316,1.2318,40.80,0.90
2007.07.06 08:11:46.723,1.2316,1.23185,64.70,68.70
2007.07.06 08:11:46.798,1.2316,1.2319,64.70,96.90
2007.07.06 08:11:47.317,1.2315,1.2319,103.30,87.40
2007.07.06 08:11:47.333,1.2316,1.2318,0.60,0.80
2007.07.06 08:11:47.628,1.23155,1.2319,68.70,87.40
2007.07.06 08:11:47.651,1.2316,1.2318,0.80,0.90
2007.07.06 08:11:47.752,1.2316,1.2318,0.90,0.60
2007.07.06 08:11:47.848,1.2316,1.2317,0.50,0.60
2007.07.06 08:11:48.038,1.2316,1.2317,0.70,0.90
2007.07.06 08:11:48.633,1.23155,1.2318,49.50,64.60
2007.07.06 08:11:48.747,1.23155,1.2318,49.50,68.60
2007.07.06 08:11:48.795,1.23155,1.2318,53.50,70.50
2007.07.06 08:11:54.250,1.2316,1.2317,0.80,0.70
2007.07.06 08:11:54.312,1.2316,1.2317,0.80,0.60
2007.07.06 08:11:54.376,1.23155,1.23175,51.10,18.80
2007.07.06 08:11:54.483,1.2316,1.2317,0.60,0.60
2007.07.06 08:11:54.594,1.2315,1.2318,80.80,63.40
2007.07.06 08:11:54.977,1.2315,1.2319,79.90,107.50
2007.07.06 08:11:55.293,1.2316,1.2318,0.60,0.90
2007.07.06 08:11:55.552,1.2315,1.2319,80.70,102.90
2007.07.06 08:11:55.916,1.2315,1.2318,81.10,59.60
2007.07.06 08:11:56.712,1.2316,1.2317,0.80,0.90
2007.07.06 08:11:56.752,1.23155,1.23175,57.50,15.60
2007.07.06 08:11:56.842,1.2316,1.2317,0.70,0.90
2007.07.06 08:11:57.116,1.23155,1.23175,60.70,15.60
2007.07.06 08:11:57.468,1.23155,1.23175,56.70,15.60
2007.07.06 08:11:58.374,1.23155,1.2317,56.70,12.00
2007.07.06 08:11:59.206,1.23155,1.2317,56.70,8.00
2007.07.06 08:11:59.291,1.2315,1.2317,90.20,8.00
2007.07.06 08:11:59.312,1.2316,1.2317,16.90,8.00
2007.07.06 08:11:59.420,1.2315,1.2318,91.40,80.70
2007.07.06 08:11:59.704,1.2316,1.2318,5.70,80.30
2007.07.06 08:12:00.139,1.2316,1.2318,0.50,80.20
2007.07.06 08:12:00.265,1.2315,1.2318,88.50,80.20
2007.07.06 08:12:00.355,1.2316,1.2318,54.30,72.60
2007.07.06 08:12:00.386,1.2316,1.2318,42.40,63.50
2007.07.06 08:12:00.406,1.2316,1.2318,46.40,59.50
2007.07.06 08:12:00.531,1.2317,1.2318,1.00,56.30
2007.07.06 08:12:01.143,1.2317,1.2318,1.10,52.30
2007.07.06 08:12:01.235,1.2317,1.2318,3.70,52.30
2007.07.06 08:12:01.396,1.23165,1.2318,15.20,52.00
2007.07.06 08:12:03.178,1.23165,1.2318,11.20,52.00
2007.07.06 08:12:03.248,1.2317,1.2318,1.50,52.00
2007.07.06 08:12:03.349,1.23165,1.2318,11.20,40.10
2007.07.06 08:12:03.380,1.2316,1.2318,52.80,43.30
2007.07.06 08:12:03.558,1.2316,1.2318,52.80,43.60
2007.07.06 08:12:03.667,1.23165,1.2318,2.40,40.50
2007.07.06 08:12:03.700,1.23165,1.2318,1.40,42.10
2007.07.06 08:12:03.780,1.23165,1.2318,4.20,46.00
2007.07.06 08:12:03.875,1.2316,1.2317,64.70,8.00
2007.07.06 08:12:03.937,1.2316,1.2317,20.50,8.00
2007.07.06 08:12:04.200,1.23155,1.2317,60.70,8.00
2007.07.06 08:12:04.522,1.23155,1.2317,56.70,8.00
2007.07.06 08:12:04.724,1.2316,1.2317,19.20,12.00
2007.07.06 08:12:08.157,1.23155,1.2317,60.70,12.00
2007.07.06 08:12:08.668,1.23155,1.2317,56.70,12.00
2007.07.06 08:12:16.703,1.2316,1.2317,48.70,12.80
2007.07.06 08:12:16.897,1.2316,1.2317,48.70,16.00
2007.07.06 08:12:17.417,1.2316,1.2317,48.70,12.00
2007.07.06 08:12:17.730,1.2316,1.2317,28.80,35.90
2007.07.06 08:12:17.847,1.2316,1.23165,24.00,0.80
2007.07.06 08:12:18.019,1.2316,1.23165,16.00,0.80
2007.07.06 08:12:18.241,1.2316,1.23165,12.00,0.80
2007.07.06 08:12:18.265,1.2315,1.2316,51.20,4.60
2007.07.06 08:12:18.381,1.2315,1.2316,55.10,4.60
2007.07.06 08:12:18.471,1.2315,1.2316,55.10,13.20
2007.07.06 08:12:18.567,1.2315,1.2316,55.10,14.80
2007.07.06 08:12:18.831,1.2315,1.2316,51.10,18.80
2007.07.06 08:12:18.921,1.2315,1.2316,51.10,19.10
2007.07.06 08:12:19.106,1.2315,1.2316,47.10,19.10
2007.07.06 08:12:19.332,1.2315,1.2316,51.10,14.80
2007.07.06 08:12:19.434,1.2315,1.2316,47.10,14.80
2007.07.06 08:12:19.444,1.2315,1.2316,47.10,15.40
2007.07.06 08:12:19.743,1.2315,1.2316,43.10,19.40
2007.07.06 08:12:19.838,1.2315,1.2316,43.10,19.60
2007.07.06 08:12:20.565,1.2315,1.2316,43.10,19.90
2007.07.06 08:12:22.309,1.2315,1.2316,43.10,19.60
2007.07.06 08:12:22.814,1.2315,1.2316,43.10,20.00
2007.07.06 08:12:23.254,1.2315,1.2316,43.10,19.80
2007.07.06 08:12:23.443,1.2315,1.2316,43.10,20.20
2007.07.06 08:12:23.749,1.2315,1.2316,43.10,20.40
2007.07.06 08:12:26.815,1.2315,1.2316,43.10,20.80
2007.07.06 08:12:27.401,1.2315,1.2316,43.10,20.40
2007.07.06 08:12:27.768,1.2315,1.2316,47.10,20.40
2007.07.06 08:12:28.328,1.2315,1.2316,47.10,20.80
2007.07.06 08:12:28.525,1.2315,1.2316,47.10,0.80
2007.07.06 08:12:28.844,1.2315,1.2316,47.10,0.90
2007.07.06 08:12:30.293,1.2315,1.23165,39.10,29.20
2007.07.06 08:12:30.596,1.2315,1.2316,47.10,0.60
2007.07.06 08:12:30.698,1.2315,1.23165,47.10,30.40
2007.07.06 08:12:30.754,1.2315,1.23165,39.10,30.40
2007.07.06 08:12:30.810,1.2315,1.2316,39.10,29.60
2007.07.06 08:12:30.854,1.2315,1.23155,35.90,10.80
2007.07.06 08:12:30.872,1.2315,1.23155,12.00,10.00
2007.07.06 08:12:30.976,1.2314,1.2315,57.50,0.90
2007.07.06 08:12:31.209,1.2314,1.23155,57.50,10.80
2007.07.06 08:12:31.482,1.2314,1.2315,53.50,0.60
2007.07.06 08:12:32.344,1.2314,1.2316,56.70,77.20
2007.07.06 08:12:32.428,1.2314,1.23165,64.70,75.00
2007.07.06 08:12:32.462,1.2314,1.23165,60.70,74.40
2007.07.06 08:12:32.663,1.2314,1.2316,64.70,0.70
2007.07.06 08:12:32.704,1.2314,1.2316,56.70,74.40
2007.07.06 08:12:32.858,1.2314,1.23155,56.70,15.60
2007.07.06 08:12:32.869,1.2314,1.2315,53.50,0.70
2007.07.06 08:12:33.684,1.2314,1.2315,53.50,0.90
2007.07.06 08:12:33.801,1.2314,1.2315,53.50,0.80
2007.07.06 08:12:40.385,1.2314,1.23155,53.50,22.80
2007.07.06 08:12:40.897,1.2314,1.23155,53.50,14.80
2007.07.06 08:12:44.638,1.2314,1.2315,54.30,0.60
2007.07.06 08:12:44.709,1.2314,1.23155,54.30,10.80
2007.07.06 08:12:44.734,1.2314,1.23155,50.30,10.80
2007.07.06 08:12:44.785,1.2314,1.2315,58.30,0.80
2007.07.06 08:12:44.814,1.2314,1.23165,61.50,80.40
2007.07.06 08:12:44.844,1.2314,1.23165,61.50,80.10
2007.07.06 08:12:45.134,1.2314,1.2316,62.30,0.50
2007.07.06 08:12:45.227,1.2314,1.2316,58.30,0.90
2007.07.06 08:12:45.417,1.2314,1.23165,62.30,80.10
2007.07.06 08:12:45.630,1.2314,1.23165,66.30,76.10
2007.07.06 08:12:45.860,1.2314,1.2316,66.30,79.30
2007.07.06 08:12:46.682,1.2314,1.2316,65.50,78.50
2007.07.06 08:12:46.786,1.2314,1.2316,69.50,76.10
2007.07.06 08:12:46.844,1.2314,1.2315,61.50,0.70
2007.07.06 08:12:47.189,1.2314,1.23155,60.70,15.60
2007.07.06 08:12:47.521,1.2314,1.2315,56.70,0.60
2007.07.06 08:12:47.785,1.2314,1.23155,56.70,19.60
2007.07.06 08:12:52.188,1.2314,1.23155,56.70,15.60
2007.07.06 08:12:52.299,1.2314,1.2316,64.70,0.70
2007.07.06 08:12:52.402,1.2314,1.2316,64.70,0.50
2007.07.06 08:12:52.463,1.2314,1.23165,72.70,51.60
2007.07.06 08:12:53.464,1.2314,1.23165,76.70,47.60
2007.07.06 08:12:56.462,1.2314,1.2316,64.70,54.00
2007.07.06 08:12:56.467,1.2314,1.2316,61.50,54.00
2007.07.06 08:12:56.559,1.2314,1.2315,65.50,0.90
2007.07.06 08:12:56.661,1.2314,1.2315,61.50,11.20
2007.07.06 08:12:56.849,1.2314,1.2315,53.50,11.20
2007.07.06 08:12:56.870,1.2314,1.2315,53.50,15.20
2007.07.06 08:13:03.271,1.2314,1.2315,49.50,15.20
2007.07.06 08:13:03.312,1.2314,1.2315,45.50,19.20
2007.07.06 08:13:03.382,1.2314,1.2315,43.90,19.20
2007.07.06 08:13:03.398,1.2314,1.2315,20.00,31.10
2007.07.06 08:13:03.475,1.2314,1.2315,20.00,38.70
2007.07.06 08:13:03.706,1.2314,1.2315,12.00,38.70
2007.07.06 08:13:03.806,1.2314,1.2315,4.00,46.70
2007.07.06 08:13:03.933,1.2314,1.2315,8.00,50.70
2007.07.06 08:13:04.335,1.2313,1.2315,75.10,50.70
2007.07.06 08:13:07.111,1.2313,1.2315,75.10,52.30
2007.07.06 08:13:07.237,1.2313,1.2315,75.10,54.90
2007.07.06 08:13:07.319,1.2313,1.2314,71.90,4.80
2007.07.06 08:13:07.338,1.2313,1.2314,63.90,8.80
2007.07.06 08:13:07.435,1.2313,1.2314,55.90,8.80
2007.07.06 08:13:07.459,1.2313,1.2314,55.90,4.80
2007.07.06 08:13:07.647,1.2313,1.2314,55.90,0.70
2007.07.06 08:13:07.660,1.2314,1.23145,4.00,12.40
2007.07.06 08:13:07.735,1.2313,1.2314,52.70,0.90
2007.07.06 08:13:07.829,1.2313,1.2314,55.10,0.90
2007.07.06 08:13:07.867,1.2314,1.2315,39.10,39.60
2007.07.06 08:13:08.022,1.2314,1.2316,40.70,71.50
2007.07.06 08:13:08.040,1.2314,1.23155,40.70,37.20
2007.07.06 08:13:08.073,1.2314,1.2315,40.70,0.90
2007.07.06 08:13:08.192,1.2314,1.23155,40.70,31.90
2007.07.06 08:13:08.286,1.2314,1.23155,40.70,31.60
2007.07.06 08:13:10.649,1.2314,1.23155,40.70,32.40
2007.07.06 08:13:10.704,1.2314,1.23155,36.70,32.40
2007.07.06 08:13:10.771,1.2314,1.2315,32.70,0.70
2007.07.06 08:13:11.155,1.2314,1.23155,32.70,36.60
2007.07.06 08:13:11.234,1.2314,1.23155,27.10,38.20
2007.07.06 08:13:11.267,1.2314,1.2315,11.20,68.50
2007.07.06 08:13:11.326,1.2313,1.2314,36.00,0.80
2007.07.06 08:13:11.367,1.2314,1.23145,3.20,9.20
2007.07.06 08:13:11.633,1.2313,1.23145,59.10,9.20
2007.07.06 08:13:11.773,1.2313,1.2314,67.10,0.60
2007.07.06 08:13:11.783,1.2313,1.2314,63.10,0.80
2007.07.06 08:13:12.243,1.2313,1.2315,63.10,76.80
2007.07.06 08:13:12.612,1.2313,1.2314,67.10,0.90
2007.07.06 08:13:12.817,1.2313,1.2314,59.10,0.50
2007.07.06 08:13:13.494,1.2313,1.2314,55.10,0.60
2007.07.06 08:13:16.863,1.2314,1.23145,8.00,12.40
2007.07.06 08:13:17.782,1.2313,1.23145,55.10,13.20
2007.07.06 08:13:18.166,1.2313,1.23145,55.10,9.20
2007.07.06 08:13:18.211,1.2313,1.2314,56.70,0.80
2007.07.06 08:13:18.272,1.2314,1.2315,1.60,50.10
2007.07.06 08:13:18.414,1.2314,1.2315,9.60,48.40
2007.07.06 08:13:18.473,1.2314,1.2316,9.60,72.80
2007.07.06 08:13:18.708,1.2314,1.2316,9.60,74.40
2007.07.06 08:13:18.911,1.2314,1.2315,1.60,0.80
2007.07.06 08:13:19.126,1.2314,1.2315,1.60,0.90
2007.07.06 08:13:19.176,1.2314,1.2315,5.60,0.50
2007.07.06 08:13:19.243,1.2314,1.2316,25.50,76.80
2007.07.06 08:13:19.259,1.2314,1.23155,28.70,44.40
2007.07.06 08:13:19.289,1.2314,1.23155,28.70,42.80
2007.07.06 08:13:19.340,1.2314,1.23155,28.70,38.80
2007.07.06 08:13:19.423,1.2314,1.2315,28.70,0.50
2007.07.06 08:13:19.454,1.2314,1.23155,36.70,34.80
2007.07.06 08:13:19.927,1.2314,1.23155,40.70,30.80
2007.07.06 08:13:20.306,1.2314,1.2315,41.50,0.60
2007.07.06 08:13:21.162,1.2314,1.2315,37.50,0.60
2007.07.06 08:13:21.273,1.2314,1.23155,13.60,57.10
2007.07.06 08:13:21.368,1.2314,1.2315,13.60,0.60
2007.07.06 08:13:21.552,1.2314,1.2315,9.60,50.80
2007.07.06 08:13:21.773,1.2314,1.23145,1.60,0.90
2007.07.06 08:13:21.881,1.2314,1.2315,9.60,48.90
2007.07.06 08:13:21.894,1.2314,1.23145,8.00,12.40
2007.07.06 08:13:22.303,1.2313,1.23145,20.00,28.30
2007.07.06 08:13:22.593,1.2313,1.23145,16.00,28.30
2007.07.06 08:13:22.714,1.2313,1.2314,16.00,0.70
2007.07.06 08:13:22.800,1.2313,1.23145,16.00,36.30
2007.07.06 08:13:23.734,1.2314,1.23145,8.00,19.80
2007.07.06 08:13:23.755,1.2314,1.23145,8.00,12.40
2007.07.06 08:13:23.843,1.2314,1.2315,8.00,48.90
2007.07.06 08:13:23.933,1.2314,1.2316,8.00,72.90
2007.07.06 08:13:23.949,1.2314,1.2316,8.00,76.00
2007.07.06 08:13:24.162,1.2314,1.2315,8.00,0.70
2007.07.06 08:13:24.265,1.2313,1.2316,55.10,95.50
2007.07.06 08:13:24.367,1.2313,1.2315,55.10,0.50
2007.07.06 08:13:24.539,1.2313,1.2316,59.10,95.10
2007.07.06 08:13:25.680,1.2314,1.2316,1.60,95.10
2007.07.06 08:13:25.699,1.2314,1.2316,5.60,94.50
2007.07.06 08:13:25.725,1.2314,1.23155,5.60,58.70
2007.07.06 08:13:25.792,1.2314,1.2315,8.80,0.70
2007.07.06 08:13:25.807,1.2314,1.23155,12.80,39.50
2007.07.06 08:13:26.029,1.2314,1.2315,20.80,0.50
2007.07.06 08:13:26.749,1.2314,1.2315,16.80,0.90
2007.07.06 08:13:26.806,1.2314,1.23155,20.80,51.50
2007.07.06 08:13:27.163,1.2314,1.23155,20.80,52.30
2007.07.06 08:13:27.287,1.2314,1.2315,16.80,0.70
2007.07.06 08:13:27.371,1.2314,1.23155,9.60,73.10
2007.07.06 08:13:27.528,1.2314,1.2316,9.60,100.00
2007.07.06 08:13:27.584,1.2314,1.2316,9.60,78.40
2007.07.06 08:13:27.782,1.2314,1.2315,8.00,50.80
2007.07.06 08:13:27.810,1.2313,1.23145,40.80,29.10
2007.07.06 08:13:27.870,1.2313,1.23145,37.60,32.30
2007.07.06 08:13:27.895,1.2314,1.23145,8.00,16.40
2007.07.06 08:13:28.690,1.2314,1.23145,8.00,20.40
2007.07.06 08:13:29.949,1.2313,1.23145,32.00,36.30
2007.07.06 08:13:30.348,1.2313,1.23145,28.00,40.30
2007.07.06 08:13:31.912,1.2313,1.2314,16.00,0.70
2007.07.06 08:13:32.550,1.2313,1.2314,16.00,0.90
2007.07.06 08:13:32.711,1.2314,1.2315,4.00,57.90
2007.07.06 08:13:32.769,1.23135,1.2314,8.00,0.50
2007.07.06 08:13:32.788,1.2314,1.2315,4.00,64.20
2007.07.06 08:13:32.871,1.2314,1.2315,4.00,48.00
2007.07.06 08:13:32.894,1.2314,1.2315,5.60,48.00
2007.07.06 08:13:33.105,1.2314,1.2315,5.60,44.00
2007.07.06 08:13:33.130,1.2314,1.23155,17.60,59.50
2007.07.06 08:13:33.189,1.2314,1.2315,17.60,0.70
2007.07.06 08:13:33.278,1.2314,1.2315,17.60,51.10
2007.07.06 08:13:34.751,1.2314,1.2315,21.60,44.20
2007.07.06 08:13:35.156,1.2314,1.2315,21.60,43.90
2007.07.06 08:13:35.274,1.2314,1.2315,21.60,43.10
2007.07.06 08:13:47.453,1.2314,1.2315,21.60,35.10
2007.07.06 08:13:47.873,1.2314,1.2315,21.60,43.10
2007.07.06 08:13:49.329,1.2314,1.2315,25.60,35.10
2007.07.06 08:13:49.635,1.2314,1.2315,21.60,35.10
2007.07.06 08:13:49.944,1.2314,1.2315,21.60,43.10
2007.07.06 08:13:55.681,1.2314,1.2315,25.60,43.10
2007.07.06 08:13:57.442,1.2314,1.2315,21.60,43.10
2007.07.06 08:13:57.637,1.2314,1.2315,17.60,43.10
2007.07.06 08:14:07.702,1.2314,1.2315,17.60,35.10
2007.07.06 08:14:07.775,1.2314,1.2315,25.60,35.10
2007.07.06 08:14:07.798,1.2314,1.2315,41.50,11.20
2007.07.06 08:14:07.809,1.2314,1.2315,44.70,8.00
2007.07.06 08:14:07.886,1.2314,1.2315,48.70,8.00
2007.07.06 08:14:08.381,1.2314,1.2315,52.70,8.00
2007.07.06 08:14:08.414,1.2314,1.2316,48.70,46.60
2007.07.06 08:14:08.881,1.2314,1.2316,52.70,54.40
2007.07.06 08:14:09.668,1.2314,1.2316,52.70,54.00
2007.07.06 08:14:10.175,1.2314,1.2316,58.30,54.00
2007.07.06 08:14:10.198,1.2315,1.2316,4.00,69.60
2007.07.06 08:14:10.274,1.2315,1.2316,4.00,68.00
2007.07.06 08:14:10.297,1.2315,1.2316,12.00,63.60
2007.07.06 08:14:10.473,1.2315,1.2316,12.00,56.00
2007.07.06 08:14:10.707,1.2315,1.2316,12.00,52.00
2007.07.06 08:14:11.540,1.23145,1.2316,20.00,52.00
2007.07.06 08:14:12.659,1.2315,1.2316,4.60,52.40
2007.07.06 08:14:13.792,1.23145,1.2316,20.00,52.00
2007.07.06 08:14:15.177,1.2315,1.2316,7.50,48.00
2007.07.06 08:14:15.800,1.23145,1.2316,20.00,52.00
2007.07.06 08:14:19.188,1.2315,1.2316,5.30,48.00
2007.07.06 08:14:22.263,1.23145,1.2316,24.00,47.10
2007.07.06 08:14:23.239,1.23145,1.2316,20.00,51.10
2007.07.06 08:14:23.441,1.23145,1.2316,20.00,51.50
2007.07.06 08:14:26.839,1.2315,1.2316,1.50,51.50
2007.07.06 08:14:27.328,1.23145,1.2316,20.00,51.50
2007.07.06 08:14:36.207,1.23145,1.2316,20.00,51.10
2007.07.06 08:14:37.853,1.23145,1.2316,12.00,51.10
2007.07.06 08:14:40.468,1.2315,1.2316,12.00,50.80
2007.07.06 08:14:40.668,1.2315,1.2316,12.00,50.00
2007.07.06 08:14:40.893,1.2315,1.2316,12.00,50.50
2007.07.06 08:14:40.986,1.2315,1.2316,16.00,46.80
2007.07.06 08:14:41.097,1.2315,1.2316,8.00,46.80
2007.07.06 08:14:41.218,1.2315,1.2316,16.00,46.80
2007.07.06 08:14:41.414,1.2315,1.2316,16.00,46.00
2007.07.06 08:14:41.521,1.2315,1.2316,16.00,46.50
2007.07.06 08:14:41.619,1.2315,1.2316,16.00,46.80
2007.07.06 08:14:41.925,1.2315,1.2316,12.00,50.80
2007.07.06 08:14:42.050,1.2315,1.2316,4.00,50.80
2007.07.06 08:14:42.756,1.2315,1.2316,4.00,50.50
2007.07.06 08:14:42.857,1.2315,1.2316,4.00,50.30
2007.07.06 08:14:42.982,1.2315,1.2316,12.00,50.00
2007.07.06 08:14:43.321,1.2315,1.2316,16.00,48.40
2007.07.06 08:14:43.490,1.2315,1.2316,16.90,47.10
2007.07.06 08:14:43.583,1.2315,1.2316,16.00,47.10
2007.07.06 08:14:43.697,1.2315,1.2316,20.00,43.10
2007.07.06 08:14:43.744,1.2315,1.2316,20.00,35.10
2007.07.06 08:14:43.763,1.2315,1.2316,28.00,35.10
2007.07.06 08:14:43.794,1.2315,1.2316,43.90,19.20
2007.07.06 08:14:43.841,1.2315,1.2316,47.10,16.00
2007.07.06 08:14:43.891,1.2315,1.2316,55.10,8.80
2007.07.06 08:14:44.015,1.2315,1.2316,51.10,8.80
2007.07.06 08:14:44.162,1.2315,1.2316,51.10,10.40
2007.07.06 08:14:44.224,1.2315,1.2316,39.20,26.40
2007.07.06 08:14:44.271,1.2315,1.2316,31.20,30.40
2007.07.06 08:14:44.543,1.2315,1.2316,35.20,30.40
2007.07.06 08:14:45.290,1.2315,1.2316,35.20,34.40
2007.07.06 08:14:45.472,1.2315,1.2316,31.20,34.40
2007.07.06 08:14:46.907,1.2315,1.2316,31.20,34.90
2007.07.06 08:14:47.093,1.2315,1.2316,31.20,35.20
2007.07.06 08:14:47.739,1.2315,1.2316,31.20,34.40
2007.07.06 08:14:48.033,1.2315,1.2316,31.20,34.50
2007.07.06 08:14:48.244,1.2315,1.2316,31.20,34.40
2007.07.06 08:14:48.356,1.2315,1.2316,31.20,34.30
2007.07.06 08:14:48.608,1.2315,1.2316,31.20,30.30
2007.07.06 08:14:49.075,1.2315,1.2316,47.10,14.40
2007.07.06 08:14:49.314,1.2315,1.2316,53.50,14.40
2007.07.06 08:14:50.950,1.2315,1.2316,53.50,13.60
2007.07.06 08:14:53.213,1.2315,1.2316,53.50,13.70
2007.07.06 08:14:53.329,1.2315,1.2316,53.50,14.40
2007.07.06 08:14:53.437,1.2315,1.2316,53.50,14.90
2007.07.06 08:14:53.533,1.2315,1.2316,53.50,15.10
2007.07.06 08:14:53.623,1.2315,1.2316,53.50,15.50
2007.07.06 08:14:53.739,1.2315,1.2316,33.60,35.60
2007.07.06 08:14:53.756,1.2315,1.2316,23.20,35.60
2007.07.06 08:14:53.840,1.2315,1.2316,19.20,39.60
2007.07.06 08:14:53.851,1.2315,1.2316,19.20,47.20
2007.07.06 08:14:53.943,1.2315,1.2316,3.20,51.40
2007.07.06 08:14:54.043,1.2315,1.2316,11.20,51.40
2007.07.06 08:14:54.116,1.2315,1.2316,8.00,56.20
2007.07.06 08:14:54.262,1.2315,1.2316,8.00,55.80
2007.07.06 08:14:54.465,1.2315,1.2316,8.00,56.40
2007.07.06 08:14:55.083,1.2315,1.2316,8.00,56.70
2007.07.06 08:14:56.456,1.2314,1.2316,83.90,56.70
2007.07.06 08:14:57.262,1.2314,1.2316,83.90,56.40
2007.07.06 08:14:57.928,1.2314,1.2316,83.10,56.40
2007.07.06 08:14:58.750,1.2315,1.2316,4.00,56.40
2007.07.06 08:14:58.814,1.2315,1.2316,4.00,48.80
2007.07.06 08:14:58.838,1.2315,1.2316,8.00,47.20
2007.07.06 08:14:58.852,1.2315,1.2316,23.90,31.20
2007.07.06 08:14:58.949,1.2315,1.2316,27.90,27.20
2007.07.06 08:14:59.092,1.2315,1.2316,35.90,27.20
2007.07.06 08:14:59.873,1.2315,1.2316,39.90,27.20
2007.07.06 08:15:01.917,1.2315,1.2316,39.90,27.00
2007.07.06 08:15:02.215,1.2315,1.2316,39.90,26.80
2007.07.06 08:15:02.724,1.2315,1.2316,39.90,26.50
2007.07.06 08:15:03.056,1.2315,1.2316,39.90,26.30
2007.07.06 08:15:03.468,1.2315,1.2316,39.90,26.50
2007.07.06 08:15:03.756,1.2315,1.2316,11.10,26.50
2007.07.06 08:15:03.908,1.23145,1.2316,47.90,26.30
2007.07.06 08:15:05.345,1.2315,1.2316,11.30,26.50
2007.07.06 08:15:05.855,1.23145,1.2316,47.90,26.30
2007.07.06 08:15:06.364,1.23145,1.2316,47.90,26.50
2007.07.06 08:15:06.673,1.2315,1.2316,19.30,26.80
2007.07.06 08:15:06.877,1.2315,1.2316,15.00,26.60
2007.07.06 08:15:07.384,1.23145,1.2316,47.90,26.80
2007.07.06 08:15:07.898,1.2315,1.2316,6.20,26.60
2007.07.06 08:15:08.411,1.2315,1.2316,9.10,26.80
2007.07.06 08:15:09.141,1.2315,1.2316,7.90,26.60
2007.07.06 08:15:09.543,1.23145,1.2316,47.90,26.80
2007.07.06 08:15:10.020,1.23145,1.2316,47.90,26.60
2007.07.06 08:15:10.429,1.23145,1.2316,47.90,26.80
2007.07.06 08:15:19.324,1.2315,1.2316,5.60,24.80
2007.07.06 08:15:19.738,1.2315,1.2316,2.20,16.80
2007.07.06 08:15:19.756,1.2315,1.2316,4.30,11.20
2007.07.06 08:15:19.818,1.2314,1.2316,78.30,11.20
2007.07.06 08:15:19.829,1.2315,1.2316,10.30,11.20
2007.07.06 08:15:19.855,1.2314,1.2316,92.70,8.00
2007.07.06 08:15:20.030,1.2315,1.2316,23.30,8.00
2007.07.06 08:15:20.156,1.2315,1.2316,13.30,8.00
2007.07.06 08:15:20.258,1.2314,1.2316,91.50,8.00
2007.07.06 08:15:20.278,1.2315,1.2316,71.50,8.00
2007.07.06 08:15:20.457,1.2316,1.2317,0.90,26.80
2007.07.06 08:15:20.603,1.2315,1.2317,76.00,19.20
2007.07.06 08:15:24.201,1.2316,1.2317,1.10,27.20
2007.07.06 08:15:24.257,1.2315,1.2317,20.60,32.80
2007.07.06 08:15:24.306,1.2314,1.2316,88.70,8.00
2007.07.06 08:15:24.927,1.2314,1.2317,91.10,48.30
2007.07.06 08:15:25.220,1.2315,1.2317,8.20,52.30
2007.07.06 08:15:26.034,1.2314,1.2318,91.10,79.20
2007.07.06 08:15:27.161,1.2316,1.2317,0.80,0.90
2007.07.06 08:15:27.271,1.2316,1.2317,0.70,0.70
2007.07.06 08:15:27.374,1.2315,1.2318,66.60,68.90
2007.07.06 08:15:27.582,1.2316,1.2317,0.70,0.70
2007.07.06 08:15:28.294,1.2316,1.2317,0.70,0.90
2007.07.06 08:15:29.501,1.23155,1.23175,48.70,31.60
2007.07.06 08:15:29.775,1.2316,1.2317,0.70,0.50
2007.07.06 08:15:48.367,1.2316,1.2317,36.70,0.90
2007.07.06 08:15:48.978,1.2316,1.23175,44.70,27.60
2007.07.06 08:15:54.978,1.2316,1.2317,36.70,20.00
2007.07.06 08:15:55.192,1.2316,1.2317,27.10,20.00
2007.07.06 08:15:55.277,1.2316,1.2317,3.20,43.90
2007.07.06 08:15:55.291,1.2316,1.2317,3.20,53.10
2007.07.06 08:15:55.402,1.2315,1.2317,56.30,56.30
2007.07.06 08:15:55.697,1.2315,1.2317,56.30,44.40
2007.07.06 08:15:56.208,1.2315,1.2317,55.80,44.40
2007.07.06 08:15:56.315,1.2315,1.2317,55.20,44.40
2007.07.06 08:15:58.049,1.2315,1.2317,55.80,44.40
2007.07.06 08:16:02.751,1.2315,1.2317,51.80,48.40
2007.07.06 08:16:02.859,1.2315,1.2317,55.80,48.40
2007.07.06 08:16:02.957,1.2315,1.2317,55.80,44.40
2007.07.06 08:16:03.175,1.2315,1.2317,51.80,48.40
2007.07.06 08:16:03.233,1.2315,1.2317,51.20,48.40
2007.07.06 08:16:03.343,1.2316,1.2317,0.80,48.40
2007.07.06 08:16:04.112,1.2316,1.2318,0.80,75.20
2007.07.06 08:16:12.402,1.2316,1.2318,0.80,91.20
2007.07.06 08:16:12.815,1.2315,1.2318,47.20,92.60
2007.07.06 08:16:12.886,1.2315,1.2316,47.20,0.90
2007.07.06 08:16:13.335,1.2315,1.2316,55.10,0.70
2007.07.06 08:16:13.398,1.2315,1.2317,51.90,52.40
2007.07.06 08:16:13.447,1.2315,1.2317,59.90,56.40
2007.07.06 08:16:13.566,1.2315,1.23165,51.90,20.40
2007.07.06 08:16:14.318,1.2315,1.2316,51.90,0.90
2007.07.06 08:16:14.549,1.2315,1.2316,47.90,0.60
2007.07.06 08:16:14.778,1.2315,1.23165,43.90,28.40
2007.07.06 08:16:14.887,1.2315,1.2316,35.90,0.90
2007.07.06 08:16:16.946,1.2315,1.2316,43.90,0.60
2007.07.06 08:16:17.130,1.2315,1.2316,39.90,0.80
2007.07.06 08:16:17.280,1.2315,1.23165,24.00,44.30
2007.07.06 08:16:17.326,1.2315,1.23165,24.00,48.30
2007.07.06 08:16:17.895,1.2315,1.2316,16.00,0.50
2007.07.06 08:16:18.881,1.2315,1.23165,24.00,48.30
2007.07.06 08:16:20.065,1.2315,1.2316,16.00,0.50
2007.07.06 08:16:24.846,1.2315,1.23165,16.00,49.60
2007.07.06 08:16:25.026,1.2315,1.23165,16.00,49.70
2007.07.06 08:16:25.252,1.2315,1.2316,16.00,0.70
2007.07.06 08:16:25.463,1.2315,1.23165,16.00,48.30
2007.07.06 08:16:25.571,1.2315,1.23165,16.00,52.30
2007.07.06 08:16:25.875,1.2315,1.2316,16.00,0.80
2007.07.06 08:16:25.997,1.2315,1.23165,16.00,50.50
2007.07.06 08:16:26.102,1.2315,1.2316,16.00,0.80
2007.07.06 08:16:26.720,1.2315,1.23165,16.00,58.70
2007.07.06 08:16:26.735,1.2315,1.23155,16.00,0.50
2007.07.06 08:16:26.823,1.2315,1.23155,4.00,23.50
2007.07.06 08:16:26.955,1.2314,1.23155,44.00,27.50
2007.07.06 08:16:27.041,1.2314,1.2315,44.00,0.90
2007.07.06 08:16:27.055,1.2314,1.23155,42.40,39.50
2007.07.06 08:16:27.254,1.2314,1.2315,40.80,0.50
2007.07.06 08:16:27.384,1.2314,1.23155,36.80,39.50
2007.07.06 08:16:27.475,1.2314,1.2315,40.80,0.80
2007.07.06 08:16:27.525,1.2314,1.23155,36.80,39.50
2007.07.06 08:16:27.683,1.2314,1.2315,32.80,0.60
2007.07.06 08:16:27.892,1.2314,1.2315,36.80,0.60
2007.07.06 08:16:28.195,1.2314,1.2315,36.80,0.80
2007.07.06 08:16:28.289,1.2314,1.23155,40.80,15.60
2007.07.06 08:16:28.362,1.2314,1.2316,48.80,58.00
2007.07.06 08:16:28.897,1.2314,1.23165,56.70,58.00
2007.07.06 08:16:29.507,1.2314,1.2316,56.70,58.00
2007.07.06 08:16:29.834,1.2314,1.23165,56.70,54.80
2007.07.06 08:16:29.896,1.2314,1.2316,60.70,0.90
2007.07.06 08:16:30.041,1.2314,1.2316,60.70,50.30
2007.07.06 08:16:30.127,1.2314,1.2316,61.50,52.70
2007.07.06 08:16:30.249,1.2315,1.2316,4.00,76.90
2007.07.06 08:16:30.339,1.2314,1.2316,29.60,69.10
2007.07.06 08:16:30.346,1.2314,1.2315,26.40,0.80
2007.07.06 08:16:30.796,1.23145,1.2316,8.00,65.50
2007.07.06 08:16:30.961,1.2314,1.2316,48.80,60.40
2007.07.06 08:16:31.208,1.2314,1.2315,40.80,0.70
2007.07.06 08:16:31.272,1.2314,1.23155,36.80,31.50
2007.07.06 08:16:31.276,1.2314,1.23155,36.80,35.50
2007.07.06 08:16:31.380,1.2314,1.23155,33.60,38.70
2007.07.06 08:16:32.206,1.2314,1.2315,36.00,0.90
2007.07.06 08:16:32.231,1.2314,1.2316,44.00,70.40
2007.07.06 08:16:32.288,1.2314,1.2316,44.00,70.40
2007.07.06 08:16:32.308,1.2314,1.2316,48.00,62.10
2007.07.06 08:16:32.421,1.2314,1.2315,51.20,0.90
2007.07.06 08:16:32.544,1.2314,1.2316,47.20,66.10
2007.07.06 08:16:32.712,1.2314,1.2315,47.20,0.70
2007.07.06 08:16:32.725,1.2314,1.2316,46.40,66.10
2007.07.06 08:16:32.773,1.2314,1.23155,38.40,19.60
2007.07.06 08:16:32.829,1.2314,1.2315,34.40,0.70
2007.07.06 08:16:32.926,1.2314,1.2315,34.40,0.80
2007.07.06 08:16:33.248,1.2314,1.2315,32.80,0.70
2007.07.06 08:16:33.350,1.2314,1.23155,32.80,35.50
2007.07.06 08:16:33.672,1.2314,1.2315,32.80,28.30
2007.07.06 08:16:33.857,1.2314,1.2315,32.80,29.10
2007.07.06 08:16:34.071,1.2314,1.2315,32.80,30.40
2007.07.06 08:16:34.412,1.2314,1.2315,9.20,30.40
2007.07.06 08:16:34.719,1.2314,1.2315,13.20,34.40
2007.07.06 08:16:35.098,1.2314,1.2315,7.60,35.30
2007.07.06 08:16:35.735,1.2314,1.2315,28.80,39.30
2007.07.06 08:16:35.955,1.2314,1.2315,28.80,38.40
2007.07.06 08:16:36.368,1.2314,1.2315,20.80,42.40
2007.07.06 08:16:36.469,1.2314,1.2315,20.80,43.00
2007.07.06 08:16:36.571,1.2314,1.2315,20.80,39.00
2007.07.06 08:16:41.871,1.2314,1.2315,28.80,39.00
2007.07.06 08:16:41.970,1.2314,1.2315,20.80,39.00
2007.07.06 08:16:42.281,1.2314,1.2315,20.80,39.60
2007.07.06 08:16:42.403,1.2314,1.2315,28.80,39.60
2007.07.06 08:16:42.685,1.2314,1.2315,28.80,39.00
2007.07.06 08:16:42.887,1.2314,1.2315,20.80,39.00
2007.07.06 08:16:43.718,1.2314,1.2315,20.80,39.30
2007.07.06 08:16:43.836,1.2314,1.2315,20.80,39.60
2007.07.06 08:16:44.247,1.2314,1.2315,20.80,39.30
2007.07.06 08:16:44.350,1.2314,1.2315,20.80,39.00
2007.07.06 08:16:44.459,1.2314,1.2315,28.80,39.60
2007.07.06 08:16:44.865,1.2314,1.2315,20.80,39.60
2007.07.06 08:16:45.294,1.2314,1.2315,28.80,39.60
2007.07.06 08:16:45.487,1.2314,1.2315,20.80,39.60
2007.07.06 08:16:45.903,1.2314,1.2315,28.80,39.50
2007.07.06 08:16:47.535,1.2314,1.2315,28.80,38.90
2007.07.06 08:16:47.865,1.2314,1.2315,32.80,34.90
2007.07.06 08:16:53.977,1.2314,1.2315,32.80,35.00
2007.07.06 08:16:56.324,1.2314,1.2315,32.80,35.10
2007.07.06 08:17:02.254,1.2314,1.2315,32.80,35.40
2007.07.06 08:17:03.790,1.2314,1.2315,24.80,35.40
2007.07.06 08:17:03.887,1.2314,1.2315,32.80,35.40
2007.07.06 08:17:04.695,1.2314,1.2315,28.80,39.40
2007.07.06 08:17:06.732,1.2314,1.2315,32.80,35.40
2007.07.06 08:17:08.790,1.2314,1.2315,32.80,34.60
2007.07.06 08:17:08.867,1.2314,1.2315,33.60,33.80
2007.07.06 08:17:08.888,1.2314,1.2315,33.60,31.90
2007.07.06 08:17:09.144,1.2314,1.2315,33.60,27.90
2007.07.06 08:17:09.205,1.2314,1.2315,49.50,12.00
2007.07.06 08:17:09.264,1.2314,1.2315,49.50,8.00
2007.07.06 08:17:09.384,1.2314,1.2315,57.50,8.00
2007.07.06 08:17:09.604,1.2314,1.2315,45.60,8.00
2007.07.06 08:17:10.404,1.2314,1.2315,49.60,8.00
2007.07.06 08:17:11.466,1.2314,1.2315,53.60,8.00
2007.07.06 08:17:12.950,1.2314,1.2316,61.50,49.60
2007.07.06 08:17:13.768,1.2314,1.2316,61.50,49.40
2007.07.06 08:17:14.188,1.2314,1.2316,62.30,49.40
2007.07.06 08:17:14.295,1.2314,1.2316,62.30,48.00
2007.07.06 08:17:14.408,1.2315,1.2316,4.00,72.00
2007.07.06 08:17:14.628,1.2315,1.2316,4.00,64.40
2007.07.06 08:17:14.710,1.2315,1.2316,4.00,69.00
2007.07.06 08:17:14.815,1.2315,1.2316,4.00,53.70
2007.07.06 08:17:14.855,1.2315,1.2316,7.20,48.90
2007.07.06 08:17:15.362,1.2315,1.2316,11.20,48.90
2007.07.06 08:17:15.649,1.2315,1.2316,11.20,48.80
2007.07.06 08:17:17.993,1.2315,1.2316,11.20,48.70
2007.07.06 08:17:18.771,1.2315,1.2316,11.20,48.50
2007.07.06 08:17:19.185,1.2315,1.2316,15.20,48.50
2007.07.06 08:17:19.214,1.2315,1.2316,15.20,52.50
2007.07.06 08:17:19.275,1.2315,1.2316,15.20,54.10
2007.07.06 08:17:19.317,1.23145,1.2315,8.00,8.00
2007.07.06 08:17:19.404,1.2314,1.2315,31.20,8.00
2007.07.06 08:17:19.507,1.2314,1.2315,18.40,27.10
2007.07.06 08:17:19.597,1.2314,1.2315,18.40,35.10
2007.07.06 08:17:19.728,1.2314,1.2315,18.40,35.10
2007.07.06 08:17:19.903,1.2314,1.2315,42.40,35.10
2007.07.06 08:17:20.647,1.2314,1.2315,38.40,35.10
2007.07.06 08:17:20.728,1.2314,1.2315,42.40,35.10
2007.07.06 08:17:20.763,1.2314,1.2315,38.40,35.10
2007.07.06 08:17:21.514,1.2314,1.2315,34.40,35.10
2007.07.06 08:17:22.581,1.2314,1.2315,30.40,35.10
2007.07.06 08:17:39.869,1.2314,1.2315,26.40,35.10
2007.07.06 08:17:43.039,1.2314,1.2315,30.40,35.10
2007.07.06 08:17:43.250,1.2314,1.2315,26.40,35.10
2007.07.06 08:17:44.657,1.2314,1.2315,30.40,35.10
2007.07.06 08:17:44.707,1.2314,1.2315,30.40,31.10
2007.07.06 08:17:44.813,1.2314,1.2315,42.30,15.20
2007.07.06 08:17:44.904,1.2314,1.2315,45.50,12.00
2007.07.06 08:17:44.952,1.2314,1.2315,53.50,12.00
2007.07.06 08:17:45.088,1.2314,1.2315,57.50,12.00
2007.07.06 08:17:45.182,1.2314,1.2315,58.30,12.00
2007.07.06 08:17:45.274,1.2314,1.2315,46.40,12.00
2007.07.06 08:17:45.320,1.2315,1.2316,4.00,53.50
2007.07.06 08:17:45.526,1.2315,1.2316,8.00,60.20
2007.07.06 08:17:45.595,1.2315,1.2316,8.00,51.90
2007.07.06 08:17:46.444,1.23145,1.2315,8.00,8.00
2007.07.06 08:17:46.943,1.2315,1.2316,8.00,52.00
2007.07.06 08:17:48.579,1.2315,1.2316,8.00,51.90
2007.07.06 08:17:50.654,1.2315,1.2316,8.00,52.00
2007.07.06 08:17:51.275,1.2315,1.2316,8.00,51.90
2007.07.06 08:17:51.586,1.2315,1.2316,12.00,47.30
2007.07.06 08:17:51.999,1.2315,1.2316,8.00,47.30
2007.07.06 08:17:53.028,1.2315,1.2316,8.00,47.90
2007.07.06 08:17:53.231,1.2315,1.2316,8.00,47.00
2007.07.06 08:17:53.842,1.2315,1.2316,16.00,47.00
2007.07.06 08:17:54.341,1.2315,1.2316,16.00,45.90
2007.07.06 08:17:54.460,1.2315,1.2316,16.00,44.70
2007.07.06 08:17:55.553,1.2315,1.2316,16.00,45.40
2007.07.06 08:17:55.648,1.2315,1.2316,16.00,46.40
2007.07.06 08:17:56.263,1.2315,1.2316,16.00,47.50
2007.07.06 08:17:57.374,1.2315,1.2316,16.00,47.20
2007.07.06 08:17:57.701,1.2315,1.2316,16.00,47.10
2007.07.06 08:17:57.805,1.2315,1.2316,16.00,46.40
2007.07.06 08:17:59.013,1.2315,1.2316,16.00,46.70
2007.07.06 08:18:03.284,1.2315,1.2316,16.00,47.20
2007.07.06 08:18:03.391,1.2315,1.2316,16.00,47.50
2007.07.06 08:18:06.671,1.2315,1.2316,16.00,49.10
2007.07.06 08:18:06.766,1.2315,1.2316,16.00,48.30
2007.07.06 08:18:06.879,1.2315,1.2316,16.00,48.10
2007.07.06 08:18:06.975,1.2315,1.2316,16.00,48.80
2007.07.06 08:18:07.081,1.2315,1.2316,8.00,49.10
2007.07.06 08:18:07.369,1.2315,1.2316,8.00,48.10
2007.07.06 08:18:08.301,1.2315,1.2316,8.00,47.20
2007.07.06 08:18:08.413,1.2315,1.2316,8.00,47.40
2007.07.06 08:18:08.512,1.2315,1.2316,16.00,48.00
2007.07.06 08:18:08.830,1.2315,1.2316,16.00,48.80
2007.07.06 08:18:09.004,1.2315,1.2316,8.00,48.80
2007.07.06 08:18:09.348,1.2315,1.2316,8.00,47.20
2007.07.06 08:18:09.631,1.2315,1.2316,8.00,51.20
2007.07.06 08:18:09.743,1.2315,1.2316,4.00,50.80
2007.07.06 08:18:09.765,1.2314,1.2316,54.40,52.40
2007.07.06 08:18:09.839,1.2314,1.2316,54.40,54.00
2007.07.06 08:18:10.147,1.2314,1.2316,52.80,54.00
2007.07.06 08:18:10.255,1.2314,1.2316,53.60,54.70
2007.07.06 08:18:10.300,1.23145,1.2316,8.00,47.10
2007.07.06 08:18:10.382,1.23145,1.2316,8.00,47.60
2007.07.06 08:18:10.481,1.2315,1.2316,7.20,54.80
2007.07.06 08:18:10.591,1.2315,1.2316,11.20,50.80
2007.07.06 08:18:10.795,1.2315,1.2316,11.20,50.40
2007.07.06 08:18:10.889,1.2315,1.2316,11.20,45.60
2007.07.06 08:18:11.713,1.2315,1.2316,11.20,45.40
2007.07.06 08:18:11.929,1.2315,1.2316,19.20,45.40
2007.07.06 08:18:12.345,1.2315,1.2316,19.20,45.20
2007.07.06 08:18:12.457,1.2315,1.2316,23.20,45.20
2007.07.06 08:18:12.747,1.2315,1.2316,23.20,45.10
2007.07.06 08:18:12.950,1.2315,1.2316,19.20,45.10
2007.07.06 08:18:13.793,1.2315,1.2316,19.20,44.90
2007.07.06 08:18:14.309,1.2315,1.2316,19.20,45.10
2007.07.06 08:18:14.400,1.2315,1.2316,19.20,44.90
2007.07.06 08:18:14.705,1.2315,1.2316,19.20,45.10
2007.07.06 08:18:15.140,1.2315,1.2316,23.20,45.10
2007.07.06 08:18:17.590,1.2315,1.2316,23.20,43.10
2007.07.06 08:18:17.804,1.2315,1.2316,19.20,43.10
2007.07.06 08:18:18.006,1.2315,1.2316,19.20,43.80
2007.07.06 08:18:18.737,1.2315,1.2316,19.20,43.60
2007.07.06 08:18:18.939,1.2315,1.2316,11.20,43.60
2007.07.06 08:18:19.359,1.2315,1.2316,11.20,43.10
2007.07.06 08:18:19.622,1.2315,1.2316,11.20,43.90
2007.07.06 08:18:19.924,1.2315,1.2316,11.20,44.30
2007.07.06 08:18:20.036,1.2315,1.2316,19.20,44.30
2007.07.06 08:18:20.239,1.2315,1.2316,23.20,44.30
2007.07.06 08:18:20.346,1.2315,1.2316,15.20,44.30
2007.07.06 08:18:20.647,1.2315,1.2316,11.20,44.30
2007.07.06 08:18:20.750,1.2315,1.2316,15.20,44.30
2007.07.06 08:18:22.287,1.2315,1.2316,23.20,44.30
2007.07.06 08:18:22.396,1.2315,1.2316,23.20,43.30
2007.07.06 08:18:22.504,1.2315,1.2316,23.20,43.40
2007.07.06 08:18:22.695,1.2315,1.2316,19.20,43.40
2007.07.06 08:18:24.434,1.2315,1.2316,19.20,43.70
2007.07.06 08:18:27.260,1.2315,1.2316,19.20,44.50
2007.07.06 08:18:35.219,1.2315,1.2316,19.20,44.60
2007.07.06 08:18:35.639,1.2315,1.2316,19.20,43.90
2007.07.06 08:18:35.735,1.2315,1.2316,19.20,48.30
2007.07.06 08:18:35.838,1.2315,1.2316,23.20,48.30
2007.07.06 08:18:36.358,1.2315,1.2316,23.20,49.10
2007.07.06 08:18:36.790,1.23145,1.2316,31.20,49.10
2007.07.06 08:18:37.975,1.23145,1.2316,23.20,49.10
2007.07.06 08:18:38.289,1.2315,1.2316,0.50,49.40
2007.07.06 08:18:38.426,1.23145,1.2316,23.20,47.90
2007.07.06 08:18:38.511,1.23145,1.2316,19.20,47.90
2007.07.06 08:18:39.021,1.23145,1.2316,23.20,47.90
2007.07.06 08:18:39.332,1.23145,1.2316,23.20,48.10
2007.07.06 08:18:39.446,1.2315,1.2316,1.90,48.50
2007.07.06 08:18:39.550,1.2315,1.2316,8.00,50.20
2007.07.06 08:18:39.699,1.23145,1.2315,15.30,4.00
2007.07.06 08:18:39.722,1.2315,1.2316,1.50,50.40
2007.07.06 08:18:39.803,1.2314,1.2315,47.20,10.40
2007.07.06 08:18:39.908,1.2314,1.2315,43.20,10.40
2007.07.06 08:18:40.019,1.2314,1.2315,40.00,13.60
2007.07.06 08:18:40.127,1.2314,1.2315,14.80,37.50
2007.07.06 08:18:40.177,1.23135,1.2315,52.00,37.50
2007.07.06 08:18:40.275,1.2314,1.2315,7.50,37.50
2007.07.06 08:18:41.475,1.2314,1.2315,12.10,37.50
2007.07.06 08:18:41.636,1.23135,1.2315,41.60,29.50
2007.07.06 08:18:41.775,1.23135,1.2315,41.60,19.10
2007.07.06 08:18:41.883,1.2314,1.2315,3.70,15.90
2007.07.06 08:18:41.948,1.2314,1.2315,8.70,15.90
2007.07.06 08:18:42.064,1.2313,1.2316,93.80,55.60
2007.07.06 08:18:42.153,1.2314,1.2316,17.30,55.30
2007.07.06 08:18:42.270,1.2313,1.2315,93.90,8.00
2007.07.06 08:18:42.674,1.2313,1.2315,88.70,8.00
2007.07.06 08:18:42.690,1.2313,1.2315,88.70,8.00
2007.07.06 08:18:42.877,1.2314,1.2316,26.30,52.30
2007.07.06 08:18:43.524,1.2314,1.2316,0.70,52.20
2007.07.06 08:18:43.607,1.2314,1.2315,25.70,8.00
2007.07.06 08:18:43.825,1.2313,1.2316,86.40,52.20
2007.07.06 08:18:44.290,1.2313,1.2316,74.50,52.20
2007.07.06 08:18:44.360,1.2314,1.2316,22.00,44.60
2007.07.06 08:18:44.495,1.2314,1.2316,48.80,68.50
2007.07.06 08:18:44.603,1.2313,1.2316,74.70,44.60
2007.07.06 08:18:44.626,1.2314,1.2316,48.80,44.60
2007.07.06 08:18:44.898,1.2313,1.2316,86.60,52.20
2007.07.06 08:18:44.917,1.2313,1.2316,86.70,51.90
2007.07.06 08:18:45.116,1.2313,1.2316,83.90,51.90
2007.07.06 08:18:45.233,1.2313,1.2316,81.50,51.90
2007.07.06 08:18:45.255,1.2314,1.2316,62.30,48.70
2007.07.06 08:18:45.330,1.2315,1.2316,0.50,52.40
2007.07.06 08:18:45.426,1.23145,1.2316,15.20,44.80
2007.07.06 08:18:45.436,1.2315,1.2316,2.10,43.80
2007.07.06 08:18:45.471,1.2315,1.2316,2.40,42.20
2007.07.06 08:18:45.552,1.2315,1.2316,1.00,54.10
2007.07.06 08:18:45.850,1.2315,1.2316,6.40,54.70
2007.07.06 08:18:45.948,1.23145,1.2316,23.20,54.80
2007.07.06 08:18:46.065,1.23145,1.2316,23.20,50.80
2007.07.06 08:18:46.283,1.23145,1.2316,15.20,22.40
2007.07.06 08:18:46.405,1.2314,1.2315,50.40,8.00
2007.07.06 08:18:46.416,1.2314,1.2315,4.50,8.00
2007.07.06 08:18:46.586,1.2314,1.2315,17.60,8.00
2007.07.06 08:18:46.799,1.2314,1.2316,24.70,75.50
2007.07.06 08:18:46.907,1.2313,1.2315,87.30,8.00
2007.07.06 08:18:47.265,1.2314,1.2315,24.20,8.00
2007.07.06 08:18:47.415,1.2314,1.2316,19.60,75.80
2007.07.06 08:18:47.627,1.23135,1.2316,61.50,75.80
2007.07.06 08:18:47.762,1.2314,1.2316,4.70,75.80
2007.07.06 08:18:47.842,1.2314,1.2316,75.90,51.90
2007.07.06 08:18:47.940,1.2314,1.2316,77.50,65.80
2007.07.06 08:18:48.016,1.2315,1.2316,2.10,58.20
2007.07.06 08:18:48.342,1.23145,1.2316,12.00,58.00
2007.07.06 08:18:48.546,1.23145,1.2316,12.00,57.80
2007.07.06 08:18:48.664,1.23145,1.2316,12.00,57.50
2007.07.06 08:18:48.760,1.2315,1.2316,2.30,57.50
2007.07.06 08:18:49.787,1.23145,1.2316,16.00,57.20
2007.07.06 08:18:50.208,1.23145,1.2316,20.00,53.20
2007.07.06 08:18:50.513,1.23145,1.2316,20.00,53.20
2007.07.06 08:18:50.623,1.23145,1.2316,16.00,53.20
2007.07.06 08:18:50.835,1.2315,1.2316,0.50,51.80
2007.07.06 08:18:51.227,1.2315,1.2316,3.10,51.60
2007.07.06 08:18:51.351,1.2315,1.2316,1.90,52.40
2007.07.06 08:18:51.734,1.2315,1.2316,7.90,51.70
2007.07.06 08:18:51.978,1.2315,1.2316,1.80,51.70
2007.07.06 08:18:56.322,1.23145,1.2316,16.00,51.40
2007.07.06 08:18:57.884,1.2315,1.2316,6.80,51.40
2007.07.06 08:18:57.964,1.23145,1.2316,24.00,50.60
2007.07.06 08:19:02.360,1.23145,1.2316,24.00,50.40
2007.07.06 08:19:02.569,1.2315,1.2316,4.80,50.40
2007.07.06 08:19:02.663,1.2315,1.2316,1.80,50.30
2007.07.06 08:19:02.786,1.23145,1.2316,24.50,50.30
2007.07.06 08:19:03.300,1.2315,1.2316,7.90,50.30
2007.07.06 08:19:03.700,1.23145,1.2316,28.00,50.30
2007.07.06 08:19:03.814,1.2315,1.2316,4.10,50.30
2007.07.06 08:19:04.282,1.2315,1.2316,0.60,50.30
2007.07.06 08:19:04.345,1.23145,1.2316,28.00,50.30
2007.07.06 08:19:05.577,1.2315,1.2316,16.00,50.30
2007.07.06 08:19:07.845,1.2315,1.2316,8.00,50.30
2007.07.06 08:19:08.353,1.2315,1.2316,8.00,50.50
2007.07.06 08:19:08.700,1.2315,1.2316,8.00,50.70
2007.07.06 08:19:08.813,1.2315,1.2316,8.00,51.60
2007.07.06 08:19:09.329,1.2315,1.2316,8.00,50.80
2007.07.06 08:19:10.254,1.2315,1.2316,8.00,51.60
2007.07.06 08:19:10.406,1.2315,1.2316,16.00,50.80
2007.07.06 08:19:10.876,1.2315,1.2316,8.00,50.80
2007.07.06 08:19:11.196,1.2315,1.2316,8.00,51.20
2007.07.06 08:19:11.315,1.2315,1.2316,8.00,51.60
2007.07.06 08:19:11.496,1.2315,1.2316,8.00,51.60
2007.07.06 08:19:13.655,1.2315,1.2316,8.00,52.00
2007.07.06 08:19:13.852,1.2315,1.2316,8.00,55.20
2007.07.06 08:19:15.431,1.2315,1.2316,16.00,55.20
2007.07.06 08:19:15.528,1.2315,1.2316,16.00,55.10
2007.07.06 08:19:15.937,1.2315,1.2316,8.00,55.10
2007.07.06 08:19:16.257,1.2315,1.2316,8.00,51.90
2007.07.06 08:19:16.659,1.2315,1.2316,8.00,52.70
2007.07.06 08:19:16.735,1.23145,1.2315,8.00,5.60
2007.07.06 08:19:16.770,1.23145,1.2315,8.00,21.50
2007.07.06 08:19:16.824,1.2314,1.2315,48.00,21.50
2007.07.06 08:19:16.853,1.2314,1.2315,44.80,24.70
2007.07.06 08:19:16.867,1.2314,1.2315,40.80,32.70
2007.07.06 08:19:17.014,1.2314,1.2315,40.80,24.70
2007.07.06 08:19:17.193,1.2314,1.2315,37.60,24.70
2007.07.06 08:19:17.385,1.2314,1.2315,37.60,32.70
2007.07.06 08:19:17.495,1.2314,1.2315,33.60,32.70
2007.07.06 08:19:17.575,1.2314,1.2315,37.60,32.70
2007.07.06 08:19:18.182,1.2314,1.2315,37.60,36.70
2007.07.06 08:19:22.355,1.2314,1.2315,33.60,36.70
2007.07.06 08:19:22.669,1.2314,1.2315,37.60,36.70
2007.07.06 08:19:22.684,1.2314,1.2315,33.60,36.70
2007.07.06 08:19:22.918,1.2314,1.2315,29.60,36.70
2007.07.06 08:19:23.121,1.2314,1.2315,33.60,36.70
2007.07.06 08:19:24.420,1.2314,1.2315,37.60,36.70
2007.07.06 08:19:24.622,1.2314,1.2315,33.60,36.70
2007.07.06 08:19:24.727,1.2314,1.2315,37.60,36.70
2007.07.06 08:19:26.168,1.2314,1.2315,33.60,36.70
2007.07.06 08:19:27.257,1.2314,1.2315,37.60,36.70
2007.07.06 08:19:27.390,1.2314,1.2315,37.60,35.90
2007.07.06 08:19:31.374,1.2314,1.2315,33.60,35.90
2007.07.06 08:19:34.231,1.2314,1.2315,37.60,20.00
2007.07.06 08:19:34.325,1.2314,1.2315,40.80,8.00
2007.07.06 08:19:34.342,1.2314,1.2315,48.80,8.00
2007.07.06 08:19:35.666,1.2314,1.2315,45.60,8.00
2007.07.06 08:19:35.764,1.2314,1.2315,29.60,8.00
2007.07.06 08:19:35.818,1.2314,1.2315,33.60,8.00
2007.07.06 08:19:35.885,1.2315,1.2316,4.00,55.20
2007.07.06 08:19:36.369,1.2315,1.2316,4.00,54.40
2007.07.06 08:19:36.678,1.2315,1.2316,8.00,54.40
2007.07.06 08:19:38.223,1.2315,1.2316,8.00,54.80
2007.07.06 08:19:40.224,1.2315,1.2316,8.00,58.80
2007.07.06 08:19:40.577,1.2314,1.2316,55.20,58.80
2007.07.06 08:19:41.889,1.2315,1.2316,1.80,59.20
2007.07.06 08:19:48.735,1.2315,1.2316,3.00,55.20
2007.07.06 08:19:48.798,1.2315,1.2316,2.60,54.00
2007.07.06 08:19:49.763,1.2315,1.2316,4.20,58.00
2007.07.06 08:19:50.271,1.2315,1.2316,3.40,54.00
2007.07.06 08:19:50.758,1.2314,1.2316,61.60,50.00
2007.07.06 08:19:50.866,1.2314,1.2316,61.60,50.00
2007.07.06 08:19:51.249,1.2314,1.2316,63.20,50.00
2007.07.06 08:19:54.747,1.2314,1.2316,63.20,50.80
2007.07.06 08:19:54.961,1.2315,1.2316,4.80,50.80
2007.07.06 08:19:55.156,1.2315,1.2316,7.10,50.80
2007.07.06 08:19:55.182,1.2314,1.2316,61.60,50.80
2007.07.06 08:19:55.885,1.2314,1.2316,61.60,50.80
2007.07.06 08:19:55.989,1.2315,1.2316,4.80,50.80
2007.07.06 08:19:57.508,1.2315,1.2316,4.20,50.00
2007.07.06 08:19:57.776,1.2315,1.2316,3.90,54.00
2007.07.06 08:19:59.219,1.2314,1.2316,59.20,54.50
2007.07.06 08:20:05.080,1.2314,1.2316,55.20,58.50
2007.07.06 08:20:06.809,1.2314,1.2316,59.20,54.50
2007.07.06 08:20:07.291,1.2314,1.2316,56.00,53.60
2007.07.06 08:20:07.701,1.2315,1.2316,4.20,52.70
2007.07.06 08:20:07.916,1.2314,1.2315,33.60,8.00
2007.07.06 08:20:08.937,1.2315,1.2316,8.00,53.90
2007.07.06 08:20:09.243,1.2315,1.2316,8.00,53.10
2007.07.06 08:20:09.802,1.2315,1.2316,8.00,52.70
2007.07.06 08:20:12.176,1.2315,1.2316,4.00,54.30
2007.07.06 08:20:12.253,1.2314,1.2316,52.80,67.10
2007.07.06 08:20:12.353,1.2314,1.2316,44.80,74.70
2007.07.06 08:20:12.367,1.2314,1.2316,56.70,50.80
2007.07.06 08:20:12.666,1.2314,1.2316,56.70,50.80
2007.07.06 08:20:13.191,1.2314,1.2316,56.70,55.70
2007.07.06 08:20:13.204,1.2314,1.2315,56.70,4.00
2007.07.06 08:20:13.288,1.2314,1.2315,40.80,31.90
2007.07.06 08:20:13.607,1.2314,1.2315,36.80,31.90
2007.07.06 08:20:14.219,1.2314,1.2315,36.80,35.90
2007.07.06 08:20:27.652,1.2314,1.2315,36.80,39.10
2007.07.06 08:20:37.265,1.2314,1.2315,36.80,39.40
2007.07.06 08:20:37.305,1.2314,1.2315,36.80,40.20
2007.07.06 08:20:37.579,1.2314,1.2315,36.80,39.90
2007.07.06 08:20:37.702,1.2314,1.2315,36.80,40.20
2007.07.06 08:20:37.722,1.2314,1.2315,32.80,40.20
2007.07.06 08:20:37.791,1.2314,1.2315,32.80,41.60
2007.07.06 08:20:38.192,1.2314,1.2315,32.80,40.00
2007.07.06 08:20:38.311,1.2314,1.2315,32.80,40.30
2007.07.06 08:20:38.419,1.2314,1.2315,32.80,41.60
2007.07.06 08:20:38.733,1.2314,1.2315,32.80,42.00
2007.07.06 08:20:38.831,1.2314,1.2315,24.80,42.00
2007.07.06 08:20:39.342,1.2314,1.2315,24.80,42.50
2007.07.06 08:20:39.701,1.2313,1.2315,57.60,42.50
2007.07.06 08:20:39.752,1.2314,1.2315,20.80,46.00
2007.07.06 08:20:39.868,1.2314,1.2315,20.80,46.60
2007.07.06 08:20:39.965,1.2314,1.2315,20.80,46.40
2007.07.06 08:20:40.171,1.2313,1.2314,33.60,4.00
2007.07.06 08:20:40.269,1.2313,1.2314,25.60,11.20
2007.07.06 08:20:40.382,1.2313,1.2314,27.20,12.80
2007.07.06 08:20:40.419,1.2313,1.2314,35.20,44.70
2007.07.06 08:20:41.382,1.2313,1.2314,31.20,44.70
2007.07.06 08:20:42.692,1.2313,1.2314,27.20,44.70
2007.07.06 08:20:48.144,1.2313,1.2314,31.20,44.70
2007.07.06 08:20:48.648,1.2313,1.2314,35.20,40.70
2007.07.06 08:20:48.682,1.2314,1.23145,4.00,7.60
2007.07.06 08:20:48.778,1.2314,1.2315,5.60,49.60
2007.07.06 08:20:48.881,1.2314,1.2315,12.80,68.80
2007.07.06 08:20:48.990,1.2314,1.2315,12.80,61.20
2007.07.06 08:20:49.112,1.2314,1.2315,12.80,61.60
2007.07.06 08:20:49.187,1.2314,1.2315,12.80,58.70
2007.07.06 08:20:49.379,1.2314,1.2315,12.80,54.70
2007.07.06 08:20:49.903,1.2314,1.2315,12.80,54.60
2007.07.06 08:20:50.307,1.2314,1.2315,12.80,54.00
2007.07.06 08:20:50.521,1.2313,1.2314,28.00,8.00
2007.07.06 08:20:51.148,1.2314,1.2315,12.80,59.00
2007.07.06 08:20:51.452,1.2314,1.2315,12.80,58.70
2007.07.06 08:20:51.852,1.2314,1.2315,12.80,58.60
2007.07.06 08:20:51.958,1.2314,1.2315,12.80,58.90
2007.07.06 08:20:52.649,1.2314,1.2315,12.80,66.50
2007.07.06 08:20:52.670,1.2314,1.2315,7.20,66.50
2007.07.06 08:20:52.750,1.2314,1.2315,3.20,54.60
2007.07.06 08:20:52.769,1.2313,1.2315,40.80,57.80
2007.07.06 08:20:52.826,1.2313,1.2314,48.70,8.00
2007.07.06 08:20:52.920,1.2313,1.2315,48.70,78.10
2007.07.06 08:20:52.979,1.2313,1.2315,47.10,78.10
2007.07.06 08:20:53.239,1.2313,1.2315,47.10,77.70
2007.07.06 08:20:53.555,1.2313,1.2315,43.10,81.70
2007.07.06 08:20:53.848,1.2313,1.2315,43.10,81.80
2007.07.06 08:20:54.059,1.2313,1.2315,47.10,81.80
2007.07.06 08:20:54.167,1.2313,1.2315,47.10,77.80
2007.07.06 08:20:54.888,1.2313,1.2315,43.10,81.80
2007.07.06 08:20:55.295,1.2313,1.2315,39.10,81.80
2007.07.06 08:20:55.376,1.2313,1.23145,39.10,7.60
2007.07.06 08:20:55.654,1.2313,1.2315,39.10,82.20
2007.07.06 08:20:55.706,1.2313,1.2315,43.10,78.20
2007.07.06 08:20:55.724,1.2313,1.2314,43.10,4.00
2007.07.06 08:20:55.937,1.2313,1.23145,43.10,7.60
2007.07.06 08:20:56.010,1.2313,1.23145,39.10,7.60
2007.07.06 08:20:56.131,1.2313,1.23145,39.90,7.60
2007.07.06 08:20:56.227,1.2313,1.23145,40.70,7.60
2007.07.06 08:20:56.332,1.2314,1.23145,3.20,7.60
2007.07.06 08:20:56.349,1.2313,1.2314,41.50,8.00
2007.07.06 08:20:56.429,1.2313,1.2314,48.70,8.00
2007.07.06 08:20:56.644,1.2313,1.2314,52.70,8.00
2007.07.06 08:20:56.760,1.2313,1.2314,51.90,8.00
2007.07.06 08:20:56.784,1.2313,1.23145,51.90,15.60
2007.07.06 08:20:56.869,1.2313,1.23145,43.90,0.50
2007.07.06 08:20:57.168,1.2313,1.23145,43.10,0.60
2007.07.06 08:20:59.850,1.2313,1.23145,39.10,0.80
2007.07.06 08:21:00.359,1.2313,1.2315,39.10,85.10
2007.07.06 08:21:00.689,1.2313,1.23145,39.10,18.80
2007.07.06 08:21:01.007,1.2313,1.2314,47.10,0.80
2007.07.06 08:21:01.182,1.2313,1.23145,47.10,26.00
2007.07.06 08:21:01.405,1.2313,1.23145,27.20,49.90
2007.07.06 08:21:01.425,1.2313,1.2314,19.20,0.80
2007.07.06 08:21:02.213,1.2313,1.23145,19.20,53.90
2007.07.06 08:21:02.973,1.2313,1.23145,27.20,53.90
2007.07.06 08:21:03.362,1.2313,1.23145,19.20,53.90
2007.07.06 08:21:03.989,1.2313,1.23145,27.20,53.90
2007.07.06 08:21:04.755,1.2313,1.2314,19.20,0.60
2007.07.06 08:21:04.956,1.2313,1.23145,27.20,53.90
2007.07.06 08:21:13.739,1.2313,1.2314,27.20,0.70
2007.07.06 08:21:14.178,1.2313,1.23145,27.20,38.90
2007.07.06 08:21:14.273,1.2313,1.23145,39.10,0.60
2007.07.06 08:21:15.487,1.2313,1.23145,43.10,0.70
2007.07.06 08:21:15.600,1.2313,1.2316,43.10,121.50
2007.07.06 08:21:15.807,1.2313,1.2316,43.10,124.70
2007.07.06 08:21:15.895,1.2313,1.2316,39.10,124.70
2007.07.06 08:21:16.013,1.2313,1.2315,39.10,0.90
2007.07.06 08:21:16.118,1.2313,1.23145,39.10,0.50
2007.07.06 08:21:17.025,1.2313,1.2316,39.10,122.00
2007.07.06 08:21:17.195,1.2313,1.2316,47.10,122.00
2007.07.06 08:21:17.299,1.2313,1.2316,43.10,121.90
2007.07.06 08:21:17.391,1.2313,1.2315,43.10,0.70
2007.07.06 08:21:17.730,1.2313,1.2316,43.10,120.80
2007.07.06 08:21:17.840,1.2313,1.2315,43.10,0.60
2007.07.06 08:21:18.034,1.2313,1.2315,43.10,0.70
2007.07.06 08:21:18.245,1.2313,1.2315,43.10,0.70
2007.07.06 08:21:18.473,1.2313,1.23145,43.10,0.60
2007.07.06 08:21:18.772,1.2313,1.23145,39.10,0.90
2007.07.06 08:21:22.471,1.2313,1.2314,39.10,0.70
2007.07.06 08:21:23.183,1.2314,1.23145,1.60,15.60
2007.07.06 08:21:23.221,1.2314,1.23145,1.60,0.90
2007.07.06 08:21:23.387,1.2314,1.2315,4.80,78.10
2007.07.06 08:21:23.410,1.2314,1.2316,8.80,102.20
2007.07.06 08:21:23.516,1.2314,1.2316,8.80,112.90
2007.07.06 08:21:23.625,1.2314,1.2315,8.80,0.50
2007.07.06 08:21:24.225,1.2314,1.2315,12.80,0.60
2007.07.06 08:21:24.542,1.2314,1.2315,12.80,33.50
2007.07.06 08:21:28.288,1.2314,1.2315,12.80,25.90
2007.07.06 08:21:29.071,1.2314,1.2315,12.80,25.60
2007.07.06 08:21:30.845,1.2314,1.2315,12.80,24.80
2007.07.06 08:21:30.959,1.2314,1.2315,12.80,20.80
2007.07.06 08:21:31.132,1.2314,1.2315,12.80,20.00
2007.07.06 08:21:31.159,1.2314,1.2315,16.80,16.00
2007.07.06 08:21:31.265,1.2314,1.2315,40.70,8.00
2007.07.06 08:21:31.367,1.2314,1.2315,44.70,8.00
2007.07.06 08:21:31.784,1.2315,1.2316,4.00,51.30
2007.07.06 08:21:32.194,1.2315,1.2316,8.00,47.30
2007.07.06 08:21:32.212,1.2315,1.2316,8.00,44.90
2007.07.06 08:21:32.284,1.2315,1.2316,8.00,72.30
2007.07.06 08:21:32.402,1.2315,1.2316,11.20,67.50
2007.07.06 08:21:32.423,1.2315,1.2316,11.20,67.20
2007.07.06 08:21:32.478,1.23155,1.2316,1.60,64.00
2007.07.06 08:21:32.509,1.23155,1.2316,1.60,63.20
2007.07.06 08:21:32.741,1.23155,1.2316,1.60,55.60
2007.07.06 08:21:32.818,1.23155,1.2316,1.60,55.20
2007.07.06 08:21:33.436,1.23155,1.2316,1.60,51.20
2007.07.06 08:21:33.552,1.23155,1.2316,1.60,51.30
2007.07.06 08:21:35.186,1.23155,1.2316,1.60,43.30
2007.07.06 08:21:35.203,1.23155,1.2316,1.60,42.70
2007.07.06 08:21:35.404,1.2315,1.2316,15.20,42.70
2007.07.06 08:21:35.453,1.2315,1.2316,31.10,25.30
2007.07.06 08:21:35.539,1.2315,1.2316,31.10,25.60
2007.07.06 08:21:35.753,1.2315,1.2316,31.10,25.60
2007.07.06 08:21:35.809,1.2315,1.2316,31.10,21.60
2007.07.06 08:21:35.866,1.2315,1.2316,31.40,21.30
2007.07.06 08:21:36.024,1.2315,1.2316,31.40,19.70
2007.07.06 08:21:36.169,1.2315,1.2316,39.50,11.70
2007.07.06 08:21:36.279,1.2315,1.2316,39.30,11.70
2007.07.06 08:21:36.335,1.2315,1.2316,40.90,11.70
2007.07.06 08:21:36.384,1.2315,1.2316,40.70,11.70
2007.07.06 08:21:36.491,1.2316,1.23165,4.00,7.60
2007.07.06 08:21:36.700,1.2316,1.2317,4.00,48.90
2007.07.06 08:21:36.795,1.2316,1.2317,8.00,45.20
2007.07.06 08:21:36.845,1.2316,1.2317,8.00,37.60
2007.07.06 08:21:36.965,1.2316,1.2317,9.60,37.60
2007.07.06 08:21:37.131,1.2316,1.2317,9.60,69.50
2007.07.06 08:21:37.188,1.2316,1.2317,13.60,69.50
2007.07.06 08:21:37.224,1.2316,1.2317,13.60,65.20
2007.07.06 08:21:37.346,1.2316,1.2317,13.60,62.00
2007.07.06 08:21:37.435,1.2316,1.2317,13.60,30.40
2007.07.06 08:21:37.533,1.2316,1.2317,13.60,27.20
2007.07.06 08:21:37.810,1.2316,1.2317,8.00,27.20
2007.07.06 08:21:37.832,1.2316,1.2317,8.00,54.80
2007.07.06 08:21:38.222,1.2316,1.2317,8.00,56.40
2007.07.06 08:21:38.264,1.2316,1.2317,8.00,28.80
2007.07.06 08:21:38.300,1.2315,1.2316,70.00,8.00
2007.07.06 08:21:38.392,1.2315,1.2316,62.00,8.00
2007.07.06 08:21:38.586,1.2315,1.2316,60.80,8.00
2007.07.06 08:21:38.678,1.2315,1.2316,41.70,8.00
2007.07.06 08:21:38.731,1.2315,1.2316,41.70,21.60
2007.07.06 08:21:38.788,1.2315,1.2316,41.00,37.50
2007.07.06 08:21:38.886,1.2315,1.2316,36.50,41.30
2007.07.06 08:21:39.511,1.2315,1.2316,32.50,41.30
2007.07.06 08:21:39.949,1.2315,1.2316,36.50,41.30
2007.07.06 08:21:41.194,1.2315,1.2316,32.50,41.30
2007.07.06 08:21:41.705,1.2315,1.2316,32.50,33.30
2007.07.06 08:21:41.755,1.2315,1.2316,48.40,17.40
2007.07.06 08:21:41.864,1.2315,1.2316,44.40,5.60
2007.07.06 08:21:41.908,1.2315,1.2316,44.40,4.00
2007.07.06 08:21:42.125,1.2315,1.2316,48.40,4.00
2007.07.06 08:21:42.220,1.2315,1.2317,48.40,54.80
2007.07.06 08:21:42.298,1.2315,1.2317,48.40,52.40
2007.07.06 08:21:42.683,1.2316,1.2317,4.00,68.10
2007.07.06 08:21:42.736,1.2316,1.2317,4.00,66.50
2007.07.06 08:21:42.782,1.2316,1.2317,8.00,62.50
2007.07.06 08:21:42.840,1.2316,1.2317,11.20,51.70
2007.07.06 08:21:42.941,1.2316,1.2317,12.80,51.70
2007.07.06 08:21:43.681,1.2316,1.2317,16.80,51.70
2007.07.06 08:21:43.705,1.2316,1.2317,16.80,51.90
2007.07.06 08:21:43.933,1.2316,1.2317,16.80,47.90
2007.07.06 08:21:44.112,1.2316,1.2317,16.80,48.70
2007.07.06 08:21:44.197,1.2315,1.2316,35.90,8.00
2007.07.06 08:21:44.234,1.2315,1.2316,46.80,23.90
2007.07.06 08:21:44.394,1.2315,1.2316,42.00,23.90
2007.07.06 08:21:44.405,1.2315,1.2316,37.70,23.90
2007.07.06 08:21:44.425,1.2315,1.2316,37.70,31.90
2007.07.06 08:21:44.637,1.2315,1.2316,37.30,31.90
2007.07.06 08:21:44.708,1.2315,1.2316,41.30,31.90
2007.07.06 08:21:44.797,1.2315,1.2316,41.30,33.50
2007.07.06 08:21:45.161,1.2315,1.2316,40.50,33.50
2007.07.06 08:21:45.463,1.2315,1.2316,36.50,33.50
2007.07.06 08:21:45.655,1.2315,1.2316,36.70,33.50
2007.07.06 08:21:45.742,1.2315,1.2316,36.70,37.50
2007.07.06 08:21:46.595,1.2315,1.2316,36.60,37.50
2007.07.06 08:21:47.171,1.2315,1.2316,36.60,31.90
2007.07.06 08:21:47.224,1.2315,1.2316,40.60,16.00
2007.07.06 08:21:47.284,1.2315,1.2316,40.60,8.00
2007.07.06 08:21:47.322,1.2315,1.2316,40.90,8.00
2007.07.06 08:21:47.428,1.2315,1.2317,49.20,53.20
2007.07.06 08:21:47.483,1.2315,1.2317,57.20,53.20
2007.07.06 08:21:47.679,1.2315,1.2316,57.20,8.00
2007.07.06 08:21:47.795,1.2315,1.2316,51.80,8.00
2007.07.06 08:21:47.898,1.2315,1.2317,71.40,63.50
2007.07.06 08:21:47.911,1.2316,1.2317,3.20,60.30
2007.07.06 08:21:47.985,1.2316,1.2317,3.20,64.30
2007.07.06 08:21:48.006,1.2316,1.2317,4.80,64.30
2007.07.06 08:21:48.102,1.2316,1.2317,4.80,60.30
2007.07.06 08:21:48.199,1.2316,1.2317,4.80,59.50
2007.07.06 08:21:48.278,1.2316,1.2317,4.80,51.90
2007.07.06 08:21:48.317,1.2316,1.2317,8.80,55.90
2007.07.06 08:21:48.410,1.2316,1.2317,20.80,51.90
2007.07.06 08:21:48.472,1.2316,1.2317,20.80,47.90
2007.07.06 08:21:48.712,1.2316,1.2317,20.80,43.90
2007.07.06 08:21:49.461,1.2316,1.2317,24.80,43.90
2007.07.06 08:21:50.440,1.2316,1.2317,1.80,43.90
2007.07.06 08:21:51.686,1.23155,1.2317,36.80,43.90
2007.07.06 08:21:52.550,1.23155,1.2317,36.00,43.90
2007.07.06 08:21:52.961,1.2316,1.2317,11.10,43.90
2007.07.06 08:21:54.723,1.2316,1.2317,8.60,39.90
2007.07.06 08:21:54.751,1.23155,1.2317,55.90,16.00
2007.07.06 08:21:54.813,1.23155,1.2317,55.90,8.00
2007.07.06 08:21:54.854,1.23155,1.2317,40.00,8.00
2007.07.06 08:21:54.868,1.23155,1.2317,40.00,8.00
2007.07.06 08:21:54.941,1.23155,1.2318,51.90,81.10
2007.07.06 08:21:55.043,1.23155,1.2318,52.10,81.10
2007.07.06 08:21:55.149,1.23155,1.2318,56.90,77.10
2007.07.06 08:21:55.226,1.23155,1.2318,60.90,73.10
2007.07.06 08:21:55.265,1.23155,1.2318,53.00,53.20
2007.07.06 08:21:55.356,1.2316,1.2318,50.60,45.60
2007.07.06 08:21:55.365,1.23165,1.2318,2.60,57.50
2007.07.06 08:21:55.502,1.2316,1.2318,50.40,53.50
2007.07.06 08:21:56.221,1.2317,1.2318,0.80,53.50
2007.07.06 08:21:56.796,1.2317,1.2318,2.80,53.50
2007.07.06 08:21:56.926,1.2317,1.2318,1.10,53.50
2007.07.06 08:21:58.853,1.2317,1.2318,1.70,53.50
2007.07.06 08:22:03.544,1.23165,1.2318,12.00,53.50
2007.07.06 08:22:08.200,1.2317,1.2318,1.00,57.50
2007.07.06 08:22:09.024,1.2316,1.2318,45.60,57.50
2007.07.06 08:22:09.244,1.23165,1.2318,1.80,53.50
2007.07.06 08:22:10.660,1.2317,1.2318,1.00,53.50
2007.07.06 08:22:11.693,1.23165,1.2318,12.00,57.50
2007.07.06 08:22:13.576,1.2316,1.2318,45.60,53.50
2007.07.06 08:22:13.695,1.2316,1.2318,48.80,45.60
2007.07.06 08:22:13.714,1.2316,1.2318,24.30,45.60
2007.07.06 08:22:13.744,1.2316,1.2318,4.40,45.60
2007.07.06 08:22:13.787,1.23155,1.2317,51.10,8.00
2007.07.06 08:22:13.836,1.23155,1.2317,54.30,8.00
2007.07.06 08:22:14.236,1.23155,1.2317,52.70,8.00
2007.07.06 08:22:14.616,1.2316,1.2317,23.60,8.00
2007.07.06 08:22:14.926,1.2315,1.2318,88.40,68.70
2007.07.06 08:22:15.465,1.2315,1.2318,88.40,68.70
2007.07.06 08:22:15.555,1.2316,1.2317,20.20,8.00
2007.07.06 08:22:15.669,1.2315,1.2317,88.40,8.00
2007.07.06 08:22:17.829,1.23155,1.2317,58.30,8.00
2007.07.06 08:22:18.423,1.23155,1.2317,54.30,8.00
2007.07.06 08:22:19.186,1.23155,1.2317,38.40,23.90
2007.07.06 08:22:19.218,1.23155,1.2317,38.40,31.90
2007.07.06 08:22:19.722,1.2316,1.2317,20.80,35.90
2007.07.06 08:22:19.815,1.2316,1.2317,24.80,31.90
2007.07.06 08:22:20.220,1.2316,1.2317,24.80,39.90
2007.07.06 08:22:20.400,1.2316,1.2317,24.80,43.90
2007.07.06 08:22:20.746,1.2316,1.2317,20.80,47.90
2007.07.06 08:22:38.201,1.2316,1.2317,24.80,43.90
2007.07.06 08:22:38.702,1.2316,1.2317,16.80,47.90
2007.07.06 08:22:38.722,1.23155,1.2316,8.00,4.00
2007.07.06 08:22:38.812,1.23155,1.2316,8.00,12.00
2007.07.06 08:22:38.995,1.2316,1.2317,3.20,63.50
2007.07.06 08:22:39.173,1.2315,1.2316,39.60,12.00
2007.07.06 08:22:39.187,1.2315,1.2316,42.00,12.00
2007.07.06 08:22:39.211,1.2315,1.2316,45.20,8.00
2007.07.06 08:22:39.583,1.2316,1.2317,16.80,51.90
2007.07.06 08:22:39.659,1.2316,1.2317,16.80,47.90
2007.07.06 08:22:39.857,1.2316,1.2317,20.80,47.90
2007.07.06 08:22:40.653,1.2316,1.2317,16.80,47.90
2007.07.06 08:22:40.885,1.2316,1.2317,8.80,47.90
2007.07.06 08:22:42.007,1.2316,1.2317,16.80,47.90
2007.07.06 08:22:42.297,1.2316,1.2317,8.80,47.90
2007.07.06 08:22:47.689,1.2316,1.2317,12.80,47.90
2007.07.06 08:22:48.295,1.2316,1.2317,20.80,47.90
2007.07.06 08:22:48.879,1.2316,1.2317,12.80,47.90
2007.07.06 08:22:49.896,1.2316,1.2317,20.80,47.90
2007.07.06 08:22:55.995,1.23155,1.2316,8.00,4.00
2007.07.06 08:22:56.021,1.2316,1.2317,8.80,51.90
2007.07.06 08:22:56.054,1.2315,1.2316,9.50,12.00
2007.07.06 08:22:56.133,1.2315,1.2316,38.60,12.00
2007.07.06 08:22:56.156,1.2315,1.2316,36.20,12.00
2007.07.06 08:22:56.249,1.2315,1.2316,28.30,12.00
2007.07.06 08:22:56.348,1.2315,1.2316,59.60,20.00
2007.07.06 08:22:56.447,1.2315,1.2316,60.00,20.00
2007.07.06 08:22:56.711,1.2315,1.2316,56.00,12.00
2007.07.06 08:22:56.816,1.2315,1.2316,54.00,12.00
2007.07.06 08:22:58.146,1.2315,1.2316,54.00,20.00
2007.07.06 08:22:58.854,1.2315,1.2316,54.00,12.00
2007.07.06 08:22:59.175,1.2315,1.2316,54.80,12.00
2007.07.06 08:22:59.233,1.2315,1.2316,62.00,8.00
2007.07.06 08:22:59.272,1.2315,1.2317,54.80,43.20
2007.07.06 08:22:59.320,1.2316,1.2317,4.80,40.00
2007.07.06 08:22:59.411,1.2316,1.2317,8.80,51.90
2007.07.06 08:22:59.636,1.2316,1.2317,8.80,55.90
2007.07.06 08:22:59.998,1.2316,1.2317,16.80,55.90
2007.07.06 08:23:00.033,1.2316,1.2317,8.80,55.90
2007.07.06 08:23:00.211,1.2316,1.2317,8.80,51.90
2007.07.06 08:23:00.265,1.2316,1.2317,8.80,47.90
2007.07.06 08:23:02.150,1.2316,1.2317,8.80,52.70
2007.07.06 08:23:02.205,1.23155,1.2316,8.00,12.00
2007.07.06 08:23:02.317,1.2315,1.2316,57.20,12.00
2007.07.06 08:23:02.385,1.2315,1.2316,35.80,35.90
2007.07.06 08:23:02.410,1.2316,1.2317,1.60,40.40
2007.07.06 08:23:02.494,1.2315,1.2316,31.90,47.10
2007.07.06 08:23:02.516,1.2315,1.2316,31.90,48.70
2007.07.06 08:23:02.805,1.2315,1.2316,30.20,48.70
2007.07.06 08:23:02.818,1.2315,1.2316,38.20,48.70
2007.07.06 08:23:02.928,1.2315,1.2316,38.00,48.70
2007.07.06 08:23:03.349,1.2315,1.2316,34.00,48.70
2007.07.06 08:23:03.422,1.2315,1.2316,26.00,48.70
2007.07.06 08:23:03.749,1.2315,1.2316,22.00,48.70
2007.07.06 08:23:04.540,1.2315,1.2316,18.00,48.70
2007.07.06 08:23:04.570,1.2315,1.2316,14.00,52.70
2007.07.06 08:23:12.317,1.2315,1.2316,14.00,56.70
2007.07.06 08:23:12.430,1.2315,1.2316,6.00,56.70
2007.07.06 08:23:12.741,1.2315,1.2316,6.00,52.70
2007.07.06 08:23:12.843,1.2315,1.2316,14.00,52.70
2007.07.06 08:23:17.913,1.2315,1.2316,6.00,52.70
2007.07.06 08:23:19.350,1.2315,1.2316,14.00,52.70
2007.07.06 08:23:24.131,1.2315,1.2316,12.80,52.70
2007.07.06 08:23:24.200,1.2315,1.2316,12.80,54.30
2007.07.06 08:23:24.242,1.2315,1.2316,8.40,70.30
2007.07.06 08:23:24.264,1.2315,1.2316,8.40,77.90
2007.07.06 08:23:24.355,1.2314,1.2316,52.00,73.90
2007.07.06 08:23:24.548,1.2314,1.2316,63.90,74.70
2007.07.06 08:23:24.643,1.2314,1.2316,63.90,70.90
2007.07.06 08:23:24.713,1.2314,1.2316,59.90,70.90
2007.07.06 08:23:24.753,1.2314,1.2316,59.90,71.80
2007.07.06 08:23:25.161,1.2314,1.2316,56.70,71.80
2007.07.06 08:23:27.281,1.2314,1.2316,56.70,72.10
2007.07.06 08:23:27.373,1.2314,1.2316,56.70,72.50
2007.07.06 08:23:27.589,1.2314,1.2315,56.70,12.00
2007.07.06 08:23:29.126,1.2314,1.2315,59.90,12.00
2007.07.06 08:23:29.229,1.2315,1.2316,4.00,75.80
2007.07.06 08:23:29.242,1.2315,1.2316,4.00,75.80
2007.07.06 08:23:29.325,1.2315,1.2316,4.00,74.20
2007.07.06 08:23:29.412,1.2315,1.2316,4.00,54.60
2007.07.06 08:23:29.647,1.2315,1.2316,7.20,51.40
2007.07.06 08:23:29.760,1.2315,1.2316,7.20,50.70
2007.07.06 08:23:30.051,1.2315,1.2316,7.20,50.60
2007.07.06 08:23:31.717,1.2315,1.2316,7.20,50.40
2007.07.06 08:23:31.817,1.2315,1.2316,3.20,54.40
2007.07.06 08:23:32.831,1.2315,1.2316,7.20,50.40
2007.07.06 08:23:34.741,1.2315,1.2316,3.20,50.40
2007.07.06 08:23:34.836,1.2315,1.2316,3.20,54.40
2007.07.06 08:23:39.682,1.2315,1.2316,3.20,54.40
2007.07.06 08:23:39.838,1.2314,1.2315,45.60,12.00
2007.07.06 08:23:39.900,1.2314,1.2315,48.80,12.00
2007.07.06 08:23:39.936,1.2314,1.2315,60.70,12.00
2007.07.06 08:23:40.013,1.2314,1.2315,59.10,12.00
2007.07.06 08:23:40.124,1.2314,1.2315,56.70,12.00
2007.07.06 08:23:40.219,1.2314,1.2315,52.70,20.00
2007.07.06 08:23:40.268,1.2314,1.2315,44.70,20.00
2007.07.06 08:23:40.320,1.2314,1.2315,41.50,20.00
2007.07.06 08:23:41.445,1.2314,1.2315,21.60,51.10
2007.07.06 08:23:41.524,1.2314,1.2315,17.60,51.10
2007.07.06 08:23:41.531,1.2314,1.2315,25.60,43.10
2007.07.06 08:23:41.554,1.2314,1.2315,21.60,39.90
2007.07.06 08:23:41.785,1.2314,1.2315,13.60,55.10
2007.07.06 08:23:46.753,1.2314,1.2315,17.60,55.10
2007.07.06 08:23:47.614,1.2314,1.2315,13.60,55.10
2007.07.06 08:23:47.786,1.2314,1.2315,9.60,55.10
2007.07.06 08:23:49.218,1.2314,1.2315,33.50,35.20
2007.07.06 08:23:49.232,1.2314,1.2315,33.50,27.20
2007.07.06 08:23:49.324,1.2314,1.2315,40.70,20.00
2007.07.06 08:23:52.245,1.2314,1.2315,20.80,39.90
2007.07.06 08:23:52.270,1.2314,1.2315,20.80,47.90
2007.07.06 08:23:52.363,1.2314,1.2315,16.80,51.90
2007.07.06 08:23:52.390,1.2314,1.2315,13.60,55.10
2007.07.06 08:23:52.755,1.2314,1.2315,9.60,55.10
2007.07.06 08:23:55.729,1.2314,1.2315,13.60,55.10
2007.07.06 08:23:58.890,1.2314,1.2315,5.60,55.10
2007.07.06 08:23:59.000,1.2314,1.2315,13.60,55.10
2007.07.06 08:23:59.336,1.2313,1.2315,62.40,55.10
2007.07.06 08:23:59.835,1.2314,1.2315,4.80,55.10
2007.07.06 08:24:00.858,1.2313,1.2315,62.40,55.10
2007.07.06 08:24:20.727,1.2313,1.2315,65.80,51.10
2007.07.06 08:24:30.768,1.2313,1.2315,65.60,55.10
2007.07.06 08:24:31.487,1.2313,1.2315,63.20,55.10
2007.07.06 08:24:31.903,1.2313,1.2315,65.60,55.10
2007.07.06 08:24:32.328,1.2314,1.2315,2.40,55.10
2007.07.06 08:24:32.936,1.2313,1.2315,65.20,55.10
2007.07.06 08:24:33.752,1.2314,1.2315,5.20,51.10
2007.07.06 08:24:35.800,1.2314,1.2315,2.30,55.10
2007.07.06 08:24:37.530,1.2314,1.2315,1.60,55.10
2007.07.06 08:24:37.826,1.2313,1.2315,60.80,55.10
2007.07.06 08:24:38.872,1.2314,1.2315,1.30,55.10
2007.07.06 08:24:41.855,1.2313,1.2315,55.60,51.10
2007.07.06 08:24:54.884,1.2314,1.2315,17.60,51.10
2007.07.06 08:24:58.854,1.2313,1.2315,63.60,51.10
2007.07.06 08:25:04.100,1.2313,1.2315,71.80,55.10
2007.07.06 08:25:05.921,1.2313,1.2315,62.60,55.10
2007.07.06 08:25:07.201,1.23135,1.2315,8.00,55.10
2007.07.06 08:25:07.260,1.2313,1.2315,66.80,67.10
2007.07.06 08:25:07.348,1.2313,1.2315,5.10,74.70
2007.07.06 08:25:07.564,1.23125,1.2315,59.90,70.70
2007.07.06 08:25:07.600,1.23125,1.2315,63.10,70.70
2007.07.06 08:25:07.663,1.2313,1.2315,14.50,71.50
2007.07.06 08:25:07.697,1.23125,1.2314,64.80,9.60
2007.07.06 08:25:07.782,1.2313,1.2314,15.20,29.50
2007.07.06 08:25:07.849,1.2313,1.2314,11.00,29.50
2007.07.06 08:25:07.881,1.2313,1.2314,4.70,33.50
2007.07.06 08:25:07.977,1.23125,1.2314,33.70,33.50
2007.07.06 08:25:08.181,1.2313,1.2314,9.10,33.50
2007.07.06 08:25:08.296,1.23125,1.2314,32.00,33.50
2007.07.06 08:25:08.375,1.23125,1.2314,30.40,33.50
2007.07.06 08:25:08.472,1.2313,1.2314,9.20,33.50
2007.07.06 08:25:08.788,1.23125,1.2314,26.40,41.50
2007.07.06 08:25:08.835,1.23125,1.2314,26.40,45.50
2007.07.06 08:25:08.910,1.23125,1.2314,26.40,53.50
2007.07.06 08:25:09.205,1.2313,1.2314,0.70,53.50
2007.07.06 08:25:09.404,1.2313,1.2314,28.80,53.50
2007.07.06 08:25:09.717,1.2313,1.2314,56.70,25.60
2007.07.06 08:25:09.746,1.23135,1.2314,0.80,12.00
2007.07.06 08:25:09.956,1.2313,1.2314,56.90,8.00
2007.07.06 08:25:09.980,1.2313,1.2315,57.70,73.90
2007.07.06 08:25:10.167,1.2314,1.2315,0.60,73.90
2007.07.06 08:25:10.664,1.2314,1.2315,5.00,74.70
2007.07.06 08:25:10.675,1.23135,1.2315,8.80,74.70
2007.07.06 08:25:10.708,1.2314,1.2315,3.40,55.10
2007.07.06 08:25:10.774,1.23135,1.2315,16.00,51.90
2007.07.06 08:25:10.798,1.23135,1.2315,24.00,51.90
2007.07.06 08:25:11.185,1.23135,1.2315,28.00,51.90
2007.07.06 08:25:11.471,1.2314,1.2315,12.30,47.90
2007.07.06 08:25:12.117,1.23135,1.2315,28.00,51.90
2007.07.06 08:25:12.251,1.23135,1.2314,12.00,15.90
2007.07.06 08:25:12.344,1.23135,1.2314,12.00,23.90
2007.07.06 08:25:12.373,1.23135,1.2314,6.40,35.90
2007.07.06 08:25:12.456,1.23135,1.2314,6.40,43.90
2007.07.06 08:25:12.482,1.2313,1.2314,48.30,45.50
2007.07.06 08:25:13.256,1.2312,1.2314,99.80,45.50
2007.07.06 08:25:13.264,1.2313,1.2314,4.80,45.50
2007.07.06 08:25:13.358,1.2313,1.2314,2.00,45.50
2007.07.06 08:25:13.469,1.2313,1.2314,8.20,45.50
2007.07.06 08:25:13.504,1.2312,1.2314,98.00,45.50
2007.07.06 08:25:13.689,1.2314,1.23145,2.00,7.60
2007.07.06 08:25:13.711,1.2313,1.2314,45.10,9.60
2007.07.06 08:25:13.777,1.2313,1.2314,44.50,9.60
2007.07.06 08:25:13.809,1.2313,1.2314,48.20,1.60
2007.07.06 08:25:14.019,1.2313,1.2315,50.90,56.70
2007.07.06 08:25:14.194,1.2313,1.2315,49.30,55.10
2007.07.06 08:25:14.397,1.2313,1.2315,53.20,55.10
2007.07.06 08:25:14.677,1.2313,1.2315,57.20,51.10
2007.07.06 08:25:14.912,1.2313,1.2315,55.20,51.10
2007.07.06 08:25:16.798,1.2314,1.2315,3.00,51.10
2007.07.06 08:25:20.993,1.2314,1.2315,0.50,51.10
2007.07.06 08:25:23.181,1.2313,1.2315,52.80,51.10
2007.07.06 08:25:23.220,1.23125,1.2315,70.30,67.10
2007.07.06 08:25:23.236,1.2312,1.2315,121.20,74.70
2007.07.06 08:25:23.267,1.2312,1.2315,121.60,74.70
2007.07.06 08:25:23.342,1.2313,1.2315,17.30,50.80
2007.07.06 08:25:23.514,1.23125,1.2315,66.30,50.80
2007.07.06 08:25:24.163,1.2313,1.2315,8.50,51.60
2007.07.06 08:25:24.194,1.23125,1.2314,66.30,9.60
2007.07.06 08:25:24.279,1.23125,1.2314,47.20,29.50
2007.07.06 08:25:24.376,1.2313,1.2314,13.60,41.50
2007.07.06 08:25:24.469,1.23125,1.2314,39.20,41.50
2007.07.06 08:25:24.857,1.2313,1.2314,3.60,41.50
2007.07.06 08:25:25.362,1.2313,1.2314,4.70,45.50
2007.07.06 08:25:27.711,1.2313,1.2314,27.20,43.90
2007.07.06 08:25:27.774,1.2313,1.2314,35.20,20.00
2007.07.06 08:25:27.821,1.2313,1.2314,35.20,8.00
2007.07.06 08:25:27.875,1.2313,1.2314,35.70,8.00
2007.07.06 08:25:27.923,1.2313,1.2314,37.30,8.00
2007.07.06 08:25:27.969,1.2313,1.2315,45.20,56.40
2007.07.06 08:25:28.072,1.2313,1.2315,46.40,56.40
2007.07.06 08:25:28.171,1.2313,1.2315,46.40,54.80
2007.07.06 08:25:28.529,1.2313,1.2315,46.00,54.80
2007.07.06 08:25:28.623,1.2314,1.2315,4.00,54.80
2007.07.06 08:25:28.641,1.2314,1.2315,4.00,50.80
2007.07.06 08:25:28.733,1.2314,1.2315,8.00,62.70
2007.07.06 08:25:28.744,1.2314,1.2315,12.80,59.50
2007.07.06 08:25:28.943,1.2314,1.2315,12.80,51.90
2007.07.06 08:25:29.144,1.2314,1.2315,12.80,55.90
2007.07.06 08:25:29.353,1.2314,1.2315,20.80,55.90
2007.07.06 08:25:29.607,1.2314,1.2315,20.80,51.90
2007.07.06 08:25:29.759,1.2314,1.2315,24.80,47.90
2007.07.06 08:25:30.894,1.2314,1.2315,16.80,47.90
2007.07.06 08:25:36.503,1.2313,1.2314,35.60,8.00
2007.07.06 08:25:36.916,1.2314,1.2315,40.70,12.00
2007.07.06 08:25:37.637,1.2314,1.2315,44.70,8.00
2007.07.06 08:25:37.751,1.2314,1.2315,44.70,16.00
2007.07.06 08:25:37.807,1.2314,1.2315,24.80,35.90
2007.07.06 08:25:37.839,1.2314,1.2315,20.80,39.90
2007.07.06 08:25:38.674,1.2314,1.2315,20.80,31.90
2007.07.06 08:25:38.766,1.2314,1.2315,44.70,8.00
2007.07.06 08:25:40.651,1.2314,1.2315,40.70,8.00
2007.07.06 08:25:40.759,1.2314,1.2315,44.70,8.00
2007.07.06 08:25:41.748,1.2314,1.2315,41.50,19.20
2007.07.06 08:25:41.782,1.2314,1.2315,17.60,43.10
2007.07.06 08:25:42.756,1.2314,1.2315,17.60,47.10
2007.07.06 08:25:52.544,1.2314,1.2315,17.60,47.10
2007.07.06 08:25:54.786,1.2314,1.2315,13.60,51.10
2007.07.06 08:25:55.677,1.2314,1.2315,5.60,39.20
2007.07.06 08:25:55.796,1.2314,1.2315,5.60,46.00
2007.07.06 08:25:55.829,1.2313,1.2315,43.20,46.00
2007.07.06 08:25:56.057,1.2313,1.2315,44.80,46.00
2007.07.06 08:25:56.220,1.2313,1.2315,45.20,46.00
2007.07.06 08:25:56.322,1.2313,1.2315,48.40,46.00
2007.07.06 08:25:56.441,1.2313,1.2315,44.40,50.00
2007.07.06 08:25:56.821,1.2313,1.2315,44.30,50.00
2007.07.06 08:25:56.917,1.2313,1.2315,44.00,50.00
2007.07.06 08:25:57.091,1.2313,1.2315,42.40,50.00
2007.07.06 08:25:57.863,1.2313,1.2315,43.20,50.00
2007.07.06 08:25:57.946,1.2313,1.2314,51.10,8.00
2007.07.06 08:25:58.056,1.2313,1.2314,51.60,8.00
2007.07.06 08:25:58.109,1.2313,1.2314,50.80,8.00
2007.07.06 08:25:58.183,1.2313,1.2314,46.80,8.00
2007.07.06 08:25:58.266,1.2313,1.2314,34.50,27.90
2007.07.06 08:25:58.285,1.2313,1.2314,34.50,37.50
2007.07.06 08:25:58.302,1.23125,1.2314,42.50,37.50
2007.07.06 08:25:58.354,1.2313,1.2314,30.50,41.50
2007.07.06 08:25:58.399,1.2313,1.2314,28.10,41.50
2007.07.06 08:25:58.459,1.2313,1.2314,28.00,41.50
2007.07.06 08:25:58.488,1.2313,1.2314,28.00,45.50
2007.07.06 08:25:58.625,1.2313,1.2314,27.20,45.50
2007.07.06 08:25:59.920,1.2313,1.2314,31.20,45.50
2007.07.06 08:26:07.155,1.2313,1.2314,27.20,45.50
2007.07.06 08:26:07.214,1.2313,1.2314,23.20,49.50
2007.07.06 08:26:07.258,1.2313,1.2314,19.20,49.50
2007.07.06 08:26:07.338,1.2313,1.2314,11.20,61.50
2007.07.06 08:26:07.359,1.2313,1.2314,8.00,66.30
2007.07.06 08:26:07.435,1.2313,1.2314,8.00,73.50
2007.07.06 08:26:07.444,1.2312,1.2314,84.30,73.50
2007.07.06 08:26:07.549,1.2312,1.2314,84.30,69.50
2007.07.06 08:26:07.638,1.2312,1.2313,89.30,4.00
2007.07.06 08:26:07.784,1.2312,1.2313,88.10,4.00
2007.07.06 08:26:07.839,1.2312,1.2313,58.50,35.10
2007.07.06 08:26:08.174,1.2312,1.2313,52.50,35.10
2007.07.06 08:26:08.285,1.2312,1.2313,50.50,35.10
2007.07.06 08:26:08.500,1.2312,1.2313,45.50,35.10
2007.07.06 08:26:08.688,1.2312,1.2313,44.50,35.10
2007.07.06 08:26:08.741,1.2312,1.2313,44.50,39.10
2007.07.06 08:26:08.806,1.2312,1.2313,43.00,39.10
2007.07.06 08:26:09.218,1.2312,1.2313,39.00,39.10
2007.07.06 08:26:09.515,1.2312,1.2313,44.00,35.10
2007.07.06 08:26:09.811,1.2312,1.2313,44.30,35.10
2007.07.06 08:26:10.023,1.2312,1.2313,39.30,39.10
2007.07.06 08:26:10.190,1.2312,1.2313,39.30,35.10
2007.07.06 08:26:10.248,1.2312,1.2313,64.40,15.20
2007.07.06 08:26:10.293,1.2312,1.2313,64.40,7.20
2007.07.06 08:26:10.339,1.2312,1.2313,64.40,3.20
2007.07.06 08:26:10.393,1.2312,1.2314,68.40,53.60
2007.07.06 08:26:10.447,1.2312,1.2313,62.90,8.00
2007.07.06 08:26:10.765,1.2312,1.2313,63.20,8.00
2007.07.06 08:26:10.876,1.2312,1.2314,62.70,53.60
2007.07.06 08:26:10.972,1.2312,1.2314,63.00,53.60
2007.07.06 08:26:11.315,1.2312,1.2314,66.00,53.60
2007.07.06 08:26:11.386,1.2312,1.2314,66.90,53.60
2007.07.06 08:26:13.646,1.2312,1.2314,66.20,54.40
2007.07.06 08:26:13.774,1.2312,1.2313,66.20,8.00
2007.07.06 08:26:13.786,1.2312,1.2313,46.30,31.90
2007.07.06 08:26:13.866,1.2312,1.2313,46.30,39.90
2007.07.06 08:26:14.065,1.2312,1.2313,46.10,39.90
2007.07.06 08:26:14.178,1.2312,1.2313,48.10,35.90
2007.07.06 08:26:14.179,1.2312,1.2313,48.10,35.90
2007.07.06 08:26:14.283,1.2312,1.2313,48.10,27.90
2007.07.06 08:26:14.641,1.2312,1.2313,48.40,31.90
2007.07.06 08:26:14.903,1.2312,1.2313,47.50,39.90
2007.07.06 08:26:14.999,1.2312,1.2313,47.20,35.90
2007.07.06 08:26:15.306,1.2312,1.2313,47.60,35.90
2007.07.06 08:26:16.431,1.2312,1.2313,47.90,35.90
2007.07.06 08:26:16.728,1.2312,1.2313,57.90,35.90
2007.07.06 08:26:16.754,1.2312,1.2313,62.90,35.90
2007.07.06 08:26:16.860,1.2312,1.2313,57.90,35.90
2007.07.06 08:26:17.004,1.2312,1.2313,47.90,35.90
2007.07.06 08:26:17.271,1.2312,1.2313,53.60,20.00
2007.07.06 08:26:17.419,1.2312,1.2313,53.60,8.00
2007.07.06 08:26:17.501,1.2312,1.2313,53.90,8.00
2007.07.06 08:26:17.528,1.2312,1.2313,63.90,8.00
2007.07.06 08:26:17.616,1.2312,1.2314,73.80,54.40
2007.07.06 08:26:18.448,1.2312,1.2314,78.80,50.40
2007.07.06 08:26:19.588,1.2312,1.2314,78.80,56.80
2007.07.06 08:26:19.610,1.2312,1.2314,78.80,54.40
2007.07.06 08:26:19.625,1.2312,1.2313,53.40,31.90
2007.07.06 08:26:19.669,1.2312,1.2313,52.90,31.90
2007.07.06 08:26:19.773,1.2312,1.2313,53.40,31.90
2007.07.06 08:26:19.851,1.2312,1.2313,57.40,31.90
2007.07.06 08:26:19.970,1.2312,1.2313,57.10,31.90
2007.07.06 08:26:20.078,1.2312,1.2313,57.10,23.90
2007.07.06 08:26:20.180,1.2312,1.2313,56.60,23.90
2007.07.06 08:26:20.273,1.2312,1.2313,56.60,27.90
2007.07.06 08:26:20.432,1.2312,1.2313,51.60,27.90
2007.07.06 08:26:20.802,1.2312,1.2313,51.60,35.90
2007.07.06 08:26:21.129,1.2312,1.2313,47.60,35.90
2007.07.06 08:26:21.403,1.2312,1.2313,47.10,35.90
2007.07.06 08:26:23.166,1.2312,1.2313,47.10,31.90
2007.07.06 08:26:23.240,1.2312,1.2313,67.20,16.00
2007.07.06 08:26:23.270,1.2312,1.2313,67.20,8.00
2007.07.06 08:26:23.357,1.2312,1.2313,52.70,8.00
2007.07.06 08:26:23.438,1.2312,1.2313,62.70,8.00
2007.07.06 08:26:23.515,1.2312,1.2313,63.00,8.00
2007.07.06 08:26:23.812,1.2312,1.2314,73.40,54.40
2007.07.06 08:26:23.923,1.2312,1.2314,73.70,54.40
2007.07.06 08:26:24.424,1.2312,1.2314,78.70,50.40
2007.07.06 08:26:25.143,1.2312,1.2314,83.70,50.40
2007.07.06 08:26:25.211,1.23125,1.2314,8.00,42.40
2007.07.06 08:26:25.360,1.2313,1.2314,8.00,54.30
2007.07.06 08:26:25.426,1.2313,1.2314,8.00,52.70
2007.07.06 08:26:25.458,1.2313,1.2314,8.00,56.70
2007.07.06 08:26:25.859,1.23125,1.2314,8.00,56.70
2007.07.06 08:26:26.334,1.2313,1.2314,4.00,56.70
2007.07.06 08:26:27.829,1.2313,1.2314,16.00,52.70
2007.07.06 08:26:29.842,1.2313,1.2314,4.00,56.70
2007.07.06 08:26:31.168,1.2313,1.2314,4.00,58.30
2007.07.06 08:26:31.205,1.23125,1.2314,8.00,58.30
2007.07.06 08:26:31.262,1.23125,1.2314,8.00,46.40
2007.07.06 08:26:31.308,1.23125,1.2314,8.00,48.00
2007.07.06 08:26:31.402,1.2312,1.2314,80.40,56.00
2007.07.06 08:26:31.796,1.2312,1.2314,81.40,56.00
2007.07.06 08:26:32.669,1.23125,1.2314,8.00,48.00
2007.07.06 08:26:32.713,1.2313,1.2314,4.00,55.10
2007.07.06 08:26:32.804,1.2313,1.2314,8.00,59.10
2007.07.06 08:26:32.900,1.2313,1.2314,8.00,57.50
2007.07.06 08:26:33.107,1.2313,1.2314,8.00,56.70
2007.07.06 08:26:33.821,1.2313,1.2314,12.00,56.70
2007.07.06 08:26:33.933,1.2313,1.2314,4.00,56.70
2007.07.06 08:26:35.719,1.2313,1.2314,4.00,64.70
2007.07.06 08:26:35.753,1.2312,1.2313,62.80,8.00
2007.07.06 08:26:35.974,1.2312,1.2313,66.40,23.90
2007.07.06 08:26:36.162,1.2312,1.2313,61.70,23.90
2007.07.06 08:26:36.270,1.2312,1.2313,58.70,23.90
2007.07.06 08:26:36.364,1.2312,1.2313,53.30,23.90
2007.07.06 08:26:36.470,1.2312,1.2313,53.00,23.90
2007.07.06 08:26:36.538,1.2312,1.2313,48.00,23.90
2007.07.06 08:26:36.683,1.2312,1.2313,47.00,23.90
2007.07.06 08:26:37.299,1.2312,1.2313,47.00,27.90
2007.07.06 08:26:39.228,1.2312,1.2313,47.90,27.90
2007.07.06 08:26:39.324,1.23125,1.2313,1.60,27.90
2007.07.06 08:26:40.608,1.23125,1.2313,1.60,0.50
2007.07.06 08:26:42.765,1.2313,1.2314,4.00,50.00
2007.07.06 08:26:42.884,1.2313,1.2314,4.00,58.00
2007.07.06 08:26:42.907,1.2313,1.2314,4.00,50.40
2007.07.06 08:26:43.098,1.2313,1.2314,4.00,48.80
2007.07.06 08:26:43.203,1.2313,1.2314,4.00,60.70
2007.07.06 08:26:43.463,1.2313,1.2314,4.00,56.70
2007.07.06 08:26:44.320,1.2313,1.2314,4.80,56.70
2007.07.06 08:26:44.428,1.2313,1.2314,5.60,56.70
2007.07.06 08:26:44.449,1.2313,1.2314,7.20,56.70
2007.07.06 08:26:44.834,1.2313,1.2314,15.20,56.70
2007.07.06 08:26:45.645,1.2313,1.2314,14.20,56.70
2007.07.06 08:26:45.756,1.2313,1.2314,18.20,52.70
2007.07.06 08:26:57.680,1.2313,1.2314,18.00,52.70
2007.07.06 08:27:00.504,1.2313,1.2314,18.00,44.70
2007.07.06 08:27:00.526,1.2313,1.2314,33.90,28.80
2007.07.06 08:27:01.009,1.2313,1.2314,37.90,28.80
2007.07.06 08:27:03.196,1.2314,1.23145,8.00,7.60
2007.07.06 08:27:03.210,1.2314,1.23145,12.00,7.60
2007.07.06 08:27:03.281,1.2314,1.23145,13.60,7.60
2007.07.06 08:27:03.313,1.2314,1.23145,33.50,7.60
2007.07.06 08:27:03.425,1.2314,1.2315,33.50,31.20
2007.07.06 08:27:03.810,1.2314,1.2315,41.50,31.20
2007.07.06 08:27:04.122,1.2314,1.2315,41.50,27.20
2007.07.06 08:27:04.486,1.2314,1.2315,41.50,23.20
2007.07.06 08:27:05.065,1.2314,1.2315,44.70,23.20
2007.07.06 08:27:05.153,1.2315,1.23155,4.00,7.60
2007.07.06 08:27:05.184,1.2314,1.2315,42.30,3.20
2007.07.06 08:27:05.371,1.2315,1.23155,31.10,7.60
2007.07.06 08:27:05.387,1.2315,1.23155,31.10,7.60
2007.07.06 08:27:05.468,1.2315,1.2316,35.10,33.60
2007.07.06 08:27:05.574,1.2315,1.2316,35.10,29.60
2007.07.06 08:27:05.779,1.2315,1.2316,35.10,29.30
2007.07.06 08:27:05.983,1.2315,1.2316,35.10,28.90
2007.07.06 08:27:06.181,1.2315,1.2316,35.10,28.80
2007.07.06 08:27:06.694,1.2315,1.2316,35.10,24.80
2007.07.06 08:27:06.754,1.2315,1.2316,31.10,28.80
2007.07.06 08:27:06.847,1.2315,1.2316,39.10,28.80
2007.07.06 08:27:07.284,1.2315,1.2316,39.10,29.60
2007.07.06 08:27:07.637,1.2315,1.2316,35.10,29.60
2007.07.06 08:27:07.697,1.2315,1.2316,31.10,37.60
2007.07.06 08:27:07.745,1.2315,1.2316,23.90,37.60
2007.07.06 08:27:07.806,1.2315,1.2316,8.00,38.00
2007.07.06 08:27:07.848,1.2315,1.2316,8.00,39.60
2007.07.06 08:27:07.906,1.2314,1.2316,60.00,47.60
2007.07.06 08:27:08.216,1.2314,1.2316,56.00,48.00
2007.07.06 08:27:08.320,1.2314,1.2316,56.00,49.20
2007.07.06 08:27:08.363,1.2314,1.2316,56.00,56.90
2007.07.06 08:27:08.402,1.2314,1.2316,56.00,56.50
2007.07.06 08:27:08.527,1.2314,1.2316,79.90,56.60
2007.07.06 08:27:08.939,1.2314,1.2316,79.90,56.80
2007.07.06 08:27:09.137,1.2314,1.2316,79.90,57.60
2007.07.06 08:27:09.259,1.2314,1.2316,71.90,46.90
2007.07.06 08:27:09.279,1.2314,1.2315,68.70,3.20
2007.07.06 08:27:09.346,1.2314,1.2315,68.70,11.20
2007.07.06 08:27:09.403,1.2314,1.2315,60.70,11.20
2007.07.06 08:27:10.246,1.2314,1.2315,60.70,15.20
2007.07.06 08:27:10.427,1.2314,1.2315,56.70,15.20
2007.07.06 08:27:11.688,1.2314,1.2315,52.70,15.20
2007.07.06 08:27:12.191,1.2314,1.2315,56.70,15.20
2007.07.06 08:27:14.229,1.2314,1.2315,52.70,15.20
2007.07.06 08:27:19.380,1.2314,1.2315,48.70,19.20
2007.07.06 08:27:20.718,1.2314,1.2315,52.70,15.20
2007.07.06 08:27:23.781,1.2314,1.2315,48.70,19.20
2007.07.06 08:27:23.897,1.2314,1.2315,40.70,19.20
2007.07.06 08:27:26.004,1.2314,1.2315,33.50,19.20
2007.07.06 08:27:26.025,1.2314,1.2315,17.60,35.10
2007.07.06 08:27:26.608,1.2314,1.2315,17.60,39.10
2007.07.06 08:27:28.873,1.2314,1.2315,17.60,40.70
2007.07.06 08:27:29.085,1.2314,1.2315,17.60,40.80
2007.07.06 08:27:29.110,1.2314,1.2315,17.60,41.60
2007.07.06 08:27:29.299,1.2314,1.2315,17.60,40.00
2007.07.06 08:27:29.342,1.2314,1.2315,17.60,39.20
2007.07.06 08:27:29.520,1.2314,1.2315,17.60,39.10
2007.07.06 08:27:29.715,1.2314,1.2315,17.60,43.10
2007.07.06 08:27:29.927,1.2314,1.2315,17.60,19.20
2007.07.06 08:27:31.618,1.2314,1.2315,17.60,20.00
2007.07.06 08:27:31.663,1.2314,1.2315,13.60,20.00
2007.07.06 08:27:31.726,1.2313,1.2314,73.60,8.00
2007.07.06 08:27:31.759,1.2314,1.2315,1.60,41.50
2007.07.06 08:27:31.836,1.2313,1.2314,52.00,27.90
2007.07.06 08:27:32.167,1.2313,1.2314,40.10,27.90
2007.07.06 08:27:32.246,1.2313,1.2314,36.00,31.90
2007.07.06 08:27:32.388,1.2313,1.2314,36.00,33.50
2007.07.06 08:27:32.402,1.2313,1.2314,35.20,33.50
2007.07.06 08:27:32.496,1.2313,1.2314,31.20,33.50
2007.07.06 08:27:33.166,1.2313,1.2314,31.60,33.50
2007.07.06 08:27:33.196,1.2313,1.2314,32.40,33.50
2007.07.06 08:27:33.256,1.2313,1.2314,32.30,33.50
2007.07.06 08:27:33.302,1.2313,1.2314,32.30,37.50
2007.07.06 08:27:33.433,1.2313,1.2314,33.10,37.50
2007.07.06 08:27:33.774,1.2313,1.2314,32.80,37.50
2007.07.06 08:27:33.943,1.2313,1.2314,31.20,37.50
2007.07.06 08:27:34.106,1.2313,1.2314,27.20,37.50
2007.07.06 08:27:34.306,1.2313,1.2314,27.20,41.50
2007.07.06 08:27:34.589,1.2313,1.2314,27.50,41.50
2007.07.06 08:27:34.695,1.2313,1.2314,27.40,37.50
2007.07.06 08:27:34.717,1.2313,1.2314,28.20,37.50
2007.07.06 08:27:35.016,1.2313,1.2314,20.20,37.50
2007.07.06 08:27:35.724,1.2313,1.2314,16.20,37.50
2007.07.06 08:27:35.832,1.2313,1.2314,16.20,41.50
2007.07.06 08:27:36.936,1.2313,1.2314,24.20,41.50
2007.07.06 08:27:37.840,1.2313,1.2314,16.20,41.50
2007.07.06 08:27:38.854,1.2313,1.2314,24.20,41.50
2007.07.06 08:27:39.057,1.2313,1.2314,24.20,0.90
2007.07.06 08:27:43.800,1.2313,1.23145,28.20,45.10
2007.07.06 08:27:50.914,1.2313,1.23145,29.00,45.10
2007.07.06 08:27:57.093,1.2313,1.2314,0.70,0.90
2007.07.06 08:28:00.255,1.23125,1.23145,41.00,45.10
2007.07.06 08:28:05.326,1.23125,1.23145,40.80,45.10
2007.07.06 08:28:05.384,1.23125,1.23145,40.00,45.10
2007.07.06 08:28:05.624,1.2313,1.2314,0.50,0.70
2007.07.06 08:28:05.643,1.2312,1.2315,69.50,76.00
2007.07.06 08:28:05.734,1.2312,1.2315,67.10,80.00
2007.07.06 08:28:05.747,1.2312,1.2315,64.80,82.80
2007.07.06 08:28:05.833,1.2312,1.2313,51.50,0.80
2007.07.06 08:28:05.846,1.2312,1.2314,44.50,49.20
2007.07.06 08:28:05.962,1.2312,1.2313,0.60,0.60
2007.07.06 08:28:06.051,1.2312,1.2313,0.70,0.50
2007.07.06 08:28:06.155,1.2312,1.2313,0.50,0.90
2007.07.06 08:28:06.253,1.23115,1.23135,53.60,31.50
2007.07.06 08:28:06.489,1.2312,1.2313,0.80,0.80
2007.07.06 08:28:06.663,1.23115,1.23135,48.30,39.50
2007.07.06 08:28:07.692,1.23115,1.2313,48.20,31.90
2007.07.06 08:28:07.983,1.23115,1.2313,48.50,31.90
2007.07.06 08:28:08.814,1.23115,1.2313,48.70,31.90
2007.07.06 08:28:11.218,1.2312,1.2313,8.20,27.90
2007.07.06 08:28:11.254,1.2312,1.2313,40.80,27.90
2007.07.06 08:28:11.320,1.2312,1.2313,41.50,27.90
2007.07.06 08:28:11.372,1.2313,1.23135,0.80,7.60
2007.07.06 08:28:11.662,1.2313,1.2314,1.30,36.40
2007.07.06 08:28:11.731,1.2313,1.2314,1.50,38.80
2007.07.06 08:28:11.772,1.2313,1.2314,1.10,46.80
2007.07.06 08:28:11.855,1.23125,1.2313,11.50,8.00
2007.07.06 08:28:11.985,1.2313,1.2314,1.00,55.10
2007.07.06 08:28:12.020,1.23125,1.2314,15.50,53.50
2007.07.06 08:28:12.188,1.2313,1.2314,1.10,52.70
2007.07.06 08:28:12.287,1.23125,1.2314,23.50,52.70
2007.07.06 08:28:12.486,1.23125,1.2314,23.50,48.70
2007.07.06 08:28:12.693,1.2313,1.2314,6.60,48.70
2007.07.06 08:28:12.747,1.23125,1.2314,28.10,48.70
2007.07.06 08:28:12.994,1.23125,1.2314,27.30,48.70
2007.07.06 08:28:13.319,1.2313,1.2314,2.90,48.70
2007.07.06 08:28:13.384,1.23125,1.2314,24.00,48.70
2007.07.06 08:28:13.683,1.2312,1.2314,63.70,56.40
2007.07.06 08:28:13.712,1.2312,1.2313,54.90,4.00
2007.07.06 08:28:13.732,1.2313,1.2314,3.70,61.20
2007.07.06 08:28:14.124,1.23115,1.2313,72.70,12.00
2007.07.06 08:28:14.155,1.23115,1.2313,69.50,12.00
2007.07.06 08:28:14.248,1.2312,1.2313,19.00,12.00
2007.07.06 08:28:14.426,1.23115,1.2313,65.60,12.00
2007.07.06 08:28:15.681,1.2312,1.2313,23.20,12.00
2007.07.06 08:28:16.484,1.2312,1.2313,25.70,12.00
2007.07.06 08:28:16.645,1.23115,1.2313,61.50,12.00
2007.07.06 08:28:16.703,1.2312,1.2313,24.10,8.00
2007.07.06 08:28:16.745,1.23125,1.2313,4.00,8.00
2007.07.06 08:28:16.917,1.2313,1.2314,1.10,49.50
2007.07.06 08:28:17.383,1.2313,1.2314,1.00,53.50
2007.07.06 08:28:17.590,1.2313,1.2314,0.70,49.50
2007.07.06 08:28:17.791,1.23125,1.2313,10.10,8.00
2007.07.06 08:28:17.886,1.23125,1.2314,11.20,49.50
2007.07.06 08:28:18.250,1.23125,1.2314,15.20,49.50
2007.07.06 08:28:31.733,1.2313,1.2314,11.20,45.50
2007.07.06 08:28:38.901,1.2313,1.2314,11.20,41.50
2007.07.06 08:28:40.799,1.2313,1.2314,7.20,45.50
2007.07.06 08:28:54.774,1.2313,1.2314,11.20,45.50
2007.07.06 08:28:54.879,1.2313,1.2314,11.20,41.50
2007.07.06 08:28:54.978,1.2313,1.2314,19.20,41.50
2007.07.06 08:28:56.413,1.2313,1.2314,11.20,41.50
2007.07.06 08:28:56.457,1.2313,1.2314,0.60,41.50
2007.07.06 08:28:58.216,1.2313,1.2314,2.80,37.50
2007.07.06 08:28:59.280,1.2313,1.2314,2.00,41.50
2007.07.06 08:29:00.071,1.23125,1.2314,19.20,37.50
2007.07.06 08:29:00.399,1.23125,1.2314,19.20,13.60
2007.07.06 08:29:00.812,1.23125,1.2313,15.20,8.00
2007.07.06 08:29:00.909,1.2313,1.2314,1.50,41.50
2007.07.06 08:29:02.102,1.2313,1.2314,0.50,45.50
2007.07.06 08:29:03.284,1.2313,1.2314,1.20,49.50
2007.07.06 08:29:03.684,1.23125,1.2314,15.20,45.50
2007.07.06 08:29:04.198,1.2313,1.2314,2.60,41.50
2007.07.06 08:29:04.715,1.23125,1.2314,19.20,37.50
2007.07.06 08:29:05.216,1.23125,1.2314,19.20,41.50
2007.07.06 08:29:05.780,1.23125,1.2314,15.20,45.50
2007.07.06 08:29:06.231,1.23125,1.2314,15.20,41.50
2007.07.06 08:29:06.802,1.2313,1.2314,3.80,43.90
2007.07.06 08:29:07.161,1.23125,1.2313,11.20,4.00
2007.07.06 08:29:07.265,1.2312,1.2313,73.20,4.00
2007.07.06 08:29:07.282,1.23115,1.2313,75.60,4.00
2007.07.06 08:29:07.317,1.2312,1.2313,3.40,4.00
2007.07.06 08:29:07.424,1.23115,1.2313,71.60,12.00
2007.07.06 08:29:07.936,1.2312,1.2313,30.40,12.00
2007.07.06 08:29:08.054,1.23115,1.2313,68.30,12.00
2007.07.06 08:29:08.554,1.23115,1.2313,64.30,12.00
2007.07.06 08:29:10.068,1.2312,1.2313,20.20,12.00
2007.07.06 08:29:10.377,1.23115,1.2313,64.30,12.00
2007.07.06 08:29:12.650,1.23115,1.2313,63.50,12.00
2007.07.06 08:29:12.809,1.23115,1.2313,64.20,12.00
2007.07.06 08:29:13.250,1.23115,1.2313,60.20,12.00
2007.07.06 08:29:13.442,1.23115,1.2313,59.80,12.00
2007.07.06 08:29:13.558,1.2312,1.2313,9.00,12.00
2007.07.06 08:29:14.452,1.23115,1.2313,60.20,12.00
2007.07.06 08:29:17.191,1.23115,1.2313,64.20,12.00
2007.07.06 08:29:17.380,1.2312,1.2313,5.30,12.00
2007.07.06 08:29:17.498,1.23115,1.2313,63.50,12.00
2007.07.06 08:29:17.698,1.2312,1.2313,15.70,12.00
2007.07.06 08:29:19.644,1.23115,1.2313,63.50,12.00
2007.07.06 08:29:19.657,1.2312,1.2313,9.70,12.00
2007.07.06 08:29:19.754,1.2313,1.23135,2.10,7.60
2007.07.06 08:29:19.853,1.2313,1.2314,2.40,34.40
2007.07.06 08:29:19.967,1.23125,1.2314,19.20,46.30
2007.07.06 08:29:20.155,1.2313,1.2314,3.00,41.50
2007.07.06 08:29:20.171,1.23125,1.2314,19.20,45.50
2007.07.06 08:29:20.272,1.2313,1.2314,3.90,41.50
2007.07.06 08:29:20.366,1.2312,1.2314,60.30,45.50
2007.07.06 08:29:20.547,1.2313,1.2314,5.40,41.50
2007.07.06 08:29:20.972,1.23125,1.2314,27.20,41.50
2007.07.06 08:29:21.070,1.2313,1.2314,7.80,37.50
2007.07.06 08:29:21.193,1.23125,1.2314,23.20,37.50
2007.07.06 08:29:21.279,1.23125,1.2314,19.20,45.50
2007.07.06 08:29:21.284,1.23125,1.2314,16.00,50.30
2007.07.06 08:29:21.357,1.2312,1.2314,59.90,58.00
2007.07.06 08:29:21.384,1.23115,1.2314,85.40,54.00
2007.07.06 08:29:21.711,1.2312,1.2314,34.50,58.00
2007.07.06 08:29:27.366,1.2312,1.2314,75.80,62.00
2007.07.06 08:29:27.795,1.2312,1.2314,79.80,58.00
2007.07.06 08:29:28.196,1.2312,1.2314,75.80,62.00
2007.07.06 08:29:29.042,1.2312,1.2314,67.80,62.00
2007.07.06 08:29:30.806,1.2312,1.2314,63.80,66.00
2007.07.06 08:29:30.835,1.2312,1.2314,63.00,66.00
2007.07.06 08:29:30.933,1.2312,1.2314,62.80,66.00
2007.07.06 08:29:31.616,1.2312,1.2314,66.80,62.00
2007.07.06 08:29:31.756,1.2312,1.2314,67.50,62.00
2007.07.06 08:29:31.815,1.23125,1.2314,1.60,62.00
2007.07.06 08:29:31.832,1.23125,1.2314,1.60,66.00
2007.07.06 08:29:34.310,1.23125,1.2314,1.60,62.00
2007.07.06 08:29:34.735,1.23125,1.2314,1.60,66.00
2007.07.06 08:29:37.205,1.23125,1.2314,1.60,62.00
2007.07.06 08:29:54.907,1.23125,1.2313,1.60,8.00
2007.07.06 08:29:55.358,1.23125,1.2313,1.60,11.20
2007.07.06 08:29:55.423,1.23125,1.2313,1.60,27.10
2007.07.06 08:29:55.461,1.23125,1.2313,1.60,31.10
2007.07.06 08:29:56.286,1.23125,1.2313,1.60,35.10
2007.07.06 08:29:57.165,1.2312,1.2313,23.50,35.10
2007.07.06 08:30:01.668,1.2312,1.2313,23.60,35.10
2007.07.06 08:30:01.802,1.2312,1.2313,10.00,43.10
2007.07.06 08:30:02.374,1.2312,1.2313,9.60,43.90
2007.07.06 08:30:05.216,1.2312,1.2313,9.60,46.00
2007.07.06 08:30:05.426,1.2312,1.2313,9.60,45.90
2007.07.06 08:30:05.592,1.2312,1.2313,9.60,42.70
2007.07.06 08:30:05.649,1.2312,1.2313,9.60,42.80
2007.07.06 08:30:05.825,1.2312,1.2313,9.60,42.40
2007.07.06 08:30:05.856,1.23115,1.2312,8.00,2.40
2007.07.06 08:30:06.140,1.2312,1.2313,9.60,42.40
2007.07.06 08:30:06.229,1.2312,1.2313,1.60,44.70
2007.07.06 08:30:06.330,1.2312,1.2313,1.60,42.80
2007.07.06 08:30:06.446,1.2312,1.2313,1.60,50.50
2007.07.06 08:30:06.467,1.2312,1.2313,1.60,52.80
2007.07.06 08:30:06.531,1.2312,1.2313,1.60,57.20
2007.07.06 08:30:06.707,1.2312,1.2313,1.60,49.50
2007.07.06 08:30:06.753,1.2312,1.2313,1.60,50.10
2007.07.06 08:30:06.839,1.2312,1.2313,1.60,48.10
2007.07.06 08:30:06.954,1.2312,1.2313,1.60,46.90
2007.07.06 08:30:07.056,1.2312,1.2313,1.60,42.40
2007.07.06 08:30:07.283,1.2312,1.2313,9.60,42.40
2007.07.06 08:30:17.920,1.2312,1.2313,1.60,42.40
2007.07.06 08:30:18.470,1.2312,1.2313,9.60,42.40
2007.07.06 08:30:18.569,1.2312,1.2313,9.60,41.20
2007.07.06 08:30:19.486,1.2312,1.2313,9.60,41.00
2007.07.06 08:30:20.108,1.2312,1.2313,9.60,40.70
2007.07.06 08:30:20.121,1.2312,1.2313,9.60,39.90
2007.07.06 08:30:20.413,1.2312,1.2313,9.60,31.90
2007.07.06 08:30:21.310,1.2312,1.2313,9.60,35.90
2007.07.06 08:30:21.341,1.2312,1.2313,9.60,43.90
2007.07.06 08:30:22.495,1.2312,1.2313,9.60,47.90
2007.07.06 08:30:23.027,1.2312,1.2313,9.60,43.90
2007.07.06 08:30:23.047,1.2312,1.2313,9.60,39.90
2007.07.06 08:30:25.572,1.2312,1.2313,13.60,39.90
2007.07.06 08:30:26.269,1.2312,1.2313,13.60,40.70
2007.07.06 08:30:26.361,1.2312,1.2313,13.60,32.70
2007.07.06 08:30:26.415,1.2312,1.2313,9.60,40.70
2007.07.06 08:30:26.431,1.2312,1.2313,9.60,32.70
2007.07.06 08:30:26.521,1.2312,1.2313,9.60,42.40
2007.07.06 08:30:26.601,1.2312,1.2313,9.60,46.40
2007.07.06 08:30:26.645,1.2312,1.2313,9.60,53.90
2007.07.06 08:30:26.951,1.2312,1.2313,9.60,54.40
2007.07.06 08:30:27.161,1.2312,1.2313,1.60,54.40
2007.07.06 08:30:27.248,1.2312,1.2313,1.60,55.10
2007.07.06 08:30:27.860,1.2312,1.2313,9.60,55.10
2007.07.06 08:30:31.799,1.2312,1.2313,9.60,55.00
2007.07.06 08:30:32.530,1.2312,1.2313,13.60,55.00
2007.07.06 08:30:35.238,1.2312,1.2313,13.60,54.60
2007.07.06 08:30:35.339,1.2312,1.2313,5.60,54.60
2007.07.06 08:30:35.560,1.2312,1.2313,13.60,54.60
2007.07.06 08:30:35.959,1.2312,1.2313,5.60,54.60
2007.07.06 08:30:36.481,1.2311,1.2312,64.70,2.40
2007.07.06 08:30:36.779,1.2312,1.2313,5.60,57.00
2007.07.06 08:30:37.294,1.2312,1.2313,5.60,0.50
2007.07.06 08:30:37.300,1.2312,1.23135,5.60,39.70
2007.07.06 08:30:37.407,1.2312,1.2313,5.60,0.50
2007.07.06 08:30:37.869,1.2312,1.23135,5.60,64.60
2007.07.06 08:30:42.363,1.2312,1.23135,5.60,65.40
2007.07.06 08:30:42.426,1.2312,1.2313,5.60,0.70
2007.07.06 08:30:43.912,1.2312,1.23135,5.60,37.50
2007.07.06 08:30:46.225,1.2312,1.2313,5.60,0.50
2007.07.06 08:30:46.954,1.2312,1.23135,5.60,71.80
2007.07.06 08:30:47.153,1.2312,1.2313,5.60,0.50
2007.07.06 08:30:49.035,1.2312,1.23135,5.60,71.80
2007.07.06 08:30:49.196,1.2312,1.23135,5.60,73.40
2007.07.06 08:30:49.450,1.2312,1.2313,5.60,0.50
2007.07.06 08:30:49.845,1.2312,1.23135,5.60,46.80
2007.07.06 08:30:49.938,1.2311,1.2312,63.90,0.80
2007.07.06 08:30:50.232,1.2311,1.2312,62.30,0.90
2007.07.06 08:30:50.371,1.2312,1.2313,1.60,78.50
2007.07.06 08:30:50.465,1.2312,1.2313,1.60,77.70
2007.07.06 08:30:50.535,1.2312,1.2313,1.60,75.30
2007.07.06 08:30:50.589,1.23115,1.2312,0.10,0.60
2007.07.06 08:30:50.750,1.23115,1.2313,0.10,84.10
2007.07.06 08:30:50.826,1.2311,1.2312,23.20,0.80
2007.07.06 08:30:50.954,1.2311,1.23125,19.20,57.10
2007.07.06 08:30:51.469,1.2311,1.23125,15.20,57.10
2007.07.06 08:30:51.641,1.2311,1.23125,15.20,57.90
2007.07.06 08:30:51.694,1.2311,1.23125,15.20,59.50
2007.07.06 08:30:51.879,1.2311,1.23115,11.20,0.80
2007.07.06 08:30:51.912,1.2311,1.2312,8.00,56.20
2007.07.06 08:30:51.958,1.231,1.2312,64.00,52.20
2007.07.06 08:30:52.177,1.231,1.23115,62.40,0.80
2007.07.06 08:30:52.309,1.231,1.2312,66.40,51.40
2007.07.06 08:30:52.362,1.231,1.23115,78.40,0.80
2007.07.06 08:30:52.414,1.23105,1.2312,8.00,0.50
2007.07.06 08:30:52.425,1.2311,1.23125,3.20,46.80
2007.07.06 08:30:52.518,1.2311,1.2312,3.20,0.90
2007.07.06 08:30:52.720,1.2311,1.2312,3.20,43.40
2007.07.06 08:30:52.782,1.2311,1.2312,7.20,59.90
2007.07.06 08:30:52.945,1.2311,1.23115,4.00,15.60
2007.07.06 08:30:53.204,1.231,1.2311,22.50,0.90
2007.07.06 08:30:53.246,1.231,1.23115,18.50,24.30
2007.07.06 08:30:53.296,1.231,1.23115,17.70,24.30
2007.07.06 08:30:53.466,1.231,1.2311,25.70,0.90
2007.07.06 08:30:53.498,1.231,1.2311,21.70,0.50
2007.07.06 08:30:53.521,1.231,1.2311,20.90,0.90
2007.07.06 08:30:53.723,1.231,1.23115,20.90,8.80
2007.07.06 08:30:53.747,1.23105,1.2312,8.00,48.80
2007.07.06 08:30:53.829,1.23105,1.23125,8.00,80.80
2007.07.06 08:30:53.939,1.23105,1.23125,8.00,80.90
2007.07.06 08:30:54.037,1.23105,1.23125,8.00,82.30
2007.07.06 08:30:54.148,1.23105,1.23125,8.00,56.40
2007.07.06 08:30:54.257,1.2311,1.2312,4.00,0.60
2007.07.06 08:30:54.288,1.2311,1.23115,4.00,0.80
2007.07.06 08:30:54.566,1.2311,1.2312,4.00,0.80
2007.07.06 08:30:55.683,1.2311,1.2312,4.00,0.90
2007.07.06 08:30:55.715,1.2311,1.2312,4.00,60.80
2007.07.06 08:30:55.807,1.23105,1.2312,8.00,74.30
2007.07.06 08:30:55.817,1.23105,1.2312,8.00,79.90
2007.07.06 08:30:55.864,1.231,1.23115,20.90,44.30
2007.07.06 08:30:55.904,1.231,1.23115,32.90,52.30
2007.07.06 08:30:56.006,1.231,1.2311,32.90,0.60
2007.07.06 08:30:56.122,1.231,1.2311,30.50,0.90
2007.07.06 08:30:56.365,1.231,1.2311,26.50,0.90
2007.07.06 08:30:56.400,1.231,1.23115,24.90,44.30
2007.07.06 08:30:56.935,1.231,1.23115,24.90,52.30
2007.07.06 08:30:57.087,1.231,1.23115,24.90,44.30
2007.07.06 08:30:57.746,1.231,1.2311,24.90,0.80
2007.07.06 08:30:58.159,1.2311,1.23115,4.00,19.80
2007.07.06 08:30:58.189,1.2311,1.23115,4.00,0.60
2007.07.06 08:30:58.201,1.2311,1.2312,4.00,62.20
2007.07.06 08:30:58.365,1.2311,1.2312,8.00,60.30
2007.07.06 08:30:58.436,1.2311,1.23125,8.00,63.50
2007.07.06 08:30:58.792,1.2311,1.23125,4.00,67.50
2007.07.06 08:30:58.922,1.2311,1.23125,4.00,64.30
2007.07.06 08:30:59.484,1.2311,1.23125,4.00,57.10
2007.07.06 08:31:02.712,1.2311,1.2312,4.00,36.00
2007.07.06 08:31:02.715,1.2311,1.23125,4.00,32.40
2007.07.06 08:31:02.835,1.231,1.23115,32.10,47.50
2007.07.06 08:31:02.945,1.231,1.2311,24.10,0.80
2007.07.06 08:31:03.063,1.231,1.2311,24.10,0.70
2007.07.06 08:31:03.127,1.231,1.23115,28.10,55.50
2007.07.06 08:31:03.236,1.231,1.23115,25.70,55.50
2007.07.06 08:31:03.280,1.231,1.2311,29.70,0.80
2007.07.06 08:31:03.364,1.231,1.2311,29.70,0.50
2007.07.06 08:31:03.535,1.231,1.23115,25.70,39.90
2007.07.06 08:31:03.576,1.231,1.2311,21.70,0.70
2007.07.06 08:31:03.685,1.231,1.2311,21.70,0.70
2007.07.06 08:31:03.780,1.231,1.2311,21.70,0.90
2007.07.06 08:31:03.796,1.231,1.2311,41.60,0.60
2007.07.06 08:31:03.875,1.231,1.2312,49.60,58.80
2007.07.06 08:31:03.891,1.231,1.23125,52.80,61.20
2007.07.06 08:31:04.182,1.231,1.2312,56.80,0.80
2007.07.06 08:31:04.207,1.2311,1.23125,4.00,70.80
2007.07.06 08:31:04.289,1.2311,1.23125,7.20,67.60
2007.07.06 08:31:04.383,1.2311,1.2312,7.20,0.50
2007.07.06 08:31:04.396,1.2311,1.23125,15.20,63.60
2007.07.06 08:31:04.410,1.2311,1.23125,15.20,63.50
2007.07.06 08:31:04.589,1.2311,1.23125,15.20,59.50
2007.07.06 08:31:04.704,1.2311,1.2312,15.20,0.60
2007.07.06 08:31:04.800,1.2311,1.2312,12.00,0.90
2007.07.06 08:31:04.810,1.2311,1.2312,12.00,0.60
2007.07.06 08:31:04.892,1.2311,1.2312,12.00,76.40
2007.07.06 08:31:04.928,1.2311,1.2312,4.00,76.40
2007.07.06 08:31:05.221,1.2311,1.2312,4.00,64.40
2007.07.06 08:31:05.328,1.2311,1.2312,7.20,61.20
2007.07.06 08:31:05.343,1.2311,1.2312,7.20,57.20
2007.07.06 08:31:05.448,1.2311,1.2312,7.20,49.50
2007.07.06 08:31:06.659,1.23105,1.2311,8.00,4.00
2007.07.06 08:31:06.692,1.23105,1.2311,8.00,12.00
2007.07.06 08:31:06.752,1.2311,1.23115,3.20,8.40
2007.07.06 08:31:06.788,1.231,1.2311,30.50,35.90
2007.07.06 08:31:06.857,1.231,1.2311,33.70,35.90
2007.07.06 08:31:06.892,1.231,1.2311,33.70,43.90
2007.07.06 08:31:07.190,1.231,1.2311,32.10,43.90
2007.07.06 08:31:07.228,1.231,1.2311,28.90,43.90
2007.07.06 08:31:07.495,1.231,1.2311,24.90,43.90
2007.07.06 08:31:07.890,1.231,1.23115,24.90,52.30
2007.07.06 08:31:08.081,1.231,1.2311,20.90,43.90
2007.07.06 08:31:09.115,1.231,1.2311,24.90,43.90
2007.07.06 08:31:09.616,1.231,1.2311,20.90,43.90
2007.07.06 08:31:10.606,1.231,1.2311,24.90,43.90
2007.07.06 08:31:10.688,1.231,1.2311,24.90,31.90
2007.07.06 08:31:10.715,1.231,1.2311,24.90,23.90
2007.07.06 08:31:10.819,1.231,1.2311,40.80,8.00
2007.07.06 08:31:10.842,1.231,1.2311,48.80,8.00
2007.07.06 08:31:11.445,1.231,1.2311,52.80,8.00
2007.07.06 08:31:13.642,1.231,1.2311,44.80,8.00
2007.07.06 08:31:14.444,1.231,1.2311,40.80,8.00
2007.07.06 08:31:17.634,1.231,1.2311,36.80,8.00
2007.07.06 08:31:21.683,1.231,1.2311,40.80,8.00
2007.07.06 08:31:21.700,1.231,1.2311,37.70,8.00
2007.07.06 08:31:21.772,1.231,1.2311,39.30,8.00
2007.07.06 08:31:21.812,1.2311,1.23115,4.00,8.40
2007.07.06 08:31:21.836,1.2311,1.2312,4.00,32.80
2007.07.06 08:31:22.228,1.2311,1.2312,4.00,35.20
2007.07.06 08:31:22.339,1.2311,1.2312,4.00,51.60
2007.07.06 08:31:22.386,1.231,1.2311,29.70,11.20
2007.07.06 08:31:22.559,1.231,1.2311,33.70,35.10
2007.07.06 08:31:22.636,1.231,1.2311,25.70,35.10
2007.07.06 08:31:22.762,1.231,1.2311,21.70,39.10
2007.07.06 08:31:23.551,1.231,1.2311,17.70,39.10
2007.07.06 08:31:23.702,1.231,1.2311,17.70,43.10
2007.07.06 08:31:23.776,1.231,1.2311,17.70,51.10
2007.07.06 08:31:30.737,1.231,1.2311,17.70,47.10
2007.07.06 08:31:31.458,1.231,1.2311,17.70,43.90
2007.07.06 08:31:34.813,1.231,1.2311,21.70,43.90
2007.07.06 08:31:35.710,1.231,1.2311,17.70,43.90
2007.07.06 08:31:39.775,1.231,1.2311,17.70,47.90
2007.07.06 08:31:40.943,1.231,1.2311,17.70,39.90
2007.07.06 08:31:41.181,1.231,1.2311,17.70,35.90
2007.07.06 08:31:41.295,1.231,1.2311,17.70,27.90
2007.07.06 08:31:41.341,1.231,1.2311,33.60,4.00
2007.07.06 08:31:41.414,1.231,1.2311,37.60,8.00
2007.07.06 08:31:44.698,1.231,1.2311,45.60,8.00
2007.07.06 08:31:44.740,1.231,1.2311,42.40,8.00
2007.07.06 08:31:44.822,1.2311,1.2312,4.00,33.20
2007.07.06 08:31:45.002,1.2311,1.2312,4.00,25.60
2007.07.06 08:31:45.235,1.231,1.2311,49.60,8.00
2007.07.06 08:31:45.715,1.231,1.2311,45.60,8.00
2007.07.06 08:31:45.746,1.231,1.2311,40.80,8.00
2007.07.06 08:31:45.889,1.231,1.2311,44.80,8.00
2007.07.06 08:31:46.403,1.231,1.2311,40.80,8.00
2007.07.06 08:31:49.252,1.231,1.23115,36.80,0.80
2007.07.06 08:31:49.363,1.231,1.2312,44.80,73.50
2007.07.06 08:31:49.429,1.231,1.2312,48.80,69.50
2007.07.06 08:31:54.556,1.231,1.2312,48.80,69.70
2007.07.06 08:31:54.582,1.231,1.2312,48.80,77.40
2007.07.06 08:31:54.761,1.231,1.2312,48.80,77.60
2007.07.06 08:31:54.872,1.231,1.2312,48.80,78.80
2007.07.06 08:31:54.884,1.231,1.23115,40.80,0.80
2007.07.06 08:31:55.300,1.231,1.23115,44.80,0.80
2007.07.06 08:31:55.475,1.231,1.23115,40.80,0.80
2007.07.06 08:31:59.136,1.231,1.2311,36.80,4.00
2007.07.06 08:31:59.234,1.231,1.2311,20.90,19.90
2007.07.06 08:31:59.527,1.231,1.2311,20.90,39.10
2007.07.06 08:31:59.673,1.231,1.2311,20.90,43.10
2007.07.06 08:31:59.765,1.231,1.2311,20.90,51.10
2007.07.06 08:31:59.839,1.231,1.2311,20.90,43.10
2007.07.06 08:32:00.388,1.231,1.2311,24.90,39.10
2007.07.06 08:32:00.893,1.231,1.2311,24.90,47.10
2007.07.06 08:32:01.409,1.231,1.2311,20.90,51.10
2007.07.06 08:32:01.517,1.231,1.2311,20.90,47.10
2007.07.06 08:32:01.827,1.231,1.2311,20.90,51.10
2007.07.06 08:32:02.864,1.231,1.2311,20.90,43.10
2007.07.06 08:32:09.660,1.23095,1.2311,23.30,43.10
2007.07.06 08:32:11.357,1.2309,1.2311,74.80,43.10
2007.07.06 08:32:12.663,1.23095,1.2311,32.10,43.10
2007.07.06 08:32:12.725,1.23095,1.2311,32.90,43.10
2007.07.06 08:32:12.762,1.23095,1.2311,33.70,43.10
2007.07.06 08:32:12.781,1.2311,1.23115,2.10,8.40
2007.07.06 08:32:12.835,1.231,1.2311,15.70,7.20
2007.07.06 08:32:12.883,1.2311,1.23115,2.30,8.40
2007.07.06 08:32:13.238,1.231,1.2311,16.70,19.90
2007.07.06 08:32:13.293,1.2311,1.23115,1.60,8.40
2007.07.06 08:32:13.346,1.231,1.2311,36.10,39.90
2007.07.06 08:32:13.400,1.23095,1.2311,36.10,43.10
2007.07.06 08:32:13.694,1.23095,1.2311,40.10,43.10
2007.07.06 08:32:13.849,1.23095,1.2311,40.10,35.10
2007.07.06 08:32:16.685,1.23095,1.2311,55.30,31.10
2007.07.06 08:32:16.902,1.23095,1.2311,51.30,35.10
2007.07.06 08:32:18.630,1.231,1.2311,37.70,15.20
2007.07.06 08:32:18.769,1.2311,1.23115,4.20,0.80
2007.07.06 08:32:18.955,1.231,1.23115,48.40,0.80
2007.07.06 08:32:18.974,1.231,1.2312,49.20,59.90
2007.07.06 08:32:19.179,1.231,1.2312,50.40,57.50
2007.07.06 08:32:19.432,1.2311,1.2312,7.30,53.50
2007.07.06 08:32:19.672,1.231,1.2312,54.00,54.30
2007.07.06 08:32:19.687,1.231,1.2311,46.80,12.00
2007.07.06 08:32:19.774,1.2311,1.2312,2.70,32.70
2007.07.06 08:32:19.872,1.23095,1.2311,53.70,27.90
2007.07.06 08:32:20.186,1.23095,1.2311,52.90,27.90
2007.07.06 08:32:20.258,1.23095,1.2311,51.30,27.90
2007.07.06 08:32:20.693,1.23095,1.2311,51.30,31.90
2007.07.06 08:32:20.764,1.231,1.2311,18.00,31.90
2007.07.06 08:32:20.808,1.231,1.2311,16.10,39.90
2007.07.06 08:32:21.432,1.231,1.2311,3.50,39.90
2007.07.06 08:32:23.236,1.23095,1.2311,39.30,31.90
2007.07.06 08:32:23.775,1.231,1.2311,14.80,31.90
2007.07.06 08:32:29.312,1.231,1.2311,12.40,27.90
2007.07.06 08:32:29.422,1.231,1.2311,6.00,35.90
2007.07.06 08:32:29.466,1.23095,1.2311,31.30,35.90
2007.07.06 08:32:34.949,1.231,1.2311,4.50,43.90
2007.07.06 08:32:36.784,1.23095,1.2311,31.30,35.90
2007.07.06 08:32:36.894,1.231,1.2311,6.20,43.90
2007.07.06 08:32:37.905,1.231,1.2311,5.10,35.90
2007.07.06 08:32:39.736,1.231,1.2311,21.70,35.90
2007.07.06 08:32:39.949,1.231,1.2311,21.70,43.90
2007.07.06 08:32:40.028,1.23105,1.2311,2.40,43.90
2007.07.06 08:32:40.303,1.231,1.2311,23.30,43.90
2007.07.06 08:32:40.364,1.231,1.2311,27.30,43.90
2007.07.06 08:32:40.677,1.231,1.2311,23.30,43.90
2007.07.06 08:32:42.928,1.231,1.2311,19.30,43.90
2007.07.06 08:32:44.153,1.231,1.2311,17.70,43.90
2007.07.06 08:32:46.809,1.231,1.2311,13.70,47.90
2007.07.06 08:32:47.788,1.231,1.2311,5.70,47.90
2007.07.06 08:32:48.928,1.231,1.2311,13.70,47.90
2007.07.06 08:32:49.355,1.231,1.2311,5.70,47.90
2007.07.06 08:32:49.856,1.231,1.2311,13.70,47.90
2007.07.06 08:32:56.463,1.231,1.2311,13.70,51.90
2007.07.06 08:32:56.557,1.231,1.2311,13.70,47.90
2007.07.06 08:32:58.005,1.231,1.2311,6.20,47.90
2007.07.06 08:32:59.033,1.231,1.2311,3.30,51.90
2007.07.06 08:33:05.722,1.231,1.2311,6.90,47.90
2007.07.06 08:33:17.959,1.2309,1.2311,76.10,47.90
2007.07.06 08:33:18.280,1.2309,1.2311,85.40,32.00
2007.07.06 08:33:18.371,1.2309,1.2311,88.60,20.00
2007.07.06 08:33:18.387,1.2309,1.2311,92.60,12.00
2007.07.06 08:33:18.899,1.23095,1.2311,52.80,8.00
2007.07.06 08:33:19.277,1.231,1.2311,7.80,8.00
2007.07.06 08:33:19.298,1.2311,1.2312,1.90,45.20
2007.07.06 08:33:19.406,1.231,1.2312,38.50,65.20
2007.07.06 08:33:19.418,1.231,1.2312,50.50,57.50
2007.07.06 08:33:19.797,1.231,1.2312,56.10,57.50
2007.07.06 08:33:19.916,1.231,1.2311,36.10,8.00
2007.07.06 08:33:20.439,1.2311,1.2312,4.60,57.50
2007.07.06 08:33:20.603,1.231,1.2312,63.30,53.50
2007.07.06 08:33:21.683,1.2311,1.2312,2.60,57.50
2007.07.06 08:33:21.785,1.2311,1.2312,1.40,57.50
2007.07.06 08:33:21.900,1.231,1.2311,69.80,8.00
2007.07.06 08:33:22.394,1.2311,1.2312,2.00,69.20
2007.07.06 08:33:22.404,1.23095,1.2312,64.80,72.40
2007.07.06 08:33:23.603,1.23095,1.2312,64.80,64.70
2007.07.06 08:33:23.742,1.23095,1.2312,66.40,64.70
2007.07.06 08:33:23.762,1.231,1.2312,52.10,56.70
2007.07.06 08:33:23.971,1.231,1.2312,52.10,57.50
2007.07.06 08:33:24.409,1.2311,1.2312,3.00,53.50
2007.07.06 08:33:24.752,1.231,1.2312,60.10,53.50
2007.07.06 08:33:26.960,1.2311,1.2312,11.20,49.50
2007.07.06 08:33:32.552,1.2311,1.2312,11.20,53.50
2007.07.06 08:33:32.658,1.2311,1.2312,11.20,49.50
2007.07.06 08:33:35.735,1.2311,1.2312,7.20,49.50
2007.07.06 08:33:35.746,1.2311,1.2312,7.20,61.50
2007.07.06 08:33:35.828,1.2311,1.2312,4.00,64.70
2007.07.06 08:33:36.012,1.23105,1.2312,8.00,68.70
2007.07.06 08:33:36.032,1.231,1.2312,64.80,76.40
2007.07.06 08:33:36.104,1.231,1.2312,60.80,78.80
2007.07.06 08:33:36.221,1.231,1.2312,60.80,80.00
2007.07.06 08:33:36.230,1.231,1.2311,60.80,8.00
2007.07.06 08:33:36.260,1.231,1.2311,52.80,8.00
2007.07.06 08:33:36.311,1.231,1.2311,40.90,23.90
2007.07.06 08:33:36.347,1.231,1.2311,37.70,27.10
2007.07.06 08:33:36.416,1.231,1.2311,37.70,35.10
2007.07.06 08:33:37.254,1.231,1.2311,53.60,19.20
2007.07.06 08:33:37.277,1.231,1.2311,56.80,8.00
2007.07.06 08:33:37.288,1.231,1.2311,64.80,8.00
2007.07.06 08:33:37.334,1.231,1.2311,52.90,8.00
2007.07.06 08:33:37.459,1.231,1.2311,48.90,8.00
2007.07.06 08:33:38.544,1.231,1.2311,52.90,8.00
2007.07.06 08:33:39.604,1.231,1.2311,48.90,8.00
2007.07.06 08:33:39.617,1.23105,1.2311,8.00,8.00
2007.07.06 08:33:39.867,1.2311,1.2312,3.20,41.50
2007.07.06 08:33:39.916,1.2311,1.2312,7.20,49.50
2007.07.06 08:33:40.781,1.2311,1.2312,11.20,49.50
2007.07.06 08:33:43.053,1.2311,1.2312,11.20,49.70
2007.07.06 08:33:44.689,1.2311,1.2312,11.20,53.70
2007.07.06 08:33:44.895,1.231,1.2311,32.10,8.00
2007.07.06 08:33:45.757,1.2311,1.2312,3.20,41.50
2007.07.06 08:33:45.858,1.231,1.2311,48.90,8.00
2007.07.06 08:33:45.903,1.231,1.2311,44.90,8.00
2007.07.06 08:33:45.930,1.231,1.2311,52.80,8.00
2007.07.06 08:33:46.439,1.231,1.2311,56.80,8.00
2007.07.06 08:33:46.461,1.231,1.2311,52.80,8.00
2007.07.06 08:33:46.689,1.231,1.2311,52.80,16.00
2007.07.06 08:33:46.752,1.231,1.2311,40.90,31.90
2007.07.06 08:33:46.863,1.231,1.2311,36.90,31.90
2007.07.06 08:33:47.685,1.231,1.2311,40.90,16.00
2007.07.06 08:33:47.700,1.231,1.2311,40.90,8.00
2007.07.06 08:33:47.993,1.231,1.2311,48.90,8.00
2007.07.06 08:33:48.585,1.231,1.2311,52.90,8.00
2007.07.06 08:33:48.651,1.231,1.2311,49.70,8.00
2007.07.06 08:33:48.772,1.231,1.2311,32.10,8.00
2007.07.06 08:33:48.846,1.2311,1.2312,3.20,49.40
2007.07.06 08:33:48.997,1.2311,1.2312,7.20,49.70
2007.07.06 08:33:49.387,1.2311,1.2312,7.20,53.70
2007.07.06 08:33:49.761,1.2311,1.2312,11.20,53.70
2007.07.06 08:33:50.339,1.2311,1.2312,11.20,0.60
2007.07.06 08:33:51.205,1.2311,1.23125,7.20,61.30
2007.07.06 08:33:51.258,1.2311,1.2312,3.20,0.90
2007.07.06 08:33:51.331,1.231,1.2312,68.80,0.50
2007.07.06 08:33:51.349,1.231,1.23125,68.80,54.00
2007.07.06 08:33:51.412,1.231,1.23115,56.80,0.80
2007.07.06 08:33:51.550,1.231,1.23115,44.90,0.80
2007.07.06 08:33:51.647,1.231,1.2312,56.80,78.00
2007.07.06 08:33:51.701,1.231,1.2312,64.80,78.00
2007.07.06 08:33:51.961,1.231,1.2311,60.80,0.70
2007.07.06 08:33:54.862,1.231,1.2313,60.80,125.40
2007.07.06 08:33:55.196,1.231,1.2313,64.80,123.00
2007.07.06 08:33:55.307,1.2311,1.2313,4.00,111.00
2007.07.06 08:33:55.329,1.2311,1.2312,4.00,0.90
2007.07.06 08:33:55.684,1.2311,1.23125,4.00,63.70
2007.07.06 08:33:56.216,1.2311,1.2312,8.00,0.90
2007.07.06 08:33:56.349,1.2311,1.2312,8.00,0.70
2007.07.06 08:33:58.287,1.2311,1.23125,16.00,60.50
2007.07.06 08:33:58.889,1.2311,1.23125,8.00,60.50
2007.07.06 08:33:59.129,1.2311,1.23125,8.00,52.50
2007.07.06 08:34:02.441,1.2311,1.2312,16.00,0.50
2007.07.06 08:34:03.771,1.2311,1.2312,8.00,0.80
2007.07.06 08:34:03.889,1.2311,1.2312,16.00,0.80
2007.07.06 08:34:04.711,1.2311,1.2312,16.00,0.60
2007.07.06 08:34:04.918,1.2311,1.2312,8.00,0.50
2007.07.06 08:34:05.851,1.2311,1.23125,16.00,60.50
2007.07.06 08:34:12.257,1.2311,1.23125,12.00,60.50
2007.07.06 08:34:13.526,1.2311,1.2312,12.80,0.50
2007.07.06 08:34:13.832,1.2311,1.23125,16.80,56.30
2007.07.06 08:34:14.045,1.2311,1.23125,16.00,56.30
2007.07.06 08:34:14.251,1.2311,1.23125,16.00,56.40
2007.07.06 08:34:14.486,1.2311,1.23125,16.00,56.90
2007.07.06 08:34:14.559,1.2311,1.23115,16.00,0.80
2007.07.06 08:34:14.760,1.2311,1.2312,12.00,54.00
2007.07.06 08:34:14.856,1.2311,1.2312,4.00,54.00
2007.07.06 08:34:16.612,1.2311,1.2312,4.00,62.40
2007.07.06 08:34:16.706,1.2311,1.23115,4.00,20.40
2007.07.06 08:34:16.817,1.231,1.23115,40.10,44.30
2007.07.06 08:34:16.892,1.231,1.23115,36.10,44.30
2007.07.06 08:34:16.923,1.231,1.23115,32.90,47.50
2007.07.06 08:34:16.936,1.231,1.23115,28.90,55.50
2007.07.06 08:34:17.010,1.231,1.23115,27.30,55.50
2007.07.06 08:34:17.122,1.231,1.2311,25.70,0.60
2007.07.06 08:34:17.451,1.231,1.2311,21.70,0.80
2007.07.06 08:34:19.158,1.231,1.2311,21.70,35.10
2007.07.06 08:34:19.221,1.231,1.2311,41.60,11.20
2007.07.06 08:34:19.369,1.231,1.2311,44.80,8.00
2007.07.06 08:34:19.429,1.231,1.23115,44.80,0.80
2007.07.06 08:34:19.488,1.231,1.23115,52.80,0.80
2007.07.06 08:34:20.662,1.231,1.23115,56.80,0.80
2007.07.06 08:34:21.884,1.231,1.2311,56.80,8.00
2007.07.06 08:34:22.612,1.231,1.23115,48.80,0.80
2007.07.06 08:34:23.028,1.231,1.2311,56.80,8.00
2007.07.06 08:34:23.741,1.231,1.23115,56.80,0.80
2007.07.06 08:34:25.651,1.231,1.23115,57.60,0.80
2007.07.06 08:34:25.682,1.23105,1.23115,8.00,0.80
2007.07.06 08:34:25.969,1.2311,1.23115,4.00,0.80
2007.07.06 08:34:28.849,1.2311,1.23115,12.00,0.80
2007.07.06 08:34:31.943,1.2311,1.23115,4.00,0.80
2007.07.06 08:34:36.535,1.2311,1.2312,4.00,55.00
2007.07.06 08:34:36.863,1.2311,1.23115,12.00,0.80
2007.07.06 08:34:39.837,1.2311,1.2312,4.00,55.00
2007.07.06 08:34:42.901,1.2311,1.2312,12.00,55.00
2007.07.06 08:34:43.799,1.2311,1.23115,4.00,0.80
2007.07.06 08:34:43.897,1.2311,1.23115,12.00,0.80
2007.07.06 08:34:44.421,1.2311,1.23115,4.00,0.80
2007.07.06 08:34:44.843,1.2311,1.2312,12.00,53.70
2007.07.06 08:34:45.893,1.2311,1.2312,12.00,0.70
2007.07.06 08:34:46.771,1.2311,1.2312,16.00,0.70
2007.07.06 08:34:48.321,1.2311,1.23125,16.00,56.50
2007.07.06 08:34:52.887,1.2311,1.23125,8.00,60.50
2007.07.06 08:34:53.002,1.2311,1.2312,16.00,0.60
2007.07.06 08:34:53.416,1.2311,1.23125,16.00,56.50
2007.07.06 08:34:53.826,1.2311,1.23125,8.00,56.50
2007.07.06 08:34:54.736,1.2311,1.23125,4.00,60.50
2007.07.06 08:34:58.786,1.2311,1.23125,8.00,56.50
2007.07.06 08:35:00.944,1.2311,1.2312,16.00,0.70
2007.07.06 08:35:01.531,1.2311,1.2312,8.00,0.70
2007.07.06 08:35:02.031,1.2311,1.23125,16.00,56.50
2007.07.06 08:35:07.200,1.2311,1.2312,20.80,48.90
2007.07.06 08:35:07.278,1.2312,1.23125,4.00,10.00
2007.07.06 08:35:07.316,1.2311,1.2312,30.40,1.60
2007.07.06 08:35:07.395,1.2312,1.23125,13.60,10.00
2007.07.06 08:35:07.524,1.2312,1.23125,13.60,10.00
2007.07.06 08:35:07.851,1.2312,1.23125,21.60,10.00
2007.07.06 08:35:08.796,1.2312,1.23125,17.60,10.00
2007.07.06 08:35:08.990,1.2312,1.2313,19.20,57.50
2007.07.06 08:35:09.189,1.2312,1.2313,15.20,58.30
2007.07.06 08:35:09.234,1.2312,1.2313,11.20,62.30
2007.07.06 08:35:09.256,1.2312,1.2313,9.60,62.30
2007.07.06 08:35:09.295,1.2312,1.2313,1.60,74.30
2007.07.06 08:35:09.334,1.2311,1.2313,44.80,77.50
2007.07.06 08:35:09.439,1.2311,1.2313,43.20,77.50
2007.07.06 08:35:09.481,1.2311,1.2313,43.20,78.00
2007.07.06 08:35:09.544,1.2311,1.2313,43.20,79.60
2007.07.06 08:35:09.697,1.2311,1.2313,55.10,79.60
2007.07.06 08:35:09.756,1.2311,1.2313,55.10,87.20
2007.07.06 08:35:13.988,1.2311,1.2313,55.10,83.10
2007.07.06 08:35:14.519,1.2311,1.2313,55.10,83.20
2007.07.06 08:35:15.020,1.2311,1.2313,55.10,83.10
2007.07.06 08:35:15.863,1.2311,1.2312,55.10,8.00
2007.07.06 08:35:17.909,1.2311,1.2313,55.10,81.20
2007.07.06 08:35:18.641,1.2311,1.2312,55.10,8.00
2007.07.06 08:35:18.955,1.2311,1.2313,55.10,81.50
2007.07.06 08:35:20.106,1.2311,1.2313,55.10,81.30
2007.07.06 08:35:20.529,1.2311,1.2313,55.10,81.40
2007.07.06 08:35:20.715,1.2311,1.2313,59.10,77.40
2007.07.06 08:35:20.730,1.2312,1.2313,4.00,65.40
2007.07.06 08:35:20.766,1.2312,1.2313,4.00,57.70
2007.07.06 08:35:20.827,1.2312,1.2313,4.00,56.10
2007.07.06 08:35:21.073,1.2312,1.2313,4.00,56.00
2007.07.06 08:35:21.228,1.2312,1.2313,5.60,56.00
2007.07.06 08:35:21.751,1.2312,1.2313,9.60,56.00
2007.07.06 08:35:22.169,1.2312,1.2313,9.60,55.20
2007.07.06 08:35:22.279,1.2312,1.2313,17.60,54.80
2007.07.06 08:35:22.586,1.2312,1.2313,9.60,54.80
2007.07.06 08:35:22.798,1.2312,1.2313,9.60,55.00
2007.07.06 08:35:22.904,1.2312,1.2313,9.60,56.10
2007.07.06 08:35:23.180,1.2312,1.2313,9.60,60.10
2007.07.06 08:35:23.204,1.2312,1.2313,5.60,64.10
2007.07.06 08:35:23.280,1.2312,1.2313,1.60,65.70
2007.07.06 08:35:23.309,1.2312,1.2313,1.60,77.70
2007.07.06 08:35:23.366,1.2312,1.2313,1.60,85.40
2007.07.06 08:35:23.386,1.2311,1.2313,48.00,85.40
2007.07.06 08:35:23.410,1.2311,1.2313,48.00,61.50
2007.07.06 08:35:23.516,1.2311,1.2313,48.00,61.60
2007.07.06 08:35:23.699,1.2311,1.2313,52.00,57.60
2007.07.06 08:35:24.111,1.2311,1.2313,51.20,57.60
2007.07.06 08:35:24.640,1.2311,1.2313,52.00,81.60
2007.07.06 08:35:24.660,1.23115,1.2313,8.00,73.90
2007.07.06 08:35:24.741,1.2312,1.2313,4.00,57.90
2007.07.06 08:35:24.759,1.2312,1.2313,5.60,56.30
2007.07.06 08:35:24.856,1.2312,1.2313,13.60,56.30
2007.07.06 08:35:24.950,1.2312,1.2313,5.60,56.30
2007.07.06 08:35:25.784,1.2312,1.2313,9.60,56.30
2007.07.06 08:35:27.202,1.2312,1.2313,5.60,56.30
2007.07.06 08:35:27.236,1.2312,1.2313,1.60,72.30
2007.07.06 08:35:27.307,1.2311,1.2313,51.20,73.90
2007.07.06 08:35:27.340,1.2311,1.2313,63.10,73.90
2007.07.06 08:35:27.508,1.2311,1.2313,59.10,77.90
2007.07.06 08:35:27.563,1.2311,1.2313,59.10,85.60
2007.07.06 08:35:27.648,1.2311,1.2313,59.90,85.60
2007.07.06 08:35:27.738,1.23115,1.2313,8.00,77.90
2007.07.06 08:35:27.762,1.2312,1.2313,4.00,54.00
2007.07.06 08:35:27.858,1.2312,1.2313,12.00,65.90
2007.07.06 08:35:27.928,1.2312,1.2313,16.80,61.10
2007.07.06 08:35:27.967,1.2312,1.2313,8.80,57.10
2007.07.06 08:35:28.263,1.2312,1.2313,4.80,73.10
2007.07.06 08:35:28.345,1.2311,1.2313,47.20,77.90
2007.07.06 08:35:28.381,1.2311,1.2313,59.10,77.90
2007.07.06 08:35:28.504,1.2311,1.2313,59.10,85.60
2007.07.06 08:35:28.545,1.2311,1.2313,63.10,81.60
2007.07.06 08:35:28.660,1.2311,1.2313,59.10,85.60
2007.07.06 08:35:30.641,1.2311,1.2312,59.10,1.60
2007.07.06 08:35:30.719,1.2311,1.2312,43.20,17.50
2007.07.06 08:35:30.729,1.2311,1.2312,43.20,25.50
2007.07.06 08:35:30.814,1.2311,1.2312,35.20,25.50
2007.07.06 08:35:30.939,1.2311,1.2312,35.20,33.50
2007.07.06 08:35:31.444,1.2311,1.2312,31.20,33.50
2007.07.06 08:35:31.756,1.2311,1.2312,31.20,37.50
2007.07.06 08:35:35.758,1.2311,1.23125,31.20,45.10
2007.07.06 08:35:39.156,1.2311,1.23125,31.20,49.10
2007.07.06 08:35:51.446,1.2311,1.2312,31.20,0.50
2007.07.06 08:35:51.772,1.2311,1.2313,35.20,77.00
2007.07.06 08:35:51.782,1.2311,1.2312,35.20,0.50
2007.07.06 08:35:52.322,1.2311,1.2313,43.10,0.70
2007.07.06 08:35:53.155,1.2311,1.2313,51.10,0.90
2007.07.06 08:35:53.484,1.2311,1.2314,55.10,84.10
2007.07.06 08:35:58.087,1.2311,1.23135,55.10,57.60
2007.07.06 08:35:58.119,1.2311,1.23135,43.20,80.30
2007.07.06 08:35:58.160,1.2312,1.2313,1.60,0.60
2007.07.06 08:35:58.222,1.2312,1.2313,5.60,0.90
2007.07.06 08:35:58.253,1.2312,1.2313,5.60,0.60
2007.07.06 08:35:58.328,1.2312,1.2313,13.60,0.80
2007.07.06 08:35:58.363,1.2312,1.23135,16.80,59.50
2007.07.06 08:35:58.655,1.2312,1.23135,16.80,59.30
2007.07.06 08:35:58.839,1.2312,1.23135,8.80,59.30
2007.07.06 08:35:59.272,1.2312,1.2313,12.80,0.80
2007.07.06 08:35:59.860,1.2312,1.2313,20.80,0.70
2007.07.06 08:36:00.684,1.2312,1.23135,24.80,59.30
2007.07.06 08:36:00.779,1.2312,1.23135,20.80,59.30
2007.07.06 08:36:01.312,1.2312,1.2313,24.80,0.60
2007.07.06 08:36:01.701,1.2312,1.2314,20.80,96.10
2007.07.06 08:36:10.853,1.2312,1.2313,12.80,51.70
2007.07.06 08:36:11.165,1.2312,1.2313,20.80,51.70
2007.07.06 08:36:11.778,1.2312,1.2313,12.80,51.70
2007.07.06 08:36:14.949,1.2312,1.2313,24.80,47.70
2007.07.06 08:36:24.924,1.2312,1.2313,24.80,46.90
2007.07.06 08:36:25.031,1.2312,1.2313,26.10,43.90
2007.07.06 08:36:25.144,1.2312,1.2313,25.70,43.90
2007.07.06 08:36:27.053,1.23125,1.2313,8.00,43.90
2007.07.06 08:36:27.248,1.23125,1.2313,8.00,35.90
2007.07.06 08:36:27.281,1.2313,1.2314,4.00,48.00
2007.07.06 08:36:27.655,1.2313,1.2314,4.00,40.00
2007.07.06 08:36:27.707,1.2313,1.2314,4.00,32.00
2007.07.06 08:36:28.011,1.23125,1.2313,8.00,8.00
2007.07.06 08:36:28.042,1.23125,1.2314,8.00,48.00
2007.07.06 08:36:28.102,1.2312,1.2314,57.60,54.00
2007.07.06 08:36:28.838,1.2312,1.2314,57.70,54.00
2007.07.06 08:36:33.104,1.2312,1.2313,58.10,1.30
2007.07.06 08:36:34.200,1.2312,1.2315,58.10,110.70
2007.07.06 08:36:36.323,1.23115,1.2315,63.70,184.70
2007.07.06 08:36:42.186,1.2312,1.2314,0.60,1.40
2007.07.06 08:36:42.198,1.23115,1.2314,63.70,82.00
2007.07.06 08:36:42.310,1.23115,1.2314,55.80,69.90
2007.07.06 08:36:42.389,1.23115,1.2314,55.80,73.90
2007.07.06 08:36:42.408,1.23115,1.23135,47.80,43.50
2007.07.06 08:36:42.496,1.2312,1.2313,1.20,0.90
2007.07.06 08:36:42.907,1.23115,1.23135,47.40,35.50
2007.07.06 08:36:43.613,1.2312,1.2313,0.60,0.70
2007.07.06 08:36:43.821,1.23115,1.23135,43.80,35.50
2007.07.06 08:36:44.120,1.23115,1.23135,43.40,35.50
2007.07.06 08:36:44.855,1.2312,1.2313,1.80,28.60
2007.07.06 08:36:45.930,1.23115,1.2313,43.40,36.60
2007.07.06 08:36:47.382,1.23115,1.2313,43.40,27.90
2007.07.06 08:36:47.586,1.23115,1.2313,44.00,27.90
2007.07.06 08:36:47.678,1.23115,1.2313,44.00,23.90
2007.07.06 08:36:47.768,1.23115,1.2313,44.00,15.90
2007.07.06 08:36:47.787,1.23115,1.2313,44.00,15.90
2007.07.06 08:36:47.802,1.23115,1.2314,48.00,59.60
2007.07.06 08:36:48.116,1.23115,1.2314,51.20,58.00
2007.07.06 08:36:48.185,1.2312,1.2314,9.30,50.00
2007.07.06 08:36:48.204,1.23115,1.2314,64.40,50.00
2007.07.06 08:36:48.292,1.23125,1.2314,2.30,42.40
2007.07.06 08:36:48.391,1.23125,1.2314,11.20,39.20
2007.07.06 08:36:48.434,1.2313,1.2314,5.20,47.10
2007.07.06 08:36:48.494,1.23125,1.2314,23.20,45.50
2007.07.06 08:36:48.525,1.23125,1.2314,23.20,41.50
2007.07.06 08:36:48.538,1.2313,1.2314,7.00,37.50
2007.07.06 08:36:49.116,1.23125,1.2314,27.20,37.50
2007.07.06 08:36:49.145,1.2313,1.2314,12.20,37.50
2007.07.06 08:36:49.713,1.23125,1.2314,35.20,41.50
2007.07.06 08:36:50.237,1.23125,1.2314,35.20,37.50
2007.07.06 08:36:50.788,1.23125,1.2314,35.20,41.50
2007.07.06 08:36:51.086,1.2313,1.2314,9.40,41.50
2007.07.06 08:36:51.105,1.2313,1.2314,2.80,41.50
2007.07.06 08:36:51.200,1.2313,1.2314,7.60,42.30
2007.07.06 08:36:51.210,1.23125,1.2313,31.20,1.50
2007.07.06 08:36:51.305,1.23125,1.2313,19.20,0.80
2007.07.06 08:36:51.362,1.2312,1.2314,71.60,62.00
2007.07.06 08:36:51.634,1.2312,1.23135,63.60,7.60
2007.07.06 08:36:51.706,1.2312,1.2313,61.50,8.00
2007.07.06 08:36:51.754,1.2312,1.2313,22.40,23.90
2007.07.06 08:36:51.925,1.23115,1.2313,43.20,27.10
2007.07.06 08:36:51.932,1.23115,1.2313,42.40,27.10
2007.07.06 08:36:52.069,1.23115,1.2313,42.40,29.00
2007.07.06 08:36:52.460,1.2312,1.2313,15.20,29.00
2007.07.06 08:36:52.684,1.23115,1.2313,37.60,27.60
2007.07.06 08:36:52.888,1.2312,1.2313,9.70,28.80
2007.07.06 08:36:53.243,1.2312,1.2313,1.40,20.80
2007.07.06 08:36:53.321,1.2312,1.2313,9.50,4.00
2007.07.06 08:36:53.353,1.23115,1.2313,44.80,0.80
2007.07.06 08:36:53.408,1.2312,1.2313,9.10,0.60
2007.07.06 08:36:53.517,1.23115,1.2313,56.70,0.60
2007.07.06 08:36:53.688,1.2311,1.2313,78.30,0.60
2007.07.06 08:36:53.724,1.2311,1.2313,68.00,0.60
2007.07.06 08:36:54.391,1.2311,1.2313,68.00,0.60
2007.07.06 08:36:58.283,1.2312,1.2313,16.30,8.40
2007.07.06 08:36:58.723,1.2312,1.2313,6.20,16.40
2007.07.06 08:36:58.795,1.2312,1.2313,14.70,32.40
2007.07.06 08:36:58.818,1.2312,1.2313,0.60,32.40
2007.07.06 08:36:58.995,1.23115,1.2313,44.80,33.60
2007.07.06 08:36:59.103,1.23115,1.2313,44.80,34.00
2007.07.06 08:36:59.399,1.2312,1.2313,16.20,35.20
2007.07.06 08:36:59.413,1.2312,1.2313,8.50,35.20
2007.07.06 08:37:00.330,1.2312,1.2313,3.20,34.80
2007.07.06 08:37:00.433,1.23115,1.2313,40.80,34.00
2007.07.06 08:37:00.638,1.2312,1.2313,7.70,33.60
2007.07.06 08:37:00.863,1.2312,1.2313,4.20,25.60
2007.07.06 08:37:01.359,1.23115,1.2313,40.80,26.00
2007.07.06 08:37:01.475,1.23115,1.2313,40.80,26.80
2007.07.06 08:37:01.564,1.23115,1.2313,40.80,26.00
2007.07.06 08:37:01.648,1.2312,1.2313,40.80,26.00
2007.07.06 08:37:01.668,1.23125,1.2313,0.50,24.50
2007.07.06 08:37:01.690,1.23125,1.2313,12.00,16.50
2007.07.06 08:37:01.797,1.23125,1.2314,20.00,45.60
2007.07.06 08:37:01.888,1.2313,1.2314,6.00,57.50
2007.07.06 08:37:01.904,1.23125,1.2314,27.80,54.30
2007.07.06 08:37:01.998,1.2313,1.2314,8.20,54.30
2007.07.06 08:37:02.080,1.23125,1.2314,35.20,54.30
2007.07.06 08:37:02.202,1.2313,1.2314,5.80,45.50
2007.07.06 08:37:02.513,1.2313,1.2314,13.60,41.50
2007.07.06 08:37:02.670,1.23125,1.2313,22.40,0.80
2007.07.06 08:37:02.827,1.23125,1.2313,27.20,0.80
2007.07.06 08:37:03.014,1.2313,1.2314,3.20,41.50
2007.07.06 08:37:03.234,1.23125,1.2314,35.20,53.50
2007.07.06 08:37:03.266,1.2313,1.2314,7.30,56.70
2007.07.06 08:37:03.340,1.23125,1.2314,16.00,56.70
2007.07.06 08:37:03.382,1.23125,1.23145,24.00,65.90
2007.07.06 08:37:03.440,1.2313,1.2314,0.70,0.80
2007.07.06 08:37:03.467,1.2312,1.2315,45.40,103.60
2007.07.06 08:37:03.540,1.2312,1.2315,57.30,103.50
2007.07.06 08:37:03.758,1.23115,1.2315,62.10,105.90
2007.07.06 08:37:03.800,1.23115,1.2315,66.10,103.50
2007.07.06 08:37:04.710,1.2312,1.2315,57.30,105.90
2007.07.06 08:37:04.831,1.2312,1.2314,57.30,0.80
2007.07.06 08:37:04.940,1.2312,1.2315,57.30,105.80
2007.07.06 08:37:06.668,1.2312,1.2315,57.30,113.80
2007.07.06 08:37:06.678,1.2312,1.2315,57.30,111.40
2007.07.06 08:37:06.776,1.2312,1.2314,57.30,86.80
2007.07.06 08:37:06.799,1.2312,1.2313,45.40,0.90
2007.07.06 08:37:06.885,1.2312,1.2314,42.20,70.70
2007.07.06 08:37:06.918,1.2312,1.2313,34.20,0.60
2007.07.06 08:37:07.498,1.2312,1.2313,30.20,0.60
2007.07.06 08:37:09.880,1.2312,1.23135,30.20,42.70
2007.07.06 08:37:10.431,1.2312,1.23135,30.20,34.70
2007.07.06 08:37:11.143,1.2312,1.23135,31.80,34.70
2007.07.06 08:37:11.211,1.2313,1.23135,4.00,26.10
2007.07.06 08:37:11.261,1.2313,1.23135,16.00,10.10
2007.07.06 08:37:11.359,1.2313,1.2314,24.00,48.70
2007.07.06 08:37:11.424,1.2313,1.23145,27.20,53.10
2007.07.06 08:37:12.515,1.2313,1.23145,27.20,49.10
2007.07.06 08:37:14.174,1.2313,1.2314,23.20,0.70
2007.07.06 08:37:14.237,1.2313,1.2314,11.20,0.50
2007.07.06 08:37:14.287,1.2313,1.2314,11.20,0.60
2007.07.06 08:37:14.318,1.2313,1.2315,11.20,106.60
2007.07.06 08:37:14.332,1.2313,1.2314,3.20,0.70
2007.07.06 08:37:14.381,1.2312,1.2314,45.40,0.60
2007.07.06 08:37:14.434,1.2312,1.2315,57.30,102.80
2007.07.06 08:37:14.959,1.2313,1.2315,8.00,105.20
2007.07.06 08:37:15.055,1.2312,1.2314,57.30,0.60
2007.07.06 08:37:17.733,1.2312,1.2314,57.30,82.00
2007.07.06 08:37:17.767,1.2312,1.2313,49.30,0.70
2007.07.06 08:37:17.793,1.2312,1.2313,37.40,0.90
2007.07.06 08:37:17.907,1.2312,1.2313,33.40,0.80
2007.07.06 08:37:17.991,1.2312,1.23135,33.40,43.50
2007.07.06 08:37:18.631,1.2312,1.23135,29.40,43.50
2007.07.06 08:37:20.155,1.2312,1.2313,29.00,0.50
2007.07.06 08:37:20.265,1.2312,1.23135,28.80,44.00
2007.07.06 08:37:21.297,1.2312,1.2313,28.80,0.50
2007.07.06 08:37:22.377,1.2312,1.2313,28.80,0.50
2007.07.06 08:37:22.432,1.2312,1.23135,28.80,44.70
2007.07.06 08:37:22.463,1.2312,1.23135,28.80,45.90
2007.07.06 08:37:22.565,1.2312,1.2313,28.80,0.50
2007.07.06 08:37:22.660,1.2312,1.2313,28.80,0.90
2007.07.06 08:37:22.769,1.2312,1.2313,28.80,0.60
2007.07.06 08:37:22.924,1.2312,1.2313,28.80,0.50
2007.07.06 08:37:24.530,1.2312,1.23135,28.80,35.50
2007.07.06 08:37:25.375,1.2312,1.23135,28.80,43.50
2007.07.06 08:37:25.776,1.2312,1.2313,28.80,0.60
2007.07.06 08:37:25.804,1.2312,1.23135,28.80,44.60
2007.07.06 08:37:25.879,1.2312,1.23135,28.80,45.90
2007.07.06 08:37:26.839,1.2312,1.23135,28.80,35.50
2007.07.06 08:37:26.915,1.2312,1.2313,28.80,0.80
2007.07.06 08:37:27.083,1.2312,1.2313,28.80,0.80
2007.07.06 08:37:27.906,1.2312,1.2313,28.80,0.80
2007.07.06 08:37:27.940,1.2312,1.23135,28.80,35.50
2007.07.06 08:37:28.901,1.2312,1.23135,32.80,31.50
2007.07.06 08:37:29.021,1.2312,1.23135,32.80,39.50
2007.07.06 08:37:29.433,1.2312,1.2313,32.80,0.50
2007.07.06 08:37:30.056,1.2312,1.23135,32.80,39.50
2007.07.06 08:37:30.781,1.2312,1.23135,28.80,43.50
2007.07.06 08:37:30.900,1.2312,1.23135,28.80,45.10
2007.07.06 08:37:31.094,1.2312,1.23135,28.80,46.20
2007.07.06 08:37:31.398,1.2312,1.23135,28.80,44.60
2007.07.06 08:37:31.602,1.2312,1.23135,28.80,44.30
2007.07.06 08:37:31.627,1.2312,1.23135,28.80,43.50
2007.07.06 08:37:32.339,1.2312,1.2313,28.80,0.80
2007.07.06 08:37:32.437,1.2312,1.2313,28.80,0.80
2007.07.06 08:37:32.561,1.2312,1.2313,28.80,0.80
2007.07.06 08:37:32.855,1.2312,1.23135,32.80,31.50
2007.07.06 08:37:32.976,1.2312,1.23135,32.80,39.50
2007.07.06 08:37:33.786,1.2312,1.23135,28.80,43.50
2007.07.06 08:37:33.879,1.2312,1.23135,28.80,35.50
2007.07.06 08:37:35.306,1.2312,1.23135,28.80,43.50
2007.07.06 08:37:35.827,1.2312,1.23135,28.80,35.50
2007.07.06 08:37:37.786,1.2312,1.23135,32.80,31.50
2007.07.06 08:37:38.721,1.2312,1.23135,28.80,35.50
2007.07.06 08:37:38.816,1.2312,1.23135,28.80,43.50
2007.07.06 08:37:38.914,1.2312,1.2313,28.80,0.70
2007.07.06 08:37:39.867,1.2312,1.2313,28.80,0.50
2007.07.06 08:37:39.935,1.2312,1.23135,28.80,35.50
2007.07.06 08:37:55.926,1.2312,1.2313,28.80,0.90
2007.07.06 08:38:01.570,1.2312,1.2313,28.80,27.90
2007.07.06 08:38:01.761,1.2312,1.2313,32.80,23.90
2007.07.06 08:38:03.809,1.2312,1.2313,28.80,27.90
2007.07.06 08:38:04.223,1.2312,1.2313,32.80,23.90
2007.07.06 08:38:04.714,1.2312,1.2313,36.80,23.90
2007.07.06 08:38:04.736,1.2312,1.23135,48.70,7.60
2007.07.06 08:38:04.756,1.2312,1.2313,36.80,15.90
2007.07.06 08:38:04.834,1.2312,1.2313,56.70,4.00
2007.07.06 08:38:05.187,1.2312,1.2314,56.70,54.00
2007.07.06 08:38:05.463,1.2312,1.2314,60.70,50.00
2007.07.06 08:38:05.605,1.2312,1.2313,60.70,8.00
2007.07.06 08:38:05.616,1.2312,1.23125,52.70,7.60
2007.07.06 08:38:05.702,1.2312,1.23125,40.70,7.60
2007.07.06 08:38:05.779,1.2311,1.2312,21.60,9.60
2007.07.06 08:38:05.814,1.2311,1.2312,25.60,25.50
2007.07.06 08:38:05.867,1.2311,1.2312,28.80,25.50
2007.07.06 08:38:06.185,1.2312,1.2313,8.00,53.30
2007.07.06 08:38:06.398,1.2312,1.2313,12.80,34.80
2007.07.06 08:38:06.467,1.2312,1.2313,36.80,34.40
2007.07.06 08:38:06.547,1.2312,1.2313,36.80,30.50
2007.07.06 08:38:06.605,1.2312,1.2313,32.80,30.50
2007.07.06 08:38:06.666,1.2312,1.2313,32.80,34.30
2007.07.06 08:38:06.867,1.2312,1.2313,32.80,33.50
2007.07.06 08:38:06.939,1.2312,1.2313,32.80,32.70
2007.07.06 08:38:07.205,1.2312,1.2313,32.80,24.70
2007.07.06 08:38:07.278,1.2312,1.2313,36.80,8.00
2007.07.06 08:38:07.396,1.2312,1.23135,44.70,7.60
2007.07.06 08:38:07.426,1.2312,1.2314,52.70,74.00
2007.07.06 08:38:07.675,1.2312,1.23135,44.70,7.60
2007.07.06 08:38:07.693,1.2312,1.23135,48.70,7.60
2007.07.06 08:38:07.729,1.2312,1.2313,48.70,8.00
2007.07.06 08:38:07.819,1.2312,1.2313,32.80,23.90
2007.07.06 08:38:07.918,1.2312,1.2313,32.80,31.90
2007.07.06 08:38:08.330,1.2312,1.2313,36.80,16.00
2007.07.06 08:38:08.449,1.2312,1.2313,44.70,8.00
2007.07.06 08:38:08.522,1.2312,1.2313,48.70,12.00
2007.07.06 08:38:08.630,1.2312,1.2313,44.70,12.00
2007.07.06 08:38:08.659,1.2312,1.2313,40.70,12.00
2007.07.06 08:38:08.750,1.2312,1.2313,12.80,16.00
2007.07.06 08:38:08.836,1.2312,1.2313,12.80,8.00
2007.07.06 08:38:08.960,1.2312,1.2313,11.20,8.00
2007.07.06 08:38:09.062,1.2312,1.2313,11.20,16.00
2007.07.06 08:38:09.964,1.2312,1.2313,3.20,16.00
2007.07.06 08:38:12.179,1.2312,1.2313,7.20,16.00
2007.07.06 08:38:12.207,1.2312,1.2313,7.20,8.00
2007.07.06 08:38:12.286,1.2312,1.2313,27.10,4.00
2007.07.06 08:38:12.364,1.2312,1.2313,35.10,4.00
2007.07.06 08:38:12.391,1.2312,1.2314,47.10,76.40
2007.07.06 08:38:12.404,1.2312,1.2314,48.70,78.00
2007.07.06 08:38:12.492,1.2312,1.2314,49.00,78.00
2007.07.06 08:38:13.010,1.2312,1.2314,48.70,78.00
2007.07.06 08:38:13.229,1.2312,1.2314,52.70,78.00
2007.07.06 08:38:13.561,1.2312,1.2314,56.70,74.00
2007.07.06 08:38:13.834,1.2312,1.2314,56.70,70.00
2007.07.06 08:38:14.442,1.2312,1.2313,56.70,8.00
2007.07.06 08:38:14.961,1.2312,1.2314,56.70,70.00
2007.07.06 08:38:15.154,1.2312,1.2314,56.70,73.20
2007.07.06 08:38:15.182,1.2312,1.2313,56.70,8.00
2007.07.06 08:38:15.282,1.2312,1.2313,44.80,23.90
2007.07.06 08:38:15.374,1.2312,1.2313,44.80,31.90
2007.07.06 08:38:15.450,1.2312,1.2313,36.80,31.90
2007.07.06 08:38:16.448,1.2312,1.2313,32.80,31.90
2007.07.06 08:38:18.976,1.2312,1.23135,32.80,39.50
2007.07.06 08:38:19.729,1.2312,1.23135,28.80,43.50
2007.07.06 08:38:24.724,1.2312,1.23135,32.80,43.50
2007.07.06 08:38:24.937,1.2312,1.2313,36.80,0.70
2007.07.06 08:38:25.133,1.2312,1.2314,36.80,83.50
2007.07.06 08:38:25.459,1.2312,1.2314,36.80,87.50
2007.07.06 08:38:25.763,1.2312,1.2314,32.80,87.50
2007.07.06 08:38:28.833,1.2312,1.2313,32.80,0.60
2007.07.06 08:38:30.920,1.2312,1.23135,32.80,39.50
2007.07.06 08:38:37.960,1.2312,1.23135,32.80,31.50
2007.07.06 08:38:39.304,1.2312,1.2313,36.80,0.90
2007.07.06 08:38:39.313,1.2312,1.2314,36.80,54.00
2007.07.06 08:38:39.328,1.2312,1.2314,44.80,0.90
2007.07.06 08:38:40.510,1.2312,1.2315,48.80,85.20
2007.07.06 08:38:42.338,1.2312,1.2315,49.10,85.20
2007.07.06 08:38:43.375,1.2312,1.2315,49.20,85.10
2007.07.06 08:38:43.877,1.2312,1.2314,49.60,0.70
2007.07.06 08:38:44.397,1.2312,1.2314,49.30,0.90
2007.07.06 08:38:44.902,1.2312,1.2314,48.90,0.70
2007.07.06 08:38:46.344,1.2312,1.2314,48.80,0.90
2007.07.06 08:38:47.075,1.2312,1.2315,48.80,89.10
2007.07.06 08:38:47.165,1.2312,1.2314,56.70,0.70
2007.07.06 08:38:50.731,1.2312,1.2313,48.80,15.90
2007.07.06 08:38:50.807,1.2312,1.2313,48.80,23.90
2007.07.06 08:38:50.832,1.2312,1.2313,44.80,23.90
2007.07.06 08:38:50.936,1.2312,1.2313,36.80,23.90
2007.07.06 08:38:51.388,1.2312,1.2313,32.80,23.90
2007.07.06 08:38:51.836,1.2312,1.2313,32.80,27.90
2007.07.06 08:38:53.006,1.2312,1.2313,32.80,35.90
2007.07.06 08:38:59.216,1.2312,1.2313,32.80,36.00
2007.07.06 08:39:00.556,1.2312,1.2313,32.80,28.00
2007.07.06 08:39:06.115,1.2312,1.2313,35.20,28.00
2007.07.06 08:39:06.167,1.2312,1.2313,35.20,24.00
2007.07.06 08:39:06.272,1.2312,1.2313,35.20,16.00
2007.07.06 08:39:06.320,1.2312,1.2313,36.00,16.00
2007.07.06 08:39:06.339,1.2312,1.2313,44.00,16.00
2007.07.06 08:39:06.407,1.2312,1.2314,48.00,59.60
2007.07.06 08:39:06.710,1.2312,1.2314,49.60,58.80
2007.07.06 08:39:06.805,1.2313,1.2314,8.00,58.80
2007.07.06 08:39:07.135,1.2313,1.2314,8.00,59.60
2007.07.06 08:39:07.226,1.2313,1.2314,8.00,52.40
2007.07.06 08:39:07.248,1.2312,1.2313,33.10,8.00
2007.07.06 08:39:07.439,1.2312,1.2313,32.80,23.90
2007.07.06 08:39:07.839,1.2312,1.2313,36.80,23.90
2007.07.06 08:39:07.860,1.2312,1.2313,36.80,31.90
2007.07.06 08:39:08.266,1.2312,1.2313,36.80,35.90
2007.07.06 08:39:08.560,1.2312,1.2313,32.80,35.90
2007.07.06 08:39:08.974,1.2312,1.2313,32.80,27.90
2007.07.06 08:39:10.535,1.2312,1.2313,32.80,35.90
2007.07.06 08:39:10.940,1.2312,1.2313,32.80,27.90
2007.07.06 08:39:11.244,1.2312,1.23135,36.80,7.60
2007.07.06 08:39:11.254,1.2312,1.2314,44.80,58.00
2007.07.06 08:39:12.511,1.2312,1.2314,48.80,54.00
2007.07.06 08:39:13.347,1.2312,1.2314,49.10,54.00
2007.07.06 08:39:13.364,1.2312,1.2314,53.10,50.00
2007.07.06 08:39:13.463,1.2312,1.2314,52.80,50.00
2007.07.06 08:39:15.102,1.2312,1.2314,53.60,50.00
2007.07.06 08:39:15.188,1.2312,1.2314,56.70,54.00
2007.07.06 08:39:15.275,1.23125,1.2314,8.00,46.40
2007.07.06 08:39:15.307,1.2313,1.2314,3.20,41.60
2007.07.06 08:39:15.321,1.2313,1.2314,7.20,49.50
2007.07.06 08:39:15.417,1.2313,1.2314,15.20,49.50
2007.07.06 08:39:15.730,1.2313,1.2314,19.20,49.50
2007.07.06 08:39:20.175,1.2313,1.2314,19.20,53.50
2007.07.06 08:39:20.484,1.2313,1.2314,19.20,49.50
2007.07.06 08:39:22.887,1.2313,1.2314,22.40,49.50
2007.07.06 08:39:23.067,1.2313,1.2314,26.40,49.50
2007.07.06 08:39:23.397,1.2313,1.2314,23.20,49.50
2007.07.06 08:39:23.593,1.2313,1.2314,7.80,49.50
2007.07.06 08:39:23.701,1.2313,1.2314,19.20,49.50
2007.07.06 08:39:25.198,1.2313,1.2314,19.20,41.50
2007.07.06 08:39:25.260,1.2313,1.2314,39.10,25.60
2007.07.06 08:39:25.367,1.2313,1.2314,43.10,13.60
2007.07.06 08:39:25.440,1.2313,1.2314,51.10,13.60
2007.07.06 08:39:25.663,1.2313,1.2314,47.10,17.60
2007.07.06 08:39:25.690,1.2313,1.2314,39.10,17.60
2007.07.06 08:39:25.744,1.2313,1.2314,35.90,28.80
2007.07.06 08:39:25.774,1.2313,1.2314,16.00,44.70
2007.07.06 08:39:25.880,1.2313,1.2314,16.00,52.70
2007.07.06 08:39:27.731,1.2313,1.2314,20.00,48.70
2007.07.06 08:39:27.813,1.2313,1.2314,20.00,40.70
2007.07.06 08:39:32.858,1.2314,1.23145,1.60,7.60
2007.07.06 08:39:32.966,1.2314,1.23145,1.60,7.60
2007.07.06 08:39:33.169,1.2314,1.23145,5.60,7.60
2007.07.06 08:39:33.245,1.2314,1.23145,5.60,7.60
2007.07.06 08:39:33.270,1.2314,1.23145,5.60,7.60
2007.07.06 08:39:33.348,1.2314,1.23145,9.60,7.60
2007.07.06 08:39:33.383,1.2314,1.23145,12.80,7.60
2007.07.06 08:39:33.402,1.2314,1.2315,12.80,58.50
2007.07.06 08:39:33.442,1.2314,1.2315,20.80,58.50
2007.07.06 08:39:34.368,1.2314,1.2315,20.80,56.90
2007.07.06 08:39:34.396,1.2314,1.2315,20.80,52.90
2007.07.06 08:39:34.456,1.2314,1.2315,20.80,52.10
2007.07.06 08:39:35.302,1.2314,1.2315,20.80,52.90
2007.07.06 08:39:35.399,1.2314,1.2315,20.80,53.70
2007.07.06 08:39:35.535,1.2314,1.2315,20.80,54.50
2007.07.06 08:39:35.600,1.2314,1.2315,12.80,54.50
2007.07.06 08:39:35.914,1.2314,1.2315,20.80,54.50
2007.07.06 08:39:35.942,1.2314,1.2315,20.80,50.50
2007.07.06 08:39:36.341,1.2314,1.2315,20.80,48.90
2007.07.06 08:39:36.381,1.2314,1.2315,20.80,48.10
2007.07.06 08:39:36.890,1.2314,1.2315,20.80,48.90
2007.07.06 08:39:36.917,1.2314,1.2315,20.80,50.50
2007.07.06 08:39:37.415,1.2314,1.2315,20.80,50.90
2007.07.06 08:39:37.823,1.2314,1.2315,20.80,50.50
2007.07.06 08:39:39.254,1.2314,1.2315,20.80,50.20
2007.07.06 08:39:39.351,1.2314,1.2315,20.80,50.50
2007.07.06 08:39:48.419,1.2314,1.2315,20.80,50.90
2007.07.06 08:39:48.650,1.2314,1.2315,20.80,54.90
2007.07.06 08:39:49.673,1.2314,1.2315,20.80,50.90
2007.07.06 08:39:49.840,1.2314,1.2315,20.80,50.50
2007.07.06 08:39:50.746,1.2314,1.2315,24.80,46.50
2007.07.06 08:39:52.207,1.2314,1.2315,24.80,44.70
2007.07.06 08:39:52.308,1.2314,1.2315,24.80,43.90
2007.07.06 08:39:54.683,1.2314,1.2315,24.80,31.90
2007.07.06 08:39:54.700,1.2314,1.2315,32.80,23.90
2007.07.06 08:39:54.803,1.2314,1.2315,36.80,8.00
2007.07.06 08:39:54.827,1.2314,1.2315,44.80,8.00
2007.07.06 08:39:54.886,1.2314,1.2316,52.70,64.30
2007.07.06 08:39:55.226,1.2314,1.2316,52.70,61.90
2007.07.06 08:39:55.469,1.2314,1.2316,56.70,57.90
2007.07.06 08:39:55.763,1.2314,1.2316,52.00,0.80
2007.07.06 08:39:55.808,1.2314,1.23165,53.60,69.80
2007.07.06 08:39:55.844,1.23145,1.23165,8.00,69.70
2007.07.06 08:39:55.960,1.2315,1.23165,8.00,69.70
2007.07.06 08:39:56.164,1.2315,1.2316,8.00,0.90
2007.07.06 08:39:56.219,1.2315,1.23165,8.00,72.90
2007.07.06 08:39:56.246,1.2315,1.2316,12.00,0.60
2007.07.06 08:39:56.573,1.2315,1.2316,12.00,0.60
2007.07.06 08:39:56.676,1.2315,1.2316,16.00,0.60
2007.07.06 08:39:56.780,1.2315,1.2316,16.00,50.90
2007.07.06 08:39:57.293,1.2315,1.2316,20.00,50.90
2007.07.06 08:39:58.214,1.2315,1.2316,20.00,54.90
2007.07.06 08:39:59.751,1.2315,1.2316,20.80,54.90
2007.07.06 08:40:00.658,1.2315,1.2316,20.80,54.90
2007.07.06 08:40:01.281,1.2315,1.2316,20.80,50.90
2007.07.06 08:40:02.696,1.2315,1.2316,20.80,50.40
2007.07.06 08:40:02.820,1.2315,1.2316,20.80,50.00
2007.07.06 08:40:02.897,1.2315,1.2316,21.20,48.70
2007.07.06 08:40:02.938,1.2315,1.2316,21.20,52.70
2007.07.06 08:40:03.140,1.2315,1.2316,21.20,48.70
2007.07.06 08:40:03.544,1.2315,1.2316,21.20,52.70
2007.07.06 08:40:03.645,1.2315,1.2316,21.20,48.70
2007.07.06 08:40:05.666,1.2315,1.2316,29.50,40.70
2007.07.06 08:40:05.690,1.2315,1.2316,29.50,27.10
2007.07.06 08:40:05.785,1.2315,1.2316,33.50,11.20
2007.07.06 08:40:05.798,1.2315,1.2316,36.70,8.00
2007.07.06 08:40:05.861,1.2315,1.2316,44.70,8.00
2007.07.06 08:40:05.895,1.2315,1.2317,52.90,57.20
2007.07.06 08:40:06.194,1.2315,1.2317,55.30,56.40
2007.07.06 08:40:06.207,1.2315,1.2317,59.30,52.40
2007.07.06 08:40:06.397,1.2316,1.2317,12.00,60.70
2007.07.06 08:40:06.409,1.2316,1.2317,12.00,59.10
2007.07.06 08:40:06.434,1.2316,1.2317,12.00,55.10
2007.07.06 08:40:06.622,1.2316,1.2317,13.60,55.10
2007.07.06 08:40:06.702,1.2316,1.2317,14.40,55.10
2007.07.06 08:40:06.913,1.2316,1.2317,6.40,55.10
2007.07.06 08:40:07.239,1.2316,1.2317,10.40,55.10
2007.07.06 08:40:08.804,1.2316,1.2317,22.40,51.10
2007.07.06 08:40:09.218,1.2316,1.2317,18.40,55.10
2007.07.06 08:40:09.629,1.2316,1.2317,18.40,59.10
2007.07.06 08:40:09.825,1.2316,1.2317,10.40,59.10
2007.07.06 08:40:11.161,1.2316,1.2317,14.40,55.10
2007.07.06 08:40:11.255,1.2316,1.2317,14.40,51.10
2007.07.06 08:40:11.672,1.2316,1.2317,14.40,55.10
2007.07.06 08:40:11.689,1.2316,1.2317,10.40,59.10
2007.07.06 08:40:11.772,1.2316,1.2317,14.40,55.10
2007.07.06 08:40:11.881,1.2316,1.2317,14.40,62.80
2007.07.06 08:40:12.288,1.2316,1.2317,22.40,62.80
2007.07.06 08:40:12.379,1.2316,1.2317,22.40,55.10
2007.07.06 08:40:13.001,1.2316,1.2317,14.40,55.10
2007.07.06 08:40:13.790,1.2316,1.2317,22.40,55.10
2007.07.06 08:40:14.156,1.2316,1.2317,22.40,51.10
2007.07.06 08:40:14.201,1.2316,1.2317,38.30,35.20
2007.07.06 08:40:14.247,1.2316,1.2317,38.30,27.20
2007.07.06 08:40:14.342,1.2316,1.2317,41.50,24.00
2007.07.06 08:40:14.413,1.2316,1.2317,33.50,16.00
2007.07.06 08:40:14.724,1.2316,1.2317,41.50,8.00
2007.07.06 08:40:16.093,1.2316,1.2317,41.50,4.00
2007.07.06 08:40:16.149,1.2316,1.2317,30.40,39.10
2007.07.06 08:40:16.250,1.2316,1.2317,30.40,43.10
2007.07.06 08:40:17.183,1.2316,1.2317,35.20,43.10
2007.07.06 08:40:17.275,1.2317,1.23175,4.00,7.60
2007.07.06 08:40:17.292,1.2317,1.23175,8.00,7.60
2007.07.06 08:40:17.309,1.2317,1.2318,8.00,55.00
2007.07.06 08:40:17.394,1.2317,1.2318,11.20,79.60
2007.07.06 08:40:17.557,1.2317,1.23175,11.20,5.60
2007.07.06 08:40:18.034,1.2317,1.2318,11.20,44.40
2007.07.06 08:40:18.118,1.2317,1.2318,12.00,44.40
2007.07.06 08:40:18.211,1.2317,1.2318,11.20,42.20
2007.07.06 08:40:18.306,1.2317,1.2318,11.20,37.20
2007.07.06 08:40:18.549,1.2317,1.2318,11.20,33.20
2007.07.06 08:40:18.834,1.2317,1.2318,11.20,33.60
2007.07.06 08:40:19.070,1.2317,1.2318,11.20,34.40
2007.07.06 08:40:19.214,1.2317,1.2318,7.20,34.40
2007.07.06 08:40:19.241,1.2316,1.2317,61.50,8.00
2007.07.06 08:40:19.333,1.2316,1.2317,52.70,8.00
2007.07.06 08:40:19.571,1.2316,1.2317,52.70,12.00
2007.07.06 08:40:19.743,1.2316,1.2317,52.70,20.00
2007.07.06 08:40:19.815,1.2316,1.2317,36.80,35.90
2007.07.06 08:40:20.522,1.2316,1.2317,32.80,35.90
2007.07.06 08:40:20.761,1.2316,1.2317,32.80,39.90
2007.07.06 08:40:21.254,1.2316,1.2317,41.60,12.00
2007.07.06 08:40:21.277,1.2316,1.2317,43.20,12.00
2007.07.06 08:40:21.366,1.2316,1.23175,39.20,7.60
2007.07.06 08:40:21.390,1.2316,1.2318,47.20,70.80
2007.07.06 08:40:21.519,1.2317,1.2318,3.20,67.60
2007.07.06 08:40:21.657,1.2317,1.2318,3.20,59.90
2007.07.06 08:40:21.768,1.2317,1.2318,7.20,63.80
2007.07.06 08:40:21.891,1.2317,1.2318,7.20,70.70
2007.07.06 08:40:21.984,1.2317,1.2318,7.20,37.20
2007.07.06 08:40:22.461,1.2317,1.2318,7.20,33.20
2007.07.06 08:40:22.663,1.2317,1.2318,7.20,25.60
2007.07.06 08:40:22.745,1.2317,1.2318,11.20,25.60
2007.07.06 08:40:23.256,1.2317,1.2318,7.20,25.60
2007.07.06 08:40:23.328,1.2316,1.2317,53.50,4.00
2007.07.06 08:40:23.366,1.2316,1.2317,56.70,4.00
2007.07.06 08:40:23.450,1.2316,1.2317,44.70,4.00
2007.07.06 08:40:24.198,1.2316,1.2317,44.70,12.00
2007.07.06 08:40:24.366,1.2316,1.2317,28.80,27.90
2007.07.06 08:40:24.408,1.2316,1.2317,21.60,31.10
2007.07.06 08:40:24.579,1.2316,1.2317,29.60,39.10
2007.07.06 08:40:24.981,1.2316,1.2317,25.60,43.10
2007.07.06 08:40:25.208,1.2316,1.2317,25.60,47.10
2007.07.06 08:40:31.134,1.2316,1.23175,25.60,54.70
2007.07.06 08:40:34.653,1.2316,1.23175,25.60,50.70
2007.07.06 08:40:48.717,1.2316,1.2317,8.00,0.80
2007.07.06 08:40:48.831,1.2316,1.2317,8.00,0.50
2007.07.06 08:40:48.912,1.2316,1.2318,8.00,92.00
2007.07.06 08:40:49.118,1.2316,1.2318,8.00,90.40
2007.07.06 08:40:49.239,1.2316,1.2317,8.00,60.60
2007.07.06 08:40:49.332,1.2315,1.2316,63.20,0.70
2007.07.06 08:40:49.437,1.2315,1.2317,63.60,57.20
2007.07.06 08:40:49.639,1.2315,1.2316,62.80,0.80
2007.07.06 08:40:49.698,1.2315,1.23165,54.80,9.20
2007.07.06 08:40:49.736,1.2315,1.2316,51.60,0.80
2007.07.06 08:40:49.749,1.2315,1.23165,38.40,33.10
2007.07.06 08:40:49.854,1.2315,1.2316,38.40,0.50
2007.07.06 08:40:49.875,1.2315,1.23165,34.40,36.30
2007.07.06 08:40:50.152,1.2315,1.2316,32.00,0.90
2007.07.06 08:40:50.513,1.2315,1.23165,28.00,36.30
2007.07.06 08:40:50.769,1.2315,1.2316,28.00,0.80
2007.07.06 08:40:55.235,1.2315,1.23165,28.00,48.30
2007.07.06 08:40:55.665,1.2315,1.23165,28.00,40.30
2007.07.06 08:40:55.863,1.2315,1.2316,28.00,0.80
2007.07.06 08:40:57.268,1.2315,1.23165,28.00,40.30
2007.07.06 08:40:57.689,1.2315,1.23165,28.00,48.30
2007.07.06 08:40:57.890,1.2315,1.23165,28.00,40.30
2007.07.06 08:41:03.691,1.2315,1.2316,29.70,32.70
2007.07.06 08:41:04.011,1.2315,1.2316,29.80,32.70
2007.07.06 08:41:04.103,1.2315,1.2316,30.90,32.70
2007.07.06 08:41:04.188,1.2315,1.2316,30.90,19.10
2007.07.06 08:41:04.215,1.2315,1.2316,46.70,3.20
2007.07.06 08:41:04.288,1.2315,1.23165,49.90,7.60
2007.07.06 08:41:04.310,1.2315,1.23165,38.00,7.60
2007.07.06 08:41:04.331,1.2315,1.2317,46.00,60.40
2007.07.06 08:41:04.433,1.2315,1.2317,46.20,60.40
2007.07.06 08:41:04.652,1.2315,1.2317,49.40,60.40
2007.07.06 08:41:04.653,1.2316,1.2317,4.00,84.40
2007.07.06 08:41:04.725,1.2315,1.2317,43.80,85.20
2007.07.06 08:41:04.860,1.2315,1.23165,39.80,7.60
2007.07.06 08:41:04.866,1.2316,1.23165,1.60,7.60
2007.07.06 08:41:04.959,1.2316,1.23165,1.60,7.60
2007.07.06 08:41:04.987,1.2315,1.2316,21.30,27.10
2007.07.06 08:41:05.159,1.2315,1.2316,16.50,27.10
2007.07.06 08:41:05.243,1.2315,1.2316,34.20,27.10
2007.07.06 08:41:05.267,1.2315,1.2316,34.20,31.10
2007.07.06 08:41:05.347,1.2315,1.2316,29.90,31.10
2007.07.06 08:41:05.368,1.2315,1.2316,29.90,32.70
2007.07.06 08:41:05.550,1.2315,1.2316,29.60,32.70
2007.07.06 08:41:05.670,1.2315,1.2316,29.70,32.70
2007.07.06 08:41:06.279,1.2315,1.2316,33.70,32.70
2007.07.06 08:41:06.686,1.2315,1.2316,29.70,32.70
2007.07.06 08:41:10.806,1.2315,1.2316,53.90,4.80
2007.07.06 08:41:10.966,1.2315,1.2316,42.40,4.80
2007.07.06 08:41:11.092,1.2315,1.2317,45.60,62.00
2007.07.06 08:41:11.159,1.2316,1.2317,4.00,60.40
2007.07.06 08:41:11.176,1.2316,1.2317,5.60,60.40
2007.07.06 08:41:11.358,1.2316,1.2317,9.60,84.40
2007.07.06 08:41:11.393,1.2316,1.2317,9.60,80.40
2007.07.06 08:41:11.679,1.2316,1.2317,9.60,64.40
2007.07.06 08:41:11.755,1.2316,1.2317,9.60,56.70
2007.07.06 08:41:11.885,1.2316,1.2317,17.60,52.70
2007.07.06 08:41:11.897,1.2316,1.2317,20.80,47.90
2007.07.06 08:41:12.295,1.2316,1.2317,24.80,47.90
2007.07.06 08:41:13.218,1.2316,1.2317,24.80,43.90
2007.07.06 08:41:14.653,1.2316,1.2317,20.80,43.90
2007.07.06 08:41:14.662,1.2316,1.2317,15.20,43.90
2007.07.06 08:41:14.767,1.2316,1.2317,12.00,48.70
2007.07.06 08:41:14.840,1.2316,1.2317,12.00,56.40
2007.07.06 08:41:14.923,1.2316,1.2317,8.00,76.40
2007.07.06 08:41:15.679,1.2316,1.2317,8.00,80.40
2007.07.06 08:41:15.785,1.2316,1.2317,8.00,76.40
2007.07.06 08:41:16.255,1.2315,1.2317,60.00,68.40
2007.07.06 08:41:16.445,1.2315,1.2317,59.60,68.40
2007.07.06 08:41:16.773,1.2316,1.2317,8.00,76.40
2007.07.06 08:41:17.547,1.2315,1.2317,63.60,76.40
2007.07.06 08:41:19.666,1.2316,1.2317,0.80,77.20
2007.07.06 08:41:19.678,1.2315,1.2316,59.40,9.60
2007.07.06 08:41:19.770,1.23145,1.2316,25.90,28.70
2007.07.06 08:41:19.881,1.23145,1.2316,41.90,28.70
2007.07.06 08:41:20.512,1.2315,1.2316,8.80,28.70
2007.07.06 08:41:20.688,1.23145,1.2316,37.90,32.70
2007.07.06 08:41:22.220,1.23145,1.2316,41.90,32.70
2007.07.06 08:41:24.118,1.23145,1.2316,41.80,32.70
2007.07.06 08:41:28.297,1.2315,1.2316,5.10,32.70
2007.07.06 08:41:32.876,1.2315,1.2316,6.70,40.70
2007.07.06 08:41:34.208,1.2315,1.2316,7.50,40.70
2007.07.06 08:41:34.796,1.23145,1.2316,36.00,32.70
2007.07.06 08:41:40.308,1.23145,1.2316,36.20,32.70
2007.07.06 08:41:49.076,1.23145,1.2316,35.80,32.70
2007.07.06 08:41:53.262,1.23145,1.2316,35.60,32.70
2007.07.06 08:41:53.765,1.2315,1.2316,6.90,32.70
2007.07.06 08:41:54.291,1.23145,1.2316,35.60,32.70
2007.07.06 08:41:54.386,1.23145,1.2316,34.80,40.70
2007.07.06 08:41:54.912,1.2315,1.2316,10.40,32.70
2007.07.06 08:41:56.246,1.23145,1.2316,35.00,32.70
2007.07.06 08:41:56.463,1.2315,1.2316,4.00,32.70
2007.07.06 08:41:56.970,1.23145,1.2316,35.80,40.70
2007.07.06 08:41:57.273,1.2315,1.2316,4.90,28.70
2007.07.06 08:41:57.298,1.2315,1.2316,9.60,12.80
2007.07.06 08:41:57.365,1.2315,1.2316,14.00,9.60
2007.07.06 08:41:57.381,1.23145,1.2316,55.40,9.60
2007.07.06 08:41:57.424,1.23145,1.2316,56.20,9.60
2007.07.06 08:41:57.493,1.23145,1.2316,52.20,1.60
2007.07.06 08:41:57.564,1.23145,1.2317,52.20,80.40
2007.07.06 08:41:57.738,1.23145,1.2317,52.50,80.40
2007.07.06 08:41:58.255,1.2315,1.2317,10.50,80.40
2007.07.06 08:41:58.362,1.23145,1.2317,52.50,80.40
2007.07.06 08:41:58.457,1.2315,1.2317,2.00,80.40
2007.07.06 08:41:58.574,1.23145,1.2317,56.30,76.40
2007.07.06 08:41:58.665,1.23145,1.2317,56.30,77.20
2007.07.06 08:41:58.725,1.23145,1.23165,56.30,7.60
2007.07.06 08:41:58.779,1.2315,1.2316,9.60,15.90
2007.07.06 08:41:58.823,1.23145,1.2316,36.00,23.90
2007.07.06 08:41:58.912,1.23145,1.2316,36.00,25.50
2007.07.06 08:41:58.984,1.2315,1.2316,10.00,33.50
2007.07.06 08:41:59.198,1.23145,1.2316,43.90,33.50
2007.07.06 08:41:59.289,1.2315,1.2316,9.80,25.50
2007.07.06 08:41:59.392,1.23145,1.2316,39.90,25.50
2007.07.06 08:41:59.723,1.23145,1.2316,39.90,15.90
2007.07.06 08:41:59.739,1.23145,1.2316,39.90,15.90
2007.07.06 08:41:59.910,1.23145,1.2317,44.40,62.00
2007.07.06 08:42:00.236,1.23145,1.2316,44.40,9.60
2007.07.06 08:42:00.300,1.2315,1.2316,0.60,9.60
2007.07.06 08:42:00.330,1.23145,1.2316,40.30,25.50
2007.07.06 08:42:00.432,1.2315,1.2316,7.00,33.50
2007.07.06 08:42:00.517,1.2315,1.2316,6.40,33.50
2007.07.06 08:42:01.187,1.2315,1.2316,13.40,37.50
2007.07.06 08:42:01.491,1.23145,1.2316,39.90,37.50
2007.07.06 08:42:01.877,1.2315,1.2316,14.90,29.50
2007.07.06 08:42:06.925,1.2315,1.2316,30.30,37.50
2007.07.06 08:42:07.334,1.2315,1.2316,30.30,29.50
2007.07.06 08:42:07.849,1.2315,1.2316,30.30,37.50
2007.07.06 08:42:09.388,1.2315,1.2316,30.30,29.50
2007.07.06 08:42:10.144,1.2316,1.23165,1.60,7.60
2007.07.06 08:42:10.242,1.2316,1.23165,5.60,7.60
2007.07.06 08:42:10.282,1.2316,1.2317,9.60,51.20
2007.07.06 08:42:10.348,1.2316,1.2317,9.60,51.20
2007.07.06 08:42:10.395,1.2316,1.2317,9.60,59.10
2007.07.06 08:42:10.457,1.2316,1.2317,12.80,55.90
2007.07.06 08:42:10.490,1.2316,1.2317,16.80,51.90
2007.07.06 08:42:10.592,1.2316,1.2317,24.80,51.90
2007.07.06 08:42:10.789,1.2316,1.2317,20.80,51.90
2007.07.06 08:42:11.162,1.2316,1.2317,20.80,47.90
2007.07.06 08:42:11.198,1.2316,1.2317,24.80,47.90
2007.07.06 08:42:11.400,1.2316,1.2317,24.80,43.90
2007.07.06 08:42:11.675,1.2316,1.2317,24.80,47.90
2007.07.06 08:42:12.725,1.2316,1.2317,20.80,47.90
2007.07.06 08:42:15.298,1.2316,1.2317,24.80,47.90
2007.07.06 08:42:19.744,1.2316,1.2317,20.80,47.90
2007.07.06 08:42:28.308,1.2316,1.2317,20.80,51.90
2007.07.06 08:42:28.521,1.2316,1.2317,12.80,51.90
2007.07.06 08:42:28.724,1.2316,1.2317,12.80,47.90
2007.07.06 08:42:28.939,1.2316,1.2317,20.80,47.90
2007.07.06 08:42:29.542,1.2316,1.2317,12.80,47.90
2007.07.06 08:42:30.105,1.2316,1.2317,20.80,47.90
2007.07.06 08:42:30.185,1.2316,1.2317,24.80,47.90
2007.07.06 08:42:30.810,1.2316,1.2317,20.80,47.90
2007.07.06 08:42:31.216,1.2316,1.2317,16.80,47.90
2007.07.06 08:42:31.231,1.2316,1.2317,12.80,63.90
2007.07.06 08:42:31.321,1.2316,1.2317,9.60,72.70
2007.07.06 08:42:31.340,1.2316,1.2317,9.60,80.40
2007.07.06 08:42:31.728,1.2315,1.2316,38.80,8.00
2007.07.06 08:42:31.838,1.2315,1.2316,42.40,23.90
2007.07.06 08:42:31.933,1.2315,1.2316,34.40,23.90
2007.07.06 08:42:32.040,1.2315,1.2316,34.40,25.50
2007.07.06 08:42:32.256,1.2315,1.2316,34.40,25.50
2007.07.06 08:42:32.467,1.2315,1.2316,34.00,25.50
2007.07.06 08:42:32.486,1.2315,1.2316,30.00,25.50
2007.07.06 08:42:32.867,1.2315,1.2316,30.00,29.50
2007.07.06 08:42:33.274,1.2315,1.2316,30.40,29.50
2007.07.06 08:42:36.057,1.2315,1.2316,30.00,29.50
2007.07.06 08:42:37.982,1.2315,1.23165,30.00,37.10
2007.07.06 08:42:39.252,1.2315,1.2316,30.30,29.50
2007.07.06 08:42:39.449,1.2315,1.2316,30.70,29.50
2007.07.06 08:42:39.968,1.2315,1.2316,30.30,37.50
2007.07.06 08:42:40.263,1.2315,1.2316,30.00,37.50
2007.07.06 08:42:41.369,1.2315,1.2316,30.00,29.50
2007.07.06 08:42:42.901,1.2315,1.2316,30.00,37.50
2007.07.06 08:42:45.373,1.2315,1.2316,30.00,37.80
2007.07.06 08:42:48.711,1.2315,1.2316,30.00,37.50
2007.07.06 08:42:48.825,1.2315,1.2316,30.00,29.50
2007.07.06 08:42:49.021,1.2315,1.2316,30.00,37.50
2007.07.06 08:42:50.378,1.2315,1.2316,30.00,37.70
2007.07.06 08:42:50.463,1.2315,1.2316,30.00,41.70
2007.07.06 08:42:50.653,1.2315,1.2316,30.00,37.50
2007.07.06 08:42:53.190,1.2315,1.2316,30.00,39.10
2007.07.06 08:42:53.217,1.2315,1.2316,26.00,44.70
2007.07.06 08:42:53.311,1.2315,1.2316,15.20,65.80
2007.07.06 08:42:53.327,1.2315,1.2316,12.00,69.00
2007.07.06 08:42:53.389,1.2315,1.2316,8.00,61.60
2007.07.06 08:42:53.813,1.2314,1.2316,59.10,81.50
2007.07.06 08:42:54.107,1.2314,1.2316,58.30,80.70
2007.07.06 08:42:54.407,1.2314,1.2316,58.30,80.80
2007.07.06 08:42:54.662,1.2314,1.2315,58.30,8.00
2007.07.06 08:42:54.733,1.2314,1.2315,61.50,8.00
2007.07.06 08:42:54.838,1.2314,1.2315,45.60,23.90
2007.07.06 08:42:54.862,1.2314,1.2315,37.60,23.90
2007.07.06 08:42:55.169,1.2314,1.2315,36.80,23.90
2007.07.06 08:42:55.253,1.2314,1.2315,40.80,8.00
2007.07.06 08:42:55.393,1.2314,1.2316,48.80,59.10
2007.07.06 08:42:55.469,1.2314,1.2316,44.80,63.10
2007.07.06 08:42:56.372,1.2314,1.2316,48.80,59.10
2007.07.06 08:42:56.804,1.2314,1.2316,48.80,59.50
2007.07.06 08:42:57.102,1.2314,1.2316,48.80,62.70
2007.07.06 08:42:57.211,1.2314,1.2316,48.80,64.80
2007.07.06 08:42:57.279,1.2314,1.2315,48.80,8.00
2007.07.06 08:42:57.330,1.2314,1.2315,48.80,23.90
2007.07.06 08:42:57.380,1.2314,1.2315,45.60,27.10
2007.07.06 08:42:57.437,1.2314,1.2315,41.60,27.10
2007.07.06 08:42:57.472,1.2314,1.2315,33.60,27.10
2007.07.06 08:42:57.545,1.2314,1.2315,33.60,35.10
2007.07.06 08:42:57.938,1.2314,1.2315,33.60,27.10
2007.07.06 08:42:58.302,1.2314,1.2315,33.60,31.10
2007.07.06 08:42:58.586,1.2314,1.2315,29.60,31.10
2007.07.06 08:42:59.932,1.2314,1.2315,29.60,39.10
2007.07.06 08:43:00.974,1.2314,1.2315,29.60,31.10
2007.07.06 08:43:09.949,1.2314,1.2315,29.60,39.10
2007.07.06 08:43:22.073,1.2314,1.2315,29.60,31.10
2007.07.06 08:43:22.277,1.2314,1.2315,29.60,19.10
2007.07.06 08:43:22.373,1.2314,1.2315,29.60,15.90
2007.07.06 08:43:22.386,1.2314,1.2316,45.50,55.60
2007.07.06 08:43:22.463,1.2314,1.2316,49.50,51.60
2007.07.06 08:43:22.485,1.2314,1.2316,37.60,51.40
2007.07.06 08:43:22.507,1.2314,1.2316,45.60,51.40
2007.07.06 08:43:22.593,1.2314,1.2316,45.60,55.20
2007.07.06 08:43:22.792,1.23145,1.2316,8.00,47.50
2007.07.06 08:43:22.805,1.2315,1.2316,4.00,47.50
2007.07.06 08:43:22.877,1.2315,1.2316,4.00,45.90
2007.07.06 08:43:22.905,1.2315,1.2316,4.00,53.80
2007.07.06 08:43:22.999,1.2315,1.2316,4.00,49.50
2007.07.06 08:43:23.381,1.2315,1.2316,12.00,49.80
2007.07.06 08:43:23.483,1.2315,1.2316,12.00,49.70
2007.07.06 08:43:23.554,1.2315,1.2316,12.00,45.70
2007.07.06 08:43:23.701,1.2315,1.2316,16.00,45.70
2007.07.06 08:43:23.782,1.2315,1.2316,12.00,61.70
2007.07.06 08:43:23.887,1.2315,1.2316,20.00,65.70
2007.07.06 08:43:23.995,1.2315,1.2316,20.00,67.30
2007.07.06 08:43:24.051,1.2315,1.2316,20.00,75.00
2007.07.06 08:43:24.187,1.2315,1.2316,16.00,75.00
2007.07.06 08:43:24.209,1.2315,1.2316,12.00,75.00
2007.07.06 08:43:24.399,1.2315,1.2316,12.00,75.10
2007.07.06 08:43:24.713,1.2314,1.2315,29.60,15.90
2007.07.06 08:43:24.732,1.2314,1.2315,29.60,23.90
2007.07.06 08:43:24.827,1.2314,1.2315,21.60,23.90
2007.07.06 08:43:24.912,1.2314,1.2315,37.60,23.90
2007.07.06 08:43:25.125,1.2314,1.2315,33.60,23.90
2007.07.06 08:43:25.331,1.2314,1.2315,33.60,31.90
2007.07.06 08:43:25.475,1.2314,1.2315,29.60,31.90
2007.07.06 08:43:25.950,1.2314,1.2315,29.60,23.90
2007.07.06 08:43:26.363,1.2314,1.2315,29.60,27.90
2007.07.06 08:43:28.730,1.2315,1.23155,4.00,7.60
2007.07.06 08:43:28.748,1.2315,1.23155,8.00,7.60
2007.07.06 08:43:28.913,1.2315,1.2316,8.00,54.60
2007.07.06 08:43:29.150,1.2315,1.2316,8.00,49.80
2007.07.06 08:43:29.225,1.2315,1.2316,8.00,50.20
2007.07.06 08:43:29.391,1.2315,1.2316,16.00,50.20
2007.07.06 08:43:29.407,1.2315,1.2316,16.00,46.20
2007.07.06 08:43:29.788,1.2315,1.2316,20.00,46.20
2007.07.06 08:43:30.113,1.2315,1.2316,20.00,45.80
2007.07.06 08:43:30.208,1.2315,1.2316,20.00,45.50
2007.07.06 08:43:30.738,1.2315,1.2316,16.00,45.50
2007.07.06 08:43:33.201,1.2315,1.2316,16.00,57.50
2007.07.06 08:43:33.243,1.2315,1.2316,16.00,59.10
2007.07.06 08:43:33.306,1.2315,1.2316,16.00,67.10
2007.07.06 08:43:33.351,1.2315,1.2316,16.00,70.30
2007.07.06 08:43:33.402,1.2315,1.2316,16.00,70.50
2007.07.06 08:43:33.542,1.2315,1.2316,16.00,78.20
2007.07.06 08:43:33.729,1.2315,1.2316,12.00,82.20
2007.07.06 08:43:34.236,1.2315,1.2316,8.00,48.10
2007.07.06 08:43:34.266,1.2314,1.2315,40.80,8.00
2007.07.06 08:43:34.437,1.2314,1.2315,36.80,23.90
2007.07.06 08:43:35.054,1.2314,1.2315,40.80,23.90
2007.07.06 08:43:35.258,1.2314,1.2315,40.80,27.90
2007.07.06 08:43:35.483,1.2314,1.2315,36.80,27.90
2007.07.06 08:43:35.679,1.2314,1.2315,38.40,15.90
2007.07.06 08:43:35.730,1.2315,1.2316,4.00,69.00
2007.07.06 08:43:35.827,1.2315,1.2316,4.00,64.70
2007.07.06 08:43:35.878,1.2315,1.2316,7.20,64.70
2007.07.06 08:43:35.951,1.2315,1.2316,15.20,64.70
2007.07.06 08:43:35.971,1.2315,1.2316,15.20,57.00
2007.07.06 08:43:35.990,1.2315,1.2316,15.20,53.80
2007.07.06 08:43:36.250,1.2315,1.2316,11.20,65.80
2007.07.06 08:43:36.353,1.2315,1.2316,11.20,69.80
2007.07.06 08:43:36.411,1.2315,1.2316,8.00,74.60
2007.07.06 08:43:36.483,1.2315,1.2316,8.00,78.30
2007.07.06 08:43:36.853,1.2314,1.2316,48.80,74.30
2007.07.06 08:43:38.238,1.2314,1.2316,17.70,74.30
2007.07.06 08:43:40.139,1.2313,1.2316,76.30,79.10
2007.07.06 08:43:40.224,1.2313,1.2315,76.30,8.00
2007.07.06 08:43:40.246,1.2313,1.2315,76.80,23.90
2007.07.06 08:43:40.322,1.23135,1.2315,48.80,23.90
2007.07.06 08:43:40.348,1.2314,1.2315,8.80,31.90
2007.07.06 08:43:40.848,1.23135,1.2315,48.80,23.90
2007.07.06 08:43:41.132,1.23135,1.2315,48.80,27.90
2007.07.06 08:43:41.444,1.23135,1.2315,44.80,27.90
2007.07.06 08:43:44.224,1.23135,1.2315,44.80,15.90
2007.07.06 08:43:44.295,1.2314,1.23155,7.60,7.60
2007.07.06 08:43:44.388,1.2314,1.2316,9.20,58.40
2007.07.06 08:43:44.396,1.2314,1.2316,2.50,58.30
2007.07.06 08:43:44.897,1.2314,1.2316,48.80,78.20
2007.07.06 08:43:45.100,1.2314,1.2316,48.80,79.00
2007.07.06 08:43:45.211,1.2315,1.2316,3.90,80.40
2007.07.06 08:43:45.317,1.2314,1.2315,3.80,15.90
2007.07.06 08:43:45.340,1.2313,1.2315,77.20,23.90
2007.07.06 08:43:45.414,1.2314,1.2315,9.10,23.90
2007.07.06 08:43:45.526,1.2314,1.2315,4.60,23.90
2007.07.06 08:43:46.222,1.2314,1.2315,17.60,27.90
2007.07.06 08:43:46.470,1.2314,1.2315,0.80,27.90
2007.07.06 08:43:48.183,1.23135,1.2315,44.80,15.90
2007.07.06 08:43:48.261,1.2315,1.2316,0.80,78.30
2007.07.06 08:43:48.346,1.2314,1.2316,40.80,78.20
2007.07.06 08:43:49.411,1.2314,1.2316,52.80,74.20
2007.07.06 08:43:49.480,1.2315,1.2316,1.20,74.20
2007.07.06 08:43:50.097,1.2314,1.2316,52.20,75.00
2007.07.06 08:43:50.211,1.2314,1.2316,52.20,76.10
2007.07.06 08:43:50.360,1.2314,1.2315,6.30,15.90
2007.07.06 08:43:50.370,1.23135,1.2315,48.80,23.90
2007.07.06 08:43:51.237,1.23135,1.2315,48.80,27.90
2007.07.06 08:43:51.398,1.23135,1.2315,44.80,27.90
2007.07.06 08:43:53.169,1.2314,1.2315,1.70,23.90
2007.07.06 08:43:53.264,1.23135,1.2315,44.80,15.90
2007.07.06 08:43:53.273,1.23135,1.23155,60.70,7.60
2007.07.06 08:43:53.338,1.2313,1.2316,96.60,55.20
2007.07.06 08:43:53.376,1.2313,1.2316,84.70,59.10
2007.07.06 08:43:53.670,1.2314,1.2316,17.70,57.50
2007.07.06 08:43:53.680,1.2315,1.2316,1.40,77.40
2007.07.06 08:43:53.783,1.2315,1.2316,3.30,74.20
2007.07.06 08:43:53.855,1.2315,1.2316,1.50,66.50
2007.07.06 08:43:53.867,1.2315,1.2316,5.10,50.50
2007.07.06 08:43:54.176,1.23145,1.2316,19.20,49.70
2007.07.06 08:43:54.394,1.2315,1.2316,1.80,45.70
2007.07.06 08:43:54.482,1.23145,1.2316,19.20,45.50
2007.07.06 08:43:54.706,1.2315,1.2316,4.30,45.50
2007.07.06 08:43:54.890,1.23145,1.2316,31.20,45.50
2007.07.06 08:44:03.074,1.23145,1.2316,31.20,41.50
2007.07.06 08:44:13.655,1.2316,1.23165,4.00,7.60
2007.07.06 08:44:13.708,1.2315,1.2316,25.60,1.60
2007.07.06 08:44:13.862,1.2316,1.2317,12.00,32.80
2007.07.06 08:44:13.920,1.2316,1.2317,16.80,28.00
2007.07.06 08:44:13.970,1.2316,1.2317,16.80,51.90
2007.07.06 08:44:14.068,1.2316,1.2317,17.30,51.90
2007.07.06 08:44:14.167,1.2316,1.2317,17.30,47.90
2007.07.06 08:44:14.457,1.2316,1.2317,17.30,43.90
2007.07.06 08:44:14.896,1.2316,1.2317,25.30,43.90
2007.07.06 08:44:15.142,1.2316,1.2317,25.30,39.90
2007.07.06 08:44:17.847,1.2316,1.2317,24.80,39.90
2007.07.06 08:44:18.161,1.2316,1.2317,21.60,39.90
2007.07.06 08:44:20.657,1.2316,1.23175,21.60,47.50
2007.07.06 08:44:23.742,1.2316,1.23175,20.00,47.50
2007.07.06 08:44:24.162,1.2316,1.23175,20.00,51.50
2007.07.06 08:44:24.251,1.2316,1.2317,12.00,0.80
2007.07.06 08:44:24.260,1.2316,1.23175,8.00,69.10
2007.07.06 08:44:24.293,1.2316,1.2318,8.00,95.90
2007.07.06 08:44:24.451,1.2316,1.2317,8.00,0.50
2007.07.06 08:44:24.635,1.2316,1.2317,12.00,0.70
2007.07.06 08:44:24.671,1.2316,1.2318,13.60,94.00
2007.07.06 08:44:24.782,1.2316,1.2318,17.60,81.50
2007.07.06 08:44:24.790,1.2316,1.2317,17.60,0.70
2007.07.06 08:44:25.694,1.2316,1.23175,21.60,47.50
2007.07.06 08:44:33.803,1.2316,1.2317,20.00,0.50
2007.07.06 08:44:34.215,1.2316,1.2317,16.00,0.90
2007.07.06 08:44:34.248,1.2316,1.23175,8.00,63.50
2007.07.06 08:44:34.309,1.2316,1.23175,8.00,68.30
2007.07.06 08:44:34.347,1.2316,1.23175,8.00,72.30
2007.07.06 08:44:34.467,1.2316,1.2318,8.00,97.10
2007.07.06 08:44:34.860,1.2315,1.2317,63.50,0.90
2007.07.06 08:44:37.694,1.23145,1.2318,69.10,99.50
2007.07.06 08:44:38.663,1.2315,1.2316,0.90,0.60
2007.07.06 08:44:38.782,1.2315,1.2317,60.30,74.80
2007.07.06 08:44:38.830,1.2315,1.23165,40.40,32.30
2007.07.06 08:44:38.927,1.2315,1.2316,39.60,0.90
2007.07.06 08:44:39.011,1.2315,1.23165,39.20,32.30
2007.07.06 08:44:39.442,1.2315,1.2316,35.00,0.50
2007.07.06 08:44:39.703,1.2315,1.2316,35.00,0.80
2007.07.06 08:44:39.898,1.2315,1.23165,35.00,44.30
2007.07.06 08:44:39.944,1.2315,1.2316,35.00,0.90
2007.07.06 08:44:40.238,1.2315,1.2316,34.40,0.80
2007.07.06 08:44:52.767,1.2315,1.2316,35.00,28.70
2007.07.06 08:44:53.289,1.2315,1.2316,34.40,28.70
2007.07.06 08:44:54.429,1.2315,1.2316,34.40,28.70
2007.07.06 08:44:55.629,1.2315,1.2316,30.40,28.70
2007.07.06 08:44:56.655,1.2315,1.2316,34.40,28.70
2007.07.06 08:44:58.037,1.2315,1.2316,34.50,28.70
2007.07.06 08:44:58.197,1.2315,1.2316,30.50,28.70
2007.07.06 08:44:58.322,1.2315,1.2316,29.60,28.70
2007.07.06 08:44:58.447,1.2315,1.2316,30.20,36.70
2007.07.06 08:44:58.846,1.2315,1.2316,29.80,36.70
2007.07.06 08:44:58.949,1.2315,1.2316,29.80,28.70
2007.07.06 08:44:59.250,1.2315,1.2316,29.20,28.70
2007.07.06 08:44:59.939,1.2315,1.2316,29.20,29.50
2007.07.06 08:45:01.236,1.2315,1.2316,29.20,37.50
2007.07.06 08:45:01.765,1.2315,1.2316,28.80,37.50
2007.07.06 08:45:01.885,1.2315,1.2316,28.40,37.50
2007.07.06 08:45:02.288,1.2315,1.2316,28.50,37.50
2007.07.06 08:45:02.383,1.2315,1.2316,29.20,37.50
2007.07.06 08:45:02.593,1.2315,1.2316,29.10,37.50
2007.07.06 08:45:03.307,1.2315,1.2316,28.30,37.50
2007.07.06 08:45:03.411,1.2315,1.2316,28.00,37.50
2007.07.06 08:45:05.377,1.2315,1.2316,28.00,29.50
2007.07.06 08:45:05.880,1.2315,1.2316,28.00,37.50
2007.07.06 08:45:06.190,1.2315,1.2316,28.00,37.70
2007.07.06 08:45:06.306,1.2315,1.2316,28.80,37.50
2007.07.06 08:45:06.731,1.2315,1.2316,28.00,37.50
2007.07.06 08:45:07.255,1.2315,1.2316,28.00,37.90
2007.07.06 08:45:07.367,1.2315,1.2316,28.00,38.40
2007.07.06 08:45:07.474,1.2315,1.2316,28.00,38.60
2007.07.06 08:45:08.640,1.2315,1.2316,32.00,38.60
2007.07.06 08:45:08.827,1.2315,1.2316,32.00,38.30
2007.07.06 08:45:08.918,1.2315,1.2316,32.00,37.80
2007.07.06 08:45:09.110,1.2315,1.2316,32.00,37.50
2007.07.06 08:45:09.165,1.2315,1.2316,28.00,37.50
2007.07.06 08:45:09.851,1.2315,1.2316,28.00,29.50
2007.07.06 08:45:09.947,1.2315,1.2316,28.00,37.50
2007.07.06 08:45:11.387,1.2315,1.2316,28.00,29.50
2007.07.06 08:45:12.830,1.2315,1.2316,28.20,29.50
2007.07.06 08:45:13.385,1.2315,1.2316,28.00,29.50
2007.07.06 08:45:13.607,1.2315,1.2316,28.00,37.50
2007.07.06 08:45:13.910,1.2315,1.2316,28.00,29.50
2007.07.06 08:45:18.011,1.2315,1.2316,28.00,37.50
2007.07.06 08:45:20.748,1.2315,1.2316,28.20,37.50
2007.07.06 08:45:21.058,1.2315,1.2316,28.20,29.50
2007.07.06 08:45:21.259,1.2315,1.2316,28.00,29.50
2007.07.06 08:45:21.673,1.2315,1.2316,28.20,29.50
2007.07.06 08:45:22.285,1.2315,1.2316,28.00,29.50
2007.07.06 08:45:22.388,1.2315,1.2316,28.20,29.50
2007.07.06 08:45:23.314,1.2315,1.2316,28.00,29.50
2007.07.06 08:45:28.385,1.2315,1.2316,28.00,37.50
2007.07.06 08:45:28.992,1.2315,1.2316,28.00,29.50
2007.07.06 08:45:32.353,1.2315,1.2316,28.20,29.50
2007.07.06 08:45:32.985,1.2315,1.2316,7.10,29.50
2007.07.06 08:45:33.365,1.23145,1.2316,36.80,29.50
2007.07.06 08:45:40.944,1.23145,1.2316,36.00,37.50
2007.07.06 08:45:47.743,1.23145,1.2316,36.20,37.50
2007.07.06 08:45:48.258,1.23145,1.2316,36.80,37.50
2007.07.06 08:45:50.037,1.2315,1.2316,13.20,35.90
2007.07.06 08:45:50.815,1.23145,1.2316,36.20,35.90
2007.07.06 08:45:51.925,1.23145,1.2316,36.00,35.90
2007.07.06 08:46:00.807,1.2315,1.2316,28.20,35.90
2007.07.06 08:46:02.456,1.2315,1.2316,28.00,35.90
2007.07.06 08:46:02.782,1.2315,1.2316,28.00,27.90
2007.07.06 08:46:02.873,1.2315,1.2316,28.00,35.90
2007.07.06 08:46:08.887,1.2315,1.2316,28.00,27.90
2007.07.06 08:46:10.627,1.2315,1.2316,32.00,27.90
2007.07.06 08:46:10.746,1.2315,1.2316,32.00,19.10
2007.07.06 08:46:10.823,1.2315,1.2316,35.20,15.90
2007.07.06 08:46:10.839,1.2315,1.2317,35.90,58.80
2007.07.06 08:46:10.880,1.2315,1.2317,43.90,58.80
2007.07.06 08:46:11.149,1.2315,1.2317,43.90,57.20
2007.07.06 08:46:11.255,1.2315,1.2317,43.40,57.20
2007.07.06 08:46:11.347,1.2315,1.2317,43.50,57.20
2007.07.06 08:46:11.457,1.2315,1.2317,43.40,57.20
2007.07.06 08:46:11.598,1.2315,1.2317,47.40,53.20
2007.07.06 08:46:12.241,1.2315,1.2317,20.90,53.20
2007.07.06 08:46:17.763,1.23145,1.2317,53.50,53.20
2007.07.06 08:46:17.870,1.2315,1.2316,4.40,8.00
2007.07.06 08:46:17.974,1.2315,1.2317,20.50,73.20
2007.07.06 08:46:18.310,1.23145,1.2317,61.40,73.20
2007.07.06 08:46:18.581,1.23145,1.2317,61.50,73.20
2007.07.06 08:46:18.825,1.23145,1.2317,61.50,73.20
2007.07.06 08:46:19.009,1.2315,1.2317,48.00,73.20
2007.07.06 08:46:19.158,1.2316,1.2317,2.80,69.20
2007.07.06 08:46:29.811,1.2315,1.2317,52.00,70.80
2007.07.06 08:46:31.459,1.23145,1.2317,65.50,70.80
2007.07.06 08:46:33.488,1.2315,1.2317,21.20,74.80
2007.07.06 08:46:33.690,1.23145,1.2317,65.50,74.80
2007.07.06 08:46:33.794,1.23145,1.2317,65.50,70.80
2007.07.06 08:46:34.925,1.23145,1.2317,61.50,74.80
2007.07.06 08:46:37.183,1.23145,1.2316,61.50,6.40
2007.07.06 08:46:37.266,1.23145,1.2316,53.60,22.30
2007.07.06 08:46:37.295,1.23145,1.2317,101.60,62.70
2007.07.06 08:46:37.417,1.2315,1.2316,11.10,22.30
2007.07.06 08:46:37.485,1.23145,1.2316,49.60,30.30
2007.07.06 08:46:37.687,1.2315,1.2316,18.30,30.30
2007.07.06 08:46:37.785,1.23145,1.2316,49.10,30.30
2007.07.06 08:46:37.896,1.2315,1.2316,1.80,22.30
2007.07.06 08:46:38.222,1.23145,1.2316,44.00,22.30
2007.07.06 08:46:38.307,1.2315,1.2316,12.00,22.30
2007.07.06 08:46:38.425,1.23145,1.2316,44.20,30.30
2007.07.06 08:46:38.500,1.23145,1.2316,41.00,30.30
2007.07.06 08:46:38.731,1.23145,1.2316,40.20,34.30
2007.07.06 08:46:39.273,1.2315,1.2316,8.70,26.30
2007.07.06 08:46:39.359,1.23145,1.2316,40.00,26.30
2007.07.06 08:46:39.796,1.23145,1.2316,39.20,34.30
2007.07.06 08:46:40.798,1.23145,1.2316,39.20,34.70
2007.07.06 08:46:41.306,1.2315,1.2316,31.20,26.30
2007.07.06 08:46:42.025,1.2315,1.2316,31.20,34.30
2007.07.06 08:46:50.208,1.2315,1.2316,31.20,34.70
2007.07.06 08:46:50.420,1.2315,1.2316,31.20,34.80
2007.07.06 08:46:50.829,1.2315,1.2316,27.20,34.80
2007.07.06 08:46:51.315,1.2315,1.2316,27.20,36.00
2007.07.06 08:46:54.375,1.2315,1.2316,27.20,36.10
2007.07.06 08:46:54.685,1.2315,1.2316,31.20,36.10
2007.07.06 08:46:54.776,1.2315,1.2316,27.20,36.10
2007.07.06 08:46:55.811,1.2315,1.2316,31.20,36.10
2007.07.06 08:46:56.852,1.2315,1.2316,27.20,36.10
2007.07.06 08:46:57.246,1.2315,1.2316,31.20,36.10
2007.07.06 08:46:57.711,1.2315,1.2316,27.20,36.10
2007.07.06 08:46:59.799,1.2315,1.2316,27.20,35.30
2007.07.06 08:47:17.181,1.2315,1.2316,27.20,34.90
2007.07.06 08:47:17.279,1.2315,1.2316,27.20,34.50
2007.07.06 08:47:17.396,1.2315,1.2316,27.20,34.20
2007.07.06 08:47:18.244,1.2315,1.2316,27.20,34.80
2007.07.06 08:47:18.329,1.2315,1.2316,27.20,35.30
2007.07.06 08:47:18.463,1.2315,1.2316,6.30,35.30
2007.07.06 08:47:18.757,1.23145,1.2316,35.20,33.50
2007.07.06 08:47:18.852,1.2315,1.2316,10.00,33.50
2007.07.06 08:47:18.953,1.23145,1.2316,36.80,33.50
2007.07.06 08:47:19.509,1.2315,1.2316,12.30,33.90
2007.07.06 08:47:19.778,1.2315,1.2316,2.00,33.50
2007.07.06 08:47:20.930,1.23145,1.2316,39.20,25.50
2007.07.06 08:47:29.845,1.2315,1.2316,3.90,19.90
2007.07.06 08:47:29.929,1.2315,1.2316,16.60,4.00
2007.07.06 08:47:29.942,1.2315,1.2316,3.60,4.00
2007.07.06 08:47:30.152,1.23145,1.23165,59.10,7.60
2007.07.06 08:47:30.237,1.23145,1.23165,71.10,7.60
2007.07.06 08:47:30.341,1.23145,1.2317,48.00,52.40
2007.07.06 08:47:30.651,1.23145,1.2317,48.40,52.40
2007.07.06 08:47:30.951,1.23145,1.2317,53.90,52.40
2007.07.06 08:47:31.163,1.2315,1.2317,22.50,52.40
2007.07.06 08:47:31.538,1.2315,1.2317,10.70,48.40
2007.07.06 08:47:31.783,1.2315,1.2317,10.10,48.40
2007.07.06 08:47:31.998,1.23145,1.2317,81.70,48.40
2007.07.06 08:47:32.724,1.23145,1.2317,81.20,48.40
2007.07.06 08:47:33.228,1.2315,1.2317,17.50,48.40
2007.07.06 08:47:33.333,1.2315,1.2317,19.20,48.40
2007.07.06 08:47:33.537,1.23145,1.2317,82.30,48.40
2007.07.06 08:47:33.737,1.2315,1.2317,24.50,60.40
2007.07.06 08:47:33.947,1.23145,1.2317,81.20,60.40
2007.07.06 08:47:34.714,1.2315,1.2317,23.10,60.40
2007.07.06 08:47:34.920,1.2315,1.2317,2.60,56.40
2007.07.06 08:47:35.119,1.2315,1.2317,2.70,56.40
2007.07.06 08:47:43.291,1.23145,1.2317,77.60,56.40
2007.07.06 08:48:01.024,1.2315,1.2317,72.80,56.40
2007.07.06 08:48:01.215,1.2315,1.2317,73.60,56.40
2007.07.06 08:48:03.371,1.2315,1.2317,73.30,56.40
2007.07.06 08:48:11.759,1.2315,1.2317,27.70,56.40
2007.07.06 08:48:29.876,1.23145,1.2317,78.10,56.40
2007.07.06 08:48:30.157,1.2315,1.2317,21.90,57.20
2007.07.06 08:48:30.183,1.2315,1.2317,35.00,58.80
2007.07.06 08:48:30.243,1.23145,1.2317,81.10,58.80
2007.07.06 08:48:30.298,1.23145,1.2316,77.90,3.20
2007.07.06 08:48:30.349,1.2315,1.2316,6.50,3.20
2007.07.06 08:48:30.368,1.23145,1.2316,61.90,3.20
2007.07.06 08:48:30.472,1.2315,1.2316,5.60,11.20
2007.07.06 08:48:30.554,1.23145,1.2316,61.50,11.20
2007.07.06 08:48:31.357,1.2315,1.2316,1.70,15.20
2007.07.06 08:48:31.537,1.23145,1.2316,55.90,15.20
2007.07.06 08:48:37.782,1.23145,1.2316,51.90,15.20
2007.07.06 08:48:40.880,1.2315,1.2316,47.90,15.20
2007.07.06 08:48:54.827,1.2315,1.2316,47.90,7.20
2007.07.06 08:48:54.924,1.2315,1.2316,47.90,15.20
2007.07.06 08:49:02.876,1.2315,1.2316,48.40,15.20
2007.07.06 08:49:03.290,1.2315,1.2316,47.90,15.20
2007.07.06 08:49:10.835,1.2315,1.2316,47.90,16.20
2007.07.06 08:49:10.895,1.2315,1.2316,47.90,16.40
2007.07.06 08:49:11.111,1.2315,1.2316,47.90,16.40
2007.07.06 08:49:12.047,1.2315,1.2316,47.90,16.20
2007.07.06 08:49:12.268,1.2315,1.2316,47.90,16.80
2007.07.06 08:49:13.206,1.2315,1.2316,47.90,16.90
2007.07.06 08:49:14.111,1.2315,1.2316,47.90,17.00
2007.07.06 08:49:14.358,1.2315,1.2316,43.90,17.00
2007.07.06 08:49:14.369,1.2315,1.2316,43.90,24.70
2007.07.06 08:49:14.433,1.2315,1.2316,35.90,24.70
2007.07.06 08:49:14.508,1.2315,1.2316,27.90,26.30
2007.07.06 08:49:14.604,1.2315,1.2316,27.90,30.30
2007.07.06 08:49:14.684,1.2315,1.2316,27.90,37.60
2007.07.06 08:49:14.770,1.2314,1.2316,73.50,62.00
2007.07.06 08:49:15.095,1.2314,1.2316,72.70,63.60
2007.07.06 08:49:15.393,1.2314,1.2315,72.70,8.00
2007.07.06 08:49:15.804,1.2314,1.2315,52.80,8.00
2007.07.06 08:49:15.840,1.2314,1.2315,52.80,12.00
2007.07.06 08:49:15.907,1.2314,1.2315,64.70,16.00
2007.07.06 08:49:16.021,1.2314,1.2315,56.70,16.00
2007.07.06 08:49:16.302,1.2314,1.2315,56.70,16.80
2007.07.06 08:49:16.544,1.2314,1.2315,52.70,16.80
2007.07.06 08:49:16.754,1.2314,1.2315,52.70,17.20
2007.07.06 08:49:16.970,1.2314,1.2315,52.70,16.40
2007.07.06 08:49:16.988,1.2314,1.2315,52.70,16.70
2007.07.06 08:49:17.059,1.2314,1.2315,52.70,16.00
2007.07.06 08:49:17.093,1.2313,1.2315,85.50,16.00
2007.07.06 08:49:18.468,1.2313,1.2315,85.50,12.00
2007.07.06 08:49:19.697,1.2314,1.2315,4.20,12.00
2007.07.06 08:49:19.744,1.2314,1.2315,55.10,8.00
2007.07.06 08:49:19.851,1.2314,1.2315,31.90,8.00
2007.07.06 08:49:19.925,1.2314,1.23155,47.90,7.60
2007.07.06 08:49:19.931,1.2315,1.2316,3.60,53.90
2007.07.06 08:49:20.024,1.2314,1.2316,55.90,53.60
2007.07.06 08:49:20.188,1.2314,1.2316,59.90,51.20
2007.07.06 08:49:20.226,1.2314,1.2316,60.70,35.30
2007.07.06 08:49:20.315,1.2315,1.2316,9.20,34.40
2007.07.06 08:49:20.408,1.2315,1.2316,1.90,30.40
2007.07.06 08:49:21.233,1.2315,1.2316,15.20,38.00
2007.07.06 08:49:21.253,1.2314,1.2316,52.00,58.00
2007.07.06 08:49:21.275,1.2315,1.2316,1.90,62.80
2007.07.06 08:49:21.350,1.2314,1.2315,28.30,8.00
2007.07.06 08:49:21.786,1.2314,1.2315,62.30,8.00
2007.07.06 08:49:21.865,1.2314,1.2316,70.30,30.20
2007.07.06 08:49:24.268,1.2314,1.2316,68.70,30.00
2007.07.06 08:49:25.815,1.2315,1.2316,13.60,29.60
2007.07.06 08:49:25.934,1.2315,1.2316,2.40,25.60
2007.07.06 08:49:26.020,1.23145,1.2316,43.10,25.60
2007.07.06 08:49:26.538,1.23145,1.2316,43.10,25.80
2007.07.06 08:49:26.871,1.23145,1.2316,43.10,29.80
2007.07.06 08:49:27.360,1.2315,1.2316,5.20,29.40
2007.07.06 08:49:27.884,1.2314,1.2316,69.50,29.80
2007.07.06 08:49:33.894,1.2314,1.2315,61.50,8.00
2007.07.06 08:49:34.320,1.2314,1.2316,67.90,29.80
2007.07.06 08:49:35.878,1.2314,1.2315,56.60,8.00
2007.07.06 08:49:39.294,1.2314,1.2316,67.90,29.80
2007.07.06 08:49:39.605,1.2314,1.2316,67.10,29.80
2007.07.06 08:49:39.727,1.2314,1.2316,67.10,41.40
2007.07.06 08:49:39.755,1.2314,1.2315,61.50,4.00
2007.07.06 08:49:39.820,1.2314,1.2315,1.70,4.00
2007.07.06 08:49:39.920,1.2314,1.2315,15.50,12.00
2007.07.06 08:49:40.227,1.23135,1.2315,64.70,12.00
2007.07.06 08:49:40.488,1.23135,1.2315,60.70,12.00
2007.07.06 08:49:40.690,1.2314,1.2315,58.30,8.00
2007.07.06 08:49:40.869,1.2315,1.2316,6.40,54.80
2007.07.06 08:49:41.174,1.2314,1.2316,53.60,53.20
2007.07.06 08:49:41.267,1.2315,1.2316,0.50,54.40
2007.07.06 08:49:41.520,1.2315,1.2316,4.90,54.80
2007.07.06 08:49:41.579,1.2314,1.2316,57.60,50.80
2007.07.06 08:49:41.878,1.2314,1.2315,44.30,8.00
2007.07.06 08:49:42.860,1.2315,1.2316,4.90,57.20
2007.07.06 08:49:42.967,1.2314,1.2315,48.00,8.00
2007.07.06 08:49:44.120,1.2315,1.2316,6.30,48.80
2007.07.06 08:49:54.455,1.2315,1.2316,20.00,48.40
2007.07.06 08:49:54.704,1.2315,1.2316,20.00,44.40
2007.07.06 08:49:54.746,1.2315,1.2316,20.00,44.30
2007.07.06 08:49:58.420,1.2315,1.2316,20.00,44.80
2007.07.06 08:49:58.818,1.2315,1.2316,12.00,44.80
2007.07.06 08:49:59.943,1.2315,1.2316,20.00,44.80
2007.07.06 08:50:00.272,1.2315,1.2316,20.00,44.80
2007.07.06 08:50:03.153,1.2315,1.2316,20.00,40.80
2007.07.06 08:50:03.227,1.2315,1.2316,46.30,16.40
2007.07.06 08:50:03.256,1.2315,1.2316,54.30,16.40
2007.07.06 08:50:03.261,1.2315,1.2316,58.30,16.40
2007.07.06 08:50:03.324,1.2315,1.2316,46.40,11.60
2007.07.06 08:50:03.367,1.2315,1.2316,49.60,8.40
2007.07.06 08:50:03.424,1.2315,1.2316,61.50,12.00
2007.07.06 08:50:03.584,1.2315,1.2316,53.50,12.00
2007.07.06 08:50:03.625,1.2315,1.2316,52.70,12.00
2007.07.06 08:50:04.139,1.2315,1.2316,51.10,12.00
2007.07.06 08:50:04.684,1.2315,1.2316,51.10,16.00
2007.07.06 08:50:06.706,1.2315,1.2316,51.10,12.00
2007.07.06 08:50:10.702,1.2315,1.2316,51.20,12.00
2007.07.06 08:50:11.316,1.2315,1.2316,51.20,16.00
2007.07.06 08:50:11.832,1.2315,1.2316,51.20,12.00
2007.07.06 08:50:14.394,1.2315,1.2316,51.10,12.00
2007.07.06 08:50:16.270,1.2315,1.2316,39.20,12.00
2007.07.06 08:50:16.383,1.2315,1.2316,47.10,4.00
2007.07.06 08:50:16.475,1.2315,1.2316,47.30,4.00
2007.07.06 08:50:16.693,1.2315,1.2316,51.30,4.00
2007.07.06 08:50:16.905,1.2315,1.2316,51.10,4.00
2007.07.06 08:50:17.413,1.2315,1.2316,47.10,12.00
2007.07.06 08:50:17.520,1.2315,1.2316,51.10,12.00
2007.07.06 08:50:18.846,1.2315,1.2317,51.10,54.00
2007.07.06 08:50:24.356,1.2315,1.2316,51.20,0.50
2007.07.06 08:50:25.372,1.2315,1.23165,51.10,19.60
2007.07.06 08:50:37.708,1.2315,1.23165,51.60,19.60
2007.07.06 08:50:37.831,1.2315,1.2316,52.40,0.50
2007.07.06 08:50:37.911,1.2315,1.2316,52.80,0.80
2007.07.06 08:50:39.630,1.2315,1.2316,56.80,0.80
2007.07.06 08:50:41.348,1.2315,1.2316,55.60,0.90
2007.07.06 08:50:41.676,1.2315,1.23165,51.60,19.60
2007.07.06 08:50:41.879,1.2315,1.23165,51.10,19.60
2007.07.06 08:50:42.371,1.2315,1.2316,52.40,0.70
2007.07.06 08:50:42.589,1.2315,1.23165,52.80,19.60
2007.07.06 08:50:42.705,1.2315,1.23165,56.80,19.60
2007.07.06 08:50:45.635,1.2315,1.23165,53.60,19.60
2007.07.06 08:50:46.654,1.2315,1.23165,54.40,19.60
2007.07.06 08:50:46.747,1.2315,1.23165,54.40,15.60
2007.07.06 08:50:46.758,1.2316,1.2317,4.00,25.20
2007.07.06 08:50:46.802,1.2316,1.23175,4.00,27.60
2007.07.06 08:50:47.159,1.2316,1.23175,5.60,27.60
2007.07.06 08:50:47.176,1.2316,1.2317,9.60,0.90
2007.07.06 08:50:47.269,1.2316,1.23175,9.60,26.00
2007.07.06 08:50:47.318,1.2316,1.2317,9.60,0.90
2007.07.06 08:50:47.426,1.2316,1.23175,9.60,22.00
2007.07.06 08:50:47.488,1.2316,1.2317,9.60,0.50
2007.07.06 08:50:47.781,1.2316,1.23175,9.60,49.90
2007.07.06 08:50:50.943,1.2316,1.2317,17.60,39.90
2007.07.06 08:50:50.992,1.2316,1.2317,22.40,35.90
2007.07.06 08:50:51.203,1.2316,1.2317,21.60,35.90
2007.07.06 08:50:53.781,1.2316,1.2317,25.60,35.90
2007.07.06 08:50:53.832,1.2316,1.2317,41.50,20.00
2007.07.06 08:50:59.051,1.2316,1.2317,41.50,0.50
2007.07.06 08:51:03.219,1.2316,1.2317,17.60,0.70
2007.07.06 08:51:03.244,1.2316,1.2317,8.00,0.60
2007.07.06 08:51:03.300,1.2316,1.2317,8.00,0.60
2007.07.06 08:51:03.326,1.2316,1.2318,8.00,83.40
2007.07.06 08:51:03.348,1.2316,1.2317,8.00,0.70
2007.07.06 08:51:03.545,1.2315,1.2318,76.50,87.60
2007.07.06 08:51:03.991,1.2316,1.2318,8.00,87.20
2007.07.06 08:51:04.177,1.2316,1.2317,9.60,0.90
2007.07.06 08:51:04.202,1.2316,1.2317,13.60,0.90
2007.07.06 08:51:04.279,1.2316,1.2318,20.80,82.50
2007.07.06 08:51:04.311,1.2316,1.2318,40.70,69.20
2007.07.06 08:51:04.340,1.2316,1.23175,40.70,27.60
2007.07.06 08:51:05.201,1.2316,1.2317,44.70,0.70
2007.07.06 08:51:07.766,1.2316,1.23175,44.70,31.60
2007.07.06 08:51:09.008,1.2316,1.23175,36.70,31.60
2007.07.06 08:51:09.171,1.2316,1.2317,35.10,0.80
2007.07.06 08:51:09.941,1.2316,1.23175,43.10,27.60
2007.07.06 08:51:10.715,1.2316,1.2317,43.10,0.60
2007.07.06 08:51:11.142,1.2316,1.23175,43.10,35.60
2007.07.06 08:51:11.353,1.2316,1.23175,43.10,31.60
2007.07.06 08:51:11.653,1.2316,1.2317,43.10,0.90
2007.07.06 08:51:12.585,1.2316,1.23175,43.10,31.60
2007.07.06 08:51:12.658,1.2316,1.2317,43.10,0.50
2007.07.06 08:51:12.792,1.2316,1.2317,35.10,0.90
2007.07.06 08:51:12.894,1.2316,1.23175,43.10,27.60
2007.07.06 08:51:13.186,1.2316,1.23175,43.10,31.60
2007.07.06 08:51:13.403,1.2316,1.23175,35.10,31.60
2007.07.06 08:51:14.031,1.2316,1.2317,43.10,0.60
2007.07.06 08:51:14.800,1.2316,1.23175,43.10,27.60
2007.07.06 08:51:34.668,1.2316,1.2317,43.10,24.00
2007.07.06 08:51:34.777,1.23155,1.2316,8.00,4.00
2007.07.06 08:51:34.874,1.23155,1.2316,8.00,4.00
2007.07.06 08:51:34.991,1.2315,1.2316,29.60,7.20
2007.07.06 08:51:35.299,1.2315,1.2316,25.60,3.20
2007.07.06 08:51:35.313,1.2316,1.23165,12.00,7.60
2007.07.06 08:51:35.429,1.2316,1.2317,35.10,36.00
2007.07.06 08:51:35.445,1.2316,1.23165,15.20,7.60
2007.07.06 08:51:35.524,1.2316,1.2317,43.10,32.00
2007.07.06 08:51:35.612,1.2316,1.2317,43.10,28.00
2007.07.06 08:51:35.718,1.2316,1.2317,43.10,24.00
2007.07.06 08:51:36.121,1.2316,1.2317,43.10,28.00
2007.07.06 08:51:36.623,1.2316,1.2317,43.10,24.00
2007.07.06 08:51:40.335,1.2316,1.2317,43.10,20.00
2007.07.06 08:51:41.938,1.2316,1.2317,35.10,20.00
2007.07.06 08:51:43.569,1.2316,1.2317,35.10,24.00
2007.07.06 08:51:43.669,1.2316,1.2317,31.10,28.80
2007.07.06 08:51:43.714,1.2315,1.2316,48.30,4.00
2007.07.06 08:51:43.785,1.2316,1.2317,3.20,58.30
2007.07.06 08:51:43.817,1.2315,1.2316,58.70,7.20
2007.07.06 08:51:43.872,1.2315,1.2316,46.70,7.20
2007.07.06 08:51:43.904,1.2315,1.2316,57.90,7.20
2007.07.06 08:51:43.992,1.2315,1.2316,54.60,15.20
2007.07.06 08:51:44.081,1.2315,1.2316,53.90,15.20
2007.07.06 08:51:44.225,1.2315,1.2316,49.90,15.20
2007.07.06 08:51:44.331,1.2315,1.2316,53.90,15.20
2007.07.06 08:51:44.489,1.2315,1.2316,49.90,15.20
2007.07.06 08:51:54.281,1.23145,1.2316,57.90,15.20
2007.07.06 08:51:58.384,1.2315,1.2316,18.70,15.20
2007.07.06 08:52:06.237,1.23145,1.2316,55.90,15.80
2007.07.06 08:52:07.360,1.2315,1.2316,23.10,16.10
2007.07.06 08:52:07.777,1.23145,1.2316,55.90,15.80
2007.07.06 08:52:08.708,1.2315,1.2316,11.00,15.80
2007.07.06 08:52:11.306,1.23145,1.2316,56.70,11.20
2007.07.06 08:52:11.377,1.23145,1.2316,57.60,11.50
2007.07.06 08:52:11.466,1.23145,1.2316,83.40,11.20
2007.07.06 08:52:11.491,1.2315,1.2316,12.30,8.00
2007.07.06 08:52:11.660,1.2315,1.2316,15.50,8.00
2007.07.06 08:52:11.673,1.2315,1.2316,14.00,8.00
2007.07.06 08:52:11.755,1.23145,1.2316,40.30,8.00
2007.07.06 08:52:11.958,1.2315,1.2317,54.70,57.20
2007.07.06 08:52:12.315,1.2316,1.2317,3.30,43.90
2007.07.06 08:52:12.329,1.23155,1.2317,39.10,28.00
2007.07.06 08:52:12.390,1.23155,1.2317,39.10,24.00
2007.07.06 08:52:12.413,1.23155,1.2317,39.10,20.00
2007.07.06 08:52:13.226,1.23155,1.2317,43.10,20.00
2007.07.06 08:52:13.296,1.23155,1.2317,43.90,20.00
2007.07.06 08:52:21.689,1.2315,1.2317,73.80,24.00
2007.07.06 08:52:21.779,1.2316,1.2317,3.70,39.90
2007.07.06 08:52:21.878,1.2315,1.2317,61.20,43.10
2007.07.06 08:52:21.901,1.2315,1.2316,81.10,8.00
2007.07.06 08:52:22.616,1.2315,1.2316,72.30,8.00
2007.07.06 08:52:23.009,1.2315,1.2316,72.30,8.00
2007.07.06 08:52:23.239,1.2315,1.2316,52.40,8.00
2007.07.06 08:52:23.326,1.2315,1.2316,64.30,8.00
2007.07.06 08:52:23.437,1.2315,1.2316,56.30,8.00
2007.07.06 08:52:23.528,1.2315,1.2316,53.10,11.20
2007.07.06 08:52:24.238,1.2315,1.2316,53.10,15.20
2007.07.06 08:52:24.572,1.2315,1.2316,49.10,15.20
2007.07.06 08:52:29.136,1.2315,1.2316,52.30,15.20
2007.07.06 08:52:29.250,1.2315,1.2316,52.30,11.20
2007.07.06 08:52:29.260,1.2315,1.2316,40.40,11.20
2007.07.06 08:52:29.306,1.2315,1.2316,48.40,11.20
2007.07.06 08:52:29.370,1.2315,1.2316,51.60,8.00
2007.07.06 08:52:29.858,1.2316,1.2317,4.00,32.40
2007.07.06 08:52:29.962,1.2316,1.2317,4.00,60.40
2007.07.06 08:52:30.395,1.2316,1.2317,4.00,56.40
2007.07.06 08:52:30.700,1.2315,1.2317,65.90,45.20
2007.07.06 08:52:30.836,1.2315,1.23165,57.90,7.60
2007.07.06 08:52:30.881,1.2315,1.2316,57.90,8.00
2007.07.06 08:52:31.195,1.2315,1.2316,56.30,8.00
2007.07.06 08:52:31.542,1.2315,1.2316,52.30,8.00
2007.07.06 08:52:32.228,1.2315,1.2316,52.30,12.00
2007.07.06 08:52:33.269,1.2315,1.2316,53.10,12.00
2007.07.06 08:52:39.902,1.2315,1.2316,51.90,12.00
2007.07.06 08:52:50.094,1.2315,1.2316,53.00,12.00
2007.07.06 08:52:50.190,1.2315,1.2316,53.20,12.00
2007.07.06 08:52:50.732,1.2315,1.2316,53.60,12.00
2007.07.06 08:52:51.045,1.2315,1.2316,52.40,12.00
2007.07.06 08:52:51.438,1.2315,1.2316,51.90,12.00
2007.07.06 08:52:51.984,1.2315,1.2316,52.40,12.00
2007.07.06 08:52:52.065,1.2315,1.2316,51.90,12.00
2007.07.06 08:52:52.280,1.2315,1.2316,51.90,8.00
2007.07.06 08:52:52.497,1.2315,1.2316,59.90,8.00
2007.07.06 08:52:52.599,1.2315,1.2316,60.40,8.00
2007.07.06 08:52:52.711,1.2316,1.2317,4.80,47.60
2007.07.06 08:52:52.919,1.2316,1.2317,4.80,36.00
2007.07.06 08:52:55.405,1.23155,1.2316,8.00,4.00
2007.07.06 08:52:55.450,1.2316,1.2317,31.90,28.80
2007.07.06 08:52:55.571,1.2315,1.2316,53.60,4.00
2007.07.06 08:52:55.669,1.2315,1.2316,53.20,12.00
2007.07.06 08:52:55.679,1.2315,1.2316,57.20,12.00
2007.07.06 08:52:55.731,1.2315,1.2316,55.90,12.00
2007.07.06 08:52:55.973,1.2315,1.2316,51.90,12.00
2007.07.06 08:52:59.176,1.2315,1.2316,55.90,12.00
2007.07.06 08:53:00.062,1.23145,1.2316,67.10,12.00
2007.07.06 08:53:00.706,1.2315,1.2316,12.80,12.00
2007.07.06 08:53:01.164,1.23145,1.2316,62.00,12.00
2007.07.06 08:53:01.940,1.23145,1.2316,62.00,4.00
2007.07.06 08:53:04.437,1.2315,1.2316,18.60,4.00
2007.07.06 08:53:07.142,1.23145,1.2316,62.00,4.00
2007.07.06 08:53:10.920,1.2315,1.2316,10.60,4.00
2007.07.06 08:53:12.878,1.23145,1.2316,62.00,4.00
2007.07.06 08:53:14.233,1.2315,1.2316,0.70,4.00
2007.07.06 08:53:14.264,1.23145,1.23165,73.90,7.60
2007.07.06 08:53:14.326,1.23145,1.23165,50.00,7.60
2007.07.06 08:53:14.338,1.23145,1.2317,50.00,52.40
2007.07.06 08:53:14.613,1.2315,1.2317,45.20,52.40
2007.07.06 08:53:14.660,1.2315,1.2317,49.20,48.40
2007.07.06 08:53:14.745,1.2315,1.2317,64.30,44.40
2007.07.06 08:53:14.772,1.2316,1.2317,6.20,44.40
2007.07.06 08:53:14.905,1.2316,1.2317,14.40,42.80
2007.07.06 08:53:14.916,1.2316,1.2317,2.10,27.20
2007.07.06 08:53:15.145,1.23155,1.2317,40.70,27.20
2007.07.06 08:53:15.182,1.2316,1.2317,1.70,27.20
2007.07.06 08:53:15.251,1.23155,1.2317,20.00,43.10
2007.07.06 08:53:15.348,1.23155,1.2317,2.40,39.10
2007.07.06 08:53:15.358,1.2315,1.2317,5.00,39.10
2007.07.06 08:53:15.377,1.2315,1.2317,26.30,40.70
2007.07.06 08:53:15.415,1.23145,1.2317,61.50,36.70
2007.07.06 08:53:15.456,1.23145,1.2317,85.40,40.70
2007.07.06 08:53:15.560,1.23145,1.2317,84.80,40.70
2007.07.06 08:53:15.667,1.23145,1.2317,83.10,36.70
2007.07.06 08:53:15.765,1.23145,1.2317,83.10,40.70
2007.07.06 08:53:15.865,1.2315,1.2317,23.90,48.40
2007.07.06 08:53:16.489,1.2316,1.2317,1.00,56.40
2007.07.06 08:53:21.879,1.23145,1.2317,83.10,48.40
2007.07.06 08:53:22.195,1.2316,1.2317,0.80,56.40
2007.07.06 08:53:26.114,1.2316,1.2317,0.80,0.90
2007.07.06 08:53:33.150,1.2316,1.2317,12.00,0.50
2007.07.06 08:53:33.310,1.2316,1.2317,20.80,0.90
2007.07.06 08:53:33.356,1.2316,1.23175,39.90,27.60
2007.07.06 08:53:34.261,1.2316,1.23175,43.90,27.60
2007.07.06 08:53:41.256,1.2316,1.2317,11.20,0.80
2007.07.06 08:53:41.345,1.2316,1.23175,3.20,49.10
2007.07.06 08:53:41.398,1.2316,1.2318,3.20,83.30
2007.07.06 08:53:41.458,1.2315,1.2318,85.30,83.30
2007.07.06 08:53:41.858,1.2316,1.2318,8.00,85.70
2007.07.06 08:53:46.640,1.2316,1.2318,12.00,87.30
2007.07.06 08:53:46.726,1.2316,1.2317,16.80,0.90
2007.07.06 08:53:46.752,1.2316,1.2317,16.80,0.50
2007.07.06 08:53:46.778,1.2316,1.23175,36.70,36.40
2007.07.06 08:53:46.967,1.2316,1.23175,36.70,32.40
2007.07.06 08:53:47.031,1.2316,1.23175,36.70,30.80
2007.07.06 08:53:47.733,1.2316,1.23175,40.70,30.80
2007.07.06 08:53:55.688,1.2316,1.2317,40.70,19.20
2007.07.06 08:53:55.780,1.2316,1.2317,43.90,16.00
2007.07.06 08:53:55.828,1.2316,1.2317,59.90,8.00
2007.07.06 08:53:55.911,1.2316,1.2317,67.90,8.00
2007.07.06 08:53:55.939,1.2316,1.2318,67.90,67.50
2007.07.06 08:53:56.134,1.2316,1.2318,67.90,65.90
2007.07.06 08:53:56.244,1.2316,1.2318,63.90,65.90
2007.07.06 08:53:56.341,1.2317,1.2318,8.00,66.40
2007.07.06 08:53:56.414,1.2317,1.2318,8.00,58.80
2007.07.06 08:53:56.478,1.2317,1.2318,8.00,54.80
2007.07.06 08:53:56.679,1.2317,1.2318,8.00,62.40
2007.07.06 08:53:56.871,1.2316,1.2318,71.90,62.40
2007.07.06 08:53:57.258,1.2316,1.2318,71.90,61.90
2007.07.06 08:53:58.610,1.2316,1.2318,75.90,61.90
2007.07.06 08:53:58.684,1.2317,1.2318,4.00,61.90
2007.07.06 08:53:58.713,1.2317,1.2318,4.00,54.20
2007.07.06 08:53:58.737,1.2317,1.2318,8.80,50.20
2007.07.06 08:53:58.815,1.2317,1.2318,24.70,32.40
2007.07.06 08:53:58.897,1.2317,1.2318,28.70,28.00
2007.07.06 08:53:58.973,1.2317,1.2318,28.70,27.20
2007.07.06 08:53:59.015,1.2317,1.2318,36.70,23.20
2007.07.06 08:53:59.030,1.2317,1.2318,40.70,23.20
2007.07.06 08:54:00.355,1.2317,1.2318,39.90,23.20
2007.07.06 08:54:03.972,1.2317,1.2318,39.90,15.20
2007.07.06 08:54:04.302,1.2317,1.2318,41.10,15.20
2007.07.06 08:54:06.131,1.2317,1.2318,41.10,11.20
2007.07.06 08:54:06.240,1.2317,1.2318,61.10,3.20
2007.07.06 08:54:06.345,1.2317,1.2318,37.20,3.20
2007.07.06 08:54:06.352,1.2317,1.23185,40.40,7.60
2007.07.06 08:54:06.387,1.2317,1.2319,48.40,53.70
2007.07.06 08:54:06.651,1.2317,1.2319,48.40,52.80
2007.07.06 08:54:06.661,1.2317,1.2319,52.40,48.80
2007.07.06 08:54:06.757,1.2317,1.2319,72.30,46.30
2007.07.06 08:54:06.774,1.2318,1.2319,4.00,40.70
2007.07.06 08:54:06.856,1.2318,1.2319,7.20,37.50
2007.07.06 08:54:06.907,1.2318,1.2319,7.20,29.80
2007.07.06 08:54:06.978,1.2318,1.2319,7.20,21.80
2007.07.06 08:54:07.288,1.2318,1.2319,7.20,21.40
2007.07.06 08:54:07.384,1.2318,1.2319,7.20,17.40
2007.07.06 08:54:07.790,1.2318,1.2319,11.20,13.40
2007.07.06 08:54:07.954,1.2318,1.2319,11.20,5.40
2007.07.06 08:54:09.168,1.2318,1.2319,7.20,11.00
2007.07.06 08:54:09.189,1.2318,1.2319,3.20,16.00
2007.07.06 08:54:09.264,1.2318,1.23185,3.20,7.60
2007.07.06 08:54:09.375,1.2317,1.23185,36.40,7.60
2007.07.06 08:54:09.400,1.2317,1.23185,56.30,7.60
2007.07.06 08:54:09.806,1.2318,1.23185,4.00,7.60
2007.07.06 08:54:10.292,1.2317,1.2318,48.30,4.00
2007.07.06 08:54:10.697,1.2318,1.23185,4.00,7.60
2007.07.06 08:54:10.725,1.2317,1.23185,65.10,7.60
2007.07.06 08:54:10.762,1.2317,1.2319,73.10,52.90
2007.07.06 08:54:10.838,1.2318,1.2319,4.00,54.80
2007.07.06 08:54:10.946,1.2318,1.2319,12.00,62.70
2007.07.06 08:54:11.223,1.2318,1.2319,12.00,58.70
2007.07.06 08:54:11.265,1.2318,1.2319,8.00,59.10
2007.07.06 08:54:11.531,1.2318,1.2319,8.00,55.10
2007.07.06 08:54:11.761,1.2318,1.2319,12.00,54.20
2007.07.06 08:54:12.678,1.2318,1.2319,8.00,54.60
2007.07.06 08:54:12.773,1.2318,1.2319,12.00,53.80
2007.07.06 08:54:14.877,1.2318,1.2319,4.00,53.80
2007.07.06 08:54:15.185,1.2318,1.2319,4.00,54.60
2007.07.06 08:54:15.294,1.2317,1.2319,78.70,54.60
2007.07.06 08:54:15.812,1.2318,1.2319,4.00,53.80
2007.07.06 08:54:16.246,1.2317,1.23185,49.20,7.60
2007.07.06 08:54:16.271,1.2317,1.2318,46.00,3.20
2007.07.06 08:54:16.308,1.2317,1.2318,57.90,3.20
2007.07.06 08:54:16.434,1.2317,1.2318,57.90,11.20
2007.07.06 08:54:16.627,1.2317,1.2318,58.70,11.20
2007.07.06 08:54:16.698,1.2318,1.2319,4.00,26.80
2007.07.06 08:54:16.741,1.2318,1.2319,19.90,15.40
2007.07.06 08:54:16.798,1.2318,1.2319,19.90,18.60
2007.07.06 08:54:16.891,1.2318,1.2319,23.10,15.40
2007.07.06 08:54:16.964,1.2318,1.2319,31.10,31.40
2007.07.06 08:54:17.036,1.2318,1.2319,31.10,31.70
2007.07.06 08:54:17.143,1.2318,1.2319,31.10,30.10
2007.07.06 08:54:17.202,1.2318,1.2319,35.10,30.10
2007.07.06 08:54:17.240,1.2318,1.2319,39.10,24.80
2007.07.06 08:54:17.754,1.2318,1.2319,43.10,20.80
2007.07.06 08:54:18.263,1.2318,1.2319,43.10,20.40
2007.07.06 08:54:18.675,1.2318,1.2319,43.10,20.80
2007.07.06 08:54:20.280,1.2318,1.2319,39.10,25.20
2007.07.06 08:54:21.220,1.2318,1.2319,39.10,25.60
2007.07.06 08:54:21.306,1.2318,1.2319,39.10,25.80
2007.07.06 08:54:21.776,1.2318,1.2319,39.10,29.80
2007.07.06 08:54:26.800,1.2318,1.2319,39.10,30.40
2007.07.06 08:54:27.113,1.2318,1.2319,39.10,34.40
2007.07.06 08:54:27.186,1.23175,1.2318,8.00,4.00
2007.07.06 08:54:27.228,1.2318,1.2319,19.20,64.40
2007.07.06 08:54:27.333,1.2318,1.2319,7.20,64.40
2007.07.06 08:54:27.463,1.2317,1.2318,56.30,4.00
2007.07.06 08:54:27.544,1.2317,1.23185,56.30,11.60
2007.07.06 08:54:27.847,1.2317,1.23185,55.10,19.60
2007.07.06 08:54:28.540,1.2317,1.23185,51.10,19.60
2007.07.06 08:54:30.729,1.2317,1.2319,51.10,73.50
2007.07.06 08:54:30.740,1.2317,1.2319,15.20,90.90
2007.07.06 08:54:30.835,1.2317,1.2319,11.20,93.30
2007.07.06 08:54:30.948,1.2317,1.2319,8.00,93.30
2007.07.06 08:54:31.635,1.2317,1.2319,8.00,91.80
2007.07.06 08:54:34.649,1.2317,1.2319,8.00,91.80
2007.07.06 08:54:34.756,1.2317,1.2318,8.00,0.70
2007.07.06 08:54:34.800,1.2317,1.2318,8.00,58.20
2007.07.06 08:54:34.865,1.2317,1.23175,8.00,10.80
2007.07.06 08:54:34.969,1.2316,1.23175,55.90,10.80
2007.07.06 08:54:35.413,1.2316,1.23175,51.90,10.80
2007.07.06 08:54:35.801,1.2316,1.23175,51.90,14.80
2007.07.06 08:54:36.304,1.2316,1.23175,51.90,22.80
2007.07.06 08:54:39.554,1.2316,1.2317,51.90,0.80
2007.07.06 08:54:39.861,1.2316,1.2317,52.30,0.60
2007.07.06 08:54:39.983,1.2316,1.2317,51.90,0.60
2007.07.06 08:54:40.077,1.2316,1.23175,51.90,14.80
2007.07.06 08:54:40.907,1.2316,1.23175,51.90,22.80
2007.07.06 08:54:41.317,1.2316,1.2317,51.90,0.90
2007.07.06 08:54:41.932,1.2316,1.2317,51.90,0.60
2007.07.06 08:54:42.454,1.2316,1.23175,51.90,14.80
2007.07.06 08:54:42.858,1.2316,1.23175,51.90,22.80
2007.07.06 08:54:43.262,1.2316,1.23175,47.90,22.80
2007.07.06 08:54:43.801,1.2316,1.2318,51.90,60.30
2007.07.06 08:54:44.856,1.2316,1.23175,51.90,14.80
2007.07.06 08:54:46.925,1.2316,1.23175,51.90,22.80
2007.07.06 08:54:47.330,1.2316,1.23175,51.90,14.80
2007.07.06 08:54:47.859,1.2316,1.23175,51.90,22.80
2007.07.06 08:54:52.037,1.2316,1.23175,51.90,14.80
2007.07.06 08:54:52.132,1.2316,1.2317,51.90,0.60
2007.07.06 08:54:52.382,1.2316,1.23175,47.90,22.80
2007.07.06 08:54:52.680,1.2316,1.2317,51.90,0.50
2007.07.06 08:54:52.740,1.2316,1.23175,51.90,14.80
2007.07.06 08:54:53.042,1.2316,1.23175,51.90,22.80
2007.07.06 08:54:56.084,1.2316,1.23175,51.90,14.80
2007.07.06 08:54:56.681,1.23155,1.2317,59.90,7.20
2007.07.06 08:54:59.840,1.23155,1.2317,59.90,15.20
2007.07.06 08:55:00.862,1.2316,1.2317,23.00,7.20
2007.07.06 08:55:01.164,1.2316,1.2317,3.00,7.20
2007.07.06 08:55:01.233,1.2316,1.2317,57.50,3.20
2007.07.06 08:55:01.278,1.2317,1.23175,13.70,7.60
2007.07.06 08:55:01.333,1.2316,1.23175,58.30,7.60
2007.07.06 08:55:01.413,1.2317,1.2318,11.10,24.00
2007.07.06 08:55:01.490,1.23165,1.2318,51.10,24.00
2007.07.06 08:55:01.705,1.2317,1.2318,15.70,24.00
2007.07.06 08:55:01.750,1.23165,1.2318,35.10,24.00
2007.07.06 08:55:01.792,1.23165,1.2318,11.20,44.40
2007.07.06 08:55:01.850,1.2316,1.2318,71.90,47.60
2007.07.06 08:55:01.919,1.2316,1.2318,1.20,56.10
2007.07.06 08:55:01.929,1.2316,1.2318,52.00,56.10
2007.07.06 08:55:02.414,1.2316,1.2318,56.00,52.10
2007.07.06 08:55:04.221,1.2316,1.2318,56.00,51.30
2007.07.06 08:55:04.322,1.2317,1.2318,1.60,50.80
2007.07.06 08:55:04.732,1.2317,1.2318,10.00,30.80
2007.07.06 08:55:04.759,1.23165,1.2318,39.90,23.20
2007.07.06 08:55:04.837,1.2317,1.2318,8.40,23.20
2007.07.06 08:55:05.773,1.23165,1.2318,47.90,23.20
2007.07.06 08:55:15.624,1.2317,1.2318,13.30,23.20
2007.07.06 08:55:15.752,1.23165,1.2318,47.90,23.20
2007.07.06 08:55:21.152,1.23165,1.2318,43.90,23.20
2007.07.06 08:55:21.214,1.23165,1.2318,35.90,23.20
2007.07.06 08:55:21.359,1.2317,1.2318,2.20,43.10
2007.07.06 08:55:21.454,1.2316,1.2318,56.00,47.10
2007.07.06 08:55:21.504,1.2316,1.2318,56.00,54.80
2007.07.06 08:55:21.874,1.2316,1.2318,3.70,54.80
2007.07.06 08:55:22.282,1.23155,1.2318,79.90,55.20
2007.07.06 08:55:22.340,1.23155,1.2318,79.10,56.00
2007.07.06 08:55:22.387,1.23155,1.2318,79.10,57.60
2007.07.06 08:55:22.647,1.23155,1.2318,75.10,61.60
2007.07.06 08:55:22.697,1.2316,1.2318,4.50,62.30
2007.07.06 08:55:23.740,1.2315,1.2318,107.20,58.30
2007.07.06 08:55:23.826,1.2316,1.2318,30.50,58.00
2007.07.06 08:55:24.355,1.2315,1.2318,109.40,57.60
2007.07.06 08:55:24.557,1.2315,1.2318,108.10,57.70
2007.07.06 08:55:24.744,1.2316,1.2318,75.10,57.20
2007.07.06 08:55:24.946,1.2317,1.2318,8.00,57.20
2007.07.06 08:55:25.060,1.2316,1.2318,75.10,57.20
2007.07.06 08:55:25.382,1.2316,1.2318,75.10,57.50
2007.07.06 08:55:25.675,1.2316,1.2318,75.10,58.30
2007.07.06 08:55:26.223,1.2317,1.2318,8.00,58.50
2007.07.06 08:55:26.289,1.2317,1.2318,27.90,26.40
2007.07.06 08:55:26.305,1.2317,1.2318,31.10,23.20
2007.07.06 08:55:26.413,1.2317,1.2318,39.10,23.20
2007.07.06 08:55:26.807,1.2317,1.2318,39.10,22.80
2007.07.06 08:55:27.227,1.2317,1.2318,35.10,26.80
2007.07.06 08:55:27.240,1.2317,1.2318,11.20,44.20
2007.07.06 08:55:27.278,1.2317,1.2318,11.20,51.90
2007.07.06 08:55:27.333,1.2317,1.2318,8.00,55.10
2007.07.06 08:55:27.354,1.2316,1.2318,71.10,59.80
2007.07.06 08:55:27.674,1.2316,1.2318,71.10,63.40
2007.07.06 08:55:27.766,1.2316,1.2318,71.10,65.80
2007.07.06 08:55:28.179,1.2316,1.2318,71.10,66.60
2007.07.06 08:55:28.289,1.2316,1.2317,59.10,8.00
2007.07.06 08:55:28.299,1.2316,1.2317,51.10,8.00
2007.07.06 08:55:28.364,1.2316,1.2317,47.90,11.20
2007.07.06 08:55:28.402,1.2316,1.2317,51.90,11.20
2007.07.06 08:55:28.747,1.23155,1.2317,59.90,11.20
2007.07.06 08:55:29.409,1.2316,1.2317,51.90,15.20
2007.07.06 08:55:29.517,1.2316,1.2317,47.90,15.20
2007.07.06 08:55:30.438,1.2316,1.2317,47.90,15.70
2007.07.06 08:55:31.055,1.2316,1.2317,47.90,19.70
2007.07.06 08:55:48.354,1.2316,1.2317,47.90,19.20
2007.07.06 08:55:55.585,1.2316,1.2317,47.90,15.20
2007.07.06 08:55:57.730,1.2316,1.2317,47.90,19.20
2007.07.06 08:56:12.094,1.2316,1.2317,47.90,15.20
2007.07.06 08:56:12.906,1.2316,1.2317,47.90,7.20
2007.07.06 08:56:13.206,1.2316,1.2317,48.70,7.20
2007.07.06 08:56:13.266,1.2316,1.2317,48.70,3.20
2007.07.06 08:56:13.327,1.2316,1.2317,44.70,3.20
2007.07.06 08:56:13.382,1.2316,1.23175,47.90,7.60
2007.07.06 08:56:13.402,1.2316,1.2318,55.90,79.10
2007.07.06 08:56:13.724,1.2317,1.2318,4.00,78.30
2007.07.06 08:56:13.924,1.2317,1.2318,12.00,77.60
2007.07.06 08:56:14.502,1.2317,1.2318,12.00,73.60
2007.07.06 08:56:14.653,1.2317,1.2318,12.40,73.60
2007.07.06 08:56:17.567,1.2317,1.2318,12.40,74.10
2007.07.06 08:56:17.725,1.2317,1.2318,16.40,52.60
2007.07.06 08:56:17.746,1.2317,1.2318,16.40,47.00
2007.07.06 08:56:17.834,1.2317,1.2318,19.60,39.60
2007.07.06 08:56:18.301,1.2317,1.2318,19.60,38.90
2007.07.06 08:56:18.748,1.2317,1.2318,23.60,38.90
2007.07.06 08:56:26.420,1.2317,1.23185,23.60,48.90
2007.07.06 08:56:26.646,1.2317,1.23185,24.40,46.50
2007.07.06 08:56:26.680,1.2317,1.2318,28.40,0.70
2007.07.06 08:56:26.770,1.2317,1.2318,24.40,0.50
2007.07.06 08:56:26.876,1.2317,1.23185,21.20,32.10
2007.07.06 08:56:26.892,1.2317,1.23185,17.20,24.10
2007.07.06 08:56:26.926,1.2317,1.2318,17.20,0.90
2007.07.06 08:56:27.195,1.2317,1.23185,25.20,11.30
2007.07.06 08:56:27.292,1.2317,1.2318,28.40,0.60
2007.07.06 08:56:27.312,1.2317,1.23185,48.40,16.10
2007.07.06 08:56:27.419,1.2317,1.2319,56.40,85.30
2007.07.06 08:56:27.823,1.2317,1.2319,56.40,81.40
2007.07.06 08:56:28.476,1.2317,1.2319,60.40,77.40
2007.07.06 08:56:29.652,1.2317,1.2319,64.40,77.70
2007.07.06 08:56:29.739,1.2317,1.2318,56.40,0.60
2007.07.06 08:56:29.827,1.2317,1.2318,53.20,0.80
2007.07.06 08:56:30.409,1.2317,1.23185,49.20,11.30
2007.07.06 08:56:30.748,1.2317,1.2318,49.20,0.80
2007.07.06 08:56:40.902,1.2317,1.23185,49.20,23.30
2007.07.06 08:56:56.803,1.2317,1.2318,49.20,15.20
2007.07.06 08:56:58.730,1.2317,1.2318,49.20,11.20
2007.07.06 08:56:58.767,1.2317,1.2318,45.20,3.20
2007.07.06 08:56:58.849,1.2317,1.2318,53.20,3.20
2007.07.06 08:56:58.859,1.2317,1.2318,53.20,11.20
2007.07.06 08:56:59.392,1.2317,1.2318,53.20,3.20
2007.07.06 08:56:59.508,1.2317,1.2318,57.20,3.20
2007.07.06 08:56:59.556,1.2317,1.2319,60.40,64.80
2007.07.06 08:56:59.622,1.2317,1.2319,60.40,72.40
2007.07.06 08:57:00.642,1.2317,1.23185,52.40,7.60
2007.07.06 08:57:00.711,1.2317,1.23185,56.40,7.60
2007.07.06 08:57:00.899,1.2317,1.2318,53.20,3.20
2007.07.06 08:57:01.526,1.2317,1.2318,49.20,3.20
2007.07.06 08:57:01.805,1.2317,1.2318,49.20,7.20
2007.07.06 08:57:06.810,1.23165,1.2318,57.20,7.20
2007.07.06 08:57:06.894,1.23165,1.2318,57.20,15.20
2007.07.06 08:57:12.242,1.2317,1.2318,5.70,15.20
2007.07.06 08:57:12.341,1.23165,1.2318,53.20,11.20
2007.07.06 08:57:12.399,1.2317,1.2318,8.60,27.10
2007.07.06 08:57:12.443,1.2317,1.2318,7.20,31.90
2007.07.06 08:57:22.703,1.2317,1.2318,3.90,16.00
2007.07.06 08:57:22.740,1.23165,1.2318,49.20,11.20
2007.07.06 08:57:22.793,1.2316,1.2318,85.20,11.20
2007.07.06 08:57:22.813,1.2316,1.2318,73.20,11.20
2007.07.06 08:57:22.831,1.2317,1.2318,17.00,8.00
2007.07.06 08:57:22.916,1.2316,1.2319,81.20,85.30
2007.07.06 08:57:23.116,1.2316,1.2319,81.20,81.30
2007.07.06 08:57:23.341,1.2316,1.2319,81.20,78.90
2007.07.06 08:57:23.416,1.2316,1.2319,89.20,81.30
2007.07.06 08:57:23.485,1.2317,1.2319,24.10,77.30
2007.07.06 08:57:23.524,1.2316,1.2319,89.40,77.20
2007.07.06 08:57:25.722,1.2316,1.2319,94.70,77.40
2007.07.06 08:57:25.754,1.23165,1.2319,56.40,77.40
2007.07.06 08:57:26.485,1.2317,1.2319,3.10,81.40
2007.07.06 08:57:26.732,1.2316,1.2319,92.30,81.40
2007.07.06 08:57:27.394,1.2317,1.2319,5.90,77.40
2007.07.06 08:57:27.488,1.2316,1.2319,92.30,77.50
2007.07.06 08:57:28.109,1.2316,1.2319,92.30,77.50
2007.07.06 08:57:28.227,1.2318,1.2319,1.50,65.50
2007.07.06 08:57:28.240,1.2318,1.2319,0.90,63.90
2007.07.06 08:57:28.265,1.2318,1.2319,2.70,56.20
2007.07.06 08:57:28.419,1.23175,1.2319,24.00,52.20
2007.07.06 08:57:28.519,1.2318,1.2319,6.30,52.00
2007.07.06 08:57:29.151,1.23175,1.2319,24.00,48.00
2007.07.06 08:57:29.259,1.2318,1.2319,6.60,48.00
2007.07.06 08:57:31.231,1.23175,1.2319,28.00,39.20
2007.07.06 08:57:31.320,1.2318,1.2319,1.90,14.20
2007.07.06 08:57:31.340,1.2318,1.2319,7.00,11.00
2007.07.06 08:57:31.402,1.2318,1.2319,2.00,11.00
2007.07.06 08:57:31.568,1.2317,1.2319,70.80,10.40
2007.07.06 08:57:31.861,1.2317,1.2319,73.20,9.20
2007.07.06 08:57:31.966,1.2317,1.2319,73.20,8.00
2007.07.06 08:57:32.157,1.23175,1.2319,40.00,12.80
2007.07.06 08:57:32.178,1.23175,1.2319,51.90,16.80
2007.07.06 08:57:32.277,1.2318,1.2319,5.90,16.80
2007.07.06 08:57:32.367,1.23175,1.2319,20.80,20.00
2007.07.06 08:57:32.392,1.23175,1.2319,12.80,12.00
2007.07.06 08:57:32.409,1.23175,1.2319,16.80,12.00
2007.07.06 08:57:32.684,1.23175,1.2319,16.80,12.80
2007.07.06 08:57:32.796,1.23175,1.2319,4.80,45.80
2007.07.06 08:57:32.880,1.23175,1.2319,4.80,47.40
2007.07.06 08:57:32.891,1.2318,1.2319,0.50,59.40
2007.07.06 08:57:32.942,1.2318,1.2319,4.30,67.10
2007.07.06 08:57:33.005,1.2317,1.2319,56.20,68.20
2007.07.06 08:57:33.094,1.2318,1.2319,5.30,68.50
2007.07.06 08:57:33.407,1.2318,1.2319,2.80,68.90
2007.07.06 08:57:33.471,1.2318,1.2319,4.00,68.90
2007.07.06 08:57:33.700,1.2318,1.2319,3.70,72.90
2007.07.06 08:57:34.026,1.2318,1.2319,7.80,73.20
2007.07.06 08:57:35.242,1.2318,1.2319,7.80,71.60
2007.07.06 08:57:35.277,1.2318,1.2319,11.80,55.50
2007.07.06 08:57:35.342,1.2318,1.2319,15.00,52.30
2007.07.06 08:57:35.371,1.2318,1.2319,15.00,48.30
2007.07.06 08:57:35.678,1.2318,1.2319,15.00,47.90
2007.07.06 08:57:35.762,1.2318,1.2319,19.00,43.90
2007.07.06 08:57:36.200,1.2318,1.2319,23.00,43.90
2007.07.06 08:57:37.452,1.2318,1.2319,23.20,35.90
2007.07.06 08:57:37.883,1.2318,1.2319,23.20,43.90
2007.07.06 08:57:41.757,1.2318,1.2319,43.10,28.00
2007.07.06 08:57:41.874,1.2318,1.2319,35.10,20.00
2007.07.06 08:57:41.896,1.2318,1.2319,43.10,20.00
2007.07.06 08:57:41.924,1.2318,1.2319,43.10,15.20
2007.07.06 08:57:42.173,1.2318,1.2319,43.10,14.10
2007.07.06 08:57:42.283,1.2318,1.2319,51.10,13.10
2007.07.06 08:57:42.319,1.2318,1.2319,51.10,9.10
2007.07.06 08:57:42.390,1.2318,1.2319,51.10,9.40
2007.07.06 08:57:42.505,1.2318,1.2319,55.10,9.40
2007.07.06 08:57:42.996,1.2318,1.2319,55.10,9.20
2007.07.06 08:57:43.598,1.2318,1.2319,55.10,9.60
2007.07.06 08:57:43.702,1.2318,1.2319,47.10,9.60
2007.07.06 08:57:43.764,1.2318,1.2319,43.90,17.60
2007.07.06 08:57:43.811,1.2318,1.2319,43.90,17.30
2007.07.06 08:57:43.899,1.2318,1.2319,28.00,37.80
2007.07.06 08:57:44.230,1.2318,1.2319,47.90,17.20
2007.07.06 08:57:44.272,1.2318,1.2319,51.10,9.20
2007.07.06 08:57:44.312,1.2318,1.2319,39.20,9.20
2007.07.06 08:57:44.409,1.2318,1.2319,47.10,1.20
2007.07.06 08:57:44.465,1.2318,1.2319,55.10,1.20
2007.07.06 08:57:44.510,1.2318,1.2319,51.10,1.20
2007.07.06 08:57:44.617,1.2318,1.2319,51.10,1.10
2007.07.06 08:57:44.728,1.2318,1.2319,39.20,21.00
2007.07.06 08:57:44.748,1.2318,1.2319,31.20,21.00
2007.07.06 08:57:44.786,1.2318,1.2319,28.00,29.00
2007.07.06 08:57:44.841,1.2318,1.2319,24.00,37.60
2007.07.06 08:57:45.709,1.2318,1.2319,24.00,41.60
2007.07.06 08:57:47.593,1.2318,1.2319,24.00,41.70
2007.07.06 08:57:47.793,1.2318,1.2319,24.00,41.00
2007.07.06 08:57:48.116,1.2318,1.2319,24.00,41.10
2007.07.06 08:57:48.326,1.2318,1.2319,24.00,41.70
2007.07.06 08:57:49.339,1.2318,1.2319,24.00,41.10
2007.07.06 08:57:49.772,1.2318,1.2319,24.00,41.70
2007.07.06 08:57:50.027,1.2318,1.2319,16.00,41.70
2007.07.06 08:57:50.329,1.2318,1.2319,16.00,41.40
2007.07.06 08:57:50.448,1.2318,1.2319,16.00,41.70
2007.07.06 08:57:50.857,1.2318,1.2319,24.00,41.70
2007.07.06 08:57:51.154,1.2318,1.2319,24.00,41.80
2007.07.06 08:57:53.149,1.2318,1.2319,20.00,41.80
2007.07.06 08:57:53.377,1.2318,1.2319,20.00,49.50
2007.07.06 08:57:53.397,1.2318,1.2319,8.00,49.00
2007.07.06 08:57:53.426,1.2317,1.2319,60.40,68.90
2007.07.06 08:57:53.615,1.2317,1.2319,60.40,69.20
2007.07.06 08:57:54.236,1.2317,1.2319,60.40,69.40
2007.07.06 08:57:58.997,1.2317,1.23195,60.40,70.20
2007.07.06 08:58:00.934,1.2317,1.23195,60.40,69.40
2007.07.06 08:58:03.024,1.2317,1.23195,60.40,72.60
2007.07.06 08:58:03.322,1.2317,1.2319,60.40,0.60
2007.07.06 08:58:03.396,1.2317,1.2318,60.40,0.50
2007.07.06 08:58:03.589,1.2317,1.23195,60.40,69.40
2007.07.06 08:58:03.889,1.2317,1.2319,60.40,48.70
2007.07.06 08:58:04.915,1.2317,1.2319,60.40,0.90
2007.07.06 08:58:08.687,1.2317,1.2319,60.40,0.90
2007.07.06 08:58:14.813,1.2317,1.23195,60.40,69.30
2007.07.06 08:58:15.042,1.2317,1.2318,60.40,0.70
2007.07.06 08:58:16.805,1.2317,1.2319,56.40,55.00
2007.07.06 08:58:17.192,1.2317,1.2319,48.40,70.70
2007.07.06 08:58:17.301,1.2317,1.2318,44.40,0.50
2007.07.06 08:58:17.317,1.2317,1.2318,44.40,0.60
2007.07.06 08:58:17.343,1.2317,1.23185,36.40,35.50
2007.07.06 08:58:17.684,1.2317,1.2318,28.40,0.50
2007.07.06 08:58:17.715,1.2317,1.23185,24.40,43.50
2007.07.06 08:58:17.823,1.2317,1.2318,24.40,0.80
2007.07.06 08:58:18.486,1.2317,1.23185,20.40,47.50
2007.07.06 08:58:18.818,1.2317,1.23185,20.40,51.50
2007.07.06 08:58:19.644,1.2317,1.23185,20.40,47.50
2007.07.06 08:58:23.187,1.2317,1.23185,20.40,39.50
2007.07.06 08:58:23.195,1.2317,1.23185,24.40,35.50
2007.07.06 08:58:23.287,1.2317,1.2319,24.40,67.70
2007.07.06 08:58:23.301,1.2317,1.2319,44.40,54.90
2007.07.06 08:58:23.407,1.2317,1.23195,36.40,55.70
2007.07.06 08:58:23.516,1.2317,1.23195,44.40,55.70
2007.07.06 08:58:23.823,1.2317,1.2319,44.40,0.90
2007.07.06 08:58:24.487,1.2317,1.2319,52.40,54.80
2007.07.06 08:58:24.568,1.2317,1.2319,56.40,50.80
2007.07.06 08:58:28.142,1.2317,1.2318,52.40,8.00
2007.07.06 08:58:28.205,1.2317,1.2318,25.20,8.00
2007.07.06 08:58:28.239,1.2317,1.2318,30.80,8.00
2007.07.06 08:58:28.314,1.2318,1.2319,4.00,67.60
2007.07.06 08:58:28.386,1.23175,1.2318,8.00,2.40
2007.07.06 08:58:28.682,1.2318,1.2319,4.00,60.10
2007.07.06 08:58:28.711,1.2318,1.2319,4.00,56.10
2007.07.06 08:58:28.822,1.2318,1.2319,12.00,55.90
2007.07.06 08:58:28.939,1.2318,1.2319,12.00,53.50
2007.07.06 08:58:28.949,1.2318,1.2319,4.00,53.50
2007.07.06 08:58:28.967,1.2318,1.2319,4.00,51.10
2007.07.06 08:58:29.332,1.2318,1.2319,4.00,51.00
2007.07.06 08:58:29.941,1.2318,1.2319,12.00,51.00
2007.07.06 08:58:34.095,1.23175,1.2319,20.00,51.00
2007.07.06 08:58:48.220,1.2318,1.2319,2.70,63.00
2007.07.06 08:58:48.345,1.2317,1.2319,56.40,64.60
2007.07.06 08:58:48.419,1.2317,1.2319,23.40,72.30
2007.07.06 08:58:48.436,1.2317,1.2319,25.00,72.30
2007.07.06 08:58:50.367,1.23165,1.2319,60.40,72.60
2007.07.06 08:58:53.437,1.2317,1.2319,6.70,72.50
2007.07.06 08:58:56.610,1.23165,1.2319,61.20,72.50
2007.07.06 08:58:56.676,1.2317,1.2319,9.50,70.90
2007.07.06 08:58:56.709,1.2317,1.2319,54.80,62.90
2007.07.06 08:58:56.778,1.23175,1.2319,12.00,55.20
2007.07.06 08:58:56.813,1.23175,1.2319,12.00,51.20
2007.07.06 08:58:56.924,1.23175,1.2319,20.00,51.10
2007.07.06 08:58:57.723,1.2318,1.2319,0.60,50.80
2007.07.06 08:58:57.925,1.23175,1.2319,20.00,50.70
2007.07.06 08:58:58.441,1.23175,1.2319,20.00,50.50
2007.07.06 08:58:59.230,1.23175,1.2319,20.00,42.50
2007.07.06 08:58:59.277,1.23175,1.2319,39.90,13.20
2007.07.06 08:58:59.334,1.23175,1.2319,43.10,10.00
2007.07.06 08:58:59.357,1.2317,1.2319,74.70,10.00
2007.07.06 08:58:59.374,1.2318,1.2319,4.90,10.00
2007.07.06 08:58:59.491,1.2317,1.2319,70.70,1.70
2007.07.06 08:58:59.874,1.2318,1.2319,5.60,9.70
2007.07.06 08:59:00.286,1.2318,1.2319,16.10,8.80
2007.07.06 08:59:00.376,1.2317,1.2319,77.10,8.60
2007.07.06 08:59:00.407,1.2318,1.2319,4.20,8.60
2007.07.06 08:59:00.692,1.2317,1.2319,74.70,8.00
2007.07.06 08:59:01.390,1.2318,1.2319,12.30,8.00
2007.07.06 08:59:01.650,1.2317,1.2319,74.70,8.00
2007.07.06 08:59:02.123,1.2318,1.2319,7.50,8.00
2007.07.06 08:59:02.235,1.2318,1.2319,4.90,8.00
2007.07.06 08:59:02.349,1.2318,1.2319,66.30,8.00
2007.07.06 08:59:02.439,1.23185,1.2319,8.00,8.00
2007.07.06 08:59:02.457,1.2319,1.232,4.00,27.20
2007.07.06 08:59:02.492,1.2319,1.232,7.20,24.00
2007.07.06 08:59:02.552,1.2319,1.232,7.20,51.90
2007.07.06 08:59:02.591,1.2319,1.232,7.20,50.30
2007.07.06 08:59:02.651,1.2319,1.232,7.20,51.10
2007.07.06 08:59:02.696,1.23185,1.2319,8.00,4.00
2007.07.06 08:59:02.756,1.23185,1.2319,8.00,27.90
2007.07.06 08:59:02.789,1.2319,1.232,3.20,35.10
2007.07.06 08:59:02.866,1.23185,1.2319,8.00,39.90
2007.07.06 08:59:02.899,1.23185,1.2319,8.00,43.10
2007.07.06 08:59:02.951,1.2318,1.2319,26.40,43.10
2007.07.06 08:59:02.973,1.2318,1.2319,26.40,35.10
2007.07.06 08:59:03.178,1.2318,1.2319,24.00,35.10
2007.07.06 08:59:03.295,1.2318,1.2319,20.00,43.60
2007.07.06 08:59:03.492,1.2318,1.2319,16.00,43.60
2007.07.06 08:59:04.241,1.2318,1.2319,16.00,39.60
2007.07.06 08:59:04.261,1.2318,1.2319,31.90,23.20
2007.07.06 08:59:04.343,1.2318,1.2319,35.10,20.00
2007.07.06 08:59:04.363,1.2318,1.2319,39.10,20.00
2007.07.06 08:59:04.498,1.2318,1.2319,47.10,20.00
2007.07.06 08:59:04.677,1.2318,1.2319,47.10,12.00
2007.07.06 08:59:04.748,1.2318,1.2319,47.10,8.00
2007.07.06 08:59:05.431,1.2318,1.2319,51.10,8.00
2007.07.06 08:59:07.839,1.2318,1.232,43.10,70.80
2007.07.06 08:59:08.160,1.2318,1.232,47.10,70.80
2007.07.06 08:59:08.215,1.2318,1.232,48.70,70.80
2007.07.06 08:59:08.253,1.2318,1.232,49.50,70.80
2007.07.06 08:59:08.338,1.2318,1.232,53.50,70.80
2007.07.06 08:59:08.354,1.2318,1.232,73.50,50.80
2007.07.06 08:59:08.436,1.2318,1.232,75.10,49.20
2007.07.06 08:59:08.476,1.23185,1.232,8.00,41.60
2007.07.06 08:59:08.566,1.2319,1.232,4.00,45.60
2007.07.06 08:59:08.693,1.2319,1.232,4.00,53.50
2007.07.06 08:59:08.892,1.2319,1.232,4.00,54.30
2007.07.06 08:59:08.926,1.2319,1.232,4.00,51.90
2007.07.06 08:59:09.089,1.2319,1.232,4.00,55.90
2007.07.06 08:59:09.196,1.2319,1.232,4.00,55.10
2007.07.06 08:59:09.232,1.2319,1.232,4.00,51.10
2007.07.06 08:59:09.410,1.2319,1.232,12.00,51.10
2007.07.06 08:59:09.672,1.2319,1.232,4.00,51.10
2007.07.06 08:59:09.738,1.2319,1.232,4.00,55.10
2007.07.06 08:59:10.826,1.2319,1.232,4.00,51.10
2007.07.06 08:59:11.632,1.2319,1.232,4.00,55.10
2007.07.06 08:59:12.156,1.2319,1.232,4.00,55.10
2007.07.06 08:59:12.458,1.2319,1.232,4.00,55.10
2007.07.06 08:59:13.787,1.2319,1.232,12.00,55.10
2007.07.06 08:59:18.048,1.2319,1.232,4.00,51.10
2007.07.06 08:59:18.377,1.2319,1.232,12.00,55.10
2007.07.06 08:59:18.434,1.2318,1.232,55.00,55.10
2007.07.06 08:59:19.691,1.23185,1.2319,20.00,0.50
2007.07.06 08:59:19.774,1.2319,1.232,2.30,51.10
2007.07.06 08:59:22.680,1.23185,1.232,20.00,52.70
2007.07.06 08:59:22.715,1.23185,1.232,20.00,56.70
2007.07.06 08:59:22.815,1.2319,1.232,2.10,44.80
2007.07.06 08:59:22.859,1.2319,1.232,5.40,52.40
2007.07.06 08:59:22.923,1.2318,1.232,61.00,72.40
2007.07.06 08:59:23.235,1.23175,1.232,63.10,72.40
2007.07.06 08:59:23.301,1.23175,1.232,59.10,72.40
2007.07.06 08:59:23.363,1.2318,1.232,10.80,72.40
2007.07.06 08:59:24.154,1.2318,1.232,25.30,72.40
2007.07.06 08:59:24.227,1.23175,1.232,62.30,70.80
2007.07.06 08:59:24.292,1.2318,1.232,51.00,62.80
2007.07.06 08:59:24.334,1.2319,1.232,3.30,59.60
2007.07.06 08:59:24.374,1.2318,1.232,47.00,55.60
2007.07.06 08:59:24.424,1.23185,1.232,23.20,47.90
2007.07.06 08:59:24.582,1.2319,1.232,7.60,51.90
2007.07.06 08:59:24.997,1.23185,1.232,23.20,47.90
2007.07.06 08:59:31.217,1.2319,1.232,6.80,48.70
2007.07.06 08:59:34.032,1.23185,1.232,15.20,48.70
2007.07.06 08:59:34.129,1.23185,1.232,15.20,53.50
2007.07.06 08:59:34.238,1.23185,1.232,15.20,41.50
2007.07.06 08:59:34.267,1.23185,1.2319,15.20,8.80
2007.07.06 08:59:34.349,1.23185,1.2319,11.20,33.20
2007.07.06 08:59:34.362,1.23175,1.2319,39.20,33.20
2007.07.06 08:59:34.659,1.23175,1.2319,31.20,37.20
2007.07.06 08:59:34.769,1.23175,1.2319,35.20,33.20
2007.07.06 08:59:34.965,1.2318,1.2319,1.90,33.60
2007.07.06 08:59:35.375,1.2318,1.2319,6.10,33.20
2007.07.06 08:59:35.456,1.2318,1.2319,5.00,33.20
2007.07.06 08:59:41.219,1.2318,1.2319,7.60,33.20
2007.07.06 08:59:48.754,1.2318,1.2319,21.60,34.10
2007.07.06 08:59:48.856,1.2318,1.2319,21.60,34.50
2007.07.06 08:59:55.180,1.2318,1.2319,21.60,34.60
2007.07.06 08:59:57.738,1.2318,1.2319,17.60,38.60
2007.07.06 08:59:58.514,1.2318,1.2319,17.60,0.80
