2012.03.16 05:00:01.767,0.83488,0.83496,1.50,1.50
2012.03.16 05:00:02.282,0.83488,0.83496,2.85,1.50
2012.03.16 05:00:02.972,0.83488,0.83496,2.86,1.50
2012.03.16 05:00:07.465,0.83488,0.83496,3.46,1.50
2012.03.16 05:00:07.828,0.83489,0.83499,1.20,1.95
2012.03.16 05:00:09.004,0.83493,0.83499,2.40,1.20
2012.03.16 05:00:12.291,0.83493,0.83499,2.33,1.20
2012.03.16 05:00:13.117,0.83493,0.835,1.50,1.50
2012.03.16 05:00:13.242,0.83489,0.83495,2.25,1.50
2012.03.16 05:00:13.585,0.83488,0.83493,1.20,1.50
2012.03.16 05:00:13.653,0.83488,0.83495,1.20,1.50
2012.03.16 05:00:15.367,0.83488,0.83496,1.28,1.95
2012.03.16 05:00:15.890,0.83488,0.83495,1.20,1.50
2012.03.16 05:00:16.424,0.83488,0.83494,2.70,1.50
2012.03.16 05:00:16.733,0.83488,0.83492,2.70,1.50
2012.03.16 05:00:16.935,0.83485,0.83493,1.69,3.75
2012.03.16 05:00:17.256,0.83481,0.83488,3.75,1.20
2012.03.16 05:00:17.397,0.83483,0.83488,1.50,1.20
2012.03.16 05:00:17.465,0.83481,0.83488,1.50,4.95
2012.03.16 05:00:17.608,0.83479,0.83484,1.50,1.20
2012.03.16 05:00:17.804,0.83477,0.83484,1.50,1.20
2012.03.16 05:00:18.770,0.8348,0.83486,1.50,2.70
2012.03.16 05:00:19.123,0.83478,0.83484,2.25,2.70
2012.03.16 05:00:19.463,0.83478,0.83484,2.25,2.70
2012.03.16 05:00:19.676,0.83479,0.83487,2.70,1.50
2012.03.16 05:00:20.205,0.83479,0.83487,2.70,2.25
2012.03.16 05:00:20.995,0.83479,0.83487,2.70,1.50
2012.03.16 05:00:21.306,0.83479,0.83483,1.50,1.20
2012.03.16 05:00:21.984,0.83475,0.83479,1.20,1.50
2012.03.16 05:00:22.062,0.83473,0.83478,1.50,1.20
2012.03.16 05:00:22.212,0.83471,0.83478,1.88,1.20
2012.03.16 05:00:22.864,0.83471,0.83478,1.88,1.95
2012.03.16 05:00:23.424,0.8347,0.83476,1.20,1.50
2012.03.16 05:00:23.778,0.8347,0.83478,3.45,2.70
2012.03.16 05:00:24.279,0.8347,0.83478,2.70,2.70
2012.03.16 05:00:24.368,0.83467,0.83474,2.63,1.20
2012.03.16 05:00:24.909,0.83467,0.83474,3.75,1.20
2012.03.16 05:00:25.453,0.8347,0.83474,1.50,1.20
2012.03.16 05:00:27.193,0.83471,0.83476,1.20,1.50
2012.03.16 05:00:27.410,0.83473,0.83479,1.50,1.50
2012.03.16 05:00:27.475,0.83474,0.83481,2.25,1.20
2012.03.16 05:00:27.745,0.83477,0.83482,1.20,1.50
2012.03.16 05:00:28.098,0.83483,0.83488,1.20,5.25
2012.03.16 05:00:28.185,0.83483,0.83488,1.20,4.50
2012.03.16 05:00:28.262,0.83478,0.83482,1.88,1.50
2012.03.16 05:00:28.805,0.83481,0.83488,1.50,2.70
2012.03.16 05:00:28.874,0.83477,0.83482,2.25,1.20
2012.03.16 05:00:29.017,0.83476,0.83482,2.70,2.25
2012.03.16 05:00:29.155,0.83478,0.83484,1.50,2.25
2012.03.16 05:00:29.294,0.83479,0.83486,1.50,1.95
2012.03.16 05:00:29.622,0.83475,0.8348,2.25,1.88
2012.03.16 05:00:30.047,0.83475,0.8348,1.50,2.70
2012.03.16 05:00:30.124,0.83473,0.8348,1.50,2.70
2012.03.16 05:00:30.382,0.83476,0.8348,1.20,1.50
2012.03.16 05:00:30.732,0.8348,0.83484,1.20,1.50
2012.03.16 05:00:30.877,0.83481,0.83487,1.50,1.88
2012.03.16 05:00:31.431,0.8348,0.83486,2.70,1.50
2012.03.16 05:00:31.847,0.83482,0.83486,1.50,1.13
2012.03.16 05:00:32.070,0.83476,0.83481,1.50,1.20
2012.03.16 05:00:34.216,0.83474,0.83481,1.50,1.20
2012.03.16 05:00:34.735,0.83477,0.83481,1.50,1.20
2012.03.16 05:00:35.251,0.83476,0.83481,1.50,1.20
2012.03.16 05:00:36.086,0.83471,0.83478,1.50,1.20
2012.03.16 05:00:36.292,0.83472,0.83478,1.50,2.70
2012.03.16 05:00:36.431,0.83469,0.83477,3.00,1.50
2012.03.16 05:00:38.493,0.83467,0.83475,4.20,1.50
2012.03.16 05:00:39.976,0.83469,0.83477,1.50,1.50
2012.03.16 05:00:41.243,0.83469,0.83476,1.50,1.20
2012.03.16 05:00:41.554,0.83467,0.83475,3.00,1.50
2012.03.16 05:00:43.648,0.83467,0.83472,2.25,1.20
2012.03.16 05:00:44.215,0.83464,0.83472,3.45,2.70
2012.03.16 05:00:47.231,0.83464,0.83472,3.83,2.70
2012.03.16 05:00:47.914,0.83467,0.83472,1.50,1.20
2012.03.16 05:00:48.501,0.83467,0.83473,1.50,1.50
2012.03.16 05:00:49.035,0.83469,0.83475,1.50,1.50
2012.03.16 05:00:49.114,0.83474,0.83482,1.50,3.08
2012.03.16 05:00:51.894,0.83478,0.83483,1.20,1.50
2012.03.16 05:00:52.095,0.83478,0.83486,2.70,2.70
2012.03.16 05:00:54.084,0.83482,0.83486,1.20,1.50
2012.03.16 05:00:54.561,0.83483,0.83491,1.50,2.44
2012.03.16 05:00:54.944,0.83486,0.83492,1.50,6.45
2012.03.16 05:00:55.071,0.83486,0.83492,1.50,4.20
2012.03.16 05:01:00.173,0.83481,0.83486,1.88,1.20
2012.03.16 05:01:00.516,0.8348,0.83484,1.50,1.20
2012.03.16 05:01:00.586,0.8348,0.83484,1.50,1.20
2012.03.16 05:01:00.657,0.83476,0.83484,1.51,1.95
2012.03.16 05:01:01.004,0.83474,0.83484,1.95,1.95
2012.03.16 05:01:02.476,0.83472,0.83479,3.00,1.20
2012.03.16 05:01:02.614,0.83471,0.83479,1.58,1.20
2012.03.16 05:01:02.825,0.83471,0.83477,1.20,1.50
2012.03.16 05:01:03.173,0.83468,0.83474,1.50,1.50
2012.03.16 05:01:07.812,0.83466,0.83472,1.50,2.25
2012.03.16 05:01:08.239,0.83467,0.83474,1.50,1.20
2012.03.16 05:01:08.317,0.8347,0.83477,1.50,1.20
2012.03.16 05:01:09.058,0.83469,0.83475,1.20,1.50
2012.03.16 05:01:10.504,0.8347,0.83477,1.50,1.20
2012.03.16 05:01:11.143,0.83475,0.83482,1.20,1.69
2012.03.16 05:01:11.217,0.83475,0.83481,2.70,2.25
2012.03.16 05:01:11.484,0.83476,0.83483,2.25,1.20
2012.03.16 05:01:11.910,0.83478,0.83484,1.20,1.50
2012.03.16 05:01:11.996,0.8348,0.83488,1.50,1.50
2012.03.16 05:01:12.546,0.8348,0.83488,1.50,2.25
2012.03.16 05:01:13.072,0.8348,0.83488,1.50,1.50
2012.03.16 05:01:19.042,0.83482,0.8349,1.50,4.20
2012.03.16 05:01:19.383,0.8348,0.83486,2.70,1.50
2012.03.16 05:01:23.446,0.83479,0.83489,1.20,2.70
2012.03.16 05:01:32.518,0.83477,0.83487,3.45,1.95
2012.03.16 05:01:32.992,0.83477,0.83485,1.20,1.50
2012.03.16 05:01:34.383,0.83479,0.83485,1.20,1.50
2012.03.16 05:01:34.642,0.83479,0.83487,1.20,3.45
2012.03.16 05:01:37.571,0.83477,0.83485,1.95,1.20
2012.03.16 05:01:44.072,0.83477,0.83485,1.20,6.08
2012.03.16 05:01:44.142,0.83475,0.83484,1.50,4.20
2012.03.16 05:01:44.681,0.83474,0.83482,1.20,1.50
2012.03.16 05:01:55.270,0.83473,0.83482,1.50,1.88
2012.03.16 05:02:01.373,0.83473,0.83481,1.50,1.50
2012.03.16 05:02:01.900,0.83473,0.83481,1.50,1.50
2012.03.16 05:02:15.822,0.83472,0.83481,2.70,3.08
2012.03.16 05:02:15.903,0.83474,0.8348,1.50,1.50
2012.03.16 05:02:27.663,0.83475,0.83482,1.50,1.20
2012.03.16 05:02:33.265,0.83475,0.83482,2.33,1.20
2012.03.16 05:02:33.346,0.83479,0.83485,1.50,1.20
2012.03.16 05:02:34.313,0.83479,0.83487,2.70,1.50
2012.03.16 05:02:34.776,0.83479,0.83489,3.60,1.95
2012.03.16 05:02:35.117,0.83487,0.83492,1.50,1.20
2012.03.16 05:02:35.254,0.83487,0.83497,2.70,2.33
2012.03.16 05:02:35.326,0.83487,0.83494,2.70,1.50
2012.03.16 05:02:35.394,0.83488,0.83496,2.25,1.50
2012.03.16 05:02:35.467,0.83491,0.83497,1.50,3.08
2012.03.16 05:02:35.791,0.83489,0.83495,1.50,1.50
2012.03.16 05:02:40.895,0.8349,0.83497,1.50,1.20
2012.03.16 05:02:44.332,0.83491,0.83498,1.20,1.50
2012.03.16 05:02:44.927,0.83493,0.83499,1.50,2.70
2012.03.16 05:02:47.588,0.83494,0.83501,1.50,1.50
2012.03.16 05:02:47.962,0.83492,0.83499,1.50,1.20
2012.03.16 05:02:49.675,0.83495,0.83499,1.50,1.20
2012.03.16 05:02:50.073,0.83492,0.83499,1.50,1.20
2012.03.16 05:02:51.896,0.83491,0.83497,3.45,1.50
2012.03.16 05:02:53.044,0.83492,0.83497,1.20,1.50
2012.03.16 05:02:53.379,0.83493,0.83499,1.50,1.50
2012.03.16 05:02:55.519,0.83495,0.83501,2.70,2.25
2012.03.16 05:02:55.879,0.83499,0.83505,2.70,1.50
2012.03.16 05:02:56.094,0.835,0.83508,1.50,1.50
2012.03.16 05:02:56.304,0.83507,0.83512,1.50,1.05
2012.03.16 05:02:56.373,0.83507,0.83513,1.50,2.25
2012.03.16 05:02:56.574,0.83505,0.83512,1.13,1.50
2012.03.16 05:02:57.103,0.83506,0.83514,2.25,1.20
2012.03.16 05:02:57.394,0.83508,0.83514,4.50,1.50
2012.03.16 05:02:57.536,0.83507,0.83514,2.70,1.50
2012.03.16 05:02:57.606,0.8351,0.83516,1.20,1.50
2012.03.16 05:02:58.294,0.83509,0.83516,2.25,1.20
2012.03.16 05:02:58.375,0.83509,0.83516,1.50,1.20
2012.03.16 05:03:00.478,0.83508,0.83514,2.70,1.50
2012.03.16 05:03:00.838,0.83506,0.83512,1.50,2.70
2012.03.16 05:03:01.927,0.83504,0.8351,2.70,1.50
2012.03.16 05:03:07.823,0.83499,0.83507,2.26,1.20
2012.03.16 05:03:07.897,0.83501,0.83507,1.50,2.70
2012.03.16 05:03:07.964,0.83499,0.83506,1.50,1.50
2012.03.16 05:03:08.305,0.83497,0.83503,2.70,1.50
2012.03.16 05:03:14.386,0.83499,0.83503,1.95,1.50
2012.03.16 05:03:14.736,0.83505,0.83511,4.20,1.50
2012.03.16 05:03:14.809,0.83505,0.83513,3.45,3.45
2012.03.16 05:03:14.956,0.83508,0.83513,1.50,1.20
2012.03.16 05:03:15.099,0.83505,0.83513,2.70,2.70
2012.03.16 05:03:16.073,0.83505,0.8351,1.20,1.50
2012.03.16 05:03:16.764,0.83505,0.8351,1.20,3.00
2012.03.16 05:03:16.834,0.83501,0.83509,3.00,3.45
2012.03.16 05:03:18.124,0.83501,0.83509,2.70,4.20
2012.03.16 05:03:18.663,0.83501,0.83509,2.70,3.45
2012.03.16 05:03:19.558,0.83501,0.83509,2.70,4.20
2012.03.16 05:03:26.403,0.83501,0.83509,2.70,2.25
2012.03.16 05:03:33.421,0.83501,0.83508,1.50,1.20
2012.03.16 05:03:46.921,0.835,0.83506,1.50,1.50
2012.03.16 05:03:49.765,0.83505,0.8351,1.20,3.75
2012.03.16 05:03:49.975,0.83504,0.83509,1.05,1.50
2012.03.16 05:03:50.119,0.83511,0.83515,1.20,1.50
2012.03.16 05:03:50.571,0.83511,0.83515,1.20,1.50
2012.03.16 05:03:50.638,0.83514,0.83519,1.50,1.95
2012.03.16 05:03:50.713,0.83511,0.83519,2.70,3.45
2012.03.16 05:03:51.022,0.83514,0.83519,1.50,1.20
2012.03.16 05:03:52.426,0.83512,0.83518,1.50,1.50
2012.03.16 05:03:52.693,0.8351,0.83516,1.88,2.70
2012.03.16 05:03:53.154,0.83508,0.83514,2.70,1.50
2012.03.16 05:03:53.638,0.83505,0.83513,3.64,2.70
2012.03.16 05:03:53.977,0.83505,0.8351,2.14,1.50
2012.03.16 05:04:00.566,0.83504,0.8351,1.69,1.50
2012.03.16 05:04:05.133,0.83507,0.83512,1.20,1.50
2012.03.16 05:04:06.554,0.83507,0.83511,1.20,2.25
2012.03.16 05:04:06.631,0.83503,0.83511,1.50,4.20
2012.03.16 05:04:06.703,0.83503,0.83511,1.50,4.20
2012.03.16 05:04:08.724,0.83503,0.83511,1.50,2.70
2012.03.16 05:04:09.233,0.83503,0.83511,1.50,4.20
2012.03.16 05:04:09.563,0.83506,0.83513,1.20,2.25
2012.03.16 05:04:11.244,0.83506,0.83513,1.20,3.94
2012.03.16 05:04:13.811,0.83506,0.83513,1.20,3.94
2012.03.16 05:04:15.582,0.83505,0.83513,1.50,3.94
2012.03.16 05:04:16.142,0.83504,0.83511,1.20,2.25
2012.03.16 05:04:16.662,0.83504,0.83511,1.20,3.00
2012.03.16 05:04:17.154,0.83506,0.83512,1.50,3.00
2012.03.16 05:04:17.664,0.83506,0.83512,1.50,2.25
2012.03.16 05:04:18.196,0.83506,0.83512,1.50,2.25
2012.03.16 05:04:19.225,0.83504,0.83511,1.20,2.25
2012.03.16 05:04:19.762,0.83504,0.83511,1.20,3.00
2012.03.16 05:04:20.833,0.83504,0.83511,1.20,3.00
2012.03.16 05:04:21.323,0.83506,0.83511,1.20,2.25
2012.03.16 05:04:21.893,0.83508,0.83515,1.96,2.25
2012.03.16 05:04:22.412,0.83508,0.83515,1.95,1.50
2012.03.16 05:04:30.510,0.83507,0.83515,2.70,2.25
2012.03.16 05:04:35.718,0.83508,0.83515,1.20,1.50
2012.03.16 05:04:51.672,0.83508,0.83515,4.80,1.50
2012.03.16 05:04:52.193,0.8351,0.83516,1.50,1.50
2012.03.16 05:04:57.811,0.83508,0.83514,3.83,1.50
2012.03.16 05:04:58.343,0.83508,0.83514,3.45,1.50
2012.03.16 05:05:04.903,0.83508,0.83514,4.20,1.50
2012.03.16 05:05:06.313,0.83508,0.83514,2.25,1.50
2012.03.16 05:05:06.872,0.83509,0.83517,1.50,3.45
2012.03.16 05:05:07.333,0.83507,0.83515,4.20,1.50
2012.03.16 05:05:11.111,0.83507,0.83515,3.45,1.50
2012.03.16 05:05:11.382,0.8351,0.83517,1.20,1.50
2012.03.16 05:05:11.886,0.83509,0.83514,1.50,1.20
2012.03.16 05:05:12.440,0.83508,0.83514,1.50,2.70
2012.03.16 05:05:13.727,0.83509,0.83514,1.20,1.50
2012.03.16 05:05:13.985,0.83509,0.83517,2.70,1.50
2012.03.16 05:05:24.430,0.83511,0.83517,1.20,1.50
2012.03.16 05:05:35.661,0.83509,0.83517,2.70,2.25
2012.03.16 05:05:36.181,0.83509,0.83517,2.70,3.00
2012.03.16 05:05:38.582,0.83509,0.83516,2.70,1.50
2012.03.16 05:05:39.085,0.83509,0.83514,1.20,1.50
2012.03.16 05:05:40.771,0.83508,0.83514,2.70,1.50
2012.03.16 05:05:41.302,0.83508,0.83514,2.70,2.25
2012.03.16 05:05:41.861,0.83508,0.83514,2.70,2.25
2012.03.16 05:05:45.082,0.83508,0.83513,1.20,1.50
2012.03.16 05:05:46.553,0.83507,0.83513,1.20,1.50
2012.03.16 05:05:48.114,0.83508,0.83514,2.25,1.50
2012.03.16 05:06:01.213,0.83508,0.83514,2.70,2.25
2012.03.16 05:06:04.029,0.83508,0.83514,2.70,2.25
2012.03.16 05:06:06.015,0.8351,0.83516,1.50,1.50
2012.03.16 05:06:06.156,0.83512,0.83519,2.25,1.20
2012.03.16 05:06:06.232,0.8351,0.83518,3.60,2.25
2012.03.16 05:06:06.495,0.83514,0.83521,1.95,1.50
2012.03.16 05:06:06.566,0.83514,0.8352,1.95,1.50
2012.03.16 05:06:06.634,0.83516,0.83522,1.50,1.50
2012.03.16 05:06:06.708,0.83519,0.83524,1.20,1.13
2012.03.16 05:06:06.787,0.83519,0.83525,3.45,1.50
2012.03.16 05:06:08.881,0.83519,0.83524,1.50,1.20
2012.03.16 05:06:09.233,0.83519,0.83526,1.95,1.50
2012.03.16 05:06:09.792,0.83519,0.83526,2.33,1.50
2012.03.16 05:06:10.914,0.8352,0.83528,2.63,2.25
2012.03.16 05:06:13.043,0.8352,0.83528,2.63,1.50
2012.03.16 05:06:13.709,0.83524,0.83528,1.20,1.50
2012.03.16 05:06:14.064,0.83528,0.83532,1.95,1.50
2012.03.16 05:06:14.602,0.83528,0.83533,1.50,1.20
2012.03.16 05:06:16.360,0.83528,0.83533,2.63,1.20
2012.03.16 05:06:17.000,0.8353,0.83537,1.51,1.50
2012.03.16 05:06:17.152,0.83533,0.83539,1.50,2.70
2012.03.16 05:06:18.386,0.83534,0.83539,1.20,1.50
2012.03.16 05:06:18.525,0.83534,0.83542,2.70,2.25
2012.03.16 05:06:18.607,0.8354,0.83545,1.20,2.63
2012.03.16 05:06:18.961,0.8354,0.83547,1.58,1.50
2012.03.16 05:06:19.493,0.83542,0.83548,1.50,3.45
2012.03.16 05:06:21.004,0.8354,0.83547,3.53,1.50
2012.03.16 05:06:24.572,0.83539,0.83545,2.25,1.20
2012.03.16 05:06:24.896,0.83534,0.8354,3.45,2.25
2012.03.16 05:06:25.402,0.83535,0.8354,1.50,2.25
2012.03.16 05:06:25.964,0.83534,0.8354,2.70,3.75
2012.03.16 05:06:26.483,0.83534,0.8354,2.70,4.50
2012.03.16 05:06:26.824,0.8353,0.83537,1.20,1.50
2012.03.16 05:06:26.896,0.8353,0.83537,2.70,3.00
2012.03.16 05:06:27.512,0.8353,0.83535,1.20,1.50
2012.03.16 05:06:28.502,0.8353,0.83535,1.95,2.25
2012.03.16 05:06:32.844,0.8353,0.83535,1.95,2.25
2012.03.16 05:06:33.574,0.83529,0.83535,1.50,2.25
2012.03.16 05:06:33.653,0.83527,0.83534,1.20,3.00
2012.03.16 05:06:34.210,0.83527,0.83534,1.20,3.00
2012.03.16 05:06:34.721,0.83527,0.83534,1.20,2.25
2012.03.16 05:06:37.603,0.83526,0.83534,1.50,3.38
2012.03.16 05:06:37.674,0.83524,0.83531,3.45,2.25
2012.03.16 05:06:38.334,0.83524,0.8353,2.70,2.25
2012.03.16 05:06:40.812,0.83521,0.83527,1.50,1.50
2012.03.16 05:06:41.805,0.83521,0.83527,1.50,1.50
2012.03.16 05:06:48.816,0.83522,0.83529,1.50,1.39
2012.03.16 05:06:50.085,0.83522,0.83528,1.50,1.20
2012.03.16 05:06:50.367,0.83523,0.8353,1.20,1.50
2012.03.16 05:06:52.236,0.83524,0.83532,1.50,4.50
2012.03.16 05:06:52.645,0.83527,0.83533,1.50,3.45
2012.03.16 05:06:53.230,0.83527,0.83533,1.50,3.60
2012.03.16 05:06:54.139,0.83527,0.83533,1.50,3.45
2012.03.16 05:06:54.486,0.83529,0.83533,1.20,1.50
2012.03.16 05:06:54.557,0.83529,0.83536,1.20,3.94
2012.03.16 05:06:54.688,0.83531,0.83537,1.50,3.75
2012.03.16 05:06:56.367,0.83531,0.83538,1.50,1.95
2012.03.16 05:06:59.256,0.83531,0.83538,2.25,1.20
2012.03.16 05:06:59.812,0.83531,0.83539,1.50,1.50
2012.03.16 05:07:00.938,0.83535,0.83541,1.20,2.25
2012.03.16 05:07:01.153,0.83535,0.83543,2.70,4.20
2012.03.16 05:07:01.783,0.83535,0.83543,3.45,2.70
2012.03.16 05:07:02.335,0.83535,0.83543,3.08,2.70
2012.03.16 05:07:02.852,0.83535,0.83543,2.70,2.70
2012.03.16 05:07:04.464,0.83538,0.83543,1.50,1.20
2012.03.16 05:07:05.641,0.8354,0.83546,2.70,2.44
2012.03.16 05:07:09.842,0.8354,0.83544,1.20,1.50
2012.03.16 05:07:10.750,0.83538,0.83544,2.44,1.50
2012.03.16 05:07:17.234,0.83538,0.83544,1.50,1.50
2012.03.16 05:07:18.834,0.83537,0.83543,1.20,1.50
2012.03.16 05:07:19.343,0.83537,0.83541,1.20,1.50
2012.03.16 05:07:22.204,0.83535,0.83544,1.20,3.79
2012.03.16 05:07:22.334,0.83536,0.83544,1.50,3.19
2012.03.16 05:07:22.655,0.83535,0.83543,3.45,2.29
2012.03.16 05:07:22.929,0.83535,0.83543,1.20,2.44
2012.03.16 05:07:23.463,0.83535,0.8354,1.20,1.50
2012.03.16 05:07:23.783,0.83537,0.83543,1.50,2.44
2012.03.16 05:07:24.366,0.83537,0.83543,1.50,2.44
2012.03.16 05:07:25.934,0.83537,0.83543,2.25,1.50
2012.03.16 05:07:26.062,0.83539,0.83545,1.50,2.70
2012.03.16 05:07:26.955,0.83539,0.83545,2.25,3.45
2012.03.16 05:07:27.233,0.83537,0.83543,1.50,2.25
2012.03.16 05:07:27.375,0.83535,0.83542,1.20,2.25
2012.03.16 05:07:27.624,0.83537,0.83543,1.50,3.00
2012.03.16 05:07:28.132,0.83537,0.83542,1.50,1.50
2012.03.16 05:07:29.212,0.83535,0.83541,2.70,2.25
2012.03.16 05:07:30.259,0.8354,0.83545,1.20,1.50
2012.03.16 05:07:30.407,0.8354,0.83544,1.20,1.50
2012.03.16 05:07:31.267,0.83538,0.83544,2.25,1.69
2012.03.16 05:07:31.463,0.83537,0.83542,1.20,1.50
2012.03.16 05:07:31.965,0.83537,0.83541,1.20,1.50
2012.03.16 05:07:32.600,0.83537,0.83542,1.20,1.50
2012.03.16 05:07:34.385,0.83537,0.83543,2.70,1.50
2012.03.16 05:07:36.775,0.83537,0.83543,2.70,2.25
2012.03.16 05:07:37.679,0.83537,0.83543,3.45,1.50
2012.03.16 05:07:37.945,0.83538,0.83545,2.25,2.14
2012.03.16 05:07:38.145,0.83539,0.83546,1.95,2.25
2012.03.16 05:07:38.797,0.83539,0.83546,1.95,1.50
2012.03.16 05:07:39.333,0.8354,0.83548,2.25,2.25
2012.03.16 05:07:40.704,0.8354,0.83548,2.25,1.50
2012.03.16 05:07:45.773,0.83539,0.83546,1.20,1.50
2012.03.16 05:07:53.529,0.83541,0.83547,1.50,2.70
2012.03.16 05:07:53.863,0.83543,0.83547,1.20,1.50
2012.03.16 05:07:54.004,0.83543,0.8355,1.20,2.25
2012.03.16 05:07:55.064,0.83546,0.83551,1.50,1.20
2012.03.16 05:07:55.592,0.83546,0.83552,2.70,1.50
2012.03.16 05:07:57.234,0.83546,0.8355,1.20,1.50
2012.03.16 05:08:00.043,0.83544,0.83549,2.25,1.20
2012.03.16 05:08:00.608,0.83541,0.83549,3.45,2.70
2012.03.16 05:08:01.164,0.83544,0.8355,2.70,2.25
2012.03.16 05:08:02.351,0.83545,0.8355,1.51,1.50
2012.03.16 05:08:02.428,0.83547,0.83555,1.95,5.63
2012.03.16 05:08:02.496,0.83549,0.83555,1.50,1.50
2012.03.16 05:08:02.706,0.8355,0.83557,1.50,1.58
2012.03.16 05:08:03.234,0.8355,0.83557,1.50,2.70
2012.03.16 05:08:03.866,0.8355,0.83557,1.50,1.20
2012.03.16 05:08:04.396,0.8355,0.83558,3.45,1.50
2012.03.16 05:08:05.970,0.8355,0.83558,3.45,1.50
2012.03.16 05:08:07.292,0.8355,0.83558,4.95,1.50
2012.03.16 05:08:07.803,0.83553,0.83559,1.50,1.50
2012.03.16 05:08:13.634,0.83551,0.83556,1.50,1.20
2012.03.16 05:08:13.895,0.8355,0.83556,2.25,1.20
2012.03.16 05:08:14.512,0.83549,0.83555,2.25,1.50
2012.03.16 05:08:14.833,0.83548,0.83553,1.20,1.50
2012.03.16 05:08:16.345,0.83549,0.83555,1.50,1.50
2012.03.16 05:08:17.353,0.83549,0.83555,1.50,3.00
2012.03.16 05:08:17.425,0.83544,0.83551,1.06,1.20
2012.03.16 05:08:17.688,0.83544,0.83551,1.50,1.20
2012.03.16 05:08:17.975,0.83544,0.8355,1.50,2.25
2012.03.16 05:08:18.508,0.83544,0.8355,2.25,1.50
2012.03.16 05:08:18.574,0.83546,0.83553,1.20,1.50
2012.03.16 05:08:19.234,0.83546,0.83551,1.20,1.50
2012.03.16 05:08:19.310,0.83543,0.83551,2.25,1.50
2012.03.16 05:08:20.584,0.83542,0.83549,1.20,1.50
2012.03.16 05:08:21.642,0.83543,0.83551,1.50,2.25
2012.03.16 05:08:26.272,0.83543,0.8355,1.50,1.20
2012.03.16 05:08:28.494,0.83546,0.83551,1.20,2.25
2012.03.16 05:08:28.772,0.83547,0.83553,1.50,1.50
2012.03.16 05:08:29.115,0.83549,0.83554,1.50,1.20
2012.03.16 05:08:29.689,0.83549,0.83555,2.70,1.50
2012.03.16 05:08:29.895,0.8355,0.83557,2.25,1.20
2012.03.16 05:08:31.405,0.83549,0.83554,1.20,1.50
2012.03.16 05:08:33.776,0.83549,0.83557,2.70,3.83
2012.03.16 05:08:34.311,0.83549,0.83557,2.70,2.70
2012.03.16 05:08:34.822,0.83549,0.83556,1.50,1.20
2012.03.16 05:08:35.932,0.83549,0.83557,2.63,1.50
2012.03.16 05:08:36.062,0.8355,0.83557,1.50,1.50
2012.03.16 05:08:36.578,0.83552,0.83558,1.50,1.50
2012.03.16 05:08:38.035,0.83553,0.83558,1.20,1.50
2012.03.16 05:08:38.234,0.83553,0.83561,2.70,3.00
2012.03.16 05:08:44.862,0.83554,0.8356,1.50,1.50
2012.03.16 05:08:46.603,0.83557,0.83562,1.50,1.20
2012.03.16 05:08:48.522,0.83557,0.83563,2.70,1.50
2012.03.16 05:08:52.735,0.83558,0.83565,1.50,1.58
2012.03.16 05:08:54.342,0.83558,0.83566,2.70,2.70
2012.03.16 05:08:54.903,0.83558,0.83566,4.05,3.00
2012.03.16 05:08:56.297,0.83558,0.83565,3.60,1.20
2012.03.16 05:08:56.857,0.8356,0.83566,2.70,1.50
2012.03.16 05:08:57.006,0.8356,0.83568,3.45,1.69
2012.03.16 05:08:59.313,0.8356,0.83568,3.45,1.69
2012.03.16 05:09:00.746,0.8356,0.83568,2.70,1.69
2012.03.16 05:09:02.303,0.8356,0.83566,1.50,1.20
2012.03.16 05:09:02.553,0.83558,0.83566,3.45,2.70
2012.03.16 05:09:04.772,0.83558,0.83566,4.24,2.70
2012.03.16 05:09:04.844,0.83561,0.83568,1.20,3.00
2012.03.16 05:09:05.153,0.83562,0.83569,1.50,1.13
2012.03.16 05:09:06.560,0.83562,0.83569,1.50,1.88
2012.03.16 05:09:06.644,0.83558,0.83565,2.14,1.50
2012.03.16 05:09:08.271,0.83558,0.83565,1.95,1.50
2012.03.16 05:09:08.485,0.83558,0.83562,1.20,1.50
2012.03.16 05:09:08.905,0.83558,0.83564,2.70,1.50
2012.03.16 05:09:10.745,0.83558,0.83563,1.20,1.50
2012.03.16 05:09:12.248,0.83555,0.83563,2.70,2.70
2012.03.16 05:09:12.382,0.83555,0.83561,1.20,1.50
2012.03.16 05:09:12.738,0.83553,0.8356,1.50,2.70
2012.03.16 05:09:13.086,0.83551,0.83559,3.00,2.25
2012.03.16 05:09:13.674,0.83551,0.83559,1.50,3.00
2012.03.16 05:09:14.358,0.83551,0.83559,1.50,2.25
2012.03.16 05:09:14.564,0.8355,0.83556,2.70,1.50
2012.03.16 05:09:17.115,0.8355,0.83555,1.50,1.20
2012.03.16 05:09:17.463,0.83547,0.83552,1.20,2.25
2012.03.16 05:09:17.802,0.83543,0.83551,1.88,3.00
2012.03.16 05:09:19.129,0.83547,0.83551,1.20,2.25
2012.03.16 05:09:23.008,0.83543,0.83551,2.70,2.25
2012.03.16 05:09:23.523,0.83543,0.83551,2.70,2.25
2012.03.16 05:09:28.127,0.83546,0.83551,1.20,1.50
2012.03.16 05:09:28.672,0.83546,0.83552,2.70,1.50
2012.03.16 05:09:30.135,0.83547,0.83554,1.50,1.20
2012.03.16 05:09:32.782,0.83547,0.83554,2.25,1.20
2012.03.16 05:09:33.303,0.83548,0.83554,3.00,1.20
2012.03.16 05:09:34.312,0.83548,0.83554,1.50,1.20
2012.03.16 05:09:36.062,0.83548,0.83555,2.70,1.50
2012.03.16 05:09:36.574,0.83548,0.83555,2.70,1.50
2012.03.16 05:09:40.573,0.83548,0.83552,1.20,1.50
2012.03.16 05:09:41.025,0.83548,0.83555,1.58,1.50
2012.03.16 05:09:41.333,0.83547,0.83555,2.25,1.50
2012.03.16 05:09:48.032,0.83547,0.83555,3.08,1.50
2012.03.16 05:09:50.115,0.83547,0.83555,4.20,3.75
2012.03.16 05:09:50.850,0.83547,0.83553,1.20,1.50
2012.03.16 05:09:54.663,0.83545,0.83553,2.70,3.45
2012.03.16 05:10:00.953,0.83545,0.8355,1.50,1.20
2012.03.16 05:10:01.377,0.83542,0.8355,3.00,2.70
2012.03.16 05:10:01.943,0.83542,0.8355,3.00,2.70
2012.03.16 05:10:02.144,0.83541,0.83547,2.25,1.50
2012.03.16 05:10:04.083,0.83542,0.8355,2.25,2.70
2012.03.16 05:10:04.225,0.83547,0.83552,1.20,2.25
2012.03.16 05:10:04.813,0.83547,0.83554,1.20,1.50
2012.03.16 05:10:17.063,0.83549,0.83554,1.20,1.50
2012.03.16 05:10:17.140,0.83549,0.83556,1.95,1.50
2012.03.16 05:10:17.698,0.8355,0.83558,1.50,4.50
2012.03.16 05:10:17.776,0.83549,0.83555,2.70,1.50
2012.03.16 05:10:18.102,0.83549,0.83553,1.20,1.50
2012.03.16 05:10:18.915,0.8355,0.83556,1.50,1.88
2012.03.16 05:10:19.527,0.83549,0.83555,1.20,1.50
2012.03.16 05:10:20.053,0.83549,0.83555,1.95,1.50
2012.03.16 05:10:20.563,0.8355,0.83556,1.50,1.50
2012.03.16 05:10:22.654,0.83548,0.83554,2.70,1.50
2012.03.16 05:10:24.092,0.83548,0.83556,1.20,1.20
2012.03.16 05:10:24.695,0.83548,0.83556,1.20,2.70
2012.03.16 05:10:25.233,0.83548,0.83553,1.20,1.88
2012.03.16 05:10:28.233,0.83545,0.83553,2.25,1.50
2012.03.16 05:10:43.525,0.83546,0.83553,1.20,1.50
2012.03.16 05:10:44.675,0.83546,0.8355,1.20,1.50
2012.03.16 05:10:46.524,0.83541,0.83549,3.38,1.50
2012.03.16 05:10:46.722,0.83546,0.83551,1.20,2.25
2012.03.16 05:10:47.307,0.83546,0.83553,1.95,2.85
2012.03.16 05:10:48.048,0.83549,0.83555,1.20,1.50
2012.03.16 05:10:49.834,0.83547,0.83555,1.50,3.45
2012.03.16 05:10:49.908,0.83546,0.83552,2.25,1.50
2012.03.16 05:10:50.442,0.83548,0.83554,1.50,1.50
2012.03.16 05:10:56.805,0.83546,0.83552,1.50,1.50
2012.03.16 05:10:57.493,0.83545,0.83551,1.95,1.50
2012.03.16 05:10:57.932,0.83545,0.83553,3.45,1.50
2012.03.16 05:11:04.612,0.83545,0.83553,4.50,1.50
2012.03.16 05:11:04.755,0.83549,0.83553,1.20,1.50
2012.03.16 05:11:05.064,0.83549,0.83557,2.70,3.83
2012.03.16 05:11:07.950,0.83549,0.83557,4.20,2.70
2012.03.16 05:11:08.025,0.83558,0.83562,1.20,7.50
2012.03.16 05:11:08.354,0.83558,0.83564,1.20,2.25
2012.03.16 05:11:08.822,0.83554,0.8356,2.25,1.50
2012.03.16 05:11:08.889,0.83558,0.83563,1.20,1.50
2012.03.16 05:11:09.323,0.83558,0.83566,2.70,3.00
2012.03.16 05:11:14.024,0.83558,0.83566,3.83,2.70
2012.03.16 05:11:19.935,0.83558,0.83566,4.58,2.70
2012.03.16 05:11:20.524,0.83558,0.83562,1.95,1.50
2012.03.16 05:11:20.666,0.83553,0.83561,3.45,2.70
2012.03.16 05:11:21.924,0.83553,0.83559,1.20,1.50
2012.03.16 05:11:22.517,0.83553,0.83561,2.70,2.70
2012.03.16 05:11:28.794,0.83551,0.83559,3.83,1.50
2012.03.16 05:11:29.583,0.83551,0.83556,1.20,1.50
2012.03.16 05:11:30.112,0.8355,0.83556,1.50,1.50
2012.03.16 05:11:31.776,0.83549,0.83554,1.20,1.50
2012.03.16 05:11:31.915,0.8355,0.83556,1.50,1.50
2012.03.16 05:11:32.245,0.83549,0.83554,1.20,1.50
2012.03.16 05:11:34.714,0.83548,0.83554,1.50,1.50
2012.03.16 05:11:39.704,0.8355,0.83554,1.20,1.50
2012.03.16 05:11:39.916,0.8355,0.83557,1.95,1.50
2012.03.16 05:11:41.687,0.83551,0.83558,1.50,1.20
2012.03.16 05:11:44.631,0.83546,0.83554,5.63,1.50
2012.03.16 05:11:55.212,0.83551,0.83555,1.20,1.50
2012.03.16 05:12:00.926,0.83553,0.83558,1.20,1.50
2012.03.16 05:12:01.136,0.83553,0.83558,1.20,1.50
2012.03.16 05:12:02.259,0.83557,0.83562,1.20,1.13
2012.03.16 05:12:02.534,0.83557,0.83561,1.20,1.50
2012.03.16 05:12:03.043,0.83557,0.83562,1.20,1.50
2012.03.16 05:12:04.342,0.83556,0.83562,2.70,1.50
2012.03.16 05:12:06.803,0.83556,0.8356,1.20,1.50
2012.03.16 05:12:13.752,0.83557,0.83562,1.20,1.50
2012.03.16 05:12:13.882,0.83554,0.8356,2.70,1.50
2012.03.16 05:12:21.283,0.83554,0.8356,4.06,1.50
2012.03.16 05:12:21.353,0.83557,0.83562,1.50,1.20
2012.03.16 05:12:32.944,0.83557,0.83563,1.50,1.50
2012.03.16 05:12:33.525,0.83556,0.83562,1.20,1.50
2012.03.16 05:12:33.603,0.83556,0.8356,1.20,1.50
2012.03.16 05:12:51.052,0.83556,0.83562,1.20,1.50
2012.03.16 05:12:54.113,0.83554,0.83562,2.70,1.50
2012.03.16 05:12:55.843,0.83556,0.83562,1.20,1.50
2012.03.16 05:13:09.493,0.83557,0.83562,1.20,2.25
2012.03.16 05:13:12.363,0.83553,0.83559,1.50,1.50
2012.03.16 05:13:12.874,0.83553,0.83559,2.70,1.50
2012.03.16 05:13:18.342,0.83554,0.83559,1.20,1.50
2012.03.16 05:13:24.596,0.83553,0.83559,1.50,1.50
2012.03.16 05:13:24.731,0.8355,0.83558,3.83,2.25
2012.03.16 05:13:24.947,0.83546,0.83554,3.45,1.50
2012.03.16 05:13:25.457,0.83546,0.83552,1.20,1.50
2012.03.16 05:13:31.754,0.83544,0.83552,1.50,2.25
2012.03.16 05:13:32.204,0.83543,0.8355,1.20,1.50
2012.03.16 05:13:33.327,0.83544,0.83552,1.50,1.50
2012.03.16 05:13:37.405,0.83545,0.83552,1.20,1.50
2012.03.16 05:13:40.482,0.83547,0.83553,1.50,2.70
2012.03.16 05:13:44.015,0.83545,0.83552,1.95,1.50
2012.03.16 05:13:44.673,0.83546,0.83553,1.50,1.20
2012.03.16 05:13:49.184,0.83546,0.83554,2.70,2.70
2012.03.16 05:13:53.786,0.83546,0.83554,2.70,4.20
2012.03.16 05:13:53.857,0.83546,0.83551,1.20,1.50
2012.03.16 05:13:54.777,0.83545,0.83551,1.50,1.50
2012.03.16 05:13:54.995,0.83546,0.83554,1.50,2.70
2012.03.16 05:13:55.569,0.83548,0.83554,1.50,1.20
2012.03.16 05:13:55.696,0.83548,0.83556,2.25,1.50
2012.03.16 05:13:56.535,0.83548,0.83556,2.25,1.50
2012.03.16 05:13:57.759,0.83551,0.83556,2.10,1.50
2012.03.16 05:13:58.106,0.83557,0.83563,1.50,3.45
2012.03.16 05:13:58.386,0.83555,0.8356,1.20,1.50
2012.03.16 05:14:05.913,0.83553,0.8356,1.20,1.50
2012.03.16 05:14:10.256,0.83555,0.83561,1.50,3.45
2012.03.16 05:14:10.812,0.83553,0.83559,3.45,1.50
2012.03.16 05:14:12.293,0.83553,0.83559,2.70,1.50
2012.03.16 05:14:21.013,0.83552,0.83557,1.20,1.50
2012.03.16 05:14:22.242,0.83551,0.83557,2.70,1.50
2012.03.16 05:14:22.864,0.83551,0.83556,1.20,1.50
2012.03.16 05:14:25.010,0.83551,0.83557,2.70,1.50
2012.03.16 05:14:31.192,0.83554,0.83559,1.20,1.50
2012.03.16 05:14:32.865,0.83553,0.83557,1.20,1.50
2012.03.16 05:14:33.303,0.83555,0.83561,1.20,1.13
2012.03.16 05:14:33.434,0.83555,0.83559,1.20,1.50
2012.03.16 05:14:40.694,0.83555,0.83563,2.70,2.25
2012.03.16 05:14:40.766,0.83556,0.83563,1.13,1.50
2012.03.16 05:14:41.285,0.83558,0.83563,1.20,1.50
2012.03.16 05:14:48.244,0.83558,0.83564,3.45,1.50
2012.03.16 05:14:49.207,0.8356,0.83564,1.20,1.50
2012.03.16 05:14:49.279,0.8356,0.83568,2.70,3.00
2012.03.16 05:14:49.354,0.8356,0.83568,3.83,2.70
2012.03.16 05:14:51.946,0.8356,0.83568,3.45,4.20
2012.03.16 05:14:52.087,0.8356,0.83565,1.20,1.50
2012.03.16 05:14:55.975,0.8356,0.83565,1.20,2.25
2012.03.16 05:14:56.045,0.83557,0.83563,1.50,1.50
2012.03.16 05:14:56.318,0.83553,0.83561,2.70,3.45
2012.03.16 05:14:56.386,0.83557,0.83562,1.20,2.25
2012.03.16 05:14:56.655,0.83557,0.83561,1.20,1.50
2012.03.16 05:14:56.726,0.83557,0.83563,1.20,1.50
2012.03.16 05:14:57.173,0.8356,0.83566,1.20,1.50
2012.03.16 05:14:58.237,0.8356,0.83564,1.20,1.50
2012.03.16 05:14:59.999,0.83563,0.83568,1.20,2.25
2012.03.16 05:15:00.218,0.8356,0.83566,1.50,1.50
2012.03.16 05:15:00.771,0.83563,0.83568,1.20,1.50
2012.03.16 05:15:01.849,0.83563,0.83568,1.95,1.50
2012.03.16 05:15:01.931,0.83571,0.83575,1.20,5.63
2012.03.16 05:15:02.083,0.8357,0.83576,1.20,3.00
2012.03.16 05:15:02.411,0.8357,0.83576,1.20,1.50
2012.03.16 05:15:02.967,0.83568,0.83574,2.25,1.20
2012.03.16 05:15:03.318,0.83566,0.83571,1.20,1.50
2012.03.16 05:15:03.588,0.83563,0.83571,1.50,3.45
2012.03.16 05:15:03.657,0.83562,0.83568,1.88,1.50
2012.03.16 05:15:04.009,0.83561,0.83565,1.20,1.50
2012.03.16 05:15:05.677,0.83561,0.83567,2.70,1.50
2012.03.16 05:15:05.816,0.83562,0.8357,1.50,2.25
2012.03.16 05:15:06.004,0.83561,0.83567,2.70,1.50
2012.03.16 05:15:06.316,0.83562,0.8357,1.50,1.50
2012.03.16 05:15:07.524,0.83566,0.8357,1.20,1.50
2012.03.16 05:15:07.951,0.83566,0.83573,1.20,1.50
2012.03.16 05:15:08.099,0.83563,0.83569,1.50,1.50
2012.03.16 05:15:09.703,0.83566,0.83573,1.95,1.50
2012.03.16 05:15:09.915,0.83571,0.83576,1.20,2.25
2012.03.16 05:15:10.445,0.83572,0.83577,1.50,2.25
2012.03.16 05:15:10.908,0.83567,0.83573,3.01,1.50
2012.03.16 05:15:11.046,0.83564,0.83569,1.20,1.50
2012.03.16 05:15:11.118,0.83564,0.83569,1.20,1.50
2012.03.16 05:15:11.654,0.83563,0.83569,1.88,1.50
2012.03.16 05:15:12.427,0.83563,0.83569,3.75,1.50
2012.03.16 05:15:12.500,0.83566,0.83572,1.95,2.25
2012.03.16 05:15:12.695,0.83566,0.83573,1.95,1.50
2012.03.16 05:15:14.203,0.83566,0.83573,2.70,1.50
2012.03.16 05:15:14.712,0.83566,0.83573,1.95,1.50
2012.03.16 05:15:14.784,0.83568,0.83573,1.20,1.50
2012.03.16 05:15:15.444,0.83566,0.83573,2.33,1.50
2012.03.16 05:15:15.753,0.83566,0.83573,3.83,1.50
2012.03.16 05:15:16.288,0.83566,0.83573,3.83,1.50
2012.03.16 05:15:16.843,0.83567,0.83573,1.50,1.50
2012.03.16 05:15:17.639,0.83567,0.83573,1.50,1.50
2012.03.16 05:15:18.735,0.83566,0.83573,2.70,1.50
2012.03.16 05:15:20.864,0.83567,0.83573,1.50,1.50
2012.03.16 05:15:21.590,0.83568,0.83574,3.45,1.50
2012.03.16 05:15:23.884,0.83568,0.83574,3.45,1.50
2012.03.16 05:15:27.138,0.83566,0.83572,2.70,1.50
2012.03.16 05:15:27.864,0.83566,0.83572,4.20,1.50
2012.03.16 05:15:28.136,0.83568,0.83574,1.50,1.50
2012.03.16 05:15:30.886,0.83568,0.83572,1.50,1.20
2012.03.16 05:15:30.956,0.83565,0.83571,1.50,1.50
2012.03.16 05:15:31.096,0.83564,0.83569,1.20,1.50
2012.03.16 05:15:34.325,0.83563,0.83569,1.50,1.50
2012.03.16 05:15:34.666,0.83561,0.83565,1.50,1.20
2012.03.16 05:15:34.875,0.83558,0.83565,2.25,2.70
2012.03.16 05:15:34.949,0.83557,0.83565,2.70,2.70
2012.03.16 05:15:35.579,0.83557,0.83563,1.20,1.50
2012.03.16 05:15:37.367,0.83557,0.83563,1.95,1.50
2012.03.16 05:15:37.882,0.83558,0.83564,1.50,1.50
2012.03.16 05:15:38.432,0.83559,0.83565,1.50,1.20
2012.03.16 05:15:39.783,0.8356,0.83567,1.20,1.50
2012.03.16 05:15:41.813,0.83559,0.83566,1.50,1.20
2012.03.16 05:15:41.944,0.83558,0.83564,2.25,1.50
2012.03.16 05:15:42.469,0.83557,0.83562,1.20,1.50
2012.03.16 05:15:42.790,0.83554,0.8356,2.25,1.50
2012.03.16 05:15:44.384,0.83557,0.83563,1.20,1.50
2012.03.16 05:15:44.518,0.83553,0.8356,1.50,2.25
2012.03.16 05:15:45.052,0.83556,0.83562,1.50,1.95
2012.03.16 05:15:45.133,0.83557,0.83562,2.25,1.20
2012.03.16 05:15:45.276,0.83555,0.83561,3.75,1.50
2012.03.16 05:15:45.812,0.83555,0.83561,1.50,1.50
2012.03.16 05:15:46.843,0.83556,0.83561,1.50,1.50
2012.03.16 05:15:47.036,0.83558,0.83563,1.20,1.50
2012.03.16 05:15:47.444,0.83558,0.83566,3.45,4.20
2012.03.16 05:15:47.894,0.83558,0.83563,1.95,1.50
2012.03.16 05:15:48.502,0.83558,0.83562,1.20,1.50
2012.03.16 05:15:49.210,0.83558,0.83564,1.20,1.50
2012.03.16 05:15:49.848,0.83556,0.83562,1.50,1.20
2012.03.16 05:15:50.375,0.83557,0.83562,1.20,1.50
2012.03.16 05:15:51.253,0.83557,0.83565,2.70,2.25
2012.03.16 05:15:51.846,0.83557,0.83563,1.20,1.50
2012.03.16 05:15:52.545,0.83558,0.83564,1.50,1.50
2012.03.16 05:15:53.445,0.83557,0.83563,1.20,1.50
2012.03.16 05:15:55.424,0.83556,0.83563,1.20,1.50
2012.03.16 05:15:55.806,0.83558,0.83564,2.25,1.50
2012.03.16 05:15:57.631,0.83558,0.83564,2.25,1.50
2012.03.16 05:15:58.093,0.8356,0.83566,1.50,2.70
2012.03.16 05:15:58.815,0.83557,0.83564,1.50,1.50
2012.03.16 05:15:59.335,0.83556,0.83564,3.45,1.50
2012.03.16 05:16:03.696,0.83556,0.83564,2.70,3.00
2012.03.16 05:16:03.770,0.83556,0.83561,1.20,1.50
2012.03.16 05:16:03.916,0.83552,0.83558,2.70,1.50
2012.03.16 05:16:06.027,0.83552,0.83557,1.20,1.50
2012.03.16 05:16:06.168,0.83549,0.83557,1.50,1.50
2012.03.16 05:16:08.637,0.83548,0.83554,3.08,1.50
2012.03.16 05:16:10.091,0.83546,0.83552,1.50,1.50
2012.03.16 05:16:10.652,0.83544,0.83553,1.20,2.63
2012.03.16 05:16:11.723,0.83544,0.83553,1.20,2.63
2012.03.16 05:16:11.925,0.83545,0.83553,1.50,2.63
2012.03.16 05:16:12.067,0.83547,0.83556,2.70,1.50
2012.03.16 05:16:12.624,0.83548,0.83557,3.00,1.20
2012.03.16 05:16:15.525,0.83547,0.83557,1.95,7.20
2012.03.16 05:16:15.665,0.83547,0.83556,1.20,1.88
2012.03.16 05:16:16.001,0.83552,0.83557,1.50,1.50
2012.03.16 05:16:16.288,0.83558,0.83566,4.95,2.70
2012.03.16 05:16:16.414,0.8356,0.83566,1.50,1.20
2012.03.16 05:16:16.923,0.8356,0.83566,4.95,1.20
2012.03.16 05:16:17.123,0.8356,0.83568,5.70,1.50
2012.03.16 05:16:17.670,0.8356,0.83568,4.95,1.50
2012.03.16 05:16:18.483,0.8356,0.83568,6.46,1.50
2012.03.16 05:16:19.083,0.8356,0.83568,7.96,1.50
2012.03.16 05:16:19.874,0.83564,0.83568,1.20,1.50
2012.03.16 05:16:20.394,0.83564,0.83569,1.20,1.50
2012.03.16 05:16:22.053,0.83564,0.83572,2.70,3.00
2012.03.16 05:16:22.952,0.83564,0.83572,2.70,1.50
2012.03.16 05:16:25.403,0.83564,0.8357,1.50,1.20
2012.03.16 05:16:25.738,0.83563,0.83569,1.50,2.25
2012.03.16 05:16:26.253,0.83562,0.83568,1.20,1.50
2012.03.16 05:16:26.823,0.8356,0.83568,1.50,3.45
2012.03.16 05:16:27.384,0.83559,0.83565,3.38,1.50
2012.03.16 05:16:28.464,0.83559,0.83565,4.50,1.50
2012.03.16 05:16:28.679,0.83566,0.83572,1.20,5.25
2012.03.16 05:16:28.819,0.83568,0.83574,1.50,2.25
2012.03.16 05:16:29.157,0.83566,0.83572,3.45,1.50
2012.03.16 05:16:31.175,0.83566,0.83572,4.20,1.50
2012.03.16 05:16:31.558,0.83568,0.83574,3.00,1.50
2012.03.16 05:16:32.404,0.83568,0.83574,3.00,1.50
2012.03.16 05:16:32.713,0.8357,0.83576,1.69,2.70
2012.03.16 05:16:33.059,0.83578,0.83584,2.14,1.50
2012.03.16 05:16:33.131,0.83578,0.83586,3.64,1.50
2012.03.16 05:16:33.670,0.83581,0.83587,1.50,1.50
2012.03.16 05:16:33.753,0.83578,0.83586,4.39,1.50
2012.03.16 05:16:33.893,0.83578,0.83583,1.69,2.70
2012.03.16 05:16:34.096,0.83577,0.83583,1.50,2.70
2012.03.16 05:16:34.164,0.83575,0.83581,2.70,1.50
2012.03.16 05:16:34.515,0.83572,0.83577,1.20,1.50
2012.03.16 05:16:40.014,0.83571,0.83577,2.44,1.50
2012.03.16 05:16:40.146,0.83568,0.83575,2.25,1.20
2012.03.16 05:16:40.286,0.83567,0.83573,3.45,1.50
2012.03.16 05:16:40.594,0.83568,0.83575,1.50,1.20
2012.03.16 05:16:41.128,0.83569,0.83576,1.20,1.50
2012.03.16 05:16:41.204,0.83571,0.83577,1.50,1.50
2012.03.16 05:16:50.183,0.83574,0.83581,1.69,1.50
2012.03.16 05:16:50.326,0.83576,0.83584,3.45,1.50
2012.03.16 05:16:50.965,0.8358,0.83586,1.50,3.45
2012.03.16 05:16:51.104,0.83578,0.83584,2.25,1.50
2012.03.16 05:16:51.622,0.83578,0.83584,2.25,1.50
2012.03.16 05:16:56.625,0.83578,0.83584,2.25,1.50
2012.03.16 05:16:56.885,0.83579,0.83587,3.00,2.70
2012.03.16 05:16:57.393,0.83579,0.83587,3.00,2.70
2012.03.16 05:16:57.897,0.83582,0.83587,2.85,3.45
2012.03.16 05:16:58.236,0.8358,0.83587,1.95,2.25
2012.03.16 05:16:58.371,0.83586,0.8359,1.50,2.25
2012.03.16 05:16:58.586,0.83581,0.83588,1.50,1.95
2012.03.16 05:16:59.297,0.8358,0.83587,1.20,3.00
2012.03.16 05:16:59.812,0.8358,0.83587,1.20,3.00
2012.03.16 05:17:00.425,0.8358,0.83585,1.20,1.50
2012.03.16 05:17:03.915,0.83578,0.83585,1.50,1.50
2012.03.16 05:17:04.436,0.83577,0.83585,2.25,3.94
2012.03.16 05:17:07.284,0.83577,0.83585,3.00,1.50
2012.03.16 05:17:07.425,0.8358,0.83585,1.20,1.50
2012.03.16 05:17:07.615,0.8358,0.83587,1.20,3.94
2012.03.16 05:17:13.953,0.83582,0.83587,1.20,2.25
2012.03.16 05:17:14.145,0.83582,0.83589,1.20,1.50
2012.03.16 05:17:14.218,0.83586,0.83591,1.20,2.25
2012.03.16 05:17:14.356,0.83586,0.83592,1.20,1.13
2012.03.16 05:17:15.093,0.83586,0.83592,1.20,1.88
2012.03.16 05:17:22.074,0.8359,0.83594,1.20,2.82
2012.03.16 05:17:22.207,0.8359,0.83594,1.20,1.50
2012.03.16 05:17:26.653,0.83585,0.83593,4.20,1.50
2012.03.16 05:17:26.855,0.83585,0.8359,1.20,1.50
2012.03.16 05:17:30.222,0.83586,0.83592,1.50,1.50
2012.03.16 05:17:30.474,0.8359,0.83595,1.20,1.50
2012.03.16 05:17:30.665,0.8359,0.83594,1.20,1.50
2012.03.16 05:17:33.346,0.8359,0.83596,2.70,1.50
2012.03.16 05:17:40.158,0.8359,0.83594,1.20,1.50
2012.03.16 05:17:41.474,0.8359,0.83597,1.95,1.50
2012.03.16 05:17:42.975,0.8359,0.83597,1.95,1.50
2012.03.16 05:17:44.821,0.8359,0.83597,1.95,1.50
2012.03.16 05:17:47.148,0.83589,0.83594,1.50,1.95
2012.03.16 05:17:47.420,0.83586,0.83592,1.50,1.50
2012.03.16 05:17:47.497,0.83584,0.8359,3.45,1.50
2012.03.16 05:17:48.793,0.83584,0.83588,1.20,1.50
2012.03.16 05:17:50.072,0.83582,0.83588,1.50,1.50
2012.03.16 05:17:57.174,0.83582,0.83588,2.70,2.25
2012.03.16 05:17:57.683,0.83582,0.83586,1.20,2.25
2012.03.16 05:18:00.483,0.8358,0.83586,1.50,2.25
2012.03.16 05:18:00.736,0.83578,0.83584,3.75,1.50
2012.03.16 05:18:01.283,0.83578,0.83584,1.88,1.50
2012.03.16 05:18:01.833,0.83577,0.83582,1.20,1.50
2012.03.16 05:18:03.385,0.83576,0.83582,1.50,1.50
2012.03.16 05:18:03.837,0.83574,0.83581,2.33,2.25
2012.03.16 05:18:04.283,0.83574,0.83581,2.33,1.50
2012.03.16 05:18:04.823,0.83574,0.83581,2.33,2.25
2012.03.16 05:18:05.364,0.83574,0.83581,2.33,1.50
2012.03.16 05:18:06.898,0.83574,0.83581,2.70,1.50
2012.03.16 05:18:08.272,0.83574,0.83581,1.95,1.50
2012.03.16 05:18:10.573,0.83574,0.83581,1.95,1.50
2012.03.16 05:18:10.703,0.83575,0.83583,2.25,2.25
2012.03.16 05:18:12.697,0.83576,0.83583,1.20,2.25
2012.03.16 05:18:13.121,0.83576,0.8358,1.20,1.50
2012.03.16 05:18:15.167,0.83576,0.83582,2.70,1.50
2012.03.16 05:18:15.693,0.83576,0.83581,1.20,1.50
2012.03.16 05:18:17.348,0.8357,0.83575,3.75,1.35
2012.03.16 05:18:17.700,0.83561,0.83568,1.51,1.50
2012.03.16 05:18:17.777,0.83562,0.83568,1.50,3.00
2012.03.16 05:18:17.990,0.8356,0.83566,3.45,1.50
2012.03.16 05:18:18.201,0.83557,0.83562,1.13,1.50
2012.03.16 05:18:18.347,0.83557,0.83562,1.58,1.50
2012.03.16 05:18:18.979,0.83554,0.8356,1.88,1.50
2012.03.16 05:18:19.976,0.83557,0.83563,3.45,2.25
2012.03.16 05:18:20.487,0.83561,0.83566,1.20,8.78
2012.03.16 05:18:20.615,0.83558,0.83564,2.25,2.25
2012.03.16 05:18:20.744,0.83557,0.83562,1.20,1.50
2012.03.16 05:18:23.694,0.83557,0.83565,4.20,12.75
2012.03.16 05:18:23.883,0.83557,0.83562,1.95,1.50
2012.03.16 05:18:45.733,0.83556,0.83562,1.50,2.55
2012.03.16 05:18:45.867,0.83552,0.8356,1.50,2.10
2012.03.16 05:18:46.395,0.83551,0.83558,1.95,3.00
2012.03.16 05:18:48.594,0.83552,0.8356,1.50,1.50
2012.03.16 05:18:48.807,0.83555,0.8356,1.20,1.50
2012.03.16 05:18:49.314,0.8356,0.83565,1.20,4.20
2012.03.16 05:18:49.529,0.83558,0.83565,1.50,4.04
2012.03.16 05:18:49.829,0.83558,0.83564,1.50,1.05
2012.03.16 05:18:49.910,0.83554,0.83562,2.70,3.00
2012.03.16 05:18:50.254,0.83554,0.83559,1.20,1.50
2012.03.16 05:18:50.687,0.83554,0.83562,3.45,2.25
2012.03.16 05:18:50.828,0.8356,0.83564,1.50,1.05
2012.03.16 05:18:50.895,0.83556,0.83562,2.25,1.50
2012.03.16 05:18:51.845,0.83554,0.8356,2.70,1.50
2012.03.16 05:18:53.535,0.83556,0.83562,1.50,2.25
2012.03.16 05:18:54.448,0.83554,0.83561,1.20,1.50
2012.03.16 05:18:54.655,0.83556,0.83561,1.20,1.50
2012.03.16 05:18:56.374,0.83557,0.83563,1.50,2.25
2012.03.16 05:18:56.516,0.8356,0.83565,1.20,3.18
2012.03.16 05:18:57.217,0.8356,0.83564,1.20,1.50
2012.03.16 05:18:57.285,0.8356,0.83566,1.20,2.10
2012.03.16 05:18:57.499,0.83558,0.83564,1.20,1.50
2012.03.16 05:18:57.834,0.83561,0.83567,1.50,2.25
2012.03.16 05:18:59.847,0.83564,0.83569,1.20,1.88
2012.03.16 05:19:00.216,0.83564,0.8357,1.20,2.70
2012.03.16 05:19:00.992,0.83564,0.83571,2.70,1.95
2012.03.16 05:19:01.763,0.83564,0.8357,1.20,1.50
2012.03.16 05:19:02.296,0.83564,0.83571,2.70,2.70
2012.03.16 05:19:02.983,0.83564,0.83571,2.70,1.95
2012.03.16 05:19:03.490,0.83564,0.83569,1.20,1.50
2012.03.16 05:19:04.309,0.83564,0.83568,1.20,1.50
2012.03.16 05:19:05.533,0.8356,0.83568,4.20,1.50
2012.03.16 05:19:08.164,0.83567,0.83571,1.20,1.35
2012.03.16 05:19:08.370,0.83567,0.83573,2.70,3.60
2012.03.16 05:19:08.586,0.83564,0.8357,2.25,1.50
2012.03.16 05:19:08.659,0.83567,0.83573,2.70,2.63
2012.03.16 05:19:08.975,0.83567,0.83571,1.20,1.50
2012.03.16 05:19:11.535,0.83567,0.83574,1.20,2.85
2012.03.16 05:19:12.145,0.8357,0.83574,1.20,1.50
2012.03.16 05:19:12.416,0.83571,0.83577,1.50,1.95
2012.03.16 05:19:12.730,0.83575,0.8358,1.20,3.68
2012.03.16 05:19:13.264,0.83575,0.8358,1.20,1.50
2012.03.16 05:19:18.582,0.83574,0.8358,1.20,2.25
2012.03.16 05:19:19.537,0.83575,0.83581,1.50,2.25
2012.03.16 05:19:21.526,0.83574,0.83579,1.20,1.50
2012.03.16 05:19:24.224,0.83573,0.83579,1.50,1.50
2012.03.16 05:19:24.726,0.83572,0.83578,1.20,1.50
2012.03.16 05:19:25.825,0.8357,0.83576,2.25,1.99
2012.03.16 05:19:26.165,0.83567,0.83573,2.25,1.50
2012.03.16 05:19:26.236,0.83568,0.83576,1.50,2.89
2012.03.16 05:19:26.765,0.83567,0.83575,1.69,1.50
2012.03.16 05:19:29.647,0.83567,0.83575,3.00,1.50
2012.03.16 05:19:29.786,0.83566,0.83572,2.70,1.50
2012.03.16 05:19:30.546,0.83563,0.83571,3.45,1.50
2012.03.16 05:19:32.019,0.83563,0.83569,2.70,1.50
2012.03.16 05:19:32.355,0.8356,0.83566,1.50,1.50
2012.03.16 05:19:33.141,0.83563,0.83569,1.20,3.00
2012.03.16 05:19:33.684,0.8356,0.83567,2.25,4.20
2012.03.16 05:19:33.826,0.83559,0.83567,5.70,4.20
2012.03.16 05:19:35.893,0.83559,0.83567,5.70,4.20
2012.03.16 05:19:36.440,0.83559,0.83565,3.45,1.50
2012.03.16 05:19:36.942,0.83559,0.83565,1.39,1.50
2012.03.16 05:19:38.778,0.83561,0.83565,1.95,1.50
2012.03.16 05:19:39.303,0.83561,0.83566,1.95,1.50
2012.03.16 05:19:40.017,0.83566,0.83573,1.50,2.14
2012.03.16 05:19:40.573,0.83566,0.83573,3.00,1.20
2012.03.16 05:19:41.102,0.83566,0.83573,3.00,1.20
2012.03.16 05:19:43.143,0.83566,0.83573,2.25,1.20
2012.03.16 05:19:47.463,0.83566,0.83573,1.50,2.70
2012.03.16 05:19:47.670,0.83564,0.8357,1.50,1.50
2012.03.16 05:19:48.350,0.83563,0.83568,1.20,1.50
2012.03.16 05:19:54.948,0.8356,0.83566,3.00,1.50
2012.03.16 05:19:55.015,0.83561,0.83566,1.20,1.50
2012.03.16 05:19:58.058,0.83561,0.83566,2.14,1.50
2012.03.16 05:20:00.823,0.83561,0.83566,2.70,1.50
2012.03.16 05:20:09.637,0.83561,0.83569,3.45,3.45
2012.03.16 05:20:12.092,0.83559,0.83569,3.76,3.45
2012.03.16 05:20:12.437,0.83561,0.83569,2.70,4.95
2012.03.16 05:20:12.986,0.83561,0.83569,3.45,4.20
2012.03.16 05:20:15.390,0.83559,0.83567,1.88,1.95
2012.03.16 05:20:15.593,0.83561,0.83567,1.50,1.95
2012.03.16 05:20:15.663,0.83558,0.83564,2.25,1.50
2012.03.16 05:20:15.734,0.8356,0.83566,1.50,2.25
2012.03.16 05:20:17.714,0.83557,0.83563,1.20,1.50
2012.03.16 05:20:17.787,0.83557,0.83563,1.20,3.00
2012.03.16 05:20:17.857,0.83559,0.83564,1.50,1.50
2012.03.16 05:20:17.925,0.83559,0.83565,1.50,2.25
2012.03.16 05:20:18.433,0.83559,0.83565,1.50,3.75
2012.03.16 05:20:19.040,0.83559,0.83565,1.50,3.75
2012.03.16 05:20:19.130,0.83555,0.83562,2.70,2.25
2012.03.16 05:20:19.204,0.83555,0.8356,1.20,1.50
2012.03.16 05:20:19.714,0.83555,0.8356,1.20,2.25
2012.03.16 05:20:24.445,0.83555,0.8356,1.58,1.50
2012.03.16 05:20:25.583,0.83553,0.83559,2.70,1.50
2012.03.16 05:20:27.124,0.83553,0.83559,2.70,2.25
2012.03.16 05:20:27.948,0.83553,0.83558,1.20,2.25
2012.03.16 05:20:28.015,0.8355,0.83557,1.50,1.95
2012.03.16 05:20:28.641,0.83549,0.83556,1.20,1.50
2012.03.16 05:20:34.296,0.83549,0.83556,1.20,3.00
2012.03.16 05:20:34.425,0.83548,0.83553,1.50,1.20
2012.03.16 05:20:34.616,0.83546,0.83553,1.50,1.20
2012.03.16 05:20:34.688,0.83545,0.83551,3.45,1.50
2012.03.16 05:20:37.445,0.83545,0.83549,1.20,2.25
2012.03.16 05:20:37.514,0.83543,0.83549,2.25,2.25
2012.03.16 05:20:37.767,0.83541,0.83547,2.70,1.50
2012.03.16 05:20:38.085,0.83542,0.8355,1.50,2.25
2012.03.16 05:20:38.595,0.83542,0.8355,1.50,3.00
2012.03.16 05:20:42.964,0.83544,0.83549,1.50,1.50
2012.03.16 05:20:43.181,0.83545,0.83551,2.25,2.25
2012.03.16 05:20:43.328,0.83547,0.83552,1.50,1.20
2012.03.16 05:20:44.973,0.83548,0.83553,1.20,1.50
2012.03.16 05:20:45.103,0.83548,0.83556,2.70,4.20
2012.03.16 05:20:49.392,0.83548,0.83555,1.50,1.20
2012.03.16 05:20:50.933,0.83548,0.83556,1.50,3.00
2012.03.16 05:20:51.473,0.83548,0.83556,3.75,1.50
2012.03.16 05:20:53.144,0.8355,0.83556,1.50,1.20
2012.03.16 05:20:57.223,0.8355,0.83558,1.50,3.45
2012.03.16 05:21:00.045,0.8355,0.83558,3.00,3.45
2012.03.16 05:21:00.435,0.83554,0.83558,1.50,1.20
2012.03.16 05:21:00.695,0.83554,0.83561,1.50,1.50
2012.03.16 05:21:01.437,0.83554,0.83561,1.50,1.50
2012.03.16 05:21:01.973,0.83553,0.83559,1.50,1.50
2012.03.16 05:21:02.117,0.83553,0.83557,1.50,1.20
2012.03.16 05:21:02.597,0.8355,0.83557,1.88,1.95
2012.03.16 05:21:02.856,0.8355,0.83554,1.50,1.20
2012.03.16 05:21:03.823,0.83549,0.83558,2.25,1.50
2012.03.16 05:21:03.902,0.83551,0.83559,2.25,4.50
2012.03.16 05:21:04.474,0.83551,0.83555,2.25,1.20
2012.03.16 05:21:04.735,0.83549,0.83555,2.25,1.20
2012.03.16 05:21:17.282,0.83548,0.83554,2.25,1.50
2012.03.16 05:21:20.951,0.83546,0.83552,2.63,1.50
2012.03.16 05:21:25.604,0.83547,0.83554,2.63,1.20
2012.03.16 05:21:26.295,0.83547,0.83552,1.13,1.50
2012.03.16 05:21:26.948,0.83546,0.83552,1.50,1.50
2012.03.16 05:21:29.065,0.83541,0.83549,2.63,1.50
2012.03.16 05:21:32.263,0.83541,0.83549,4.50,1.50
2012.03.16 05:21:32.469,0.83545,0.83552,1.50,1.80
2012.03.16 05:21:32.654,0.83542,0.8355,2.63,1.50
2012.03.16 05:21:33.162,0.83542,0.8355,2.25,1.50
2012.03.16 05:21:33.878,0.83542,0.8355,3.00,1.50
2012.03.16 05:21:34.196,0.83546,0.83552,1.50,1.50
2012.03.16 05:21:36.336,0.83548,0.83553,1.50,1.20
2012.03.16 05:21:37.038,0.83546,0.83552,1.50,1.50
2012.03.16 05:21:37.755,0.83548,0.83553,1.50,1.20
2012.03.16 05:21:40.363,0.83548,0.83554,1.50,1.50
2012.03.16 05:21:45.227,0.83546,0.83552,1.50,1.50
2012.03.16 05:21:49.511,0.83544,0.8355,2.25,1.50
2012.03.16 05:22:02.994,0.83544,0.83548,1.50,1.20
2012.03.16 05:22:03.130,0.83541,0.83548,2.25,1.20
2012.03.16 05:22:09.083,0.83541,0.83549,2.70,2.25
2012.03.16 05:22:09.405,0.83543,0.83551,1.50,1.50
2012.03.16 05:22:15.625,0.83546,0.83552,1.50,2.70
2012.03.16 05:22:21.803,0.83542,0.83548,1.50,3.00
2012.03.16 05:22:24.783,0.83544,0.83548,1.20,3.00
2012.03.16 05:22:28.693,0.83542,0.83548,1.50,3.45
2012.03.16 05:22:34.622,0.83542,0.83547,1.50,1.20
2012.03.16 05:22:34.944,0.83539,0.83547,2.25,3.45
2012.03.16 05:22:35.748,0.83539,0.83547,1.50,4.58
2012.03.16 05:22:35.889,0.83538,0.83544,3.45,1.50
2012.03.16 05:22:36.208,0.83534,0.83541,1.50,1.50
2012.03.16 05:22:36.335,0.83533,0.83539,2.70,2.25
2012.03.16 05:22:36.914,0.83535,0.83541,1.50,2.25
2012.03.16 05:22:40.303,0.83533,0.83539,2.70,1.50
2012.03.16 05:22:42.334,0.83534,0.83542,1.50,5.70
2012.03.16 05:22:45.915,0.83534,0.83542,1.50,4.20
2012.03.16 05:22:46.353,0.83533,0.83539,2.70,1.50
2012.03.16 05:22:52.514,0.83534,0.83539,2.26,1.50
2012.03.16 05:22:52.586,0.83534,0.83542,3.76,3.45
2012.03.16 05:22:53.030,0.83533,0.8354,1.20,1.50
2012.03.16 05:22:54.116,0.83534,0.83542,1.50,2.70
2012.03.16 05:22:58.216,0.83537,0.83542,1.50,1.20
2012.03.16 05:22:58.285,0.83539,0.83545,1.20,1.50
2012.03.16 05:22:59.054,0.83539,0.83547,2.70,2.25
2012.03.16 05:23:01.277,0.83539,0.83547,2.70,5.25
2012.03.16 05:23:01.626,0.83536,0.83542,4.95,1.50
2012.03.16 05:23:02.133,0.83536,0.83542,2.70,1.50
2012.03.16 05:23:03.344,0.83536,0.83542,3.45,1.50
2012.03.16 05:23:03.608,0.83537,0.83545,2.25,1.50
2012.03.16 05:23:04.037,0.83539,0.83547,2.70,3.00
2012.03.16 05:23:04.165,0.83539,0.83543,1.20,1.50
2012.03.16 05:23:04.234,0.83539,0.83545,2.70,1.50
2012.03.16 05:23:04.583,0.83537,0.83543,1.50,2.25
2012.03.16 05:23:04.734,0.83535,0.83541,2.71,1.50
2012.03.16 05:23:04.952,0.83537,0.83543,1.50,2.25
2012.03.16 05:23:05.168,0.83535,0.83542,1.20,1.50
2012.03.16 05:23:05.598,0.83535,0.83541,1.20,1.50
2012.03.16 05:23:06.499,0.83535,0.8354,1.39,1.50
2012.03.16 05:23:07.084,0.83535,0.83539,1.20,1.50
2012.03.16 05:23:07.945,0.83536,0.8354,1.20,2.25
2012.03.16 05:23:08.406,0.83536,0.83542,3.45,2.25
2012.03.16 05:23:08.915,0.83536,0.83542,2.25,1.50
2012.03.16 05:23:09.105,0.83536,0.83545,1.58,3.75
2012.03.16 05:23:10.158,0.83536,0.83542,2.33,1.50
2012.03.16 05:23:10.800,0.83536,0.83542,2.25,1.50
2012.03.16 05:23:14.653,0.83537,0.83542,1.20,1.50
2012.03.16 05:23:33.034,0.83538,0.83542,1.20,1.50
2012.03.16 05:23:36.795,0.83537,0.83542,1.20,1.50
2012.03.16 05:23:36.867,0.83536,0.83542,1.50,2.25
2012.03.16 05:23:39.225,0.83535,0.83544,1.88,3.30
2012.03.16 05:23:39.626,0.8354,0.83545,1.20,1.50
2012.03.16 05:23:40.197,0.8354,0.83547,1.20,2.25
2012.03.16 05:23:51.273,0.83541,0.83547,1.20,2.25
2012.03.16 05:24:00.636,0.83538,0.83544,2.25,1.50
2012.03.16 05:24:02.906,0.83538,0.83544,2.25,1.50
2012.03.16 05:24:03.414,0.83537,0.83543,1.20,1.50
2012.03.16 05:24:04.496,0.83537,0.83543,1.20,2.25
2012.03.16 05:24:04.568,0.83534,0.8354,2.70,1.50
2012.03.16 05:24:05.345,0.83534,0.83539,1.20,1.50
2012.03.16 05:24:12.563,0.83532,0.83539,1.20,1.50
2012.03.16 05:24:34.872,0.83533,0.83539,1.20,2.25
2012.03.16 05:24:35.384,0.83534,0.8354,1.50,1.50
2012.03.16 05:24:45.465,0.83534,0.8354,3.45,1.50
2012.03.16 05:24:53.744,0.83534,0.8354,3.45,1.50
2012.03.16 05:25:04.001,0.83533,0.83541,2.25,2.25
2012.03.16 05:25:09.275,0.83533,0.83541,2.25,2.25
2012.03.16 05:25:10.465,0.83532,0.83539,1.13,1.50
2012.03.16 05:25:10.986,0.83533,0.83541,2.25,3.75
2012.03.16 05:25:12.584,0.83533,0.83541,1.50,4.50
2012.03.16 05:25:13.238,0.83532,0.83538,1.50,1.50
2012.03.16 05:25:13.315,0.83534,0.8354,1.50,2.25
2012.03.16 05:25:33.765,0.83534,0.83539,1.50,1.20
2012.03.16 05:25:33.960,0.83531,0.83539,3.08,3.45
2012.03.16 05:25:51.074,0.83531,0.83538,1.50,1.20
2012.03.16 05:25:51.633,0.8353,0.83537,1.95,1.50
2012.03.16 05:26:00.573,0.8353,0.83537,1.20,3.00
2012.03.16 05:26:01.085,0.83527,0.83535,2.25,2.25
2012.03.16 05:26:01.155,0.83527,0.83534,2.25,1.95
2012.03.16 05:26:01.684,0.83526,0.83532,2.70,1.50
2012.03.16 05:26:02.232,0.83526,0.83532,2.70,3.00
2012.03.16 05:26:02.495,0.83523,0.83531,2.70,4.20
2012.03.16 05:26:08.013,0.83523,0.83531,3.45,4.20
2012.03.16 05:26:08.763,0.83523,0.83531,2.70,4.20
2012.03.16 05:26:15.783,0.83523,0.83531,2.70,4.20
2012.03.16 05:26:16.534,0.83523,0.83531,2.70,3.45
2012.03.16 05:26:19.725,0.83523,0.83531,2.70,4.20
2012.03.16 05:26:20.798,0.83524,0.83531,1.20,3.00
2012.03.16 05:26:22.069,0.83524,0.83531,1.20,1.50
2012.03.16 05:26:22.207,0.83525,0.83532,2.25,1.20
2012.03.16 05:26:22.724,0.83526,0.83533,1.95,2.25
2012.03.16 05:26:23.275,0.83526,0.83533,1.95,3.00
2012.03.16 05:26:23.796,0.83526,0.83533,1.20,3.00
2012.03.16 05:26:27.215,0.83526,0.83533,1.20,3.00
2012.03.16 05:26:32.244,0.83525,0.83531,2.25,1.20
2012.03.16 05:26:32.518,0.83524,0.8353,1.50,1.50
2012.03.16 05:26:36.377,0.83519,0.83526,2.25,2.25
2012.03.16 05:26:36.657,0.83518,0.83523,1.13,1.50
2012.03.16 05:26:37.214,0.83518,0.83523,1.88,1.95
2012.03.16 05:26:41.094,0.83518,0.83523,2.25,1.20
2012.03.16 05:26:41.680,0.83518,0.83523,1.50,1.20
2012.03.16 05:26:44.388,0.83518,0.83525,1.50,1.20
2012.03.16 05:26:45.768,0.83518,0.83525,1.50,3.45
2012.03.16 05:26:46.114,0.83515,0.83521,2.70,1.50
2012.03.16 05:26:47.377,0.83515,0.83522,1.50,2.70
2012.03.16 05:26:47.897,0.83516,0.83522,1.50,3.75
2012.03.16 05:26:51.253,0.83516,0.83522,2.25,3.00
2012.03.16 05:26:52.042,0.83517,0.83522,1.20,3.00
2012.03.16 05:26:54.403,0.83516,0.83521,1.20,2.25
2012.03.16 05:26:54.932,0.83516,0.83521,1.20,3.00
2012.03.16 05:26:55.795,0.83516,0.83521,1.20,3.00
2012.03.16 05:26:56.698,0.83514,0.83521,1.20,3.00
2012.03.16 05:26:58.774,0.83514,0.83521,1.20,3.00
2012.03.16 05:27:01.913,0.83513,0.83521,3.45,3.00
2012.03.16 05:27:03.104,0.83513,0.83521,3.45,3.00
2012.03.16 05:27:03.673,0.83513,0.83521,3.45,3.00
2012.03.16 05:27:04.188,0.83513,0.83521,3.45,2.25
2012.03.16 05:27:06.286,0.83513,0.83521,3.45,2.25
2012.03.16 05:27:06.985,0.83515,0.83521,1.20,2.25
2012.03.16 05:27:08.723,0.83515,0.83521,1.20,2.25
2012.03.16 05:27:10.986,0.83513,0.83521,2.70,2.25
2012.03.16 05:27:12.873,0.83515,0.83521,1.20,2.25
2012.03.16 05:27:14.735,0.83515,0.83521,1.95,2.25
2012.03.16 05:27:15.015,0.83518,0.83523,2.25,1.13
2012.03.16 05:27:15.656,0.83518,0.83524,2.25,2.25
2012.03.16 05:27:16.224,0.83518,0.83524,2.25,2.25
2012.03.16 05:27:16.775,0.83518,0.83524,2.25,1.50
2012.03.16 05:27:17.336,0.83518,0.83524,2.25,1.50
2012.03.16 05:27:18.264,0.83518,0.83524,2.25,1.50
2012.03.16 05:27:18.814,0.83518,0.83524,2.25,1.50
2012.03.16 05:27:21.524,0.83518,0.83524,1.50,1.50
2012.03.16 05:27:26.255,0.83518,0.83524,3.45,1.50
2012.03.16 05:27:26.805,0.83518,0.83524,3.45,1.50
2012.03.16 05:27:39.516,0.83517,0.83524,1.13,3.75
2012.03.16 05:27:39.728,0.83517,0.83523,1.20,1.50
2012.03.16 05:27:40.274,0.83518,0.83524,1.50,1.50
2012.03.16 05:27:42.738,0.83518,0.83524,2.25,1.50
2012.03.16 05:27:43.276,0.83518,0.83524,1.50,1.50
2012.03.16 05:27:44.686,0.8352,0.83524,1.20,1.50
2012.03.16 05:27:50.682,0.83518,0.83524,2.70,1.50
2012.03.16 05:28:02.920,0.83519,0.83524,1.20,1.50
2012.03.16 05:28:08.506,0.83518,0.83524,2.70,1.50
2012.03.16 05:28:14.495,0.83519,0.83524,1.20,1.50
2012.03.16 05:28:20.333,0.83518,0.83524,2.25,1.50
2012.03.16 05:28:22.094,0.83518,0.83524,2.25,1.50
2012.03.16 05:28:28.715,0.83518,0.83524,1.50,2.70
2012.03.16 05:28:28.848,0.83516,0.83522,3.45,1.50
2012.03.16 05:28:29.354,0.83516,0.83523,1.20,1.50
2012.03.16 05:28:33.619,0.83518,0.83524,1.50,2.70
2012.03.16 05:28:41.986,0.83518,0.83524,1.50,2.25
2012.03.16 05:28:42.589,0.83517,0.83523,1.20,3.00
2012.03.16 05:28:45.266,0.83517,0.83523,1.20,3.00
2012.03.16 05:28:45.657,0.83515,0.8352,1.20,1.50
2012.03.16 05:28:45.977,0.83516,0.83522,1.50,1.50
2012.03.16 05:28:46.513,0.83515,0.83521,1.20,1.50
2012.03.16 05:28:47.908,0.83517,0.83523,1.50,2.70
2012.03.16 05:28:48.468,0.83515,0.83521,3.08,1.50
2012.03.16 05:28:48.985,0.83515,0.83521,2.70,2.25
2012.03.16 05:28:49.565,0.83515,0.83521,2.70,1.50
2012.03.16 05:29:05.506,0.83516,0.83521,1.20,1.50
2012.03.16 05:29:05.577,0.83516,0.83524,3.45,2.70
2012.03.16 05:29:06.255,0.83516,0.83524,3.45,2.70
2012.03.16 05:29:08.253,0.83516,0.83524,4.95,3.45
2012.03.16 05:29:08.768,0.83516,0.83524,2.70,4.20
2012.03.16 05:29:09.925,0.83516,0.83524,2.70,4.20
2012.03.16 05:29:12.157,0.83519,0.83524,1.20,2.25
2012.03.16 05:29:12.510,0.83522,0.83527,1.50,2.25
2012.03.16 05:29:12.636,0.83518,0.83524,3.00,2.70
2012.03.16 05:29:28.400,0.83518,0.83524,3.45,1.50
2012.03.16 05:29:35.504,0.83518,0.83524,3.45,1.50
2012.03.16 05:29:40.307,0.83518,0.83524,2.70,1.50
2012.03.16 05:29:48.486,0.83518,0.83524,2.25,1.50
2012.03.16 05:29:49.001,0.83519,0.83525,2.25,1.20
2012.03.16 05:29:49.405,0.83521,0.83527,1.20,1.50
2012.03.16 05:30:00.266,0.83521,0.83529,3.45,2.25
2012.03.16 05:30:00.788,0.83521,0.83529,3.46,2.25
2012.03.16 05:30:01.057,0.83524,0.8353,1.50,1.88
2012.03.16 05:30:08.467,0.83527,0.83533,1.20,3.38
2012.03.16 05:30:08.608,0.83528,0.83534,1.50,2.25
2012.03.16 05:30:08.806,0.8353,0.83535,1.50,1.58
2012.03.16 05:30:12.867,0.83527,0.83535,4.20,3.45
2012.03.16 05:30:13.386,0.83527,0.83535,2.70,2.70
2012.03.16 05:30:20.273,0.83527,0.83532,1.50,1.20
2012.03.16 05:30:20.658,0.83524,0.8353,1.50,1.50
2012.03.16 05:30:21.718,0.83524,0.8353,2.44,1.50
2012.03.16 05:30:21.801,0.83527,0.83535,2.70,3.45
2012.03.16 05:30:29.945,0.83526,0.83533,1.20,1.50
2012.03.16 05:30:30.915,0.83525,0.8353,1.50,1.20
2012.03.16 05:30:31.046,0.83523,0.8353,1.50,1.20
2012.03.16 05:30:31.370,0.83522,0.83528,1.50,1.50
2012.03.16 05:30:31.938,0.83525,0.83531,1.20,2.25
2012.03.16 05:30:32.207,0.83525,0.83532,1.20,1.50
2012.03.16 05:30:32.716,0.83526,0.83533,1.50,1.95
2012.03.16 05:30:34.070,0.83531,0.83535,1.20,1.50
2012.03.16 05:30:34.208,0.83529,0.83535,2.25,1.95
2012.03.16 05:30:39.098,0.83527,0.83535,2.70,3.45
2012.03.16 05:30:39.652,0.83527,0.83535,3.45,1.50
2012.03.16 05:30:39.727,0.8353,0.83536,1.50,2.25
2012.03.16 05:30:40.067,0.83528,0.83534,1.50,1.50
2012.03.16 05:30:45.008,0.83528,0.83534,2.25,1.50
2012.03.16 05:30:46.017,0.83528,0.83534,1.50,1.50
2012.03.16 05:30:47.737,0.83528,0.83534,1.50,3.00
2012.03.16 05:30:47.867,0.83525,0.83533,3.08,3.45
2012.03.16 05:30:49.995,0.83525,0.83533,2.70,4.20
2012.03.16 05:30:50.516,0.83525,0.83531,1.20,1.50
2012.03.16 05:30:54.527,0.83523,0.83531,3.83,2.70
2012.03.16 05:30:58.950,0.83523,0.83531,2.70,4.20
2012.03.16 05:30:59.607,0.83522,0.83527,1.50,1.20
2012.03.16 05:30:59.682,0.8352,0.83526,1.50,1.50
2012.03.16 05:31:00.996,0.8352,0.83526,1.50,2.25
2012.03.16 05:31:01.559,0.83519,0.83524,1.20,1.50
2012.03.16 05:31:03.057,0.83519,0.83527,2.70,3.45
2012.03.16 05:31:04.036,0.83521,0.83527,1.50,1.20
2012.03.16 05:31:04.484,0.83521,0.83529,2.70,3.45
2012.03.16 05:31:05.086,0.83521,0.83529,2.70,3.45
2012.03.16 05:31:11.999,0.83526,0.8353,1.20,3.98
2012.03.16 05:31:12.271,0.83527,0.83535,1.50,2.25
2012.03.16 05:31:12.541,0.83532,0.83537,1.20,2.25
2012.03.16 05:31:13.319,0.83534,0.83542,2.25,3.45
2012.03.16 05:31:14.037,0.83534,0.83542,3.00,2.70
2012.03.16 05:31:14.536,0.83534,0.83542,3.00,2.70
2012.03.16 05:31:16.980,0.83534,0.83542,2.63,2.70
2012.03.16 05:31:19.169,0.83536,0.83543,2.86,1.95
2012.03.16 05:31:19.259,0.83542,0.83546,1.95,1.50
2012.03.16 05:31:19.397,0.83542,0.83548,1.95,1.50
2012.03.16 05:31:20.548,0.83543,0.83549,1.50,1.50
2012.03.16 05:31:22.774,0.83543,0.83549,1.50,2.25
2012.03.16 05:31:23.514,0.83543,0.83549,1.50,1.50
2012.03.16 05:31:23.738,0.83545,0.83549,1.20,1.50
2012.03.16 05:31:24.025,0.83546,0.83552,1.50,1.50
2012.03.16 05:31:28.167,0.83546,0.83552,1.50,2.25
2012.03.16 05:31:28.580,0.83545,0.83551,1.20,2.25
2012.03.16 05:31:28.722,0.83543,0.8355,1.50,1.95
2012.03.16 05:31:29.695,0.83542,0.83549,1.20,3.00
2012.03.16 05:31:29.799,0.83543,0.8355,1.50,2.70
2012.03.16 05:31:30.210,0.83543,0.8355,1.50,2.85
2012.03.16 05:31:30.749,0.83542,0.83548,1.20,1.50
2012.03.16 05:31:30.958,0.83542,0.83548,1.20,2.25
2012.03.16 05:31:31.900,0.83542,0.83548,1.20,3.00
2012.03.16 05:31:32.811,0.83542,0.83548,1.20,2.25
2012.03.16 05:31:33.290,0.83542,0.83548,1.20,3.00
2012.03.16 05:31:34.835,0.8354,0.83546,1.50,1.95
2012.03.16 05:31:34.908,0.83538,0.83546,2.70,3.45
2012.03.16 05:31:45.462,0.83538,0.83546,3.64,1.50
2012.03.16 05:31:46.684,0.83538,0.83546,3.64,1.50
2012.03.16 05:31:50.209,0.83541,0.83547,1.50,2.25
2012.03.16 05:31:55.061,0.83545,0.8355,1.20,2.25
2012.03.16 05:31:55.336,0.83545,0.83552,1.20,2.55
2012.03.16 05:31:55.875,0.83545,0.83552,1.20,2.55
2012.03.16 05:31:57.986,0.83545,0.83552,1.20,1.80
2012.03.16 05:31:58.495,0.83545,0.83552,1.20,1.80
2012.03.16 05:31:59.499,0.83547,0.83552,1.20,1.50
2012.03.16 05:31:59.580,0.83548,0.83554,1.50,1.50
2012.03.16 05:32:01.691,0.8355,0.83555,1.50,1.13
2012.03.16 05:32:01.762,0.8355,0.83556,1.50,2.25
2012.03.16 05:32:02.343,0.83547,0.83552,1.20,1.50
2012.03.16 05:32:04.071,0.83551,0.83558,1.20,1.88
2012.03.16 05:32:04.217,0.83551,0.83556,1.20,1.50
2012.03.16 05:32:04.289,0.83551,0.83559,2.70,4.20
2012.03.16 05:32:05.505,0.83553,0.83559,1.50,1.20
2012.03.16 05:32:05.586,0.83551,0.83559,2.70,3.45
2012.03.16 05:32:06.087,0.83551,0.83559,2.70,3.45
2012.03.16 05:32:07.328,0.83551,0.83555,1.50,1.20
2012.03.16 05:32:07.813,0.83549,0.83555,1.20,3.94
2012.03.16 05:32:08.559,0.83547,0.83552,1.50,1.20
2012.03.16 05:32:08.911,0.83539,0.83545,3.64,1.50
2012.03.16 05:32:09.456,0.8354,0.83544,1.20,1.50
2012.03.16 05:32:10.011,0.83539,0.83544,1.20,1.50
2012.03.16 05:32:10.082,0.83539,0.83546,1.20,1.50
2012.03.16 05:32:12.698,0.83539,0.83544,1.20,1.50
2012.03.16 05:32:13.210,0.83536,0.83543,2.25,1.20
2012.03.16 05:32:13.760,0.83535,0.83542,1.20,1.50
2012.03.16 05:32:15.396,0.83535,0.8354,1.20,1.50
2012.03.16 05:32:17.407,0.83535,0.83541,1.20,2.25
2012.03.16 05:32:18.228,0.83535,0.83542,1.20,1.50
2012.03.16 05:32:18.557,0.83533,0.83541,1.20,2.14
2012.03.16 05:32:20.201,0.83533,0.83541,1.20,1.95
2012.03.16 05:32:20.539,0.83537,0.83542,1.20,1.50
2012.03.16 05:32:20.810,0.83537,0.83545,1.20,1.95
2012.03.16 05:32:21.786,0.83537,0.83545,1.20,3.45
2012.03.16 05:32:22.337,0.83537,0.83545,1.20,2.70
2012.03.16 05:32:24.596,0.83537,0.83545,1.20,3.45
2012.03.16 05:32:29.986,0.83537,0.83545,1.20,2.70
2012.03.16 05:32:30.063,0.83537,0.83543,1.20,1.50
2012.03.16 05:32:30.391,0.83537,0.83543,3.08,1.50
2012.03.16 05:32:30.458,0.83538,0.83545,2.25,1.20
2012.03.16 05:32:31.917,0.83539,0.83546,1.95,1.50
2012.03.16 05:32:32.127,0.83541,0.83547,1.50,1.50
2012.03.16 05:32:32.447,0.83539,0.83545,3.45,1.50
2012.03.16 05:32:32.765,0.83541,0.83547,2.25,1.50
2012.03.16 05:32:34.464,0.83542,0.83549,1.50,1.20
2012.03.16 05:32:34.836,0.83544,0.8355,1.20,1.50
2012.03.16 05:32:35.419,0.83545,0.83551,1.50,1.50
2012.03.16 05:32:38.588,0.83546,0.83554,1.50,2.70
2012.03.16 05:32:38.660,0.83548,0.83554,1.20,1.50
2012.03.16 05:32:40.458,0.83549,0.83555,1.50,1.50
2012.03.16 05:32:45.100,0.83549,0.83555,1.50,4.95
2012.03.16 05:32:45.597,0.83545,0.83553,2.70,1.50
2012.03.16 05:32:45.928,0.83547,0.83555,1.50,2.70
2012.03.16 05:32:47.591,0.83547,0.83555,2.25,2.70
2012.03.16 05:32:48.126,0.83547,0.83555,1.50,3.45
2012.03.16 05:32:49.696,0.83547,0.83555,1.50,3.45
2012.03.16 05:32:49.766,0.83545,0.83553,3.08,1.50
2012.03.16 05:32:56.078,0.83547,0.83555,2.25,4.20
2012.03.16 05:32:56.636,0.83546,0.83554,3.45,1.50
2012.03.16 05:32:58.616,0.83551,0.83556,1.20,2.25
2012.03.16 05:32:58.758,0.83547,0.83554,2.33,1.50
2012.03.16 05:32:59.477,0.83547,0.83553,3.08,1.50
2012.03.16 05:33:00.247,0.83547,0.83553,3.45,1.50
2012.03.16 05:33:00.319,0.8355,0.83555,1.20,2.25
2012.03.16 05:33:00.386,0.83549,0.83555,1.50,1.50
2012.03.16 05:33:00.730,0.83551,0.83557,1.50,2.70
2012.03.16 05:33:00.798,0.83548,0.83556,1.50,1.50
2012.03.16 05:33:00.869,0.83547,0.83554,1.20,1.50
2012.03.16 05:33:01.777,0.83547,0.83554,1.95,1.50
2012.03.16 05:33:01.988,0.83551,0.83559,2.70,2.55
2012.03.16 05:33:02.119,0.83551,0.83555,1.20,1.50
2012.03.16 05:33:02.259,0.83549,0.83555,1.50,1.50
2012.03.16 05:33:02.538,0.83547,0.83553,2.70,1.50
2012.03.16 05:33:03.130,0.83551,0.83556,1.20,1.50
2012.03.16 05:33:03.268,0.83552,0.83558,1.50,1.80
2012.03.16 05:33:03.748,0.83549,0.83557,2.70,3.45
2012.03.16 05:33:04.242,0.83549,0.83554,1.20,1.50
2012.03.16 05:33:04.577,0.83552,0.83558,1.20,3.00
2012.03.16 05:33:04.889,0.83548,0.83552,1.95,1.50
2012.03.16 05:33:05.673,0.83548,0.83556,2.33,1.95
2012.03.16 05:33:05.752,0.83551,0.83557,2.70,2.25
2012.03.16 05:33:06.041,0.83549,0.83555,2.25,1.50
2012.03.16 05:33:06.437,0.83547,0.83554,1.20,1.50
2012.03.16 05:33:11.566,0.83546,0.83554,1.50,3.45
2012.03.16 05:33:11.816,0.83544,0.83552,2.70,1.50
2012.03.16 05:33:21.904,0.83544,0.83552,4.95,2.25
2012.03.16 05:33:22.259,0.8355,0.83555,1.50,1.20
2012.03.16 05:33:22.327,0.83546,0.83554,3.38,1.50
2012.03.16 05:33:22.402,0.83546,0.83554,1.88,2.25
2012.03.16 05:33:22.548,0.83544,0.83552,5.70,1.50
2012.03.16 05:33:22.821,0.83544,0.83552,2.70,1.80
2012.03.16 05:33:23.337,0.83544,0.83552,2.70,2.55
2012.03.16 05:33:24.947,0.83544,0.8355,1.20,1.50
2012.03.16 05:33:45.478,0.83546,0.83554,1.50,3.83
2012.03.16 05:33:47.694,0.83545,0.83551,1.50,1.50
2012.03.16 05:33:50.427,0.83545,0.83549,1.50,1.20
2012.03.16 05:33:50.618,0.83542,0.83549,1.50,1.20
2012.03.16 05:33:50.878,0.83541,0.83547,2.70,1.50
2012.03.16 05:33:54.647,0.83544,0.8355,1.20,1.50
2012.03.16 05:33:54.719,0.83544,0.83551,1.20,2.25
2012.03.16 05:33:54.861,0.83546,0.83552,1.50,2.25
2012.03.16 05:33:55.396,0.83546,0.83552,1.50,1.50
2012.03.16 05:34:01.875,0.83546,0.8355,1.20,1.50
2012.03.16 05:34:02.988,0.83546,0.83552,2.70,1.50
2012.03.16 05:34:12.806,0.83546,0.83552,4.20,1.50
2012.03.16 05:34:13.018,0.83548,0.83554,1.50,4.95
2012.03.16 05:34:13.087,0.83548,0.83554,1.50,4.95
2012.03.16 05:34:13.227,0.83546,0.83552,2.70,2.25
2012.03.16 05:34:16.251,0.83549,0.83554,1.20,1.50
2012.03.16 05:34:16.457,0.83549,0.83556,2.70,3.00
2012.03.16 05:34:17.155,0.83547,0.83555,1.50,3.83
2012.03.16 05:34:17.236,0.83545,0.83553,2.70,1.50
2012.03.16 05:34:27.041,0.83547,0.83555,1.50,2.70
2012.03.16 05:34:38.871,0.83547,0.83555,2.70,3.45
2012.03.16 05:34:39.222,0.83547,0.83552,2.70,1.50
2012.03.16 05:34:39.784,0.83547,0.83553,1.20,1.50
2012.03.16 05:34:45.194,0.83545,0.83553,2.70,2.70
2012.03.16 05:34:45.977,0.83545,0.83551,1.20,1.50
2012.03.16 05:34:52.549,0.83543,0.83551,1.50,2.25
2012.03.16 05:34:55.866,0.83545,0.83552,1.50,1.20
2012.03.16 05:35:05.204,0.83545,0.83552,2.70,1.13
2012.03.16 05:35:08.138,0.83545,0.83553,2.70,4.20
2012.03.16 05:35:12.804,0.83545,0.83553,2.70,4.20
2012.03.16 05:35:13.510,0.83545,0.83553,2.70,3.45
2012.03.16 05:35:14.051,0.83545,0.83553,2.70,4.20
2012.03.16 05:35:14.796,0.83545,0.83553,2.70,4.20
2012.03.16 05:35:25.248,0.83545,0.83553,3.45,2.70
2012.03.16 05:35:25.376,0.8355,0.83555,1.50,1.13
2012.03.16 05:35:25.519,0.83546,0.83553,1.50,1.20
2012.03.16 05:35:26.625,0.83546,0.83553,1.50,3.45
2012.03.16 05:35:27.243,0.83545,0.83552,1.20,2.25
2012.03.16 05:35:42.858,0.83545,0.83552,1.20,2.55
2012.03.16 05:35:43.198,0.83543,0.8355,1.20,1.50
2012.03.16 05:35:44.037,0.83542,0.83549,1.50,1.20
2012.03.16 05:35:44.166,0.8354,0.83548,2.25,1.50
2012.03.16 05:35:44.240,0.83545,0.83551,1.20,2.25
2012.03.16 05:35:44.443,0.83545,0.83553,2.70,3.38
2012.03.16 05:35:44.730,0.83547,0.83554,1.50,1.13
2012.03.16 05:35:48.786,0.83547,0.83555,2.25,4.95
2012.03.16 05:35:48.916,0.83549,0.83557,2.70,3.00
2012.03.16 05:35:49.376,0.83548,0.83554,1.50,1.50
2012.03.16 05:35:50.784,0.83548,0.83553,1.50,1.13
2012.03.16 05:35:51.315,0.83547,0.83553,1.20,2.25
2012.03.16 05:35:55.450,0.83549,0.83553,1.20,2.25
2012.03.16 05:35:55.518,0.83549,0.83555,2.70,3.00
2012.03.16 05:35:55.589,0.83551,0.83556,1.50,2.25
2012.03.16 05:35:55.718,0.83549,0.83556,1.20,3.75
2012.03.16 05:35:55.977,0.83547,0.83553,2.25,1.50
2012.03.16 05:35:56.486,0.83547,0.83553,1.50,1.50
2012.03.16 05:35:58.688,0.83547,0.83553,2.25,1.50
2012.03.16 05:35:59.099,0.83552,0.83557,1.50,4.50
2012.03.16 05:35:59.226,0.83547,0.83553,1.50,2.25
2012.03.16 05:35:59.737,0.83547,0.83553,1.50,3.00
2012.03.16 05:36:00.617,0.83545,0.83551,2.70,1.50
2012.03.16 05:36:01.867,0.83546,0.83551,2.25,1.50
2012.03.16 05:36:02.149,0.8355,0.83556,2.70,1.50
2012.03.16 05:36:02.559,0.83545,0.83553,2.71,1.20
2012.03.16 05:36:02.701,0.83548,0.83553,1.50,1.20
2012.03.16 05:36:02.827,0.83545,0.83553,2.70,2.70
2012.03.16 05:36:04.746,0.83545,0.83553,2.70,3.45
2012.03.16 05:36:05.339,0.83548,0.83553,1.20,2.25
2012.03.16 05:36:05.547,0.83549,0.83557,1.50,1.50
2012.03.16 05:36:05.619,0.83549,0.83555,1.50,1.20
2012.03.16 05:36:05.688,0.83547,0.83555,2.63,2.70
2012.03.16 05:36:06.009,0.83547,0.83555,1.50,3.45
2012.03.16 05:36:06.536,0.83546,0.83552,1.50,1.50
2012.03.16 05:36:07.723,0.83545,0.8355,1.20,1.50
2012.03.16 05:36:13.985,0.83548,0.83554,1.20,2.25
2012.03.16 05:36:14.058,0.83548,0.83555,1.20,3.75
2012.03.16 05:36:14.128,0.83547,0.83555,1.50,4.20
2012.03.16 05:36:14.198,0.83549,0.83555,1.50,2.70
2012.03.16 05:36:14.525,0.83546,0.83552,1.50,2.25
2012.03.16 05:36:15.036,0.83546,0.83552,1.50,2.25
2012.03.16 05:36:21.925,0.83546,0.83552,1.50,1.50
2012.03.16 05:36:33.209,0.83544,0.8355,1.50,1.50
2012.03.16 05:36:35.836,0.83546,0.83552,1.50,2.25
2012.03.16 05:36:46.839,0.83546,0.8355,1.50,1.20
2012.03.16 05:36:46.967,0.83542,0.8355,1.50,2.70
2012.03.16 05:36:47.167,0.83541,0.83547,1.88,1.50
2012.03.16 05:36:48.376,0.83543,0.83549,1.50,1.50
2012.03.16 05:36:48.686,0.83545,0.83549,1.20,1.50
2012.03.16 05:36:48.816,0.83545,0.83551,2.70,2.25
2012.03.16 05:37:11.236,0.83545,0.83549,1.20,1.50
2012.03.16 05:37:14.397,0.83543,0.83549,1.50,2.70
2012.03.16 05:37:14.467,0.83541,0.83548,1.13,1.50
2012.03.16 05:37:18.276,0.83543,0.8355,1.20,2.25
2012.03.16 05:37:22.607,0.83545,0.83551,1.50,1.50
2012.03.16 05:37:27.149,0.83543,0.8355,1.20,1.50
2012.03.16 05:37:32.994,0.83542,0.8355,2.70,1.50
2012.03.16 05:37:36.522,0.83542,0.83548,1.20,1.50
2012.03.16 05:37:38.589,0.83541,0.83548,1.20,1.50
2012.03.16 05:37:41.836,0.83543,0.83549,1.50,2.70
2012.03.16 05:38:15.718,0.83541,0.83548,1.95,1.50
2012.03.16 05:38:20.836,0.83541,0.83545,1.20,1.50
2012.03.16 05:38:20.966,0.83541,0.83549,2.70,3.08
2012.03.16 05:38:23.956,0.83541,0.83549,2.70,4.58
2012.03.16 05:38:24.101,0.8354,0.83546,1.50,1.50
2012.03.16 05:38:24.906,0.83541,0.83547,1.50,1.20
2012.03.16 05:38:27.586,0.8354,0.83546,1.50,1.50
2012.03.16 05:38:28.226,0.83541,0.83547,1.50,1.20
2012.03.16 05:38:30.861,0.8354,0.83546,1.20,1.50
2012.03.16 05:38:35.695,0.8354,0.83546,1.20,3.00
2012.03.16 05:38:36.237,0.83538,0.83545,1.50,1.50
2012.03.16 05:38:36.497,0.83536,0.83543,1.20,1.50
2012.03.16 05:38:36.889,0.83538,0.83544,1.50,3.00
2012.03.16 05:38:37.206,0.83536,0.83542,2.70,1.50
2012.03.16 05:38:37.774,0.83537,0.83545,1.50,1.88
2012.03.16 05:38:37.920,0.83539,0.83546,1.50,1.20
2012.03.16 05:38:39.096,0.83539,0.83546,1.50,2.70
2012.03.16 05:38:39.616,0.83538,0.83544,1.50,1.50
2012.03.16 05:38:44.709,0.83538,0.83544,1.50,3.45
2012.03.16 05:38:44.777,0.83536,0.83542,2.70,3.00
2012.03.16 05:38:45.049,0.83536,0.8354,1.20,1.50
2012.03.16 05:38:47.617,0.83536,0.83544,1.95,2.70
2012.03.16 05:38:48.120,0.83537,0.83543,1.50,1.50
2012.03.16 05:38:48.878,0.83539,0.83543,1.20,1.50
2012.03.16 05:38:48.948,0.8354,0.83546,1.50,2.25
2012.03.16 05:38:49.472,0.83541,0.83547,1.50,1.95
2012.03.16 05:38:50.336,0.83539,0.83547,2.70,2.70
2012.03.16 05:38:50.525,0.83539,0.83545,1.20,1.50
2012.03.16 05:38:51.710,0.83539,0.83545,1.20,2.63
2012.03.16 05:38:51.778,0.83537,0.83544,1.50,1.88
2012.03.16 05:38:51.849,0.83536,0.83541,1.20,1.50
2012.03.16 05:38:52.515,0.83536,0.8354,1.20,1.50
2012.03.16 05:38:52.594,0.83532,0.8354,2.89,1.50
2012.03.16 05:38:55.599,0.83535,0.83542,1.20,2.25
2012.03.16 05:38:56.153,0.83535,0.83542,1.58,1.50
2012.03.16 05:38:56.686,0.83535,0.83541,2.70,1.50
2012.03.16 05:38:57.035,0.83538,0.83545,1.20,1.80
2012.03.16 05:38:58.957,0.83538,0.83545,1.20,1.80
2012.03.16 05:38:59.517,0.83538,0.83544,1.20,3.00
2012.03.16 05:39:00.038,0.83535,0.83542,2.70,1.50
2012.03.16 05:39:00.575,0.83535,0.83542,1.20,1.50
2012.03.16 05:39:01.477,0.83535,0.83542,2.70,1.50
2012.03.16 05:39:01.756,0.83535,0.83541,3.08,1.50
2012.03.16 05:39:43.668,0.83535,0.83541,3.45,2.25
2012.03.16 05:39:43.799,0.83539,0.83543,1.20,1.50
2012.03.16 05:39:43.937,0.83537,0.83544,1.50,1.95
2012.03.16 05:39:44.519,0.83536,0.83542,2.70,2.25
2012.03.16 05:39:49.108,0.83537,0.83543,1.13,1.13
2012.03.16 05:39:49.378,0.83542,0.83548,1.20,3.00
2012.03.16 05:39:49.517,0.83539,0.83545,2.25,1.50
2012.03.16 05:39:49.886,0.83539,0.83545,1.50,1.88
2012.03.16 05:39:50.387,0.83539,0.83545,1.50,2.63
2012.03.16 05:39:52.486,0.83537,0.83544,1.20,2.25
2012.03.16 05:39:58.617,0.83536,0.83544,2.70,3.45
2012.03.16 05:39:58.868,0.83536,0.83542,1.20,1.50
2012.03.16 05:40:04.773,0.83534,0.83542,2.70,1.50
2012.03.16 05:40:15.549,0.83534,0.83542,2.70,3.38
2012.03.16 05:40:15.817,0.83534,0.83539,1.20,1.50
2012.03.16 05:40:16.378,0.83533,0.83539,1.50,1.50
2012.03.16 05:40:16.521,0.8353,0.83538,3.08,2.25
2012.03.16 05:40:16.658,0.8353,0.83535,1.20,1.50
2012.03.16 05:40:17.527,0.83532,0.8354,1.88,2.70
2012.03.16 05:40:17.743,0.83537,0.83543,2.70,2.25
2012.03.16 05:40:17.889,0.83534,0.8354,2.25,1.50
2012.03.16 05:40:17.957,0.83534,0.8354,1.50,1.50
2012.03.16 05:40:18.600,0.83532,0.83539,1.20,1.50
2012.03.16 05:40:18.926,0.8353,0.83536,3.08,1.50
2012.03.16 05:40:20.806,0.8353,0.83536,2.70,1.50
2012.03.16 05:40:42.310,0.83531,0.83539,1.50,2.25
2012.03.16 05:40:42.714,0.8353,0.83536,2.70,1.50
2012.03.16 05:40:46.688,0.8353,0.83534,1.20,1.50
2012.03.16 05:40:46.830,0.83528,0.83534,1.50,1.50
2012.03.16 05:40:47.706,0.83528,0.83534,2.25,1.50
2012.03.16 05:40:48.347,0.83528,0.83534,1.88,1.50
2012.03.16 05:40:49.388,0.83528,0.83534,2.63,1.50
2012.03.16 05:40:49.530,0.83529,0.83537,2.25,2.70
2012.03.16 05:40:49.986,0.83528,0.83534,1.50,1.50
2012.03.16 05:40:51.737,0.83528,0.83534,2.25,1.50
2012.03.16 05:40:52.170,0.8353,0.83536,1.50,1.50
2012.03.16 05:40:52.918,0.83529,0.83534,1.20,1.50
2012.03.16 05:40:55.569,0.83528,0.83534,2.25,1.50
2012.03.16 05:40:55.848,0.83525,0.83533,2.70,1.50
2012.03.16 05:40:56.118,0.83527,0.83535,1.50,2.70
2012.03.16 05:40:56.937,0.83527,0.83535,3.00,2.70
2012.03.16 05:40:57.329,0.83529,0.83535,2.25,1.20
2012.03.16 05:40:57.850,0.83529,0.83535,1.50,1.20
2012.03.16 05:40:58.327,0.83525,0.83533,3.08,1.50
2012.03.16 05:40:59.567,0.83525,0.83533,3.08,1.50
2012.03.16 05:41:06.310,0.83523,0.83531,2.25,1.50
2012.03.16 05:41:06.648,0.83522,0.83528,2.70,1.50
2012.03.16 05:41:22.468,0.83522,0.83527,1.50,1.20
2012.03.16 05:41:22.656,0.8352,0.83526,1.50,1.50
2012.03.16 05:41:37.375,0.83521,0.83526,1.20,1.50
2012.03.16 05:41:38.619,0.8352,0.83525,1.88,1.20
2012.03.16 05:41:39.148,0.8352,0.83526,1.50,1.50
2012.03.16 05:41:45.711,0.83521,0.83528,1.50,1.95
2012.03.16 05:41:54.108,0.83521,0.83529,2.70,2.70
2012.03.16 05:41:56.828,0.83521,0.83528,2.70,1.50
2012.03.16 05:41:56.900,0.83521,0.83526,1.20,1.50
2012.03.16 05:42:01.226,0.8352,0.83526,1.50,1.50
2012.03.16 05:42:16.955,0.8352,0.83526,1.50,3.00
2012.03.16 05:42:19.365,0.8352,0.83526,1.50,2.25
2012.03.16 05:42:34.755,0.83521,0.83526,1.20,1.50
2012.03.16 05:42:38.783,0.8352,0.83526,1.50,1.50
2012.03.16 05:42:40.016,0.83518,0.83525,1.58,1.50
2012.03.16 05:42:40.357,0.83516,0.83522,1.50,1.50
2012.03.16 05:42:41.507,0.83514,0.83521,1.20,1.50
2012.03.16 05:42:44.336,0.83513,0.83521,2.70,2.25
2012.03.16 05:42:47.861,0.83513,0.83521,1.50,3.00
2012.03.16 05:42:48.348,0.83511,0.83519,3.45,1.50
2012.03.16 05:42:54.187,0.83511,0.83519,1.50,4.80
2012.03.16 05:42:54.887,0.83511,0.83519,1.50,4.95
2012.03.16 05:42:55.685,0.83509,0.83517,4.20,1.50
2012.03.16 05:42:56.227,0.83509,0.83517,4.95,1.50
2012.03.16 05:42:56.770,0.83509,0.83517,4.20,1.50
2012.03.16 05:42:57.322,0.83509,0.83517,4.20,2.25
2012.03.16 05:42:58.205,0.83509,0.83517,4.20,2.25
2012.03.16 05:42:58.745,0.83509,0.83517,3.45,2.25
2012.03.16 05:43:01.665,0.83509,0.83517,2.70,1.50
2012.03.16 05:43:02.473,0.83509,0.83517,3.45,2.25
2012.03.16 05:43:04.538,0.83509,0.83517,3.83,1.50
2012.03.16 05:43:05.162,0.83509,0.83517,3.08,1.50
2012.03.16 05:43:12.837,0.83508,0.83515,1.13,1.50
2012.03.16 05:43:13.311,0.83507,0.83515,1.50,2.25
2012.03.16 05:43:13.379,0.83505,0.83513,2.70,1.50
2012.03.16 05:43:17.177,0.83505,0.83512,1.50,1.50
2012.03.16 05:43:17.864,0.83505,0.83512,1.50,3.00
2012.03.16 05:43:18.480,0.83505,0.83512,1.50,1.50
2012.03.16 05:43:24.987,0.83504,0.8351,1.50,1.50
2012.03.16 05:43:25.537,0.83502,0.83508,1.50,1.50
2012.03.16 05:43:27.486,0.83499,0.83506,1.13,1.50
2012.03.16 05:43:30.365,0.83499,0.83506,1.80,1.50
2012.03.16 05:43:30.940,0.83501,0.83507,1.80,1.50
2012.03.16 05:43:32.791,0.83501,0.83507,2.25,1.50
2012.03.16 05:43:33.296,0.83501,0.83507,1.50,1.50
2012.03.16 05:43:49.367,0.83501,0.83509,3.45,1.20
2012.03.16 05:43:49.557,0.83504,0.83509,1.95,1.20
2012.03.16 05:43:49.687,0.83501,0.83509,2.70,3.45
2012.03.16 05:43:51.516,0.83504,0.83509,1.50,1.95
2012.03.16 05:43:51.657,0.83501,0.83509,2.25,3.45
2012.03.16 05:43:51.786,0.83501,0.83509,1.80,2.70
2012.03.16 05:43:52.287,0.83502,0.83508,1.50,1.50
2012.03.16 05:44:04.961,0.83503,0.83509,1.50,1.95
2012.03.16 05:44:13.803,0.83503,0.83511,1.50,4.80
2012.03.16 05:44:15.906,0.83502,0.83508,1.50,1.50
2012.03.16 05:44:22.116,0.83502,0.83508,1.50,3.00
2012.03.16 05:44:24.957,0.83502,0.83507,1.50,1.50
2012.03.16 05:44:25.161,0.83499,0.83506,2.70,1.50
2012.03.16 05:44:25.716,0.83499,0.83505,1.50,1.50
2012.03.16 05:44:28.286,0.83499,0.83506,1.50,2.25
2012.03.16 05:44:28.357,0.83499,0.83505,2.10,1.50
2012.03.16 05:44:29.030,0.83499,0.83506,1.50,2.52
2012.03.16 05:44:29.278,0.83499,0.83505,1.50,1.77
2012.03.16 05:44:29.796,0.83498,0.83503,1.50,3.45
2012.03.16 05:44:29.868,0.83496,0.83502,1.50,1.50
2012.03.16 05:44:30.466,0.83496,0.83502,1.50,3.00
2012.03.16 05:44:30.846,0.83494,0.835,1.80,1.50
2012.03.16 05:44:39.729,0.83494,0.835,1.50,3.00
2012.03.16 05:44:39.801,0.83491,0.83497,3.00,1.20
2012.03.16 05:44:40.189,0.83487,0.83493,2.25,1.20
2012.03.16 05:44:40.262,0.83488,0.83493,2.25,1.20
2012.03.16 05:44:40.812,0.83485,0.83493,1.50,3.45
2012.03.16 05:44:41.460,0.83486,0.83492,1.50,1.50
2012.03.16 05:44:42.608,0.83487,0.83494,1.50,3.00
2012.03.16 05:44:42.679,0.83485,0.83492,1.20,3.00
2012.03.16 05:44:43.019,0.8348,0.83485,2.29,1.20
2012.03.16 05:44:43.090,0.83482,0.83486,1.50,1.50
2012.03.16 05:44:43.158,0.83479,0.83485,1.50,4.20
2012.03.16 05:44:43.298,0.83476,0.83484,1.50,1.50
2012.03.16 05:44:44.781,0.83475,0.83482,1.95,1.50
2012.03.16 05:44:45.129,0.83472,0.8348,1.50,6.75
2012.03.16 05:44:45.711,0.83472,0.8348,1.50,9.00
2012.03.16 05:44:46.687,0.83472,0.8348,1.51,8.25
2012.03.16 05:44:47.031,0.83472,0.8348,1.50,7.50
2012.03.16 05:44:47.943,0.83471,0.83478,2.70,1.50
2012.03.16 05:44:50.208,0.83474,0.83478,1.20,2.25
2012.03.16 05:44:50.417,0.83474,0.83481,1.50,4.20
2012.03.16 05:44:50.726,0.83474,0.83481,2.25,1.20
2012.03.16 05:44:51.247,0.83474,0.83481,2.26,1.20
2012.03.16 05:44:51.615,0.83474,0.83481,1.50,1.20
2012.03.16 05:44:52.167,0.83473,0.8348,1.95,1.50
2012.03.16 05:44:52.769,0.83472,0.83479,1.50,1.20
2012.03.16 05:44:52.837,0.83471,0.83477,2.26,1.50
2012.03.16 05:44:54.330,0.83469,0.83475,3.30,1.50
2012.03.16 05:44:55.229,0.83469,0.83475,3.45,1.50
2012.03.16 05:44:55.933,0.83469,0.83475,3.45,1.50
2012.03.16 05:44:57.128,0.83469,0.83475,4.20,1.50
2012.03.16 05:44:58.370,0.83469,0.83475,2.25,1.50
2012.03.16 05:44:59.809,0.83469,0.83476,2.25,1.20
2012.03.16 05:45:00.328,0.8347,0.83476,2.25,1.20
2012.03.16 05:45:01.990,0.8347,0.83476,3.00,1.20
2012.03.16 05:45:02.537,0.8347,0.83476,2.25,1.20
2012.03.16 05:45:04.225,0.8347,0.83475,1.88,1.20
2012.03.16 05:45:05.439,0.8347,0.83478,2.25,4.20
2012.03.16 05:45:09.407,0.8347,0.83478,2.25,4.20
2012.03.16 05:45:11.808,0.8347,0.83477,2.25,1.20
2012.03.16 05:45:13.765,0.8347,0.83478,2.25,2.25
2012.03.16 05:45:14.895,0.8347,0.83478,3.00,2.25
2012.03.16 05:45:15.208,0.83474,0.83478,1.20,1.50
2012.03.16 05:45:15.620,0.83474,0.8348,1.21,1.50
2012.03.16 05:45:15.688,0.83477,0.83482,1.50,1.20
2012.03.16 05:45:16.230,0.83477,0.83482,2.25,1.20
2012.03.16 05:45:16.885,0.83477,0.83482,1.50,1.58
2012.03.16 05:45:16.963,0.83474,0.83482,2.70,3.08
2012.03.16 05:45:17.687,0.83474,0.83481,2.70,1.50
2012.03.16 05:45:17.818,0.83474,0.83481,2.70,1.50
2012.03.16 05:45:17.890,0.83472,0.83478,1.50,2.25
2012.03.16 05:45:18.434,0.83472,0.83477,1.50,1.20
2012.03.16 05:45:18.512,0.83469,0.83477,1.50,3.45
2012.03.16 05:45:18.921,0.83467,0.83475,5.55,1.50
2012.03.16 05:45:19.437,0.83467,0.83475,4.05,1.50
2012.03.16 05:45:20.258,0.83467,0.83475,3.45,1.50
2012.03.16 05:45:20.949,0.83467,0.83475,3.45,1.50
2012.03.16 05:45:22.332,0.83467,0.83473,1.20,1.50
2012.03.16 05:45:22.758,0.83467,0.83475,2.70,3.00
2012.03.16 05:45:23.271,0.8347,0.83476,1.50,2.25
2012.03.16 05:45:23.799,0.8347,0.83476,1.50,2.25
2012.03.16 05:45:29.138,0.8347,0.83476,3.76,1.50
2012.03.16 05:45:29.764,0.83472,0.83477,1.50,1.95
2012.03.16 05:45:30.268,0.83472,0.83478,2.25,3.00
2012.03.16 05:45:30.903,0.83472,0.83478,2.25,3.00
2012.03.16 05:45:31.869,0.83474,0.8348,1.50,1.50
2012.03.16 05:45:32.007,0.83476,0.83481,1.50,1.20
2012.03.16 05:45:32.890,0.83476,0.83481,1.50,2.70
2012.03.16 05:45:32.961,0.83473,0.83481,1.69,4.20
2012.03.16 05:45:34.279,0.83471,0.83479,4.50,2.25
2012.03.16 05:45:36.981,0.83471,0.83478,2.55,1.20
2012.03.16 05:45:37.438,0.83471,0.83478,2.56,1.95
2012.03.16 05:45:37.958,0.83471,0.83478,2.55,1.95
2012.03.16 05:45:38.507,0.8347,0.83477,1.20,3.00
2012.03.16 05:45:38.720,0.83467,0.83474,3.45,1.50
2012.03.16 05:45:38.919,0.83467,0.83474,1.95,1.50
2012.03.16 05:45:39.288,0.83469,0.83475,1.50,1.50
2012.03.16 05:45:43.756,0.83467,0.83473,2.70,1.50
2012.03.16 05:45:52.647,0.83468,0.83473,1.20,1.50
2012.03.16 05:45:58.408,0.83469,0.83475,1.50,1.50
2012.03.16 05:46:11.916,0.83468,0.83473,1.20,1.50
2012.03.16 05:46:37.207,0.83469,0.83475,1.50,1.50
2012.03.16 05:46:54.059,0.83469,0.83475,2.25,1.50
2012.03.16 05:46:55.299,0.83469,0.83475,2.25,1.50
2012.03.16 05:46:56.166,0.83469,0.83475,2.26,1.50
2012.03.16 05:46:58.067,0.83469,0.83475,2.26,1.50
2012.03.16 05:46:58.696,0.83469,0.83475,3.01,1.50
2012.03.16 05:47:03.179,0.83469,0.83475,2.26,1.50
2012.03.16 05:47:04.298,0.83469,0.83475,2.25,1.50
2012.03.16 05:47:12.357,0.83469,0.83475,3.00,1.50
2012.03.16 05:47:13.006,0.83469,0.83475,2.25,1.50
2012.03.16 05:47:13.436,0.83469,0.83475,2.25,1.50
2012.03.16 05:47:14.956,0.83469,0.83475,1.50,1.50
2012.03.16 05:47:16.306,0.83469,0.83475,3.45,1.50
2012.03.16 05:47:16.838,0.83469,0.83475,2.70,1.50
2012.03.16 05:47:17.576,0.83469,0.83475,3.45,1.50
2012.03.16 05:47:18.257,0.83469,0.83475,4.21,1.50
2012.03.16 05:47:23.033,0.83469,0.83475,4.20,1.50
2012.03.16 05:47:23.906,0.83469,0.83475,3.45,1.50
2012.03.16 05:47:24.700,0.8347,0.83475,1.20,1.50
2012.03.16 05:47:24.947,0.83471,0.83477,2.25,1.50
2012.03.16 05:47:25.479,0.83473,0.8348,1.20,4.50
2012.03.16 05:47:25.727,0.83473,0.8348,1.20,2.25
2012.03.16 05:47:27.308,0.83473,0.8348,1.95,3.00
2012.03.16 05:47:27.867,0.83473,0.8348,1.95,3.00
2012.03.16 05:47:28.497,0.83473,0.8348,1.95,3.00
2012.03.16 05:47:30.567,0.83473,0.8348,1.95,2.25
2012.03.16 05:47:31.077,0.83473,0.8348,1.95,2.25
2012.03.16 05:47:34.669,0.83473,0.8348,1.20,2.25
2012.03.16 05:47:35.201,0.83472,0.8348,1.50,3.45
2012.03.16 05:47:38.105,0.83472,0.8348,1.50,3.45
2012.03.16 05:47:44.340,0.83472,0.8348,2.70,3.45
2012.03.16 05:47:49.402,0.83473,0.8348,1.20,2.63
2012.03.16 05:47:50.168,0.83473,0.8348,1.20,2.63
2012.03.16 05:47:52.896,0.83473,0.8348,1.20,1.88
2012.03.16 05:47:57.262,0.83472,0.8348,2.70,2.70
2012.03.16 05:47:57.701,0.83472,0.83478,1.20,1.50
2012.03.16 05:48:05.608,0.83472,0.8348,2.70,2.70
2012.03.16 05:48:08.108,0.83472,0.8348,2.70,3.45
2012.03.16 05:48:09.027,0.83472,0.8348,2.70,3.45
2012.03.16 05:48:10.117,0.83472,0.8348,1.50,3.45
2012.03.16 05:48:10.677,0.83472,0.8348,1.50,4.20
2012.03.16 05:48:12.750,0.83472,0.8348,1.50,4.20
2012.03.16 05:48:16.276,0.83472,0.8348,1.50,3.45
2012.03.16 05:48:26.598,0.83472,0.8348,1.50,2.25
2012.03.16 05:48:27.139,0.83472,0.8348,2.25,2.25
2012.03.16 05:48:27.679,0.83472,0.8348,2.25,2.25
2012.03.16 05:48:28.517,0.83472,0.8348,2.25,2.25
2012.03.16 05:48:35.468,0.83473,0.8348,1.20,2.25
2012.03.16 05:48:36.006,0.83473,0.8348,1.20,2.25
2012.03.16 05:48:39.566,0.83473,0.8348,1.20,2.25
2012.03.16 05:48:46.406,0.83474,0.8348,1.20,2.25
2012.03.16 05:48:54.282,0.83472,0.8348,2.70,3.45
2012.03.16 05:48:54.982,0.83475,0.8348,1.20,1.50
2012.03.16 05:48:55.612,0.83475,0.83479,1.20,1.50
2012.03.16 05:49:00.806,0.83473,0.83479,1.50,2.25
2012.03.16 05:49:01.118,0.83471,0.83477,4.35,1.50
2012.03.16 05:49:01.773,0.83471,0.83477,4.35,1.50
2012.03.16 05:49:01.847,0.83473,0.83479,1.50,1.50
2012.03.16 05:49:09.857,0.83474,0.83479,1.20,2.25
2012.03.16 05:49:23.418,0.83475,0.83481,1.50,1.50
2012.03.16 05:49:24.728,0.83478,0.83483,1.95,1.50
2012.03.16 05:49:28.186,0.83478,0.83483,1.95,1.50
2012.03.16 05:49:28.820,0.83478,0.83483,1.95,1.50
2012.03.16 05:49:29.307,0.83479,0.83485,1.50,1.50
2012.03.16 05:49:29.868,0.83478,0.83483,1.20,1.50
2012.03.16 05:49:35.689,0.83478,0.83486,3.45,2.70
2012.03.16 05:49:35.938,0.83478,0.83484,1.95,1.50
2012.03.16 05:49:42.180,0.83476,0.83483,1.50,1.95
2012.03.16 05:49:42.715,0.83475,0.83482,1.95,2.25
2012.03.16 05:49:45.719,0.83477,0.83482,1.20,1.50
2012.03.16 05:49:45.789,0.83477,0.83484,1.20,2.63
2012.03.16 05:49:45.918,0.83478,0.83486,1.50,1.50
2012.03.16 05:49:52.378,0.83478,0.83485,2.70,1.50
2012.03.16 05:49:55.537,0.83478,0.83483,2.70,1.50
2012.03.16 05:49:57.433,0.83478,0.83484,2.70,1.50
2012.03.16 05:49:57.978,0.83478,0.83485,2.70,1.50
2012.03.16 05:50:00.428,0.83478,0.83486,2.70,4.20
2012.03.16 05:50:00.680,0.83481,0.83489,2.70,3.75
2012.03.16 05:50:01.198,0.83481,0.83489,2.70,3.00
2012.03.16 05:50:02.697,0.83481,0.83489,2.70,3.00
2012.03.16 05:50:02.980,0.83481,0.83489,2.70,2.25
2012.03.16 05:50:04.465,0.83481,0.83489,2.70,3.00
2012.03.16 05:50:04.709,0.83481,0.83487,2.70,1.50
2012.03.16 05:50:05.137,0.83481,0.83489,2.70,2.25
2012.03.16 05:50:06.754,0.83481,0.83488,1.50,1.50
2012.03.16 05:50:07.266,0.83481,0.83489,1.50,3.00
2012.03.16 05:50:07.604,0.83486,0.83494,1.20,2.25
2012.03.16 05:50:07.825,0.83489,0.83495,1.50,2.63
2012.03.16 05:50:08.607,0.83486,0.83493,1.95,3.00
2012.03.16 05:50:08.693,0.83486,0.83492,1.20,1.50
2012.03.16 05:50:09.030,0.83488,0.83494,1.50,3.00
2012.03.16 05:50:09.552,0.83488,0.83494,1.50,3.00
2012.03.16 05:50:10.059,0.83486,0.83494,1.95,3.00
2012.03.16 05:50:11.233,0.83488,0.83494,1.50,2.25
2012.03.16 05:50:12.687,0.83488,0.83494,1.50,3.00
2012.03.16 05:50:13.021,0.83486,0.83492,2.70,1.50
2012.03.16 05:50:14.852,0.8349,0.83495,1.20,2.25
2012.03.16 05:50:15.300,0.83488,0.83495,2.70,1.50
2012.03.16 05:50:16.411,0.83486,0.83494,1.50,2.25
2012.03.16 05:50:16.618,0.83485,0.83492,1.50,1.50
2012.03.16 05:50:16.818,0.83488,0.83494,1.20,3.00
2012.03.16 05:50:16.960,0.83488,0.83494,1.20,2.25
2012.03.16 05:50:17.030,0.83488,0.83494,2.70,1.50
2012.03.16 05:50:18.191,0.83488,0.83495,2.70,1.50
2012.03.16 05:50:19.099,0.83488,0.83494,2.70,1.50
2012.03.16 05:50:20.641,0.83488,0.83494,1.20,3.00
2012.03.16 05:50:24.492,0.83488,0.83494,1.20,3.00
2012.03.16 05:50:25.176,0.83488,0.83493,1.20,1.50
2012.03.16 05:50:25.700,0.83488,0.83496,3.45,3.45
2012.03.16 05:50:26.201,0.83492,0.83496,1.35,2.70
2012.03.16 05:50:26.462,0.83497,0.83502,1.50,2.25
2012.03.16 05:50:26.531,0.83495,0.83502,1.20,3.60
2012.03.16 05:50:26.670,0.83495,0.83501,1.20,3.75
2012.03.16 05:50:27.187,0.83496,0.83502,1.50,3.00
2012.03.16 05:50:27.712,0.83496,0.83502,1.50,1.50
2012.03.16 05:50:28.960,0.83495,0.83501,1.20,1.50
2012.03.16 05:50:29.155,0.83501,0.83505,1.20,1.50
2012.03.16 05:50:29.298,0.83501,0.83505,1.20,2.25
2012.03.16 05:50:29.835,0.83501,0.83507,1.20,3.42
2012.03.16 05:50:30.371,0.83501,0.83507,1.20,4.13
2012.03.16 05:50:33.689,0.83499,0.83505,1.50,1.95
2012.03.16 05:50:35.157,0.83497,0.83505,3.45,3.45
2012.03.16 05:50:37.007,0.83497,0.83505,2.25,2.25
2012.03.16 05:50:37.580,0.835,0.83505,1.50,2.25
2012.03.16 05:50:37.645,0.83507,0.83513,1.50,2.25
2012.03.16 05:50:38.157,0.83507,0.83513,1.50,2.25
2012.03.16 05:50:38.678,0.83507,0.83513,1.50,2.25
2012.03.16 05:50:39.648,0.83507,0.83513,1.50,2.25
2012.03.16 05:50:41.460,0.83507,0.83513,1.50,2.25
2012.03.16 05:50:41.528,0.83504,0.83512,2.70,2.25
2012.03.16 05:50:44.388,0.83504,0.83512,1.50,4.20
2012.03.16 05:50:44.908,0.83504,0.83512,1.50,4.20
2012.03.16 05:50:45.041,0.83504,0.83511,1.50,1.05
2012.03.16 05:50:45.250,0.83502,0.8351,3.45,1.50
2012.03.16 05:50:45.379,0.83502,0.83508,1.50,1.20
2012.03.16 05:50:45.709,0.83501,0.83507,1.50,2.25
2012.03.16 05:50:47.907,0.83501,0.83507,1.50,2.25
2012.03.16 05:50:50.058,0.83501,0.83507,1.50,2.25
2012.03.16 05:50:52.667,0.83501,0.83507,1.50,3.00
2012.03.16 05:50:53.403,0.83501,0.83507,1.50,3.00
2012.03.16 05:50:53.741,0.83505,0.83511,1.50,1.50
2012.03.16 05:50:54.248,0.83506,0.83512,1.50,1.20
2012.03.16 05:50:59.258,0.83506,0.83513,1.50,1.58
2012.03.16 05:50:59.711,0.83509,0.83515,1.50,1.95
2012.03.16 05:50:59.979,0.83507,0.83515,1.50,3.45
2012.03.16 05:51:00.828,0.83506,0.83512,2.25,1.50
2012.03.16 05:51:01.592,0.83506,0.83512,3.75,2.63
2012.03.16 05:51:01.721,0.83509,0.83515,1.50,3.45
2012.03.16 05:51:02.292,0.8351,0.83515,1.20,2.25
2012.03.16 05:51:06.388,0.8351,0.83518,2.70,3.45
2012.03.16 05:51:06.739,0.83513,0.8352,1.50,1.50
2012.03.16 05:51:06.808,0.83513,0.83521,1.50,3.42
2012.03.16 05:51:07.342,0.83513,0.83521,2.63,1.50
2012.03.16 05:51:07.468,0.83515,0.83523,2.70,2.25
2012.03.16 05:51:07.780,0.83517,0.83525,2.25,5.25
2012.03.16 05:51:08.288,0.83517,0.83525,1.50,4.50
2012.03.16 05:51:08.846,0.83517,0.83525,1.50,4.50
2012.03.16 05:51:09.368,0.83517,0.83525,2.25,3.45
2012.03.16 05:51:10.267,0.83518,0.83525,1.50,1.95
2012.03.16 05:51:10.343,0.83516,0.83524,3.00,1.50
2012.03.16 05:51:10.861,0.83519,0.83524,1.20,1.50
2012.03.16 05:51:11.002,0.83517,0.83524,2.70,1.50
2012.03.16 05:51:11.069,0.8352,0.83525,1.50,1.20
2012.03.16 05:51:11.378,0.83517,0.83523,2.70,1.50
2012.03.16 05:51:11.449,0.83517,0.83521,1.50,1.20
2012.03.16 05:51:11.583,0.83514,0.83521,2.25,1.20
2012.03.16 05:51:11.652,0.83513,0.83517,1.50,1.20
2012.03.16 05:51:12.120,0.83509,0.83517,2.70,2.70
2012.03.16 05:51:17.240,0.83511,0.83517,1.20,1.50
2012.03.16 05:51:17.438,0.83511,0.83519,2.70,1.50
2012.03.16 05:51:18.502,0.83514,0.8352,1.50,1.50
2012.03.16 05:51:18.850,0.83521,0.83526,1.50,1.58
2012.03.16 05:51:25.126,0.83521,0.83527,2.70,1.50
2012.03.16 05:51:29.021,0.83521,0.83526,2.70,2.10
2012.03.16 05:51:29.231,0.83516,0.83523,1.69,1.20
2012.03.16 05:51:29.373,0.83514,0.83521,1.50,1.95
2012.03.16 05:51:29.731,0.83509,0.83515,1.50,1.50
2012.03.16 05:51:30.229,0.83509,0.83513,1.50,1.20
2012.03.16 05:51:30.431,0.83505,0.83513,1.50,3.45
2012.03.16 05:51:32.747,0.83507,0.83513,1.50,1.20
2012.03.16 05:51:34.709,0.83509,0.83516,1.50,2.89
2012.03.16 05:51:35.050,0.83512,0.83516,1.50,1.20
2012.03.16 05:51:35.941,0.83512,0.83518,1.50,1.50
2012.03.16 05:51:36.771,0.83512,0.83517,1.50,1.20
2012.03.16 05:51:36.916,0.83507,0.83517,4.95,1.20
2012.03.16 05:51:37.060,0.8351,0.8352,1.20,3.64
2012.03.16 05:51:37.516,0.83512,0.8352,1.50,3.64
2012.03.16 05:51:45.197,0.83512,0.8352,2.25,1.50
2012.03.16 05:51:45.531,0.83514,0.83521,1.50,1.95
2012.03.16 05:51:49.949,0.83515,0.83522,1.20,1.50
2012.03.16 05:51:50.289,0.83517,0.83523,1.50,2.70
2012.03.16 05:51:50.798,0.83518,0.83523,1.50,1.20
2012.03.16 05:51:51.239,0.83516,0.83523,1.50,1.20
2012.03.16 05:51:56.913,0.83516,0.83524,4.95,2.70
2012.03.16 05:51:56.981,0.8352,0.83527,1.20,3.00
2012.03.16 05:51:57.497,0.8352,0.83525,1.50,1.20
2012.03.16 05:51:58.590,0.83518,0.83524,1.50,1.50
2012.03.16 05:51:58.848,0.8352,0.83524,1.20,1.50
2012.03.16 05:51:58.993,0.83518,0.83524,1.50,1.50
2012.03.16 05:51:59.060,0.83521,0.83526,1.50,1.20
2012.03.16 05:51:59.128,0.83518,0.83526,1.50,2.70
2012.03.16 05:52:11.109,0.8352,0.83527,1.50,1.20
2012.03.16 05:52:11.664,0.83522,0.8353,1.50,4.20
2012.03.16 05:52:13.008,0.83522,0.8353,1.50,3.45
2012.03.16 05:52:13.338,0.83524,0.8353,1.50,1.95
2012.03.16 05:52:13.409,0.83522,0.8353,1.50,4.20
2012.03.16 05:52:13.609,0.8352,0.83528,4.95,2.25
2012.03.16 05:52:13.939,0.8352,0.83526,2.25,2.70
2012.03.16 05:52:14.009,0.83518,0.83526,2.25,2.70
2012.03.16 05:52:15.739,0.83518,0.83526,4.50,2.70
2012.03.16 05:52:16.289,0.8352,0.83526,1.50,1.20
2012.03.16 05:52:19.577,0.8352,0.83527,1.50,1.20
2012.03.16 05:52:23.063,0.83522,0.83529,1.50,2.25
2012.03.16 05:52:23.577,0.83522,0.8353,1.50,2.70
2012.03.16 05:52:25.470,0.83522,0.8353,1.50,4.20
2012.03.16 05:52:25.609,0.8352,0.83528,3.45,1.50
2012.03.16 05:52:26.388,0.8352,0.83527,1.50,1.20
2012.03.16 05:52:26.593,0.83519,0.83525,2.25,1.50
2012.03.16 05:52:28.001,0.83521,0.83527,1.50,2.70
2012.03.16 05:52:28.485,0.83523,0.83529,1.50,3.75
2012.03.16 05:52:28.999,0.83523,0.83529,1.50,1.50
2012.03.16 05:52:30.310,0.83525,0.8353,1.50,1.95
2012.03.16 05:52:33.360,0.83525,0.83531,1.50,1.50
2012.03.16 05:52:33.901,0.83524,0.83532,2.70,2.25
2012.03.16 05:52:41.997,0.83524,0.83532,2.70,3.00
2012.03.16 05:52:50.802,0.83527,0.83531,1.20,1.50
2012.03.16 05:52:51.353,0.83527,0.83532,1.20,2.25
2012.03.16 05:52:54.153,0.83527,0.83534,1.20,3.75
2012.03.16 05:52:54.279,0.83527,0.83532,1.20,1.50
2012.03.16 05:52:56.408,0.83524,0.83532,2.70,2.25
2012.03.16 05:52:57.708,0.83524,0.83532,2.70,3.00
2012.03.16 05:52:58.479,0.83524,0.83532,2.70,3.75
2012.03.16 05:52:59.039,0.83524,0.83532,2.70,3.00
2012.03.16 05:52:59.348,0.83527,0.83533,1.50,2.25
2012.03.16 05:53:00.848,0.83527,0.83533,1.50,2.25
2012.03.16 05:53:03.078,0.83527,0.83532,1.50,1.50
2012.03.16 05:53:03.221,0.83524,0.83532,2.70,3.00
2012.03.16 05:53:04.973,0.83522,0.83529,1.50,1.50
2012.03.16 05:53:05.488,0.83519,0.83526,1.50,1.50
2012.03.16 05:53:05.799,0.83516,0.8352,2.25,1.20
2012.03.16 05:53:06.010,0.83516,0.8352,1.50,1.20
2012.03.16 05:53:06.150,0.83513,0.83519,1.50,1.50
2012.03.16 05:53:06.900,0.8351,0.83516,3.38,1.20
2012.03.16 05:53:07.093,0.8351,0.83516,2.63,2.70
2012.03.16 05:53:07.609,0.8351,0.83516,2.25,2.70
2012.03.16 05:53:07.945,0.83511,0.83519,2.70,2.70
2012.03.16 05:53:08.022,0.83512,0.83519,1.50,1.50
2012.03.16 05:53:08.888,0.83515,0.83521,1.50,1.20
2012.03.16 05:53:10.300,0.83515,0.83523,2.70,2.70
2012.03.16 05:53:13.238,0.83515,0.83521,1.20,1.50
2012.03.16 05:53:13.993,0.83513,0.83518,1.50,1.20
2012.03.16 05:53:14.518,0.83512,0.83518,1.50,2.70
2012.03.16 05:53:19.308,0.83513,0.83518,1.20,1.50
2012.03.16 05:53:19.834,0.83513,0.83521,2.70,3.45
2012.03.16 05:53:25.995,0.83514,0.83521,1.20,2.25
2012.03.16 05:53:35.851,0.83513,0.83519,1.50,1.20
2012.03.16 05:53:35.920,0.83511,0.83519,2.70,3.45
2012.03.16 05:53:37.118,0.83511,0.83519,2.70,4.20
2012.03.16 05:53:37.570,0.83511,0.83516,1.20,1.50
2012.03.16 05:53:38.259,0.83511,0.83519,2.70,3.83
2012.03.16 05:53:38.767,0.83511,0.83519,2.70,3.45
2012.03.16 05:53:40.110,0.83511,0.83516,1.20,1.50
2012.03.16 05:53:41.198,0.8351,0.83516,1.50,1.50
2012.03.16 05:53:50.888,0.83512,0.83518,1.50,1.50
2012.03.16 05:53:58.655,0.83514,0.83518,1.20,1.50
2012.03.16 05:53:58.800,0.83514,0.83521,1.20,2.25
2012.03.16 05:53:59.360,0.83515,0.83523,1.50,3.00
2012.03.16 05:54:01.510,0.83515,0.83522,1.50,1.73
2012.03.16 05:54:03.071,0.83515,0.83523,1.50,2.63
2012.03.16 05:54:05.342,0.83515,0.83523,3.45,1.50
2012.03.16 05:54:05.854,0.83515,0.83523,5.70,1.50
2012.03.16 05:54:06.596,0.83515,0.83522,2.70,1.50
2012.03.16 05:54:08.506,0.83515,0.83522,2.70,1.50
2012.03.16 05:54:08.650,0.83512,0.8352,2.70,1.50
2012.03.16 05:54:09.237,0.83512,0.8352,2.70,2.25
2012.03.16 05:54:13.117,0.83512,0.83517,1.20,1.50
2012.03.16 05:54:13.727,0.83511,0.83517,1.50,1.50
2012.03.16 05:54:15.349,0.83516,0.8352,1.20,1.50
2012.03.16 05:54:16.007,0.83516,0.83521,1.20,1.50
2012.03.16 05:54:18.481,0.83513,0.83519,1.50,1.50
2012.03.16 05:54:18.801,0.83516,0.83521,1.20,1.50
2012.03.16 05:54:18.870,0.83518,0.83524,1.50,4.20
2012.03.16 05:54:19.008,0.83516,0.83523,1.20,2.25
2012.03.16 05:54:19.449,0.83516,0.83521,1.20,1.50
2012.03.16 05:54:20.978,0.83515,0.83521,1.20,1.50
2012.03.16 05:54:21.291,0.83515,0.83523,2.70,4.20
2012.03.16 05:54:24.139,0.83515,0.83521,1.20,1.50
2012.03.16 05:54:24.588,0.83515,0.83523,3.45,2.70
2012.03.16 05:54:27.138,0.83515,0.83523,2.70,1.88
2012.03.16 05:54:27.650,0.83515,0.83521,1.20,2.25
2012.03.16 05:54:28.300,0.83516,0.83522,1.50,3.38
2012.03.16 05:54:28.871,0.83515,0.83522,2.70,1.88
2012.03.16 05:54:29.058,0.83515,0.83519,1.20,1.50
2012.03.16 05:54:29.308,0.83515,0.83522,1.20,3.38
2012.03.16 05:54:29.438,0.83515,0.83519,1.20,1.50
2012.03.16 05:54:33.080,0.83513,0.83519,1.50,1.50
2012.03.16 05:54:43.050,0.83519,0.83523,1.20,1.88
2012.03.16 05:54:43.205,0.83525,0.8353,1.50,1.58
2012.03.16 05:54:43.421,0.83522,0.83528,1.50,2.70
2012.03.16 05:54:44.754,0.83523,0.83528,2.10,2.70
2012.03.16 05:54:45.031,0.8353,0.83536,1.50,1.88
2012.03.16 05:54:45.589,0.83528,0.83534,1.50,1.50
2012.03.16 05:54:45.922,0.83526,0.83532,1.50,2.25
2012.03.16 05:54:46.721,0.83529,0.83534,1.20,1.88
2012.03.16 05:54:46.796,0.83529,0.83534,1.20,1.88
2012.03.16 05:54:47.079,0.8353,0.83536,1.50,2.63
2012.03.16 05:54:49.361,0.8353,0.83535,1.50,1.95
2012.03.16 05:54:49.499,0.83527,0.83535,1.50,3.60
2012.03.16 05:54:49.639,0.83527,0.83534,1.50,2.85
2012.03.16 05:54:49.841,0.83525,0.83533,2.70,2.85
2012.03.16 05:54:50.339,0.83525,0.83531,1.50,1.20
2012.03.16 05:54:50.467,0.83523,0.83531,2.70,2.70
2012.03.16 05:54:50.821,0.83529,0.83534,1.20,4.88
2012.03.16 05:54:51.384,0.83529,0.83537,2.70,6.45
2012.03.16 05:54:51.770,0.83532,0.83537,1.20,3.00
2012.03.16 05:54:52.050,0.83533,0.8354,1.50,1.95
2012.03.16 05:54:55.119,0.83536,0.8354,1.50,1.20
2012.03.16 05:54:55.469,0.83538,0.83542,1.20,1.50
2012.03.16 05:54:55.540,0.83538,0.83545,1.20,2.55
2012.03.16 05:54:55.850,0.83539,0.83547,1.50,3.38
2012.03.16 05:54:56.501,0.83539,0.83547,1.50,2.63
2012.03.16 05:54:57.799,0.83539,0.83546,1.50,1.50
2012.03.16 05:54:58.332,0.83539,0.83546,1.50,1.50
2012.03.16 05:54:58.398,0.83539,0.83546,1.50,1.50
2012.03.16 05:54:58.658,0.83539,0.83546,1.50,1.50
2012.03.16 05:54:58.909,0.83538,0.83544,2.70,1.50
2012.03.16 05:54:59.468,0.83538,0.83544,2.70,2.25
2012.03.16 05:55:00.111,0.83538,0.83544,2.70,1.50
2012.03.16 05:55:00.499,0.83538,0.83542,2.70,1.50
2012.03.16 05:55:01.348,0.83537,0.83542,1.20,1.50
2012.03.16 05:55:01.878,0.83537,0.83543,1.20,3.75
2012.03.16 05:55:04.339,0.83537,0.83543,1.20,4.50
2012.03.16 05:55:04.860,0.83535,0.83542,1.50,1.20
2012.03.16 05:55:05.141,0.83535,0.83541,1.50,2.25
2012.03.16 05:55:05.660,0.83537,0.83542,1.50,1.50
2012.03.16 05:55:05.871,0.83534,0.8354,1.50,2.25
2012.03.16 05:55:06.069,0.83532,0.83538,2.25,1.50
2012.03.16 05:55:06.626,0.83532,0.83538,1.50,1.50
2012.03.16 05:55:12.819,0.83532,0.83538,1.50,2.25
2012.03.16 05:55:13.692,0.83532,0.83538,1.50,3.75
2012.03.16 05:55:13.889,0.83532,0.83538,1.50,1.50
2012.03.16 05:55:14.698,0.83532,0.83538,1.50,3.00
2012.03.16 05:55:15.819,0.83529,0.83533,1.50,1.20
2012.03.16 05:55:16.033,0.83526,0.83533,1.88,1.20
2012.03.16 05:55:16.568,0.83526,0.83533,1.88,1.95
2012.03.16 05:55:17.135,0.83526,0.83533,1.88,1.20
2012.03.16 05:55:17.669,0.83526,0.83533,1.88,1.20
2012.03.16 05:55:17.929,0.83528,0.83536,4.80,1.50
2012.03.16 05:55:18.430,0.83528,0.83536,4.20,1.50
2012.03.16 05:55:18.628,0.8353,0.83538,1.50,2.70
2012.03.16 05:55:21.040,0.8353,0.83538,4.50,2.70
2012.03.16 05:55:21.560,0.83532,0.83538,1.50,1.20
2012.03.16 05:55:22.589,0.83532,0.8354,2.70,2.70
2012.03.16 05:55:23.669,0.83532,0.8354,3.45,4.95
2012.03.16 05:55:23.745,0.83532,0.83537,2.25,1.20
2012.03.16 05:55:23.949,0.83529,0.83535,1.50,1.50
2012.03.16 05:55:26.393,0.8353,0.83535,1.50,1.50
2012.03.16 05:55:26.532,0.83531,0.83537,1.50,1.20
2012.03.16 05:55:27.917,0.83531,0.83537,3.19,1.20
2012.03.16 05:55:29.908,0.83531,0.83537,3.00,1.20
2012.03.16 05:55:30.099,0.83529,0.83537,2.63,2.70
2012.03.16 05:55:31.371,0.83527,0.83535,3.64,1.50
2012.03.16 05:55:32.168,0.83528,0.83535,3.79,1.50
2012.03.16 05:55:32.698,0.83532,0.83537,1.50,1.20
2012.03.16 05:55:44.611,0.83532,0.83538,2.44,1.50
2012.03.16 05:55:44.868,0.83534,0.8354,1.50,2.70
2012.03.16 05:55:49.818,0.83535,0.8354,1.20,1.50
2012.03.16 05:55:49.949,0.83536,0.83542,1.50,2.25
2012.03.16 05:55:50.278,0.83538,0.83543,1.50,1.20
2012.03.16 05:55:50.598,0.83536,0.83542,1.50,1.50
2012.03.16 05:55:53.490,0.83537,0.83543,1.50,1.20
2012.03.16 05:55:54.430,0.83536,0.83542,1.50,1.50
2012.03.16 05:55:54.958,0.83535,0.83543,2.70,3.45
2012.03.16 05:55:55.507,0.83536,0.83543,1.20,2.25
2012.03.16 05:55:58.227,0.83536,0.83543,1.20,2.25
2012.03.16 05:55:58.374,0.83533,0.83541,1.50,2.70
2012.03.16 05:55:58.836,0.83531,0.83539,2.70,1.50
2012.03.16 05:56:00.621,0.83531,0.83537,1.50,1.20
2012.03.16 05:56:00.820,0.83529,0.83537,3.00,2.70
2012.03.16 05:56:00.950,0.83528,0.83534,1.88,1.50
2012.03.16 05:56:02.494,0.83527,0.83533,1.20,1.50
2012.03.16 05:56:03.200,0.83527,0.83534,1.20,2.25
2012.03.16 05:56:05.624,0.83527,0.83534,1.20,2.25
2012.03.16 05:56:05.698,0.83524,0.83532,1.20,1.20
2012.03.16 05:56:16.567,0.83524,0.83532,1.20,1.95
2012.03.16 05:56:17.108,0.83524,0.83532,1.20,1.20
2012.03.16 05:56:21.040,0.83524,0.83532,4.58,1.20
2012.03.16 05:56:21.112,0.83528,0.83536,1.20,1.95
2012.03.16 05:56:21.648,0.83529,0.83535,1.50,1.50
2012.03.16 05:56:36.490,0.8353,0.83538,1.50,1.50
2012.03.16 05:56:49.269,0.8353,0.83538,3.00,1.50
2012.03.16 05:56:50.178,0.83533,0.83539,1.50,2.70
2012.03.16 05:57:07.999,0.83533,0.83539,1.50,2.25
2012.03.16 05:57:08.128,0.8353,0.83538,4.20,3.75
2012.03.16 05:57:12.023,0.83531,0.83538,2.25,2.25
2012.03.16 05:57:12.209,0.83532,0.8354,1.88,2.70
2012.03.16 05:57:14.518,0.83536,0.8354,1.20,1.50
2012.03.16 05:57:15.410,0.83533,0.8354,2.25,2.70
2012.03.16 05:57:15.538,0.83532,0.8354,3.83,2.70
2012.03.16 05:57:17.879,0.83535,0.83541,3.08,1.50
2012.03.16 05:57:18.412,0.83534,0.8354,3.75,1.50
2012.03.16 05:57:18.734,0.83534,0.8354,1.50,1.50
2012.03.16 05:57:21.098,0.83537,0.83544,1.20,3.60
2012.03.16 05:57:21.432,0.83537,0.83541,1.20,1.50
2012.03.16 05:57:24.098,0.83537,0.83544,3.45,2.10
2012.03.16 05:57:24.434,0.83537,0.83544,3.45,3.00
2012.03.16 05:57:24.971,0.83537,0.83542,1.20,1.50
2012.03.16 05:57:26.939,0.83536,0.83542,1.20,1.50
2012.03.16 05:57:30.909,0.83537,0.83542,2.25,1.50
2012.03.16 05:57:31.448,0.83537,0.83543,3.75,1.50
2012.03.16 05:57:31.767,0.83536,0.83541,1.20,1.50
2012.03.16 05:57:33.127,0.83536,0.83541,1.95,1.50
2012.03.16 05:57:33.380,0.83537,0.83544,1.13,3.45
2012.03.16 05:57:34.548,0.83539,0.83544,1.20,1.50
2012.03.16 05:57:35.100,0.83539,0.83545,1.50,2.70
2012.03.16 05:57:35.309,0.83537,0.83544,1.58,1.50
2012.03.16 05:57:35.894,0.83537,0.83544,1.58,1.50
2012.03.16 05:57:38.196,0.83537,0.83544,1.58,1.50
2012.03.16 05:57:45.961,0.83537,0.83544,2.33,1.50
2012.03.16 05:57:46.507,0.83539,0.83545,1.50,1.50
2012.03.16 05:57:55.250,0.83543,0.83548,1.20,1.50
2012.03.16 05:57:55.500,0.83543,0.83547,1.20,1.50
2012.03.16 05:57:59.240,0.83543,0.83551,3.45,4.50
2012.03.16 05:57:59.796,0.83543,0.83549,1.20,1.50
2012.03.16 05:58:00.129,0.83543,0.83547,1.20,1.50
2012.03.16 05:58:01.916,0.8354,0.83547,1.20,1.50
2012.03.16 05:58:02.050,0.83544,0.83548,1.50,1.50
2012.03.16 05:58:02.118,0.83544,0.8355,2.25,4.20
2012.03.16 05:58:02.259,0.83542,0.83548,2.25,1.50
2012.03.16 05:58:02.331,0.83542,0.83548,1.50,1.50
2012.03.16 05:58:02.401,0.8354,0.83546,3.83,1.50
2012.03.16 05:58:04.648,0.8354,0.83546,3.08,1.50
2012.03.16 05:58:04.860,0.83543,0.83549,1.50,3.00
2012.03.16 05:58:05.051,0.8354,0.83548,3.08,2.25
2012.03.16 05:58:05.559,0.8354,0.83548,2.70,3.00
2012.03.16 05:58:06.269,0.8354,0.83547,2.70,1.50
2012.03.16 05:58:06.799,0.8354,0.83548,2.70,2.63
2012.03.16 05:58:07.405,0.8354,0.83548,2.70,2.25
2012.03.16 05:58:07.750,0.83543,0.83549,1.50,3.00
2012.03.16 05:58:08.308,0.83542,0.83548,1.20,1.50
2012.03.16 05:58:13.471,0.83541,0.83548,1.20,2.25
2012.03.16 05:58:19.386,0.83541,0.83548,1.20,2.25
2012.03.16 05:58:24.949,0.83541,0.83548,1.20,1.50
2012.03.16 05:58:25.274,0.83545,0.83551,1.20,1.13
2012.03.16 05:58:25.870,0.83545,0.8355,1.95,1.88
2012.03.16 05:58:25.948,0.83545,0.83549,1.20,1.50
2012.03.16 05:58:27.099,0.83545,0.83553,2.70,1.13
2012.03.16 05:58:27.439,0.83547,0.83552,1.50,1.50
2012.03.16 05:58:27.509,0.83545,0.8355,1.20,1.50
2012.03.16 05:58:30.279,0.83549,0.83555,1.20,3.00
2012.03.16 05:58:30.409,0.83549,0.83555,1.20,1.50
2012.03.16 05:58:30.481,0.83548,0.83554,1.50,1.95
2012.03.16 05:58:30.619,0.83546,0.83552,1.50,1.50
2012.03.16 05:58:30.693,0.83544,0.8355,1.58,1.50
2012.03.16 05:58:32.538,0.83544,0.8355,1.20,3.00
2012.03.16 05:58:32.858,0.83541,0.83547,1.50,1.50
2012.03.16 05:58:35.771,0.83541,0.83547,2.70,1.50
2012.03.16 05:58:36.319,0.83541,0.83547,2.70,2.25
2012.03.16 05:58:37.328,0.83541,0.83547,3.45,2.25
2012.03.16 05:58:37.404,0.83541,0.83547,5.70,2.25
2012.03.16 05:58:38.065,0.83541,0.83547,2.70,1.50
2012.03.16 05:58:53.928,0.83537,0.83547,1.50,2.25
2012.03.16 05:58:54.142,0.83537,0.83544,1.35,3.45
2012.03.16 05:58:54.269,0.83536,0.83542,1.95,1.50
2012.03.16 05:58:54.412,0.83537,0.83544,1.50,1.95
2012.03.16 05:58:54.937,0.83536,0.83543,1.20,1.50
2012.03.16 05:58:55.451,0.83536,0.8354,1.20,1.50
2012.03.16 05:59:02.671,0.83535,0.8354,1.20,1.50
2012.03.16 05:59:03.373,0.83535,0.83543,2.70,2.70
2012.03.16 05:59:10.838,0.83537,0.83543,1.20,1.50
2012.03.16 05:59:20.459,0.83541,0.83547,1.20,2.25
2012.03.16 05:59:20.532,0.83539,0.83545,1.50,1.50
2012.03.16 05:59:20.840,0.83536,0.83544,3.08,1.50
2012.03.16 05:59:21.589,0.83536,0.83544,3.08,1.50
2012.03.16 05:59:24.859,0.83536,0.83542,1.20,1.50
2012.03.16 05:59:25.659,0.83534,0.83542,3.08,2.70
2012.03.16 05:59:45.387,0.83534,0.83542,4.80,2.70
2012.03.16 05:59:45.519,0.83538,0.83542,1.20,1.50
2012.03.16 05:59:45.589,0.83538,0.83544,1.20,3.00
2012.03.16 05:59:46.143,0.83538,0.83546,4.20,3.08
2012.03.16 05:59:46.804,0.83538,0.83546,4.80,2.70
2012.03.16 05:59:47.388,0.83541,0.83546,1.20,1.50
2012.03.16 05:59:47.897,0.83541,0.83547,2.70,1.50
2012.03.16 05:59:49.219,0.83541,0.83547,3.45,1.50
2012.03.16 05:59:49.351,0.83543,0.83549,1.50,2.70
2012.03.16 05:59:50.950,0.83545,0.83549,1.20,1.50
2012.03.16 05:59:51.022,0.83545,0.83552,1.95,1.50
2012.03.16 05:59:57.249,0.83544,0.83552,2.70,2.70
