2016.10.12 15:00:00.009,1.04058,1.04059,1.00,2.25
2016.10.12 15:00:00.472,1.04057,1.04059,3.00,2.25
2016.10.12 15:00:00.524,1.04053,1.04056,10.65,1.00
2016.10.12 15:00:00.577,1.04055,1.04057,3.04,1.50
2016.10.12 15:00:00.628,1.04055,1.04056,2.67,1.50
2016.10.12 15:00:00.681,1.04055,1.04056,2.67,1.87
2016.10.12 15:00:00.732,1.04054,1.04056,1.00,1.12
2016.10.12 15:00:00.947,1.04057,1.04058,1.00,3.00
2016.10.12 15:00:01.003,1.04059,1.0406,3.00,1.87
2016.10.12 15:00:01.061,1.04058,1.0406,3.43,2.24
2016.10.12 15:00:01.113,1.04057,1.04059,4.07,1.87
2016.10.12 15:00:01.165,1.04057,1.04059,2.25,1.50
2016.10.12 15:00:01.218,1.04056,1.04058,3.81,1.50
2016.10.12 15:00:01.528,1.04056,1.04057,3.06,1.00
2016.10.12 15:00:01.580,1.04057,1.04058,1.16,1.87
2016.10.12 15:00:01.685,1.04057,1.04058,2.93,1.87
2016.10.12 15:00:01.789,1.04057,1.04058,3.87,1.87
2016.10.12 15:00:01.840,1.04057,1.04058,3.87,1.87
2016.10.12 15:00:01.893,1.04057,1.04059,3.87,1.00
2016.10.12 15:00:02.130,1.04057,1.04059,3.12,1.50
2016.10.12 15:00:02.182,1.04057,1.04059,1.64,1.50
2016.10.12 15:00:02.235,1.04057,1.04059,2.39,1.50
2016.10.12 15:00:02.288,1.04057,1.04059,2.02,1.50
2016.10.12 15:00:02.341,1.04057,1.04059,1.65,1.50
2016.10.12 15:00:02.446,1.04057,1.04059,1.50,1.87
2016.10.12 15:00:02.819,1.04056,1.04058,1.12,1.00
2016.10.12 15:00:02.973,1.04056,1.04058,1.12,1.00
2016.10.12 15:00:03.025,1.04056,1.04057,1.12,1.00
2016.10.12 15:00:03.548,1.04055,1.04057,1.83,1.50
2016.10.12 15:00:03.599,1.04054,1.04057,5.95,1.50
2016.10.12 15:00:03.650,1.04054,1.04056,1.37,1.50
2016.10.12 15:00:03.701,1.04054,1.04055,1.00,1.50
2016.10.12 15:00:03.753,1.04053,1.04054,1.12,1.50
2016.10.12 15:00:03.804,1.04053,1.04054,1.72,1.00
2016.10.12 15:00:04.093,1.04053,1.04055,3.60,2.25
2016.10.12 15:00:04.146,1.04053,1.04055,3.37,1.87
2016.10.12 15:00:04.212,1.04054,1.04055,1.00,1.12
2016.10.12 15:00:04.264,1.04053,1.04055,3.37,1.87
2016.10.12 15:00:04.316,1.04053,1.04055,3.70,1.87
2016.10.12 15:00:04.617,1.04053,1.04055,3.93,1.87
2016.10.12 15:00:04.861,1.04054,1.04056,1.50,2.25
2016.10.12 15:00:04.964,1.04056,1.04057,1.00,1.50
2016.10.12 15:00:05.018,1.04054,1.04056,3.40,2.25
2016.10.12 15:00:05.070,1.04056,1.04057,1.00,1.50
2016.10.12 15:00:05.122,1.04055,1.04056,1.12,1.00
2016.10.12 15:00:05.175,1.04055,1.04057,1.00,1.12
2016.10.12 15:00:05.396,1.04054,1.04058,2.62,2.25
2016.10.12 15:00:05.447,1.04054,1.04055,1.87,1.12
2016.10.12 15:00:05.498,1.04054,1.04055,1.12,1.12
2016.10.12 15:00:05.550,1.04054,1.04055,1.12,1.87
2016.10.12 15:00:05.704,1.04053,1.04055,7.29,2.12
2016.10.12 15:00:05.756,1.04053,1.04054,4.66,1.00
2016.10.12 15:00:06.011,1.04051,1.04052,1.50,1.00
2016.10.12 15:00:06.071,1.04051,1.04052,1.00,1.50
2016.10.12 15:00:06.122,1.0405,1.04052,1.12,1.00
2016.10.12 15:00:06.174,1.04049,1.04051,1.83,1.00
2016.10.12 15:00:06.276,1.0405,1.04051,1.12,1.50
2016.10.12 15:00:06.327,1.04051,1.04052,1.00,1.12
2016.10.12 15:00:06.481,1.04052,1.04053,1.50,1.87
2016.10.12 15:00:06.947,1.04051,1.04053,1.00,1.87
2016.10.12 15:00:07.161,1.04051,1.04052,1.00,1.00
2016.10.12 15:00:07.213,1.0405,1.04051,2.70,1.00
2016.10.12 15:00:07.265,1.04049,1.0405,1.12,1.50
2016.10.12 15:00:07.317,1.04048,1.04049,4.12,1.00
2016.10.12 15:00:07.590,1.04046,1.04048,1.12,1.87
2016.10.12 15:00:07.666,1.04046,1.04047,1.00,1.00
2016.10.12 15:00:07.717,1.04045,1.04047,3.38,1.00
2016.10.12 15:00:07.768,1.04045,1.04046,1.50,1.00
2016.10.12 15:00:07.870,1.04045,1.04046,1.50,1.50
2016.10.12 15:00:07.922,1.04045,1.04046,1.00,1.87
2016.10.12 15:00:07.973,1.04044,1.04046,1.50,1.87
2016.10.12 15:00:08.024,1.04044,1.04045,1.00,1.00
2016.10.12 15:00:08.075,1.04043,1.04045,5.63,1.50
2016.10.12 15:00:08.334,1.04043,1.04045,4.88,1.50
2016.10.12 15:00:08.538,1.04043,1.04044,4.88,1.00
2016.10.12 15:00:08.589,1.04043,1.04044,1.31,1.00
2016.10.12 15:00:08.912,1.04043,1.04044,1.31,1.00
2016.10.12 15:00:09.128,1.04042,1.04044,5.44,1.50
2016.10.12 15:00:09.180,1.0404,1.04042,1.50,1.00
2016.10.12 15:00:09.235,1.0404,1.04043,1.50,2.25
2016.10.12 15:00:09.286,1.0404,1.04042,1.50,1.12
2016.10.12 15:00:09.338,1.0404,1.04042,1.00,1.87
2016.10.12 15:00:09.390,1.0404,1.04042,1.00,1.12
2016.10.12 15:00:09.443,1.0404,1.04041,1.00,1.00
2016.10.12 15:00:09.755,1.04039,1.04041,1.00,2.12
2016.10.12 15:00:09.806,1.04038,1.04039,3.56,1.50
2016.10.12 15:00:09.909,1.04038,1.04039,3.56,1.87
2016.10.12 15:00:09.960,1.04037,1.04039,1.00,1.87
2016.10.12 15:00:10.011,1.04036,1.04038,4.70,1.50
2016.10.12 15:00:10.114,1.04036,1.04038,1.87,1.50
2016.10.12 15:00:10.165,1.04037,1.04038,1.50,1.00
2016.10.12 15:00:10.378,1.04038,1.04041,1.50,1.75
2016.10.12 15:00:10.430,1.04039,1.04042,2.25,2.25
2016.10.12 15:00:10.481,1.0404,1.04041,1.50,1.00
2016.10.12 15:00:10.846,1.04039,1.04041,1.50,1.50
2016.10.12 15:00:10.902,1.04039,1.04041,1.50,2.25
2016.10.12 15:00:10.954,1.04039,1.04042,1.50,4.87
2016.10.12 15:00:11.160,1.04042,1.04044,1.00,19.50
2016.10.12 15:00:11.213,1.04042,1.04043,1.50,5.25
2016.10.12 15:00:11.315,1.04042,1.04043,1.50,4.50
2016.10.12 15:00:11.570,1.04042,1.04043,1.50,5.25
2016.10.12 15:00:11.673,1.04042,1.04043,1.50,4.50
2016.10.12 15:00:11.896,1.04042,1.04043,1.50,1.12
2016.10.12 15:00:11.949,1.04041,1.04042,2.25,2.62
2016.10.12 15:00:12.000,1.04041,1.04044,2.25,1.87
2016.10.12 15:00:12.600,1.04042,1.04043,1.00,1.50
2016.10.12 15:00:12.709,1.04041,1.04043,1.50,1.50
2016.10.12 15:00:12.812,1.04041,1.04042,1.00,1.12
2016.10.12 15:00:12.863,1.0404,1.04042,2.25,1.12
2016.10.12 15:00:12.915,1.0404,1.04042,1.50,1.12
2016.10.12 15:00:13.453,1.0404,1.04043,1.50,2.25
2016.10.12 15:00:13.504,1.04041,1.04042,1.00,1.12
2016.10.12 15:00:13.760,1.04041,1.04042,1.00,1.12
2016.10.12 15:00:14.680,1.04041,1.04042,1.12,1.12
2016.10.12 15:00:14.915,1.04041,1.04042,1.87,1.12
2016.10.12 15:00:15.019,1.04042,1.04043,1.00,1.00
2016.10.12 15:00:15.070,1.04041,1.04043,1.12,1.50
2016.10.12 15:00:15.122,1.04039,1.04041,2.25,1.00
2016.10.12 15:00:15.174,1.04038,1.04039,2.62,1.00
2016.10.12 15:00:15.227,1.04038,1.04039,1.00,1.00
2016.10.12 15:00:15.279,1.04037,1.04038,1.50,1.00
2016.10.12 15:00:15.330,1.04037,1.04038,1.00,1.00
2016.10.12 15:00:15.382,1.04036,1.04038,1.87,1.50
2016.10.12 15:00:15.591,1.04036,1.04038,1.00,1.12
2016.10.12 15:00:15.796,1.04037,1.04039,1.00,2.25
2016.10.12 15:00:15.847,1.04037,1.04039,1.12,2.25
2016.10.12 15:00:15.950,1.04037,1.04039,1.00,2.25
2016.10.12 15:00:16.461,1.04037,1.0404,1.00,5.44
2016.10.12 15:00:17.005,1.04037,1.04039,1.00,1.50
2016.10.12 15:00:17.056,1.04037,1.04039,1.00,2.25
2016.10.12 15:00:17.454,1.04037,1.04039,1.00,1.50
2016.10.12 15:00:17.505,1.04038,1.04039,1.00,1.00
2016.10.12 15:00:17.903,1.04037,1.04039,1.00,1.50
2016.10.12 15:00:18.209,1.04035,1.04037,1.12,1.00
2016.10.12 15:00:18.260,1.04035,1.04038,1.00,1.50
2016.10.12 15:00:18.311,1.04035,1.04037,1.00,1.50
2016.10.12 15:00:18.362,1.04033,1.04037,1.12,2.62
2016.10.12 15:00:18.584,1.04035,1.04038,1.00,3.75
2016.10.12 15:00:18.636,1.04037,1.04038,1.00,3.00
2016.10.12 15:00:18.687,1.04038,1.04039,1.00,8.25
2016.10.12 15:00:18.839,1.04037,1.04038,1.00,2.62
2016.10.12 15:00:18.891,1.04036,1.04038,1.00,3.37
2016.10.12 15:00:18.966,1.04037,1.04038,1.00,3.00
2016.10.12 15:00:19.508,1.04037,1.04038,1.00,1.00
2016.10.12 15:00:19.763,1.04036,1.04039,1.50,1.87
2016.10.12 15:00:20.103,1.04037,1.04038,1.00,1.00
2016.10.12 15:00:20.463,1.04036,1.04037,1.00,1.12
2016.10.12 15:00:20.732,1.04036,1.04037,1.00,1.87
2016.10.12 15:00:20.992,1.04035,1.04037,1.87,1.87
2016.10.12 15:00:21.146,1.04035,1.04036,1.12,1.00
2016.10.12 15:00:21.251,1.04035,1.04036,1.00,1.00
2016.10.12 15:00:21.465,1.04035,1.04036,1.00,1.12
2016.10.12 15:00:21.530,1.04034,1.04036,1.00,1.12
2016.10.12 15:00:21.634,1.04036,1.04037,1.00,1.00
2016.10.12 15:00:21.686,1.04035,1.04039,1.72,3.37
2016.10.12 15:00:21.741,1.04037,1.04038,1.00,1.00
2016.10.12 15:00:21.792,1.04036,1.04037,1.50,1.00
2016.10.12 15:00:22.079,1.04034,1.04037,2.10,4.80
2016.10.12 15:00:22.146,1.04031,1.04033,4.12,1.50
2016.10.12 15:00:22.248,1.04031,1.04033,1.50,1.00
2016.10.12 15:00:22.300,1.04031,1.04033,1.00,1.00
2016.10.12 15:00:22.357,1.0403,1.04033,1.87,1.00
2016.10.12 15:00:22.742,1.04032,1.04034,1.00,2.62
2016.10.12 15:00:22.794,1.04031,1.04033,1.00,1.50
2016.10.12 15:00:22.845,1.04031,1.04033,1.00,1.87
2016.10.12 15:00:22.897,1.04031,1.04032,1.00,1.12
2016.10.12 15:00:22.949,1.04029,1.04031,1.69,1.00
2016.10.12 15:00:23.322,1.04029,1.04031,2.25,1.00
2016.10.12 15:00:23.566,1.0403,1.04032,1.12,1.00
2016.10.12 15:00:23.720,1.0403,1.04032,1.00,1.00
2016.10.12 15:00:23.823,1.04029,1.04031,2.25,1.00
2016.10.12 15:00:23.874,1.04029,1.04032,1.50,1.50
2016.10.12 15:00:23.925,1.04029,1.04032,1.12,1.50
2016.10.12 15:00:24.190,1.04034,1.04035,2.29,1.12
2016.10.12 15:00:24.241,1.04034,1.04036,1.00,9.00
2016.10.12 15:00:24.292,1.04034,1.04035,1.00,1.12
2016.10.12 15:00:24.343,1.04034,1.04038,1.75,11.55
2016.10.12 15:00:24.395,1.04033,1.04034,1.50,1.00
2016.10.12 15:00:24.447,1.04033,1.04036,2.25,8.62
2016.10.12 15:00:24.549,1.04033,1.04036,1.75,8.62
2016.10.12 15:00:24.651,1.04033,1.04035,1.37,1.12
2016.10.12 15:00:24.982,1.04031,1.04033,1.00,1.00
2016.10.12 15:00:25.037,1.04029,1.04031,3.00,1.00
2016.10.12 15:00:25.088,1.0403,1.04032,1.00,5.66
2016.10.12 15:00:25.140,1.04028,1.04031,4.00,1.72
2016.10.12 15:00:25.192,1.04027,1.04032,4.50,10.95
2016.10.12 15:00:25.243,1.04029,1.04031,1.00,1.12
2016.10.12 15:00:25.294,1.04027,1.04029,1.87,1.00
2016.10.12 15:00:25.497,1.04028,1.04029,1.12,1.00
2016.10.12 15:00:25.947,1.04029,1.04031,1.00,1.87
2016.10.12 15:00:25.999,1.04031,1.04032,1.00,1.00
2016.10.12 15:00:26.357,1.0403,1.04031,1.12,1.00
2016.10.12 15:00:26.408,1.0403,1.04031,1.12,1.50
2016.10.12 15:00:26.460,1.04027,1.04031,1.87,2.62
2016.10.12 15:00:26.709,1.04026,1.04028,1.12,1.50
2016.10.12 15:00:26.760,1.04025,1.04028,2.62,1.50
2016.10.12 15:00:26.914,1.04026,1.04028,1.12,1.50
2016.10.12 15:00:26.965,1.04026,1.04028,1.00,1.50
2016.10.12 15:00:27.170,1.04026,1.04028,1.50,1.50
2016.10.12 15:00:27.273,1.04026,1.04028,1.12,1.50
2016.10.12 15:00:27.581,1.04027,1.04028,1.31,1.50
2016.10.12 15:00:27.639,1.04027,1.04028,1.12,1.00
2016.10.12 15:00:27.690,1.04027,1.04028,1.00,1.00
2016.10.12 15:00:27.742,1.04026,1.04028,1.37,1.50
2016.10.12 15:00:27.794,1.04026,1.04028,1.50,1.50
2016.10.12 15:00:27.846,1.04026,1.04028,1.50,1.87
2016.10.12 15:00:27.897,1.04025,1.04028,2.62,1.87
2016.10.12 15:00:27.949,1.04025,1.04028,2.25,1.87
2016.10.12 15:00:28.254,1.04025,1.04027,1.87,1.50
2016.10.12 15:00:28.560,1.04025,1.04027,1.87,1.00
2016.10.12 15:00:28.662,1.04026,1.04028,1.12,1.12
2016.10.12 15:00:28.713,1.04025,1.04027,1.12,1.00
2016.10.12 15:00:28.765,1.04025,1.04027,1.37,1.50
2016.10.12 15:00:28.994,1.04025,1.04027,1.00,1.50
2016.10.12 15:00:29.045,1.04025,1.04027,1.50,1.50
2016.10.12 15:00:29.754,1.04025,1.04027,1.00,1.50
2016.10.12 15:00:29.805,1.04025,1.04027,1.50,1.50
2016.10.12 15:00:30.164,1.04025,1.04029,1.50,3.37
2016.10.12 15:00:30.215,1.04026,1.0403,1.50,6.90
2016.10.12 15:00:30.266,1.04027,1.04029,1.87,1.00
2016.10.12 15:00:30.501,1.04027,1.04031,1.87,2.25
2016.10.12 15:00:30.553,1.04027,1.04031,1.87,3.00
2016.10.12 15:00:30.760,1.04027,1.04031,2.25,2.25
2016.10.12 15:00:30.811,1.04028,1.04031,2.32,1.37
2016.10.12 15:00:30.863,1.04031,1.04033,1.12,4.87
2016.10.12 15:00:30.915,1.04031,1.04033,1.12,1.37
2016.10.12 15:00:30.966,1.04032,1.04033,1.00,1.12
2016.10.12 15:00:31.218,1.04032,1.04033,1.00,2.25
2016.10.12 15:00:31.328,1.04031,1.04032,1.12,1.00
2016.10.12 15:00:31.381,1.04032,1.04033,1.00,1.50
2016.10.12 15:00:31.483,1.04032,1.04033,1.00,1.12
2016.10.12 15:00:31.535,1.04032,1.04033,1.00,1.00
2016.10.12 15:00:31.587,1.04033,1.04034,2.85,1.00
2016.10.12 15:00:31.640,1.04035,1.04036,1.50,3.00
2016.10.12 15:00:32.094,1.04036,1.04037,1.12,1.00
2016.10.12 15:00:32.145,1.04038,1.04039,1.00,3.75
2016.10.12 15:00:32.434,1.04035,1.04039,1.94,3.75
2016.10.12 15:00:32.498,1.04038,1.04041,1.12,1.75
2016.10.12 15:00:32.751,1.04038,1.04041,1.00,1.75
2016.10.12 15:00:33.058,1.04038,1.0404,1.00,1.50
2016.10.12 15:00:33.109,1.04038,1.04041,1.12,2.25
2016.10.12 15:00:33.212,1.04038,1.0404,1.00,1.00
2016.10.12 15:00:33.315,1.04037,1.0404,1.50,1.12
2016.10.12 15:00:33.550,1.04033,1.04035,4.12,1.50
2016.10.12 15:00:33.625,1.04033,1.04034,1.00,1.12
2016.10.12 15:00:33.676,1.04031,1.04033,2.25,1.12
2016.10.12 15:00:33.779,1.04031,1.04033,1.12,1.12
2016.10.12 15:00:33.831,1.04031,1.04033,1.87,1.12
2016.10.12 15:00:33.934,1.04034,1.04035,1.00,1.50
2016.10.12 15:00:34.231,1.04035,1.04038,1.00,1.87
2016.10.12 15:00:34.437,1.04034,1.04036,1.20,1.00
2016.10.12 15:00:34.489,1.04035,1.04037,1.00,1.12
2016.10.12 15:00:34.541,1.04035,1.04036,1.00,1.00
2016.10.12 15:00:35.104,1.04034,1.04036,1.00,1.00
2016.10.12 15:00:35.616,1.04031,1.04033,2.47,1.00
2016.10.12 15:00:35.863,1.04031,1.04033,1.37,1.12
2016.10.12 15:00:35.925,1.04031,1.04033,1.12,1.12
2016.10.12 15:00:35.977,1.04031,1.04033,1.00,1.12
2016.10.12 15:00:36.637,1.04031,1.04033,1.00,1.12
2016.10.12 15:00:36.841,1.04031,1.04034,1.50,1.87
2016.10.12 15:00:36.943,1.04031,1.04034,2.25,1.87
2016.10.12 15:00:36.994,1.04031,1.04034,2.62,1.87
2016.10.12 15:00:37.096,1.04031,1.04034,2.62,1.50
2016.10.12 15:00:37.147,1.04031,1.04034,1.87,1.50
2016.10.12 15:00:37.506,1.04032,1.04034,1.00,1.50
2016.10.12 15:00:38.454,1.04032,1.04034,1.00,1.69
2016.10.12 15:00:38.505,1.04031,1.04033,1.87,1.25
2016.10.12 15:00:39.170,1.04031,1.04033,1.87,1.00
2016.10.12 15:00:39.430,1.04031,1.04033,2.62,1.00
2016.10.12 15:00:40.151,1.04032,1.04034,1.00,1.12
2016.10.12 15:00:40.304,1.04031,1.04034,2.62,1.12
2016.10.12 15:00:40.626,1.04033,1.04035,1.00,1.87
2016.10.12 15:00:40.831,1.04033,1.04035,1.00,1.37
2016.10.12 15:00:40.882,1.04033,1.04035,1.50,1.87
2016.10.12 15:00:40.934,1.04034,1.04035,1.00,1.12
2016.10.12 15:00:40.985,1.04034,1.04035,1.50,1.12
2016.10.12 15:00:41.036,1.04034,1.04035,1.50,1.00
2016.10.12 15:00:41.305,1.04035,1.04036,1.00,2.25
2016.10.12 15:00:41.356,1.04036,1.04037,1.00,1.00
2016.10.12 15:00:42.031,1.04036,1.04037,1.00,1.50
2016.10.12 15:00:42.604,1.04035,1.04037,1.00,1.50
2016.10.12 15:00:43.078,1.04034,1.04036,1.00,3.00
2016.10.12 15:00:43.130,1.04034,1.04035,1.00,1.00
2016.10.12 15:00:43.283,1.04034,1.04036,1.00,2.25
2016.10.12 15:00:43.549,1.04034,1.04036,1.00,1.87
2016.10.12 15:00:43.602,1.04035,1.04036,1.00,1.50
2016.10.12 15:00:43.653,1.04034,1.04036,1.00,2.44
2016.10.12 15:00:43.704,1.04034,1.04036,1.00,3.19
2016.10.12 15:00:43.756,1.04034,1.04036,1.00,3.22
2016.10.12 15:00:43.807,1.04034,1.04035,1.00,1.50
2016.10.12 15:00:43.859,1.04033,1.04035,1.00,2.25
2016.10.12 15:00:44.743,1.04033,1.04035,1.00,3.00
2016.10.12 15:00:45.116,1.04033,1.04035,1.00,2.25
2016.10.12 15:00:45.169,1.04032,1.04035,1.00,3.00
2016.10.12 15:00:45.221,1.04032,1.04035,1.12,3.00
2016.10.12 15:00:45.374,1.04032,1.04034,1.12,1.00
2016.10.12 15:00:45.426,1.04032,1.04034,1.12,1.00
2016.10.12 15:00:46.108,1.04032,1.04035,2.06,3.75
2016.10.12 15:00:46.212,1.04033,1.04035,1.12,3.00
2016.10.12 15:00:46.264,1.04034,1.04035,1.00,3.00
2016.10.12 15:00:46.315,1.04034,1.04035,1.00,2.62
2016.10.12 15:00:46.417,1.04034,1.04036,1.00,1.50
2016.10.12 15:00:46.520,1.04034,1.04037,1.00,2.25
2016.10.12 15:00:46.775,1.04034,1.04037,1.00,2.25
2016.10.12 15:00:46.831,1.04034,1.04038,1.69,3.00
2016.10.12 15:00:46.883,1.04036,1.04038,1.69,2.62
2016.10.12 15:00:46.934,1.04036,1.04038,1.25,3.37
2016.10.12 15:00:46.986,1.04035,1.04037,1.31,2.85
2016.10.12 15:00:47.041,1.04034,1.04036,1.37,1.69
2016.10.12 15:00:47.093,1.04032,1.04035,4.87,4.35
2016.10.12 15:00:47.150,1.04031,1.04032,1.12,1.50
2016.10.12 15:00:47.203,1.0403,1.04032,4.50,2.25
2016.10.12 15:00:47.417,1.04031,1.04032,1.00,1.50
2016.10.12 15:00:47.496,1.04032,1.04034,1.00,4.12
2016.10.12 15:00:47.548,1.04032,1.04034,1.00,3.75
2016.10.12 15:00:47.754,1.04032,1.04034,1.00,4.50
2016.10.12 15:00:47.806,1.04032,1.04034,1.00,5.25
2016.10.12 15:00:48.112,1.04032,1.04034,1.00,4.50
2016.10.12 15:00:48.606,1.04032,1.04034,1.00,3.75
2016.10.12 15:00:48.657,1.04033,1.04035,1.00,2.25
2016.10.12 15:00:48.917,1.04033,1.04035,1.00,1.50
2016.10.12 15:00:49.123,1.04033,1.04035,1.00,2.25
2016.10.12 15:00:49.379,1.04033,1.04035,1.00,1.50
2016.10.12 15:00:49.870,1.04033,1.04036,1.50,1.87
2016.10.12 15:00:49.929,1.04037,1.04039,1.00,1.87
2016.10.12 15:00:50.082,1.04037,1.04039,1.00,2.62
2016.10.12 15:00:50.236,1.04037,1.04039,1.12,2.62
2016.10.12 15:00:50.287,1.04037,1.04039,1.12,1.87
2016.10.12 15:00:50.532,1.04037,1.04039,1.12,2.06
2016.10.12 15:00:50.584,1.04038,1.04039,1.00,1.25
2016.10.12 15:00:51.267,1.04038,1.0404,1.00,4.69
2016.10.12 15:00:51.318,1.04038,1.0404,1.00,4.31
2016.10.12 15:00:51.371,1.04038,1.0404,1.00,3.94
2016.10.12 15:00:51.576,1.04038,1.0404,1.00,4.69
2016.10.12 15:00:52.030,1.04038,1.0404,1.00,5.44
2016.10.12 15:00:52.123,1.04037,1.04039,1.00,2.44
2016.10.12 15:00:52.175,1.04034,1.04036,2.25,1.00
2016.10.12 15:00:52.226,1.04034,1.04035,1.50,2.29
2016.10.12 15:00:52.277,1.04033,1.04034,4.87,1.00
2016.10.12 15:00:52.329,1.04033,1.04034,1.12,1.69
2016.10.12 15:00:52.380,1.04032,1.04034,4.50,2.06
2016.10.12 15:00:52.611,1.04032,1.04034,1.00,2.06
2016.10.12 15:00:52.940,1.04032,1.04034,1.00,2.81
2016.10.12 15:00:53.043,1.04032,1.04034,1.00,2.06
2016.10.12 15:00:53.284,1.04035,1.04036,1.35,2.81
2016.10.12 15:00:53.336,1.04037,1.04039,1.00,9.26
2016.10.12 15:00:53.387,1.04036,1.04038,1.50,3.19
2016.10.12 15:00:53.439,1.04035,1.04037,1.87,1.35
2016.10.12 15:00:53.491,1.04035,1.04036,1.00,1.00
2016.10.12 15:00:53.542,1.04034,1.04036,1.87,1.69
2016.10.12 15:00:53.594,1.04034,1.04036,1.00,1.69
2016.10.12 15:00:53.646,1.04034,1.04036,1.00,2.81
2016.10.12 15:00:53.697,1.04034,1.04035,1.00,1.87
2016.10.12 15:00:53.749,1.04033,1.04035,1.00,10.50
2016.10.12 15:00:53.800,1.04033,1.04035,1.00,11.62
2016.10.12 15:00:54.258,1.04033,1.04035,1.00,10.87
2016.10.12 15:00:54.310,1.04033,1.04035,1.00,10.12
2016.10.12 15:00:54.413,1.04033,1.04035,1.12,10.12
2016.10.12 15:00:54.516,1.04033,1.04035,1.12,10.87
2016.10.12 15:00:54.670,1.04033,1.04035,1.00,10.12
2016.10.12 15:00:54.970,1.04032,1.04034,1.00,1.00
2016.10.12 15:00:55.175,1.04033,1.04035,1.00,10.12
2016.10.12 15:00:55.226,1.04033,1.04035,1.00,1.12
2016.10.12 15:00:55.277,1.04033,1.04036,1.16,3.56
2016.10.12 15:00:55.328,1.04033,1.04036,1.16,2.06
2016.10.12 15:00:55.380,1.04033,1.04036,1.00,2.06
2016.10.12 15:00:55.812,1.04033,1.04036,1.12,2.06
2016.10.12 15:00:55.864,1.04035,1.04037,1.00,5.44
2016.10.12 15:00:55.915,1.04035,1.04036,1.00,1.31
2016.10.12 15:00:55.966,1.04035,1.04037,1.50,4.50
2016.10.12 15:00:56.018,1.04036,1.04038,1.00,9.00
2016.10.12 15:00:56.120,1.04037,1.04038,1.00,8.62
2016.10.12 15:00:56.223,1.04037,1.04039,1.00,2.06
2016.10.12 15:00:57.413,1.04038,1.04039,1.00,2.06
2016.10.12 15:00:57.567,1.04038,1.04039,1.00,1.31
2016.10.12 15:00:59.182,1.04037,1.04039,1.00,2.06
2016.10.12 15:00:59.589,1.04037,1.04039,1.00,1.31
2016.10.12 15:00:59.888,1.04038,1.0404,1.00,6.41
2016.10.12 15:00:59.940,1.04038,1.0404,1.00,5.66
2016.10.12 15:01:00.145,1.04038,1.0404,1.00,6.41
2016.10.12 15:01:00.196,1.04037,1.04039,1.00,1.31
2016.10.12 15:01:00.248,1.04036,1.04038,2.85,1.00
2016.10.12 15:01:00.504,1.04036,1.04038,3.04,1.00
2016.10.12 15:01:00.556,1.04036,1.04038,3.79,1.00
2016.10.12 15:01:00.760,1.04036,1.04038,4.54,1.00
2016.10.12 15:01:00.812,1.04037,1.04039,1.30,1.31
2016.10.12 15:01:00.863,1.04039,1.0404,1.50,1.35
2016.10.12 15:01:00.915,1.04039,1.04041,1.91,1.60
2016.10.12 15:01:00.967,1.04041,1.04043,1.00,2.29
2016.10.12 15:01:01.325,1.04042,1.04043,1.00,1.31
2016.10.12 15:01:01.377,1.04041,1.04043,3.04,1.00
2016.10.12 15:01:01.429,1.04041,1.04043,2.29,1.50
2016.10.12 15:01:01.483,1.04042,1.04043,1.00,1.50
2016.10.12 15:01:01.875,1.04041,1.04043,1.87,1.50
2016.10.12 15:01:01.928,1.04043,1.04045,1.00,3.56
2016.10.12 15:01:02.226,1.04041,1.04043,2.62,1.00
2016.10.12 15:01:02.328,1.04041,1.04043,1.87,1.00
2016.10.12 15:01:02.380,1.04041,1.04043,1.12,1.00
2016.10.12 15:01:02.431,1.0404,1.04042,1.87,1.00
2016.10.12 15:01:02.483,1.0404,1.04042,1.50,1.00
2016.10.12 15:01:03.051,1.04039,1.04042,2.25,1.00
2016.10.12 15:01:03.103,1.04039,1.04041,1.50,1.00
2016.10.12 15:01:03.154,1.04039,1.04041,1.00,1.00
2016.10.12 15:01:03.307,1.04038,1.04041,2.62,1.00
2016.10.12 15:01:03.358,1.04038,1.04041,2.25,1.12
2016.10.12 15:01:03.925,1.04038,1.0404,2.25,1.00
2016.10.12 15:01:04.034,1.04038,1.0404,1.50,1.00
2016.10.12 15:01:04.085,1.04039,1.04041,1.00,1.12
2016.10.12 15:01:04.289,1.04039,1.04041,1.50,1.12
2016.10.12 15:01:04.965,1.04039,1.04041,1.87,1.12
2016.10.12 15:01:05.017,1.04039,1.04042,2.10,1.69
2016.10.12 15:01:05.170,1.04041,1.04042,1.00,1.00
2016.10.12 15:01:05.221,1.04041,1.04042,1.50,1.00
2016.10.12 15:01:05.374,1.04041,1.04043,1.50,1.50
2016.10.12 15:01:05.477,1.04041,1.04043,1.87,1.12
2016.10.12 15:01:05.796,1.04041,1.04043,1.00,1.12
2016.10.12 15:01:05.902,1.04041,1.04043,1.00,1.50
2016.10.12 15:01:06.056,1.04041,1.04044,4.35,1.12
2016.10.12 15:01:06.107,1.04045,1.04046,1.87,3.75
2016.10.12 15:01:06.158,1.04045,1.04046,3.38,1.87
2016.10.12 15:01:06.210,1.04046,1.04047,1.50,1.25
2016.10.12 15:01:06.416,1.04046,1.04047,1.50,1.31
2016.10.12 15:01:06.468,1.04046,1.04048,1.69,2.06
2016.10.12 15:01:06.519,1.04046,1.04048,1.50,2.06
2016.10.12 15:01:07.404,1.04046,1.04048,1.00,2.06
2016.10.12 15:01:07.471,1.04046,1.04048,1.00,2.81
2016.10.12 15:01:07.835,1.04046,1.04048,1.50,2.81
2016.10.12 15:01:08.143,1.04046,1.04048,1.50,2.62
2016.10.12 15:01:08.194,1.04046,1.04048,1.87,2.25
2016.10.12 15:01:08.246,1.04046,1.04048,1.50,2.25
2016.10.12 15:01:08.297,1.04046,1.04048,1.12,2.25
2016.10.12 15:01:08.515,1.04046,1.04048,1.12,1.87
2016.10.12 15:01:08.719,1.04045,1.04047,2.62,1.00
2016.10.12 15:01:08.771,1.04045,1.04047,2.25,1.00
2016.10.12 15:01:08.822,1.04045,1.04047,1.50,1.00
2016.10.12 15:01:08.873,1.04044,1.04047,1.87,1.50
2016.10.12 15:01:08.928,1.04044,1.04046,1.00,1.00
2016.10.12 15:01:08.979,1.04042,1.04045,5.62,1.50
2016.10.12 15:01:09.030,1.04042,1.04045,5.25,2.44
2016.10.12 15:01:09.082,1.04042,1.04043,1.12,1.00
2016.10.12 15:01:09.133,1.04043,1.04044,1.00,1.00
2016.10.12 15:01:09.184,1.04042,1.04044,1.50,1.00
2016.10.12 15:01:09.383,1.04042,1.04044,2.25,1.00
2016.10.12 15:01:09.434,1.04046,1.04047,1.00,1.87
2016.10.12 15:01:09.995,1.04046,1.04047,1.00,1.12
2016.10.12 15:01:10.351,1.04048,1.0405,1.00,1.69
2016.10.12 15:01:10.403,1.04048,1.04051,1.00,3.19
2016.10.12 15:01:10.457,1.04049,1.04051,1.00,4.69
2016.10.12 15:01:10.508,1.04048,1.0405,1.00,2.06
2016.10.12 15:01:10.560,1.04049,1.0405,1.00,1.87
2016.10.12 15:01:10.662,1.04048,1.0405,1.00,2.44
2016.10.12 15:01:10.764,1.04049,1.04051,1.00,2.06
2016.10.12 15:01:10.816,1.04047,1.04051,3.22,2.81
2016.10.12 15:01:11.277,1.04049,1.04051,1.00,1.25
2016.10.12 15:01:11.430,1.0405,1.04052,1.00,2.81
2016.10.12 15:01:11.481,1.0405,1.04052,1.00,1.12
2016.10.12 15:01:11.533,1.0405,1.04052,1.50,1.12
2016.10.12 15:01:11.584,1.04053,1.04054,1.00,8.62
2016.10.12 15:01:11.635,1.04053,1.04054,1.12,8.62
2016.10.12 15:01:11.686,1.04053,1.04054,1.12,8.25
2016.10.12 15:01:11.738,1.04053,1.04054,1.12,7.50
2016.10.12 15:01:12.247,1.04052,1.04054,2.25,8.25
2016.10.12 15:01:12.350,1.04052,1.04054,2.25,1.00
2016.10.12 15:01:12.765,1.04053,1.04055,1.12,1.00
2016.10.12 15:01:12.816,1.04054,1.04056,1.00,3.19
2016.10.12 15:01:12.918,1.04054,1.04056,1.00,2.81
2016.10.12 15:01:12.969,1.04054,1.04056,1.50,2.81
2016.10.12 15:01:13.670,1.04054,1.04056,1.50,2.06
2016.10.12 15:01:13.722,1.04054,1.04056,2.25,2.06
2016.10.12 15:01:13.878,1.04054,1.04055,2.25,1.00
2016.10.12 15:01:14.516,1.04056,1.04058,1.00,6.37
2016.10.12 15:01:14.761,1.04057,1.04059,1.50,6.56
2016.10.12 15:01:14.813,1.04057,1.04058,1.50,1.50
2016.10.12 15:01:14.865,1.04057,1.04058,1.00,1.00
2016.10.12 15:01:14.916,1.04056,1.04058,1.12,1.00
2016.10.12 15:01:14.967,1.04055,1.04057,2.25,1.69
2016.10.12 15:01:15.018,1.04056,1.04057,1.87,2.06
2016.10.12 15:01:15.070,1.04056,1.04057,1.87,1.31
2016.10.12 15:01:15.277,1.04056,1.04057,1.87,1.25
2016.10.12 15:01:15.333,1.04056,1.04057,1.12,1.50
2016.10.12 15:01:15.538,1.04055,1.04057,2.25,1.50
2016.10.12 15:01:15.589,1.04055,1.04057,2.25,1.50
2016.10.12 15:01:16.004,1.04056,1.04057,1.87,1.00
2016.10.12 15:01:16.939,1.04056,1.04057,1.12,1.00
2016.10.12 15:01:17.041,1.04055,1.04057,2.25,1.00
2016.10.12 15:01:17.093,1.04055,1.04057,2.25,1.12
2016.10.12 15:01:17.144,1.04056,1.04057,1.12,1.50
2016.10.12 15:01:17.539,1.04053,1.04054,1.00,1.00
2016.10.12 15:01:17.590,1.04052,1.04054,1.00,2.25
2016.10.12 15:01:17.663,1.04053,1.04054,1.50,2.25
2016.10.12 15:01:17.715,1.04053,1.04054,1.50,2.62
2016.10.12 15:01:17.766,1.04053,1.04054,1.50,1.87
2016.10.12 15:01:18.221,1.04054,1.04055,1.00,4.87
2016.10.12 15:01:18.280,1.04054,1.04055,1.50,2.25
2016.10.12 15:01:18.434,1.04055,1.04056,1.00,8.62
2016.10.12 15:01:18.537,1.04055,1.04056,1.00,7.87
2016.10.12 15:01:18.639,1.04054,1.04055,1.50,2.25
2016.10.12 15:01:19.916,1.04055,1.04057,1.00,1.87
2016.10.12 15:01:19.968,1.04055,1.04056,1.00,1.00
2016.10.12 15:01:20.122,1.04055,1.04057,1.50,1.12
2016.10.12 15:01:20.225,1.04055,1.04057,1.87,1.00
2016.10.12 15:01:20.380,1.04055,1.04057,1.87,1.50
2016.10.12 15:01:20.601,1.04055,1.04057,1.50,1.87
2016.10.12 15:01:20.653,1.04055,1.04057,1.00,1.87
2016.10.12 15:01:20.807,1.04055,1.04057,1.00,1.12
2016.10.12 15:01:21.202,1.04056,1.04058,1.00,2.62
2016.10.12 15:01:21.253,1.04056,1.04058,1.00,2.25
2016.10.12 15:01:21.548,1.04057,1.04058,1.00,1.00
2016.10.12 15:01:21.600,1.04055,1.04057,1.00,1.12
2016.10.12 15:01:21.651,1.04054,1.04055,1.50,2.25
2016.10.12 15:01:21.702,1.04053,1.04055,3.00,3.44
2016.10.12 15:01:21.753,1.04052,1.04053,2.62,1.50
2016.10.12 15:01:21.805,1.04051,1.04053,2.62,2.87
2016.10.12 15:01:21.856,1.04051,1.04053,1.00,2.62
2016.10.12 15:01:21.908,1.04051,1.04052,1.00,1.87
2016.10.12 15:01:21.959,1.04049,1.04051,1.50,3.75
2016.10.12 15:01:22.010,1.04049,1.0405,1.00,1.00
2016.10.12 15:01:22.062,1.04048,1.0405,1.50,2.50
2016.10.12 15:01:22.275,1.04048,1.04049,1.50,1.00
2016.10.12 15:01:22.326,1.04048,1.04049,1.50,1.00
2016.10.12 15:01:22.428,1.04048,1.04049,1.50,1.00
2016.10.12 15:01:22.733,1.04048,1.04049,1.00,1.00
2016.10.12 15:01:23.062,1.04047,1.0405,1.50,2.62
2016.10.12 15:01:23.114,1.04048,1.0405,1.00,2.62
2016.10.12 15:01:24.087,1.04048,1.0405,1.50,1.87
2016.10.12 15:01:24.291,1.04048,1.0405,1.50,1.12
2016.10.12 15:01:24.789,1.04048,1.0405,1.50,1.87
2016.10.12 15:01:25.155,1.04048,1.04049,1.50,1.00
2016.10.12 15:01:25.211,1.04048,1.04049,1.50,1.50
2016.10.12 15:01:25.467,1.04048,1.04049,1.00,1.00
2016.10.12 15:01:25.569,1.04048,1.04049,1.00,1.50
2016.10.12 15:01:26.128,1.04048,1.04049,1.00,2.25
2016.10.12 15:01:26.235,1.04047,1.04049,1.00,1.50
2016.10.12 15:01:26.287,1.04048,1.0405,1.00,1.87
2016.10.12 15:01:26.389,1.04049,1.0405,1.00,1.12
2016.10.12 15:01:26.492,1.04049,1.0405,1.00,1.00
2016.10.12 15:01:26.795,1.04049,1.04051,1.00,1.69
2016.10.12 15:01:26.876,1.04049,1.04051,1.00,1.50
2016.10.12 15:01:27.187,1.04049,1.04051,1.00,3.56
2016.10.12 15:01:27.238,1.04048,1.0405,1.00,1.00
2016.10.12 15:01:27.556,1.04048,1.0405,1.00,1.00
2016.10.12 15:01:27.923,1.04048,1.04049,1.00,1.00
2016.10.12 15:01:30.025,1.04048,1.04049,1.12,1.00
2016.10.12 15:01:30.178,1.04048,1.0405,1.12,3.00
2016.10.12 15:01:30.885,1.04048,1.0405,1.12,2.25
2016.10.12 15:01:30.938,1.04048,1.04049,1.12,1.00
2016.10.12 15:01:30.990,1.04047,1.04048,1.00,1.00
2016.10.12 15:01:31.042,1.04046,1.04047,1.00,1.00
2016.10.12 15:01:31.094,1.04046,1.04047,2.25,1.50
2016.10.12 15:01:31.146,1.04046,1.04047,2.62,1.50
2016.10.12 15:01:31.197,1.04046,1.04047,1.12,1.87
2016.10.12 15:01:31.249,1.04046,1.04047,1.00,1.12
2016.10.12 15:01:31.300,1.04046,1.04048,1.00,2.62
2016.10.12 15:01:31.535,1.04048,1.04049,1.00,4.50
2016.10.12 15:01:31.586,1.04048,1.04049,1.00,1.00
2016.10.12 15:01:31.846,1.04047,1.04049,1.12,1.00
2016.10.12 15:01:31.897,1.04049,1.04051,1.00,1.50
2016.10.12 15:01:31.949,1.0405,1.04051,1.00,1.00
2016.10.12 15:01:32.001,1.04051,1.04052,1.00,3.75
2016.10.12 15:01:32.274,1.04054,1.04055,1.00,1.87
2016.10.12 15:01:32.393,1.04054,1.04055,1.00,1.50
2016.10.12 15:01:32.464,1.04054,1.04056,1.00,2.62
2016.10.12 15:01:32.517,1.04055,1.04056,1.00,1.87
2016.10.12 15:01:32.569,1.04055,1.04056,1.00,1.50
2016.10.12 15:01:32.620,1.04055,1.04056,1.00,1.00
2016.10.12 15:01:32.774,1.04053,1.04055,1.12,1.00
2016.10.12 15:01:32.982,1.04053,1.04054,1.00,1.00
2016.10.12 15:01:33.034,1.04051,1.04053,3.37,1.00
2016.10.12 15:01:33.136,1.04051,1.04053,1.87,1.00
2016.10.12 15:01:33.340,1.04051,1.04053,1.50,1.00
2016.10.12 15:01:33.860,1.04052,1.04054,1.12,1.00
2016.10.12 15:01:33.911,1.04052,1.04055,1.12,1.50
2016.10.12 15:01:33.962,1.04052,1.04055,2.25,1.00
2016.10.12 15:01:34.884,1.04052,1.04055,1.50,1.12
2016.10.12 15:01:35.036,1.04052,1.04054,1.50,1.00
2016.10.12 15:01:35.759,1.04052,1.04054,1.50,1.50
2016.10.12 15:01:35.811,1.04052,1.04054,1.00,1.50
2016.10.12 15:01:35.863,1.04052,1.04053,1.00,1.00
2016.10.12 15:01:35.915,1.04051,1.04053,4.12,1.00
2016.10.12 15:01:35.966,1.04049,1.04051,1.37,1.50
2016.10.12 15:01:36.018,1.04048,1.0405,2.25,1.00
2016.10.12 15:01:36.070,1.04048,1.0405,2.62,1.00
2016.10.12 15:01:36.121,1.04048,1.0405,1.50,1.00
2016.10.12 15:01:36.172,1.04047,1.04048,2.70,1.50
2016.10.12 15:01:36.223,1.04047,1.04048,1.57,1.50
2016.10.12 15:01:36.275,1.04046,1.04048,2.62,1.50
2016.10.12 15:01:36.978,1.04046,1.04048,2.85,1.50
2016.10.12 15:01:37.481,1.04048,1.04049,1.87,1.00
2016.10.12 15:01:37.533,1.04048,1.0405,1.87,1.50
2016.10.12 15:01:37.584,1.04049,1.0405,1.00,1.00
2016.10.12 15:01:37.636,1.04049,1.0405,1.72,1.00
2016.10.12 15:01:37.687,1.0405,1.04051,1.00,1.50
2016.10.12 15:01:39.099,1.0405,1.04051,1.00,1.00
2016.10.12 15:01:39.150,1.0405,1.04051,1.00,1.50
2016.10.12 15:01:39.201,1.0405,1.04051,1.00,1.00
2016.10.12 15:01:39.516,1.04049,1.04051,1.87,1.00
2016.10.12 15:01:39.757,1.04049,1.0405,3.04,1.00
2016.10.12 15:01:39.809,1.04051,1.04052,1.00,1.12
2016.10.12 15:01:39.864,1.04051,1.04052,1.50,1.12
2016.10.12 15:01:39.915,1.04051,1.04053,1.87,1.50
2016.10.12 15:01:41.314,1.04051,1.04053,2.25,1.00
2016.10.12 15:01:41.541,1.04051,1.04053,2.62,1.00
2016.10.12 15:01:41.593,1.04051,1.04053,2.25,1.00
2016.10.12 15:01:42.102,1.0405,1.04053,7.50,1.50
2016.10.12 15:01:42.154,1.0405,1.04052,6.00,1.50
2016.10.12 15:01:42.412,1.04047,1.04048,2.25,1.00
2016.10.12 15:01:42.481,1.04047,1.04048,1.50,1.00
2016.10.12 15:01:42.532,1.04047,1.04048,1.00,1.50
2016.10.12 15:01:42.583,1.04046,1.04048,3.37,1.50
2016.10.12 15:01:44.441,1.04046,1.04048,4.12,1.50
2016.10.12 15:01:44.543,1.04046,1.04048,3.37,1.50
2016.10.12 15:01:44.594,1.04046,1.04048,2.62,2.25
2016.10.12 15:01:47.223,1.04046,1.04048,1.87,2.25
2016.10.12 15:01:47.719,1.04046,1.04048,2.62,2.25
2016.10.12 15:01:47.800,1.04046,1.04048,3.22,2.25
2016.10.12 15:01:47.903,1.04046,1.04048,3.97,2.25
2016.10.12 15:01:47.954,1.04046,1.04048,3.97,1.50
2016.10.12 15:01:48.145,1.04046,1.04048,3.60,3.75
2016.10.12 15:01:48.196,1.04041,1.04044,4.50,1.12
2016.10.12 15:01:48.247,1.04041,1.04042,3.75,1.00
2016.10.12 15:01:48.298,1.04041,1.04043,1.37,1.87
2016.10.12 15:01:48.349,1.04039,1.04041,3.79,1.00
2016.10.12 15:01:48.401,1.0404,1.04042,2.25,1.50
2016.10.12 15:01:48.453,1.0404,1.04042,1.37,2.25
2016.10.12 15:01:48.504,1.04039,1.04041,1.35,1.50
2016.10.12 15:01:48.556,1.0404,1.04041,1.00,1.00
2016.10.12 15:01:48.607,1.0404,1.04042,1.12,1.50
2016.10.12 15:01:48.827,1.0404,1.04042,1.12,2.25
2016.10.12 15:01:48.879,1.04039,1.04042,4.05,1.50
2016.10.12 15:01:48.932,1.0404,1.04042,1.00,1.50
2016.10.12 15:01:49.034,1.0404,1.04042,1.87,1.50
2016.10.12 15:01:49.136,1.0404,1.04042,2.62,1.00
2016.10.12 15:01:49.188,1.04041,1.04042,1.00,1.00
2016.10.12 15:01:49.532,1.04041,1.04042,1.00,1.50
2016.10.12 15:01:50.524,1.04039,1.0404,5.62,1.50
2016.10.12 15:01:50.627,1.04036,1.04038,1.87,1.00
2016.10.12 15:01:50.678,1.04036,1.04038,1.50,1.00
2016.10.12 15:01:50.729,1.04036,1.04037,2.62,1.50
2016.10.12 15:01:50.831,1.04036,1.04037,1.12,1.50
2016.10.12 15:01:50.883,1.04036,1.04037,2.10,1.00
2016.10.12 15:01:51.094,1.04036,1.04037,1.87,1.00
2016.10.12 15:01:51.145,1.04035,1.04037,1.50,1.00
2016.10.12 15:01:51.198,1.04035,1.04037,1.12,1.00
2016.10.12 15:01:51.252,1.04035,1.04037,1.00,1.00
2016.10.12 15:01:51.355,1.04035,1.04036,1.50,1.00
2016.10.12 15:01:51.407,1.04035,1.04037,1.50,1.50
2016.10.12 15:01:51.458,1.04035,1.0404,4.50,3.94
2016.10.12 15:01:51.510,1.04035,1.0404,4.50,3.94
2016.10.12 15:01:51.561,1.04035,1.0404,4.50,4.31
2016.10.12 15:01:51.761,1.04036,1.04037,1.00,1.50
2016.10.12 15:01:51.864,1.04035,1.04037,4.00,1.50
2016.10.12 15:01:52.119,1.04034,1.04037,6.75,1.50
2016.10.12 15:01:52.171,1.04034,1.04036,7.12,1.00
2016.10.12 15:01:52.284,1.04034,1.04036,6.75,1.00
2016.10.12 15:01:52.337,1.04034,1.04036,7.87,1.00
2016.10.12 15:01:52.622,1.04034,1.04036,8.25,1.00
2016.10.12 15:01:52.674,1.04035,1.04036,1.12,1.00
2016.10.12 15:01:52.828,1.04034,1.04036,7.16,1.00
2016.10.12 15:01:52.930,1.04034,1.04036,6.04,1.00
2016.10.12 15:01:52.982,1.04034,1.04036,5.29,1.00
2016.10.12 15:01:53.033,1.04034,1.04037,5.62,1.50
2016.10.12 15:01:53.084,1.04034,1.04036,4.87,1.00
2016.10.12 15:01:53.136,1.04034,1.04036,1.57,1.00
2016.10.12 15:01:53.374,1.04034,1.04036,1.57,1.50
2016.10.12 15:01:53.425,1.04034,1.04036,3.75,1.50
2016.10.12 15:01:53.527,1.04034,1.04036,6.37,1.50
2016.10.12 15:01:53.579,1.04034,1.04036,6.75,1.50
2016.10.12 15:01:53.630,1.04035,1.04036,1.12,1.50
2016.10.12 15:01:54.365,1.04034,1.04036,4.87,1.50
2016.10.12 15:01:54.417,1.04035,1.04036,1.12,1.00
2016.10.12 15:01:54.468,1.04036,1.04037,1.00,1.00
2016.10.12 15:01:54.519,1.04038,1.04039,1.50,1.50
2016.10.12 15:01:54.570,1.04038,1.0404,1.50,3.62
2016.10.12 15:01:54.621,1.04038,1.0404,3.07,3.62
2016.10.12 15:01:54.672,1.04038,1.04042,2.85,1.87
2016.10.12 15:01:54.774,1.04038,1.04042,3.22,1.50
2016.10.12 15:01:55.136,1.04038,1.04042,3.07,1.50
2016.10.12 15:01:55.188,1.04039,1.04042,1.12,1.50
2016.10.12 15:01:55.242,1.04039,1.04042,1.54,1.00
2016.10.12 15:01:55.293,1.04038,1.0404,2.47,1.00
2016.10.12 15:01:55.344,1.04038,1.0404,2.10,1.00
2016.10.12 15:01:55.396,1.04038,1.0404,1.37,1.50
2016.10.12 15:01:55.447,1.04037,1.0404,2.25,2.25
2016.10.12 15:01:55.499,1.04037,1.0404,1.12,2.25
2016.10.12 15:01:55.550,1.04036,1.04038,4.16,1.50
2016.10.12 15:01:55.601,1.04036,1.04038,3.79,1.50
2016.10.12 15:01:55.850,1.04037,1.04038,1.50,1.50
2016.10.12 15:01:55.957,1.04037,1.04039,1.12,1.00
2016.10.12 15:01:56.109,1.04037,1.04039,1.50,1.00
2016.10.12 15:01:56.160,1.04037,1.04039,1.50,1.50
2016.10.12 15:01:56.212,1.04037,1.04039,1.00,1.87
2016.10.12 15:01:56.792,1.04036,1.04038,1.50,1.00
2016.10.12 15:01:56.849,1.04036,1.04038,1.50,1.50
2016.10.12 15:01:57.206,1.04036,1.04037,1.50,1.00
2016.10.12 15:01:57.464,1.04036,1.04037,1.50,1.50
2016.10.12 15:01:57.782,1.04038,1.04039,1.00,1.12
2016.10.12 15:01:57.834,1.04038,1.04039,2.85,1.12
2016.10.12 15:01:57.886,1.04038,1.0404,4.05,1.00
2016.10.12 15:01:57.937,1.04039,1.0404,1.20,1.00
2016.10.12 15:01:57.988,1.04039,1.04042,6.19,2.25
2016.10.12 15:01:58.040,1.04039,1.04042,7.12,2.25
2016.10.12 15:01:58.269,1.04039,1.0404,6.75,1.00
2016.10.12 15:01:58.322,1.04038,1.0404,7.87,1.00
2016.10.12 15:01:58.375,1.04038,1.04039,3.00,1.50
2016.10.12 15:01:58.532,1.04038,1.04039,1.87,1.50
2016.10.12 15:01:59.109,1.04039,1.0404,2.62,1.12
2016.10.12 15:01:59.160,1.04039,1.04042,3.37,3.19
2016.10.12 15:01:59.212,1.04039,1.0404,2.62,1.12
2016.10.12 15:01:59.263,1.04036,1.04038,2.62,1.00
2016.10.12 15:01:59.314,1.04036,1.04038,1.50,1.00
2016.10.12 15:01:59.366,1.04036,1.04037,1.12,1.50
2016.10.12 15:01:59.417,1.04036,1.04037,1.00,1.00
2016.10.12 15:01:59.468,1.04035,1.04037,1.35,1.00
2016.10.12 15:01:59.708,1.04037,1.04039,1.00,2.25
2016.10.12 15:01:59.862,1.04036,1.04038,1.91,1.00
2016.10.12 15:01:59.913,1.04036,1.04039,2.66,2.25
2016.10.12 15:01:59.965,1.04036,1.04037,3.60,1.00
2016.10.12 15:02:00.068,1.04036,1.04039,1.12,2.25
2016.10.12 15:02:00.423,1.04036,1.04037,1.00,1.12
2016.10.12 15:02:00.480,1.04037,1.04039,1.00,2.25
2016.10.12 15:02:00.687,1.04037,1.04038,1.00,1.12
2016.10.12 15:02:00.757,1.04035,1.04036,1.00,1.50
2016.10.12 15:02:00.809,1.04036,1.04037,1.00,1.00
2016.10.12 15:02:00.860,1.04037,1.04038,1.00,1.12
2016.10.12 15:02:00.962,1.04037,1.04039,1.00,1.50
2016.10.12 15:02:01.064,1.04037,1.04039,1.00,2.25
2016.10.12 15:02:01.116,1.04037,1.04039,1.00,2.25
2016.10.12 15:02:01.169,1.04038,1.04039,1.00,2.25
2016.10.12 15:02:01.705,1.04038,1.04039,1.00,1.87
2016.10.12 15:02:02.123,1.04037,1.04039,1.50,1.87
2016.10.12 15:02:02.481,1.04037,1.04039,2.25,1.87
2016.10.12 15:02:03.008,1.04037,1.04039,1.50,1.87
2016.10.12 15:02:03.059,1.04037,1.04038,1.00,1.00
2016.10.12 15:02:03.110,1.04037,1.04039,1.00,2.12
2016.10.12 15:02:03.162,1.04037,1.04038,1.00,1.50
2016.10.12 15:02:03.885,1.04038,1.04039,1.50,1.12
2016.10.12 15:02:03.936,1.04039,1.0404,1.50,1.50
2016.10.12 15:02:03.990,1.04039,1.0404,3.56,1.00
2016.10.12 15:02:04.042,1.04039,1.04041,3.56,1.50
2016.10.12 15:02:04.402,1.04039,1.04041,3.56,1.12
2016.10.12 15:02:04.504,1.04039,1.04041,4.31,1.12
2016.10.12 15:02:05.334,1.04039,1.04041,4.69,1.12
2016.10.12 15:02:05.743,1.04039,1.04041,4.69,1.87
2016.10.12 15:02:05.794,1.04039,1.04041,3.94,1.50
2016.10.12 15:02:06.005,1.0404,1.04042,2.06,1.50
2016.10.12 15:02:06.057,1.04041,1.04042,1.00,1.50
2016.10.12 15:02:06.455,1.04041,1.04042,1.12,1.50
2016.10.12 15:02:06.512,1.04041,1.04043,1.87,1.00
2016.10.12 15:02:06.814,1.0404,1.04042,2.62,1.00
2016.10.12 15:02:06.874,1.04041,1.04043,2.81,1.50
2016.10.12 15:02:06.925,1.04041,1.04043,3.19,1.50
2016.10.12 15:02:06.976,1.04041,1.04043,3.56,1.50
2016.10.12 15:02:07.027,1.04042,1.04043,1.00,1.00
2016.10.12 15:02:07.078,1.04041,1.04043,3.56,1.50
2016.10.12 15:02:07.129,1.04041,1.04043,2.81,1.50
2016.10.12 15:02:07.181,1.04041,1.04043,2.62,1.50
2016.10.12 15:02:07.284,1.04041,1.04042,1.87,1.00
2016.10.12 15:02:07.335,1.04041,1.04043,2.25,1.50
2016.10.12 15:02:07.612,1.04041,1.04042,1.50,1.50
2016.10.12 15:02:08.522,1.04041,1.04042,1.12,1.50
2016.10.12 15:02:08.827,1.0404,1.04043,2.62,1.87
2016.10.12 15:02:08.878,1.04041,1.04042,1.12,1.00
2016.10.12 15:02:08.930,1.04041,1.04043,1.87,2.06
2016.10.12 15:02:09.372,1.04042,1.04045,1.87,2.44
2016.10.12 15:02:09.442,1.04043,1.04045,1.37,2.44
2016.10.12 15:02:09.493,1.04042,1.04045,2.62,2.44
2016.10.12 15:02:09.544,1.04042,1.04045,1.87,2.44
2016.10.12 15:02:09.595,1.04042,1.04043,1.12,1.50
2016.10.12 15:02:09.647,1.04042,1.04044,1.37,1.50
2016.10.12 15:02:10.040,1.04042,1.04043,1.50,1.50
2016.10.12 15:02:10.092,1.04042,1.04043,3.00,1.00
2016.10.12 15:02:10.245,1.04043,1.04045,1.37,2.44
2016.10.12 15:02:10.297,1.04042,1.04043,3.75,1.00
2016.10.12 15:02:10.348,1.04043,1.04045,1.37,2.44
2016.10.12 15:02:10.399,1.04044,1.04045,1.00,2.06
2016.10.12 15:02:10.723,1.04043,1.04046,1.87,2.44
2016.10.12 15:02:10.776,1.04043,1.04046,2.25,2.44
2016.10.12 15:02:10.827,1.04043,1.04044,2.25,1.50
2016.10.12 15:02:11.033,1.04045,1.04047,1.50,7.69
2016.10.12 15:02:11.085,1.04045,1.04046,3.00,1.00
2016.10.12 15:02:11.139,1.04047,1.04048,1.00,3.19
2016.10.12 15:02:11.367,1.04047,1.04048,1.12,2.62
2016.10.12 15:02:11.419,1.04047,1.04048,1.12,1.87
2016.10.12 15:02:11.623,1.04047,1.04048,1.12,1.50
2016.10.12 15:02:11.726,1.04047,1.04049,1.50,1.87
2016.10.12 15:02:11.828,1.04047,1.04048,1.50,1.50
2016.10.12 15:02:12.163,1.04047,1.04049,1.50,1.87
2016.10.12 15:02:12.215,1.04046,1.04048,2.25,1.00
2016.10.12 15:02:12.267,1.04046,1.04049,1.87,1.50
2016.10.12 15:02:12.523,1.04046,1.04049,2.62,1.50
2016.10.12 15:02:12.795,1.04047,1.04049,1.50,1.00
2016.10.12 15:02:13.341,1.04048,1.0405,1.12,2.05
2016.10.12 15:02:13.392,1.04047,1.04049,1.50,1.00
2016.10.12 15:02:13.494,1.04048,1.04049,1.00,1.00
2016.10.12 15:02:13.796,1.04047,1.04049,1.50,1.00
2016.10.12 15:02:14.627,1.04047,1.04049,1.50,1.00
2016.10.12 15:02:14.730,1.04046,1.04049,1.12,1.50
2016.10.12 15:02:14.781,1.04045,1.04047,3.37,1.00
2016.10.12 15:02:14.832,1.04045,1.04048,1.12,2.44
2016.10.12 15:02:14.883,1.04044,1.04046,1.12,1.00
2016.10.12 15:02:15.137,1.04046,1.04048,1.37,1.12
2016.10.12 15:02:15.242,1.04047,1.04049,1.00,1.87
2016.10.12 15:02:15.293,1.04046,1.04048,1.50,1.12
2016.10.12 15:02:15.344,1.04046,1.04047,1.12,1.00
2016.10.12 15:02:15.395,1.04047,1.04048,1.00,1.50
2016.10.12 15:02:15.446,1.04046,1.04048,1.50,1.50
2016.10.12 15:02:15.498,1.04045,1.04046,1.50,1.50
2016.10.12 15:02:15.549,1.04042,1.04044,3.00,1.50
2016.10.12 15:02:15.994,1.04041,1.04043,2.62,1.50
2016.10.12 15:02:16.082,1.04041,1.04042,1.12,1.50
2016.10.12 15:02:16.133,1.04041,1.04042,1.00,1.50
2016.10.12 15:02:16.491,1.04041,1.04042,1.50,1.00
2016.10.12 15:02:16.760,1.04041,1.04043,2.25,1.50
2016.10.12 15:02:16.812,1.04041,1.04043,1.50,1.00
2016.10.12 15:02:16.866,1.04041,1.04042,1.00,1.00
2016.10.12 15:02:16.922,1.04041,1.04042,1.00,1.50
2016.10.12 15:02:16.974,1.0404,1.04042,3.37,1.50
2016.10.12 15:02:17.026,1.0404,1.04042,2.25,1.50
2016.10.12 15:02:17.321,1.0404,1.04042,1.87,1.50
2016.10.12 15:02:17.475,1.0404,1.04042,1.50,1.50
2016.10.12 15:02:17.527,1.0404,1.04042,1.00,11.47
2016.10.12 15:02:17.579,1.04038,1.0404,1.95,1.00
2016.10.12 15:02:17.631,1.04037,1.04038,1.87,1.50
2016.10.12 15:02:17.684,1.04037,1.04038,1.12,1.50
2016.10.12 15:02:17.913,1.04036,1.04037,2.44,1.50
2016.10.12 15:02:17.966,1.04036,1.04038,2.81,1.00
2016.10.12 15:02:18.019,1.04035,1.04037,3.00,1.00
2016.10.12 15:02:18.070,1.04035,1.04037,1.50,1.00
2016.10.12 15:02:18.126,1.04035,1.04036,1.31,1.50
2016.10.12 15:02:18.178,1.04035,1.04036,1.69,1.00
2016.10.12 15:02:18.231,1.04035,1.04037,1.00,1.50
2016.10.12 15:02:18.654,1.04035,1.04037,1.76,1.50
2016.10.12 15:02:18.705,1.04035,1.04037,2.14,1.50
2016.10.12 15:02:18.757,1.04036,1.04037,1.10,1.50
2016.10.12 15:02:18.860,1.04036,1.04037,1.00,1.50
2016.10.12 15:02:19.878,1.04036,1.04038,1.50,1.50
2016.10.12 15:02:20.310,1.04037,1.04038,1.00,1.00
2016.10.12 15:02:20.413,1.04036,1.04039,1.75,1.50
2016.10.12 15:02:20.464,1.04036,1.04037,1.50,1.00
2016.10.12 15:02:20.566,1.04036,1.04039,1.75,1.50
2016.10.12 15:02:20.826,1.04036,1.04037,1.50,1.00
2016.10.12 15:02:20.877,1.04039,1.04041,1.00,3.75
2016.10.12 15:02:20.928,1.04038,1.04041,1.00,1.50
2016.10.12 15:02:20.979,1.0404,1.04041,1.00,1.00
2016.10.12 15:02:21.031,1.0404,1.04041,1.87,1.00
2016.10.12 15:02:21.083,1.04042,1.04044,1.50,3.56
2016.10.12 15:02:21.134,1.04042,1.04044,1.50,4.69
2016.10.12 15:02:21.185,1.04043,1.04045,1.00,9.19
2016.10.12 15:02:21.236,1.04041,1.04043,1.00,1.25
2016.10.12 15:02:21.463,1.04044,1.04046,1.00,10.16
2016.10.12 15:02:21.515,1.04045,1.04047,2.12,10.69
2016.10.12 15:02:21.566,1.04045,1.04047,1.00,1.69
2016.10.12 15:02:21.617,1.04044,1.04046,1.50,1.25
2016.10.12 15:02:21.669,1.04045,1.04046,1.12,1.69
2016.10.12 15:02:21.721,1.04044,1.04046,1.12,1.25
2016.10.12 15:02:21.773,1.04043,1.04047,2.25,1.69
2016.10.12 15:02:21.824,1.04043,1.04047,2.25,1.31
2016.10.12 15:02:21.876,1.04043,1.04047,2.25,1.12
2016.10.12 15:02:22.354,1.04043,1.04047,2.62,1.87
2016.10.12 15:02:22.406,1.04043,1.04047,3.00,1.50
2016.10.12 15:02:22.661,1.04045,1.04049,1.39,4.69
2016.10.12 15:02:22.712,1.04045,1.04049,1.76,4.31
2016.10.12 15:02:22.763,1.04045,1.04049,1.76,3.94
2016.10.12 15:02:23.074,1.04045,1.04049,2.51,1.19
2016.10.12 15:02:23.125,1.04047,1.0405,1.12,3.19
2016.10.12 15:02:23.177,1.04048,1.0405,1.00,1.12
2016.10.12 15:02:23.229,1.04049,1.0405,1.00,1.00
2016.10.12 15:02:23.280,1.04048,1.04051,2.62,2.06
2016.10.12 15:02:23.333,1.04048,1.04051,1.87,3.94
2016.10.12 15:02:23.385,1.04048,1.0405,1.50,1.31
2016.10.12 15:02:23.436,1.04048,1.0405,1.50,2.06
2016.10.12 15:02:23.488,1.04048,1.0405,1.00,2.81
2016.10.12 15:02:23.815,1.04046,1.0405,1.75,2.81
2016.10.12 15:02:23.867,1.04046,1.04049,1.75,1.25
2016.10.12 15:02:23.970,1.04046,1.0405,1.75,2.06
2016.10.12 15:02:24.176,1.04047,1.0405,1.87,1.12
2016.10.12 15:02:24.450,1.0405,1.04052,1.12,2.06
2016.10.12 15:02:24.502,1.04053,1.04055,1.50,2.06
2016.10.12 15:02:24.554,1.04052,1.04054,1.00,2.25
2016.10.12 15:02:24.609,1.04052,1.04054,1.00,1.50
2016.10.12 15:02:24.660,1.04052,1.04055,1.00,2.44
2016.10.12 15:02:24.763,1.04052,1.04055,1.00,1.69
2016.10.12 15:02:24.814,1.04052,1.04056,1.87,5.06
2016.10.12 15:02:24.866,1.04052,1.04056,1.87,3.94
2016.10.12 15:02:25.142,1.04055,1.04056,1.00,1.31
2016.10.12 15:02:25.297,1.04055,1.04057,1.00,3.94
2016.10.12 15:02:25.349,1.04055,1.04057,1.00,3.19
2016.10.12 15:02:25.404,1.04053,1.04057,1.50,3.19
2016.10.12 15:02:25.455,1.04055,1.04057,1.00,1.69
2016.10.12 15:02:25.507,1.04057,1.04058,1.30,1.00
2016.10.12 15:02:25.558,1.04058,1.0406,1.00,6.56
2016.10.12 15:02:25.807,1.04059,1.0406,1.50,1.87
2016.10.12 15:02:25.858,1.04059,1.04061,1.50,1.12
2016.10.12 15:02:25.909,1.0406,1.04063,1.00,2.81
2016.10.12 15:02:26.319,1.04062,1.04063,1.50,1.12
2016.10.12 15:02:26.370,1.04062,1.04063,1.87,1.12
2016.10.12 15:02:26.473,1.04062,1.04063,1.87,1.12
2016.10.12 15:02:26.524,1.04062,1.04064,1.87,1.50
2016.10.12 15:02:26.773,1.04064,1.04065,1.50,2.44
2016.10.12 15:02:26.875,1.04064,1.04065,1.50,3.19
2016.10.12 15:02:27.180,1.04064,1.04065,1.00,1.25
2016.10.12 15:02:27.231,1.04064,1.04065,1.00,1.00
2016.10.12 15:02:27.282,1.04063,1.04066,1.12,1.50
2016.10.12 15:02:27.333,1.04063,1.04066,1.87,1.12
2016.10.12 15:02:27.565,1.04066,1.04067,1.00,1.00
2016.10.12 15:02:27.623,1.04066,1.04067,1.50,1.00
2016.10.12 15:02:27.827,1.04066,1.04067,1.00,1.00
2016.10.12 15:02:27.878,1.04067,1.04068,1.00,2.44
2016.10.12 15:02:27.980,1.04067,1.04068,1.50,3.19
2016.10.12 15:02:28.290,1.04067,1.04068,1.50,1.25
2016.10.12 15:02:28.863,1.04067,1.04069,1.50,3.56
2016.10.12 15:02:29.450,1.04067,1.04069,1.50,2.44
2016.10.12 15:02:29.521,1.04064,1.04067,1.87,1.00
2016.10.12 15:02:29.573,1.04064,1.04067,1.50,1.00
2016.10.12 15:02:29.625,1.04064,1.04067,1.50,4.35
2016.10.12 15:02:29.676,1.04065,1.04066,1.12,1.00
2016.10.12 15:02:29.729,1.04063,1.04066,1.75,1.00
2016.10.12 15:02:29.781,1.04064,1.04066,1.00,1.50
2016.10.12 15:02:29.832,1.04065,1.04066,1.50,1.50
2016.10.12 15:02:29.883,1.04065,1.04066,1.00,1.87
2016.10.12 15:02:30.083,1.04062,1.04065,2.25,1.00
2016.10.12 15:02:30.136,1.04064,1.04065,1.12,1.00
2016.10.12 15:02:30.187,1.04063,1.04066,1.50,1.87
2016.10.12 15:02:30.238,1.04064,1.04066,1.12,1.87
2016.10.12 15:02:30.392,1.04064,1.04066,1.12,1.12
2016.10.12 15:02:30.444,1.04064,1.04066,1.87,1.12
2016.10.12 15:02:30.496,1.04064,1.04067,1.87,4.50
2016.10.12 15:02:30.760,1.04065,1.04067,1.50,1.50
2016.10.12 15:02:30.812,1.04066,1.04067,1.50,1.00
2016.10.12 15:02:30.915,1.04064,1.04067,2.62,1.00
2016.10.12 15:02:30.967,1.04065,1.04067,1.00,1.00
2016.10.12 15:02:31.602,1.04066,1.04067,1.00,1.00
2016.10.12 15:02:31.756,1.04065,1.04067,1.50,1.50
2016.10.12 15:02:31.858,1.04065,1.04068,1.50,4.12
2016.10.12 15:02:31.909,1.04066,1.04067,1.00,1.00
2016.10.12 15:02:31.961,1.04066,1.04067,1.50,1.00
2016.10.12 15:02:32.327,1.04065,1.04067,1.50,1.50
2016.10.12 15:02:32.378,1.04065,1.04067,1.50,2.25
2016.10.12 15:02:32.925,1.04065,1.04067,1.00,2.25
2016.10.12 15:02:32.977,1.04064,1.04066,1.50,1.12
2016.10.12 15:02:33.324,1.04065,1.04067,1.00,2.25
2016.10.12 15:02:33.581,1.04063,1.04065,1.12,1.00
2016.10.12 15:02:33.805,1.04062,1.04063,1.00,1.50
2016.10.12 15:02:33.856,1.04059,1.0406,1.50,1.00
2016.10.12 15:02:34.112,1.04058,1.0406,4.87,1.00
2016.10.12 15:02:34.163,1.04058,1.0406,2.62,1.00
2016.10.12 15:02:34.448,1.0406,1.04061,1.00,1.00
2016.10.12 15:02:34.499,1.0406,1.04063,1.50,1.50
2016.10.12 15:02:34.604,1.0406,1.04062,1.50,1.00
2016.10.12 15:02:34.963,1.0406,1.04063,1.50,3.19
2016.10.12 15:02:35.015,1.0406,1.04062,1.50,1.00
2016.10.12 15:02:35.276,1.0406,1.04062,1.00,1.50
2016.10.12 15:02:35.442,1.04059,1.04061,1.00,1.00
2016.10.12 15:02:35.496,1.04058,1.0406,1.12,1.00
2016.10.12 15:02:36.331,1.04058,1.04061,2.47,1.00
2016.10.12 15:02:36.382,1.0406,1.04062,1.91,1.00
2016.10.12 15:02:36.434,1.0406,1.04061,2.29,1.00
2016.10.12 15:02:36.487,1.04061,1.04062,1.30,1.00
2016.10.12 15:02:36.540,1.0406,1.04062,2.29,1.00
2016.10.12 15:02:36.610,1.0406,1.04062,1.54,1.00
2016.10.12 15:02:36.662,1.04061,1.04062,1.30,1.00
2016.10.12 15:02:36.816,1.04061,1.04062,1.30,1.00
2016.10.12 15:02:36.867,1.04062,1.04063,1.00,1.00
2016.10.12 15:02:37.365,1.04061,1.04063,1.30,1.00
2016.10.12 15:02:37.416,1.0406,1.04062,3.37,1.00
2016.10.12 15:02:37.537,1.04062,1.04063,1.00,1.00
2016.10.12 15:02:38.044,1.04062,1.04064,1.00,1.00
2016.10.12 15:02:38.405,1.04062,1.04064,1.00,1.00
2016.10.12 15:02:38.456,1.04063,1.04064,1.00,1.00
2016.10.12 15:02:38.761,1.04063,1.04064,1.00,1.50
2016.10.12 15:02:38.918,1.04062,1.04063,1.87,1.50
2016.10.12 15:02:38.969,1.04062,1.04063,1.12,1.50
2016.10.12 15:02:39.020,1.04062,1.04063,1.12,2.25
2016.10.12 15:02:39.072,1.04059,1.0406,2.25,1.50
2016.10.12 15:02:39.124,1.04059,1.0406,1.50,1.50
2016.10.12 15:02:39.176,1.04058,1.04059,1.87,1.50
2016.10.12 15:02:39.434,1.04058,1.04059,1.50,1.50
2016.10.12 15:02:39.515,1.04058,1.04059,1.12,1.50
2016.10.12 15:02:39.719,1.04058,1.04059,1.87,1.00
2016.10.12 15:02:39.955,1.04058,1.04059,2.25,1.00
2016.10.12 15:02:40.006,1.04058,1.04059,1.50,1.00
2016.10.12 15:02:40.060,1.04058,1.04059,1.50,1.50
2016.10.12 15:02:40.111,1.04058,1.04059,1.12,1.50
2016.10.12 15:02:40.213,1.04057,1.04059,1.87,2.10
2016.10.12 15:02:40.413,1.04054,1.04055,1.50,1.00
2016.10.12 15:02:40.467,1.04053,1.04054,5.02,1.00
2016.10.12 15:02:40.518,1.04053,1.04054,4.27,1.00
2016.10.12 15:02:40.569,1.04053,1.04054,1.50,1.00
2016.10.12 15:02:40.620,1.04053,1.04054,1.12,1.00
2016.10.12 15:02:40.671,1.04052,1.04054,3.75,1.50
2016.10.12 15:02:40.773,1.04052,1.04054,3.00,1.50
2016.10.12 15:02:40.875,1.04052,1.04053,1.50,1.00
2016.10.12 15:02:41.185,1.04051,1.04053,1.50,1.50
2016.10.12 15:02:41.287,1.04051,1.04053,2.25,1.50
2016.10.12 15:02:41.695,1.04051,1.04052,1.50,1.00
2016.10.12 15:02:41.953,1.04051,1.04052,1.50,1.50
2016.10.12 15:02:42.115,1.04051,1.04052,2.25,1.00
2016.10.12 15:02:42.268,1.04051,1.04053,2.25,1.50
2016.10.12 15:02:42.371,1.04051,1.04052,1.00,1.00
2016.10.12 15:02:42.422,1.04049,1.04051,4.95,1.00
2016.10.12 15:02:42.473,1.0405,1.04051,1.95,1.00
2016.10.12 15:02:42.524,1.0405,1.04051,1.20,1.50
2016.10.12 15:02:42.575,1.04048,1.04049,1.50,1.50
2016.10.12 15:02:43.040,1.04051,1.04052,1.00,1.87
2016.10.12 15:02:43.092,1.04049,1.0405,1.20,1.00
2016.10.12 15:02:43.143,1.04048,1.04049,1.10,1.00
2016.10.12 15:02:43.195,1.04047,1.04049,1.50,1.00
2016.10.12 15:02:43.552,1.04047,1.04048,1.00,1.00
2016.10.12 15:02:43.604,1.04046,1.04048,3.00,1.00
2016.10.12 15:02:43.706,1.04044,1.04046,3.00,1.00
2016.10.12 15:02:43.927,1.04044,1.04046,1.12,1.00
2016.10.12 15:02:43.978,1.04043,1.04045,1.37,1.00
2016.10.12 15:02:44.029,1.04042,1.04044,3.75,1.00
2016.10.12 15:02:44.081,1.04043,1.04044,1.00,1.00
2016.10.12 15:02:44.132,1.04043,1.04044,1.50,1.00
2016.10.12 15:02:44.184,1.04043,1.04044,3.00,1.00
2016.10.12 15:02:44.236,1.04043,1.04044,3.19,1.00
2016.10.12 15:02:44.287,1.04043,1.04045,2.44,1.87
2016.10.12 15:02:44.339,1.04043,1.04045,2.25,1.87
2016.10.12 15:02:44.390,1.04043,1.04044,1.00,1.00
2016.10.12 15:02:44.442,1.04042,1.04044,2.25,1.00
2016.10.12 15:02:44.493,1.04042,1.04044,2.25,1.50
2016.10.12 15:02:44.810,1.04043,1.04044,1.91,1.00
2016.10.12 15:02:44.861,1.04044,1.04045,1.00,1.87
2016.10.12 15:02:44.912,1.04044,1.04045,1.50,1.50
2016.10.12 15:02:44.964,1.04044,1.04046,2.50,1.87
2016.10.12 15:02:45.015,1.04045,1.04046,2.25,1.12
2016.10.12 15:02:45.066,1.04045,1.04047,2.25,2.25
2016.10.12 15:02:45.171,1.04045,1.04047,2.25,1.50
2016.10.12 15:02:45.223,1.04045,1.04046,1.50,1.00
2016.10.12 15:02:45.275,1.04045,1.04046,1.50,1.00
2016.10.12 15:02:45.326,1.04045,1.04046,1.00,1.00
2016.10.12 15:02:45.596,1.04046,1.04048,1.00,1.50
2016.10.12 15:02:46.781,1.04046,1.04049,1.00,1.87
2016.10.12 15:02:46.845,1.04046,1.04049,1.00,1.75
2016.10.12 15:02:46.897,1.04047,1.04049,1.00,1.50
2016.10.12 15:02:47.448,1.04047,1.0405,1.00,2.06
2016.10.12 15:02:47.529,1.04047,1.0405,1.00,1.87
2016.10.12 15:02:48.350,1.04048,1.0405,1.00,2.62
2016.10.12 15:02:49.642,1.04048,1.0405,1.00,1.87
2016.10.12 15:02:52.116,1.04048,1.0405,1.00,2.62
2016.10.12 15:02:52.218,1.04046,1.04048,3.00,1.00
2016.10.12 15:02:52.321,1.04046,1.04048,3.75,1.00
2016.10.12 15:02:52.602,1.04046,1.04048,3.00,1.00
2016.10.12 15:02:52.671,1.04046,1.04048,1.00,1.00
2016.10.12 15:02:53.070,1.04047,1.04049,1.00,1.87
2016.10.12 15:02:53.329,1.04046,1.04048,1.00,1.00
2016.10.12 15:02:53.380,1.04046,1.04048,1.00,1.12
2016.10.12 15:02:53.431,1.04046,1.04048,1.00,1.87
2016.10.12 15:02:54.468,1.04047,1.04049,1.00,2.25
2016.10.12 15:02:55.986,1.04047,1.04049,1.00,1.50
2016.10.12 15:02:56.360,1.04046,1.04049,3.22,1.00
2016.10.12 15:02:56.411,1.04048,1.04049,1.50,1.00
2016.10.12 15:02:56.462,1.04048,1.04049,1.12,1.00
2016.10.12 15:02:56.513,1.04048,1.0405,1.12,1.12
2016.10.12 15:02:56.565,1.04048,1.04049,1.50,1.00
2016.10.12 15:02:56.616,1.04047,1.04049,2.99,1.00
2016.10.12 15:02:56.846,1.04047,1.04049,3.00,1.00
2016.10.12 15:02:56.905,1.04047,1.04049,1.50,1.00
2016.10.12 15:02:56.956,1.04048,1.0405,1.00,1.00
2016.10.12 15:02:57.681,1.04048,1.0405,1.00,1.12
2016.10.12 15:02:58.871,1.04047,1.04048,1.00,1.00
2016.10.12 15:02:59.267,1.04048,1.0405,1.00,1.12
2016.10.12 15:02:59.757,1.04048,1.0405,1.00,1.87
2016.10.12 15:03:00.688,1.04048,1.0405,1.00,1.12
2016.10.12 15:03:00.945,1.04047,1.04048,1.00,1.00
2016.10.12 15:03:01.150,1.04047,1.04051,1.00,2.44
2016.10.12 15:03:01.201,1.04049,1.04051,1.00,2.44
2016.10.12 15:03:01.252,1.04049,1.04051,1.00,3.19
2016.10.12 15:03:01.546,1.0405,1.04051,1.50,3.19
2016.10.12 15:03:01.597,1.0405,1.04051,1.50,2.81
2016.10.12 15:03:01.649,1.0405,1.04051,1.50,2.62
2016.10.12 15:03:01.752,1.0405,1.04051,1.50,1.87
2016.10.12 15:03:02.008,1.0405,1.04052,1.50,1.12
2016.10.12 15:03:02.060,1.04051,1.04053,1.50,1.50
2016.10.12 15:03:02.111,1.04052,1.04053,2.25,1.00
2016.10.12 15:03:02.163,1.04052,1.04054,3.75,1.00
2016.10.12 15:03:02.680,1.04057,1.04058,1.00,4.50
2016.10.12 15:03:02.738,1.04056,1.04058,3.75,2.25
2016.10.12 15:03:02.790,1.04057,1.04058,1.12,1.13
2016.10.12 15:03:02.842,1.04058,1.0406,1.50,3.00
2016.10.12 15:03:02.895,1.0406,1.04061,1.50,4.12
2016.10.12 15:03:02.947,1.0406,1.04061,1.50,4.50
2016.10.12 15:03:03.000,1.04059,1.04061,1.50,1.37
2016.10.12 15:03:03.255,1.04062,1.04064,1.50,1.50
2016.10.12 15:03:03.307,1.04062,1.04064,1.00,3.00
2016.10.12 15:03:03.359,1.04061,1.04062,1.00,1.00
2016.10.12 15:03:03.462,1.04061,1.04062,1.50,1.00
2016.10.12 15:03:04.094,1.04061,1.04062,1.50,1.12
2016.10.12 15:03:04.349,1.04061,1.04063,1.50,4.12
2016.10.12 15:03:05.341,1.04062,1.04063,1.00,2.62
2016.10.12 15:03:05.395,1.04061,1.04063,1.50,1.37
2016.10.12 15:03:05.471,1.04062,1.04064,1.50,1.50
2016.10.12 15:03:05.524,1.04063,1.04064,1.00,1.87
2016.10.12 15:03:05.884,1.04063,1.04064,1.00,1.50
2016.10.12 15:03:06.274,1.04064,1.04065,1.00,2.25
2016.10.12 15:03:06.377,1.04063,1.04064,1.50,1.50
2016.10.12 15:03:06.428,1.04064,1.04065,1.00,1.50
2016.10.12 15:03:06.531,1.04064,1.04065,1.50,1.00
2016.10.12 15:03:06.583,1.04066,1.04068,1.00,3.19
2016.10.12 15:03:06.634,1.04065,1.04067,1.00,1.69
2016.10.12 15:03:06.736,1.04066,1.04068,1.00,6.19
2016.10.12 15:03:06.838,1.04066,1.04068,1.00,4.50
2016.10.12 15:03:07.918,1.04066,1.04068,1.00,3.00
2016.10.12 15:03:08.550,1.04066,1.04068,1.00,2.25
2016.10.12 15:03:09.544,1.04066,1.04067,1.00,1.00
2016.10.12 15:03:10.060,1.04066,1.04068,1.00,1.87
2016.10.12 15:03:10.111,1.04066,1.04068,1.00,1.50
2016.10.12 15:03:10.724,1.04067,1.04068,1.00,1.50
2016.10.12 15:03:10.775,1.04066,1.04069,1.72,1.87
2016.10.12 15:03:11.038,1.04069,1.0407,1.50,11.86
2016.10.12 15:03:11.550,1.04069,1.0407,1.50,12.61
2016.10.12 15:03:11.653,1.04069,1.0407,1.50,11.11
2016.10.12 15:03:11.869,1.04069,1.0407,1.50,11.86
2016.10.12 15:03:13.869,1.04069,1.0407,1.50,11.11
2016.10.12 15:03:13.971,1.04073,1.04076,1.00,2.62
2016.10.12 15:03:14.022,1.04075,1.04076,1.00,2.62
2016.10.12 15:03:14.074,1.04075,1.04076,4.35,3.00
2016.10.12 15:03:14.125,1.04077,1.04079,2.85,11.62
2016.10.12 15:03:14.176,1.04081,1.04083,1.00,5.81
2016.10.12 15:03:14.228,1.04081,1.04083,2.25,1.50
2016.10.12 15:03:14.550,1.04082,1.04083,1.25,1.50
2016.10.12 15:03:14.604,1.04089,1.0409,1.00,1.50
2016.10.12 15:03:14.656,1.04089,1.04091,1.00,1.50
2016.10.12 15:03:14.707,1.0409,1.04091,1.00,1.00
2016.10.12 15:03:14.758,1.04091,1.04093,1.00,1.12
2016.10.12 15:03:14.809,1.04092,1.04094,1.00,2.25
2016.10.12 15:03:15.064,1.04089,1.04092,2.06,1.00
2016.10.12 15:03:15.115,1.04092,1.04093,1.00,5.55
2016.10.12 15:03:15.166,1.04089,1.0409,1.87,3.00
2016.10.12 15:03:15.614,1.04088,1.04091,2.25,4.87
2016.10.12 15:03:15.665,1.04089,1.0409,1.00,1.50
2016.10.12 15:03:15.717,1.04088,1.04089,4.87,1.00
2016.10.12 15:03:15.768,1.04088,1.04089,2.25,1.00
2016.10.12 15:03:15.820,1.04088,1.04089,1.87,2.85
2016.10.12 15:03:15.871,1.04088,1.04089,1.12,3.60
2016.10.12 15:03:15.973,1.04087,1.04089,2.44,3.60
2016.10.12 15:03:16.287,1.04086,1.04088,1.00,2.85
2016.10.12 15:03:16.338,1.04087,1.04088,1.00,1.00
2016.10.12 15:03:16.389,1.04087,1.04089,1.00,2.10
2016.10.12 15:03:16.491,1.04087,1.04089,2.25,2.85
2016.10.12 15:03:16.542,1.04087,1.04088,2.25,2.10
2016.10.12 15:03:16.594,1.04087,1.04089,1.50,2.85
2016.10.12 15:03:16.696,1.04087,1.04089,1.50,2.85
2016.10.12 15:03:16.849,1.04086,1.04088,2.25,2.10
2016.10.12 15:03:17.177,1.04086,1.04087,1.50,2.85
2016.10.12 15:03:17.537,1.04085,1.04086,3.56,1.00
2016.10.12 15:03:18.131,1.04086,1.04087,3.00,2.10
2016.10.12 15:03:18.386,1.04087,1.04088,1.87,2.10
2016.10.12 15:03:18.437,1.04086,1.04087,3.00,2.10
2016.10.12 15:03:18.489,1.04087,1.04088,1.87,2.10
2016.10.12 15:03:18.540,1.04086,1.04087,3.00,2.10
2016.10.12 15:03:18.591,1.04087,1.04088,1.87,2.10
2016.10.12 15:03:18.693,1.04087,1.04089,1.87,1.00
2016.10.12 15:03:18.931,1.04088,1.0409,3.41,5.57
2016.10.12 15:03:19.152,1.04091,1.04092,1.00,7.20
2016.10.12 15:03:19.203,1.04092,1.04094,1.50,3.00
2016.10.12 15:03:19.407,1.04092,1.04094,1.50,3.75
2016.10.12 15:03:19.509,1.04092,1.04094,1.50,3.75
2016.10.12 15:03:19.615,1.04092,1.04094,1.50,4.50
2016.10.12 15:03:20.044,1.04092,1.04094,1.50,3.75
2016.10.12 15:03:20.096,1.04092,1.04094,1.50,3.37
2016.10.12 15:03:20.915,1.04094,1.04095,1.50,3.00
2016.10.12 15:03:20.967,1.04094,1.04095,1.50,1.87
2016.10.12 15:03:21.018,1.04093,1.04094,1.12,1.00
2016.10.12 15:03:21.121,1.04092,1.04094,4.31,1.00
2016.10.12 15:03:21.275,1.04092,1.04094,4.31,1.00
2016.10.12 15:03:21.326,1.04092,1.04094,4.31,1.50
2016.10.12 15:03:21.920,1.0409,1.04091,1.50,1.00
2016.10.12 15:03:21.972,1.0409,1.04091,1.00,1.50
2016.10.12 15:03:22.024,1.04088,1.04089,2.62,1.00
2016.10.12 15:03:22.075,1.04088,1.0409,3.37,2.25
2016.10.12 15:03:22.126,1.04088,1.0409,3.00,2.25
2016.10.12 15:03:22.177,1.04088,1.0409,3.00,2.25
2016.10.12 15:03:22.382,1.04088,1.0409,3.00,2.25
2016.10.12 15:03:22.716,1.04088,1.0409,2.25,2.25
2016.10.12 15:03:22.768,1.04087,1.04089,1.87,1.00
2016.10.12 15:03:23.023,1.04087,1.04089,2.62,1.00
2016.10.12 15:03:23.330,1.04087,1.04089,2.25,1.00
2016.10.12 15:03:23.381,1.04087,1.04088,1.50,1.00
2016.10.12 15:03:23.432,1.04087,1.04088,1.00,1.00
2016.10.12 15:03:23.784,1.04087,1.04088,1.12,1.00
2016.10.12 15:03:24.201,1.04087,1.04088,1.00,1.00
2016.10.12 15:03:25.674,1.04087,1.04089,1.00,1.00
2016.10.12 15:03:25.726,1.04088,1.0409,1.50,3.75
2016.10.12 15:03:25.777,1.04088,1.0409,1.50,4.50
2016.10.12 15:03:25.828,1.04088,1.0409,1.50,2.62
2016.10.12 15:03:25.939,1.04088,1.0409,1.50,3.00
2016.10.12 15:03:26.486,1.04089,1.04091,1.00,3.00
2016.10.12 15:03:26.588,1.04089,1.04091,1.00,2.25
2016.10.12 15:03:26.639,1.0409,1.04091,1.50,1.00
2016.10.12 15:03:26.853,1.04093,1.04094,1.25,6.60
2016.10.12 15:03:26.907,1.04094,1.04095,1.00,2.25
2016.10.12 15:03:26.958,1.04094,1.04095,1.00,1.50
2016.10.12 15:03:27.011,1.04094,1.04095,1.00,1.12
2016.10.12 15:03:27.062,1.04094,1.04095,1.00,1.00
2016.10.12 15:03:27.113,1.04093,1.04095,2.44,1.50
2016.10.12 15:03:27.165,1.04093,1.04095,2.44,1.87
2016.10.12 15:03:27.267,1.04093,1.04094,1.69,1.00
2016.10.12 15:03:27.513,1.04093,1.04094,1.69,1.00
2016.10.12 15:03:27.565,1.04093,1.04095,2.44,1.12
2016.10.12 15:03:28.366,1.04093,1.04095,2.44,1.50
2016.10.12 15:03:29.521,1.04091,1.04093,5.44,1.00
2016.10.12 15:03:30.114,1.04092,1.04094,1.19,1.00
2016.10.12 15:03:30.452,1.0409,1.04091,2.44,1.12
2016.10.12 15:03:30.512,1.04087,1.0409,2.25,1.00
2016.10.12 15:03:30.563,1.04087,1.0409,2.25,1.12
2016.10.12 15:03:30.625,1.04087,1.04089,1.50,1.00
2016.10.12 15:03:31.063,1.04087,1.04091,2.25,5.62
2016.10.12 15:03:31.115,1.04089,1.04091,1.12,2.25
2016.10.12 15:03:31.167,1.04088,1.04091,1.31,2.25
2016.10.12 15:03:31.218,1.0409,1.04091,1.00,1.87
2016.10.12 15:03:31.270,1.0409,1.04092,1.31,1.12
2016.10.12 15:03:31.322,1.0409,1.04092,1.31,1.00
2016.10.12 15:03:31.643,1.04089,1.04091,1.69,1.00
2016.10.12 15:03:31.899,1.0409,1.04092,1.31,1.00
2016.10.12 15:03:31.950,1.0409,1.04092,1.50,1.00
2016.10.12 15:03:32.659,1.04094,1.04096,1.87,4.35
2016.10.12 15:03:32.717,1.04097,1.04099,1.00,1.50
2016.10.12 15:03:32.923,1.04099,1.04101,1.00,1.50
2016.10.12 15:03:32.975,1.041,1.04102,1.00,1.12
2016.10.12 15:03:33.220,1.04112,1.04114,1.50,4.87
2016.10.12 15:03:33.283,1.04112,1.04114,1.50,1.00
2016.10.12 15:03:33.334,1.04113,1.04115,1.25,3.22
2016.10.12 15:03:33.385,1.04113,1.04115,1.25,1.12
2016.10.12 15:03:33.437,1.04112,1.04114,2.44,1.50
2016.10.12 15:03:33.558,1.04112,1.04113,1.69,1.12
2016.10.12 15:03:33.609,1.04111,1.04113,2.62,3.37
2016.10.12 15:03:33.866,1.04115,1.04117,1.00,4.50
2016.10.12 15:03:33.918,1.04113,1.04115,1.25,1.47
2016.10.12 15:03:33.969,1.04113,1.04116,1.00,1.84
2016.10.12 15:03:34.020,1.04113,1.04115,1.00,1.00
2016.10.12 15:03:34.072,1.04112,1.04114,1.12,1.00
2016.10.12 15:03:34.123,1.0411,1.04111,1.31,1.00
2016.10.12 15:03:34.175,1.04109,1.04111,1.69,1.00
2016.10.12 15:03:34.227,1.04108,1.0411,3.94,1.00
2016.10.12 15:03:34.278,1.04108,1.0411,2.81,1.00
2016.10.12 15:03:34.330,1.04108,1.0411,2.06,1.00
2016.10.12 15:03:34.770,1.04109,1.0411,1.00,1.50
2016.10.12 15:03:34.822,1.0411,1.04112,1.00,1.50
2016.10.12 15:03:34.874,1.04112,1.04114,1.00,6.00
2016.10.12 15:03:34.926,1.04112,1.04114,5.51,5.62
2016.10.12 15:03:34.978,1.04111,1.04115,8.85,1.12
2016.10.12 15:03:35.030,1.04115,1.04116,1.50,4.12
2016.10.12 15:03:35.082,1.04115,1.04117,1.50,1.50
2016.10.12 15:03:35.133,1.04115,1.04117,1.00,1.50
2016.10.12 15:03:35.390,1.04113,1.04115,1.50,1.00
2016.10.12 15:03:35.496,1.04112,1.04114,3.22,1.00
2016.10.12 15:03:35.547,1.04113,1.04114,1.50,1.00
2016.10.12 15:03:35.751,1.04113,1.04115,2.25,1.50
2016.10.12 15:03:35.853,1.04111,1.04114,1.94,1.50
2016.10.12 15:03:35.905,1.0411,1.04114,6.00,2.25
2016.10.12 15:03:36.175,1.04109,1.04111,1.12,1.50
2016.10.12 15:03:36.277,1.04109,1.04111,1.12,1.87
2016.10.12 15:03:36.331,1.04109,1.04111,1.00,1.12
2016.10.12 15:03:36.382,1.0411,1.04112,1.00,2.25
2016.10.12 15:03:36.486,1.04111,1.04113,1.00,1.12
2016.10.12 15:03:36.537,1.04112,1.04113,1.12,1.12
2016.10.12 15:03:36.589,1.04112,1.04113,1.12,1.00
2016.10.12 15:03:36.884,1.04112,1.04113,1.12,1.00
2016.10.12 15:03:37.054,1.04112,1.04113,1.12,1.50
2016.10.12 15:03:37.157,1.04112,1.04113,1.87,1.50
2016.10.12 15:03:37.209,1.04112,1.04113,1.87,1.00
2016.10.12 15:03:37.261,1.04113,1.04115,1.00,2.06
2016.10.12 15:03:37.672,1.04113,1.04114,1.50,1.25
2016.10.12 15:03:37.723,1.04113,1.04114,1.00,1.69
2016.10.12 15:03:37.775,1.04113,1.04116,1.00,3.56
2016.10.12 15:03:37.828,1.04112,1.04115,1.12,1.31
2016.10.12 15:03:37.880,1.04112,1.04114,3.00,1.69
2016.10.12 15:03:37.932,1.04113,1.04114,1.12,1.69
2016.10.12 15:03:38.151,1.04112,1.04114,1.87,2.81
2016.10.12 15:03:38.204,1.04112,1.04114,1.00,1.87
2016.10.12 15:03:38.307,1.04112,1.04114,1.00,2.25
2016.10.12 15:03:38.808,1.04112,1.04113,1.00,1.30
2016.10.12 15:03:39.058,1.0411,1.04112,1.00,2.81
2016.10.12 15:03:39.109,1.0411,1.04112,1.00,2.06
2016.10.12 15:03:39.160,1.0411,1.04112,1.00,1.69
2016.10.12 15:03:39.212,1.0411,1.04112,1.00,2.44
2016.10.12 15:03:39.263,1.0411,1.04112,1.00,2.44
2016.10.12 15:03:39.314,1.0411,1.04112,1.00,1.69
2016.10.12 15:03:39.367,1.0411,1.04112,1.00,1.25
2016.10.12 15:03:39.638,1.04111,1.04112,1.00,1.00
2016.10.12 15:03:40.103,1.04111,1.04113,1.00,1.50
2016.10.12 15:03:40.415,1.0411,1.04112,1.50,1.50
2016.10.12 15:03:40.466,1.0411,1.04111,1.00,1.00
2016.10.12 15:03:40.517,1.04109,1.04111,1.50,1.00
2016.10.12 15:03:40.569,1.0411,1.04112,1.00,1.50
2016.10.12 15:03:40.620,1.0411,1.04112,3.00,1.87
2016.10.12 15:03:40.724,1.04112,1.04114,1.50,1.87
2016.10.12 15:03:41.156,1.04112,1.04114,2.81,1.12
2016.10.12 15:03:41.207,1.04117,1.04118,1.50,11.65
2016.10.12 15:03:41.259,1.04118,1.0412,1.50,1.00
2016.10.12 15:03:41.311,1.04122,1.04123,2.25,3.75
2016.10.12 15:03:41.402,1.04119,1.04122,23.10,1.50
2016.10.12 15:03:41.456,1.04138,1.04139,18.19,1.00
2016.10.12 15:03:41.697,1.04135,1.04138,1.12,4.15
2016.10.12 15:03:41.757,1.04137,1.04139,1.00,4.87
2016.10.12 15:03:41.813,1.04137,1.04138,1.00,1.00
2016.10.12 15:03:41.865,1.04138,1.0414,4.50,1.50
2016.10.12 15:03:41.917,1.04138,1.04141,5.25,1.75
2016.10.12 15:03:41.969,1.0414,1.04141,1.00,1.00
2016.10.12 15:03:42.020,1.04139,1.0414,2.25,1.00
2016.10.12 15:03:42.278,1.04141,1.04142,1.00,1.00
2016.10.12 15:03:42.330,1.0414,1.04142,4.57,1.50
2016.10.12 15:03:42.382,1.0414,1.04142,4.95,1.50
2016.10.12 15:03:42.434,1.0414,1.04142,3.45,1.00
2016.10.12 15:03:42.486,1.04139,1.04141,3.30,1.00
2016.10.12 15:03:42.537,1.0414,1.04141,1.20,1.00
2016.10.12 15:03:42.590,1.0414,1.04141,1.00,1.50
2016.10.12 15:03:42.873,1.04139,1.04141,2.02,1.50
2016.10.12 15:03:42.924,1.04139,1.0414,2.02,1.00
2016.10.12 15:03:42.975,1.0414,1.04143,1.05,1.50
2016.10.12 15:03:43.026,1.04142,1.04144,1.87,1.00
2016.10.12 15:03:43.078,1.04144,1.04145,1.50,1.50
2016.10.12 15:03:43.129,1.04144,1.04146,2.17,1.87
2016.10.12 15:03:43.181,1.04144,1.04146,2.17,2.12
2016.10.12 15:03:43.232,1.04144,1.04145,1.50,1.00
2016.10.12 15:03:43.433,1.04144,1.04146,1.50,1.50
2016.10.12 15:03:43.485,1.0414,1.04142,3.30,1.00
2016.10.12 15:03:43.536,1.0414,1.04142,2.92,1.00
2016.10.12 15:03:43.639,1.0414,1.04142,3.00,1.00
2016.10.12 15:03:43.691,1.0414,1.04142,2.25,1.50
2016.10.12 15:03:43.742,1.04143,1.04146,1.45,1.50
2016.10.12 15:03:43.795,1.04144,1.04146,1.50,1.50
2016.10.12 15:03:43.847,1.04144,1.04146,1.05,1.00
2016.10.12 15:03:43.898,1.04144,1.04145,1.05,1.12
2016.10.12 15:03:44.179,1.04139,1.04141,2.62,1.50
2016.10.12 15:03:44.231,1.04139,1.0414,1.50,1.12
2016.10.12 15:03:44.438,1.04139,1.0414,1.20,1.12
2016.10.12 15:03:44.490,1.0414,1.04142,1.45,2.25
2016.10.12 15:03:44.740,1.04139,1.04141,1.20,1.50
2016.10.12 15:03:44.900,1.04138,1.04141,2.89,1.50
2016.10.12 15:03:45.346,1.04139,1.04142,1.45,2.25
2016.10.12 15:03:45.398,1.04138,1.0414,3.30,1.00
2016.10.12 15:03:45.501,1.04137,1.04139,6.64,1.00
2016.10.12 15:03:45.705,1.04137,1.04139,4.01,1.00
2016.10.12 15:03:45.758,1.04139,1.0414,2.62,5.62
2016.10.12 15:03:45.810,1.04139,1.0414,3.37,4.87
2016.10.12 15:03:45.862,1.04138,1.0414,2.25,1.50
2016.10.12 15:03:45.913,1.04138,1.0414,1.00,2.25
2016.10.12 15:03:46.016,1.04138,1.04139,1.00,1.12
2016.10.12 15:03:46.171,1.04139,1.0414,1.00,1.50
2016.10.12 15:03:46.426,1.0414,1.04141,1.00,2.25
2016.10.12 15:03:46.480,1.04137,1.0414,3.30,2.25
2016.10.12 15:03:46.532,1.04138,1.04139,1.00,1.00
2016.10.12 15:03:46.685,1.04139,1.04141,1.00,1.50
2016.10.12 15:03:46.736,1.04139,1.04141,1.00,1.87
2016.10.12 15:03:46.788,1.04138,1.0414,2.25,1.00
2016.10.12 15:03:46.890,1.04138,1.0414,2.25,2.12
2016.10.12 15:03:47.215,1.04135,1.04137,2.25,1.50
2016.10.12 15:03:47.267,1.04135,1.04136,1.12,1.50
2016.10.12 15:03:47.319,1.04133,1.04134,5.25,1.12
2016.10.12 15:03:47.371,1.04133,1.04134,1.12,1.12
2016.10.12 15:03:47.422,1.04132,1.04134,2.44,2.12
2016.10.12 15:03:47.474,1.04132,1.04133,2.06,1.00
2016.10.12 15:03:47.628,1.04132,1.04134,2.06,1.12
2016.10.12 15:03:47.679,1.04131,1.04133,7.31,1.00
2016.10.12 15:03:48.153,1.04129,1.04132,2.62,2.25
2016.10.12 15:03:48.204,1.04129,1.04132,1.87,2.25
2016.10.12 15:03:48.255,1.04131,1.04132,1.00,2.25
2016.10.12 15:03:48.306,1.04129,1.04131,1.50,1.12
2016.10.12 15:03:48.358,1.04131,1.04133,2.85,6.37
2016.10.12 15:03:48.410,1.04133,1.04135,1.31,1.50
2016.10.12 15:03:48.461,1.04135,1.04137,1.50,6.37
2016.10.12 15:03:48.513,1.04136,1.04137,1.50,1.00
2016.10.12 15:03:48.615,1.04136,1.04137,1.00,1.50
2016.10.12 15:03:49.628,1.04135,1.04136,1.50,1.00
2016.10.12 15:03:49.788,1.04133,1.04134,1.50,1.00
2016.10.12 15:03:49.840,1.04132,1.04133,3.00,1.12
2016.10.12 15:03:49.892,1.04132,1.04133,2.25,1.12
2016.10.12 15:03:50.181,1.04134,1.04136,3.00,3.37
2016.10.12 15:03:50.233,1.04134,1.04136,1.12,1.12
2016.10.12 15:03:50.284,1.04133,1.04136,4.87,1.25
2016.10.12 15:03:50.336,1.04133,1.04136,1.00,1.54
2016.10.12 15:03:50.388,1.04132,1.04135,2.50,1.00
2016.10.12 15:03:50.441,1.04133,1.04135,1.00,1.00
2016.10.12 15:03:50.493,1.04133,1.04135,1.50,1.00
2016.10.12 15:03:50.544,1.04133,1.04135,1.50,1.50
2016.10.12 15:03:50.757,1.04133,1.04135,1.00,1.50
2016.10.12 15:03:50.808,1.04132,1.04135,2.25,1.50
2016.10.12 15:03:51.065,1.04131,1.04133,3.19,1.00
2016.10.12 15:03:51.118,1.04131,1.04132,1.25,1.50
2016.10.12 15:03:51.171,1.04131,1.04132,1.00,1.87
2016.10.12 15:03:51.225,1.04132,1.04133,2.10,1.12
2016.10.12 15:03:51.277,1.04133,1.04134,3.60,1.50
2016.10.12 15:03:51.329,1.04134,1.04135,1.35,2.62
2016.10.12 15:03:51.381,1.04133,1.04134,3.07,1.12
2016.10.12 15:03:52.063,1.04137,1.04138,1.00,1.00
2016.10.12 15:03:52.114,1.04137,1.04138,1.00,1.50
2016.10.12 15:03:52.370,1.04137,1.04138,1.69,1.00
2016.10.12 15:03:52.674,1.04135,1.04137,4.69,1.00
2016.10.12 15:03:52.725,1.04137,1.04139,1.00,1.37
2016.10.12 15:03:52.776,1.04137,1.04139,1.00,1.12
2016.10.12 15:03:52.828,1.04138,1.04139,1.50,1.00
2016.10.12 15:03:52.879,1.04137,1.0414,2.25,1.75
2016.10.12 15:03:52.930,1.04138,1.04139,1.50,1.00
2016.10.12 15:03:52.981,1.04138,1.0414,1.50,2.62
2016.10.12 15:03:53.256,1.04136,1.04138,2.62,1.37
2016.10.12 15:03:53.308,1.04136,1.04138,2.25,1.37
2016.10.12 15:03:53.359,1.04137,1.04139,1.00,1.12
2016.10.12 15:03:53.563,1.04137,1.04139,1.00,1.50
2016.10.12 15:03:53.867,1.04137,1.04139,1.00,1.87
2016.10.12 15:03:54.428,1.04135,1.04137,1.00,1.00
2016.10.12 15:03:54.959,1.04134,1.04135,1.12,1.50
2016.10.12 15:03:55.014,1.04133,1.04134,1.87,1.00
2016.10.12 15:03:55.065,1.04133,1.04135,1.00,1.50
2016.10.12 15:03:55.116,1.04134,1.04135,1.00,2.25
2016.10.12 15:03:55.219,1.04134,1.04135,1.00,1.50
2016.10.12 15:03:56.041,1.04133,1.04135,1.50,1.00
2016.10.12 15:03:56.143,1.04133,1.04134,1.50,1.50
2016.10.12 15:03:56.674,1.04131,1.04133,4.50,1.00
2016.10.12 15:03:56.727,1.04131,1.04132,1.87,1.50
2016.10.12 15:03:56.778,1.04131,1.04132,1.50,1.50
2016.10.12 15:03:57.140,1.04131,1.04132,1.50,1.00
2016.10.12 15:03:57.191,1.04131,1.04132,1.00,1.00
2016.10.12 15:03:57.268,1.04129,1.04133,2.62,1.12
2016.10.12 15:03:57.527,1.04131,1.04132,1.00,2.25
2016.10.12 15:03:57.578,1.04131,1.04132,1.00,1.50
2016.10.12 15:03:58.116,1.0413,1.04131,1.00,1.00
2016.10.12 15:03:58.269,1.04128,1.0413,4.35,1.00
2016.10.12 15:03:58.485,1.0413,1.04131,1.00,1.87
2016.10.12 15:03:58.538,1.04129,1.0413,1.50,1.50
2016.10.12 15:03:58.641,1.04129,1.0413,1.00,1.50
2016.10.12 15:03:59.153,1.04128,1.04129,1.00,1.50
2016.10.12 15:03:59.464,1.04124,1.04126,1.12,1.50
2016.10.12 15:03:59.540,1.04121,1.04122,1.12,1.50
2016.10.12 15:03:59.591,1.04119,1.04121,6.37,1.50
2016.10.12 15:03:59.643,1.04117,1.04118,1.87,1.00
2016.10.12 15:03:59.694,1.04117,1.04118,1.87,1.50
2016.10.12 15:03:59.745,1.04118,1.04119,3.75,1.50
2016.10.12 15:03:59.796,1.04119,1.0412,1.50,4.50
2016.10.12 15:03:59.848,1.0412,1.04121,1.00,1.12
2016.10.12 15:03:59.950,1.04117,1.04119,3.75,1.50
2016.10.12 15:04:00.147,1.04117,1.04119,1.12,1.50
2016.10.12 15:04:00.251,1.04116,1.04118,1.87,1.00
2016.10.12 15:04:00.303,1.04116,1.04118,1.50,1.50
2016.10.12 15:04:00.459,1.04115,1.04117,1.37,1.50
2016.10.12 15:04:00.511,1.04113,1.04115,4.50,1.00
2016.10.12 15:04:00.562,1.04113,1.04115,3.37,1.00
2016.10.12 15:04:00.613,1.04113,1.04115,2.25,1.00
2016.10.12 15:04:01.080,1.04111,1.04112,1.00,1.00
2016.10.12 15:04:01.387,1.04109,1.04111,1.89,1.00
2016.10.12 15:04:01.438,1.04108,1.04112,3.46,1.00
2016.10.12 15:04:01.490,1.04108,1.04109,1.50,1.00
2016.10.12 15:04:01.541,1.04108,1.04111,1.00,2.47
2016.10.12 15:04:01.592,1.04107,1.04111,1.00,1.72
2016.10.12 15:04:01.800,1.04107,1.0411,1.00,1.37
2016.10.12 15:04:01.851,1.04104,1.04109,4.00,1.12
2016.10.12 15:04:01.903,1.04107,1.04109,1.00,1.00
2016.10.12 15:04:01.955,1.04107,1.04109,1.00,1.50
2016.10.12 15:04:02.010,1.04106,1.04109,1.00,1.00
2016.10.12 15:04:02.067,1.04103,1.04105,1.00,1.00
2016.10.12 15:04:02.119,1.04102,1.04104,1.03,1.00
2016.10.12 15:04:02.170,1.04101,1.04103,1.68,1.00
2016.10.12 15:04:02.221,1.041,1.04103,3.18,1.00
2016.10.12 15:04:02.273,1.041,1.04103,3.18,1.50
2016.10.12 15:04:02.324,1.041,1.04102,3.18,1.00
2016.10.12 15:04:02.582,1.04102,1.04108,3.25,12.79
2016.10.12 15:04:02.652,1.04109,1.0411,1.50,4.12
2016.10.12 15:04:02.704,1.0411,1.04111,11.10,5.25
2016.10.12 15:04:02.755,1.04112,1.04113,3.75,2.62
2016.10.12 15:04:02.806,1.04112,1.04116,3.00,3.75
2016.10.12 15:04:02.858,1.04113,1.04114,1.35,1.00
2016.10.12 15:04:02.909,1.04114,1.04115,1.12,1.00
2016.10.12 15:04:02.961,1.04115,1.04116,1.72,1.12
2016.10.12 15:04:03.216,1.04117,1.04118,1.12,3.75
2016.10.12 15:04:03.269,1.04116,1.04117,1.50,1.12
2016.10.12 15:04:03.320,1.04114,1.04116,2.44,1.00
2016.10.12 15:04:03.372,1.04115,1.0412,4.50,3.60
2016.10.12 15:04:03.424,1.04115,1.04116,3.00,1.00
2016.10.12 15:04:03.475,1.04114,1.04118,2.53,2.47
2016.10.12 15:04:03.527,1.04114,1.04118,1.75,5.10
2016.10.12 15:04:03.579,1.04115,1.04117,1.50,2.25
2016.10.12 15:04:03.682,1.04114,1.04116,1.12,1.87
2016.10.12 15:04:03.926,1.04114,1.04116,1.00,1.50
2016.10.12 15:04:03.977,1.04115,1.04116,1.00,1.00
2016.10.12 15:04:04.232,1.04115,1.04117,1.00,2.25
2016.10.12 15:04:04.335,1.04113,1.04115,1.12,1.00
2016.10.12 15:04:04.650,1.0412,1.04121,3.00,2.81
2016.10.12 15:04:04.898,1.04121,1.04122,1.00,1.12
2016.10.12 15:04:04.950,1.04121,1.04122,1.00,1.50
2016.10.12 15:04:05.052,1.04121,1.04122,1.00,1.50
2016.10.12 15:04:05.674,1.0412,1.04122,1.50,1.50
2016.10.12 15:04:06.265,1.04121,1.04122,1.00,1.12
2016.10.12 15:04:06.316,1.0412,1.04122,4.50,2.47
2016.10.12 15:04:06.367,1.04119,1.04121,4.12,1.50
2016.10.12 15:04:06.418,1.04118,1.0412,1.12,1.50
2016.10.12 15:04:06.470,1.04116,1.04117,2.62,2.85
2016.10.12 15:04:06.521,1.04115,1.04116,1.87,1.00
2016.10.12 15:04:06.573,1.04116,1.04117,1.12,3.97
2016.10.12 15:04:06.624,1.04115,1.04116,1.12,1.00
2016.10.12 15:04:06.868,1.04114,1.04116,1.00,1.50
2016.10.12 15:04:06.970,1.04113,1.04115,4.69,1.00
2016.10.12 15:04:07.021,1.04113,1.04115,3.00,1.00
2016.10.12 15:04:07.072,1.04113,1.04115,1.12,1.00
2016.10.12 15:04:07.123,1.04112,1.04114,7.35,1.00
2016.10.12 15:04:07.174,1.04112,1.04114,5.85,1.00
2016.10.12 15:04:07.226,1.04112,1.04114,5.47,1.00
2016.10.12 15:04:07.277,1.04112,1.04114,5.47,1.50
2016.10.12 15:04:07.380,1.04112,1.04114,4.50,1.00
2016.10.12 15:04:07.830,1.04112,1.04113,3.00,1.87
2016.10.12 15:04:07.882,1.04107,1.0411,3.60,1.50
2016.10.12 15:04:08.161,1.04107,1.0411,6.30,1.50
2016.10.12 15:04:08.212,1.04106,1.04108,6.45,1.00
2016.10.12 15:04:08.263,1.04107,1.04108,4.80,3.60
2016.10.12 15:04:08.489,1.04107,1.04108,1.12,4.35
2016.10.12 15:04:08.541,1.04105,1.04106,1.87,1.87
2016.10.12 15:04:08.592,1.04105,1.04106,3.37,1.87
2016.10.12 15:04:08.694,1.04104,1.04106,2.25,1.87
2016.10.12 15:04:08.746,1.04103,1.04105,4.50,1.00
2016.10.12 15:04:08.797,1.04104,1.04105,1.50,1.00
2016.10.12 15:04:08.849,1.04101,1.04103,4.50,1.50
2016.10.12 15:04:08.900,1.04102,1.04104,1.47,2.25
2016.10.12 15:04:09.160,1.04099,1.04103,7.12,3.00
2016.10.12 15:04:09.217,1.04099,1.04103,6.37,3.00
2016.10.12 15:04:09.269,1.041,1.04103,1.50,2.25
2016.10.12 15:04:09.372,1.041,1.04103,2.25,2.25
2016.10.12 15:04:09.474,1.041,1.04103,3.00,2.25
2016.10.12 15:04:09.525,1.041,1.04103,2.62,3.00
2016.10.12 15:04:09.578,1.04105,1.0411,7.16,21.56
2016.10.12 15:04:09.824,1.0411,1.04112,1.87,1.00
2016.10.12 15:04:09.875,1.0411,1.04114,3.37,2.62
2016.10.12 15:04:09.927,1.04112,1.04114,1.00,1.12
2016.10.12 15:04:10.081,1.04112,1.04114,1.00,1.72
2016.10.12 15:04:10.132,1.04111,1.04114,1.50,2.62
2016.10.12 15:04:10.199,1.04111,1.04113,1.00,1.12
2016.10.12 15:04:10.250,1.04111,1.04114,1.00,3.37
2016.10.12 15:04:10.510,1.04115,1.04117,2.75,6.75
2016.10.12 15:04:10.561,1.04117,1.04124,4.22,1.25
2016.10.12 15:04:10.614,1.04123,1.04125,1.50,3.00
2016.10.12 15:04:10.667,1.04124,1.04125,1.00,3.37
2016.10.12 15:04:10.718,1.04123,1.04124,1.87,1.00
2016.10.12 15:04:10.770,1.04122,1.04124,3.37,1.00
2016.10.12 15:04:10.822,1.04124,1.04125,1.00,2.25
2016.10.12 15:04:11.091,1.04126,1.04127,1.00,1.87
2016.10.12 15:04:11.154,1.04126,1.04127,1.00,1.87
2016.10.12 15:04:11.788,1.04122,1.04124,1.87,1.87
2016.10.12 15:04:11.845,1.04121,1.04123,1.00,1.50
2016.10.12 15:04:12.202,1.04122,1.04124,1.00,2.62
2016.10.12 15:04:12.253,1.04123,1.04124,1.00,2.25
2016.10.12 15:04:12.304,1.04123,1.04124,1.25,1.12
2016.10.12 15:04:12.356,1.04122,1.04124,1.69,1.00
2016.10.12 15:04:12.407,1.04122,1.04124,1.50,2.50
2016.10.12 15:04:12.458,1.04123,1.04124,1.00,2.62
2016.10.12 15:04:12.510,1.04122,1.04123,1.12,1.00
2016.10.12 15:04:12.561,1.04122,1.04123,1.00,1.00
2016.10.12 15:04:12.865,1.04122,1.04123,1.00,1.00
2016.10.12 15:04:12.919,1.04121,1.04122,1.12,1.50
2016.10.12 15:04:12.972,1.04121,1.04122,1.87,1.00
2016.10.12 15:04:13.024,1.04121,1.04122,1.00,1.00
2016.10.12 15:04:13.076,1.04121,1.04122,1.00,1.12
2016.10.12 15:04:13.128,1.04121,1.04122,1.35,1.12
2016.10.12 15:04:13.180,1.04126,1.04133,3.05,3.03
2016.10.12 15:04:13.232,1.04132,1.04133,1.35,1.04
2016.10.12 15:04:13.284,1.04135,1.04137,1.72,3.37
2016.10.12 15:04:13.536,1.04136,1.04139,1.50,5.65
2016.10.12 15:04:13.587,1.04134,1.04135,1.00,1.00
2016.10.12 15:04:13.638,1.04134,1.04136,1.00,2.25
2016.10.12 15:04:13.690,1.04134,1.04136,1.00,1.87
2016.10.12 15:04:13.741,1.04133,1.04134,2.62,1.00
2016.10.12 15:04:13.793,1.04136,1.04138,1.12,2.25
2016.10.12 15:04:13.844,1.04136,1.04138,1.49,1.50
2016.10.12 15:04:13.896,1.04136,1.04138,1.12,1.50
2016.10.12 15:04:14.049,1.04136,1.04137,1.12,1.00
2016.10.12 15:04:14.454,1.04136,1.04137,1.00,1.00
2016.10.12 15:04:14.566,1.04133,1.04135,4.50,1.00
2016.10.12 15:04:14.622,1.04133,1.04134,1.12,1.12
2016.10.12 15:04:14.674,1.04132,1.04134,2.25,1.12
2016.10.12 15:04:14.725,1.04133,1.04135,1.12,1.50
2016.10.12 15:04:14.829,1.04133,1.04135,1.31,1.00
2016.10.12 15:04:15.022,1.04135,1.04136,1.00,2.25
2016.10.12 15:04:15.074,1.04135,1.04136,1.00,1.50
2016.10.12 15:04:15.125,1.04131,1.04135,4.31,2.62
2016.10.12 15:04:15.278,1.04131,1.04135,5.81,2.62
2016.10.12 15:04:15.380,1.04131,1.04135,4.31,2.62
2016.10.12 15:04:15.432,1.04131,1.04134,4.31,1.00
2016.10.12 15:04:15.686,1.04132,1.04134,1.00,1.00
2016.10.12 15:04:16.096,1.04131,1.04134,3.94,1.00
2016.10.12 15:04:16.148,1.04131,1.04134,3.19,1.00
2016.10.12 15:04:16.520,1.04134,1.04135,1.72,1.12
2016.10.12 15:04:16.575,1.04135,1.04136,1.00,1.12
2016.10.12 15:04:16.627,1.04135,1.04138,1.50,3.37
2016.10.12 15:04:16.679,1.04135,1.04138,1.50,2.62
2016.10.12 15:04:16.730,1.04135,1.04138,1.50,1.50
2016.10.12 15:04:16.832,1.04135,1.04138,1.70,1.50
2016.10.12 15:04:16.883,1.04135,1.04139,2.45,3.37
2016.10.12 15:04:17.037,1.04135,1.04137,1.70,1.12
2016.10.12 15:04:17.286,1.04134,1.04136,1.27,1.37
2016.10.12 15:04:17.357,1.04134,1.04136,8.29,1.87
2016.10.12 15:04:17.408,1.04137,1.04139,2.10,5.43
2016.10.12 15:04:17.476,1.04138,1.04139,3.60,1.12
2016.10.12 15:04:17.579,1.04138,1.0414,3.60,1.00
2016.10.12 15:04:17.631,1.04138,1.04141,3.60,3.00
2016.10.12 15:04:17.683,1.04138,1.04141,4.35,2.25
2016.10.12 15:04:17.734,1.04138,1.04141,3.60,1.50
2016.10.12 15:04:18.039,1.04138,1.0414,3.60,1.00
2016.10.12 15:04:18.270,1.04138,1.04141,2.25,1.50
2016.10.12 15:04:18.322,1.04138,1.04141,2.25,1.00
2016.10.12 15:04:18.373,1.04138,1.04141,2.25,1.50
2016.10.12 15:04:18.424,1.04138,1.04141,3.00,1.50
2016.10.12 15:04:18.526,1.04138,1.04141,1.50,1.50
2016.10.12 15:04:18.782,1.04138,1.04141,2.25,1.50
2016.10.12 15:04:18.833,1.04139,1.04141,1.12,1.00
2016.10.12 15:04:18.884,1.04138,1.04141,3.75,1.50
2016.10.12 15:04:19.342,1.04139,1.04141,1.12,1.00
2016.10.12 15:04:19.646,1.0414,1.04141,1.00,1.00
2016.10.12 15:04:19.719,1.0414,1.04143,2.25,1.50
2016.10.12 15:04:19.770,1.0414,1.04143,2.25,1.00
2016.10.12 15:04:19.822,1.0414,1.04144,2.25,2.25
2016.10.12 15:04:19.923,1.0414,1.04144,3.00,2.25
2016.10.12 15:04:20.025,1.04141,1.04144,1.12,2.25
2016.10.12 15:04:20.076,1.0414,1.04143,3.00,1.00
2016.10.12 15:04:20.229,1.0414,1.04143,3.37,1.00
2016.10.12 15:04:20.474,1.04141,1.04143,1.12,1.50
2016.10.12 15:04:21.430,1.04144,1.04147,1.57,6.19
2016.10.12 15:04:21.481,1.04146,1.04147,1.00,1.50
2016.10.12 15:04:21.534,1.04146,1.04147,2.25,1.00
2016.10.12 15:04:21.587,1.04146,1.04147,3.00,1.00
2016.10.12 15:04:21.639,1.04146,1.04147,1.50,1.00
2016.10.12 15:04:21.742,1.04146,1.04148,1.00,1.12
2016.10.12 15:04:21.844,1.04146,1.04147,1.00,1.00
2016.10.12 15:04:21.947,1.04146,1.04149,1.00,3.75
2016.10.12 15:04:22.230,1.04146,1.04147,1.00,1.00
2016.10.12 15:04:22.282,1.04143,1.04147,5.77,1.87
2016.10.12 15:04:22.333,1.04143,1.04147,4.72,1.87
2016.10.12 15:04:22.394,1.04144,1.04147,1.12,1.12
2016.10.12 15:04:22.465,1.04143,1.04147,3.22,1.87
2016.10.12 15:04:22.517,1.04143,1.04147,2.62,2.62
2016.10.12 15:04:22.773,1.04143,1.04147,4.72,2.62
2016.10.12 15:04:22.825,1.04144,1.04147,1.12,1.87
2016.10.12 15:04:23.057,1.04144,1.04147,1.00,2.06
2016.10.12 15:04:23.109,1.04143,1.04146,4.35,1.00
2016.10.12 15:04:23.161,1.04144,1.04146,1.12,1.50
2016.10.12 15:04:23.214,1.04146,1.04147,1.00,1.12
2016.10.12 15:04:23.265,1.04146,1.04147,1.00,1.00
2016.10.12 15:04:23.316,1.04146,1.04148,1.00,2.25
2016.10.12 15:04:23.368,1.04145,1.04148,1.50,1.50
2016.10.12 15:04:23.667,1.04145,1.04148,1.50,1.00
2016.10.12 15:04:23.986,1.04145,1.04146,1.00,1.00
2016.10.12 15:04:24.038,1.04145,1.04148,1.50,1.50
2016.10.12 15:04:24.089,1.04145,1.04148,1.00,2.25
2016.10.12 15:04:24.616,1.04144,1.04147,1.87,1.00
2016.10.12 15:04:24.669,1.04146,1.04148,4.57,1.00
2016.10.12 15:04:24.721,1.04148,1.04149,2.85,1.50
2016.10.12 15:04:24.773,1.0415,1.04152,1.00,6.00
2016.10.12 15:04:25.024,1.04149,1.0415,1.50,1.00
2016.10.12 15:04:25.230,1.0415,1.04153,1.00,2.81
2016.10.12 15:04:25.486,1.0415,1.04153,1.00,3.56
2016.10.12 15:04:25.537,1.04149,1.04153,1.50,3.56
2016.10.12 15:04:25.588,1.04149,1.04152,1.50,2.06
2016.10.12 15:04:25.640,1.04149,1.0415,1.00,1.00
2016.10.12 15:04:25.691,1.04149,1.0415,1.00,1.12
2016.10.12 15:04:26.024,1.04149,1.04151,1.00,1.69
2016.10.12 15:04:26.075,1.04148,1.04151,3.60,1.69
2016.10.12 15:04:26.126,1.04148,1.04151,3.60,2.44
2016.10.12 15:04:26.820,1.04148,1.04152,3.97,3.94
2016.10.12 15:04:26.973,1.04148,1.04152,3.97,3.94
2016.10.12 15:04:27.548,1.04148,1.04152,3.97,3.94
2016.10.12 15:04:27.623,1.04148,1.04152,5.10,2.81
2016.10.12 15:04:27.674,1.04148,1.04152,5.10,2.81
2016.10.12 15:04:27.879,1.04148,1.04152,5.10,2.81
2016.10.12 15:04:27.930,1.04148,1.04152,4.72,2.81
2016.10.12 15:04:28.246,1.04149,1.04152,2.85,1.87
2016.10.12 15:04:28.298,1.0415,1.04153,3.60,1.50
2016.10.12 15:04:28.400,1.04151,1.04154,1.35,4.31
2016.10.12 15:04:28.452,1.04152,1.04153,2.85,2.25
2016.10.12 15:04:28.503,1.04152,1.04153,1.00,2.25
2016.10.12 15:04:28.554,1.04152,1.04154,3.60,2.06
2016.10.12 15:04:28.606,1.04155,1.04156,2.10,6.75
2016.10.12 15:04:28.657,1.04155,1.04157,3.60,6.56
2016.10.12 15:04:28.708,1.04155,1.04156,3.60,1.00
2016.10.12 15:04:28.759,1.04155,1.04156,3.60,1.00
2016.10.12 15:04:28.967,1.04156,1.04158,2.10,4.69
2016.10.12 15:04:29.018,1.04155,1.04156,1.00,1.00
2016.10.12 15:04:29.120,1.04154,1.04156,1.00,1.50
2016.10.12 15:04:29.172,1.04153,1.04156,1.50,1.50
2016.10.12 15:04:29.223,1.04152,1.04155,2.25,1.69
2016.10.12 15:04:29.274,1.04152,1.04155,1.50,1.69
2016.10.12 15:04:29.326,1.04152,1.04156,2.25,4.20
2016.10.12 15:04:29.377,1.04153,1.04155,1.00,1.69
2016.10.12 15:04:29.436,1.04153,1.04155,1.00,2.44
2016.10.12 15:04:29.775,1.04152,1.04154,1.00,1.50
2016.10.12 15:04:29.877,1.04151,1.04155,2.25,2.62
2016.10.12 15:04:29.980,1.04151,1.04155,2.25,2.44
2016.10.12 15:04:30.031,1.04152,1.04153,1.00,1.00
2016.10.12 15:04:30.083,1.0415,1.04153,3.00,1.00
2016.10.12 15:04:30.135,1.0415,1.04152,1.00,1.12
2016.10.12 15:04:30.187,1.04151,1.04152,1.00,1.12
2016.10.12 15:04:30.238,1.04151,1.04152,1.12,1.00
2016.10.12 15:04:30.488,1.04151,1.04153,1.50,1.87
2016.10.12 15:04:30.539,1.04151,1.04154,1.50,2.62
2016.10.12 15:04:30.693,1.04151,1.04154,2.10,2.62
2016.10.12 15:04:30.745,1.04151,1.04155,1.75,4.05
2016.10.12 15:04:30.796,1.04151,1.04155,1.75,3.67
2016.10.12 15:04:30.848,1.04151,1.04155,1.75,3.37
2016.10.12 15:04:31.134,1.04151,1.04155,1.75,4.87
2016.10.12 15:04:31.288,1.04153,1.04155,2.85,4.50
2016.10.12 15:04:31.499,1.04155,1.04156,1.12,4.87
2016.10.12 15:04:31.554,1.04156,1.04158,2.85,2.25
2016.10.12 15:04:31.605,1.04157,1.0416,1.12,3.94
2016.10.12 15:04:31.657,1.04156,1.0416,3.94,1.50
2016.10.12 15:04:31.708,1.04163,1.04164,1.00,12.56
2016.10.12 15:04:31.759,1.04163,1.04165,1.87,7.50
2016.10.12 15:04:31.810,1.04161,1.04164,4.12,4.12
2016.10.12 15:04:31.861,1.04165,1.04166,1.00,8.25
2016.10.12 15:04:32.117,1.04164,1.04166,1.87,1.00
2016.10.12 15:04:32.171,1.04163,1.04167,2.62,3.00
2016.10.12 15:04:32.223,1.04163,1.04166,1.50,1.12
2016.10.12 15:04:32.274,1.04163,1.04166,1.87,1.00
2016.10.12 15:04:32.378,1.04164,1.04166,1.12,1.00
2016.10.12 15:04:32.429,1.04164,1.04167,1.87,3.00
2016.10.12 15:04:32.481,1.04164,1.04167,1.12,4.69
2016.10.12 15:04:32.532,1.04164,1.04167,1.12,3.75
2016.10.12 15:04:32.752,1.04163,1.04166,1.69,1.50
2016.10.12 15:04:32.803,1.04169,1.0417,2.10,3.37
2016.10.12 15:04:32.855,1.04173,1.04174,1.12,9.37
2016.10.12 15:04:32.906,1.04173,1.04174,1.12,1.00
2016.10.12 15:04:32.958,1.04173,1.04175,1.00,1.00
2016.10.12 15:04:33.010,1.04172,1.04174,1.87,1.00
2016.10.12 15:04:33.061,1.04172,1.04174,1.50,1.50
2016.10.12 15:04:33.113,1.04172,1.04174,1.00,1.50
2016.10.12 15:04:33.164,1.04173,1.04174,2.85,1.50
2016.10.12 15:04:33.623,1.04173,1.04175,2.10,1.87
2016.10.12 15:04:33.683,1.04173,1.04175,1.00,1.50
2016.10.12 15:04:33.735,1.04172,1.04175,3.60,1.00
2016.10.12 15:04:33.787,1.04172,1.04174,1.12,1.00
2016.10.12 15:04:33.838,1.04172,1.04174,2.85,1.00
2016.10.12 15:04:33.889,1.04173,1.04174,2.10,1.00
2016.10.12 15:04:33.942,1.04173,1.04174,1.50,1.00
2016.10.12 15:04:33.993,1.04173,1.04175,5.06,1.00
2016.10.12 15:04:34.204,1.04177,1.04178,1.00,3.00
2016.10.12 15:04:34.259,1.04176,1.04178,2.85,3.00
2016.10.12 15:04:34.310,1.04176,1.04178,3.60,2.25
2016.10.12 15:04:34.414,1.04176,1.04178,3.60,2.25
2016.10.12 15:04:34.517,1.04176,1.04178,3.60,3.00
2016.10.12 15:04:34.570,1.04176,1.04178,3.60,2.25
2016.10.12 15:04:34.621,1.04176,1.04178,3.60,2.25
2016.10.12 15:04:34.672,1.04176,1.04178,4.35,1.50
2016.10.12 15:04:34.906,1.04174,1.04175,2.44,1.50
2016.10.12 15:04:34.957,1.04171,1.04173,1.87,1.00
2016.10.12 15:04:35.008,1.04172,1.04173,1.00,1.00
2016.10.12 15:04:35.060,1.04171,1.04173,1.87,1.50
2016.10.12 15:04:35.112,1.04172,1.04173,1.12,1.00
2016.10.12 15:04:35.163,1.04172,1.04173,1.87,1.00
2016.10.12 15:04:35.215,1.04173,1.04175,1.00,3.00
2016.10.12 15:04:35.266,1.04173,1.04175,4.35,2.25
2016.10.12 15:04:35.318,1.04173,1.04175,4.72,2.62
2016.10.12 15:04:35.369,1.04173,1.04176,3.37,1.12
2016.10.12 15:04:35.565,1.04174,1.04176,2.44,1.12
2016.10.12 15:04:35.616,1.04178,1.0418,1.50,1.50
2016.10.12 15:04:35.669,1.04176,1.0418,3.37,1.50
2016.10.12 15:04:35.720,1.04176,1.04177,1.12,1.50
2016.10.12 15:04:35.772,1.04175,1.04176,1.12,1.50
2016.10.12 15:04:35.824,1.04173,1.04174,4.57,1.00
2016.10.12 15:04:35.875,1.04172,1.04174,2.47,1.00
2016.10.12 15:04:35.926,1.04173,1.04175,2.85,1.12
2016.10.12 15:04:35.978,1.04173,1.04176,3.64,1.50
2016.10.12 15:04:36.030,1.04175,1.04177,1.00,1.50
2016.10.12 15:04:36.081,1.04175,1.04178,1.50,1.12
2016.10.12 15:04:36.293,1.04177,1.0418,4.01,6.37
2016.10.12 15:04:36.345,1.0418,1.04181,1.50,1.50
2016.10.12 15:04:36.396,1.04179,1.0418,1.69,1.00
2016.10.12 15:04:36.447,1.04179,1.0418,1.31,1.00
2016.10.12 15:04:36.602,1.04179,1.04181,2.81,1.50
2016.10.12 15:04:36.705,1.04179,1.04181,2.81,1.50
2016.10.12 15:04:37.058,1.04186,1.04188,1.00,8.47
2016.10.12 15:04:37.111,1.04186,1.04188,1.50,1.00
2016.10.12 15:04:37.162,1.04187,1.04188,1.00,3.22
2016.10.12 15:04:37.403,1.04187,1.04188,1.00,2.47
2016.10.12 15:04:37.505,1.04187,1.04189,1.00,4.35
2016.10.12 15:04:37.556,1.04187,1.04189,1.00,5.10
2016.10.12 15:04:37.607,1.04187,1.04189,1.00,4.35
2016.10.12 15:04:37.658,1.04187,1.04189,1.00,3.60
2016.10.12 15:04:38.165,1.04186,1.04189,1.87,3.60
2016.10.12 15:04:38.267,1.04187,1.04189,1.00,2.85
2016.10.12 15:04:38.318,1.04187,1.04189,1.00,1.00
2016.10.12 15:04:38.369,1.04187,1.04189,1.00,1.35
2016.10.12 15:04:38.421,1.04187,1.04189,1.00,2.10
2016.10.12 15:04:38.472,1.04187,1.04189,1.00,3.60
2016.10.12 15:04:38.756,1.04187,1.04189,1.00,2.10
2016.10.12 15:04:38.812,1.04185,1.04186,1.00,1.12
2016.10.12 15:04:38.863,1.04185,1.04187,1.00,2.25
2016.10.12 15:04:38.914,1.04184,1.04187,1.67,1.50
2016.10.12 15:04:39.067,1.04184,1.04187,2.92,1.50
2016.10.12 15:04:39.118,1.04186,1.0419,1.67,6.07
2016.10.12 15:04:39.170,1.04187,1.0419,1.67,2.62
2016.10.12 15:04:39.420,1.04188,1.0419,5.81,1.12
2016.10.12 15:04:39.471,1.04189,1.04191,2.25,1.00
2016.10.12 15:04:39.742,1.04189,1.04192,2.25,1.50
2016.10.12 15:04:39.793,1.04189,1.04192,1.50,1.00
2016.10.12 15:04:39.895,1.04189,1.04192,1.50,1.35
2016.10.12 15:04:39.946,1.04189,1.04191,2.25,1.00
2016.10.12 15:04:40.400,1.04189,1.04191,1.00,1.00
2016.10.12 15:04:40.604,1.04189,1.0419,1.50,1.00
2016.10.12 15:04:40.656,1.04185,1.04188,8.21,1.00
2016.10.12 15:04:40.707,1.04187,1.04188,1.00,1.00
2016.10.12 15:04:40.758,1.04187,1.04188,1.00,1.50
2016.10.12 15:04:40.809,1.04185,1.04186,1.00,1.00
2016.10.12 15:04:40.912,1.04183,1.04185,1.42,1.00
2016.10.12 15:04:41.195,1.04181,1.04183,1.00,1.00
2016.10.12 15:04:41.247,1.04183,1.04184,2.17,1.00
2016.10.12 15:04:41.298,1.04185,1.04186,1.00,1.00
2016.10.12 15:04:41.349,1.04186,1.04188,1.00,1.00
2016.10.12 15:04:41.401,1.04187,1.04189,2.25,1.00
2016.10.12 15:04:41.503,1.04187,1.04188,3.37,1.00
2016.10.12 15:04:41.760,1.04189,1.0419,1.30,1.87
2016.10.12 15:04:41.964,1.04197,1.042,3.37,1.35
2016.10.12 15:04:42.018,1.04202,1.04204,1.87,1.50
2016.10.12 15:04:42.069,1.04204,1.04206,1.50,4.12
2016.10.12 15:04:42.121,1.04204,1.04207,1.00,2.10
2016.10.12 15:04:42.172,1.04204,1.04205,1.00,1.30
2016.10.12 15:04:42.224,1.04202,1.04206,1.00,1.60
2016.10.12 15:04:42.275,1.04202,1.04203,1.50,1.00
2016.10.12 15:04:42.496,1.04202,1.04203,1.00,1.00
2016.10.12 15:04:42.548,1.04204,1.04207,1.69,1.75
2016.10.12 15:04:42.600,1.04205,1.04208,1.50,1.12
2016.10.12 15:04:42.651,1.04206,1.04209,1.50,4.12
2016.10.12 15:04:42.703,1.04207,1.0421,1.00,4.87
2016.10.12 15:04:42.754,1.04213,1.04215,1.25,8.21
2016.10.12 15:04:42.806,1.04213,1.04215,2.31,12.37
2016.10.12 15:04:42.858,1.04218,1.04225,7.56,1.00
2016.10.12 15:04:43.111,1.04216,1.04218,5.25,1.00
2016.10.12 15:04:43.162,1.04216,1.04218,2.62,1.00
2016.10.12 15:04:43.213,1.04215,1.04219,2.25,3.00
2016.10.12 15:04:43.264,1.04215,1.04217,1.00,2.25
2016.10.12 15:04:43.315,1.04215,1.04216,1.00,1.00
2016.10.12 15:04:43.367,1.0422,1.04223,3.37,6.07
2016.10.12 15:04:43.419,1.04225,1.04226,1.25,3.37
2016.10.12 15:04:43.470,1.04223,1.04225,4.87,2.25
2016.10.12 15:04:43.669,1.04223,1.04224,4.50,1.50
2016.10.12 15:04:43.721,1.04224,1.04226,1.00,2.25
2016.10.12 15:04:43.823,1.04224,1.04226,1.00,2.25
2016.10.12 15:04:43.875,1.04224,1.04226,1.00,1.50
2016.10.12 15:04:43.926,1.04224,1.04225,1.00,1.12
2016.10.12 15:04:44.269,1.04213,1.04217,1.87,1.50
2016.10.12 15:04:44.515,1.04209,1.04211,1.12,1.00
2016.10.12 15:04:44.574,1.04209,1.04212,4.91,1.12
2016.10.12 15:04:44.626,1.04211,1.04212,1.00,1.12
2016.10.12 15:04:44.728,1.04211,1.04212,1.00,1.00
2016.10.12 15:04:44.830,1.04211,1.04212,1.00,1.00
2016.10.12 15:04:45.072,1.04208,1.04211,3.49,1.00
2016.10.12 15:04:45.124,1.04208,1.04211,4.99,1.00
2016.10.12 15:04:45.175,1.04209,1.04211,1.42,1.00
2016.10.12 15:04:45.227,1.04209,1.04212,2.17,1.00
2016.10.12 15:04:45.279,1.0421,1.04212,1.00,1.00
2016.10.12 15:04:45.330,1.0421,1.04212,1.42,1.00
2016.10.12 15:04:45.381,1.04211,1.04212,1.00,1.00
2016.10.12 15:04:45.534,1.04211,1.04212,1.00,1.00
2016.10.12 15:04:45.780,1.04209,1.04211,1.00,2.25
2016.10.12 15:04:45.831,1.04205,1.04207,4.12,1.00
2016.10.12 15:04:45.882,1.04206,1.04208,2.47,1.00
2016.10.12 15:04:45.933,1.04207,1.04208,1.50,1.00
2016.10.12 15:04:45.985,1.04207,1.04208,3.00,1.00
2016.10.12 15:04:46.036,1.04208,1.04209,1.00,1.00
2016.10.12 15:04:46.087,1.04208,1.0421,1.00,2.25
2016.10.12 15:04:46.532,1.04206,1.04208,1.00,1.00
2016.10.12 15:04:46.634,1.04205,1.04206,3.19,1.50
2016.10.12 15:04:46.685,1.04206,1.04207,1.50,1.87
2016.10.12 15:04:46.737,1.04206,1.04208,2.17,2.25
2016.10.12 15:04:46.788,1.04205,1.04206,1.42,1.50
2016.10.12 15:04:46.890,1.04205,1.04208,1.67,2.25
2016.10.12 15:04:46.942,1.04205,1.04208,1.42,2.25
2016.10.12 15:04:47.044,1.04204,1.04205,3.67,1.00
2016.10.12 15:04:47.301,1.04204,1.04205,1.00,1.00
2016.10.12 15:04:47.353,1.04204,1.04206,3.52,3.75
2016.10.12 15:04:47.404,1.04209,1.0421,1.00,19.50
2016.10.12 15:04:47.468,1.04207,1.04208,2.47,7.12
2016.10.12 15:04:47.520,1.04209,1.04211,2.85,9.37
2016.10.12 15:04:47.572,1.04212,1.04214,6.90,3.75
2016.10.12 15:04:47.623,1.04214,1.04215,6.41,3.75
2016.10.12 15:04:47.859,1.04215,1.04216,6.04,1.00
2016.10.12 15:04:47.915,1.04217,1.04218,1.12,1.12
2016.10.12 15:04:47.968,1.04218,1.04219,2.10,1.12
2016.10.12 15:04:48.020,1.04219,1.0422,1.00,1.12
2016.10.12 15:04:48.074,1.04219,1.0422,1.00,1.50
2016.10.12 15:04:48.126,1.04219,1.0422,1.00,1.00
2016.10.12 15:04:48.178,1.04219,1.04221,2.85,2.62
2016.10.12 15:04:48.229,1.04219,1.04221,1.35,2.62
2016.10.12 15:04:48.333,1.04219,1.04221,1.00,3.00
2016.10.12 15:04:48.586,1.04219,1.0422,1.00,1.50
2016.10.12 15:04:48.740,1.04219,1.0422,1.00,1.50
2016.10.12 15:04:48.791,1.04219,1.0422,1.00,1.00
2016.10.12 15:04:48.843,1.04219,1.04221,1.00,1.87
2016.10.12 15:04:48.895,1.04218,1.04221,3.04,1.12
2016.10.12 15:04:48.998,1.04218,1.04221,2.85,1.12
2016.10.12 15:04:49.100,1.04218,1.0422,1.35,1.00
2016.10.12 15:04:49.152,1.04218,1.0422,1.00,1.00
2016.10.12 15:04:49.255,1.04217,1.04218,1.00,1.50
2016.10.12 15:04:49.507,1.04216,1.04217,3.94,1.00
2016.10.12 15:04:49.558,1.04216,1.04218,6.56,3.75
2016.10.12 15:04:49.610,1.04216,1.04218,6.75,3.00
2016.10.12 15:04:49.661,1.04216,1.04218,1.31,1.50
2016.10.12 15:04:49.713,1.04216,1.04217,5.25,9.41
2016.10.12 15:04:49.765,1.04209,1.04211,1.87,2.50
2016.10.12 15:04:49.816,1.04208,1.0421,3.00,1.00
2016.10.12 15:04:49.867,1.04208,1.0421,3.37,1.50
2016.10.12 15:04:49.919,1.04207,1.0421,2.25,3.00
2016.10.12 15:04:50.142,1.04207,1.0421,1.50,3.00
2016.10.12 15:04:50.385,1.04206,1.04208,1.87,1.50
2016.10.12 15:04:50.437,1.04204,1.04206,6.00,1.00
2016.10.12 15:04:50.488,1.04204,1.04206,1.50,1.12
2016.10.12 15:04:50.539,1.04203,1.04206,1.37,1.50
2016.10.12 15:04:50.590,1.04202,1.04204,1.87,1.00
2016.10.12 15:04:50.641,1.04202,1.04205,2.25,1.50
2016.10.12 15:04:50.903,1.04196,1.04198,1.12,1.00
2016.10.12 15:04:50.960,1.04197,1.04198,1.00,1.00
2016.10.12 15:04:51.011,1.04196,1.04198,1.12,1.00
2016.10.12 15:04:51.318,1.04196,1.04198,1.00,1.00
2016.10.12 15:04:51.369,1.04196,1.04198,1.00,1.00
2016.10.12 15:04:51.420,1.04195,1.04198,1.12,1.50
2016.10.12 15:04:51.471,1.04194,1.04197,2.25,1.00
2016.10.12 15:04:51.735,1.04196,1.04197,1.50,1.50
2016.10.12 15:04:51.786,1.04196,1.04197,2.62,1.50
2016.10.12 15:04:51.838,1.04196,1.04197,2.62,1.00
2016.10.12 15:04:51.991,1.04197,1.04198,1.00,1.00
2016.10.12 15:04:52.094,1.04196,1.04198,6.22,1.00
2016.10.12 15:04:52.146,1.04196,1.04198,5.47,1.00
2016.10.12 15:04:52.248,1.04196,1.04199,5.47,2.25
2016.10.12 15:04:52.350,1.04196,1.04199,3.37,2.25
2016.10.12 15:04:52.578,1.04196,1.04199,1.87,1.50
2016.10.12 15:04:52.648,1.04195,1.04198,2.25,2.25
2016.10.12 15:04:52.751,1.04195,1.04197,2.25,1.00
2016.10.12 15:04:53.107,1.04195,1.04197,1.87,1.00
2016.10.12 15:04:53.209,1.04195,1.04197,1.50,1.00
2016.10.12 15:04:53.649,1.04195,1.04198,1.50,2.25
2016.10.12 15:04:53.701,1.04197,1.04199,1.35,1.37
2016.10.12 15:04:53.752,1.04196,1.04198,2.85,1.50
2016.10.12 15:04:53.803,1.04198,1.04199,1.00,1.50
2016.10.12 15:04:53.855,1.04198,1.042,1.00,1.12
2016.10.12 15:04:53.907,1.04198,1.04201,3.04,2.62
2016.10.12 15:04:53.958,1.04199,1.04201,1.50,1.12
2016.10.12 15:04:54.062,1.04199,1.04201,1.50,1.00
2016.10.12 15:04:54.164,1.04199,1.04202,1.50,2.62
2016.10.12 15:04:54.420,1.04195,1.04196,8.25,1.12
2016.10.12 15:04:54.472,1.04196,1.04197,2.62,3.22
2016.10.12 15:04:54.524,1.04192,1.04195,6.00,3.75
2016.10.12 15:04:54.576,1.04197,1.04199,1.00,1.00
2016.10.12 15:04:54.627,1.04197,1.042,1.75,1.00
2016.10.12 15:04:54.679,1.042,1.04201,1.00,1.50
2016.10.12 15:04:54.730,1.042,1.04202,1.00,3.00
2016.10.12 15:04:54.983,1.04201,1.04202,1.12,1.12
2016.10.12 15:04:55.035,1.04201,1.04204,1.12,1.00
2016.10.12 15:04:55.087,1.042,1.04203,1.25,1.00
2016.10.12 15:04:55.138,1.042,1.04203,3.26,1.00
2016.10.12 15:04:55.190,1.04201,1.04203,1.00,1.00
2016.10.12 15:04:55.242,1.04201,1.04202,1.00,1.50
2016.10.12 15:04:55.294,1.04201,1.04202,1.12,1.50
2016.10.12 15:04:55.346,1.042,1.04202,1.87,2.29
2016.10.12 15:04:55.398,1.042,1.04202,1.50,2.29
2016.10.12 15:04:55.621,1.04197,1.042,1.87,1.00
2016.10.12 15:04:55.673,1.04197,1.04198,1.50,1.00
2016.10.12 15:04:55.777,1.04197,1.04198,1.12,1.00
2016.10.12 15:04:56.036,1.04197,1.04198,1.12,1.50
2016.10.12 15:04:56.088,1.04197,1.04198,1.00,1.87
2016.10.12 15:04:56.140,1.04197,1.04198,1.00,2.62
2016.10.12 15:04:56.192,1.04197,1.04198,1.00,2.25
2016.10.12 15:04:56.448,1.04196,1.04198,3.00,1.50
2016.10.12 15:04:56.500,1.04196,1.04198,2.62,1.87
2016.10.12 15:04:56.961,1.04196,1.04198,1.50,1.87
2016.10.12 15:04:57.201,1.04195,1.04197,1.50,2.10
2016.10.12 15:04:57.253,1.04184,1.04187,2.29,2.25
2016.10.12 15:04:57.304,1.04184,1.04187,2.29,1.50
2016.10.12 15:04:57.356,1.04186,1.04187,1.50,1.12
2016.10.12 15:04:57.407,1.04188,1.0419,1.54,1.12
2016.10.12 15:04:57.690,1.042,1.04202,1.12,1.37
2016.10.12 15:04:57.741,1.042,1.04201,1.12,1.12
2016.10.12 15:04:57.792,1.04201,1.04202,1.00,1.50
2016.10.12 15:04:57.844,1.04201,1.04202,1.00,1.12
2016.10.12 15:04:58.106,1.04192,1.04195,1.12,1.00
2016.10.12 15:04:58.157,1.04191,1.04194,2.62,1.23
2016.10.12 15:04:58.208,1.04191,1.04194,1.87,1.98
2016.10.12 15:04:58.259,1.0419,1.04193,2.25,1.12
2016.10.12 15:04:58.310,1.04191,1.04193,1.00,1.12
2016.10.12 15:04:58.361,1.04191,1.04194,2.25,1.12
2016.10.12 15:04:58.786,1.04191,1.04194,1.00,1.00
2016.10.12 15:04:58.889,1.04191,1.04194,1.50,1.00
2016.10.12 15:04:59.042,1.04191,1.04194,1.00,1.00
2016.10.12 15:04:59.562,1.04191,1.04194,1.00,1.50
2016.10.12 15:04:59.766,1.04191,1.04194,1.00,3.00
2016.10.12 15:04:59.919,1.0419,1.04192,1.12,1.12
2016.10.12 15:04:59.970,1.0419,1.04192,1.12,1.50
2016.10.12 15:05:00.123,1.04189,1.04192,1.50,2.62
2016.10.12 15:05:00.174,1.04189,1.04192,1.12,2.87
2016.10.12 15:05:00.225,1.04189,1.04192,1.00,2.99
2016.10.12 15:05:00.277,1.04188,1.04191,7.31,1.12
2016.10.12 15:05:00.713,1.04187,1.04191,13.91,1.50
2016.10.12 15:05:00.772,1.04186,1.04191,4.87,3.25
2016.10.12 15:05:00.825,1.04187,1.04191,3.75,3.00
2016.10.12 15:05:00.929,1.04187,1.04191,4.50,3.25
2016.10.12 15:05:00.981,1.04188,1.04191,3.75,3.25
2016.10.12 15:05:01.039,1.04188,1.04191,3.75,2.87
2016.10.12 15:05:01.304,1.04186,1.0419,5.25,1.12
2016.10.12 15:05:01.364,1.04186,1.0419,5.25,2.12
2016.10.12 15:05:01.727,1.04187,1.0419,3.75,2.12
2016.10.12 15:05:02.085,1.04187,1.04188,3.75,1.00
2016.10.12 15:05:02.817,1.04193,1.04201,3.94,1.12
2016.10.12 15:05:02.876,1.042,1.04204,2.25,6.97
2016.10.12 15:05:02.928,1.04202,1.04204,1.00,5.85
2016.10.12 15:05:02.980,1.04198,1.04199,19.16,1.00
2016.10.12 15:05:03.032,1.04202,1.04204,2.62,2.62
2016.10.12 15:05:03.084,1.04203,1.04205,1.00,3.60
2016.10.12 15:05:03.136,1.04205,1.04206,1.00,6.97
2016.10.12 15:05:03.187,1.04205,1.04206,2.02,2.85
2016.10.12 15:05:03.444,1.04205,1.04209,1.87,5.10
2016.10.12 15:05:03.552,1.04206,1.04208,1.00,2.10
2016.10.12 15:05:03.655,1.04205,1.04207,3.00,1.35
2016.10.12 15:05:03.757,1.04205,1.04207,3.00,1.00
2016.10.12 15:05:03.809,1.04205,1.04208,3.00,4.35
2016.10.12 15:05:03.860,1.04205,1.04209,3.00,5.10
2016.10.12 15:05:03.911,1.04204,1.04206,3.75,3.10
2016.10.12 15:05:03.962,1.04205,1.04208,1.75,5.51
2016.10.12 15:05:04.212,1.04205,1.04207,1.50,4.95
2016.10.12 15:05:04.279,1.04203,1.04204,1.00,1.00
2016.10.12 15:05:04.332,1.04203,1.04204,1.00,1.50
2016.10.12 15:05:05.499,1.04201,1.04202,3.00,2.85
2016.10.12 15:05:05.550,1.04201,1.04202,1.00,3.82
2016.10.12 15:05:05.678,1.04199,1.042,1.00,1.50
2016.10.12 15:05:05.936,1.04203,1.04204,1.12,1.00
2016.10.12 15:05:05.987,1.04204,1.04205,1.50,1.00
2016.10.12 15:05:06.039,1.04205,1.04206,1.00,2.25
2016.10.12 15:05:06.090,1.04205,1.04206,1.12,2.25
2016.10.12 15:05:06.141,1.04202,1.04203,3.37,1.00
2016.10.12 15:05:06.192,1.04202,1.04203,3.00,1.00
2016.10.12 15:05:06.243,1.04202,1.04203,1.50,1.50
2016.10.12 15:05:06.448,1.04201,1.04203,5.25,1.00
2016.10.12 15:05:06.499,1.04201,1.04202,4.50,3.60
2016.10.12 15:05:06.550,1.042,1.04202,2.25,4.35
2016.10.12 15:05:06.601,1.04199,1.04202,1.87,2.85
2016.10.12 15:05:06.852,1.042,1.04202,1.12,1.00
2016.10.12 15:05:06.904,1.04204,1.04206,1.12,1.12
2016.10.12 15:05:06.955,1.04206,1.04207,2.25,1.25
2016.10.12 15:05:07.006,1.04209,1.0421,1.50,3.37
2016.10.12 15:05:07.058,1.0421,1.04212,1.87,5.62
2016.10.12 15:05:07.109,1.04211,1.04212,1.50,1.00
2016.10.12 15:05:07.160,1.04212,1.04214,2.25,3.37
2016.10.12 15:05:07.211,1.04212,1.04213,2.25,2.25
2016.10.12 15:05:07.262,1.04212,1.04213,1.00,3.00
2016.10.12 15:05:07.313,1.0421,1.04212,1.50,1.50
2016.10.12 15:05:07.365,1.04209,1.04212,1.00,1.50
2016.10.12 15:05:07.800,1.04209,1.04213,1.75,3.00
2016.10.12 15:05:07.854,1.04209,1.04211,1.00,2.62
2016.10.12 15:05:07.907,1.04209,1.0421,1.00,1.00
2016.10.12 15:05:07.965,1.04209,1.04211,1.50,2.25
2016.10.12 15:05:08.017,1.04208,1.0421,1.50,1.00
2016.10.12 15:05:08.083,1.04208,1.0421,1.31,1.00
2016.10.12 15:05:08.134,1.04209,1.04211,1.50,1.50
2016.10.12 15:05:08.552,1.0421,1.04211,1.00,1.00
2016.10.12 15:05:09.165,1.0421,1.04211,1.00,1.50
2016.10.12 15:05:09.678,1.04209,1.04211,2.25,1.00
2016.10.12 15:05:09.832,1.04209,1.04211,1.50,1.50
2016.10.12 15:05:09.883,1.04209,1.0421,1.50,1.00
2016.10.12 15:05:09.934,1.04209,1.04211,1.50,2.25
2016.10.12 15:05:09.986,1.04209,1.0421,1.50,1.00
2016.10.12 15:05:10.242,1.04209,1.0421,1.00,1.12
2016.10.12 15:05:10.293,1.04209,1.0421,1.50,1.12
2016.10.12 15:05:10.344,1.04209,1.04211,2.25,1.50
2016.10.12 15:05:10.447,1.04209,1.04211,3.62,1.00
2016.10.12 15:05:10.542,1.04209,1.04211,1.87,1.12
2016.10.12 15:05:10.594,1.04209,1.0421,1.50,1.00
2016.10.12 15:05:10.646,1.04209,1.0421,1.00,1.00
2016.10.12 15:05:10.697,1.04208,1.0421,1.12,1.12
2016.10.12 15:05:10.749,1.04208,1.0421,1.00,1.87
2016.10.12 15:05:10.800,1.04208,1.04209,1.00,1.00
2016.10.12 15:05:10.852,1.04206,1.04207,4.57,1.50
2016.10.12 15:05:11.077,1.04205,1.04207,3.56,1.50
2016.10.12 15:05:11.128,1.04205,1.04208,3.94,3.00
2016.10.12 15:05:11.180,1.04205,1.04208,3.75,3.00
2016.10.12 15:05:11.232,1.04205,1.04208,3.75,3.00
2016.10.12 15:05:11.648,1.04206,1.04207,1.00,1.12
2016.10.12 15:05:11.699,1.04205,1.04206,2.25,1.00
2016.10.12 15:05:11.751,1.04205,1.04206,1.00,1.50
2016.10.12 15:05:11.802,1.04204,1.04206,3.00,1.87
2016.10.12 15:05:11.853,1.04204,1.04206,2.25,2.62
2016.10.12 15:05:12.166,1.04203,1.04205,1.00,1.50
2016.10.12 15:05:12.268,1.04202,1.04203,4.50,1.00
2016.10.12 15:05:12.319,1.04202,1.04203,3.75,2.10
2016.10.12 15:05:12.371,1.04198,1.04199,17.62,1.00
2016.10.12 15:05:12.422,1.04197,1.04199,5.25,1.50
2016.10.12 15:05:12.473,1.04193,1.04194,1.00,1.00
2016.10.12 15:05:12.524,1.04193,1.04194,4.12,1.00
2016.10.12 15:05:12.576,1.04193,1.04196,6.94,2.25
2016.10.12 15:05:12.627,1.04193,1.04195,4.69,1.00
2016.10.12 15:05:12.833,1.04193,1.04194,3.56,1.00
2016.10.12 15:05:12.886,1.04191,1.04194,3.94,1.50
2016.10.12 15:05:12.938,1.04191,1.04194,3.56,1.50
2016.10.12 15:05:12.989,1.04191,1.04194,3.19,1.87
2016.10.12 15:05:13.450,1.04191,1.04194,3.94,1.87
2016.10.12 15:05:13.846,1.04191,1.04194,3.19,2.62
2016.10.12 15:05:13.897,1.04191,1.04194,3.56,2.62
2016.10.12 15:05:13.948,1.04191,1.04194,2.81,2.62
2016.10.12 15:05:13.999,1.04191,1.04194,3.19,2.62
2016.10.12 15:05:14.051,1.04191,1.04194,6.75,1.87
2016.10.12 15:05:14.102,1.04191,1.04194,7.12,1.87
2016.10.12 15:05:14.153,1.04193,1.04194,1.00,1.12
2016.10.12 15:05:14.204,1.04193,1.04194,1.00,1.00
2016.10.12 15:05:14.256,1.04193,1.04195,1.50,1.12
2016.10.12 15:05:14.307,1.04193,1.04195,1.00,1.87
2016.10.12 15:05:15.011,1.04194,1.04196,1.00,2.25
2016.10.12 15:05:15.220,1.04194,1.04196,1.12,1.50
2016.10.12 15:05:15.272,1.04194,1.04196,1.87,1.50
2016.10.12 15:05:15.477,1.04194,1.04196,1.12,1.50
2016.10.12 15:05:15.901,1.04193,1.04195,3.00,1.00
2016.10.12 15:05:15.953,1.04191,1.04192,3.37,1.00
2016.10.12 15:05:16.055,1.04191,1.04192,1.87,1.00
2016.10.12 15:05:16.107,1.04191,1.04192,1.12,1.00
2016.10.12 15:05:16.464,1.04191,1.04193,1.12,1.50
2016.10.12 15:05:16.570,1.04191,1.04193,1.12,1.00
2016.10.12 15:05:16.885,1.04191,1.04193,1.12,1.50
2016.10.12 15:05:17.091,1.04191,1.04193,1.12,2.25
2016.10.12 15:05:17.194,1.04191,1.04192,1.12,1.00
2016.10.12 15:05:17.245,1.04189,1.0419,1.00,1.50
2016.10.12 15:05:17.298,1.04188,1.04189,1.31,1.50
2016.10.12 15:05:17.349,1.04185,1.04187,2.25,1.00
2016.10.12 15:05:17.401,1.04184,1.04186,1.12,1.00
2016.10.12 15:05:17.654,1.04185,1.04186,1.87,1.50
2016.10.12 15:05:17.758,1.04185,1.04186,1.12,1.50
2016.10.12 15:05:17.810,1.04185,1.04186,1.12,1.00
2016.10.12 15:05:17.861,1.04186,1.04188,1.00,3.75
2016.10.12 15:05:17.965,1.04185,1.04186,1.87,1.50
2016.10.12 15:05:18.016,1.04185,1.04186,1.87,1.00
2016.10.12 15:05:18.267,1.04187,1.04188,1.50,5.25
2016.10.12 15:05:18.332,1.04185,1.04186,1.12,2.25
2016.10.12 15:05:18.486,1.04185,1.04187,1.00,2.25
2016.10.12 15:05:18.721,1.04187,1.04188,1.00,3.75
2016.10.12 15:05:18.772,1.04187,1.04188,1.00,4.50
2016.10.12 15:05:18.823,1.04185,1.04186,3.75,1.50
2016.10.12 15:05:19.027,1.04185,1.04187,3.75,1.00
2016.10.12 15:05:19.079,1.04186,1.04188,1.00,3.00
2016.10.12 15:05:19.796,1.04186,1.04188,1.00,3.75
2016.10.12 15:05:19.949,1.04186,1.04187,1.00,1.12
2016.10.12 15:05:20.358,1.04185,1.04187,2.87,1.87
2016.10.12 15:05:20.409,1.04185,1.04186,1.87,1.50
2016.10.12 15:05:20.460,1.04183,1.04184,2.25,1.87
2016.10.12 15:05:20.708,1.04181,1.04183,1.12,2.25
2016.10.12 15:05:20.765,1.04182,1.04184,1.25,4.12
2016.10.12 15:05:20.816,1.04182,1.04184,1.25,3.37
2016.10.12 15:05:20.867,1.04182,1.04183,1.00,1.00
2016.10.12 15:05:20.919,1.04182,1.04183,1.00,1.50
2016.10.12 15:05:20.970,1.04181,1.04183,1.12,1.50
2016.10.12 15:05:21.174,1.0418,1.04183,2.25,1.50
2016.10.12 15:05:21.681,1.04185,1.04187,5.63,1.50
2016.10.12 15:05:21.733,1.04185,1.04187,5.44,1.50
2016.10.12 15:05:21.785,1.04187,1.04188,1.87,1.50
2016.10.12 15:05:21.836,1.04187,1.04188,1.50,1.50
2016.10.12 15:05:21.938,1.04187,1.04188,1.00,1.87
2016.10.12 15:05:21.990,1.04186,1.04187,1.50,1.00
2016.10.12 15:05:22.362,1.04189,1.0419,1.00,2.25
2016.10.12 15:05:22.465,1.04188,1.04189,1.50,1.50
2016.10.12 15:05:22.568,1.04187,1.04188,1.87,1.50
2016.10.12 15:05:22.671,1.04188,1.04191,3.75,3.00
2016.10.12 15:05:22.722,1.04189,1.0419,2.25,1.00
2016.10.12 15:05:22.773,1.0419,1.04192,2.25,1.37
2016.10.12 15:05:22.825,1.04191,1.04192,1.00,1.12
2016.10.12 15:05:23.073,1.04188,1.04189,1.50,1.00
2016.10.12 15:05:23.124,1.04187,1.04189,3.19,1.50
2016.10.12 15:05:23.227,1.04187,1.04188,3.19,1.00
2016.10.12 15:05:23.279,1.04187,1.04188,2.81,1.50
2016.10.12 15:05:23.330,1.04187,1.04188,2.44,1.50
2016.10.12 15:05:23.382,1.04187,1.04188,1.50,1.50
2016.10.12 15:05:23.588,1.04187,1.04189,1.00,1.50
2016.10.12 15:05:23.852,1.04187,1.04188,1.50,1.50
2016.10.12 15:05:23.906,1.04187,1.04188,1.69,1.00
2016.10.12 15:05:23.957,1.04187,1.04188,2.06,1.00
2016.10.12 15:05:24.008,1.04187,1.04188,2.06,1.50
2016.10.12 15:05:24.059,1.04187,1.04188,1.50,1.50
2016.10.12 15:05:25.572,1.04184,1.04185,1.12,2.25
2016.10.12 15:05:25.624,1.04182,1.04184,8.25,1.00
2016.10.12 15:05:25.676,1.04182,1.04184,3.00,1.50
2016.10.12 15:05:25.727,1.04182,1.04184,2.62,1.50
2016.10.12 15:05:25.780,1.04182,1.04184,1.87,1.50
2016.10.12 15:05:25.832,1.04181,1.04183,2.25,1.00
2016.10.12 15:05:25.883,1.04182,1.04183,1.87,1.50
2016.10.12 15:05:25.986,1.04181,1.04183,2.25,1.50
2016.10.12 15:05:26.087,1.04181,1.04183,1.50,1.50
2016.10.12 15:05:26.318,1.04184,1.04185,1.12,1.87
2016.10.12 15:05:26.373,1.04184,1.04185,1.12,1.50
2016.10.12 15:05:26.475,1.04183,1.04185,3.00,1.00
2016.10.12 15:05:26.527,1.04184,1.04186,1.50,1.50
2016.10.12 15:05:26.578,1.04184,1.04186,1.91,1.00
2016.10.12 15:05:26.631,1.04184,1.04186,2.66,1.00
2016.10.12 15:05:26.684,1.04186,1.04187,1.50,1.00
2016.10.12 15:05:26.737,1.04187,1.04189,1.50,1.50
2016.10.12 15:05:26.790,1.04188,1.04189,2.81,1.50
2016.10.12 15:05:27.040,1.0419,1.04192,2.25,1.50
2016.10.12 15:05:27.559,1.0419,1.04191,2.25,1.50
2016.10.12 15:05:28.004,1.0419,1.04193,2.25,2.25
2016.10.12 15:05:28.161,1.0419,1.04193,1.75,3.00
2016.10.12 15:05:28.266,1.0419,1.04191,1.00,2.25
2016.10.12 15:05:28.318,1.0419,1.04191,1.50,2.25
2016.10.12 15:05:28.370,1.04189,1.04191,1.37,3.00
2016.10.12 15:05:28.424,1.04189,1.0419,1.12,1.00
2016.10.12 15:05:28.477,1.0419,1.04191,1.00,1.50
2016.10.12 15:05:28.529,1.0419,1.04192,1.50,2.25
2016.10.12 15:05:28.582,1.0419,1.04191,1.50,1.50
2016.10.12 15:05:28.824,1.0419,1.04191,2.25,1.50
2016.10.12 15:05:29.033,1.0419,1.04191,2.25,1.00
2016.10.12 15:05:29.084,1.0419,1.04192,3.00,1.00
2016.10.12 15:05:29.187,1.04191,1.04193,1.87,1.50
2016.10.12 15:05:29.340,1.04191,1.04193,2.25,1.50
2016.10.12 15:05:29.759,1.04191,1.04193,1.87,1.50
2016.10.12 15:05:30.696,1.0419,1.04191,3.00,1.00
2016.10.12 15:05:30.747,1.0419,1.04191,3.00,1.50
2016.10.12 15:05:30.798,1.0419,1.04191,2.25,1.50
2016.10.12 15:05:31.511,1.0419,1.04191,1.12,1.50
2016.10.12 15:05:31.708,1.04188,1.0419,9.00,1.00
2016.10.12 15:05:31.762,1.04188,1.04189,4.87,1.00
2016.10.12 15:05:31.817,1.0419,1.04191,2.25,2.62
2016.10.12 15:05:31.868,1.0419,1.04191,2.25,1.87
2016.10.12 15:05:31.920,1.0419,1.04191,1.00,1.50
2016.10.12 15:05:31.971,1.04188,1.0419,6.37,1.00
2016.10.12 15:05:32.022,1.04188,1.0419,5.62,1.00
2016.10.12 15:05:32.073,1.04188,1.04189,5.62,1.50
2016.10.12 15:05:32.124,1.04188,1.0419,5.62,1.00
2016.10.12 15:05:32.391,1.04188,1.0419,6.37,1.00
2016.10.12 15:05:32.469,1.04188,1.04189,6.37,1.50
2016.10.12 15:05:32.520,1.04188,1.0419,6.37,1.00
2016.10.12 15:05:32.572,1.04188,1.04189,6.75,1.50
2016.10.12 15:05:32.623,1.04188,1.0419,3.75,1.00
2016.10.12 15:05:32.674,1.0419,1.04191,1.00,2.25
2016.10.12 15:05:32.725,1.0419,1.04191,1.00,1.50
2016.10.12 15:05:32.827,1.0419,1.04191,1.00,2.25
2016.10.12 15:05:33.140,1.0419,1.04191,1.00,1.50
2016.10.12 15:05:33.191,1.04188,1.0419,5.25,1.50
2016.10.12 15:05:33.293,1.04191,1.04193,1.50,1.00
2016.10.12 15:05:33.345,1.04195,1.04197,2.85,4.12
2016.10.12 15:05:33.397,1.04198,1.042,1.00,6.37
2016.10.12 15:05:33.448,1.04198,1.04199,1.12,1.00
2016.10.12 15:05:33.500,1.04196,1.04198,2.06,4.49
2016.10.12 15:05:33.551,1.04197,1.04199,2.10,7.49
2016.10.12 15:05:33.603,1.04198,1.04199,1.50,4.50
2016.10.12 15:05:33.655,1.04199,1.042,1.00,1.00
2016.10.12 15:05:34.065,1.04199,1.04201,1.89,1.00
2016.10.12 15:05:34.118,1.04202,1.04205,1.50,3.19
2016.10.12 15:05:34.588,1.04202,1.04205,1.50,3.00
2016.10.12 15:05:34.646,1.04202,1.04205,1.50,2.25
2016.10.12 15:05:34.698,1.04203,1.04205,1.00,1.00
2016.10.12 15:05:34.800,1.04203,1.04206,1.00,3.00
2016.10.12 15:05:35.017,1.04203,1.04206,2.25,1.50
2016.10.12 15:05:35.124,1.04204,1.04206,1.00,1.50
2016.10.12 15:05:35.280,1.04203,1.04206,1.50,1.65
2016.10.12 15:05:35.332,1.04202,1.04204,1.12,1.00
2016.10.12 15:05:35.384,1.042,1.04201,5.21,1.50
2016.10.12 15:05:35.436,1.04199,1.04201,1.12,1.87
2016.10.12 15:05:35.488,1.04199,1.04201,1.00,1.31
2016.10.12 15:05:35.539,1.04199,1.042,1.00,1.12
2016.10.12 15:05:35.782,1.04193,1.04195,15.00,2.87
2016.10.12 15:05:35.834,1.04193,1.04195,1.00,6.19
2016.10.12 15:05:35.886,1.04193,1.04195,1.50,5.44
2016.10.12 15:05:35.937,1.04193,1.04195,1.50,4.50
2016.10.12 15:05:35.989,1.04193,1.04195,1.50,1.50
2016.10.12 15:05:36.040,1.04193,1.04195,2.25,1.50
2016.10.12 15:05:36.091,1.04193,1.04195,1.50,1.12
2016.10.12 15:05:36.142,1.04193,1.04195,1.00,1.12
2016.10.12 15:05:36.193,1.04194,1.04196,2.36,1.31
2016.10.12 15:05:36.245,1.04196,1.04197,1.50,4.87
2016.10.12 15:05:36.296,1.04196,1.04197,1.50,1.12
2016.10.12 15:05:36.347,1.04196,1.04197,1.50,1.00
2016.10.12 15:05:36.583,1.04196,1.04197,1.50,4.12
2016.10.12 15:05:36.635,1.04196,1.04197,1.00,4.50
2016.10.12 15:05:36.686,1.04195,1.04197,2.25,4.50
2016.10.12 15:05:36.840,1.04195,1.04197,1.50,4.50
2016.10.12 15:05:36.891,1.04195,1.04197,1.50,5.25
2016.10.12 15:05:36.944,1.04194,1.04195,2.25,1.00
2016.10.12 15:05:36.995,1.04194,1.04195,1.00,1.00
2016.10.12 15:05:37.097,1.04194,1.04195,1.00,1.00
2016.10.12 15:05:37.199,1.04194,1.04196,1.00,1.87
2016.10.12 15:05:37.432,1.04195,1.04196,1.30,1.12
2016.10.12 15:05:37.824,1.04196,1.04197,1.00,1.00
2016.10.12 15:05:37.875,1.04195,1.04198,3.00,1.87
2016.10.12 15:05:37.926,1.04195,1.04198,2.25,1.87
2016.10.12 15:05:38.028,1.04195,1.04198,1.50,1.87
2016.10.12 15:05:38.079,1.04195,1.04197,1.50,1.00
2016.10.12 15:05:38.131,1.04195,1.04197,1.00,1.00
2016.10.12 15:05:38.604,1.04194,1.04197,4.50,1.00
2016.10.12 15:05:38.682,1.04194,1.04196,1.50,1.00
2016.10.12 15:05:38.835,1.04194,1.04195,1.12,1.00
2016.10.12 15:05:38.887,1.04193,1.04195,1.87,1.00
2016.10.12 15:05:38.938,1.04193,1.04195,1.00,1.00
2016.10.12 15:05:38.989,1.04192,1.04195,3.00,1.12
2016.10.12 15:05:39.193,1.04192,1.04195,2.25,1.12
2016.10.12 15:05:39.443,1.04192,1.04195,1.50,1.12
2016.10.12 15:05:39.851,1.04192,1.04195,1.00,1.87
2016.10.12 15:05:39.903,1.04192,1.04195,1.50,1.87
2016.10.12 15:05:40.056,1.04193,1.04195,1.00,1.12
2016.10.12 15:05:40.107,1.04196,1.04199,2.85,8.27
2016.10.12 15:05:40.353,1.04204,1.04206,1.87,3.75
2016.10.12 15:05:40.447,1.04206,1.04208,1.00,5.44
2016.10.12 15:05:40.499,1.04206,1.04207,1.00,1.50
2016.10.12 15:05:40.550,1.04206,1.04207,1.00,3.00
2016.10.12 15:05:40.602,1.04203,1.04204,2.44,1.00
2016.10.12 15:05:40.654,1.04203,1.04204,2.25,1.00
2016.10.12 15:05:40.706,1.04203,1.04204,1.12,2.25
2016.10.12 15:05:40.759,1.04203,1.04204,1.00,1.00
2016.10.12 15:05:40.810,1.04203,1.04205,1.12,1.12
2016.10.12 15:05:41.728,1.04203,1.04206,1.87,2.06
2016.10.12 15:05:41.780,1.04203,1.04206,2.62,1.69
2016.10.12 15:05:42.235,1.04203,1.04205,1.87,1.00
2016.10.12 15:05:42.287,1.04203,1.04206,3.75,1.69
2016.10.12 15:05:42.338,1.04204,1.04207,1.50,2.06
2016.10.12 15:05:42.399,1.04204,1.04207,4.12,1.12
2016.10.12 15:05:42.472,1.04205,1.04207,1.50,1.00
2016.10.12 15:05:42.829,1.04204,1.04206,2.25,1.00
2016.10.12 15:05:43.066,1.04204,1.04206,1.00,3.19
2016.10.12 15:05:43.136,1.04202,1.04206,2.25,3.19
2016.10.12 15:05:43.187,1.04203,1.04206,1.12,3.19
2016.10.12 15:05:43.290,1.04203,1.04206,1.87,3.19
2016.10.12 15:05:43.341,1.04203,1.04206,2.25,1.69
2016.10.12 15:05:43.392,1.04203,1.04206,3.00,1.00
2016.10.12 15:05:43.444,1.04203,1.04207,3.00,2.06
2016.10.12 15:05:43.598,1.04204,1.04207,1.50,2.06
2016.10.12 15:05:43.700,1.04203,1.04207,2.25,2.06
2016.10.12 15:05:43.940,1.04204,1.04207,2.44,2.44
2016.10.12 15:05:43.991,1.04203,1.04206,3.56,1.00
2016.10.12 15:05:44.043,1.04203,1.04206,3.00,1.87
2016.10.12 15:05:44.196,1.04203,1.04206,2.25,1.87
2016.10.12 15:05:44.248,1.04203,1.04206,1.75,1.87
2016.10.12 15:05:44.586,1.04204,1.04206,1.50,1.87
2016.10.12 15:05:44.660,1.04203,1.04205,1.00,1.50
2016.10.12 15:05:45.161,1.04204,1.04205,1.00,1.50
2016.10.12 15:05:45.264,1.04203,1.04205,1.87,1.50
2016.10.12 15:05:45.315,1.04202,1.04204,2.25,1.00
2016.10.12 15:05:45.367,1.04202,1.04204,1.50,1.00
2016.10.12 15:05:45.419,1.04201,1.04203,3.19,1.00
2016.10.12 15:05:45.471,1.04201,1.04206,5.25,3.94
2016.10.12 15:05:45.522,1.04201,1.04206,5.25,4.31
2016.10.12 15:05:45.574,1.04201,1.04202,4.50,1.50
2016.10.12 15:05:45.625,1.04198,1.042,6.75,1.00
2016.10.12 15:05:45.676,1.04198,1.04199,2.62,1.50
2016.10.12 15:05:45.893,1.04198,1.04199,1.00,1.50
2016.10.12 15:05:45.944,1.04197,1.04199,1.30,1.50
2016.10.12 15:05:45.995,1.04197,1.04198,1.30,1.00
2016.10.12 15:05:46.047,1.04197,1.04198,1.30,1.50
2016.10.12 15:05:46.098,1.04197,1.04199,1.72,1.50
2016.10.12 15:05:46.302,1.04197,1.04199,2.47,1.50
2016.10.12 15:05:46.455,1.04197,1.04198,1.87,1.50
2016.10.12 15:05:46.506,1.04197,1.04198,1.12,1.50
2016.10.12 15:05:46.936,1.04197,1.04199,1.37,1.00
2016.10.12 15:05:46.987,1.04197,1.042,1.12,2.25
2016.10.12 15:05:48.211,1.04198,1.042,1.00,1.50
2016.10.12 15:05:48.262,1.04198,1.042,1.00,1.00
2016.10.12 15:05:48.314,1.04198,1.04201,2.25,2.25
2016.10.12 15:05:48.366,1.04198,1.04201,3.00,1.50
2016.10.12 15:05:48.705,1.04201,1.04202,1.30,1.50
2016.10.12 15:05:48.757,1.04202,1.04203,1.12,1.50
2016.10.12 15:05:48.809,1.04202,1.04203,2.25,1.50
2016.10.12 15:05:48.862,1.04202,1.04206,3.37,4.69
2016.10.12 15:05:48.915,1.04202,1.04206,1.75,4.69
2016.10.12 15:05:48.968,1.04204,1.04205,1.00,2.81
2016.10.12 15:05:49.482,1.04203,1.04205,1.00,2.81
2016.10.12 15:05:49.534,1.04203,1.04205,1.00,2.44
2016.10.12 15:05:49.636,1.04203,1.04205,1.00,1.69
2016.10.12 15:05:49.688,1.04203,1.04205,1.00,2.44
2016.10.12 15:05:49.741,1.04202,1.04205,1.75,2.44
2016.10.12 15:05:49.792,1.04202,1.04205,2.25,1.69
2016.10.12 15:05:49.896,1.04202,1.04205,2.25,1.50
2016.10.12 15:05:49.947,1.04202,1.04205,2.62,1.50
2016.10.12 15:05:49.998,1.04202,1.04205,2.62,1.00
2016.10.12 15:05:50.233,1.04203,1.04206,3.75,1.50
2016.10.12 15:05:50.285,1.04206,1.04207,1.00,1.25
2016.10.12 15:05:50.337,1.04207,1.04208,1.00,1.00
2016.10.12 15:05:50.388,1.04207,1.04208,1.50,1.00
2016.10.12 15:05:50.440,1.04209,1.0421,1.00,1.12
2016.10.12 15:05:50.493,1.04209,1.04211,2.50,3.37
2016.10.12 15:05:50.545,1.04211,1.04212,1.00,1.12
2016.10.12 15:05:50.597,1.04211,1.04213,1.00,1.69
2016.10.12 15:05:50.648,1.04211,1.04214,1.12,4.69
2016.10.12 15:05:50.700,1.04211,1.04214,1.12,4.31
2016.10.12 15:05:50.751,1.04212,1.04214,1.00,3.56
2016.10.12 15:05:50.854,1.04212,1.04214,1.50,3.56
2016.10.12 15:05:51.713,1.04213,1.04215,1.25,3.94
2016.10.12 15:05:51.769,1.04215,1.04216,2.10,1.50
2016.10.12 15:05:51.820,1.0422,1.04221,1.00,1.00
2016.10.12 15:05:51.871,1.0422,1.04222,1.00,1.87
2016.10.12 15:05:51.922,1.0422,1.04222,1.12,1.00
2016.10.12 15:05:52.160,1.04221,1.04227,1.00,4.40
2016.10.12 15:05:52.215,1.04231,1.04233,1.50,1.72
2016.10.12 15:05:52.266,1.04231,1.04233,1.00,1.12
2016.10.12 15:05:52.317,1.04231,1.04234,1.50,2.81
2016.10.12 15:05:52.369,1.04232,1.04233,2.25,1.12
2016.10.12 15:05:52.420,1.04232,1.04233,1.50,1.00
2016.10.12 15:05:52.478,1.04231,1.04234,1.87,2.06
2016.10.12 15:05:52.529,1.04231,1.04234,1.50,2.25
2016.10.12 15:05:52.581,1.04232,1.04233,1.00,1.12
2016.10.12 15:05:52.796,1.04232,1.04234,1.50,1.12
2016.10.12 15:05:52.967,1.04232,1.04233,1.50,1.00
2016.10.12 15:05:53.170,1.04232,1.04234,1.50,1.12
2016.10.12 15:05:53.273,1.04232,1.04233,1.00,1.50
2016.10.12 15:05:53.375,1.0423,1.04231,2.25,1.50
2016.10.12 15:05:53.663,1.0423,1.04232,4.12,1.50
2016.10.12 15:05:53.717,1.04232,1.04233,1.00,1.50
2016.10.12 15:05:53.821,1.0423,1.04232,3.00,1.50
2016.10.12 15:05:53.873,1.0423,1.04232,2.62,1.50
2016.10.12 15:05:54.466,1.04231,1.04232,1.00,1.50
2016.10.12 15:05:54.569,1.04231,1.04232,1.00,1.00
2016.10.12 15:05:54.824,1.04231,1.04232,1.00,1.00
2016.10.12 15:05:54.927,1.04231,1.04232,1.00,1.50
2016.10.12 15:05:55.234,1.0423,1.04232,1.00,1.50
2016.10.12 15:05:55.285,1.04231,1.04232,1.00,1.00
2016.10.12 15:05:55.387,1.04231,1.04233,1.00,1.12
2016.10.12 15:05:55.439,1.04232,1.04233,1.30,1.12
2016.10.12 15:05:55.490,1.04233,1.04235,1.00,2.62
2016.10.12 15:05:55.541,1.04233,1.04235,1.00,1.87
2016.10.12 15:05:55.593,1.04233,1.04234,1.00,1.00
2016.10.12 15:05:55.933,1.04233,1.04234,1.00,1.25
2016.10.12 15:05:55.984,1.04231,1.04233,1.87,1.00
2016.10.12 15:05:56.036,1.04231,1.04232,1.00,1.00
2016.10.12 15:05:56.087,1.04232,1.04233,2.10,1.00
2016.10.12 15:05:56.241,1.04231,1.04232,2.85,1.00
2016.10.12 15:05:56.648,1.04232,1.04233,2.10,1.00
2016.10.12 15:05:56.699,1.04231,1.04233,2.85,1.00
2016.10.12 15:05:57.211,1.04231,1.04232,2.85,1.00
2016.10.12 15:05:57.474,1.04229,1.04231,3.41,1.37
2016.10.12 15:05:57.527,1.04226,1.04227,2.62,1.00
2016.10.12 15:05:57.578,1.04227,1.04228,2.32,2.25
2016.10.12 15:05:57.630,1.04229,1.0423,1.00,4.87
2016.10.12 15:05:57.681,1.04229,1.04232,2.06,3.75
2016.10.12 15:05:57.733,1.04244,1.04246,3.37,2.50
2016.10.12 15:05:57.784,1.04244,1.04246,3.37,2.87
2016.10.12 15:05:57.836,1.04247,1.04248,1.00,1.00
2016.10.12 15:05:58.388,1.04246,1.04247,1.00,1.00
2016.10.12 15:05:58.439,1.04248,1.04249,1.00,1.50
2016.10.12 15:05:58.490,1.04247,1.04251,1.50,1.12
2016.10.12 15:05:58.542,1.04249,1.04251,1.00,1.37
2016.10.12 15:05:58.593,1.04249,1.04252,1.00,1.75
2016.10.12 15:05:58.644,1.0425,1.04253,1.00,2.25
2016.10.12 15:05:58.695,1.0425,1.04253,1.50,2.25
2016.10.12 15:05:58.747,1.0425,1.04253,1.50,2.25
2016.10.12 15:05:58.990,1.04251,1.04253,1.00,1.00
2016.10.12 15:05:59.041,1.04251,1.04254,1.00,1.12
2016.10.12 15:05:59.093,1.04251,1.04254,1.00,1.87
2016.10.12 15:05:59.450,1.04249,1.04252,2.62,1.00
2016.10.12 15:05:59.502,1.04248,1.0425,4.50,1.00
2016.10.12 15:05:59.553,1.04249,1.04251,1.50,1.00
2016.10.12 15:05:59.604,1.0425,1.04251,1.00,1.00
2016.10.12 15:05:59.842,1.04249,1.04251,1.12,1.00
2016.10.12 15:05:59.913,1.04258,1.04261,1.50,2.44
2016.10.12 15:05:59.964,1.04258,1.04259,1.00,1.00
2016.10.12 15:06:00.016,1.04256,1.04258,1.12,1.00
2016.10.12 15:06:00.119,1.04253,1.04256,3.37,1.00
2016.10.12 15:06:00.171,1.04253,1.04255,1.50,1.00
2016.10.12 15:06:00.223,1.04252,1.04254,1.37,2.62
2016.10.12 15:06:00.274,1.0425,1.04254,2.25,3.37
2016.10.12 15:06:00.682,1.0425,1.04254,2.25,3.00
2016.10.12 15:06:00.733,1.0425,1.04251,1.00,1.00
2016.10.12 15:06:00.836,1.04251,1.04252,1.00,1.50
2016.10.12 15:06:00.888,1.04252,1.04253,1.50,1.50
2016.10.12 15:06:00.944,1.04251,1.04253,1.00,1.87
2016.10.12 15:06:00.995,1.0425,1.04253,1.00,2.62
2016.10.12 15:06:01.098,1.0425,1.04253,1.50,2.62
2016.10.12 15:06:01.201,1.0425,1.04251,1.00,1.50
2016.10.12 15:06:01.434,1.04249,1.04251,1.00,1.87
2016.10.12 15:06:01.495,1.04249,1.04251,1.00,1.12
2016.10.12 15:06:01.547,1.04249,1.04251,1.47,1.12
2016.10.12 15:06:01.598,1.04249,1.04251,1.16,2.12
2016.10.12 15:06:01.650,1.04248,1.04249,2.25,1.25
2016.10.12 15:06:01.701,1.04248,1.04249,1.50,1.69
2016.10.12 15:06:01.753,1.04248,1.04249,1.50,1.31
2016.10.12 15:06:01.804,1.04246,1.04249,1.50,2.06
2016.10.12 15:06:02.146,1.04246,1.04248,1.50,1.00
2016.10.12 15:06:02.213,1.04246,1.04248,1.00,1.50
2016.10.12 15:06:02.264,1.04245,1.04247,3.37,1.00
2016.10.12 15:06:02.315,1.04244,1.04246,1.50,1.50
2016.10.12 15:06:02.367,1.04243,1.04245,4.50,1.00
2016.10.12 15:06:02.520,1.04243,1.04245,3.75,1.00
2016.10.12 15:06:02.572,1.04243,1.04245,3.00,1.00
2016.10.12 15:06:02.843,1.04243,1.04244,1.00,1.25
2016.10.12 15:06:02.895,1.04239,1.0424,1.00,2.25
2016.10.12 15:06:02.947,1.04238,1.04239,1.50,1.00
2016.10.12 15:06:02.999,1.04237,1.04239,3.75,2.87
2016.10.12 15:06:03.050,1.0424,1.04241,3.97,2.81
2016.10.12 15:06:03.101,1.04239,1.0424,3.18,2.62
2016.10.12 15:06:03.153,1.04237,1.04239,6.60,1.87
2016.10.12 15:06:03.204,1.04238,1.0424,1.50,1.00
2016.10.12 15:06:03.306,1.04238,1.0424,2.25,2.06
2016.10.12 15:06:03.358,1.04236,1.04238,1.50,1.00
2016.10.12 15:06:03.571,1.04236,1.04237,1.00,1.00
2016.10.12 15:06:03.623,1.04235,1.04237,1.00,1.50
2016.10.12 15:06:03.779,1.04234,1.04236,2.62,1.00
2016.10.12 15:06:03.832,1.04233,1.04236,4.12,1.69
2016.10.12 15:06:03.883,1.04233,1.04236,2.62,2.44
2016.10.12 15:06:03.935,1.04233,1.04236,2.25,2.44
2016.10.12 15:06:03.987,1.04234,1.04236,1.00,2.25
2016.10.12 15:06:04.041,1.04234,1.04236,2.25,1.50
2016.10.12 15:06:04.093,1.04234,1.04236,1.00,1.50
2016.10.12 15:06:04.145,1.04233,1.04236,1.87,1.50
2016.10.12 15:06:04.597,1.04233,1.04235,1.50,1.00
2016.10.12 15:06:04.804,1.04233,1.04235,1.00,1.00
2016.10.12 15:06:05.063,1.04232,1.04233,3.37,1.00
2016.10.12 15:06:05.114,1.04232,1.04233,1.12,1.50
2016.10.12 15:06:05.166,1.04231,1.04233,1.50,1.50
2016.10.12 15:06:05.388,1.04231,1.04233,1.00,1.50
2016.10.12 15:06:05.445,1.04231,1.04232,1.00,1.00
2016.10.12 15:06:05.600,1.0423,1.04232,1.50,1.00
2016.10.12 15:06:06.604,1.04231,1.04232,1.00,1.00
2016.10.12 15:06:07.362,1.04233,1.04235,3.97,1.12
2016.10.12 15:06:07.416,1.04235,1.04236,1.50,1.00
2016.10.12 15:06:07.482,1.04236,1.04237,1.00,2.25
2016.10.12 15:06:07.534,1.04235,1.04238,2.25,4.31
2016.10.12 15:06:07.587,1.04235,1.04238,2.25,2.81
2016.10.12 15:06:07.638,1.04236,1.04238,1.00,2.81
2016.10.12 15:06:07.741,1.04236,1.04238,1.50,1.62
2016.10.12 15:06:07.792,1.04237,1.04238,1.00,1.00
2016.10.12 15:06:07.844,1.04238,1.0424,1.00,1.12
2016.10.12 15:06:07.946,1.04239,1.04241,1.00,3.75
2016.10.12 15:06:08.178,1.04239,1.04241,1.00,3.37
2016.10.12 15:06:08.230,1.04238,1.04241,1.00,4.12
2016.10.12 15:06:08.281,1.04237,1.04241,3.00,4.12
2016.10.12 15:06:08.332,1.04237,1.04239,1.00,1.00
2016.10.12 15:06:08.437,1.04237,1.04239,1.50,1.00
2016.10.12 15:06:08.489,1.04237,1.04239,1.12,1.87
2016.10.12 15:06:08.555,1.04239,1.0424,1.00,1.50
2016.10.12 15:06:08.607,1.0424,1.04241,1.00,1.12
2016.10.12 15:06:08.658,1.0424,1.04241,1.50,1.00
2016.10.12 15:06:08.710,1.0424,1.04242,1.50,1.50
2016.10.12 15:06:09.003,1.0424,1.04241,1.00,1.00
2016.10.12 15:06:09.054,1.04236,1.04237,1.00,1.00
2016.10.12 15:06:09.106,1.04235,1.04238,2.25,3.00
2016.10.12 15:06:09.157,1.04233,1.04235,1.37,1.50
2016.10.12 15:06:09.208,1.04233,1.04235,1.00,2.25
2016.10.12 15:06:09.261,1.04232,1.04235,2.80,2.25
2016.10.12 15:06:09.312,1.04232,1.04235,2.05,1.50
2016.10.12 15:06:09.363,1.04232,1.04235,1.68,2.25
2016.10.12 15:06:11.081,1.04233,1.04235,2.10,2.25
2016.10.12 15:06:11.136,1.04232,1.04234,1.23,1.12
2016.10.12 15:06:11.203,1.04231,1.04233,2.43,1.00
2016.10.12 15:06:11.254,1.04231,1.04233,2.25,1.12
2016.10.12 15:06:11.357,1.04231,1.04233,2.25,1.87
2016.10.12 15:06:11.408,1.04231,1.04233,1.87,1.87
2016.10.12 15:06:11.459,1.04231,1.04233,1.87,1.12
2016.10.12 15:06:11.613,1.04231,1.04234,1.87,4.69
2016.10.12 15:06:11.973,1.04231,1.04234,1.12,3.93
2016.10.12 15:06:12.033,1.04231,1.04234,1.12,4.68
2016.10.12 15:06:12.136,1.04231,1.04234,1.12,3.94
2016.10.12 15:06:12.188,1.04231,1.04234,1.87,2.25
2016.10.12 15:06:12.290,1.04231,1.04234,3.97,2.25
2016.10.12 15:06:12.341,1.04231,1.04234,3.22,2.25
2016.10.12 15:06:12.444,1.04231,1.04234,3.22,2.81
2016.10.12 15:06:13.399,1.04231,1.04234,1.12,2.81
2016.10.12 15:06:13.502,1.04231,1.04234,1.87,1.50
2016.10.12 15:06:13.656,1.04231,1.04233,2.47,1.12
2016.10.12 15:06:14.091,1.04231,1.04233,1.72,2.25
2016.10.12 15:06:14.144,1.04231,1.04232,1.72,1.87
2016.10.12 15:06:14.196,1.04231,1.04232,3.97,1.87
2016.10.12 15:06:14.350,1.04231,1.04232,3.97,1.50
2016.10.12 15:06:14.452,1.0423,1.04232,1.12,2.25
2016.10.12 15:06:14.504,1.04226,1.04228,10.87,1.69
2016.10.12 15:06:14.556,1.04224,1.04226,1.37,1.50
2016.10.12 15:06:14.607,1.04223,1.04226,3.60,1.00
2016.10.12 15:06:14.858,1.04223,1.04225,1.87,2.10
2016.10.12 15:06:14.932,1.04218,1.04219,1.00,3.47
2016.10.12 15:06:14.990,1.04217,1.04218,1.00,1.31
2016.10.12 15:06:15.042,1.04217,1.04218,1.50,1.25
2016.10.12 15:06:15.093,1.04218,1.04219,2.85,4.87
2016.10.12 15:06:15.144,1.04218,1.0422,2.85,1.00
2016.10.12 15:06:15.196,1.04219,1.0422,3.60,1.87
2016.10.12 15:06:15.247,1.04219,1.04221,4.22,1.87
2016.10.12 15:06:15.453,1.0422,1.04221,1.00,1.87
2016.10.12 15:06:15.505,1.0422,1.04221,1.00,2.25
2016.10.12 15:06:15.556,1.0422,1.04221,1.00,1.87
2016.10.12 15:06:15.658,1.04219,1.04221,3.45,1.87
2016.10.12 15:06:15.761,1.04219,1.04221,3.22,1.87
2016.10.12 15:06:15.812,1.04219,1.04221,1.12,1.87
2016.10.12 15:06:16.250,1.04219,1.04221,1.12,1.12
2016.10.12 15:06:16.454,1.0422,1.04221,1.00,1.12
2016.10.12 15:06:16.761,1.04219,1.04221,1.87,1.12
2016.10.12 15:06:17.251,1.04219,1.04221,1.12,1.12
2016.10.12 15:06:17.302,1.04219,1.04221,1.87,1.12
2016.10.12 15:06:17.404,1.04219,1.04221,1.87,1.00
2016.10.12 15:06:17.769,1.04219,1.04221,1.12,1.00
2016.10.12 15:06:17.848,1.0422,1.04221,1.00,1.00
2016.10.12 15:06:17.899,1.04219,1.04221,2.62,1.50
2016.10.12 15:06:17.950,1.04218,1.04222,4.31,3.37
2016.10.12 15:06:18.196,1.0422,1.04221,1.00,1.12
2016.10.12 15:06:18.247,1.04219,1.04221,1.00,2.62
2016.10.12 15:06:18.350,1.04218,1.04221,4.87,2.62
2016.10.12 15:06:18.451,1.04218,1.04221,5.62,2.62
2016.10.12 15:06:18.553,1.04218,1.04221,5.62,1.87
2016.10.12 15:06:18.757,1.04218,1.04221,5.62,1.12
2016.10.12 15:06:18.808,1.04218,1.04221,6.37,1.87
2016.10.12 15:06:19.081,1.04218,1.04221,4.87,2.62
2016.10.12 15:06:19.439,1.04218,1.0422,3.37,1.00
2016.10.12 15:06:19.541,1.04218,1.0422,2.62,1.50
2016.10.12 15:06:19.644,1.04218,1.0422,3.37,1.50
2016.10.12 15:06:19.745,1.04218,1.0422,2.62,1.50
2016.10.12 15:06:19.848,1.04218,1.04219,2.62,1.00
2016.10.12 15:06:20.087,1.04212,1.04214,1.00,3.60
2016.10.12 15:06:20.138,1.04212,1.04213,2.25,2.44
2016.10.12 15:06:20.190,1.04211,1.04212,2.62,1.50
2016.10.12 15:06:20.241,1.04208,1.04212,1.75,1.50
2016.10.12 15:06:20.292,1.04209,1.04212,1.00,1.00
2016.10.12 15:06:20.343,1.04207,1.04209,1.00,1.00
2016.10.12 15:06:20.445,1.04205,1.04207,1.50,1.00
2016.10.12 15:06:20.880,1.04204,1.04207,2.10,1.50
2016.10.12 15:06:20.951,1.04205,1.04206,1.00,1.00
2016.10.12 15:06:21.004,1.04205,1.04207,1.00,1.87
2016.10.12 15:06:21.055,1.04206,1.04207,1.00,1.12
2016.10.12 15:06:21.106,1.04207,1.04208,1.50,1.50
2016.10.12 15:06:21.158,1.04206,1.04208,2.25,1.12
2016.10.12 15:06:21.210,1.04207,1.04208,1.00,1.50
2016.10.12 15:06:21.438,1.04209,1.04211,1.00,5.25
2016.10.12 15:06:21.522,1.04211,1.04212,1.00,1.00
2016.10.12 15:06:21.829,1.04211,1.04213,1.00,1.12
2016.10.12 15:06:21.880,1.04212,1.04214,1.00,1.87
2016.10.12 15:06:21.932,1.04213,1.04214,1.00,1.12
2016.10.12 15:06:22.171,1.04213,1.04216,1.25,1.69
2016.10.12 15:06:22.222,1.04213,1.04216,1.69,1.69
2016.10.12 15:06:22.274,1.04213,1.04214,1.25,1.00
2016.10.12 15:06:22.326,1.04213,1.04215,1.25,1.31
2016.10.12 15:06:22.377,1.04213,1.04214,1.00,1.31
2016.10.12 15:06:22.428,1.04213,1.04214,1.00,1.12
2016.10.12 15:06:22.582,1.04213,1.04215,1.00,1.50
2016.10.12 15:06:22.885,1.04213,1.04215,1.00,1.12
2016.10.12 15:06:23.294,1.04213,1.04216,1.00,3.19
2016.10.12 15:06:23.600,1.04213,1.04216,1.00,4.12
2016.10.12 15:06:23.851,1.04212,1.04215,1.50,1.31
2016.10.12 15:06:23.904,1.04212,1.04215,1.00,2.81
2016.10.12 15:06:23.955,1.04212,1.04214,1.50,1.69
2016.10.12 15:06:24.008,1.04212,1.04214,1.50,1.31
2016.10.12 15:06:24.060,1.04212,1.04215,1.50,3.19
2016.10.12 15:06:24.112,1.04212,1.04215,1.50,2.44
2016.10.12 15:06:24.163,1.04213,1.04215,1.00,1.69
2016.10.12 15:06:24.214,1.04213,1.04216,1.50,3.19
2016.10.12 15:06:24.266,1.04213,1.04215,1.50,1.69
2016.10.12 15:06:24.606,1.04213,1.04215,1.00,1.69
2016.10.12 15:06:24.846,1.04213,1.04215,1.00,1.12
2016.10.12 15:06:25.092,1.04213,1.04215,1.50,1.12
2016.10.12 15:06:25.193,1.04213,1.04215,1.00,1.12
2016.10.12 15:06:25.244,1.04213,1.04215,1.00,1.50
2016.10.12 15:06:25.295,1.04213,1.04215,1.00,2.25
2016.10.12 15:06:25.976,1.04212,1.04215,1.50,3.00
2016.10.12 15:06:26.078,1.04212,1.04215,1.00,2.62
2016.10.12 15:06:26.233,1.04213,1.04215,1.00,1.12
2016.10.12 15:06:26.437,1.04214,1.04215,1.00,1.00
2016.10.12 15:06:26.488,1.04213,1.04215,1.00,1.00
2016.10.12 15:06:26.707,1.04213,1.04214,1.00,1.87
2016.10.12 15:06:26.759,1.0421,1.04211,1.50,1.00
2016.10.12 15:06:26.810,1.04208,1.0421,1.00,1.87
2016.10.12 15:06:26.861,1.04205,1.04207,3.97,1.00
2016.10.12 15:06:26.912,1.04206,1.04209,4.12,2.44
2016.10.12 15:06:26.963,1.04212,1.04218,6.00,25.16
2016.10.12 15:06:27.015,1.04213,1.04217,10.12,6.75
2016.10.12 15:06:27.066,1.04217,1.04218,1.00,9.22
2016.10.12 15:06:27.117,1.04217,1.04219,1.12,2.81
2016.10.12 15:06:27.168,1.04219,1.0422,1.00,1.50
2016.10.12 15:06:27.589,1.0422,1.04222,1.50,4.87
2016.10.12 15:06:27.643,1.04222,1.04224,1.00,1.00
2016.10.12 15:06:27.746,1.04221,1.04225,1.75,7.31
2016.10.12 15:06:27.798,1.04222,1.04224,1.00,3.00
2016.10.12 15:06:27.850,1.04221,1.04224,1.75,19.87
2016.10.12 15:06:27.901,1.04221,1.04224,1.75,23.62
2016.10.12 15:06:27.953,1.04222,1.04223,1.00,1.87
2016.10.12 15:06:28.250,1.04222,1.04223,1.00,2.62
2016.10.12 15:06:28.305,1.04221,1.04222,1.00,1.00
2016.10.12 15:06:28.408,1.04219,1.04223,2.25,2.62
2016.10.12 15:06:28.714,1.04219,1.04223,1.75,2.62
2016.10.12 15:06:28.971,1.04219,1.04223,1.75,1.50
2016.10.12 15:06:29.730,1.04218,1.0422,6.22,1.00
2016.10.12 15:06:29.781,1.04219,1.0422,1.00,1.50
2016.10.12 15:06:29.833,1.04218,1.04219,1.50,1.00
2016.10.12 15:06:29.884,1.04217,1.04218,4.72,1.00
2016.10.12 15:06:30.136,1.04217,1.04219,2.62,1.50
2016.10.12 15:06:30.189,1.04217,1.04219,2.25,2.25
2016.10.12 15:06:30.240,1.04216,1.04219,3.37,2.25
2016.10.12 15:06:30.292,1.04216,1.04219,2.51,2.25
2016.10.12 15:06:30.344,1.04216,1.04219,2.89,2.25
2016.10.12 15:06:30.447,1.04217,1.04219,1.50,1.50
2016.10.12 15:06:30.498,1.04217,1.04219,1.50,1.00
2016.10.12 15:06:30.748,1.04219,1.0422,1.00,1.00
2016.10.12 15:06:30.800,1.04218,1.04221,7.12,2.25
2016.10.12 15:06:31.141,1.04218,1.04221,4.87,2.25
2016.10.12 15:06:31.693,1.04219,1.0422,1.12,1.50
2016.10.12 15:06:31.745,1.04219,1.0422,1.50,1.50
2016.10.12 15:06:32.001,1.04219,1.0422,1.00,1.50
2016.10.12 15:06:32.664,1.04219,1.0422,1.50,1.00
2016.10.12 15:06:32.819,1.04219,1.04222,2.25,2.25
2016.10.12 15:06:32.870,1.04219,1.04222,1.87,2.25
2016.10.12 15:06:33.317,1.04218,1.04221,7.12,1.50
2016.10.12 15:06:33.368,1.04218,1.04221,6.90,1.50
2016.10.12 15:06:33.419,1.04218,1.04221,6.15,1.50
2016.10.12 15:06:33.470,1.04218,1.04221,5.40,1.87
2016.10.12 15:06:33.522,1.04218,1.0422,3.00,1.00
2016.10.12 15:06:33.573,1.04218,1.04219,1.87,1.35
2016.10.12 15:06:33.624,1.04216,1.04217,4.12,2.10
2016.10.12 15:06:33.675,1.04215,1.04217,1.37,6.00
2016.10.12 15:06:33.726,1.04213,1.04214,1.00,2.44
2016.10.12 15:06:33.777,1.04213,1.04214,1.00,5.06
2016.10.12 15:06:34.195,1.04211,1.04212,1.12,1.50
2016.10.12 15:06:34.275,1.04211,1.04212,1.12,1.00
2016.10.12 15:06:34.794,1.04211,1.04213,1.72,2.50
2016.10.12 15:06:35.056,1.04219,1.0422,2.25,3.00
2016.10.12 15:06:35.109,1.04224,1.04225,1.50,3.00
2016.10.12 15:06:35.161,1.04225,1.04226,1.00,3.00
2016.10.12 15:06:35.212,1.04224,1.04226,1.50,1.00
2016.10.12 15:06:35.315,1.04225,1.04227,1.87,1.00
2016.10.12 15:06:35.366,1.04227,1.0423,1.37,1.00
2016.10.12 15:06:35.418,1.04227,1.0423,1.87,1.50
2016.10.12 15:06:35.470,1.04227,1.0423,1.50,1.50
2016.10.12 15:06:35.688,1.04228,1.0423,3.41,1.50
2016.10.12 15:06:35.740,1.04229,1.04231,1.50,1.12
2016.10.12 15:06:35.791,1.04229,1.04231,3.97,1.12
2016.10.12 15:06:35.842,1.04229,1.04232,3.60,2.25
2016.10.12 15:06:35.995,1.04229,1.04232,3.60,1.87
2016.10.12 15:06:36.200,1.04228,1.0423,3.34,1.00
2016.10.12 15:06:36.251,1.04227,1.04228,1.87,1.25
2016.10.12 15:06:36.465,1.04227,1.04228,1.12,1.50
2016.10.12 15:06:36.517,1.04224,1.04228,3.00,3.00
2016.10.12 15:06:36.569,1.04225,1.04228,1.12,2.62
2016.10.12 15:06:36.928,1.04225,1.04228,1.87,1.87
2016.10.12 15:06:36.979,1.04225,1.04228,1.50,1.87
2016.10.12 15:06:37.852,1.04224,1.04228,2.25,2.62
2016.10.12 15:06:38.536,1.04224,1.04228,3.00,2.62
2016.10.12 15:06:38.887,1.04227,1.04229,1.00,2.25
2016.10.12 15:06:38.938,1.04229,1.04232,2.25,2.25
2016.10.12 15:06:38.990,1.04229,1.04232,3.00,3.00
2016.10.12 15:06:39.092,1.04229,1.04232,3.00,2.62
2016.10.12 15:06:39.143,1.04229,1.04232,3.00,1.12
2016.10.12 15:06:39.550,1.0423,1.04233,1.12,3.75
2016.10.12 15:06:39.794,1.04233,1.04235,1.50,1.50
2016.10.12 15:06:39.845,1.04234,1.04237,1.00,1.87
2016.10.12 15:06:40.151,1.04235,1.04237,1.00,1.37
2016.10.12 15:06:40.202,1.04235,1.04237,1.00,1.12
2016.10.12 15:06:40.717,1.04234,1.04237,1.50,2.81
2016.10.12 15:06:40.819,1.04236,1.04238,1.00,3.19
2016.10.12 15:06:40.922,1.04236,1.04238,1.00,2.81
2016.10.12 15:06:40.973,1.04235,1.04238,1.50,1.75
2016.10.12 15:06:41.024,1.04236,1.04237,1.50,1.00
2016.10.12 15:06:42.153,1.04236,1.04239,2.25,1.62
2016.10.12 15:06:42.204,1.04238,1.04239,1.12,1.00
2016.10.12 15:06:42.257,1.04239,1.0424,1.50,3.00
2016.10.12 15:06:42.310,1.04239,1.0424,1.12,4.50
2016.10.12 15:06:42.363,1.04239,1.04241,3.37,1.87
2016.10.12 15:06:42.415,1.04242,1.04243,1.00,2.81
2016.10.12 15:06:42.519,1.04242,1.04243,1.00,2.44
2016.10.12 15:06:42.571,1.04242,1.04243,1.00,1.31
2016.10.12 15:06:42.830,1.04242,1.04243,1.50,2.06
2016.10.12 15:06:42.889,1.04242,1.04243,1.50,1.31
2016.10.12 15:06:42.940,1.04242,1.04243,1.50,1.12
2016.10.12 15:06:43.043,1.04242,1.04244,1.50,3.00
2016.10.12 15:06:43.146,1.04242,1.04244,1.00,1.50
2016.10.12 15:06:43.198,1.04242,1.04244,1.50,1.50
2016.10.12 15:06:43.250,1.04242,1.04245,1.00,2.12
2016.10.12 15:06:43.503,1.04244,1.04246,1.00,2.44
2016.10.12 15:06:43.669,1.04244,1.04245,1.00,1.12
2016.10.12 15:06:43.823,1.04243,1.04245,2.10,1.12
2016.10.12 15:06:43.925,1.04243,1.04245,2.10,1.87
2016.10.12 15:06:44.200,1.04242,1.04245,3.60,1.87
2016.10.12 15:06:44.253,1.04242,1.04245,3.60,2.62
2016.10.12 15:06:44.500,1.04242,1.04245,1.87,2.81
2016.10.12 15:06:44.551,1.04248,1.04249,2.62,18.19
2016.10.12 15:06:44.603,1.04251,1.04252,1.00,1.12
2016.10.12 15:06:44.654,1.04252,1.04253,1.00,4.50
2016.10.12 15:06:44.705,1.04252,1.04253,1.00,4.12
2016.10.12 15:06:44.775,1.04252,1.04254,1.00,1.37
2016.10.12 15:06:44.826,1.04252,1.04254,1.00,2.25
2016.10.12 15:06:44.877,1.04251,1.04253,2.47,1.00
2016.10.12 15:06:44.928,1.0425,1.04252,6.22,1.00
2016.10.12 15:06:45.236,1.04251,1.04252,1.30,1.00
2016.10.12 15:06:45.288,1.04251,1.04252,1.30,1.50
2016.10.12 15:06:45.339,1.0425,1.04252,3.37,1.00
2016.10.12 15:06:45.391,1.04251,1.04252,1.72,1.00
2016.10.12 15:06:45.445,1.04251,1.04253,2.47,1.12
2016.10.12 15:06:45.498,1.04251,1.04253,2.10,1.12
2016.10.12 15:06:45.551,1.04251,1.04252,2.10,1.00
2016.10.12 15:06:45.603,1.0425,1.04252,4.73,1.00
2016.10.12 15:06:45.706,1.0425,1.04252,2.63,1.00
2016.10.12 15:06:45.757,1.04251,1.04253,1.00,1.00
2016.10.12 15:06:46.000,1.04255,1.04256,1.00,1.12
2016.10.12 15:06:46.062,1.04254,1.04257,2.44,1.00
2016.10.12 15:06:46.113,1.04254,1.04257,2.06,1.00
2016.10.12 15:06:46.164,1.04254,1.04257,1.31,1.00
2016.10.12 15:06:46.216,1.04254,1.04257,2.06,1.00
2016.10.12 15:06:46.421,1.04255,1.04258,1.00,1.87
2016.10.12 15:06:46.524,1.04254,1.04257,2.72,1.00
2016.10.12 15:06:46.576,1.04254,1.04257,3.17,1.00
2016.10.12 15:06:47.016,1.04254,1.04257,1.95,1.87
2016.10.12 15:06:47.108,1.04251,1.04253,1.12,1.00
2016.10.12 15:06:47.160,1.04251,1.04254,1.87,1.50
2016.10.12 15:06:47.262,1.04251,1.04254,1.12,1.50
2016.10.12 15:06:47.365,1.04251,1.04253,1.12,1.00
2016.10.12 15:06:47.467,1.04251,1.04253,1.12,1.50
2016.10.12 15:06:47.569,1.04251,1.04253,1.00,1.00
2016.10.12 15:06:47.929,1.04255,1.04258,3.00,1.37
2016.10.12 15:06:47.981,1.04255,1.04258,3.00,1.00
2016.10.12 15:06:48.034,1.04255,1.04258,2.25,1.00
2016.10.12 15:06:48.094,1.04255,1.04256,1.50,1.00
2016.10.12 15:06:48.146,1.04255,1.04257,1.00,1.00
2016.10.12 15:06:48.249,1.04252,1.04253,1.00,1.00
2016.10.12 15:06:48.302,1.0425,1.04253,2.91,1.00
2016.10.12 15:06:48.404,1.04249,1.04251,4.22,1.00
2016.10.12 15:06:48.657,1.04249,1.0425,1.25,1.87
2016.10.12 15:06:48.708,1.04245,1.04248,2.99,1.50
2016.10.12 15:06:48.759,1.04245,1.04248,2.25,1.50
2016.10.12 15:06:48.810,1.04247,1.04248,1.25,1.50
2016.10.12 15:06:48.861,1.04246,1.04248,1.19,1.00
2016.10.12 15:06:48.913,1.04246,1.04248,1.00,1.00
2016.10.12 15:06:48.964,1.04252,1.04258,13.45,2.25
2016.10.12 15:06:49.015,1.04259,1.04261,1.50,2.25
2016.10.12 15:06:49.067,1.04262,1.04264,1.00,2.62
2016.10.12 15:06:49.330,1.04262,1.04264,11.28,1.00
2016.10.12 15:06:49.386,1.04265,1.04268,1.12,7.49
2016.10.12 15:06:49.438,1.04267,1.04269,1.19,5.70
2016.10.12 15:06:49.489,1.04267,1.04269,1.69,1.20
2016.10.12 15:06:49.540,1.04268,1.0427,1.00,1.00
2016.10.12 15:06:49.592,1.04271,1.04272,1.00,1.50
2016.10.12 15:06:49.643,1.04272,1.04273,1.00,1.87
2016.10.12 15:06:49.706,1.04272,1.04273,1.00,1.50
2016.10.12 15:06:49.971,1.04272,1.04274,1.00,1.50
2016.10.12 15:06:50.073,1.04272,1.04274,1.50,1.50
2016.10.12 15:06:50.175,1.04269,1.04272,1.69,1.00
2016.10.12 15:06:50.227,1.04269,1.04271,1.12,1.00
2016.10.12 15:06:50.278,1.04268,1.0427,1.37,1.00
2016.10.12 15:06:50.330,1.04264,1.04266,8.69,1.00
2016.10.12 15:06:50.548,1.04263,1.04265,5.69,1.69
2016.10.12 15:06:50.599,1.04262,1.04264,1.06,1.12
2016.10.12 15:06:50.808,1.04262,1.04265,1.06,2.81
2016.10.12 15:06:50.860,1.04262,1.04265,1.00,3.37
2016.10.12 15:06:50.962,1.04261,1.04263,1.56,1.12
2016.10.12 15:06:51.064,1.04261,1.04264,1.06,1.50
2016.10.12 15:06:51.166,1.0426,1.04263,1.56,1.12
2016.10.12 15:06:51.404,1.04258,1.04261,1.06,2.44
2016.10.12 15:06:51.455,1.04258,1.04261,1.00,2.44
2016.10.12 15:06:51.506,1.04257,1.0426,1.50,1.25
2016.10.12 15:06:51.558,1.04257,1.04259,1.00,1.00
2016.10.12 15:06:51.609,1.04257,1.0426,1.50,1.25
2016.10.12 15:06:51.660,1.04257,1.0426,1.50,1.50
2016.10.12 15:06:51.712,1.04259,1.0426,1.00,1.00
2016.10.12 15:06:51.763,1.0426,1.04261,1.00,1.50
2016.10.12 15:06:51.814,1.04259,1.0426,1.87,1.50
2016.10.12 15:06:52.044,1.04278,1.04279,1.12,1.87
2016.10.12 15:06:52.096,1.04281,1.04282,6.37,1.12
2016.10.12 15:06:52.149,1.04287,1.04289,1.00,18.00
2016.10.12 15:06:52.200,1.04283,1.04286,7.87,7.74
2016.10.12 15:06:52.252,1.04286,1.04288,1.00,4.50
2016.10.12 15:06:52.303,1.04287,1.04288,1.10,1.12
2016.10.12 15:06:52.355,1.04287,1.0429,1.10,1.75
2016.10.12 15:06:52.601,1.04287,1.0429,1.12,1.75
2016.10.12 15:06:52.659,1.0428,1.04282,1.00,1.50
2016.10.12 15:06:52.710,1.04279,1.04282,4.12,1.50
2016.10.12 15:06:52.761,1.04279,1.04282,9.59,1.50
2016.10.12 15:06:52.814,1.0428,1.04284,2.23,1.75
2016.10.12 15:06:52.865,1.04286,1.04288,4.20,11.12
2016.10.12 15:06:52.917,1.04287,1.04289,1.37,11.87
2016.10.12 15:06:52.968,1.04289,1.04291,3.25,5.62
2016.10.12 15:06:53.367,1.04289,1.04299,1.65,12.37
2016.10.12 15:06:53.444,1.04307,1.04309,1.00,1.12
2016.10.12 15:06:53.495,1.04307,1.04308,1.50,1.00
2016.10.12 15:06:53.547,1.04306,1.04308,1.00,1.00
2016.10.12 15:06:53.599,1.04306,1.04309,2.81,1.12
2016.10.12 15:06:53.839,1.04304,1.04309,1.48,1.69
2016.10.12 15:06:53.891,1.04305,1.04308,1.00,2.06
2016.10.12 15:06:53.942,1.04303,1.04307,1.00,1.62
2016.10.12 15:06:53.994,1.04304,1.04305,2.25,1.00
2016.10.12 15:06:54.045,1.04305,1.04306,1.00,1.50
2016.10.12 15:06:54.097,1.04308,1.0431,7.11,3.00
2016.10.12 15:06:54.148,1.04308,1.04312,7.48,1.20
2016.10.12 15:06:54.200,1.04309,1.04311,3.75,1.19
2016.10.12 15:06:54.437,1.04306,1.04309,1.12,1.00
2016.10.12 15:06:54.500,1.04303,1.04306,4.18,1.00
2016.10.12 15:06:54.604,1.04303,1.04306,3.07,1.69
2016.10.12 15:06:54.656,1.04301,1.04306,2.35,1.25
2016.10.12 15:06:54.707,1.04299,1.04306,1.10,2.00
2016.10.12 15:06:54.759,1.04302,1.04306,1.00,1.87
2016.10.12 15:06:54.811,1.04308,1.04309,1.00,9.56
2016.10.12 15:06:55.023,1.04312,1.04317,3.75,38.59
2016.10.12 15:06:55.076,1.04309,1.0431,12.10,1.65
2016.10.12 15:06:55.135,1.04308,1.04309,2.32,1.87
2016.10.12 15:06:55.189,1.04305,1.04306,1.00,1.87
2016.10.12 15:06:55.240,1.04301,1.04306,4.87,1.87
2016.10.12 15:06:55.291,1.04303,1.04308,1.22,1.75
2016.10.12 15:06:55.346,1.04302,1.04306,5.57,1.12
2016.10.12 15:06:55.603,1.04314,1.04315,2.44,2.25
2016.10.12 15:06:55.654,1.04317,1.04319,1.25,1.13
2016.10.12 15:06:55.707,1.04323,1.04324,1.00,1.00
2016.10.12 15:06:55.758,1.04323,1.04324,1.00,1.50
2016.10.12 15:06:55.810,1.04326,1.04327,8.31,0.60
2016.10.12 15:06:55.861,1.04326,1.04327,7.56,1.60
2016.10.12 15:06:55.925,1.04326,1.04327,1.23,0.60
2016.10.12 15:06:56.141,1.04325,1.04328,2.24,1.50
2016.10.12 15:06:56.193,1.04318,1.0432,1.00,1.00
2016.10.12 15:06:56.244,1.04316,1.04318,1.50,1.00
2016.10.12 15:06:56.295,1.04313,1.04315,10.67,1.00
2016.10.12 15:06:56.347,1.04314,1.04315,1.12,1.50
2016.10.12 15:06:56.398,1.04311,1.04313,4.47,1.00
2016.10.12 15:06:56.449,1.04311,1.04314,3.84,1.00
2016.10.12 15:06:56.501,1.04316,1.04317,1.00,1.00
2016.10.12 15:06:56.552,1.04314,1.04316,2.84,1.00
2016.10.12 15:06:56.777,1.04316,1.04317,1.50,1.00
2016.10.12 15:06:56.833,1.04316,1.04319,1.60,1.12
2016.10.12 15:06:56.885,1.04314,1.04322,1.60,5.06
2016.10.12 15:06:56.937,1.04327,1.04333,2.62,2.62
2016.10.12 15:06:56.988,1.04341,1.04343,1.16,1.26
2016.10.12 15:06:57.040,1.04344,1.04345,1.50,1.00
2016.10.12 15:06:57.093,1.04356,1.04359,1.16,1.16
2016.10.12 15:06:57.331,1.04356,1.04357,3.49,1.00
2016.10.12 15:06:57.383,1.04374,1.04375,1.12,3.75
2016.10.12 15:06:57.436,1.04368,1.04371,2.36,1.12
2016.10.12 15:06:57.488,1.04372,1.04375,4.61,1.12
2016.10.12 15:06:57.744,1.04372,1.04379,5.74,1.00
2016.10.12 15:06:57.992,1.04373,1.04379,1.00,1.37
2016.10.12 15:06:58.044,1.04358,1.04368,3.75,1.00
2016.10.12 15:06:58.095,1.04367,1.04369,1.12,1.00
2016.10.12 15:06:58.147,1.04363,1.04369,3.75,1.00
2016.10.12 15:06:58.198,1.0435,1.04354,1.66,1.22
2016.10.12 15:06:58.250,1.0435,1.04354,1.25,1.22
2016.10.12 15:06:58.303,1.04339,1.04343,1.21,1.00
2016.10.12 15:06:58.508,1.0434,1.04347,1.00,1.00
2016.10.12 15:06:58.567,1.04342,1.04347,1.12,1.00
2016.10.12 15:06:58.618,1.04344,1.04351,9.19,2.62
2016.10.12 15:06:58.670,1.04345,1.04351,3.19,2.62
2016.10.12 15:06:58.721,1.04347,1.04351,2.44,1.00
2016.10.12 15:06:58.823,1.04349,1.04351,1.00,1.00
2016.10.12 15:06:58.926,1.04351,1.04354,1.00,1.00
2016.10.12 15:06:59.228,1.0435,1.04352,3.00,1.50
2016.10.12 15:06:59.330,1.04349,1.04352,1.00,1.00
2016.10.12 15:06:59.382,1.04351,1.04352,1.30,1.00
2016.10.12 15:06:59.433,1.04354,1.04355,1.00,2.25
2016.10.12 15:06:59.484,1.04356,1.04357,1.00,3.37
2016.10.12 15:06:59.536,1.04355,1.04359,1.87,1.19
2016.10.12 15:06:59.587,1.0436,1.04361,1.00,4.87
2016.10.12 15:07:00.010,1.0436,1.04362,1.00,1.50
2016.10.12 15:07:00.095,1.0435,1.04351,1.00,1.50
2016.10.12 15:07:00.149,1.04347,1.04349,1.91,1.00
2016.10.12 15:07:00.201,1.04346,1.04348,1.56,1.00
2016.10.12 15:07:00.253,1.04348,1.0435,1.50,1.00
2016.10.12 15:07:00.564,1.04346,1.04348,2.42,1.00
2016.10.12 15:07:00.617,1.04347,1.04349,1.36,1.00
2016.10.12 15:07:00.669,1.04348,1.0435,1.11,1.12
2016.10.12 15:07:00.720,1.0435,1.04351,1.00,1.12
2016.10.12 15:07:00.771,1.0435,1.04352,1.87,1.00
2016.10.12 15:07:00.823,1.0435,1.04352,1.00,1.50
2016.10.12 15:07:00.874,1.04349,1.04351,1.00,1.00
2016.10.12 15:07:00.925,1.04349,1.04352,1.86,1.50
2016.10.12 15:07:01.164,1.04362,1.04363,1.11,2.62
2016.10.12 15:07:01.223,1.04364,1.04367,1.50,8.62
2016.10.12 15:07:01.274,1.04365,1.04366,1.00,2.62
2016.10.12 15:07:01.326,1.0436,1.04362,2.62,4.87
2016.10.12 15:07:01.377,1.0436,1.04362,1.12,5.62
2016.10.12 15:07:01.429,1.04356,1.04358,3.73,2.50
2016.10.12 15:07:01.480,1.04354,1.04357,1.33,2.25
2016.10.12 15:07:01.532,1.04356,1.04357,1.00,1.00
2016.10.12 15:07:01.728,1.04359,1.0436,1.00,6.00
2016.10.12 15:07:01.781,1.0436,1.04363,1.00,1.12
2016.10.12 15:07:01.833,1.04362,1.04364,1.00,1.31
2016.10.12 15:07:01.885,1.04363,1.04365,1.00,2.25
2016.10.12 15:07:01.936,1.04363,1.04365,1.00,1.87
2016.10.12 15:07:02.039,1.04364,1.04367,1.00,1.87
2016.10.12 15:07:02.091,1.04364,1.04367,1.00,1.50
2016.10.12 15:07:02.142,1.04364,1.04365,1.00,3.00
2016.10.12 15:07:02.193,1.04363,1.04365,1.87,1.00
2016.10.12 15:07:02.389,1.04362,1.04364,1.87,1.50
2016.10.12 15:07:02.442,1.04359,1.04362,3.37,1.00
2016.10.12 15:07:02.546,1.04359,1.04362,1.12,1.00
2016.10.12 15:07:02.649,1.04359,1.04362,1.00,1.00
2016.10.12 15:07:02.752,1.04359,1.04362,1.00,1.50
2016.10.12 15:07:03.002,1.04363,1.04366,1.03,1.50
2016.10.12 15:07:03.054,1.04362,1.04365,3.28,1.00
2016.10.12 15:07:03.105,1.04362,1.04365,2.53,1.00
2016.10.12 15:07:03.157,1.0436,1.04363,2.62,1.50
2016.10.12 15:07:03.210,1.04361,1.04363,1.00,1.00
2016.10.12 15:07:03.262,1.04359,1.04362,3.36,1.00
2016.10.12 15:07:03.313,1.04359,1.04362,2.61,1.00
2016.10.12 15:07:03.365,1.04358,1.04362,4.33,1.50
2016.10.12 15:07:03.417,1.04359,1.04362,1.12,1.50
2016.10.12 15:07:03.686,1.04359,1.04362,1.48,1.50
2016.10.12 15:07:03.741,1.04361,1.04363,1.00,1.12
2016.10.12 15:07:03.793,1.04363,1.04364,1.00,1.50
2016.10.12 15:07:04.167,1.04362,1.04364,4.72,1.12
2016.10.12 15:07:04.222,1.04349,1.04351,1.00,1.00
2016.10.12 15:07:04.276,1.04349,1.04351,1.12,1.00
2016.10.12 15:07:04.514,1.04347,1.04349,3.75,1.00
2016.10.12 15:07:04.565,1.04349,1.04352,2.10,7.31
2016.10.12 15:07:04.618,1.04357,1.0436,1.00,1.50
2016.10.12 15:07:04.669,1.04355,1.0436,1.50,1.00
2016.10.12 15:07:04.722,1.04357,1.04358,1.00,2.25
2016.10.12 15:07:04.773,1.04353,1.04357,3.94,1.12
2016.10.12 15:07:05.033,1.04354,1.04356,1.37,1.25
2016.10.12 15:07:05.090,1.04349,1.04351,1.37,1.50
2016.10.12 15:07:05.143,1.04348,1.04351,4.87,2.62
2016.10.12 15:07:05.195,1.04347,1.04349,1.12,1.00
2016.10.12 15:07:05.246,1.04344,1.04346,8.25,1.00
2016.10.12 15:07:05.298,1.04347,1.04348,2.25,5.06
2016.10.12 15:07:05.349,1.04344,1.04345,2.62,1.00
2016.10.12 15:07:05.400,1.04342,1.04345,1.50,1.50
2016.10.12 15:07:05.451,1.04342,1.04344,1.50,1.00
2016.10.12 15:07:05.503,1.04342,1.04348,5.25,11.29
2016.10.12 15:07:05.748,1.04342,1.04343,1.88,1.00
2016.10.12 15:07:05.800,1.04338,1.04341,2.62,1.50
2016.10.12 15:07:05.905,1.04338,1.04341,2.25,2.25
2016.10.12 15:07:06.007,1.04339,1.04341,1.00,1.50
2016.10.12 15:07:06.058,1.04338,1.04341,1.00,3.00
2016.10.12 15:07:06.109,1.04338,1.0434,1.00,1.00
2016.10.12 15:07:06.161,1.04334,1.04335,2.62,1.00
2016.10.12 15:07:06.213,1.04334,1.04335,1.00,1.00
2016.10.12 15:07:06.680,1.0434,1.04341,1.00,1.50
2016.10.12 15:07:06.732,1.0434,1.04342,1.50,1.50
2016.10.12 15:07:06.834,1.0434,1.04342,1.00,1.50
2016.10.12 15:07:06.885,1.0434,1.04342,1.00,2.25
2016.10.12 15:07:06.937,1.0434,1.04344,1.50,7.31
2016.10.12 15:07:06.989,1.04341,1.04344,1.50,6.56
2016.10.12 15:07:07.041,1.04341,1.04343,2.25,1.37
2016.10.12 15:07:07.092,1.04342,1.04343,2.25,1.12
2016.10.12 15:07:07.143,1.04342,1.04343,1.50,1.69
2016.10.12 15:07:07.412,1.04338,1.04341,1.50,1.87
2016.10.12 15:07:07.480,1.04338,1.04342,1.50,3.19
2016.10.12 15:07:07.532,1.04338,1.04339,1.00,1.00
2016.10.12 15:07:07.584,1.04337,1.04338,2.62,1.00
2016.10.12 15:07:07.636,1.04336,1.04338,2.25,1.00
2016.10.12 15:07:07.687,1.04335,1.04337,1.50,1.87
2016.10.12 15:07:07.739,1.04336,1.04337,1.00,1.12
2016.10.12 15:07:07.790,1.04341,1.04342,1.50,18.19
2016.10.12 15:07:07.843,1.04342,1.04344,1.00,14.62
2016.10.12 15:07:07.894,1.04342,1.04344,1.50,2.62
2016.10.12 15:07:08.101,1.04344,1.04347,1.00,4.31
2016.10.12 15:07:08.153,1.04344,1.04346,1.87,1.12
2016.10.12 15:07:08.205,1.04343,1.04345,1.95,1.00
2016.10.12 15:07:08.257,1.04343,1.04344,1.20,1.00
2016.10.12 15:07:08.309,1.04342,1.04344,2.12,1.00
2016.10.12 15:07:08.360,1.04342,1.04344,1.50,1.37
2016.10.12 15:07:08.412,1.04342,1.04343,1.87,1.12
2016.10.12 15:07:08.464,1.04341,1.04342,4.87,1.00
2016.10.12 15:07:08.515,1.04341,1.04342,4.12,1.00
2016.10.12 15:07:08.567,1.0434,1.04344,4.50,3.19
2016.10.12 15:07:08.619,1.04338,1.0434,3.75,1.00
2016.10.12 15:07:08.836,1.04338,1.0434,3.37,1.00
2016.10.12 15:07:08.892,1.04341,1.04342,1.00,1.87
2016.10.12 15:07:08.943,1.04341,1.04342,1.00,1.50
2016.10.12 15:07:08.994,1.04344,1.04346,2.50,15.19
2016.10.12 15:07:09.046,1.04342,1.04344,3.00,1.00
2016.10.12 15:07:09.097,1.0434,1.04343,1.87,2.62
2016.10.12 15:07:09.148,1.0434,1.04343,1.00,3.37
2016.10.12 15:07:09.199,1.04339,1.04341,1.12,1.12
2016.10.12 15:07:09.251,1.04339,1.04341,1.00,1.12
2016.10.12 15:07:09.302,1.0434,1.04342,1.12,1.12
2016.10.12 15:07:09.353,1.04339,1.0434,3.37,1.00
2016.10.12 15:07:09.611,1.04341,1.04342,1.12,1.50
2016.10.12 15:07:09.685,1.04341,1.04343,3.07,1.00
2016.10.12 15:07:09.736,1.04341,1.04344,4.57,1.87
2016.10.12 15:07:09.788,1.04342,1.04344,1.37,2.25
2016.10.12 15:07:09.839,1.04343,1.04344,1.00,1.50
2016.10.12 15:07:09.891,1.04344,1.04345,1.27,1.12
2016.10.12 15:07:09.942,1.04344,1.04346,1.65,2.62
2016.10.12 15:07:09.993,1.04344,1.04346,1.87,1.00
2016.10.12 15:07:10.242,1.04343,1.04344,1.50,1.50
2016.10.12 15:07:10.311,1.04346,1.04347,1.12,1.69
2016.10.12 15:07:10.540,1.04347,1.04348,1.12,1.00
2016.10.12 15:07:10.591,1.04348,1.04349,1.00,1.00
2016.10.12 15:07:10.694,1.04344,1.04345,5.62,1.50
2016.10.12 15:07:10.746,1.04342,1.04343,3.37,1.00
2016.10.12 15:07:10.798,1.04343,1.04345,5.24,3.56
2016.10.12 15:07:11.054,1.04342,1.04344,1.12,1.00
2016.10.12 15:07:11.366,1.04341,1.04344,1.37,1.00
2016.10.12 15:07:11.418,1.0434,1.04342,1.87,1.00
2016.10.12 15:07:11.520,1.04339,1.04342,3.00,1.00
2016.10.12 15:07:11.785,1.04341,1.04343,1.00,1.00
2016.10.12 15:07:11.836,1.04341,1.04342,2.32,1.50
2016.10.12 15:07:11.939,1.04342,1.04343,1.00,1.50
2016.10.12 15:07:12.245,1.04341,1.04343,2.32,1.50
2016.10.12 15:07:12.491,1.04339,1.04341,3.90,1.00
2016.10.12 15:07:12.561,1.04344,1.04354,3.62,1.00
2016.10.12 15:07:12.615,1.04355,1.04356,2.47,3.75
2016.10.12 15:07:12.666,1.04355,1.04356,1.00,2.62
2016.10.12 15:07:12.719,1.04354,1.04356,3.22,2.62
2016.10.12 15:07:12.770,1.04355,1.04357,1.00,1.25
2016.10.12 15:07:12.822,1.04352,1.04354,2.47,1.50
2016.10.12 15:07:12.873,1.04355,1.04357,1.00,3.37
2016.10.12 15:07:13.330,1.0436,1.04361,1.12,1.00
2016.10.12 15:07:13.385,1.04361,1.04362,2.85,1.00
2016.10.12 15:07:13.437,1.04362,1.04363,2.10,1.50
2016.10.12 15:07:13.489,1.04362,1.04363,2.10,1.00
2016.10.12 15:07:13.695,1.04363,1.04365,2.10,3.00
2016.10.12 15:07:13.746,1.04361,1.04363,1.10,1.00
2016.10.12 15:07:13.954,1.04358,1.04362,12.75,2.74
2016.10.12 15:07:14.009,1.0436,1.04361,2.10,2.55
2016.10.12 15:07:14.062,1.0436,1.04361,2.10,2.62
2016.10.12 15:07:14.114,1.0436,1.04361,2.10,1.87
2016.10.12 15:07:14.166,1.0436,1.04362,2.10,2.62
2016.10.12 15:07:14.217,1.0436,1.04361,2.10,1.50
2016.10.12 15:07:14.320,1.04361,1.04362,1.00,1.12
2016.10.12 15:07:14.371,1.04361,1.04363,2.85,1.87
2016.10.12 15:07:14.424,1.04361,1.04364,2.89,2.25
2016.10.12 15:07:14.475,1.04365,1.04366,2.85,4.50
2016.10.12 15:07:14.718,1.04367,1.0437,1.75,6.56
2016.10.12 15:07:14.769,1.04367,1.04369,1.00,1.12
2016.10.12 15:07:14.872,1.04367,1.04369,1.00,2.25
2016.10.12 15:07:14.926,1.04367,1.0437,3.22,3.00
2016.10.12 15:07:14.978,1.04371,1.04372,1.00,8.62
2016.10.12 15:07:15.030,1.0437,1.04373,2.85,3.00
2016.10.12 15:07:15.081,1.04371,1.04373,1.37,2.25
2016.10.12 15:07:15.344,1.04371,1.04373,2.47,1.00
2016.10.12 15:07:15.396,1.04372,1.04375,1.00,2.44
2016.10.12 15:07:15.448,1.04373,1.04375,1.50,1.31
2016.10.12 15:07:15.499,1.04375,1.04376,1.00,1.87
2016.10.12 15:07:15.551,1.04377,1.04378,1.00,1.69
2016.10.12 15:07:15.653,1.04377,1.04378,1.00,1.25
2016.10.12 15:07:15.705,1.04377,1.04378,2.25,1.25
2016.10.12 15:07:15.756,1.04376,1.04377,1.12,1.12
2016.10.12 15:07:15.807,1.04376,1.04378,1.50,1.00
2016.10.12 15:07:16.073,1.04374,1.04376,1.00,1.50
2016.10.12 15:07:16.125,1.04371,1.04372,6.00,1.00
2016.10.12 15:07:16.176,1.04369,1.04371,2.62,1.00
2016.10.12 15:07:16.229,1.04369,1.0437,1.00,1.50
2016.10.12 15:07:16.281,1.04368,1.0437,1.50,2.44
2016.10.12 15:07:16.334,1.04368,1.04369,1.50,1.31
2016.10.12 15:07:16.385,1.04368,1.0437,1.50,2.44
2016.10.12 15:07:16.488,1.04367,1.04368,1.00,1.00
2016.10.12 15:07:16.736,1.04366,1.04368,1.37,2.44
2016.10.12 15:07:16.788,1.04363,1.04366,1.50,1.69
2016.10.12 15:07:16.840,1.04363,1.04365,1.50,1.00
2016.10.12 15:07:16.892,1.04364,1.04365,1.12,1.00
2016.10.12 15:07:16.944,1.04364,1.04365,1.87,1.00
2016.10.12 15:07:16.996,1.04365,1.04366,1.00,1.69
2016.10.12 15:07:17.206,1.04364,1.04365,1.12,1.00
2016.10.12 15:07:17.262,1.04364,1.04365,1.50,1.00
2016.10.12 15:07:17.531,1.04364,1.04366,1.50,1.69
2016.10.12 15:07:17.583,1.04365,1.04367,1.00,2.06
2016.10.12 15:07:17.686,1.04365,1.04367,1.12,2.06
2016.10.12 15:07:17.738,1.04366,1.04367,1.00,1.00
2016.10.12 15:07:17.790,1.04369,1.04371,1.50,11.06
2016.10.12 15:07:17.866,1.0437,1.04371,1.00,3.37
2016.10.12 15:07:17.918,1.0437,1.04372,2.62,1.19
2016.10.12 15:07:17.971,1.04369,1.04371,1.50,1.69
2016.10.12 15:07:18.221,1.0437,1.04371,1.50,1.25
2016.10.12 15:07:18.272,1.04369,1.0437,1.12,1.00
2016.10.12 15:07:18.323,1.04369,1.0437,1.12,1.87
2016.10.12 15:07:18.374,1.04368,1.0437,2.25,1.87
2016.10.12 15:07:18.476,1.04368,1.0437,1.87,1.87
2016.10.12 15:07:18.731,1.04368,1.0437,1.87,2.62
2016.10.12 15:07:18.933,1.04368,1.0437,1.87,2.81
2016.10.12 15:07:18.985,1.04368,1.04369,1.12,1.50
2016.10.12 15:07:19.036,1.04367,1.04369,2.25,2.44
2016.10.12 15:07:19.088,1.04367,1.04368,1.50,1.69
2016.10.12 15:07:19.139,1.04365,1.04367,2.25,1.69
2016.10.12 15:07:19.191,1.04365,1.04366,1.00,1.25
2016.10.12 15:07:19.243,1.04365,1.04367,1.50,2.06
2016.10.12 15:07:19.294,1.04364,1.04365,1.00,1.50
2016.10.12 15:07:19.346,1.04363,1.04365,2.12,1.50
2016.10.12 15:07:19.398,1.04363,1.04364,1.12,1.50
2016.10.12 15:07:19.812,1.04363,1.04364,3.37,1.50
2016.10.12 15:07:19.868,1.04365,1.04366,1.00,1.00
2016.10.12 15:07:19.931,1.04364,1.04365,4.16,1.50
2016.10.12 15:07:19.983,1.04373,1.04374,2.85,3.00
2016.10.12 15:07:20.035,1.04373,1.04375,3.82,1.87
2016.10.12 15:07:20.087,1.04374,1.04375,2.85,1.12
2016.10.12 15:07:20.345,1.04377,1.04378,1.30,1.00
2016.10.12 15:07:20.396,1.04378,1.04379,1.00,1.31
2016.10.12 15:07:20.448,1.04378,1.04379,1.00,1.12
2016.10.12 15:07:20.499,1.04378,1.0438,1.00,1.50
2016.10.12 15:07:20.550,1.04378,1.0438,1.00,1.00
2016.10.12 15:07:20.602,1.04377,1.04379,1.50,1.50
2016.10.12 15:07:20.654,1.04377,1.04379,1.53,1.50
2016.10.12 15:07:20.705,1.04383,1.04384,1.00,1.00
2016.10.12 15:07:20.757,1.04383,1.04385,2.85,1.25
2016.10.12 15:07:21.008,1.04384,1.04385,1.50,1.00
2016.10.12 15:07:21.060,1.04385,1.04387,1.50,2.06
2016.10.12 15:07:21.111,1.04386,1.04387,1.00,1.25
2016.10.12 15:07:21.164,1.04386,1.04387,1.50,1.25
2016.10.12 15:07:21.217,1.04386,1.04387,1.00,1.69
2016.10.12 15:07:21.268,1.04385,1.04387,1.50,1.69
2016.10.12 15:07:21.631,1.04383,1.04385,1.00,1.00
2016.10.12 15:07:21.683,1.04382,1.04383,1.00,1.00
2016.10.12 15:07:21.993,1.04382,1.04384,1.00,1.69
2016.10.12 15:07:22.045,1.04382,1.04383,1.00,1.00
2016.10.12 15:07:22.261,1.04384,1.04385,1.00,1.69
2016.10.12 15:07:22.313,1.04387,1.04388,1.87,1.50
2016.10.12 15:07:22.367,1.0439,1.04391,2.85,3.94
2016.10.12 15:07:22.420,1.04392,1.04394,1.00,12.94
2016.10.12 15:07:22.475,1.04393,1.04395,1.00,10.69
2016.10.12 15:07:22.527,1.04393,1.04394,1.50,1.25
2016.10.12 15:07:22.579,1.04394,1.04396,1.50,2.62
2016.10.12 15:07:22.826,1.04393,1.04395,3.60,1.87
2016.10.12 15:07:22.878,1.0439,1.04391,1.87,1.00
2016.10.12 15:07:22.929,1.04389,1.04391,1.87,1.00
2016.10.12 15:07:22.980,1.04389,1.04391,1.12,1.00
2016.10.12 15:07:23.032,1.04391,1.04392,1.00,1.50
2016.10.12 15:07:23.083,1.04391,1.04392,1.00,1.00
2016.10.12 15:07:23.135,1.04389,1.04391,2.70,1.00
2016.10.12 15:07:23.186,1.04389,1.0439,2.25,1.00
2016.10.12 15:07:23.237,1.04389,1.0439,1.50,1.00
2016.10.12 15:07:23.509,1.04389,1.04391,1.00,1.00
2016.10.12 15:07:23.873,1.04387,1.0439,1.12,4.12
2016.10.12 15:07:23.931,1.04387,1.0439,1.00,4.12
2016.10.12 15:07:24.518,1.04387,1.0439,1.87,3.37
2016.10.12 15:07:24.570,1.04394,1.04402,3.60,4.56
2016.10.12 15:07:24.622,1.04397,1.044,2.10,2.31
2016.10.12 15:07:24.673,1.04401,1.04403,1.50,15.37
2016.10.12 15:07:24.903,1.04401,1.04403,3.90,1.00
2016.10.12 15:07:24.958,1.04404,1.04405,1.00,1.50
2016.10.12 15:07:25.011,1.04401,1.04402,2.02,1.00
2016.10.12 15:07:25.064,1.04399,1.044,1.87,3.60
2016.10.12 15:07:25.116,1.04396,1.04397,3.75,1.12
2016.10.12 15:07:25.168,1.04394,1.04396,2.62,1.37
2016.10.12 15:07:25.220,1.04394,1.04396,1.37,1.00
2016.10.12 15:07:25.471,1.04394,1.04396,1.50,1.87
2016.10.12 15:07:25.522,1.04394,1.04396,1.50,1.12
2016.10.12 15:07:25.574,1.04394,1.04395,1.00,1.00
2016.10.12 15:07:25.626,1.04391,1.04395,2.47,1.12
2016.10.12 15:07:25.677,1.04392,1.04396,1.12,2.25
2016.10.12 15:07:25.882,1.04389,1.04391,7.27,1.00
2016.10.12 15:07:25.934,1.04389,1.04391,5.77,1.00
2016.10.12 15:07:26.372,1.04388,1.0439,1.27,4.31
2016.10.12 15:07:26.427,1.04383,1.04385,1.50,1.00
2016.10.12 15:07:26.479,1.04383,1.04385,1.00,1.00
2016.10.12 15:07:26.530,1.04383,1.04384,1.00,1.00
2016.10.12 15:07:26.787,1.04383,1.04384,1.00,1.50
2016.10.12 15:07:27.094,1.04381,1.04382,1.00,1.12
2016.10.12 15:07:27.145,1.0438,1.04382,1.00,1.50
2016.10.12 15:07:27.198,1.04379,1.04382,1.87,1.50
2016.10.12 15:07:27.249,1.04379,1.04382,1.50,1.87
2016.10.12 15:07:27.454,1.04379,1.04382,1.87,1.87
2016.10.12 15:07:27.826,1.0438,1.04382,1.50,1.87
2016.10.12 15:07:27.878,1.0438,1.04382,2.25,1.50
2016.10.12 15:07:27.929,1.0438,1.04381,1.50,1.00
2016.10.12 15:07:27.981,1.0438,1.04382,1.50,2.25
2016.10.12 15:07:28.033,1.0438,1.04382,2.25,2.62
2016.10.12 15:07:28.085,1.0438,1.04382,1.50,2.25
2016.10.12 15:07:28.139,1.04379,1.0438,1.87,1.00
2016.10.12 15:07:28.241,1.04379,1.04381,2.62,1.00
2016.10.12 15:07:28.293,1.0438,1.04381,1.00,1.00
2016.10.12 15:07:28.567,1.04379,1.04381,3.00,1.00
2016.10.12 15:07:28.618,1.04379,1.04381,2.25,1.00
2016.10.12 15:07:28.976,1.04379,1.04381,2.62,1.00
2016.10.12 15:07:29.028,1.04379,1.04381,3.37,1.00
2016.10.12 15:07:29.080,1.0438,1.04382,1.87,1.87
2016.10.12 15:07:29.308,1.0438,1.04382,1.50,1.00
2016.10.12 15:07:29.364,1.0438,1.04382,1.87,1.00
2016.10.12 15:07:29.568,1.04381,1.04383,1.00,1.87
2016.10.12 15:07:29.619,1.04382,1.04383,1.00,1.12
2016.10.12 15:07:29.671,1.04382,1.04384,1.87,3.75
2016.10.12 15:07:29.723,1.04382,1.04383,1.12,1.12
2016.10.12 15:07:30.180,1.04382,1.04383,1.12,2.62
2016.10.12 15:07:30.233,1.04382,1.04383,1.87,1.50
2016.10.12 15:07:30.336,1.04382,1.04383,1.12,1.00
2016.10.12 15:07:30.593,1.04383,1.04385,1.00,2.62
2016.10.12 15:07:30.874,1.04383,1.04384,1.00,1.12
2016.10.12 15:07:31.078,1.04382,1.04384,1.12,1.12
2016.10.12 15:07:31.448,1.04382,1.04384,1.12,1.87
2016.10.12 15:07:32.468,1.04382,1.04384,1.12,2.62
2016.10.12 15:07:32.693,1.04381,1.04383,1.12,1.00
2016.10.12 15:07:32.744,1.04382,1.04384,1.12,2.62
2016.10.12 15:07:33.293,1.04382,1.04384,1.12,2.81
2016.10.12 15:07:33.345,1.04381,1.04383,1.00,1.00
2016.10.12 15:07:33.449,1.04379,1.04381,4.50,1.00
2016.10.12 15:07:33.501,1.04379,1.04381,4.50,1.00
2016.10.12 15:07:33.554,1.04381,1.04383,1.12,3.64
2016.10.12 15:07:33.606,1.0438,1.04381,1.00,1.00
2016.10.12 15:07:33.657,1.04379,1.0438,1.00,1.00
2016.10.12 15:07:33.709,1.04378,1.04381,1.00,1.12
2016.10.12 15:07:33.761,1.0438,1.04382,2.62,1.50
2016.10.12 15:07:34.009,1.04377,1.04382,1.30,1.87
2016.10.12 15:07:34.061,1.0438,1.04382,1.12,2.25
2016.10.12 15:07:34.165,1.0438,1.04382,1.87,1.94
2016.10.12 15:07:34.269,1.0438,1.04382,1.00,2.31
2016.10.12 15:07:34.321,1.0438,1.04382,1.50,1.08
2016.10.12 15:07:34.373,1.04381,1.04383,1.12,1.94
2016.10.12 15:07:34.424,1.04382,1.04383,1.12,1.19
2016.10.12 15:07:34.782,1.04383,1.04385,1.00,1.87
2016.10.12 15:07:34.833,1.04383,1.04385,1.33,1.37
2016.10.12 15:07:34.884,1.04384,1.04385,1.00,1.00
2016.10.12 15:07:34.935,1.04384,1.04386,1.11,1.00
2016.10.12 15:07:34.987,1.04385,1.04387,1.00,1.50
2016.10.12 15:07:35.089,1.04385,1.04388,1.00,4.12
2016.10.12 15:07:35.191,1.04384,1.04388,3.36,4.12
2016.10.12 15:07:35.524,1.04382,1.04384,2.25,1.00
2016.10.12 15:07:35.576,1.04381,1.04383,1.87,1.00
2016.10.12 15:07:35.627,1.04381,1.04383,2.23,1.00
2016.10.12 15:07:35.780,1.04381,1.04383,2.98,1.00
2016.10.12 15:07:35.832,1.04381,1.04383,2.62,1.00
2016.10.12 15:07:36.190,1.04381,1.04383,1.00,2.25
2016.10.12 15:07:36.379,1.0438,1.04382,1.12,1.00
2016.10.12 15:07:36.431,1.04379,1.04382,4.12,1.00
2016.10.12 15:07:36.482,1.04379,1.04381,3.00,1.00
2016.10.12 15:07:36.534,1.04379,1.04381,1.50,1.00
2016.10.12 15:07:36.585,1.04379,1.04381,1.50,1.50
2016.10.12 15:07:36.636,1.04379,1.0438,1.12,1.00
2016.10.12 15:07:36.738,1.04379,1.04381,1.00,1.50
2016.10.12 15:07:36.840,1.0438,1.04381,2.85,1.00
2016.10.12 15:07:37.048,1.04379,1.0438,2.85,1.00
2016.10.12 15:07:37.100,1.0438,1.04382,1.50,2.25
2016.10.12 15:07:37.202,1.0438,1.04382,2.10,1.50
2016.10.12 15:07:37.355,1.0438,1.04381,1.00,1.00
2016.10.12 15:07:37.407,1.0438,1.04382,1.00,2.06
2016.10.12 15:07:37.470,1.04379,1.04381,3.60,3.94
2016.10.12 15:07:37.522,1.04378,1.0438,2.85,1.50
2016.10.12 15:07:37.573,1.04378,1.04379,1.50,1.12
2016.10.12 15:07:37.815,1.04378,1.0438,1.95,1.50
2016.10.12 15:07:37.870,1.04378,1.0438,1.00,1.12
2016.10.12 15:07:37.921,1.04378,1.04379,2.85,1.00
2016.10.12 15:07:37.972,1.0438,1.04381,2.10,5.44
2016.10.12 15:07:38.024,1.04379,1.04381,3.96,5.81
2016.10.12 15:07:38.075,1.04379,1.0438,3.21,1.00
2016.10.12 15:07:38.126,1.04378,1.04381,3.58,5.62
2016.10.12 15:07:38.177,1.04377,1.04379,7.32,1.00
2016.10.12 15:07:38.228,1.04379,1.04381,1.00,1.00
2016.10.12 15:07:38.280,1.04376,1.04378,1.11,1.00
2016.10.12 15:07:38.705,1.04374,1.04376,3.21,1.00
2016.10.12 15:07:38.756,1.04372,1.04375,3.75,1.50
2016.10.12 15:07:38.808,1.04372,1.04374,1.95,1.00
2016.10.12 15:07:38.860,1.04372,1.04374,1.45,1.00
2016.10.12 15:07:38.912,1.04372,1.04374,1.00,1.87
2016.10.12 15:07:38.965,1.04371,1.04372,1.50,1.00
2016.10.12 15:07:39.016,1.04371,1.04373,2.10,1.00
2016.10.12 15:07:39.068,1.04371,1.04373,4.35,1.00
2016.10.12 15:07:39.170,1.04371,1.04373,2.25,1.00
2016.10.12 15:07:39.491,1.0437,1.04372,3.60,1.00
2016.10.12 15:07:39.551,1.0437,1.04371,1.00,1.50
2016.10.12 15:07:39.602,1.04369,1.04371,1.00,2.25
2016.10.12 15:07:39.654,1.04369,1.04371,2.85,1.00
2016.10.12 15:07:39.705,1.04369,1.04371,3.60,1.50
2016.10.12 15:07:39.756,1.04369,1.04372,3.60,1.87
2016.10.12 15:07:39.818,1.04369,1.04372,3.60,1.50
2016.10.12 15:07:39.870,1.04371,1.04372,1.00,2.62
2016.10.12 15:07:39.973,1.0437,1.04372,2.85,1.12
2016.10.12 15:07:40.024,1.0437,1.04372,1.35,1.12
2016.10.12 15:07:40.076,1.0437,1.04372,1.35,1.87
2016.10.12 15:07:40.127,1.0437,1.04372,1.00,1.87
2016.10.12 15:07:40.338,1.0437,1.04372,1.50,1.87
2016.10.12 15:07:40.389,1.0437,1.04372,2.25,3.37
2016.10.12 15:07:40.440,1.0437,1.04372,1.50,3.37
2016.10.12 15:07:40.492,1.0437,1.04372,1.50,2.62
2016.10.12 15:07:40.595,1.0437,1.04372,1.00,2.62
2016.10.12 15:07:40.646,1.0437,1.04372,1.87,2.62
2016.10.12 15:07:40.698,1.04374,1.04376,2.10,5.62
2016.10.12 15:07:40.749,1.0438,1.04382,1.00,2.44
2016.10.12 15:07:40.801,1.04381,1.04383,1.00,1.31
2016.10.12 15:07:40.852,1.04381,1.04383,1.50,1.25
2016.10.12 15:07:41.061,1.04384,1.04385,1.00,1.69
2016.10.12 15:07:41.116,1.04385,1.04386,1.50,1.00
2016.10.12 15:07:41.218,1.04386,1.04388,1.00,2.25
2016.10.12 15:07:41.270,1.04385,1.04387,1.00,1.50
2016.10.12 15:07:41.321,1.04385,1.04387,1.50,1.50
2016.10.12 15:07:41.372,1.04385,1.04387,1.50,2.25
2016.10.12 15:07:41.755,1.04385,1.04387,1.00,2.50
2016.10.12 15:07:41.909,1.04385,1.04387,1.00,1.50
2016.10.12 15:07:42.364,1.04384,1.04387,1.50,1.50
2016.10.12 15:07:42.646,1.04384,1.04387,1.00,3.06
2016.10.12 15:07:43.425,1.04382,1.04384,1.12,1.16
2016.10.12 15:07:43.477,1.04382,1.04384,1.00,3.03
2016.10.12 15:07:43.630,1.0438,1.04384,2.25,3.18
2016.10.12 15:07:43.681,1.0438,1.04384,2.85,3.18
2016.10.12 15:07:44.333,1.0438,1.04384,2.25,3.18
2016.10.12 15:07:44.390,1.0438,1.04384,2.25,3.19
2016.10.12 15:07:44.748,1.0438,1.04384,2.25,3.18
2016.10.12 15:07:45.297,1.0438,1.04382,1.50,1.87
2016.10.12 15:07:45.348,1.04374,1.04378,3.00,3.75
2016.10.12 15:07:45.400,1.04374,1.04378,3.00,7.12
2016.10.12 15:07:45.452,1.04374,1.04378,3.00,4.87
2016.10.12 15:07:45.504,1.04374,1.04378,2.25,4.12
2016.10.12 15:07:45.709,1.04374,1.04377,3.00,3.00
2016.10.12 15:07:45.811,1.04374,1.04377,1.50,3.00
2016.10.12 15:07:46.056,1.04374,1.04375,1.50,1.00
2016.10.12 15:07:46.110,1.04374,1.04375,1.00,1.00
2016.10.12 15:07:46.213,1.04373,1.04375,1.95,1.00
2016.10.12 15:07:46.265,1.04375,1.04376,1.50,1.31
2016.10.12 15:07:46.316,1.04375,1.04377,1.50,2.25
2016.10.12 15:07:46.419,1.04374,1.04377,2.25,2.25
2016.10.12 15:07:46.521,1.04374,1.04377,3.00,2.25
2016.10.12 15:07:46.828,1.04374,1.04376,1.50,1.50
2016.10.12 15:07:46.884,1.04374,1.04375,1.50,1.12
2016.10.12 15:07:46.937,1.04374,1.04375,1.00,1.12
2016.10.12 15:07:46.988,1.04374,1.04375,1.00,1.87
2016.10.12 15:07:47.040,1.04373,1.04375,1.50,1.87
2016.10.12 15:07:47.193,1.04372,1.04374,1.12,1.00
2016.10.12 15:07:47.295,1.04372,1.04373,1.87,1.50
2016.10.12 15:07:47.401,1.04372,1.04373,1.00,1.50
2016.10.12 15:07:47.645,1.04371,1.04372,1.50,1.00
2016.10.12 15:07:47.697,1.04371,1.04372,1.00,1.50
2016.10.12 15:07:47.748,1.04369,1.0437,1.00,2.06
2016.10.12 15:07:47.800,1.04366,1.04368,2.25,1.00
2016.10.12 15:07:47.851,1.04367,1.04368,1.12,1.00
2016.10.12 15:07:47.903,1.04367,1.04368,1.00,1.12
2016.10.12 15:07:47.954,1.04362,1.04363,4.50,1.00
2016.10.12 15:07:48.005,1.04364,1.04365,1.00,8.89
2016.10.12 15:07:48.056,1.04359,1.04361,7.50,3.00
2016.10.12 15:07:48.294,1.04359,1.04361,4.12,3.19
2016.10.12 15:07:48.346,1.04353,1.04355,1.87,1.00
2016.10.12 15:07:48.397,1.04353,1.04355,2.25,1.50
2016.10.12 15:07:48.448,1.04353,1.04355,1.87,1.50
2016.10.12 15:07:48.500,1.04353,1.04355,1.50,1.50
2016.10.12 15:07:48.551,1.04353,1.04355,1.00,1.50
2016.10.12 15:07:49.064,1.04354,1.04355,1.00,1.00
2016.10.12 15:07:49.119,1.04355,1.04357,1.50,2.25
2016.10.12 15:07:49.364,1.04362,1.04363,1.12,1.87
2016.10.12 15:07:49.415,1.04365,1.04366,1.00,6.00
2016.10.12 15:07:49.467,1.04364,1.04365,1.12,1.00
2016.10.12 15:07:49.519,1.04361,1.04363,4.87,1.00
2016.10.12 15:07:49.571,1.0436,1.04362,2.25,1.00
2016.10.12 15:07:49.622,1.04361,1.04362,1.00,1.12
2016.10.12 15:07:49.725,1.0436,1.04362,1.00,1.50
2016.10.12 15:07:49.776,1.0436,1.04362,1.00,1.87
2016.10.12 15:07:50.033,1.04358,1.0436,2.25,2.06
2016.10.12 15:07:50.084,1.04358,1.0436,1.50,2.06
2016.10.12 15:07:50.135,1.04358,1.04359,1.50,1.25
2016.10.12 15:07:50.186,1.0436,1.04361,1.00,1.42
2016.10.12 15:07:50.237,1.04359,1.04362,2.25,1.12
2016.10.12 15:07:50.289,1.04359,1.04362,4.87,1.12
2016.10.12 15:07:50.340,1.04361,1.04362,2.25,1.00
2016.10.12 15:07:50.592,1.04363,1.04365,1.00,3.75
2016.10.12 15:07:50.664,1.04367,1.04368,1.00,4.87
2016.10.12 15:07:50.716,1.04367,1.04368,1.50,1.87
2016.10.12 15:07:50.769,1.04367,1.04369,1.00,6.37
2016.10.12 15:07:50.821,1.04364,1.04368,2.25,1.12
2016.10.12 15:07:50.872,1.04365,1.04369,2.25,3.00
2016.10.12 15:07:50.924,1.04366,1.04367,1.00,1.00
2016.10.12 15:07:50.978,1.04365,1.0437,2.62,2.62
2016.10.12 15:07:51.422,1.04374,1.04375,3.00,1.00
2016.10.12 15:07:51.474,1.04376,1.04379,2.25,1.50
2016.10.12 15:07:51.526,1.04379,1.0438,1.50,2.25
2016.10.12 15:07:51.577,1.04377,1.0438,2.25,2.25
2016.10.12 15:07:51.629,1.04376,1.04379,2.62,1.12
2016.10.12 15:07:51.680,1.04378,1.0438,1.00,3.00
2016.10.12 15:07:51.731,1.04372,1.04373,4.87,1.12
2016.10.12 15:07:51.783,1.04367,1.04371,2.25,1.50
2016.10.12 15:07:51.834,1.0437,1.04371,1.12,1.50
2016.10.12 15:07:51.886,1.04367,1.0437,3.00,4.50
2016.10.12 15:07:52.089,1.04369,1.04371,1.50,1.12
2016.10.12 15:07:52.141,1.04372,1.04374,1.00,1.50
2016.10.12 15:07:52.193,1.04369,1.04373,1.00,2.25
2016.10.12 15:07:52.244,1.04369,1.04373,1.00,1.50
2016.10.12 15:07:52.296,1.0437,1.04374,1.12,2.12
2016.10.12 15:07:52.348,1.0437,1.04374,1.12,1.12
2016.10.12 15:07:52.400,1.04373,1.04374,1.00,1.12
2016.10.12 15:07:52.770,1.04373,1.04374,1.50,1.12
2016.10.12 15:07:52.923,1.04372,1.04374,1.50,1.00
2016.10.12 15:07:53.077,1.04373,1.04375,1.50,1.50
2016.10.12 15:07:53.128,1.04373,1.04375,1.69,1.87
2016.10.12 15:07:53.180,1.04375,1.04377,1.50,1.37
2016.10.12 15:07:53.231,1.04376,1.04378,1.00,1.50
2016.10.12 15:07:53.282,1.04377,1.04378,1.00,1.00
2016.10.12 15:07:53.525,1.04377,1.04379,1.00,3.04
2016.10.12 15:07:53.578,1.04374,1.04375,1.12,4.20
2016.10.12 15:07:53.629,1.04373,1.04375,1.87,7.01
2016.10.12 15:07:53.681,1.04372,1.04373,1.50,2.85
2016.10.12 15:07:53.733,1.04372,1.04373,1.00,2.85
2016.10.12 15:07:53.785,1.04371,1.04374,1.12,1.50
2016.10.12 15:07:53.843,1.04371,1.04373,1.12,1.00
2016.10.12 15:07:54.100,1.0437,1.04373,3.37,1.75
2016.10.12 15:07:54.405,1.0437,1.04373,2.62,1.75
2016.10.12 15:07:54.460,1.0437,1.04373,2.25,1.75
2016.10.12 15:07:54.715,1.0437,1.04373,2.25,2.25
2016.10.12 15:07:55.402,1.04368,1.04369,3.75,1.00
2016.10.12 15:07:55.453,1.04365,1.04367,1.87,1.87
2016.10.12 15:07:55.504,1.04365,1.04367,1.37,1.87
2016.10.12 15:07:55.556,1.04365,1.04367,1.37,1.12
2016.10.12 15:07:55.658,1.04365,1.04366,1.12,1.00
2016.10.12 15:07:55.709,1.04368,1.04373,13.91,18.56
2016.10.12 15:07:55.761,1.04376,1.04378,1.50,2.10
2016.10.12 15:07:55.812,1.04376,1.04378,1.50,2.85
2016.10.12 15:07:56.016,1.04376,1.04377,1.50,1.00
2016.10.12 15:07:56.068,1.04375,1.04378,1.00,2.85
2016.10.12 15:07:56.170,1.04378,1.04379,1.09,1.50
2016.10.12 15:07:56.221,1.04379,1.04381,1.50,5.25
2016.10.12 15:07:56.272,1.0438,1.04381,1.50,3.75
2016.10.12 15:07:56.323,1.04382,1.04383,1.00,1.12
2016.10.12 15:07:56.375,1.04382,1.04384,1.00,3.00
2016.10.12 15:07:56.426,1.04382,1.04384,1.00,2.25
2016.10.12 15:07:56.685,1.04382,1.04384,1.00,1.87
2016.10.12 15:07:56.756,1.04387,1.04389,1.00,2.25
2016.10.12 15:07:57.655,1.04386,1.04389,1.00,2.24
2016.10.12 15:07:57.859,1.04386,1.04389,1.00,1.87
2016.10.12 15:07:57.911,1.04385,1.04388,1.12,1.12
2016.10.12 15:07:57.963,1.04385,1.04388,1.12,1.50
2016.10.12 15:07:58.206,1.04383,1.04387,2.62,1.12
2016.10.12 15:07:58.258,1.04385,1.04387,1.00,1.87
2016.10.12 15:07:58.986,1.04384,1.04387,1.00,1.87
2016.10.12 15:07:59.037,1.04384,1.04387,1.20,2.62
2016.10.12 15:07:59.089,1.04385,1.04387,1.50,1.87
2016.10.12 15:07:59.141,1.04385,1.04387,1.50,1.12
2016.10.12 15:07:59.194,1.04385,1.04387,1.87,1.12
2016.10.12 15:07:59.245,1.04385,1.04387,1.12,1.00
2016.10.12 15:07:59.296,1.04386,1.04388,1.00,1.87
2016.10.12 15:07:59.348,1.04386,1.04388,1.00,1.12
2016.10.12 15:07:59.399,1.04387,1.04389,1.00,1.87
2016.10.12 15:07:59.612,1.04387,1.04389,1.00,1.50
2016.10.12 15:07:59.664,1.04386,1.04389,1.50,1.12
2016.10.12 15:08:00.176,1.04385,1.04387,1.00,1.00
2016.10.12 15:08:00.403,1.04384,1.04386,2.81,1.50
2016.10.12 15:08:00.458,1.04382,1.04384,1.87,1.50
2016.10.12 15:08:00.509,1.04382,1.04383,1.00,1.50
2016.10.12 15:08:00.561,1.0438,1.04382,4.12,1.00
2016.10.12 15:08:00.612,1.0438,1.04382,3.75,1.00
2016.10.12 15:08:00.663,1.0438,1.04382,3.00,1.00
2016.10.12 15:08:00.766,1.0438,1.04382,2.25,1.00
2016.10.12 15:08:00.817,1.04381,1.04383,1.00,1.50
2016.10.12 15:08:01.019,1.0438,1.04383,3.00,1.00
2016.10.12 15:08:01.071,1.04381,1.04383,1.00,2.25
2016.10.12 15:08:01.122,1.04381,1.04383,1.50,2.25
2016.10.12 15:08:01.474,1.04381,1.04383,1.50,1.00
2016.10.12 15:08:01.527,1.0438,1.04382,2.32,1.00
2016.10.12 15:08:01.628,1.0438,1.04383,2.32,2.25
2016.10.12 15:08:01.731,1.0438,1.04383,3.07,2.25
2016.10.12 15:08:01.980,1.04381,1.04383,1.12,2.25
2016.10.12 15:08:02.552,1.04381,1.04383,1.12,1.50
2016.10.12 15:08:03.020,1.04379,1.04382,1.87,3.00
2016.10.12 15:08:03.072,1.04379,1.04382,1.12,2.25
2016.10.12 15:08:03.123,1.04379,1.04382,1.00,2.25
2016.10.12 15:08:03.276,1.04378,1.04381,5.44,1.00
2016.10.12 15:08:03.327,1.04378,1.0438,3.94,1.00
2016.10.12 15:08:03.379,1.04378,1.04379,1.87,1.00
2016.10.12 15:08:03.430,1.04378,1.04379,1.00,2.25
2016.10.12 15:08:03.481,1.04377,1.04379,1.50,1.87
2016.10.12 15:08:03.729,1.04384,1.0439,5.10,9.78
2016.10.12 15:08:03.781,1.04387,1.04389,10.72,1.50
2016.10.12 15:08:03.832,1.04387,1.04389,2.25,1.50
2016.10.12 15:08:03.883,1.04386,1.04388,1.12,1.12
2016.10.12 15:08:03.934,1.04386,1.04388,1.50,1.00
2016.10.12 15:08:03.985,1.04387,1.04388,1.12,1.00
2016.10.12 15:08:04.036,1.04389,1.0439,1.25,1.00
2016.10.12 15:08:04.088,1.04389,1.04391,1.00,3.00
2016.10.12 15:08:04.139,1.0439,1.04391,1.12,1.50
2016.10.12 15:08:04.190,1.0439,1.04392,1.50,1.00
2016.10.12 15:08:04.604,1.0439,1.04392,4.87,1.00
2016.10.12 15:08:04.671,1.04392,1.04394,1.00,2.12
2016.10.12 15:08:04.724,1.04393,1.04394,1.72,1.12
2016.10.12 15:08:04.775,1.04396,1.04397,1.00,1.00
2016.10.12 15:08:04.828,1.04396,1.04398,1.00,3.00
2016.10.12 15:08:04.880,1.04396,1.04398,1.00,2.62
2016.10.12 15:08:04.943,1.04395,1.04396,1.20,1.00
2016.10.12 15:08:04.995,1.04393,1.04395,2.25,1.00
2016.10.12 15:08:05.049,1.04393,1.04395,1.87,1.50
2016.10.12 15:08:05.287,1.04393,1.04395,1.00,1.50
2016.10.12 15:08:05.441,1.04392,1.04394,1.00,1.00
2016.10.12 15:08:05.492,1.04391,1.04394,1.87,1.50
2016.10.12 15:08:05.594,1.04392,1.04394,1.00,1.50
2016.10.12 15:08:05.648,1.04392,1.04394,1.00,1.00
2016.10.12 15:08:05.699,1.04393,1.04395,1.00,1.87
2016.10.12 15:08:05.751,1.04392,1.04394,1.00,1.50
2016.10.12 15:08:05.802,1.0439,1.04393,1.87,1.50
2016.10.12 15:08:05.854,1.04389,1.04391,1.50,1.50
2016.10.12 15:08:06.086,1.0439,1.04392,3.00,1.00
2016.10.12 15:08:06.140,1.04392,1.04394,1.00,1.50
2016.10.12 15:08:06.243,1.04393,1.04394,1.00,1.00
2016.10.12 15:08:06.295,1.04394,1.04395,1.00,1.12
2016.10.12 15:08:06.500,1.04391,1.04393,1.87,1.00
2016.10.12 15:08:06.552,1.0439,1.04393,8.70,1.50
2016.10.12 15:08:06.604,1.04389,1.04391,14.32,2.85
2016.10.12 15:08:06.868,1.04387,1.04389,2.25,1.50
2016.10.12 15:08:06.923,1.04392,1.04394,1.50,4.50
2016.10.12 15:08:06.975,1.04392,1.04393,1.00,1.12
2016.10.12 15:08:07.029,1.04392,1.04395,1.50,3.94
2016.10.12 15:08:07.082,1.04393,1.04395,10.12,3.94
2016.10.12 15:08:07.133,1.04396,1.04397,1.69,4.05
2016.10.12 15:08:07.185,1.04397,1.04399,1.00,4.87
2016.10.12 15:08:07.237,1.04397,1.04399,1.00,1.87
2016.10.12 15:08:07.289,1.04395,1.04397,1.69,1.00
2016.10.12 15:08:07.340,1.04394,1.04396,1.12,1.00
2016.10.12 15:08:07.584,1.04397,1.04398,1.00,1.50
2016.10.12 15:08:07.643,1.04395,1.04397,3.56,1.50
2016.10.12 15:08:07.694,1.04395,1.04396,1.31,1.00
2016.10.12 15:08:07.745,1.04396,1.04397,1.69,1.00
2016.10.12 15:08:07.796,1.04397,1.04399,1.50,1.50
2016.10.12 15:08:07.848,1.044,1.04402,1.00,3.75
2016.10.12 15:08:07.899,1.04401,1.04402,1.00,2.62
2016.10.12 15:08:07.950,1.04402,1.04403,1.50,3.56
2016.10.12 15:08:08.336,1.044,1.04402,1.87,3.37
2016.10.12 15:08:08.589,1.04404,1.04405,1.50,4.12
2016.10.12 15:08:08.641,1.04404,1.04406,1.00,4.50
2016.10.12 15:08:08.692,1.04403,1.04404,1.00,2.25
2016.10.12 15:08:08.743,1.04404,1.04405,1.00,4.12
2016.10.12 15:08:08.794,1.04402,1.04404,1.87,2.62
2016.10.12 15:08:08.845,1.04411,1.04412,1.50,9.02
2016.10.12 15:08:08.897,1.04411,1.04413,1.00,6.37
2016.10.12 15:08:08.948,1.04411,1.04412,1.00,1.87
2016.10.12 15:08:08.999,1.0441,1.04411,1.00,1.00
2016.10.12 15:08:09.050,1.04409,1.04411,3.00,1.50
2016.10.12 15:08:09.101,1.04409,1.04411,1.50,1.50
2016.10.12 15:08:09.317,1.04409,1.04411,1.00,1.50
2016.10.12 15:08:09.369,1.04408,1.0441,2.25,1.50
2016.10.12 15:08:09.420,1.04409,1.0441,1.00,1.50
2016.10.12 15:08:09.471,1.04408,1.0441,1.12,1.00
2016.10.12 15:08:09.523,1.04408,1.0441,1.87,1.00
2016.10.12 15:08:09.574,1.04408,1.0441,1.12,1.50
2016.10.12 15:08:09.676,1.04408,1.0441,1.12,2.25
2016.10.12 15:08:09.728,1.04408,1.04409,1.12,1.00
2016.10.12 15:08:09.779,1.04407,1.04409,2.44,1.00
2016.10.12 15:08:09.830,1.04408,1.04409,1.00,1.00
2016.10.12 15:08:10.059,1.04404,1.04406,5.25,1.50
2016.10.12 15:08:10.131,1.04402,1.04404,1.00,1.00
2016.10.12 15:08:10.182,1.04402,1.04404,1.00,1.00
2016.10.12 15:08:10.233,1.04403,1.04406,1.00,1.50
2016.10.12 15:08:10.285,1.04405,1.04406,1.00,1.50
2016.10.12 15:08:10.387,1.04405,1.04406,1.00,1.87
2016.10.12 15:08:10.893,1.04403,1.04404,1.00,1.00
2016.10.12 15:08:10.959,1.04404,1.04406,1.00,1.50
2016.10.12 15:08:11.739,1.04402,1.04404,2.44,1.00
2016.10.12 15:08:11.844,1.04403,1.04406,1.31,3.00
2016.10.12 15:08:11.895,1.04403,1.04405,1.31,1.12
2016.10.12 15:08:11.997,1.04401,1.04404,5.06,1.00
2016.10.12 15:08:12.048,1.04398,1.04399,1.50,1.35
2016.10.12 15:08:12.100,1.04397,1.04398,2.25,1.00
2016.10.12 15:08:12.308,1.04396,1.04397,2.06,1.00
2016.10.12 15:08:12.362,1.04393,1.04394,1.00,1.00
2016.10.12 15:08:12.464,1.04392,1.04394,3.97,1.50
2016.10.12 15:08:12.515,1.04391,1.04393,2.62,1.00
2016.10.12 15:08:12.566,1.0439,1.04392,2.25,1.00
2016.10.12 15:08:12.618,1.0439,1.04391,1.12,1.00
2016.10.12 15:08:12.669,1.04388,1.04391,4.31,1.00
2016.10.12 15:08:12.721,1.04389,1.04391,1.00,1.00
2016.10.12 15:08:12.978,1.04407,1.04409,1.00,1.25
2016.10.12 15:08:13.044,1.04407,1.04409,1.00,1.00
2016.10.12 15:08:13.096,1.04407,1.0441,1.00,1.50
2016.10.12 15:08:13.147,1.04407,1.04409,1.00,1.12
2016.10.12 15:08:13.742,1.04408,1.04411,1.00,2.06
2016.10.12 15:08:13.794,1.04408,1.04411,1.00,2.00
2016.10.12 15:08:13.846,1.04408,1.04411,1.00,1.75
2016.10.12 15:08:13.898,1.04408,1.04411,1.00,1.50
2016.10.12 15:08:13.950,1.04409,1.04413,1.00,2.25
2016.10.12 15:08:14.002,1.04412,1.04414,1.00,1.00
2016.10.12 15:08:14.053,1.04411,1.04415,1.00,2.06
2016.10.12 15:08:14.253,1.04413,1.04415,1.00,2.06
2016.10.12 15:08:14.306,1.04412,1.04415,1.00,1.69
2016.10.12 15:08:14.358,1.04412,1.04416,1.00,1.94
2016.10.12 15:08:14.602,1.04411,1.04414,1.12,1.31
2016.10.12 15:08:14.656,1.04408,1.04412,1.00,1.87
2016.10.12 15:08:14.707,1.04407,1.0441,1.37,1.00
2016.10.12 15:08:14.758,1.04407,1.04411,1.50,1.87
2016.10.12 15:08:14.809,1.04407,1.04411,2.25,1.87
2016.10.12 15:08:15.084,1.0441,1.04414,1.00,3.22
2016.10.12 15:08:15.142,1.0441,1.04414,1.87,2.25
2016.10.12 15:08:15.244,1.04407,1.0441,3.00,1.00
2016.10.12 15:08:15.296,1.04407,1.04409,1.87,1.50
2016.10.12 15:08:15.347,1.04404,1.04406,4.12,1.00
2016.10.12 15:08:15.398,1.04404,1.04406,1.50,2.25
2016.10.12 15:08:15.450,1.04404,1.04406,1.37,2.25
2016.10.12 15:08:15.501,1.04403,1.04404,1.50,1.00
2016.10.12 15:08:15.731,1.04401,1.04404,5.25,1.50
2016.10.12 15:08:15.782,1.04402,1.04404,1.12,1.50
2016.10.12 15:08:15.834,1.04403,1.04407,1.50,1.69
2016.10.12 15:08:15.885,1.04404,1.04407,1.12,1.25
2016.10.12 15:08:15.937,1.04405,1.0441,1.00,2.50
2016.10.12 15:08:15.988,1.04404,1.04411,3.80,1.00
2016.10.12 15:08:16.039,1.04404,1.04412,3.80,1.00
2016.10.12 15:08:16.090,1.04411,1.04415,1.00,2.25
2016.10.12 15:08:16.141,1.04411,1.04415,1.37,2.25
2016.10.12 15:08:16.400,1.04412,1.04415,1.50,2.25
2016.10.12 15:08:16.451,1.04412,1.04415,1.87,2.25
2016.10.12 15:08:16.502,1.04412,1.04415,2.62,2.25
2016.10.12 15:08:16.553,1.04412,1.04415,4.12,3.00
2016.10.12 15:08:16.707,1.04412,1.04415,4.31,3.00
2016.10.12 15:08:16.758,1.04412,1.04415,3.94,3.00
2016.10.12 15:08:16.809,1.04412,1.04415,3.00,3.00
2016.10.12 15:08:16.962,1.04412,1.04415,3.00,2.25
2016.10.12 15:08:17.428,1.044,1.04401,3.75,1.00
2016.10.12 15:08:17.502,1.044,1.04404,7.49,3.94
2016.10.12 15:08:17.554,1.044,1.04401,3.75,2.25
2016.10.12 15:08:17.605,1.044,1.04401,1.12,1.00
2016.10.12 15:08:17.656,1.04393,1.04397,1.00,2.75
2016.10.12 15:08:17.709,1.04391,1.04396,1.50,14.51
2016.10.12 15:08:17.760,1.04391,1.04392,1.50,1.35
2016.10.12 15:08:17.998,1.04385,1.04388,1.12,1.00
2016.10.12 15:08:18.050,1.04385,1.04387,1.50,1.50
2016.10.12 15:08:18.101,1.04385,1.04386,4.87,1.50
2016.10.12 15:08:18.152,1.04385,1.04386,5.62,1.00
2016.10.12 15:08:18.204,1.04391,1.04395,2.10,7.50
2016.10.12 15:08:18.255,1.04398,1.04399,1.00,1.00
2016.10.12 15:08:18.306,1.04398,1.04399,1.00,1.50
2016.10.12 15:08:18.358,1.04399,1.04401,1.50,1.00
2016.10.12 15:08:18.411,1.04398,1.044,1.50,1.00
2016.10.12 15:08:18.667,1.04399,1.044,1.00,1.00
2016.10.12 15:08:18.719,1.044,1.04403,1.00,2.44
2016.10.12 15:08:18.770,1.044,1.04403,1.00,1.69
2016.10.12 15:08:18.821,1.04401,1.04403,1.00,1.19
2016.10.12 15:08:18.872,1.04401,1.04403,1.00,1.00
2016.10.12 15:08:18.923,1.04401,1.04404,1.00,1.25
2016.10.12 15:08:18.975,1.04401,1.04404,1.00,1.69
2016.10.12 15:08:19.078,1.04401,1.04404,1.00,1.31
2016.10.12 15:08:19.181,1.04399,1.04401,1.00,1.00
2016.10.12 15:08:19.232,1.04399,1.04401,1.00,1.50
2016.10.12 15:08:19.498,1.04397,1.04398,1.00,1.12
2016.10.12 15:08:19.549,1.04397,1.04399,1.00,2.66
2016.10.12 15:08:19.600,1.04397,1.04399,1.00,3.04
2016.10.12 15:08:19.651,1.04396,1.04397,1.12,1.00
2016.10.12 15:08:19.703,1.04396,1.04397,1.87,1.00
2016.10.12 15:08:19.859,1.04396,1.04398,1.87,1.87
2016.10.12 15:08:19.961,1.04396,1.04398,1.87,1.12
2016.10.12 15:08:20.224,1.04398,1.04399,1.00,1.12
2016.10.12 15:08:20.276,1.04396,1.04398,1.00,1.00
2016.10.12 15:08:20.328,1.04398,1.04399,1.12,1.00
2016.10.12 15:08:20.586,1.04396,1.04398,2.25,1.50
2016.10.12 15:08:20.639,1.04395,1.04396,2.25,1.00
2016.10.12 15:08:20.690,1.04395,1.04396,1.50,1.00
2016.10.12 15:08:20.966,1.04392,1.04395,1.50,1.50
2016.10.12 15:08:21.230,1.04392,1.04395,1.00,2.25
2016.10.12 15:08:21.434,1.04392,1.04395,1.00,3.00
2016.10.12 15:08:21.485,1.04393,1.04395,1.00,2.25
2016.10.12 15:08:21.708,1.04392,1.04393,1.00,1.00
2016.10.12 15:08:21.763,1.04392,1.04394,1.00,1.50
2016.10.12 15:08:21.814,1.04392,1.04394,1.00,1.00
2016.10.12 15:08:21.866,1.04393,1.04395,1.00,1.00
2016.10.12 15:08:21.968,1.04393,1.04395,1.50,1.50
2016.10.12 15:08:22.524,1.04396,1.04397,1.00,1.00
2016.10.12 15:08:22.679,1.04397,1.04399,1.50,1.00
2016.10.12 15:08:22.730,1.04395,1.04399,1.00,1.00
2016.10.12 15:08:22.782,1.04395,1.04399,1.00,1.50
2016.10.12 15:08:22.834,1.04395,1.04399,1.00,2.25
2016.10.12 15:08:23.141,1.04395,1.04399,1.12,2.25
2016.10.12 15:08:23.193,1.04395,1.04397,1.00,1.00
2016.10.12 15:08:23.246,1.04395,1.04396,1.20,1.50
2016.10.12 15:08:23.297,1.04395,1.04396,1.20,2.25
2016.10.12 15:08:23.349,1.04393,1.04394,1.87,1.00
2016.10.12 15:08:23.400,1.04392,1.04394,1.87,1.00
2016.10.12 15:08:23.452,1.04392,1.04393,3.37,1.50
2016.10.12 15:08:23.503,1.04391,1.04393,6.00,1.00
2016.10.12 15:08:23.555,1.04391,1.04393,3.75,1.00
2016.10.12 15:08:23.606,1.04391,1.04393,2.62,1.00
2016.10.12 15:08:24.093,1.04391,1.04393,1.87,1.50
2016.10.12 15:08:24.145,1.04391,1.04393,2.62,1.50
2016.10.12 15:08:24.247,1.04391,1.04393,2.62,1.00
2016.10.12 15:08:24.299,1.04391,1.04393,3.75,1.00
2016.10.12 15:08:24.350,1.04392,1.04394,1.12,1.50
2016.10.12 15:08:24.709,1.04392,1.04393,1.12,1.00
2016.10.12 15:08:24.760,1.04392,1.04393,1.12,1.50
2016.10.12 15:08:25.176,1.04391,1.04393,1.50,1.00
2016.10.12 15:08:25.280,1.04391,1.04392,1.00,1.50
2016.10.12 15:08:25.485,1.0439,1.04392,7.87,1.50
2016.10.12 15:08:25.743,1.04391,1.04392,1.00,1.50
2016.10.12 15:08:25.794,1.04391,1.04392,1.00,1.50
2016.10.12 15:08:26.206,1.04397,1.04406,6.10,4.12
2016.10.12 15:08:26.258,1.044,1.04407,1.37,41.25
2016.10.12 15:08:26.310,1.04405,1.0441,6.97,3.94
2016.10.12 15:08:26.361,1.04408,1.0441,1.00,3.56
2016.10.12 15:08:26.583,1.04395,1.04399,1.00,1.00
2016.10.12 15:08:26.636,1.04403,1.04407,1.37,1.25
2016.10.12 15:08:26.687,1.04402,1.04406,6.00,1.00
2016.10.12 15:08:26.739,1.04395,1.04401,1.00,1.00
2016.10.12 15:08:26.790,1.04395,1.04401,8.47,1.00
2016.10.12 15:08:26.945,1.04395,1.04401,9.22,1.00
2016.10.12 15:08:27.047,1.04394,1.04401,1.59,1.00
2016.10.12 15:08:27.701,1.04395,1.04402,1.20,1.69
2016.10.12 15:08:27.762,1.04395,1.04402,2.02,2.44
2016.10.12 15:08:27.813,1.04398,1.04405,27.37,1.00
2016.10.12 15:08:27.864,1.04398,1.04405,12.75,1.00
2016.10.12 15:08:27.966,1.04398,1.04405,12.75,1.50
2016.10.12 15:08:28.017,1.04397,1.04403,2.25,1.00
2016.10.12 15:08:28.456,1.04397,1.04403,2.25,1.00
2016.10.12 15:08:28.507,1.04397,1.04401,2.62,1.12
2016.10.12 15:08:28.558,1.04397,1.04401,1.00,1.12
2016.10.12 15:08:28.610,1.04395,1.04397,1.87,1.00
2016.10.12 15:08:28.662,1.04395,1.04397,1.12,1.00
2016.10.12 15:08:28.713,1.04395,1.04397,1.00,1.00
2016.10.12 15:08:28.765,1.04395,1.04397,1.00,1.00
2016.10.12 15:08:28.868,1.04395,1.04397,1.00,1.00
2016.10.12 15:08:29.217,1.04396,1.04397,1.00,1.00
2016.10.12 15:08:29.270,1.04395,1.04398,1.00,1.12
2016.10.12 15:08:29.322,1.04392,1.04394,1.12,1.25
2016.10.12 15:08:29.373,1.0439,1.04392,3.37,1.00
2016.10.12 15:08:29.424,1.0439,1.04392,2.25,1.00
2016.10.12 15:08:29.476,1.0439,1.04391,1.12,1.50
2016.10.12 15:08:29.629,1.0439,1.04391,1.00,1.50
2016.10.12 15:08:30.183,1.0439,1.04391,1.00,1.50
2016.10.12 15:08:30.257,1.04384,1.04385,2.25,1.00
2016.10.12 15:08:30.360,1.04383,1.04385,1.50,1.00
2016.10.12 15:08:30.513,1.04383,1.04384,1.12,1.12
2016.10.12 15:08:30.564,1.0438,1.04382,4.50,1.00
2016.10.12 15:08:30.616,1.04381,1.04382,3.00,2.25
2016.10.12 15:08:30.881,1.04384,1.04386,4.69,2.62
2016.10.12 15:08:30.932,1.04384,1.04386,4.69,1.50
2016.10.12 15:08:30.983,1.04384,1.04386,3.75,1.00
2016.10.12 15:08:31.137,1.04384,1.04386,3.37,1.00
2016.10.12 15:08:31.602,1.04384,1.04385,1.95,1.00
2016.10.12 15:08:31.655,1.04384,1.04385,1.20,1.00
2016.10.12 15:08:31.706,1.04382,1.04384,1.50,1.00
2016.10.12 15:08:31.758,1.0438,1.04382,1.50,1.00
2016.10.12 15:08:31.861,1.04381,1.04382,1.87,1.00
2016.10.12 15:08:31.912,1.04378,1.04382,4.50,1.50
2016.10.12 15:08:31.965,1.04377,1.04378,1.12,1.50
2016.10.12 15:08:32.017,1.04377,1.04378,1.00,1.50
2016.10.12 15:08:32.069,1.04376,1.04377,1.50,1.00
2016.10.12 15:08:32.120,1.04376,1.04377,1.12,1.00
2016.10.12 15:08:32.587,1.04375,1.04377,1.87,1.00
2016.10.12 15:08:32.639,1.04374,1.04376,2.62,1.00
2016.10.12 15:08:32.691,1.04374,1.04375,3.37,1.50
2016.10.12 15:08:32.744,1.04374,1.04375,1.00,2.25
2016.10.12 15:08:33.012,1.04373,1.04374,1.12,1.50
2016.10.12 15:08:33.063,1.04372,1.04373,3.37,1.50
2016.10.12 15:08:33.165,1.04374,1.04375,1.00,1.12
2016.10.12 15:08:33.217,1.04379,1.04389,3.10,6.37
2016.10.12 15:08:33.268,1.04387,1.04388,1.00,1.50
2016.10.12 15:08:33.319,1.04388,1.0439,1.00,1.50
2016.10.12 15:08:33.371,1.04389,1.04392,1.00,2.44
2016.10.12 15:08:33.422,1.04389,1.04391,1.00,1.00
2016.10.12 15:08:33.629,1.04389,1.0439,1.00,1.25
2016.10.12 15:08:33.681,1.04389,1.04391,1.37,1.69
2016.10.12 15:08:33.732,1.0439,1.04391,1.12,1.12
2016.10.12 15:08:33.783,1.0439,1.04392,1.37,4.87
2016.10.12 15:08:33.835,1.0439,1.04392,1.50,3.00
2016.10.12 15:08:33.886,1.0439,1.04392,2.25,1.00
2016.10.12 15:08:34.098,1.04391,1.04392,1.00,1.00
2016.10.12 15:08:34.149,1.0439,1.04392,1.87,1.00
2016.10.12 15:08:34.200,1.0439,1.04392,1.95,1.00
2016.10.12 15:08:34.397,1.0439,1.04392,2.10,1.00
2016.10.12 15:08:34.449,1.0439,1.04393,2.47,1.00
2016.10.12 15:08:34.603,1.04391,1.04393,1.12,1.00
2016.10.12 15:08:34.654,1.04391,1.04393,1.87,1.00
2016.10.12 15:08:35.200,1.04391,1.04394,1.87,1.12
2016.10.12 15:08:35.404,1.04391,1.04393,1.50,1.00
2016.10.12 15:08:35.713,1.04393,1.04395,2.02,1.37
2016.10.12 15:08:35.959,1.04394,1.04395,1.00,1.12
2016.10.12 15:08:36.011,1.04392,1.04394,1.12,1.00
2016.10.12 15:08:36.062,1.04391,1.04394,1.87,1.00
2016.10.12 15:08:36.216,1.0439,1.04392,1.00,1.00
2016.10.12 15:08:36.267,1.04389,1.04392,1.00,1.50
2016.10.12 15:08:36.318,1.04388,1.0439,1.00,1.00
2016.10.12 15:08:36.370,1.04388,1.0439,2.25,1.00
2016.10.12 15:08:36.421,1.04388,1.04389,1.50,1.00
2016.10.12 15:08:36.472,1.04387,1.04389,2.25,1.00
2016.10.12 15:08:36.524,1.04388,1.0439,1.00,1.12
2016.10.12 15:08:36.576,1.04389,1.0439,1.50,1.12
2016.10.12 15:08:37.040,1.04385,1.04387,2.25,1.00
2016.10.12 15:08:37.091,1.04385,1.04387,2.25,1.50
2016.10.12 15:08:37.244,1.04385,1.04387,1.50,1.50
2016.10.12 15:08:38.113,1.04385,1.04387,1.50,1.87
2016.10.12 15:08:38.322,1.04385,1.04387,1.50,1.12
2016.10.12 15:08:38.373,1.04385,1.04387,2.25,1.12
2016.10.12 15:08:38.427,1.04385,1.04388,2.25,2.25
2016.10.12 15:08:38.529,1.04386,1.04388,1.00,2.25
2016.10.12 15:08:38.581,1.04386,1.04388,1.00,1.50
2016.10.12 15:08:38.788,1.04385,1.04388,1.87,1.50
2016.10.12 15:08:38.994,1.04386,1.04388,1.00,1.50
2016.10.12 15:08:39.405,1.04386,1.04388,1.50,1.50
2016.10.12 15:08:39.985,1.04386,1.04388,1.00,1.50
2016.10.12 15:08:40.555,1.04386,1.04388,1.00,1.87
2016.10.12 15:08:40.862,1.04385,1.04387,2.25,1.00
2016.10.12 15:08:41.015,1.04386,1.04387,1.00,1.50
2016.10.12 15:08:41.117,1.04385,1.04386,1.50,1.00
2016.10.12 15:08:41.219,1.04385,1.04386,1.12,1.50
2016.10.12 15:08:41.270,1.04384,1.04386,4.87,1.50
2016.10.12 15:08:41.321,1.04383,1.04384,3.75,1.50
2016.10.12 15:08:41.372,1.04382,1.04384,3.75,1.00
2016.10.12 15:08:41.423,1.04382,1.04383,3.00,1.00
2016.10.12 15:08:41.474,1.04382,1.04383,1.87,1.00
2016.10.12 15:08:41.525,1.04382,1.04383,1.87,1.50
2016.10.12 15:08:41.748,1.0438,1.04382,8.25,1.00
2016.10.12 15:08:41.804,1.0438,1.04381,1.50,1.50
2016.10.12 15:08:41.855,1.0438,1.04381,1.12,1.50
2016.10.12 15:08:41.958,1.04379,1.04381,5.25,1.50
2016.10.12 15:08:42.009,1.04379,1.04381,2.62,1.50
2016.10.12 15:08:42.060,1.04379,1.04381,1.87,1.87
2016.10.12 15:08:42.162,1.04378,1.0438,3.30,1.00
2016.10.12 15:08:42.214,1.04378,1.04379,1.00,1.50
2016.10.12 15:08:42.265,1.04377,1.04378,2.62,1.00
2016.10.12 15:08:42.316,1.04377,1.04378,1.87,1.50
2016.10.12 15:08:42.631,1.04376,1.04378,1.12,1.69
2016.10.12 15:08:42.937,1.04375,1.04376,1.87,1.00
2016.10.12 15:08:42.989,1.04375,1.04376,1.12,1.00
2016.10.12 15:08:43.041,1.04375,1.04377,1.12,4.72
2016.10.12 15:08:43.093,1.04372,1.04374,3.45,1.00
2016.10.12 15:08:43.517,1.0437,1.04372,8.62,2.12
2016.10.12 15:08:43.569,1.0437,1.04371,1.50,1.50
2016.10.12 15:08:43.786,1.0437,1.04371,1.50,1.50
2016.10.12 15:08:44.107,1.0437,1.04372,1.00,1.12
2016.10.12 15:08:44.180,1.04373,1.04375,1.00,2.25
2016.10.12 15:08:44.232,1.04373,1.04374,1.00,1.00
2016.10.12 15:08:44.283,1.04371,1.04373,2.92,1.00
2016.10.12 15:08:44.335,1.04371,1.04372,1.59,1.50
2016.10.12 15:08:44.386,1.0437,1.04371,3.09,1.00
2016.10.12 15:08:44.438,1.0437,1.04371,2.25,1.00
2016.10.12 15:08:44.490,1.0437,1.04371,1.87,1.00
2016.10.12 15:08:44.708,1.0437,1.04371,1.87,1.12
2016.10.12 15:08:44.768,1.04369,1.0437,1.00,1.00
2016.10.12 15:08:44.820,1.04369,1.04371,1.00,2.62
2016.10.12 15:08:44.922,1.04369,1.04371,1.00,1.87
2016.10.12 15:08:45.024,1.04369,1.0437,1.00,1.50
2016.10.12 15:08:45.075,1.04368,1.0437,2.62,1.00
2016.10.12 15:08:45.336,1.04364,1.04366,4.87,1.00
2016.10.12 15:08:45.388,1.04364,1.04366,4.12,1.00
2016.10.12 15:08:45.440,1.04363,1.04365,1.87,1.50
2016.10.12 15:08:45.491,1.04363,1.04365,1.50,1.50
2016.10.12 15:08:45.593,1.04364,1.04365,1.50,1.00
2016.10.12 15:08:45.645,1.04365,1.04366,2.62,1.00
2016.10.12 15:08:45.697,1.04365,1.04366,1.87,1.00
2016.10.12 15:08:45.748,1.04366,1.04367,1.12,2.62
2016.10.12 15:08:45.996,1.04365,1.04366,1.12,1.50
2016.10.12 15:08:46.048,1.04365,1.04366,1.00,1.50
2016.10.12 15:08:46.152,1.04364,1.04366,1.00,1.50
2016.10.12 15:08:46.257,1.04365,1.04366,1.00,1.50
2016.10.12 15:08:46.683,1.04363,1.04365,2.25,2.62
2016.10.12 15:08:46.734,1.04358,1.0436,2.25,1.69
2016.10.12 15:08:46.786,1.04357,1.04359,1.00,1.50
2016.10.12 15:08:46.837,1.04354,1.04355,1.87,1.00
2016.10.12 15:08:46.889,1.04354,1.04356,1.12,1.50
2016.10.12 15:08:46.940,1.04353,1.04356,1.87,1.37
2016.10.12 15:08:46.992,1.04355,1.04358,1.00,2.25
2016.10.12 15:08:47.043,1.04357,1.04358,1.87,1.87
2016.10.12 15:08:47.302,1.04357,1.04358,1.87,1.50
2016.10.12 15:08:47.354,1.04356,1.04358,1.87,1.00
2016.10.12 15:08:47.406,1.04357,1.0436,1.00,1.25
2016.10.12 15:08:47.633,1.04357,1.04358,1.00,1.50
2016.10.12 15:08:47.685,1.04353,1.04354,1.12,1.50
2016.10.12 15:08:48.065,1.04353,1.04354,1.87,1.50
2016.10.12 15:08:48.116,1.04353,1.04355,2.25,1.50
2016.10.12 15:08:48.218,1.04353,1.04355,2.25,1.50
2016.10.12 15:08:48.270,1.04353,1.04355,2.62,1.50
2016.10.12 15:08:48.321,1.04353,1.04355,3.00,1.50
2016.10.12 15:08:48.372,1.04353,1.04355,3.00,1.00
2016.10.12 15:08:48.423,1.04353,1.04356,2.25,1.50
2016.10.12 15:08:48.899,1.04354,1.04357,1.50,1.87
2016.10.12 15:08:48.951,1.04359,1.0436,1.00,1.50
2016.10.12 15:08:49.004,1.04359,1.0436,1.00,1.00
2016.10.12 15:08:49.056,1.0436,1.04362,2.25,1.50
2016.10.12 15:08:49.108,1.04362,1.04364,1.87,1.50
2016.10.12 15:08:49.159,1.04363,1.04366,1.50,6.19
2016.10.12 15:08:49.211,1.04364,1.04366,1.00,1.69
2016.10.12 15:08:49.262,1.04364,1.04366,1.00,1.25
2016.10.12 15:08:49.313,1.04365,1.04367,1.00,2.06
2016.10.12 15:08:49.365,1.04365,1.04367,1.00,2.81
2016.10.12 15:08:49.559,1.04355,1.04356,1.12,1.00
2016.10.12 15:08:49.611,1.04355,1.04357,1.87,2.44
2016.10.12 15:08:49.663,1.04359,1.0436,1.00,1.12
2016.10.12 15:08:49.714,1.04362,1.04363,1.00,11.25
2016.10.12 15:08:49.767,1.0436,1.04362,1.50,3.37
2016.10.12 15:08:49.819,1.04361,1.04363,1.50,2.25
2016.10.12 15:08:49.870,1.04362,1.04363,1.50,1.50
2016.10.12 15:08:50.479,1.04362,1.04363,1.00,1.50
2016.10.12 15:08:50.632,1.04361,1.04363,1.50,1.50
2016.10.12 15:08:50.734,1.04361,1.04363,1.50,2.25
2016.10.12 15:08:50.785,1.04361,1.04363,1.50,2.44
2016.10.12 15:08:51.367,1.04359,1.0436,1.87,1.00
2016.10.12 15:08:51.418,1.04358,1.0436,2.25,1.00
2016.10.12 15:08:51.728,1.04358,1.04359,1.50,1.00
2016.10.12 15:08:51.831,1.04358,1.0436,1.50,1.00
2016.10.12 15:08:51.986,1.04358,1.0436,1.87,1.00
2016.10.12 15:08:52.270,1.04357,1.04359,4.12,1.50
2016.10.12 15:08:52.321,1.04356,1.04357,1.00,1.50
2016.10.12 15:08:52.426,1.04355,1.04357,2.25,1.50
2016.10.12 15:08:52.688,1.04354,1.04356,3.75,1.00
2016.10.12 15:08:52.905,1.04354,1.04356,3.37,1.00
2016.10.12 15:08:52.957,1.04352,1.04353,1.87,1.50
2016.10.12 15:08:53.316,1.04352,1.04353,1.50,1.50
2016.10.12 15:08:53.368,1.04352,1.04353,1.00,1.50
2016.10.12 15:08:53.419,1.04352,1.04353,1.00,2.25
2016.10.12 15:08:53.938,1.04353,1.04355,1.00,1.50
2016.10.12 15:08:53.990,1.04352,1.04354,5.25,1.50
2016.10.12 15:08:54.042,1.04351,1.04354,3.37,1.50
2016.10.12 15:08:54.094,1.0435,1.04351,4.50,1.50
2016.10.12 15:08:54.145,1.0435,1.04351,3.75,1.50
2016.10.12 15:08:54.197,1.04349,1.04351,3.37,1.00
2016.10.12 15:08:54.248,1.04348,1.0435,3.00,1.00
2016.10.12 15:08:54.487,1.04348,1.0435,1.12,1.00
2016.10.12 15:08:54.538,1.04347,1.04349,1.87,1.50
2016.10.12 15:08:54.589,1.04347,1.04349,1.87,1.00
2016.10.12 15:08:54.641,1.04347,1.04349,1.12,1.50
2016.10.12 15:08:54.692,1.04347,1.04349,1.50,1.50
2016.10.12 15:08:54.743,1.04347,1.04349,1.87,1.50
2016.10.12 15:08:54.946,1.04347,1.04349,1.50,1.50
2016.10.12 15:08:55.298,1.04346,1.04349,7.36,1.50
2016.10.12 15:08:55.960,1.04346,1.04349,4.36,1.50
2016.10.12 15:08:56.062,1.04346,1.04348,4.36,1.00
2016.10.12 15:08:56.165,1.04344,1.04345,12.22,1.00
2016.10.12 15:08:56.217,1.04345,1.04346,1.00,1.50
2016.10.12 15:08:56.269,1.04343,1.04345,6.00,1.00
2016.10.12 15:08:56.320,1.04344,1.04345,1.87,1.00
2016.10.12 15:08:56.424,1.04343,1.04345,1.50,1.00
2016.10.12 15:08:56.872,1.04343,1.04344,1.50,1.00
2016.10.12 15:08:56.974,1.04343,1.04344,1.50,1.50
2016.10.12 15:08:57.027,1.04342,1.04343,1.87,1.00
2016.10.12 15:08:57.078,1.04342,1.04343,1.87,1.50
2016.10.12 15:08:57.129,1.04342,1.04343,1.50,1.50
2016.10.12 15:08:57.231,1.04341,1.04342,3.45,1.00
2016.10.12 15:08:57.283,1.04341,1.04342,3.00,1.50
2016.10.12 15:08:57.503,1.04341,1.04342,2.62,1.50
2016.10.12 15:08:57.579,1.04341,1.04342,1.00,1.50
2016.10.12 15:08:58.041,1.04341,1.04342,1.00,1.00
2016.10.12 15:08:58.094,1.04341,1.04343,1.00,1.50
2016.10.12 15:08:58.365,1.04341,1.04343,1.20,1.50
2016.10.12 15:08:58.825,1.04341,1.04343,1.95,1.50
2016.10.12 15:08:59.282,1.04342,1.04345,1.50,2.06
2016.10.12 15:08:59.386,1.04343,1.04344,1.00,1.00
2016.10.12 15:09:00.054,1.04346,1.04347,1.00,1.50
2016.10.12 15:09:00.125,1.04345,1.04347,1.00,1.50
2016.10.12 15:09:00.227,1.04345,1.04347,1.12,1.00
2016.10.12 15:09:00.583,1.04344,1.04345,1.12,1.25
2016.10.12 15:09:00.654,1.04345,1.04346,1.50,1.69
2016.10.12 15:09:00.906,1.04346,1.04349,1.50,2.81
2016.10.12 15:09:00.963,1.04347,1.04348,1.00,1.00
2016.10.12 15:09:01.018,1.04343,1.04344,3.00,1.05
2016.10.12 15:09:01.070,1.04341,1.04342,3.37,1.35
2016.10.12 15:09:01.122,1.0434,1.04342,1.50,1.72
2016.10.12 15:09:01.173,1.04341,1.04342,1.50,1.12
2016.10.12 15:09:01.224,1.04341,1.04342,1.50,2.25
2016.10.12 15:09:01.275,1.04341,1.04342,1.50,2.62
2016.10.12 15:09:01.502,1.0434,1.04342,1.00,2.62
2016.10.12 15:09:01.557,1.04341,1.04342,1.00,1.87
2016.10.12 15:09:01.659,1.04341,1.04342,1.00,1.69
2016.10.12 15:09:01.761,1.0434,1.04342,1.50,2.06
2016.10.12 15:09:01.812,1.0434,1.04341,1.50,1.00
2016.10.12 15:09:01.863,1.0434,1.04341,1.50,1.00
2016.10.12 15:09:02.327,1.04339,1.04341,1.50,3.19
2016.10.12 15:09:02.433,1.04339,1.04341,1.50,3.94
2016.10.12 15:09:02.637,1.04339,1.04341,1.50,3.56
2016.10.12 15:09:02.688,1.04339,1.04341,1.50,2.81
2016.10.12 15:09:02.740,1.04339,1.04341,1.50,2.06
2016.10.12 15:09:02.791,1.04339,1.04341,1.50,2.81
2016.10.12 15:09:03.269,1.04339,1.04341,1.50,3.94
2016.10.12 15:09:03.321,1.04339,1.04341,1.50,3.19
2016.10.12 15:09:03.372,1.04338,1.04339,1.12,1.35
2016.10.12 15:09:03.423,1.04336,1.04337,1.87,1.25
2016.10.12 15:09:03.474,1.04335,1.04337,3.00,2.87
2016.10.12 15:09:03.526,1.04335,1.04337,1.87,2.87
2016.10.12 15:09:03.577,1.04335,1.04336,1.87,1.00
2016.10.12 15:09:03.680,1.04334,1.04336,1.50,1.00
2016.10.12 15:09:04.023,1.04334,1.04336,1.50,1.00
2016.10.12 15:09:04.075,1.04334,1.04335,1.00,1.50
2016.10.12 15:09:04.126,1.04334,1.04335,1.00,1.00
2016.10.12 15:09:04.179,1.04333,1.04335,1.12,1.00
2016.10.12 15:09:04.281,1.04333,1.04335,1.50,1.00
2016.10.12 15:09:04.485,1.04333,1.04335,1.00,1.00
2016.10.12 15:09:04.537,1.04335,1.04336,1.00,1.50
2016.10.12 15:09:04.775,1.04337,1.04339,1.00,2.25
2016.10.12 15:09:04.826,1.04341,1.04346,3.62,7.87
2016.10.12 15:09:04.878,1.04344,1.04345,1.50,3.37
2016.10.12 15:09:04.929,1.04346,1.04348,1.00,7.69
2016.10.12 15:09:04.986,1.04347,1.04348,1.00,1.00
2016.10.12 15:09:05.064,1.04347,1.0435,1.00,2.81
2016.10.12 15:09:05.167,1.04347,1.04348,1.00,1.00
2016.10.12 15:09:05.492,1.04346,1.04348,1.00,1.50
2016.10.12 15:09:05.544,1.04347,1.04348,1.00,1.00
2016.10.12 15:09:05.646,1.04347,1.04349,1.00,1.50
2016.10.12 15:09:06.003,1.04348,1.04349,1.35,1.00
2016.10.12 15:09:06.230,1.04349,1.0435,1.54,1.50
2016.10.12 15:09:06.281,1.04354,1.04357,1.50,2.25
2016.10.12 15:09:07.090,1.04354,1.04355,1.00,1.00
2016.10.12 15:09:07.348,1.0435,1.04351,1.00,2.30
2016.10.12 15:09:07.399,1.04349,1.04351,1.12,2.30
2016.10.12 15:09:07.573,1.04349,1.04351,1.12,2.30
2016.10.12 15:09:07.777,1.04349,1.0435,1.12,2.30
2016.10.12 15:09:07.879,1.04348,1.0435,2.25,2.30
2016.10.12 15:09:08.124,1.04348,1.04351,1.50,1.20
2016.10.12 15:09:08.175,1.04348,1.04349,1.00,1.00
2016.10.12 15:09:08.432,1.04347,1.04349,1.00,1.02
2016.10.12 15:09:08.484,1.04344,1.04346,5.25,1.00
2016.10.12 15:09:08.586,1.04344,1.04345,1.12,1.00
2016.10.12 15:09:08.637,1.04343,1.04345,1.87,1.00
2016.10.12 15:09:08.689,1.04343,1.04345,1.12,1.00
2016.10.12 15:09:09.067,1.04343,1.04344,1.00,1.00
2016.10.12 15:09:10.026,1.04342,1.04344,1.00,1.87
2016.10.12 15:09:10.079,1.04341,1.04343,1.00,1.00
2016.10.12 15:09:10.233,1.04339,1.04341,1.12,1.25
2016.10.12 15:09:10.285,1.04339,1.0434,1.00,1.25
2016.10.12 15:09:10.340,1.04339,1.0434,1.00,1.69
2016.10.12 15:09:10.391,1.04338,1.04339,1.12,1.00
2016.10.12 15:09:10.666,1.04336,1.04338,1.35,1.00
2016.10.12 15:09:10.717,1.04336,1.04339,1.12,1.00
2016.10.12 15:09:10.768,1.04345,1.04346,2.10,9.00
2016.10.12 15:09:10.820,1.04348,1.04349,2.10,16.12
2016.10.12 15:09:10.871,1.04349,1.0435,1.00,3.56
2016.10.12 15:09:10.923,1.04349,1.0435,1.50,1.50
2016.10.12 15:09:11.208,1.04349,1.04351,1.87,1.10
2016.10.12 15:09:11.364,1.04349,1.04351,1.87,1.58
2016.10.12 15:09:11.416,1.0435,1.04351,2.85,1.10
2016.10.12 15:09:11.467,1.0435,1.04352,1.35,1.08
2016.10.12 15:09:11.519,1.04349,1.04351,5.29,1.00
2016.10.12 15:09:11.596,1.04349,1.0435,3.22,1.00
2016.10.12 15:09:11.647,1.04348,1.0435,5.85,1.00
2016.10.12 15:09:11.698,1.04348,1.0435,2.25,1.00
2016.10.12 15:09:11.916,1.04348,1.0435,1.87,1.00
2016.10.12 15:09:11.967,1.04348,1.0435,1.12,1.87
2016.10.12 15:09:12.864,1.04346,1.04348,2.62,1.12
2016.10.12 15:09:12.916,1.04346,1.04348,1.87,1.12
2016.10.12 15:09:12.967,1.04346,1.04347,2.81,1.00
2016.10.12 15:09:13.018,1.04346,1.04347,2.06,1.00
2016.10.12 15:09:13.070,1.04344,1.04347,1.45,1.00
2016.10.12 15:09:13.121,1.04343,1.04346,2.32,1.00
2016.10.12 15:09:13.176,1.04343,1.04344,1.50,1.00
2016.10.12 15:09:13.227,1.04343,1.04344,1.50,1.25
2016.10.12 15:09:13.474,1.04338,1.04339,4.50,1.00
2016.10.12 15:09:13.527,1.04337,1.04338,2.62,1.00
2016.10.12 15:09:13.766,1.04336,1.04337,3.37,1.12
2016.10.12 15:09:13.818,1.04335,1.04337,1.50,2.62
2016.10.12 15:09:13.869,1.04335,1.04336,1.50,1.00
2016.10.12 15:09:14.022,1.04334,1.04336,1.87,1.00
2016.10.12 15:09:14.283,1.04334,1.04336,1.12,1.50
2016.10.12 15:09:14.334,1.04336,1.04338,1.50,3.00
2016.10.12 15:09:14.385,1.04336,1.04337,1.00,1.12
2016.10.12 15:09:14.436,1.04336,1.04337,1.00,1.87
2016.10.12 15:09:14.590,1.04335,1.04337,1.00,1.12
2016.10.12 15:09:14.641,1.04334,1.04337,1.50,1.75
2016.10.12 15:09:14.951,1.04334,1.04337,1.50,2.69
2016.10.12 15:09:15.003,1.04334,1.04336,1.00,1.69
2016.10.12 15:09:15.105,1.04333,1.04336,1.00,2.00
2016.10.12 15:09:15.156,1.04333,1.04335,1.00,1.50
2016.10.12 15:09:15.719,1.04334,1.04335,1.50,1.00
2016.10.12 15:09:15.770,1.04334,1.04335,1.00,1.00
2016.10.12 15:09:15.821,1.04332,1.04334,1.50,1.00
2016.10.12 15:09:15.872,1.04332,1.04334,1.00,1.00
2016.10.12 15:09:15.924,1.04329,1.04331,4.20,1.50
2016.10.12 15:09:15.975,1.04329,1.0433,2.25,1.50
2016.10.12 15:09:16.026,1.04327,1.04328,2.25,1.00
2016.10.12 15:09:16.077,1.04327,1.04328,2.62,1.00
2016.10.12 15:09:16.128,1.04327,1.04328,2.25,1.00
2016.10.12 15:09:16.179,1.04327,1.04328,1.87,1.00
2016.10.12 15:09:16.591,1.04327,1.04328,1.50,1.00
2016.10.12 15:09:16.644,1.04326,1.04328,1.87,1.00
2016.10.12 15:09:16.696,1.04326,1.04328,1.12,1.00
2016.10.12 15:09:16.747,1.04326,1.04328,1.00,1.00
2016.10.12 15:09:17.210,1.04326,1.04328,1.50,1.00
2016.10.12 15:09:17.703,1.04326,1.04328,1.50,1.12
2016.10.12 15:09:17.805,1.04326,1.04327,1.00,1.00
2016.10.12 15:09:18.337,1.04328,1.0433,1.00,2.25
2016.10.12 15:09:18.388,1.04328,1.04329,1.00,1.50
2016.10.12 15:09:18.490,1.04328,1.04329,1.00,1.00
2016.10.12 15:09:18.593,1.04329,1.04331,1.00,4.12
2016.10.12 15:09:18.644,1.04329,1.04331,1.00,3.75
2016.10.12 15:09:18.696,1.04329,1.04331,1.50,2.25
2016.10.12 15:09:18.747,1.0433,1.04332,1.00,2.62
2016.10.12 15:09:18.799,1.04329,1.04331,1.00,1.00
2016.10.12 15:09:18.850,1.04329,1.04331,1.00,1.50
2016.10.12 15:09:18.901,1.04328,1.04331,1.50,1.50
2016.10.12 15:09:18.952,1.04328,1.04331,1.50,1.87
2016.10.12 15:09:19.560,1.0433,1.04332,1.00,3.56
2016.10.12 15:09:19.612,1.0433,1.04332,1.00,2.25
2016.10.12 15:09:19.878,1.04332,1.04334,1.50,2.06
2016.10.12 15:09:19.931,1.04332,1.04334,1.50,1.31
2016.10.12 15:09:20.243,1.04329,1.04332,1.50,1.25
2016.10.12 15:09:20.295,1.04328,1.0433,2.62,1.50
2016.10.12 15:09:20.347,1.04328,1.04329,1.50,1.12
2016.10.12 15:09:20.398,1.0432,1.04324,1.19,1.00
2016.10.12 15:09:20.449,1.0432,1.04323,1.69,1.00
2016.10.12 15:09:20.500,1.04323,1.04324,1.00,1.87
2016.10.12 15:09:20.552,1.0432,1.04324,1.50,2.12
2016.10.12 15:09:20.603,1.04323,1.04325,1.00,2.62
2016.10.12 15:09:20.654,1.04323,1.04325,1.00,2.25
2016.10.12 15:09:20.705,1.04323,1.04325,1.00,1.50
2016.10.12 15:09:21.002,1.04324,1.04325,1.00,1.12
2016.10.12 15:09:21.053,1.04321,1.04324,1.50,1.00
2016.10.12 15:09:21.155,1.04323,1.04324,1.00,1.00
2016.10.12 15:09:21.206,1.04323,1.04324,1.50,1.00
2016.10.12 15:09:21.870,1.04324,1.04325,1.00,1.12
2016.10.12 15:09:21.922,1.04324,1.04325,1.50,1.12
2016.10.12 15:09:22.380,1.04324,1.04325,1.50,1.87
2016.10.12 15:09:22.845,1.04325,1.04326,1.50,1.00
2016.10.12 15:09:22.931,1.04328,1.04329,1.00,3.00
2016.10.12 15:09:23.137,1.04327,1.04328,1.00,1.12
2016.10.12 15:09:23.188,1.04325,1.04328,1.00,1.12
2016.10.12 15:09:23.798,1.04327,1.04328,1.00,2.10
2016.10.12 15:09:23.850,1.04326,1.04327,1.50,1.00
2016.10.12 15:09:23.901,1.04326,1.04327,1.50,1.12
2016.10.12 15:09:24.701,1.04327,1.04328,1.00,1.87
2016.10.12 15:09:24.752,1.04327,1.04328,1.00,1.50
2016.10.12 15:09:24.803,1.04327,1.04328,1.50,1.50
2016.10.12 15:09:24.957,1.04327,1.04328,1.50,1.12
2016.10.12 15:09:25.110,1.04328,1.04329,1.00,1.50
2016.10.12 15:09:25.161,1.04327,1.0433,1.00,2.25
2016.10.12 15:09:25.212,1.04328,1.0433,1.50,1.12
2016.10.12 15:09:25.264,1.0433,1.04332,1.00,4.12
2016.10.12 15:09:25.496,1.04331,1.04332,1.00,2.25
2016.10.12 15:09:25.548,1.04331,1.04332,1.50,2.62
2016.10.12 15:09:25.650,1.04331,1.04332,1.50,1.12
2016.10.12 15:09:26.458,1.04331,1.04333,1.50,3.00
2016.10.12 15:09:26.513,1.04331,1.04333,1.50,2.25
2016.10.12 15:09:27.501,1.04333,1.04335,1.00,5.62
2016.10.12 15:09:27.570,1.04334,1.04336,1.00,5.25
2016.10.12 15:09:27.621,1.04335,1.04336,1.00,1.00
2016.10.12 15:09:27.724,1.04336,1.04338,1.50,1.50
2016.10.12 15:09:27.775,1.04337,1.04338,1.00,1.12
2016.10.12 15:09:27.826,1.04338,1.04339,1.00,2.25
2016.10.12 15:09:27.878,1.04338,1.04339,1.00,1.12
2016.10.12 15:09:27.929,1.04337,1.0434,1.50,4.87
2016.10.12 15:09:27.981,1.04337,1.0434,2.25,3.00
2016.10.12 15:09:28.032,1.04337,1.0434,2.27,3.00
2016.10.12 15:09:28.084,1.0434,1.04341,1.50,1.12
2016.10.12 15:09:28.322,1.0434,1.04341,1.50,1.12
2016.10.12 15:09:28.476,1.04341,1.04343,1.00,4.12
2016.10.12 15:09:28.528,1.04342,1.04343,1.50,2.62
2016.10.12 15:09:28.579,1.04342,1.04343,1.50,1.87
2016.10.12 15:09:28.732,1.04343,1.04344,1.00,1.00
2016.10.12 15:09:28.784,1.04343,1.04345,1.00,1.12
2016.10.12 15:09:28.835,1.04344,1.04346,1.50,2.62
2016.10.12 15:09:28.887,1.04344,1.04346,1.50,1.87
2016.10.12 15:09:29.341,1.04345,1.04346,1.00,1.00
2016.10.12 15:09:29.495,1.04345,1.04346,1.50,1.00
2016.10.12 15:09:29.803,1.04345,1.04347,1.50,1.50
2016.10.12 15:09:29.855,1.04345,1.04347,1.50,2.25
2016.10.12 15:09:30.307,1.04344,1.04347,1.50,1.50
2016.10.12 15:09:30.363,1.04345,1.04347,1.00,1.50
2016.10.12 15:09:30.641,1.04345,1.04347,1.00,1.00
2016.10.12 15:09:30.693,1.04346,1.04348,1.00,1.87
2016.10.12 15:09:30.745,1.04348,1.0435,1.00,4.87
2016.10.12 15:09:30.963,1.04349,1.0435,1.00,3.75
2016.10.12 15:09:31.015,1.04349,1.04351,1.00,1.00
2016.10.12 15:09:31.067,1.04348,1.0435,1.12,1.50
2016.10.12 15:09:31.118,1.04348,1.0435,1.00,1.50
2016.10.12 15:09:31.169,1.04348,1.0435,1.50,1.31
2016.10.12 15:09:31.220,1.0435,1.04351,1.74,1.12
2016.10.12 15:09:31.273,1.04351,1.04352,2.62,1.00
2016.10.12 15:09:31.324,1.04356,1.04358,1.00,18.04
2016.10.12 15:09:31.376,1.04356,1.04357,1.00,1.87
2016.10.12 15:09:31.427,1.04356,1.04357,2.25,1.00
2016.10.12 15:09:31.621,1.04358,1.0436,1.50,4.50
2016.10.12 15:09:31.673,1.04359,1.04361,1.50,2.25
2016.10.12 15:09:31.724,1.04359,1.04361,1.00,4.50
2016.10.12 15:09:31.827,1.04358,1.04359,1.00,1.00
2016.10.12 15:09:31.878,1.04355,1.04357,2.25,1.00
2016.10.12 15:09:31.929,1.04355,1.04356,1.00,1.00
2016.10.12 15:09:32.187,1.04355,1.04356,1.50,1.00
2016.10.12 15:09:32.498,1.04355,1.04356,1.00,1.50
2016.10.12 15:09:32.550,1.04353,1.04356,1.12,1.50
2016.10.12 15:09:32.601,1.04353,1.04356,1.00,1.00
2016.10.12 15:09:32.869,1.04353,1.04356,1.00,1.00
2016.10.12 15:09:33.503,1.04352,1.04354,1.50,1.00
2016.10.12 15:09:33.555,1.04352,1.04354,1.00,1.12
2016.10.12 15:09:33.657,1.04352,1.04354,1.50,1.00
2016.10.12 15:09:33.760,1.04352,1.04355,1.50,2.62
2016.10.12 15:09:33.862,1.04352,1.04355,1.50,1.12
2016.10.12 15:09:33.913,1.04352,1.04355,1.50,1.00
2016.10.12 15:09:34.374,1.04353,1.04357,1.69,1.00
2016.10.12 15:09:34.425,1.04354,1.04359,1.14,1.00
2016.10.12 15:09:34.477,1.04354,1.04359,3.39,1.00
2016.10.12 15:09:34.528,1.0436,1.04361,1.00,2.62
2016.10.12 15:09:34.631,1.04363,1.04364,1.50,3.19
2016.10.12 15:09:34.682,1.04362,1.04364,2.25,1.50
2016.10.12 15:09:34.733,1.04362,1.04365,2.25,1.12
2016.10.12 15:09:34.785,1.04363,1.04365,1.50,1.00
2016.10.12 15:09:34.888,1.04363,1.04366,1.50,2.62
2016.10.12 15:09:34.939,1.04363,1.04365,1.50,1.12
2016.10.12 15:09:35.152,1.04363,1.04366,1.50,3.37
2016.10.12 15:09:35.224,1.04363,1.04365,1.00,1.12
2016.10.12 15:09:35.277,1.04363,1.04365,1.00,1.87
2016.10.12 15:09:35.381,1.04363,1.04364,1.00,1.00
2016.10.12 15:09:35.433,1.04363,1.04366,1.50,2.62
2016.10.12 15:09:35.484,1.04363,1.04365,1.50,1.87
2016.10.12 15:09:36.001,1.04363,1.04365,1.50,1.12
2016.10.12 15:09:36.314,1.04364,1.04365,1.00,1.00
2016.10.12 15:09:36.417,1.04365,1.04367,1.00,1.00
2016.10.12 15:09:36.519,1.04365,1.04367,1.00,1.00
2016.10.12 15:09:36.757,1.04367,1.04368,1.00,2.25
2016.10.12 15:09:36.812,1.04367,1.04369,1.00,3.00
2016.10.12 15:09:36.864,1.04367,1.04369,1.00,1.87
2016.10.12 15:09:36.970,1.04368,1.04369,1.50,1.50
2016.10.12 15:09:37.073,1.04369,1.0437,1.00,1.00
2016.10.12 15:09:37.534,1.04369,1.04371,1.00,2.06
2016.10.12 15:09:37.893,1.04369,1.04371,1.00,1.87
2016.10.12 15:09:38.233,1.04371,1.04372,1.00,1.50
2016.10.12 15:09:38.293,1.04371,1.04373,1.00,1.37
2016.10.12 15:09:38.345,1.04373,1.04375,1.00,4.50
2016.10.12 15:09:38.397,1.04373,1.04375,1.00,1.87
2016.10.12 15:09:38.449,1.04373,1.04375,1.50,1.87
2016.10.12 15:09:38.500,1.04373,1.04375,1.50,1.50
2016.10.12 15:09:38.552,1.04374,1.04375,1.50,1.87
2016.10.12 15:09:38.654,1.04374,1.04376,1.35,3.37
2016.10.12 15:09:38.720,1.04379,1.0438,1.50,1.00
2016.10.12 15:09:38.773,1.04382,1.04384,1.00,15.22
2016.10.12 15:09:39.032,1.04378,1.04379,1.69,1.00
2016.10.12 15:09:39.083,1.04378,1.04379,1.00,3.19
2016.10.12 15:09:39.134,1.04377,1.04378,1.00,1.00
2016.10.12 15:09:39.185,1.04378,1.04379,1.00,3.00
2016.10.12 15:09:39.237,1.04377,1.04379,1.00,2.25
2016.10.12 15:09:39.288,1.04377,1.04379,1.00,1.50
2016.10.12 15:09:39.555,1.04377,1.04379,1.50,1.50
2016.10.12 15:09:39.759,1.04378,1.04379,1.00,1.00
2016.10.12 15:09:39.811,1.04378,1.04379,1.00,1.50
2016.10.12 15:09:40.017,1.04377,1.04379,1.00,1.00
2016.10.12 15:09:40.068,1.04377,1.04379,1.50,3.00
2016.10.12 15:09:40.233,1.04377,1.04379,1.00,3.75
2016.10.12 15:09:40.285,1.04375,1.04379,1.50,2.62
2016.10.12 15:09:40.336,1.04376,1.04378,1.00,1.12
2016.10.12 15:09:40.388,1.04375,1.04377,1.50,1.00
2016.10.12 15:09:40.490,1.04376,1.04378,1.00,3.37
2016.10.12 15:09:40.746,1.04376,1.04378,1.00,2.62
2016.10.12 15:09:40.799,1.04376,1.04378,1.50,2.62
2016.10.12 15:09:40.952,1.04376,1.04378,1.50,3.37
2016.10.12 15:09:41.003,1.04377,1.04378,1.50,2.62
2016.10.12 15:09:41.208,1.04377,1.04378,1.50,1.12
2016.10.12 15:09:41.821,1.04375,1.04378,2.25,1.87
2016.10.12 15:09:41.872,1.04375,1.04378,2.25,1.12
2016.10.12 15:09:41.923,1.04375,1.04378,2.25,1.87
2016.10.12 15:09:42.137,1.04375,1.04378,2.25,1.12
2016.10.12 15:09:42.239,1.04375,1.04378,2.25,1.87
2016.10.12 15:09:42.341,1.04375,1.04378,2.25,1.12
2016.10.12 15:09:42.546,1.04375,1.04378,2.25,1.87
2016.10.12 15:09:42.649,1.04375,1.04378,2.25,1.12
2016.10.12 15:09:43.194,1.04375,1.04377,1.50,1.50
2016.10.12 15:09:43.249,1.04374,1.04376,1.50,1.12
2016.10.12 15:09:43.301,1.04374,1.04376,1.00,1.12
2016.10.12 15:09:43.558,1.04375,1.04377,1.00,4.35
2016.10.12 15:09:43.712,1.04374,1.04376,1.00,1.12
2016.10.12 15:09:43.763,1.04375,1.04376,1.50,1.87
2016.10.12 15:09:43.916,1.04374,1.04376,1.50,2.25
2016.10.12 15:09:44.231,1.04374,1.04376,1.50,3.00
2016.10.12 15:09:44.282,1.04371,1.04372,3.39,2.10
2016.10.12 15:09:44.333,1.04371,1.04372,2.25,1.00
2016.10.12 15:09:44.385,1.0437,1.04373,1.50,2.62
2016.10.12 15:09:44.436,1.0437,1.04373,1.50,3.00
2016.10.12 15:09:44.539,1.04371,1.04373,1.00,2.25
2016.10.12 15:09:44.590,1.04371,1.04373,1.50,1.50
2016.10.12 15:09:44.693,1.04371,1.04372,1.00,1.12
2016.10.12 15:09:44.800,1.0437,1.04372,1.00,1.12
2016.10.12 15:09:45.047,1.04369,1.0437,1.00,1.25
2016.10.12 15:09:45.098,1.04366,1.04367,1.00,2.85
2016.10.12 15:09:45.203,1.04363,1.04366,8.25,1.00
2016.10.12 15:09:45.254,1.04363,1.04366,4.50,1.00
2016.10.12 15:09:45.305,1.04363,1.04366,1.87,1.00
2016.10.12 15:09:45.850,1.04365,1.04368,1.87,1.12
2016.10.12 15:09:45.901,1.04365,1.04367,1.87,1.00
2016.10.12 15:09:46.106,1.04367,1.0437,1.00,2.25
2016.10.12 15:09:46.157,1.04367,1.0437,1.50,1.75
2016.10.12 15:09:46.208,1.04368,1.04371,1.00,1.87
2016.10.12 15:09:46.260,1.04369,1.04371,1.00,1.12
2016.10.12 15:09:46.311,1.04369,1.04371,1.50,1.12
2016.10.12 15:09:46.363,1.04369,1.04371,1.87,1.12
2016.10.12 15:09:46.414,1.0437,1.04371,1.00,1.00
2016.10.12 15:09:47.125,1.04368,1.0437,2.25,1.00
2016.10.12 15:09:47.177,1.04368,1.0437,1.50,1.00
2016.10.12 15:09:47.228,1.04368,1.04369,1.00,1.12
2016.10.12 15:09:48.159,1.04366,1.04368,1.50,1.00
2016.10.12 15:09:48.210,1.04365,1.04367,1.52,1.00
2016.10.12 15:09:48.440,1.04365,1.04367,1.00,1.12
2016.10.12 15:09:48.491,1.04363,1.04366,2.64,1.00
2016.10.12 15:09:48.543,1.04363,1.04366,2.62,1.00
2016.10.12 15:09:48.801,1.04363,1.04365,4.12,1.00
2016.10.12 15:09:49.005,1.04363,1.04365,3.37,1.00
2016.10.12 15:09:49.471,1.04363,1.04364,1.50,1.00
2016.10.12 15:09:49.523,1.04362,1.04364,1.00,1.00
2016.10.12 15:09:49.778,1.04362,1.04365,1.87,1.00
2016.10.12 15:09:50.009,1.04363,1.04365,1.00,1.00
2016.10.12 15:09:50.066,1.04363,1.04366,1.50,1.00
2016.10.12 15:09:50.665,1.04363,1.04365,1.00,1.00
2016.10.12 15:09:50.717,1.04362,1.04364,3.37,1.00
2016.10.12 15:09:50.769,1.04362,1.04364,2.25,1.00
2016.10.12 15:09:50.821,1.04362,1.04364,1.00,1.00
2016.10.12 15:09:51.238,1.04362,1.04364,1.50,1.00
2016.10.12 15:09:51.341,1.04362,1.04363,1.00,1.00
2016.10.12 15:09:51.392,1.0436,1.04362,4.12,1.00
2016.10.12 15:09:51.444,1.0436,1.04362,4.12,1.00
2016.10.12 15:09:51.495,1.0436,1.04363,2.62,1.50
2016.10.12 15:09:51.598,1.0436,1.04363,1.12,1.50
2016.10.12 15:09:51.803,1.04361,1.04363,1.87,1.00
2016.10.12 15:09:51.854,1.04361,1.04364,2.62,1.50
2016.10.12 15:09:51.905,1.04362,1.04364,1.00,1.00
2016.10.12 15:09:52.008,1.04364,1.04366,1.12,1.12
2016.10.12 15:09:52.111,1.04363,1.04365,1.12,1.00
2016.10.12 15:09:52.162,1.04363,1.04365,1.00,1.00
2016.10.12 15:09:52.266,1.04363,1.04365,1.12,1.00
2016.10.12 15:09:53.253,1.04358,1.0436,8.69,1.00
2016.10.12 15:09:53.305,1.04356,1.04358,3.75,1.00
2016.10.12 15:09:53.546,1.0437,1.04372,1.00,4.35
2016.10.12 15:09:53.597,1.04369,1.0437,1.12,1.00
2016.10.12 15:09:53.648,1.04369,1.0437,1.12,1.00
2016.10.12 15:09:54.356,1.04369,1.04371,1.00,1.50
2016.10.12 15:09:54.822,1.04369,1.04371,1.50,1.50
2016.10.12 15:09:55.185,1.04368,1.0437,1.00,1.50
2016.10.12 15:09:55.255,1.04368,1.04369,1.00,3.22
2016.10.12 15:09:55.357,1.04366,1.04368,1.87,2.47
2016.10.12 15:09:55.408,1.04366,1.04368,1.50,2.47
2016.10.12 15:09:55.460,1.04365,1.04366,1.87,1.00
2016.10.12 15:09:55.511,1.04364,1.04365,2.25,1.50
2016.10.12 15:09:55.950,1.04362,1.04365,4.87,1.50
2016.10.12 15:09:56.001,1.04361,1.04364,1.87,1.12
2016.10.12 15:09:56.104,1.04361,1.04364,1.87,1.50
2016.10.12 15:09:57.616,1.04363,1.04364,1.00,1.00
2016.10.12 15:09:57.718,1.04363,1.04364,1.50,1.00
2016.10.12 15:09:57.770,1.04363,1.04365,1.50,1.50
2016.10.12 15:09:59.332,1.04363,1.04365,1.50,1.00
2016.10.12 15:09:59.638,1.04363,1.04365,1.50,1.50
2016.10.12 15:09:59.690,1.04363,1.04365,1.50,1.00
2016.10.12 15:09:59.793,1.04363,1.04366,1.50,3.00
2016.10.12 15:09:59.844,1.04363,1.04365,1.50,1.00
2016.10.12 15:10:00.201,1.04363,1.04365,1.50,1.50
2016.10.12 15:10:00.549,1.04364,1.04365,1.00,2.25
2016.10.12 15:10:00.600,1.04363,1.04364,1.00,1.00
2016.10.12 15:10:00.651,1.04363,1.04364,1.00,1.50
2016.10.12 15:10:00.753,1.04362,1.04364,1.50,1.50
2016.10.12 15:10:00.805,1.04362,1.04364,1.50,1.87
2016.10.12 15:10:00.856,1.04362,1.04364,1.50,2.25
2016.10.12 15:10:00.907,1.04363,1.04365,1.00,3.56
2016.10.12 15:10:00.959,1.04363,1.04365,1.00,2.62
2016.10.12 15:10:01.198,1.04363,1.04365,1.00,2.25
2016.10.12 15:10:01.253,1.04364,1.04365,1.00,2.25
2016.10.12 15:10:01.305,1.04364,1.04365,1.00,1.50
2016.10.12 15:10:01.357,1.04362,1.04365,1.50,1.50
2016.10.12 15:10:01.409,1.04362,1.04365,1.50,1.00
2016.10.12 15:10:01.461,1.04362,1.04365,1.87,1.00
2016.10.12 15:10:02.212,1.04364,1.04369,1.00,1.00
2016.10.12 15:10:02.264,1.04373,1.04374,2.10,1.69
2016.10.12 15:10:02.315,1.04373,1.04374,2.10,1.50
2016.10.12 15:10:02.367,1.04373,1.04374,2.10,1.12
2016.10.12 15:10:02.521,1.04373,1.04375,2.85,1.50
2016.10.12 15:10:02.572,1.04374,1.04375,1.00,1.00
2016.10.12 15:10:02.853,1.04371,1.04374,1.50,3.56
2016.10.12 15:10:02.917,1.04369,1.04372,1.50,2.44
2016.10.12 15:10:02.968,1.04369,1.04371,1.00,1.50
2016.10.12 15:10:03.071,1.0437,1.04371,1.50,2.25
2016.10.12 15:10:03.173,1.04369,1.04371,1.00,1.50
2016.10.12 15:10:03.326,1.04367,1.0437,2.62,1.12
2016.10.12 15:10:03.378,1.04367,1.04369,1.50,1.00
2016.10.12 15:10:03.637,1.04367,1.04368,1.00,1.25
2016.10.12 15:10:03.688,1.04366,1.04368,1.50,1.31
2016.10.12 15:10:03.739,1.04366,1.04368,1.00,1.31
2016.10.12 15:10:03.946,1.04367,1.04369,1.00,2.44
2016.10.12 15:10:03.999,1.04367,1.04369,1.00,1.25
2016.10.12 15:10:04.050,1.04368,1.0437,1.00,2.25
2016.10.12 15:10:04.299,1.04369,1.0437,1.50,1.12
2016.10.12 15:10:04.351,1.04369,1.04371,1.50,1.69
2016.10.12 15:10:04.661,1.0437,1.04371,1.50,1.25
2016.10.12 15:10:04.713,1.0437,1.04371,1.50,1.00
2016.10.12 15:10:04.764,1.0437,1.04371,1.00,1.00
2016.10.12 15:10:04.816,1.04369,1.04372,1.87,2.06
2016.10.12 15:10:04.868,1.04369,1.04372,1.50,2.00
2016.10.12 15:10:05.115,1.04371,1.04372,1.00,1.00
2016.10.12 15:10:05.195,1.0437,1.04373,1.50,1.75
2016.10.12 15:10:05.298,1.04371,1.04372,1.00,1.00
2016.10.12 15:10:05.349,1.04373,1.04375,1.00,2.81
2016.10.12 15:10:05.400,1.04373,1.04375,1.00,1.69
2016.10.12 15:10:05.453,1.04372,1.04374,2.25,1.37
2016.10.12 15:10:05.555,1.04371,1.04374,1.50,1.75
2016.10.12 15:10:05.948,1.04371,1.04376,1.50,1.75
2016.10.12 15:10:06.183,1.04374,1.04376,1.00,1.00
2016.10.12 15:10:06.337,1.04371,1.04375,1.87,1.75
2016.10.12 15:10:06.439,1.04371,1.04375,3.37,1.75
2016.10.12 15:10:06.490,1.04371,1.04374,4.12,1.75
2016.10.12 15:10:06.542,1.04371,1.04374,2.62,1.75
2016.10.12 15:10:06.694,1.0437,1.04372,1.12,2.12
2016.10.12 15:10:06.745,1.04369,1.0437,3.67,1.00
2016.10.12 15:10:06.797,1.04368,1.04371,4.12,1.87
2016.10.12 15:10:06.848,1.04368,1.0437,3.00,1.00
2016.10.12 15:10:07.057,1.04367,1.0437,1.87,1.00
2016.10.12 15:10:07.108,1.04367,1.0437,1.87,1.12
2016.10.12 15:10:07.567,1.04367,1.04369,1.12,1.12
2016.10.12 15:10:07.822,1.04365,1.04368,3.00,1.00
2016.10.12 15:10:07.874,1.04366,1.04369,1.12,2.25
2016.10.12 15:10:08.282,1.04366,1.04368,1.12,1.12
2016.10.12 15:10:08.486,1.04366,1.04368,1.30,1.12
2016.10.12 15:10:08.538,1.04366,1.04368,1.50,1.12
2016.10.12 15:10:08.983,1.04378,1.04381,2.62,1.50
2016.10.12 15:10:09.035,1.0438,1.04382,1.87,4.00
2016.10.12 15:10:09.086,1.04379,1.04382,2.25,1.00
2016.10.12 15:10:09.137,1.04382,1.04383,1.00,3.75
2016.10.12 15:10:09.189,1.04382,1.04385,1.87,2.44
2016.10.12 15:10:09.240,1.04383,1.04384,1.00,1.00
2016.10.12 15:10:09.291,1.04385,1.04386,1.00,1.12
2016.10.12 15:10:09.343,1.04384,1.04386,1.30,1.12
2016.10.12 15:10:09.395,1.04384,1.04386,1.00,1.00
2016.10.12 15:10:09.640,1.04383,1.04385,3.04,3.75
2016.10.12 15:10:09.699,1.04385,1.04386,1.00,3.75
2016.10.12 15:10:09.750,1.04383,1.04386,4.20,3.00
2016.10.12 15:10:09.803,1.04383,1.04386,4.20,3.00
2016.10.12 15:10:09.855,1.04385,1.04387,1.00,1.50
2016.10.12 15:10:09.906,1.04385,1.04388,1.50,1.50
2016.10.12 15:10:09.958,1.04385,1.04387,1.00,2.85
2016.10.12 15:10:10.009,1.04383,1.04385,1.50,1.50
2016.10.12 15:10:10.231,1.04383,1.04384,1.87,1.12
2016.10.12 15:10:10.296,1.04383,1.04385,1.00,1.50
2016.10.12 15:10:10.348,1.04384,1.04386,1.00,2.25
2016.10.12 15:10:10.400,1.04384,1.04385,1.50,1.12
2016.10.12 15:10:10.505,1.04383,1.04386,1.50,1.50
2016.10.12 15:10:11.014,1.04383,1.04386,1.87,1.50
2016.10.12 15:10:11.117,1.04384,1.04385,1.50,1.50
2016.10.12 15:10:11.168,1.04385,1.04386,1.00,1.50
2016.10.12 15:10:11.270,1.04385,1.04386,1.00,1.00
2016.10.12 15:10:11.373,1.04383,1.04387,2.25,1.75
2016.10.12 15:10:11.757,1.04385,1.04387,1.50,1.00
2016.10.12 15:10:12.219,1.04385,1.04387,1.00,1.00
2016.10.12 15:10:12.270,1.04384,1.04386,2.25,1.12
2016.10.12 15:10:12.322,1.04382,1.04383,1.87,1.00
2016.10.12 15:10:12.546,1.04382,1.04383,1.12,1.00
2016.10.12 15:10:12.605,1.04381,1.04384,2.25,1.12
2016.10.12 15:10:13.011,1.04382,1.04383,1.00,3.00
2016.10.12 15:10:13.063,1.04382,1.04383,1.00,2.25
2016.10.12 15:10:13.114,1.04381,1.04382,1.00,1.87
2016.10.12 15:10:13.216,1.04381,1.04382,1.50,1.12
2016.10.12 15:10:13.550,1.04381,1.04382,1.00,1.12
2016.10.12 15:10:13.702,1.0438,1.04382,1.50,1.12
2016.10.12 15:10:14.008,1.0438,1.04382,1.50,1.87
2016.10.12 15:10:14.345,1.04379,1.04382,2.25,1.75
2016.10.12 15:10:15.216,1.0438,1.04381,1.50,1.00
2016.10.12 15:10:16.067,1.04371,1.04372,5.62,1.00
2016.10.12 15:10:16.119,1.04369,1.04372,7.12,1.00
2016.10.12 15:10:16.170,1.04369,1.04372,7.87,1.00
2016.10.12 15:10:16.222,1.04369,1.04372,3.00,1.50
2016.10.12 15:10:16.273,1.04369,1.04372,2.25,1.87
2016.10.12 15:10:16.376,1.04369,1.04372,2.25,1.50
2016.10.12 15:10:16.741,1.04369,1.04372,2.62,1.50
2016.10.12 15:10:16.844,1.04369,1.04372,3.00,1.50
2016.10.12 15:10:16.895,1.04369,1.04372,3.37,1.00
2016.10.12 15:10:16.946,1.0437,1.04372,1.50,1.00
2016.10.12 15:10:17.404,1.0437,1.04372,1.50,1.50
2016.10.12 15:10:17.456,1.0437,1.04372,2.25,1.00
2016.10.12 15:10:17.966,1.04371,1.04372,1.12,1.00
2016.10.12 15:10:18.365,1.0437,1.04372,2.25,1.00
2016.10.12 15:10:18.423,1.0437,1.04372,1.50,1.50
2016.10.12 15:10:18.475,1.0437,1.04372,1.00,1.50
2016.10.12 15:10:18.526,1.04371,1.04372,1.00,1.00
2016.10.12 15:10:18.629,1.0437,1.04372,1.00,1.50
2016.10.12 15:10:18.681,1.0437,1.04372,1.50,1.00
2016.10.12 15:10:19.022,1.04371,1.04373,1.00,1.00
2016.10.12 15:10:19.124,1.04371,1.04373,1.12,1.00
2016.10.12 15:10:19.278,1.04371,1.04373,1.00,1.00
2016.10.12 15:10:21.042,1.04369,1.04371,1.00,1.12
2016.10.12 15:10:21.095,1.04368,1.04371,1.50,1.12
2016.10.12 15:10:21.147,1.04369,1.04372,1.50,2.25
2016.10.12 15:10:21.198,1.04369,1.04372,1.50,1.50
2016.10.12 15:10:21.251,1.04369,1.04372,1.50,1.00
2016.10.12 15:10:21.404,1.04371,1.04373,1.00,1.31
2016.10.12 15:10:21.455,1.04371,1.04373,1.50,1.12
2016.10.12 15:10:21.506,1.04371,1.04373,1.50,1.00
2016.10.12 15:10:21.770,1.04372,1.04374,1.00,1.00
2016.10.12 15:10:22.339,1.04372,1.04373,1.00,1.00
2016.10.12 15:10:22.777,1.0437,1.04373,1.50,1.50
2016.10.12 15:10:22.860,1.04369,1.04371,1.00,1.00
2016.10.12 15:10:23.470,1.0437,1.04371,1.00,1.00
2016.10.12 15:10:23.625,1.04367,1.04369,1.50,1.00
2016.10.12 15:10:23.677,1.04367,1.04369,1.00,1.00
2016.10.12 15:10:23.728,1.04366,1.04368,1.00,1.50
2016.10.12 15:10:23.831,1.04366,1.04367,1.00,1.00
2016.10.12 15:10:23.884,1.04365,1.04368,1.00,1.19
2016.10.12 15:10:24.121,1.04361,1.04365,2.44,1.12
2016.10.12 15:10:24.172,1.04361,1.04365,1.50,1.50
2016.10.12 15:10:24.224,1.04361,1.04364,1.00,1.00
2016.10.12 15:10:24.530,1.04361,1.04363,1.50,1.00
2016.10.12 15:10:24.684,1.04361,1.04363,1.00,1.00
2016.10.12 15:10:24.902,1.04361,1.04363,1.00,2.44
2016.10.12 15:10:24.953,1.04357,1.0436,1.50,2.44
2016.10.12 15:10:25.004,1.04357,1.0436,1.50,7.31
2016.10.12 15:10:25.056,1.04357,1.0436,1.50,7.31
2016.10.12 15:10:25.108,1.04357,1.0436,2.25,5.81
2016.10.12 15:10:25.160,1.04359,1.0436,1.50,4.50
2016.10.12 15:10:25.222,1.04359,1.04361,1.50,1.87
2016.10.12 15:10:25.685,1.04358,1.04361,1.00,2.62
2016.10.12 15:10:25.736,1.04357,1.04359,1.00,1.00
2016.10.12 15:10:25.788,1.04357,1.04359,1.00,1.50
2016.10.12 15:10:26.507,1.04354,1.04356,1.37,1.87
2016.10.12 15:10:26.723,1.04352,1.04353,3.45,1.50
2016.10.12 15:10:26.774,1.04351,1.04352,2.25,1.00
2016.10.12 15:10:26.826,1.04351,1.04352,3.00,1.00
2016.10.12 15:10:26.877,1.04352,1.04354,1.50,1.87
2016.10.12 15:10:26.928,1.04352,1.04354,1.50,1.50
2016.10.12 15:10:27.184,1.0435,1.04352,2.62,1.00
2016.10.12 15:10:27.236,1.0435,1.04351,1.50,1.00
2016.10.12 15:10:27.287,1.04348,1.0435,4.12,1.00
2016.10.12 15:10:27.512,1.04348,1.04349,1.12,5.62
2016.10.12 15:10:27.571,1.04341,1.04343,1.12,1.50
2016.10.12 15:10:27.623,1.0434,1.04343,1.87,1.50
2016.10.12 15:10:27.674,1.0434,1.04343,1.50,1.50
2016.10.12 15:10:27.828,1.0434,1.04342,1.00,1.00
2016.10.12 15:10:27.880,1.0434,1.04342,1.00,1.50
2016.10.12 15:10:27.932,1.0434,1.04342,1.00,1.50
2016.10.12 15:10:29.260,1.04338,1.0434,1.87,4.87
2016.10.12 15:10:29.312,1.04338,1.0434,1.87,4.12
2016.10.12 15:10:29.414,1.04338,1.0434,1.50,4.12
2016.10.12 15:10:29.465,1.04339,1.0434,1.00,3.37
2016.10.12 15:10:29.567,1.04339,1.0434,1.50,3.37
2016.10.12 15:10:30.059,1.0434,1.04341,1.00,1.50
2016.10.12 15:10:30.110,1.0434,1.04342,1.00,2.66
2016.10.12 15:10:30.161,1.0434,1.04341,1.50,1.04
2016.10.12 15:10:30.233,1.0434,1.04342,1.50,3.41
2016.10.12 15:10:30.642,1.0434,1.04342,1.50,3.78
2016.10.12 15:10:31.095,1.04341,1.04342,1.50,1.00
2016.10.12 15:10:31.164,1.04341,1.04343,2.25,1.91
2016.10.12 15:10:31.216,1.04341,1.04343,1.50,1.91
2016.10.12 15:10:31.268,1.04341,1.04343,1.00,3.41
2016.10.12 15:10:31.319,1.0434,1.04341,1.00,1.00
2016.10.12 15:10:31.370,1.0434,1.04341,1.00,1.50
2016.10.12 15:10:31.422,1.04339,1.04341,1.00,2.25
2016.10.12 15:10:31.473,1.04338,1.04341,1.50,3.41
2016.10.12 15:10:31.524,1.04338,1.0434,1.50,1.04
2016.10.12 15:10:31.930,1.04338,1.04341,1.50,4.16
2016.10.12 15:10:31.983,1.04338,1.04341,1.50,3.78
2016.10.12 15:10:32.592,1.04338,1.0434,1.50,1.16
2016.10.12 15:10:33.333,1.04338,1.0434,1.50,1.34
2016.10.12 15:10:33.384,1.04338,1.0434,1.50,2.09
2016.10.12 15:10:33.486,1.04338,1.0434,1.00,2.09
2016.10.12 15:10:34.019,1.04337,1.0434,1.00,2.09
2016.10.12 15:10:34.530,1.04339,1.04341,1.00,3.22
2016.10.12 15:10:34.784,1.04343,1.04344,1.00,4.72
2016.10.12 15:10:34.835,1.04342,1.04345,1.12,3.22
2016.10.12 15:10:34.887,1.04342,1.04345,1.87,3.22
2016.10.12 15:10:34.943,1.04342,1.04345,1.50,3.22
2016.10.12 15:10:35.096,1.04342,1.04345,2.25,3.22
2016.10.12 15:10:35.148,1.04342,1.04345,2.25,1.72
2016.10.12 15:10:35.582,1.04342,1.04345,2.85,1.72
2016.10.12 15:10:35.645,1.04348,1.0435,1.00,6.37
2016.10.12 15:10:35.698,1.04349,1.0435,1.00,1.50
2016.10.12 15:10:35.750,1.04351,1.04353,1.00,5.25
2016.10.12 15:10:35.802,1.04351,1.04352,1.50,1.50
2016.10.12 15:10:35.855,1.04352,1.04354,1.00,1.50
2016.10.12 15:10:36.098,1.04352,1.04354,1.00,1.50
2016.10.12 15:10:36.149,1.04355,1.04357,1.00,2.62
2016.10.12 15:10:36.201,1.04356,1.04357,1.00,1.12
2016.10.12 15:10:36.252,1.04357,1.04358,1.50,1.00
2016.10.12 15:10:36.303,1.04357,1.04359,1.50,1.00
2016.10.12 15:10:36.355,1.04358,1.0436,1.00,1.12
2016.10.12 15:10:36.406,1.04358,1.0436,1.50,1.00
2016.10.12 15:10:36.457,1.04358,1.0436,1.87,1.00
2016.10.12 15:10:36.560,1.0436,1.04363,1.00,2.25
2016.10.12 15:10:36.612,1.04362,1.04365,1.00,3.75
2016.10.12 15:10:36.821,1.04362,1.04365,1.00,3.37
2016.10.12 15:10:36.873,1.04362,1.04365,1.00,2.25
2016.10.12 15:10:37.334,1.04363,1.04364,1.00,1.00
2016.10.12 15:10:38.232,1.04361,1.04364,1.87,1.50
2016.10.12 15:10:38.385,1.04361,1.04364,1.87,1.12
2016.10.12 15:10:38.683,1.04361,1.04364,1.50,1.12
2016.10.12 15:10:39.136,1.04361,1.04363,1.00,1.00
2016.10.12 15:10:39.937,1.04361,1.04364,1.50,1.12
2016.10.12 15:10:39.989,1.04361,1.04362,1.00,1.00
2016.10.12 15:10:40.040,1.0436,1.04362,1.12,1.00
2016.10.12 15:10:40.298,1.0436,1.04363,1.87,1.87
2016.10.12 15:10:40.553,1.04362,1.04363,1.00,1.50
2016.10.12 15:10:40.655,1.04362,1.04364,1.00,1.12
2016.10.12 15:10:40.706,1.04362,1.04364,1.37,1.87
2016.10.12 15:10:40.757,1.04362,1.04365,1.75,2.25
2016.10.12 15:10:40.809,1.04363,1.04365,1.37,1.87
2016.10.12 15:10:40.860,1.04363,1.04364,1.87,1.00
2016.10.12 15:10:40.911,1.04364,1.04365,1.00,1.12
2016.10.12 15:10:40.963,1.04364,1.04366,1.00,1.50
2016.10.12 15:10:41.221,1.04365,1.04367,1.50,1.12
2016.10.12 15:10:41.273,1.04365,1.04367,1.00,1.87
2016.10.12 15:10:41.324,1.04365,1.04367,1.00,1.12
2016.10.12 15:10:42.235,1.04364,1.04365,3.00,1.00
2016.10.12 15:10:42.338,1.04364,1.04365,3.00,1.50
2016.10.12 15:10:43.828,1.04364,1.04365,1.50,1.50
2016.10.12 15:10:44.504,1.04364,1.04365,3.00,1.50
2016.10.12 15:10:45.326,1.04364,1.04365,2.25,1.50
2016.10.12 15:10:45.779,1.04365,1.04366,1.00,1.50
2016.10.12 15:10:46.001,1.04369,1.0437,1.50,3.19
2016.10.12 15:10:46.052,1.04369,1.0437,3.37,1.50
2016.10.12 15:10:46.103,1.04369,1.04371,1.87,1.00
2016.10.12 15:10:46.154,1.04369,1.04371,2.25,1.00
2016.10.12 15:10:46.256,1.0437,1.04372,1.00,1.00
2016.10.12 15:10:46.460,1.04371,1.04372,1.12,1.50
2016.10.12 15:10:46.511,1.04373,1.04374,1.00,1.12
2016.10.12 15:10:46.562,1.04374,1.04375,1.00,1.00
2016.10.12 15:10:46.807,1.04375,1.04376,1.00,1.50
2016.10.12 15:10:46.959,1.04374,1.04375,1.00,1.00
2016.10.12 15:10:47.854,1.04374,1.04375,1.00,1.50
2016.10.12 15:10:47.956,1.04372,1.04374,1.50,1.00
2016.10.12 15:10:48.058,1.04371,1.04373,1.12,1.00
2016.10.12 15:10:48.545,1.04371,1.04373,1.00,1.00
2016.10.12 15:10:48.596,1.04369,1.04371,1.69,1.00
2016.10.12 15:10:48.647,1.04372,1.04374,1.00,1.12
2016.10.12 15:10:49.157,1.04373,1.04374,1.00,1.12
2016.10.12 15:10:49.455,1.04372,1.04373,1.50,1.00
2016.10.12 15:10:49.813,1.04372,1.04373,1.50,1.12
2016.10.12 15:10:49.968,1.04372,1.04373,1.50,1.87
2016.10.12 15:10:50.075,1.0437,1.04373,1.50,2.25
2016.10.12 15:10:50.347,1.04373,1.04374,1.00,3.75
2016.10.12 15:10:50.399,1.04372,1.04374,1.50,2.62
2016.10.12 15:10:50.451,1.04373,1.04374,1.50,1.50
2016.10.12 15:10:50.502,1.04374,1.04376,1.00,1.50
2016.10.12 15:10:50.554,1.04376,1.04377,1.00,1.91
2016.10.12 15:10:50.606,1.04376,1.04377,1.00,2.66
2016.10.12 15:10:50.709,1.04376,1.04377,1.00,1.91
2016.10.12 15:10:50.761,1.04375,1.04376,1.50,1.00
2016.10.12 15:10:52.694,1.04376,1.04377,1.00,1.12
2016.10.12 15:10:53.103,1.04374,1.04375,1.00,1.69
2016.10.12 15:10:53.206,1.04374,1.04375,1.00,2.66
2016.10.12 15:10:53.466,1.0437,1.04372,2.25,1.69
2016.10.12 15:10:53.521,1.04371,1.04374,1.00,1.50
2016.10.12 15:10:53.572,1.0437,1.04374,3.00,1.12
2016.10.12 15:10:53.623,1.0437,1.04375,1.50,1.75
2016.10.12 15:10:53.776,1.04372,1.04375,1.00,1.75
2016.10.12 15:10:53.929,1.04373,1.04374,1.00,1.00
2016.10.12 15:10:54.331,1.04374,1.04375,1.50,2.25
2016.10.12 15:10:54.640,1.04373,1.04375,1.50,2.24
2016.10.12 15:10:55.551,1.04374,1.04375,1.50,1.50
2016.10.12 15:10:57.259,1.04374,1.04376,2.25,2.25
2016.10.12 15:10:57.315,1.04377,1.04378,1.00,3.94
2016.10.12 15:10:57.368,1.04377,1.04378,1.00,3.56
2016.10.12 15:10:57.419,1.04377,1.04378,1.00,3.19
2016.10.12 15:10:58.099,1.04376,1.04378,1.50,1.69
2016.10.12 15:10:59.102,1.04377,1.04378,1.00,1.69
2016.10.12 15:10:59.512,1.04376,1.04378,1.50,1.69
2016.10.12 15:10:59.977,1.04376,1.04378,1.00,1.69
2016.10.12 15:11:00.338,1.04376,1.04378,1.00,1.50
2016.10.12 15:11:00.389,1.04375,1.04376,1.00,1.00
2016.10.12 15:11:00.440,1.04374,1.04376,1.00,1.50
2016.10.12 15:11:00.492,1.04373,1.04376,1.50,1.87
2016.10.12 15:11:01.000,1.04373,1.04375,1.50,1.00
2016.10.12 15:11:01.773,1.04373,1.04374,1.00,1.50
2016.10.12 15:11:01.874,1.04371,1.04374,2.06,1.50
2016.10.12 15:11:02.525,1.04372,1.04374,1.00,1.00
2016.10.12 15:11:02.681,1.04372,1.04374,1.00,1.12
2016.10.12 15:11:03.172,1.04371,1.04372,1.50,1.00
2016.10.12 15:11:03.223,1.04371,1.04373,1.00,1.00
2016.10.12 15:11:03.326,1.0437,1.04372,2.25,1.00
2016.10.12 15:11:03.377,1.04371,1.04372,1.00,1.50
2016.10.12 15:11:03.480,1.0437,1.04372,1.00,1.50
2016.10.12 15:11:03.977,1.04371,1.04372,1.25,1.00
2016.10.12 15:11:04.037,1.04371,1.04373,1.25,1.12
2016.10.12 15:11:04.191,1.04371,1.04372,1.25,1.00
2016.10.12 15:11:04.243,1.04371,1.04372,1.25,1.50
2016.10.12 15:11:04.294,1.04369,1.0437,2.06,1.00
2016.10.12 15:11:04.346,1.04369,1.0437,1.25,1.00
2016.10.12 15:11:04.851,1.04368,1.04369,1.25,1.00
2016.10.12 15:11:06.121,1.04368,1.04369,1.00,1.00
2016.10.12 15:11:06.173,1.04367,1.04368,1.25,1.00
2016.10.12 15:11:06.225,1.04365,1.04367,3.56,1.00
2016.10.12 15:11:06.434,1.04365,1.04367,1.50,1.50
2016.10.12 15:11:06.490,1.04364,1.04366,1.25,1.50
2016.10.12 15:11:06.593,1.04364,1.04365,1.25,1.00
2016.10.12 15:11:06.747,1.04364,1.04365,1.00,1.00
2016.10.12 15:11:07.270,1.04364,1.04365,1.00,1.50
2016.10.12 15:11:07.322,1.04363,1.04365,1.00,1.00
2016.10.12 15:11:07.627,1.04363,1.04364,1.00,1.50
2016.10.12 15:11:08.474,1.04362,1.04364,1.12,1.50
2016.10.12 15:11:08.526,1.04361,1.04364,3.19,1.50
2016.10.12 15:11:08.628,1.04361,1.04363,2.06,1.00
2016.10.12 15:11:08.731,1.04361,1.04363,1.69,1.00
2016.10.12 15:11:09.182,1.04361,1.04363,1.31,1.00
2016.10.12 15:11:09.234,1.04361,1.04363,2.44,1.50
2016.10.12 15:11:09.285,1.04361,1.04363,2.25,1.50
2016.10.12 15:11:09.336,1.04361,1.04363,1.87,1.50
2016.10.12 15:11:09.387,1.04361,1.04363,1.12,1.00
2016.10.12 15:11:09.439,1.04357,1.04359,1.69,1.50
2016.10.12 15:11:09.491,1.04358,1.04359,1.00,1.50
2016.10.12 15:11:09.544,1.04358,1.0436,1.12,1.12
2016.10.12 15:11:09.837,1.04358,1.0436,1.00,1.50
2016.10.12 15:11:09.914,1.04359,1.04361,1.00,1.87
2016.10.12 15:11:09.965,1.04359,1.04361,1.00,1.50
2016.10.12 15:11:10.016,1.04359,1.04361,1.00,1.00
2016.10.12 15:11:10.119,1.04359,1.04361,1.50,1.50
2016.10.12 15:11:10.638,1.04361,1.04362,1.00,1.12
2016.10.12 15:11:10.898,1.04361,1.04362,1.00,1.12
2016.10.12 15:11:10.949,1.04361,1.04363,1.00,1.87
2016.10.12 15:11:11.156,1.04361,1.04363,1.12,1.87
2016.10.12 15:11:11.207,1.04361,1.04362,1.12,1.00
2016.10.12 15:11:11.411,1.04361,1.04362,1.12,1.50
2016.10.12 15:11:11.632,1.0436,1.04361,1.12,1.00
2016.10.12 15:11:11.786,1.0436,1.04361,1.12,1.00
2016.10.12 15:11:13.054,1.0436,1.04361,1.87,1.00
2016.10.12 15:11:13.866,1.0436,1.04361,1.85,1.00
2016.10.12 15:11:14.645,1.04361,1.04362,1.00,1.50
2016.10.12 15:11:15.403,1.0436,1.04362,1.85,1.00
2016.10.12 15:11:15.555,1.0436,1.04361,1.10,1.00
2016.10.12 15:11:16.460,1.0436,1.04361,1.12,1.00
2016.10.12 15:11:16.562,1.04359,1.04361,1.12,1.00
2016.10.12 15:11:16.613,1.0436,1.04363,1.00,1.50
2016.10.12 15:11:16.664,1.04361,1.04364,1.54,1.31
2016.10.12 15:11:16.716,1.04361,1.04363,4.24,1.00
2016.10.12 15:11:16.819,1.04363,1.04364,1.00,5.09
2016.10.12 15:11:16.921,1.04363,1.04364,1.50,5.09
2016.10.12 15:11:16.972,1.04362,1.04364,2.62,5.09
2016.10.12 15:11:17.024,1.04362,1.04364,2.12,5.09
2016.10.12 15:11:17.681,1.04362,1.04364,1.00,4.34
2016.10.12 15:11:17.783,1.04362,1.04364,2.12,4.34
2016.10.12 15:11:18.092,1.04362,1.04364,2.12,5.09
2016.10.12 15:11:18.298,1.04362,1.04364,1.00,5.09
2016.10.12 15:11:18.570,1.0436,1.04364,1.87,6.22
2016.10.12 15:11:18.622,1.0436,1.04361,1.00,1.00
2016.10.12 15:11:19.184,1.0436,1.04362,1.00,1.00
2016.10.12 15:11:19.236,1.0436,1.04362,1.00,1.00
2016.10.12 15:11:19.854,1.0436,1.04361,1.50,1.00
2016.10.12 15:11:19.905,1.0436,1.04361,1.50,1.50
2016.10.12 15:11:19.957,1.0436,1.04361,1.00,1.00
2016.10.12 15:11:20.529,1.0436,1.04362,1.12,1.00
2016.10.12 15:11:21.041,1.04361,1.04364,1.00,6.22
2016.10.12 15:11:21.092,1.04361,1.04364,1.16,4.34
2016.10.12 15:11:21.143,1.04361,1.04364,4.16,5.09
2016.10.12 15:11:21.196,1.0436,1.04362,5.62,1.00
2016.10.12 15:11:21.248,1.0436,1.04362,2.62,1.00
2016.10.12 15:11:21.461,1.0436,1.04361,1.87,1.00
2016.10.12 15:11:21.517,1.04358,1.0436,1.87,1.00
2016.10.12 15:11:22.605,1.04358,1.0436,2.25,1.00
2016.10.12 15:11:22.692,1.04359,1.04361,1.00,1.00
2016.10.12 15:11:22.845,1.0436,1.04361,1.00,1.50
2016.10.12 15:11:23.049,1.04359,1.04361,2.25,1.50
2016.10.12 15:11:23.254,1.04359,1.04361,1.50,1.50
2016.10.12 15:11:24.954,1.04359,1.0436,1.50,1.00
2016.10.12 15:11:25.005,1.04359,1.0436,1.50,1.50
2016.10.12 15:11:25.056,1.04358,1.04359,1.12,1.53
2016.10.12 15:11:25.108,1.04356,1.04358,2.62,1.69
2016.10.12 15:11:25.159,1.04356,1.04358,1.00,1.50
2016.10.12 15:11:25.221,1.04355,1.04357,3.00,1.00
2016.10.12 15:11:25.297,1.04355,1.04356,2.25,1.00
2016.10.12 15:11:25.602,1.04354,1.04355,1.00,1.00
2016.10.12 15:11:25.653,1.04353,1.04355,3.00,1.00
2016.10.12 15:11:25.705,1.04353,1.04355,2.62,1.00
2016.10.12 15:11:26.086,1.04353,1.04355,1.12,1.00
2016.10.12 15:11:26.142,1.04353,1.04356,1.12,1.50
2016.10.12 15:11:26.193,1.04353,1.04355,1.12,1.00
2016.10.12 15:11:26.245,1.04354,1.04355,1.00,2.25
2016.10.12 15:11:26.555,1.04353,1.04355,1.12,1.00
2016.10.12 15:11:26.607,1.04354,1.04356,1.00,1.50
2016.10.12 15:11:26.658,1.04353,1.04356,2.62,1.50
2016.10.12 15:11:26.709,1.04353,1.04356,2.62,1.00
2016.10.12 15:11:26.811,1.04353,1.04357,3.37,6.22
2016.10.12 15:11:26.913,1.04354,1.04356,1.00,1.00
2016.10.12 15:11:26.966,1.04353,1.04357,1.87,6.22
2016.10.12 15:11:27.017,1.04353,1.04356,1.87,1.00
2016.10.12 15:11:27.069,1.04353,1.04356,3.37,1.00
2016.10.12 15:11:27.120,1.04353,1.04355,2.62,1.00
2016.10.12 15:11:27.172,1.04354,1.04355,1.00,1.50
2016.10.12 15:11:27.223,1.04354,1.04355,1.00,1.00
2016.10.12 15:11:27.274,1.04353,1.04356,3.37,1.00
2016.10.12 15:11:27.544,1.04353,1.04357,3.37,6.22
2016.10.12 15:11:27.610,1.04353,1.04355,1.12,1.00
2016.10.12 15:11:27.864,1.04354,1.04355,1.00,1.50
2016.10.12 15:11:28.271,1.04353,1.04356,1.12,2.25
2016.10.12 15:11:28.322,1.04353,1.04356,1.87,1.50
2016.10.12 15:11:28.581,1.04354,1.04355,1.50,1.50
2016.10.12 15:11:28.735,1.04354,1.04355,1.50,1.87
2016.10.12 15:11:29.703,1.04346,1.04348,12.60,1.12
2016.10.12 15:11:29.759,1.04346,1.04349,4.12,6.00
2016.10.12 15:11:29.812,1.04345,1.04347,1.50,1.50
2016.10.12 15:11:29.864,1.04343,1.04344,9.75,1.00
2016.10.12 15:11:29.915,1.04343,1.04344,8.25,1.00
2016.10.12 15:11:29.967,1.04343,1.04344,7.50,1.00
2016.10.12 15:11:30.019,1.04341,1.04344,1.50,1.50
2016.10.12 15:11:30.121,1.04343,1.04345,1.87,1.12
2016.10.12 15:11:30.172,1.04343,1.04345,2.62,1.00
2016.10.12 15:11:30.541,1.04344,1.04346,2.25,1.00
2016.10.12 15:11:30.592,1.04343,1.04346,2.62,1.00
2016.10.12 15:11:30.694,1.04344,1.04346,1.00,1.50
2016.10.12 15:11:30.797,1.04344,1.04346,1.50,1.00
2016.10.12 15:11:30.848,1.04344,1.04346,1.00,1.50
2016.10.12 15:11:30.900,1.04343,1.04346,3.00,1.00
2016.10.12 15:11:31.467,1.04344,1.04346,1.00,1.00
2016.10.12 15:11:31.672,1.04343,1.04346,1.87,1.12
2016.10.12 15:11:32.031,1.04344,1.04347,1.00,2.62
2016.10.12 15:11:32.325,1.04347,1.04348,2.25,1.00
2016.10.12 15:11:32.376,1.04348,1.04349,1.00,1.50
2016.10.12 15:11:32.478,1.04347,1.04348,1.00,1.00
2016.10.12 15:11:32.581,1.04345,1.04347,1.87,1.00
2016.10.12 15:11:32.632,1.04344,1.04347,2.62,1.00
2016.10.12 15:11:32.683,1.04344,1.04347,1.87,1.50
2016.10.12 15:11:32.734,1.04344,1.04346,1.12,1.00
2016.10.12 15:11:33.442,1.04343,1.04346,1.50,2.27
2016.10.12 15:11:33.493,1.04343,1.04346,1.00,1.52
2016.10.12 15:11:33.646,1.04342,1.04344,1.50,1.00
2016.10.12 15:11:33.849,1.04342,1.04343,1.12,1.00
2016.10.12 15:11:34.203,1.04342,1.04343,1.87,1.12
2016.10.12 15:11:34.258,1.04341,1.04344,1.00,2.08
2016.10.12 15:11:34.309,1.04341,1.04343,1.00,1.12
2016.10.12 15:11:34.565,1.04339,1.04342,3.00,1.00
2016.10.12 15:11:34.618,1.04338,1.0434,3.00,1.00
2016.10.12 15:11:34.669,1.04338,1.04339,1.87,1.00
2016.10.12 15:11:34.720,1.04337,1.04338,1.50,1.00
2016.10.12 15:11:34.772,1.04337,1.04338,1.00,1.00
2016.10.12 15:11:35.024,1.04336,1.04338,1.50,1.00
2016.10.12 15:11:35.076,1.04336,1.04338,1.00,1.00
2016.10.12 15:11:35.387,1.04336,1.04338,1.50,1.00
2016.10.12 15:11:35.795,1.04337,1.04339,1.12,1.50
2016.10.12 15:11:35.950,1.04337,1.0434,1.12,2.83
2016.10.12 15:11:36.001,1.04337,1.0434,1.87,1.70
2016.10.12 15:11:36.053,1.04337,1.04339,1.87,1.00
2016.10.12 15:11:36.106,1.04337,1.0434,1.87,1.27
2016.10.12 15:11:36.158,1.04337,1.0434,2.25,1.25
2016.10.12 15:11:36.209,1.04338,1.04341,1.12,2.83
2016.10.12 15:11:36.260,1.04338,1.04341,1.00,2.83
2016.10.12 15:11:36.312,1.04339,1.04341,1.00,4.33
2016.10.12 15:11:36.770,1.04339,1.04341,1.00,2.64
2016.10.12 15:11:36.825,1.04338,1.0434,1.00,1.00
2016.10.12 15:11:36.876,1.04338,1.0434,1.00,1.50
2016.10.12 15:11:37.440,1.04337,1.0434,2.62,1.50
2016.10.12 15:11:37.724,1.04339,1.0434,1.00,1.00
2016.10.12 15:11:37.779,1.04339,1.04341,1.00,1.14
2016.10.12 15:11:37.831,1.04337,1.0434,1.87,1.00
2016.10.12 15:11:37.882,1.04337,1.0434,2.62,1.50
2016.10.12 15:11:38.291,1.04337,1.0434,1.87,1.50
2016.10.12 15:11:38.343,1.04338,1.0434,1.00,1.00
2016.10.12 15:11:38.607,1.04339,1.04341,1.00,1.89
2016.10.12 15:11:38.658,1.04339,1.04341,1.00,1.87
2016.10.12 15:11:38.862,1.04337,1.0434,2.06,1.00
2016.10.12 15:11:38.914,1.04339,1.0434,1.00,1.00
2016.10.12 15:11:39.016,1.04339,1.04341,1.00,1.14
2016.10.12 15:11:39.067,1.04338,1.04341,1.87,1.12
2016.10.12 15:11:39.386,1.04342,1.04343,1.00,2.25
2016.10.12 15:11:39.438,1.04343,1.04345,1.50,1.37
2016.10.12 15:11:39.492,1.04344,1.04345,1.69,1.12
2016.10.12 15:11:39.544,1.04344,1.04346,1.25,1.87
2016.10.12 15:11:39.595,1.04344,1.04346,1.00,1.87
2016.10.12 15:11:39.698,1.04343,1.04346,4.12,1.87
2016.10.12 15:11:40.537,1.04343,1.04346,4.87,1.50
2016.10.12 15:11:40.594,1.04343,1.04346,4.12,1.50
2016.10.12 15:11:40.798,1.04344,1.04346,1.00,1.50
2016.10.12 15:11:40.952,1.04344,1.04346,1.50,1.50
2016.10.12 15:11:41.191,1.04345,1.04346,1.00,1.50
2016.10.12 15:11:41.606,1.04343,1.04346,4.12,1.50
2016.10.12 15:11:41.811,1.04343,1.04346,3.37,1.50
2016.10.12 15:11:42.176,1.04343,1.04346,3.75,1.50
2016.10.12 15:11:42.227,1.04343,1.04346,3.00,1.50
2016.10.12 15:11:42.279,1.04344,1.04346,1.00,1.00
2016.10.12 15:11:42.330,1.04344,1.04347,2.62,1.50
2016.10.12 15:11:42.381,1.04344,1.04347,3.00,1.50
2016.10.12 15:11:42.433,1.04344,1.04347,2.62,1.50
2016.10.12 15:11:42.484,1.04344,1.04347,2.25,1.50
2016.10.12 15:11:42.535,1.04344,1.04347,1.50,1.50
2016.10.12 15:11:43.300,1.04344,1.04347,1.00,2.25
2016.10.12 15:11:43.402,1.04344,1.04346,1.00,1.00
2016.10.12 15:11:43.504,1.04344,1.04346,1.00,1.50
2016.10.12 15:11:44.369,1.04344,1.04346,1.00,2.62
2016.10.12 15:11:44.421,1.04344,1.04345,1.00,1.00
2016.10.12 15:11:44.626,1.04344,1.04345,1.00,1.50
2016.10.12 15:11:44.677,1.04343,1.04345,1.00,1.89
2016.10.12 15:11:44.830,1.04343,1.04345,2.25,1.89
2016.10.12 15:11:45.086,1.04343,1.04345,1.50,1.89
2016.10.12 15:11:45.475,1.04343,1.04345,1.50,2.64
2016.10.12 15:11:46.009,1.04342,1.04345,5.06,1.89
2016.10.12 15:11:46.257,1.04342,1.04345,2.81,1.52
2016.10.12 15:11:46.310,1.04342,1.04345,1.87,1.02
2016.10.12 15:11:47.078,1.04342,1.04344,1.87,1.00
2016.10.12 15:11:47.129,1.04343,1.04344,1.00,1.50
2016.10.12 15:11:47.997,1.04343,1.04344,1.00,1.50
2016.10.12 15:11:48.049,1.04343,1.04345,1.00,1.00
2016.10.12 15:11:48.100,1.04343,1.04345,1.00,1.00
2016.10.12 15:11:48.151,1.04342,1.04345,1.12,1.50
2016.10.12 15:11:48.253,1.04343,1.04345,1.00,2.25
2016.10.12 15:11:48.508,1.04343,1.04345,1.00,1.50
2016.10.12 15:11:49.117,1.04343,1.04345,1.00,1.51
2016.10.12 15:11:49.474,1.04343,1.04345,1.00,2.26
2016.10.12 15:11:49.525,1.04344,1.04345,3.97,1.50
2016.10.12 15:11:49.577,1.04347,1.04349,1.00,8.06
2016.10.12 15:11:49.629,1.04346,1.04348,9.97,3.00
2016.10.12 15:11:49.862,1.04349,1.0435,1.00,2.62
2016.10.12 15:11:49.917,1.04348,1.04349,1.00,1.12
2016.10.12 15:11:50.020,1.04348,1.0435,1.00,1.52
2016.10.12 15:11:50.225,1.04347,1.0435,2.62,1.52
2016.10.12 15:11:50.348,1.04348,1.04349,2.62,1.00
2016.10.12 15:11:50.399,1.04348,1.04349,3.37,1.00
2016.10.12 15:11:50.806,1.04348,1.04349,2.62,1.00
2016.10.12 15:11:50.858,1.04346,1.04349,6.22,1.00
2016.10.12 15:11:50.909,1.0435,1.04351,1.00,8.27
2016.10.12 15:11:50.961,1.0435,1.04351,1.65,3.00
2016.10.12 15:11:51.066,1.0435,1.04352,4.50,1.50
2016.10.12 15:11:51.169,1.0435,1.04352,3.00,1.50
2016.10.12 15:11:51.220,1.04353,1.04354,4.12,1.12
2016.10.12 15:11:51.323,1.04354,1.04356,1.00,3.00
2016.10.12 15:11:51.374,1.04354,1.04356,1.12,2.25
2016.10.12 15:11:51.426,1.04354,1.04356,1.12,1.50
2016.10.12 15:11:51.646,1.04354,1.04356,1.87,1.00
2016.10.12 15:11:51.761,1.04354,1.04356,1.50,1.00
2016.10.12 15:11:52.098,1.04354,1.04357,1.50,2.45
2016.10.12 15:11:52.149,1.04355,1.04357,1.00,1.70
2016.10.12 15:11:52.201,1.04356,1.04357,1.00,1.69
2016.10.12 15:11:52.253,1.04356,1.04358,2.87,1.33
2016.10.12 15:11:52.304,1.04357,1.04358,1.00,1.14
2016.10.12 15:11:52.508,1.04357,1.04358,1.50,1.14
2016.10.12 15:11:52.559,1.04357,1.04359,1.50,2.64
2016.10.12 15:11:52.610,1.04357,1.04358,1.00,1.14
2016.10.12 15:11:52.838,1.04355,1.04356,1.00,1.00
2016.10.12 15:11:52.889,1.04354,1.04356,1.12,5.25
2016.10.12 15:11:52.940,1.04353,1.04355,2.62,1.12
2016.10.12 15:11:53.043,1.04353,1.04356,1.12,5.25
2016.10.12 15:11:53.095,1.04354,1.04356,1.00,5.25
2016.10.12 15:11:53.247,1.04354,1.04356,1.50,4.50
2016.10.12 15:11:53.299,1.04355,1.04356,1.00,5.25
2016.10.12 15:11:53.350,1.04354,1.04356,1.00,4.50
2016.10.12 15:11:53.617,1.04354,1.04356,1.00,1.37
2016.10.12 15:11:53.668,1.04354,1.04357,1.00,5.62
2016.10.12 15:11:54.562,1.04354,1.04356,1.00,1.37
2016.10.12 15:11:54.664,1.04354,1.04356,1.00,1.37
2016.10.12 15:11:54.714,1.04354,1.04356,1.00,1.87
2016.10.12 15:11:55.051,1.04353,1.04355,1.00,1.12
2016.10.12 15:11:55.103,1.04355,1.04356,1.00,1.12
2016.10.12 15:11:55.206,1.04354,1.04356,1.00,1.87
2016.10.12 15:11:55.410,1.04355,1.04356,1.00,1.00
2016.10.12 15:11:55.461,1.04355,1.04357,1.00,3.00
2016.10.12 15:11:55.769,1.04355,1.04357,1.00,2.64
2016.10.12 15:11:56.466,1.04355,1.04357,1.00,1.89
2016.10.12 15:11:57.241,1.04355,1.04356,1.00,1.00
2016.10.12 15:11:57.552,1.04355,1.04356,1.00,1.00
2016.10.12 15:11:57.605,1.04355,1.04357,1.00,1.02
2016.10.12 15:11:58.263,1.04355,1.04357,1.00,1.02
2016.10.12 15:11:58.366,1.04356,1.04357,1.00,1.00
2016.10.12 15:11:58.876,1.04357,1.04359,1.00,5.72
2016.10.12 15:11:59.128,1.04358,1.04359,1.00,2.34
2016.10.12 15:11:59.230,1.04357,1.04358,1.87,1.00
2016.10.12 15:11:59.282,1.04357,1.04358,1.50,1.00
2016.10.12 15:11:59.384,1.04357,1.04358,2.25,1.00
2016.10.12 15:11:59.486,1.04357,1.04358,1.50,1.00
2016.10.12 15:11:59.589,1.04357,1.04358,1.87,1.00
2016.10.12 15:11:59.691,1.04357,1.04358,1.87,2.34
2016.10.12 15:11:59.793,1.04357,1.04358,1.50,2.34
2016.10.12 15:12:00.095,1.04356,1.04358,2.25,1.59
2016.10.12 15:12:00.146,1.04357,1.04358,1.87,2.34
2016.10.12 15:12:00.350,1.04357,1.04358,1.87,1.59
2016.10.12 15:12:00.510,1.04357,1.04358,1.50,1.59
2016.10.12 15:12:00.561,1.04356,1.04357,1.50,1.59
2016.10.12 15:12:00.612,1.04356,1.04358,2.25,1.59
2016.10.12 15:12:00.664,1.04357,1.04359,1.87,1.63
2016.10.12 15:12:00.918,1.04357,1.04359,1.50,1.17
2016.10.12 15:12:01.021,1.04357,1.04359,1.50,1.63
2016.10.12 15:12:01.127,1.04357,1.04359,1.87,1.50
2016.10.12 15:12:01.440,1.04357,1.0436,1.50,1.87
2016.10.12 15:12:01.491,1.04359,1.04361,1.00,1.50
2016.10.12 15:12:01.542,1.04359,1.04362,1.00,3.41
2016.10.12 15:12:01.760,1.04361,1.04363,1.00,4.16
2016.10.12 15:12:01.811,1.04362,1.04363,1.50,1.00
2016.10.12 15:12:01.863,1.04362,1.04364,1.57,1.37
2016.10.12 15:12:01.914,1.04363,1.04365,1.00,1.87
2016.10.12 15:12:01.966,1.04363,1.04364,1.00,1.00
2016.10.12 15:12:02.068,1.04362,1.04364,1.12,1.00
2016.10.12 15:12:02.119,1.04362,1.04364,1.50,1.00
2016.10.12 15:12:02.170,1.04362,1.04364,2.25,1.00
2016.10.12 15:12:02.221,1.04362,1.04364,2.62,1.00
2016.10.12 15:12:02.488,1.04363,1.04364,1.00,1.50
2016.10.12 15:12:02.540,1.04363,1.04364,1.00,1.50
2016.10.12 15:12:02.900,1.04362,1.04364,1.50,1.00
2016.10.12 15:12:03.157,1.04362,1.04363,1.12,1.00
2016.10.12 15:12:03.208,1.0436,1.04361,1.63,1.00
2016.10.12 15:12:03.260,1.04359,1.04362,1.12,2.25
2016.10.12 15:12:03.464,1.04359,1.04361,1.12,1.00
2016.10.12 15:12:04.251,1.04357,1.04361,1.50,1.00
2016.10.12 15:12:04.302,1.04357,1.04361,1.87,1.00
2016.10.12 15:12:04.713,1.04357,1.04361,1.69,1.00
2016.10.12 15:12:04.945,1.04357,1.04361,1.50,1.00
2016.10.12 15:12:05.302,1.04357,1.04361,1.87,1.00
2016.10.12 15:12:05.506,1.04356,1.04358,3.75,1.00
2016.10.12 15:12:05.558,1.04356,1.04358,3.00,1.00
2016.10.12 15:12:05.773,1.04357,1.04359,1.37,1.00
2016.10.12 15:12:05.825,1.04355,1.04357,2.25,1.50
2016.10.12 15:12:05.980,1.04356,1.04358,1.57,1.50
2016.10.12 15:12:06.082,1.04356,1.04358,1.10,1.50
2016.10.12 15:12:06.134,1.04356,1.04358,1.10,1.00
2016.10.12 15:12:06.186,1.04357,1.04358,1.00,1.50
2016.10.12 15:12:06.288,1.04357,1.04359,2.25,1.12
2016.10.12 15:12:06.340,1.04357,1.0436,2.62,1.00
2016.10.12 15:12:06.589,1.04358,1.04361,1.50,2.25
2016.10.12 15:12:06.641,1.04358,1.04361,1.87,2.25
2016.10.12 15:12:06.692,1.04358,1.04361,2.73,2.25
2016.10.12 15:12:06.950,1.04358,1.0436,2.73,1.00
2016.10.12 15:12:07.052,1.04358,1.0436,2.96,1.00
2016.10.12 15:12:07.103,1.04358,1.0436,3.71,1.50
2016.10.12 15:12:07.155,1.04358,1.0436,4.46,1.50
2016.10.12 15:12:07.768,1.04358,1.0436,6.33,1.50
2016.10.12 15:12:07.921,1.04358,1.0436,6.71,1.50
2016.10.12 15:12:08.074,1.04358,1.04361,5.96,1.50
2016.10.12 15:12:08.126,1.04358,1.0436,5.58,1.00
2016.10.12 15:12:08.177,1.04358,1.0436,4.23,1.50
2016.10.12 15:12:09.974,1.04358,1.04361,2.62,1.00
2016.10.12 15:12:10.025,1.04358,1.04361,3.00,1.00
2016.10.12 15:12:10.076,1.04358,1.0436,2.25,1.00
2016.10.12 15:12:10.127,1.04358,1.0436,1.50,1.00
2016.10.12 15:12:10.584,1.04358,1.0436,1.12,1.00
2016.10.12 15:12:10.657,1.04359,1.04362,1.31,1.50
2016.10.12 15:12:10.709,1.04359,1.04362,2.06,1.00
2016.10.12 15:12:11.066,1.04359,1.04361,1.16,1.00
2016.10.12 15:12:11.168,1.04359,1.04361,1.00,1.00
2016.10.12 15:12:11.220,1.04359,1.0436,1.50,1.50
2016.10.12 15:12:11.624,1.04359,1.0436,1.00,1.50
2016.10.12 15:12:12.301,1.04359,1.0436,1.50,1.00
2016.10.12 15:12:12.352,1.04359,1.0436,2.25,1.50
2016.10.12 15:12:12.588,1.0436,1.04361,1.00,1.50
2016.10.12 15:12:12.811,1.04358,1.0436,5.25,1.50
2016.10.12 15:12:12.914,1.04358,1.0436,4.50,1.50
2016.10.12 15:12:13.017,1.04357,1.04359,7.50,1.00
2016.10.12 15:12:13.273,1.04357,1.04358,1.12,1.50
2016.10.12 15:12:13.324,1.04357,1.04358,1.00,1.50
2016.10.12 15:12:13.851,1.04358,1.04359,2.35,1.12
2016.10.12 15:12:13.903,1.04358,1.0436,2.35,3.00
2016.10.12 15:12:14.289,1.04358,1.0436,2.35,3.00
2016.10.12 15:12:14.340,1.04357,1.04359,2.25,1.50
2016.10.12 15:12:14.391,1.04357,1.04358,1.50,1.50
2016.10.12 15:12:14.442,1.04357,1.04358,1.12,1.50
2016.10.12 15:12:14.691,1.04351,1.04352,1.00,1.50
2016.10.12 15:12:14.743,1.04349,1.0435,2.85,1.50
2016.10.12 15:12:14.794,1.04349,1.0435,1.00,1.00
2016.10.12 15:12:14.845,1.04349,1.04351,1.00,1.50
2016.10.12 15:12:15.606,1.04349,1.04351,1.50,1.50
2016.10.12 15:12:15.657,1.04349,1.04351,2.25,1.50
2016.10.12 15:12:15.708,1.04349,1.04351,1.50,1.50
2016.10.12 15:12:16.649,1.04349,1.04351,1.00,1.50
2016.10.12 15:12:17.107,1.04349,1.04351,1.00,1.00
2016.10.12 15:12:17.209,1.04348,1.0435,4.12,1.00
2016.10.12 15:12:17.260,1.04348,1.0435,1.12,1.00
2016.10.12 15:12:17.311,1.04348,1.04349,1.00,1.50
2016.10.12 15:12:18.041,1.04348,1.04349,1.00,1.00
2016.10.12 15:12:18.145,1.04347,1.0435,1.87,1.12
2016.10.12 15:12:18.248,1.04347,1.0435,1.87,1.00
2016.10.12 15:12:19.379,1.04347,1.04349,1.12,1.00
2016.10.12 15:12:19.669,1.04348,1.04349,1.00,1.50
2016.10.12 15:12:22.310,1.04347,1.04349,1.87,1.00
2016.10.12 15:12:22.616,1.04347,1.04349,1.87,2.50
2016.10.12 15:12:22.667,1.04346,1.04347,1.00,1.00
2016.10.12 15:12:22.718,1.04343,1.04345,3.75,1.00
2016.10.12 15:12:22.769,1.04342,1.04344,1.37,2.44
2016.10.12 15:12:23.024,1.04341,1.04342,1.87,1.50
2016.10.12 15:12:23.076,1.04339,1.0434,1.00,1.00
2016.10.12 15:12:23.128,1.04339,1.0434,1.50,1.00
2016.10.12 15:12:23.230,1.04341,1.04342,1.00,1.00
2016.10.12 15:12:23.332,1.04341,1.04342,1.00,1.50
2016.10.12 15:12:23.434,1.0434,1.04341,1.00,1.00
2016.10.12 15:12:24.101,1.04341,1.04342,1.00,2.25
2016.10.12 15:12:24.256,1.0434,1.04341,1.00,1.00
2016.10.12 15:12:24.359,1.04338,1.04341,4.50,1.50
2016.10.12 15:12:24.520,1.04339,1.04341,1.12,1.50
2016.10.12 15:12:24.675,1.04339,1.04341,1.50,1.50
2016.10.12 15:12:24.878,1.04338,1.0434,3.37,1.00
2016.10.12 15:12:24.936,1.04338,1.04339,3.00,1.00
2016.10.12 15:12:25.038,1.04338,1.0434,2.25,1.00
2016.10.12 15:12:25.141,1.04338,1.04341,2.25,1.50
2016.10.12 15:12:25.641,1.04339,1.04342,1.00,2.62
2016.10.12 15:12:25.696,1.04339,1.04341,1.00,1.00
2016.10.12 15:12:25.748,1.04338,1.04342,1.50,1.87
2016.10.12 15:12:25.800,1.04339,1.04343,2.47,2.25
2016.10.12 15:12:25.853,1.04341,1.04344,2.25,1.12
2016.10.12 15:12:25.905,1.04341,1.04345,2.85,11.32
2016.10.12 15:12:25.957,1.04343,1.04345,1.00,5.25
2016.10.12 15:12:26.008,1.04343,1.04345,1.00,1.00
2016.10.12 15:12:26.726,1.04341,1.04343,2.62,1.00
2016.10.12 15:12:26.778,1.0434,1.04341,3.00,1.12
2016.10.12 15:12:27.007,1.04338,1.04339,3.94,1.50
2016.10.12 15:12:27.059,1.04336,1.04338,3.37,1.00
2016.10.12 15:12:27.163,1.04336,1.04338,1.12,1.00
2016.10.12 15:12:27.319,1.04336,1.04339,1.12,1.50
2016.10.12 15:12:27.370,1.04336,1.04339,1.12,2.25
2016.10.12 15:12:27.422,1.04335,1.04337,2.25,1.00
2016.10.12 15:12:27.685,1.04333,1.04334,1.19,1.00
2016.10.12 15:12:28.112,1.04333,1.04335,1.12,1.12
2016.10.12 15:12:28.165,1.04333,1.04335,1.12,1.50
2016.10.12 15:12:28.761,1.0433,1.04332,2.25,1.00
2016.10.12 15:12:28.812,1.0433,1.04332,1.50,1.69
2016.10.12 15:12:28.863,1.04329,1.0433,2.62,1.00
2016.10.12 15:12:28.915,1.04329,1.0433,1.50,1.00
2016.10.12 15:12:29.017,1.04329,1.0433,1.12,1.00
2016.10.12 15:12:29.169,1.04329,1.04331,1.12,1.50
2016.10.12 15:12:29.220,1.0433,1.04332,1.00,1.00
2016.10.12 15:12:29.461,1.04331,1.04333,1.00,1.87
2016.10.12 15:12:29.512,1.04332,1.04334,1.00,2.25
2016.10.12 15:12:29.767,1.04331,1.04333,1.12,1.12
2016.10.12 15:12:29.818,1.0433,1.04333,2.25,1.12
2016.10.12 15:12:29.869,1.04332,1.04333,1.00,1.87
2016.10.12 15:12:30.497,1.04331,1.04332,1.00,1.00
2016.10.12 15:12:30.548,1.0433,1.04332,1.50,1.00
2016.10.12 15:12:30.856,1.0433,1.04332,1.00,1.00
2016.10.12 15:12:32.160,1.0433,1.04333,1.00,1.87
2016.10.12 15:12:32.263,1.04332,1.04333,1.00,2.62
2016.10.12 15:12:32.578,1.04332,1.04333,1.00,1.87
2016.10.12 15:12:33.219,1.04329,1.04332,3.00,2.10
2016.10.12 15:12:33.271,1.04329,1.0433,1.12,1.12
2016.10.12 15:12:33.322,1.04328,1.0433,2.25,1.00
2016.10.12 15:12:33.373,1.04329,1.04331,1.69,1.87
2016.10.12 15:12:33.425,1.04329,1.04331,2.06,1.50
2016.10.12 15:12:33.476,1.04329,1.04332,1.12,1.75
2016.10.12 15:12:33.528,1.0433,1.04331,1.00,1.00
2016.10.12 15:12:33.580,1.0433,1.04331,1.00,2.25
2016.10.12 15:12:33.632,1.04329,1.04331,1.00,3.00
2016.10.12 15:12:33.684,1.04328,1.04329,1.50,1.00
2016.10.12 15:12:33.736,1.04328,1.04329,2.25,1.50
2016.10.12 15:12:33.789,1.04328,1.0433,1.00,2.47
2016.10.12 15:12:34.059,1.04328,1.04329,1.00,1.50
2016.10.12 15:12:34.368,1.04327,1.0433,1.00,1.75
2016.10.12 15:12:35.230,1.04327,1.04329,1.00,1.50
2016.10.12 15:12:35.296,1.04327,1.04329,1.50,1.50
2016.10.12 15:12:36.625,1.04329,1.04331,1.00,2.62
2016.10.12 15:12:36.676,1.04329,1.04331,1.00,1.87
2016.10.12 15:12:36.780,1.04329,1.04331,1.00,1.50
2016.10.12 15:12:36.831,1.04329,1.04331,1.00,1.12
2016.10.12 15:12:36.883,1.0433,1.04332,1.00,2.44
2016.10.12 15:12:36.935,1.0433,1.04331,1.00,1.35
2016.10.12 15:12:37.144,1.04329,1.0433,1.00,1.87
2016.10.12 15:12:37.205,1.04327,1.04328,1.50,1.12
2016.10.12 15:12:37.256,1.04325,1.04326,1.50,1.00
2016.10.12 15:12:37.308,1.04324,1.04326,3.00,1.00
2016.10.12 15:12:37.410,1.04324,1.04325,1.00,1.12
2016.10.12 15:12:37.928,1.04325,1.04326,1.00,1.50
2016.10.12 15:12:38.374,1.04326,1.04328,1.50,3.00
2016.10.12 15:12:38.480,1.04327,1.04328,1.50,1.50
2016.10.12 15:12:38.532,1.04327,1.04328,1.00,1.50
2016.10.12 15:12:38.636,1.04327,1.04328,1.50,1.50
2016.10.12 15:12:38.790,1.04328,1.04329,1.00,2.25
2016.10.12 15:12:39.400,1.04326,1.04328,1.00,1.50
2016.10.12 15:12:39.503,1.04329,1.0433,1.00,1.00
2016.10.12 15:12:39.556,1.04329,1.0433,2.85,2.25
2016.10.12 15:12:39.607,1.04332,1.04333,1.00,11.62
2016.10.12 15:12:39.659,1.04331,1.04333,1.50,11.24
2016.10.12 15:12:39.710,1.04332,1.04334,1.00,1.12
2016.10.12 15:12:39.761,1.04331,1.04333,3.56,1.00
2016.10.12 15:12:39.914,1.04331,1.04333,1.00,1.50
2016.10.12 15:12:40.115,1.04331,1.04332,1.00,1.00
2016.10.12 15:12:40.167,1.04328,1.04329,1.12,1.00
2016.10.12 15:12:40.218,1.04328,1.0433,1.12,2.62
2016.10.12 15:12:40.474,1.04329,1.0433,1.00,1.87
2016.10.12 15:12:40.526,1.04327,1.04329,2.25,1.00
2016.10.12 15:12:40.577,1.04327,1.04329,1.50,1.00
2016.10.12 15:12:40.679,1.04327,1.04329,1.50,1.50
2016.10.12 15:12:40.938,1.04327,1.04329,3.37,1.50
2016.10.12 15:12:40.990,1.04329,1.04331,1.00,3.00
2016.10.12 15:12:41.092,1.04328,1.0433,1.12,1.12
2016.10.12 15:12:41.144,1.04329,1.04331,1.00,1.12
2016.10.12 15:12:41.246,1.04328,1.04331,4.31,1.12
2016.10.12 15:12:41.298,1.04336,1.04341,4.04,10.31
2016.10.12 15:12:41.349,1.04338,1.0434,4.54,4.87
2016.10.12 15:12:41.401,1.0434,1.04341,1.50,1.00
2016.10.12 15:12:41.989,1.04348,1.04349,3.75,1.50
2016.10.12 15:12:42.041,1.04349,1.0435,2.25,1.50
2016.10.12 15:12:42.092,1.04349,1.04351,2.25,1.12
2016.10.12 15:12:42.143,1.04349,1.0435,1.50,1.00
2016.10.12 15:12:42.347,1.0435,1.04351,1.00,1.50
2016.10.12 15:12:42.450,1.0435,1.04352,1.00,3.00
2016.10.12 15:12:42.670,1.0435,1.04352,1.00,2.62
2016.10.12 15:12:42.722,1.04351,1.04353,2.87,3.37
2016.10.12 15:12:42.773,1.04351,1.04352,1.87,1.87
2016.10.12 15:12:42.824,1.04351,1.04352,1.87,1.12
2016.10.12 15:12:42.926,1.04351,1.04352,1.12,1.12
2016.10.12 15:12:43.143,1.04351,1.04352,1.12,1.50
2016.10.12 15:12:43.245,1.04351,1.04352,1.12,1.00
2016.10.12 15:12:43.296,1.04351,1.04352,1.12,1.50
2016.10.12 15:12:43.349,1.0435,1.04352,1.87,1.12
2016.10.12 15:12:43.649,1.04348,1.0435,1.62,1.50
2016.10.12 15:12:43.716,1.04348,1.04349,1.87,1.12
2016.10.12 15:12:43.767,1.04349,1.0435,1.00,1.00
2016.10.12 15:12:43.818,1.04349,1.04351,1.91,1.50
2016.10.12 15:12:43.869,1.0435,1.04352,2.06,1.50
2016.10.12 15:12:43.921,1.0435,1.04351,1.12,1.12
2016.10.12 15:12:43.972,1.04348,1.0435,3.19,1.00
2016.10.12 15:12:44.023,1.04347,1.0435,6.00,1.87
2016.10.12 15:12:44.125,1.04346,1.04349,5.62,1.87
2016.10.12 15:12:44.550,1.04346,1.04349,1.50,4.35
2016.10.12 15:12:44.602,1.04346,1.04348,1.00,2.25
2016.10.12 15:12:45.114,1.04346,1.04347,1.00,1.12
2016.10.12 15:12:45.453,1.04345,1.04347,2.62,1.50
2016.10.12 15:12:45.504,1.04346,1.04347,1.00,1.50
2016.10.12 15:12:45.555,1.04346,1.04348,1.00,3.00
2016.10.12 15:12:45.607,1.04346,1.04348,1.50,2.25
2016.10.12 15:12:45.710,1.04346,1.04348,1.50,3.00
2016.10.12 15:12:45.812,1.04346,1.04348,1.00,3.00
2016.10.12 15:12:45.915,1.04346,1.04347,1.00,1.12
2016.10.12 15:12:46.017,1.04346,1.04347,1.00,1.87
2016.10.12 15:12:46.530,1.04346,1.04347,1.00,1.12
2016.10.12 15:12:46.912,1.04346,1.04348,1.00,2.25
2016.10.12 15:12:46.963,1.04346,1.04347,1.00,2.47
2016.10.12 15:12:47.015,1.04344,1.04345,1.87,2.10
2016.10.12 15:12:47.067,1.04343,1.04345,2.25,3.00
2016.10.12 15:12:47.120,1.04342,1.04343,1.50,2.10
2016.10.12 15:12:47.331,1.04341,1.04343,1.50,2.85
2016.10.12 15:12:47.433,1.04341,1.04343,1.00,3.60
2016.10.12 15:12:48.031,1.04341,1.04342,1.00,2.10
2016.10.12 15:12:48.133,1.0434,1.04342,1.12,2.10
2016.10.12 15:12:48.184,1.04339,1.0434,12.37,2.85
2016.10.12 15:12:48.415,1.04339,1.0434,1.00,1.00
2016.10.12 15:12:48.467,1.04336,1.04339,1.87,1.50
2016.10.12 15:12:48.518,1.04336,1.04339,1.31,2.25
2016.10.12 15:12:48.620,1.04336,1.04339,2.06,2.25
2016.10.12 15:12:48.926,1.04336,1.04339,1.12,2.25
2016.10.12 15:12:49.189,1.04336,1.04339,1.00,3.00
2016.10.12 15:12:49.240,1.04336,1.04339,1.50,3.00
2016.10.12 15:12:49.292,1.04336,1.04338,1.50,1.12
2016.10.12 15:12:49.343,1.04336,1.04338,1.00,1.12
2016.10.12 15:12:49.751,1.04336,1.04338,1.50,1.12
2016.10.12 15:12:50.030,1.04336,1.04338,1.00,1.12
2016.10.12 15:12:50.135,1.04336,1.04337,1.00,2.10
2016.10.12 15:12:50.239,1.04335,1.04337,3.37,2.10
2016.10.12 15:12:50.290,1.04335,1.04337,2.62,2.85
2016.10.12 15:12:50.342,1.04334,1.04336,2.47,1.50
2016.10.12 15:12:50.393,1.04333,1.04334,2.47,3.60
2016.10.12 15:12:50.444,1.04332,1.04334,2.25,1.00
2016.10.12 15:12:50.973,1.04332,1.04333,1.00,1.00
2016.10.12 15:12:51.135,1.04332,1.04333,1.50,1.00
2016.10.12 15:12:51.237,1.04332,1.04333,1.00,1.00
2016.10.12 15:12:51.630,1.04331,1.04333,1.87,1.00
2016.10.12 15:12:52.548,1.04331,1.04334,1.50,1.50
2016.10.12 15:12:53.039,1.04331,1.04334,1.50,2.25
2016.10.12 15:12:54.475,1.04331,1.04334,1.00,3.00
2016.10.12 15:12:54.781,1.04332,1.04334,1.50,2.25
2016.10.12 15:12:54.832,1.04335,1.04336,3.37,1.87
2016.10.12 15:12:54.884,1.04336,1.04337,1.50,2.25
2016.10.12 15:12:54.935,1.04336,1.04337,2.25,2.25
2016.10.12 15:12:54.987,1.04336,1.04337,2.25,1.87
2016.10.12 15:12:55.038,1.04336,1.04338,1.50,1.87
2016.10.12 15:12:55.604,1.04336,1.04338,2.25,1.12
2016.10.12 15:12:55.858,1.04336,1.04338,1.50,1.12
2016.10.12 15:12:56.374,1.04336,1.04338,1.50,1.87
2016.10.12 15:12:56.934,1.04335,1.04337,1.50,1.00
2016.10.12 15:12:56.985,1.04336,1.04337,1.00,1.00
2016.10.12 15:12:57.409,1.04336,1.04337,1.00,1.12
2016.10.12 15:12:57.489,1.04335,1.04337,2.62,1.87
2016.10.12 15:12:57.950,1.04335,1.04337,1.87,1.87
2016.10.12 15:12:58.564,1.04336,1.04337,1.00,1.12
2016.10.12 15:12:58.615,1.04335,1.04337,2.62,1.12
2016.10.12 15:12:58.666,1.04335,1.04338,2.62,2.25
2016.10.12 15:12:58.718,1.04338,1.04339,2.85,1.12
2016.10.12 15:12:58.770,1.0434,1.04341,2.10,1.00
2016.10.12 15:12:58.821,1.0434,1.04343,1.87,2.62
2016.10.12 15:12:58.873,1.04341,1.04343,1.87,1.37
2016.10.12 15:12:59.122,1.04341,1.04345,1.87,2.62
2016.10.12 15:12:59.196,1.04342,1.04345,1.12,1.50
2016.10.12 15:12:59.352,1.04344,1.04345,1.00,1.00
2016.10.12 15:12:59.764,1.04343,1.04346,1.50,1.75
2016.10.12 15:13:00.013,1.04344,1.04345,1.50,1.00
2016.10.12 15:13:01.916,1.04344,1.04345,1.50,1.50
2016.10.12 15:13:02.272,1.04345,1.04346,1.00,1.50
2016.10.12 15:13:02.374,1.04343,1.04346,1.50,1.75
2016.10.12 15:13:02.959,1.04345,1.04346,1.50,1.00
2016.10.12 15:13:03.162,1.04345,1.04346,1.50,2.62
2016.10.12 15:13:03.214,1.04344,1.04346,1.50,3.00
2016.10.12 15:13:03.367,1.04344,1.04346,1.50,1.50
2016.10.12 15:13:04.193,1.04345,1.04346,1.00,1.50
2016.10.12 15:13:04.245,1.04345,1.04346,1.00,2.25
2016.10.12 15:13:04.654,1.04345,1.04346,1.50,2.25
2016.10.12 15:13:05.194,1.04344,1.04346,1.00,2.25
2016.10.12 15:13:05.246,1.0434,1.04342,2.25,2.10
2016.10.12 15:13:05.321,1.0434,1.04342,1.00,2.10
2016.10.12 15:13:05.423,1.04342,1.04343,1.00,1.87
2016.10.12 15:13:05.475,1.04341,1.04342,1.50,1.12
2016.10.12 15:13:05.533,1.04342,1.04343,1.50,1.00
2016.10.12 15:13:05.585,1.04345,1.04347,1.00,11.81
2016.10.12 15:13:05.636,1.04345,1.04347,1.00,9.56
2016.10.12 15:13:05.896,1.04345,1.04348,2.25,1.12
2016.10.12 15:13:06.049,1.04345,1.04348,1.00,1.87
2016.10.12 15:13:06.254,1.04345,1.04348,1.00,1.12
2016.10.12 15:13:06.458,1.04345,1.04348,1.00,1.87
2016.10.12 15:13:06.746,1.04345,1.04348,1.00,1.12
2016.10.12 15:13:06.798,1.04346,1.04348,1.00,1.37
2016.10.12 15:13:06.850,1.04346,1.04349,1.00,1.87
2016.10.12 15:13:06.902,1.04346,1.04349,1.00,1.75
2016.10.12 15:13:07.005,1.04346,1.04349,1.00,1.87
2016.10.12 15:13:07.056,1.04346,1.04348,1.00,1.37
2016.10.12 15:13:07.107,1.04346,1.04348,1.50,1.37
2016.10.12 15:13:07.160,1.04346,1.04349,2.25,1.12
2016.10.12 15:13:07.412,1.04346,1.0435,2.62,3.37
2016.10.12 15:13:07.466,1.04348,1.0435,1.00,1.50
2016.10.12 15:13:07.813,1.04349,1.0435,1.00,1.12
2016.10.12 15:13:07.864,1.04349,1.0435,1.00,1.50
2016.10.12 15:13:07.966,1.04349,1.0435,1.00,1.12
2016.10.12 15:13:08.170,1.04349,1.0435,1.00,1.50
2016.10.12 15:13:08.273,1.04349,1.0435,1.00,1.12
2016.10.12 15:13:09.144,1.04349,1.0435,1.00,1.50
2016.10.12 15:13:09.246,1.04348,1.0435,1.00,2.25
2016.10.12 15:13:10.017,1.04349,1.0435,1.00,1.87
2016.10.12 15:13:10.911,1.0435,1.04352,1.50,1.87
2016.10.12 15:13:10.994,1.04352,1.04354,1.00,3.75
2016.10.12 15:13:11.149,1.0435,1.04352,1.50,1.87
2016.10.12 15:13:11.202,1.0435,1.04352,1.00,2.25
2016.10.12 15:13:11.355,1.0435,1.04353,1.00,2.62
2016.10.12 15:13:11.407,1.0435,1.04353,1.00,2.25
2016.10.12 15:13:11.458,1.0435,1.04353,1.00,1.87
2016.10.12 15:13:11.762,1.04351,1.04353,1.00,3.00
2016.10.12 15:13:11.814,1.04351,1.04353,1.50,2.62
2016.10.12 15:13:11.865,1.04352,1.04353,1.00,1.12
2016.10.12 15:13:11.917,1.04352,1.04353,1.50,1.00
2016.10.12 15:13:12.174,1.04352,1.04354,1.50,3.75
2016.10.12 15:13:12.225,1.04352,1.04354,1.50,3.37
2016.10.12 15:13:12.277,1.04352,1.04354,1.50,1.87
2016.10.12 15:13:12.379,1.04353,1.04355,1.00,3.75
2016.10.12 15:13:12.430,1.04353,1.04355,1.00,3.00
2016.10.12 15:13:12.481,1.04352,1.04356,3.00,2.62
2016.10.12 15:13:12.746,1.04355,1.04356,1.50,2.62
2016.10.12 15:13:12.797,1.04355,1.04356,1.00,2.62
2016.10.12 15:13:12.849,1.04354,1.04355,1.50,1.00
2016.10.12 15:13:13.903,1.04354,1.04356,1.00,3.00
2016.10.12 15:13:14.306,1.04355,1.04356,1.50,1.00
2016.10.12 15:13:14.359,1.04352,1.04354,1.87,1.00
2016.10.12 15:13:14.410,1.04352,1.04355,1.50,2.25
2016.10.12 15:13:14.461,1.0435,1.04351,2.62,1.25
2016.10.12 15:13:14.514,1.04349,1.0435,1.50,1.12
2016.10.12 15:13:14.763,1.04347,1.04348,1.50,1.00
2016.10.12 15:13:15.527,1.04347,1.04349,1.50,2.25
2016.10.12 15:13:15.605,1.04348,1.04349,1.00,1.50
2016.10.12 15:13:15.656,1.04348,1.0435,1.00,4.50
2016.10.12 15:13:15.707,1.04349,1.0435,1.50,3.00
2016.10.12 15:13:15.758,1.04349,1.04351,1.00,4.31
2016.10.12 15:13:15.810,1.0435,1.04351,1.50,1.50
2016.10.12 15:13:15.861,1.0435,1.04351,1.50,1.00
2016.10.12 15:13:15.913,1.0435,1.04352,1.50,2.62
2016.10.12 15:13:16.438,1.0435,1.04352,1.00,3.37
2016.10.12 15:13:16.846,1.0435,1.04352,1.50,2.62
2016.10.12 15:13:17.356,1.04351,1.04353,2.85,3.75
2016.10.12 15:13:17.412,1.04354,1.04355,1.00,12.15
2016.10.12 15:13:17.489,1.04355,1.04356,1.00,1.00
2016.10.12 15:13:17.540,1.04355,1.04357,1.00,6.37
2016.10.12 15:13:17.592,1.04355,1.04357,1.00,2.25
2016.10.12 15:13:17.659,1.04355,1.04357,1.00,1.87
2016.10.12 15:13:17.762,1.04356,1.04357,1.00,1.12
2016.10.12 15:13:18.041,1.04356,1.04358,1.50,2.81
2016.10.12 15:13:18.093,1.04356,1.04358,1.50,2.06
2016.10.12 15:13:18.349,1.04357,1.04358,1.50,1.00
2016.10.12 15:13:18.400,1.04357,1.04359,1.50,3.75
2016.10.12 15:13:18.451,1.04357,1.04359,1.50,3.00
2016.10.12 15:13:18.502,1.04357,1.04359,1.50,1.50
2016.10.12 15:13:18.861,1.04357,1.0436,1.50,1.75
2016.10.12 15:13:19.080,1.04359,1.04361,1.00,2.25
2016.10.12 15:13:19.136,1.04359,1.04361,1.50,1.50
2016.10.12 15:13:19.187,1.04359,1.04362,1.50,3.37
2016.10.12 15:13:19.238,1.0436,1.04362,1.00,1.87
2016.10.12 15:13:19.290,1.04361,1.04362,1.50,1.00
2016.10.12 15:13:19.341,1.04361,1.04364,1.50,3.37
2016.10.12 15:13:19.392,1.04361,1.04364,1.50,2.25
2016.10.12 15:13:19.546,1.04361,1.04364,1.50,3.00
2016.10.12 15:13:19.597,1.04363,1.04364,1.00,2.25
2016.10.12 15:13:19.649,1.04362,1.04365,3.00,3.00
2016.10.12 15:13:19.700,1.04362,1.04365,3.37,1.12
2016.10.12 15:13:19.752,1.04363,1.04365,1.12,1.12
2016.10.12 15:13:19.804,1.04363,1.04365,1.50,1.87
2016.10.12 15:13:19.855,1.04363,1.04365,1.50,1.50
2016.10.12 15:13:20.151,1.04361,1.04364,2.25,1.12
2016.10.12 15:13:20.202,1.04361,1.04364,2.25,1.87
2016.10.12 15:13:20.253,1.04361,1.04364,2.25,2.62
2016.10.12 15:13:20.861,1.04361,1.04364,2.25,1.87
2016.10.12 15:13:20.922,1.04361,1.04364,1.00,2.62
2016.10.12 15:13:20.974,1.04361,1.04363,1.00,1.12
2016.10.12 15:13:21.356,1.0436,1.04361,1.00,1.00
2016.10.12 15:13:21.407,1.04359,1.04361,1.50,1.37
2016.10.12 15:13:21.458,1.0436,1.04361,1.00,1.87
2016.10.12 15:13:21.509,1.0436,1.04361,1.00,1.12
2016.10.12 15:13:21.563,1.04359,1.04361,1.00,2.25
2016.10.12 15:13:21.614,1.04357,1.0436,1.50,2.62
2016.10.12 15:13:21.716,1.04357,1.04359,1.00,1.00
2016.10.12 15:13:21.767,1.04357,1.04359,1.00,1.12
2016.10.12 15:13:22.114,1.04356,1.04359,1.50,1.87
2016.10.12 15:13:22.267,1.04356,1.04359,1.50,2.62
2016.10.12 15:13:22.674,1.04356,1.04359,1.50,1.87
2016.10.12 15:13:23.133,1.04357,1.04359,1.00,1.12
2016.10.12 15:13:23.188,1.04359,1.04361,1.00,2.62
2016.10.12 15:13:23.239,1.04359,1.04362,1.00,1.37
2016.10.12 15:13:23.290,1.04359,1.04362,1.00,1.00
2016.10.12 15:13:23.342,1.0436,1.04363,1.00,4.50
2016.10.12 15:13:23.393,1.0436,1.04363,1.00,3.00
2016.10.12 15:13:23.751,1.0436,1.04363,1.00,2.25
2016.10.12 15:13:24.259,1.0436,1.04363,1.50,1.50
2016.10.12 15:13:24.361,1.04361,1.04364,1.00,3.00
2016.10.12 15:13:24.412,1.04361,1.04364,1.50,3.00
2016.10.12 15:13:24.514,1.04361,1.04364,1.50,2.62
2016.10.12 15:13:24.668,1.04362,1.04364,1.00,1.12
2016.10.12 15:13:24.719,1.04362,1.04364,1.50,1.12
2016.10.12 15:13:25.284,1.04362,1.04365,1.50,2.25
2016.10.12 15:13:25.844,1.04363,1.04365,1.00,1.50
2016.10.12 15:13:25.895,1.04363,1.04365,1.00,2.25
2016.10.12 15:13:25.947,1.04364,1.04365,1.50,1.87
2016.10.12 15:13:25.998,1.04364,1.04366,1.00,1.50
2016.10.12 15:13:26.049,1.04364,1.04366,2.25,1.50
2016.10.12 15:13:26.256,1.04365,1.04367,1.00,1.50
2016.10.12 15:13:26.307,1.04364,1.04367,1.50,1.12
2016.10.12 15:13:26.410,1.04364,1.04366,1.00,1.00
2016.10.12 15:13:26.515,1.04364,1.04366,1.00,1.50
2016.10.12 15:13:26.618,1.04365,1.04366,1.00,1.00
2016.10.12 15:13:26.720,1.04365,1.04367,1.00,1.50
2016.10.12 15:13:26.771,1.04365,1.04367,1.00,1.12
2016.10.12 15:13:27.707,1.04364,1.04367,2.25,1.87
2016.10.12 15:13:28.115,1.04364,1.04367,2.25,1.12
2016.10.12 15:13:28.268,1.04364,1.04367,2.25,1.87
2016.10.12 15:13:28.565,1.04365,1.04367,1.00,1.12
2016.10.12 15:13:28.668,1.04368,1.04369,1.50,1.87
2016.10.12 15:13:28.720,1.04369,1.0437,1.00,1.00
2016.10.12 15:13:28.772,1.0437,1.04372,1.50,1.12
2016.10.12 15:13:28.823,1.0437,1.04372,1.00,2.25
2016.10.12 15:13:28.875,1.0437,1.04372,1.50,1.87
2016.10.12 15:13:28.927,1.04371,1.04372,1.00,1.12
2016.10.12 15:13:28.978,1.04371,1.04372,1.50,1.00
2016.10.12 15:13:29.287,1.04371,1.04373,1.00,1.12
2016.10.12 15:13:29.348,1.0437,1.04373,1.50,1.75
2016.10.12 15:13:29.450,1.0437,1.04373,3.00,1.75
2016.10.12 15:13:29.501,1.04371,1.04373,2.25,1.37
2016.10.12 15:13:29.552,1.04372,1.04373,1.50,1.00
2016.10.12 15:13:29.603,1.04371,1.04374,3.94,1.75
2016.10.12 15:13:29.655,1.04376,1.04377,1.00,2.62
2016.10.12 15:13:29.706,1.04376,1.04379,2.25,6.00
2016.10.12 15:13:29.761,1.04378,1.0438,1.00,8.62
2016.10.12 15:13:29.813,1.04378,1.0438,1.50,3.37
2016.10.12 15:13:30.041,1.04378,1.04382,3.00,1.75
2016.10.12 15:13:30.123,1.04379,1.04381,1.50,1.50
2016.10.12 15:13:30.226,1.04379,1.0438,1.00,1.12
2016.10.12 15:13:30.277,1.04379,1.04381,4.72,1.50
2016.10.12 15:13:30.328,1.0438,1.04382,1.35,2.25
2016.10.12 15:13:30.380,1.04381,1.04382,1.50,2.25
2016.10.12 15:13:30.431,1.04381,1.04382,1.50,1.12
2016.10.12 15:13:30.482,1.04382,1.04383,1.00,1.50
2016.10.12 15:13:30.533,1.04382,1.04385,1.50,2.62
2016.10.12 15:13:30.585,1.04383,1.04385,1.00,2.25
2016.10.12 15:13:31.034,1.04383,1.04384,1.50,1.00
2016.10.12 15:13:31.187,1.04383,1.04385,1.50,1.00
2016.10.12 15:13:31.289,1.04383,1.04385,1.50,1.50
2016.10.12 15:13:31.443,1.04384,1.04385,2.85,1.00
2016.10.12 15:13:31.495,1.04385,1.04386,1.00,1.12
2016.10.12 15:13:31.546,1.04386,1.04387,1.00,1.00
2016.10.12 15:13:31.855,1.04387,1.04389,1.00,1.00
2016.10.12 15:13:32.370,1.04389,1.04391,1.00,3.75
2016.10.12 15:13:32.421,1.04389,1.04391,1.50,2.25
2016.10.12 15:13:32.688,1.0439,1.04391,5.10,1.00
2016.10.12 15:13:32.739,1.0439,1.04392,3.00,1.00
2016.10.12 15:13:32.790,1.04388,1.04392,5.32,1.50
2016.10.12 15:13:32.841,1.04388,1.0439,1.87,1.00
2016.10.12 15:13:32.893,1.04388,1.04391,2.25,1.00
2016.10.12 15:13:32.945,1.04389,1.04391,1.50,1.00
2016.10.12 15:13:33.310,1.04394,1.04395,1.00,1.00
2016.10.12 15:13:33.371,1.04394,1.04397,1.00,2.62
2016.10.12 15:13:33.423,1.04394,1.04397,1.00,2.62
2016.10.12 15:13:33.474,1.04394,1.04397,1.00,1.87
2016.10.12 15:13:33.678,1.04394,1.04395,1.00,1.00
2016.10.12 15:13:34.224,1.04393,1.04395,1.00,1.00
2016.10.12 15:13:34.326,1.04394,1.04395,2.85,1.00
2016.10.12 15:13:34.378,1.04397,1.04398,2.85,3.97
2016.10.12 15:13:34.638,1.04395,1.04397,2.25,1.00
2016.10.12 15:13:34.852,1.04399,1.04401,1.91,1.31
2016.10.12 15:13:34.920,1.04402,1.04404,1.50,1.12
2016.10.12 15:13:34.972,1.04405,1.04406,1.00,4.12
2016.10.12 15:13:35.023,1.04403,1.04405,2.85,1.50
2016.10.12 15:13:35.075,1.04405,1.04406,1.00,5.25
2016.10.12 15:13:35.126,1.04405,1.04406,1.00,1.50
2016.10.12 15:13:35.178,1.04404,1.04406,2.25,1.50
2016.10.12 15:13:35.229,1.04404,1.04406,2.25,1.50
2016.10.12 15:13:35.280,1.04404,1.04405,1.00,2.25
2016.10.12 15:13:35.332,1.04403,1.04404,1.50,1.00
2016.10.12 15:13:35.384,1.04403,1.04404,1.50,2.25
2016.10.12 15:13:35.629,1.04403,1.04404,1.00,1.50
2016.10.12 15:13:35.701,1.04402,1.04403,1.00,1.00
2016.10.12 15:13:35.754,1.04403,1.04405,1.00,1.87
2016.10.12 15:13:35.806,1.04404,1.04405,1.00,1.50
2016.10.12 15:13:35.858,1.04405,1.04406,1.00,1.00
2016.10.12 15:13:35.909,1.04405,1.04407,1.00,2.25
2016.10.12 15:13:35.960,1.04406,1.04407,1.50,1.00
2016.10.12 15:13:36.062,1.04406,1.04408,1.50,1.00
2016.10.12 15:13:36.114,1.04406,1.04409,1.50,2.25
2016.10.12 15:13:36.469,1.04408,1.0441,1.00,4.20
2016.10.12 15:13:36.520,1.04408,1.0441,1.00,3.82
2016.10.12 15:13:36.572,1.04409,1.0441,1.00,1.87
2016.10.12 15:13:36.623,1.04409,1.0441,1.50,1.87
2016.10.12 15:13:36.674,1.04409,1.04411,1.50,2.62
2016.10.12 15:13:36.726,1.04408,1.04409,1.00,1.00
2016.10.12 15:13:36.778,1.04406,1.04409,1.12,1.50
2016.10.12 15:13:37.189,1.04406,1.04409,1.50,1.50
2016.10.12 15:13:37.240,1.04407,1.04409,1.00,1.12
2016.10.12 15:13:37.343,1.04409,1.0441,1.00,1.00
2016.10.12 15:13:37.394,1.04408,1.04411,1.50,1.75
2016.10.12 15:13:37.468,1.04411,1.04413,1.00,3.19
2016.10.12 15:13:37.519,1.04411,1.04413,1.00,2.81
2016.10.12 15:13:37.570,1.04409,1.04412,1.50,1.31
2016.10.12 15:13:37.672,1.04409,1.0441,1.00,1.12
2016.10.12 15:13:37.952,1.04409,1.04414,1.00,2.16
2016.10.12 15:13:38.003,1.04409,1.04416,1.00,1.00
2016.10.12 15:13:38.156,1.04412,1.04416,3.19,1.00
2016.10.12 15:13:38.207,1.04413,1.04416,2.10,1.00
2016.10.12 15:13:38.258,1.04413,1.04417,4.95,1.50
2016.10.12 15:13:38.361,1.04413,1.04417,5.89,1.50
2016.10.12 15:13:38.414,1.04413,1.04417,5.14,1.50
2016.10.12 15:13:38.518,1.04414,1.04417,1.19,1.50
2016.10.12 15:13:38.765,1.04412,1.04413,4.72,1.87
2016.10.12 15:13:38.817,1.04409,1.0441,6.37,1.12
2016.10.12 15:13:38.869,1.04409,1.0441,2.25,2.25
2016.10.12 15:13:38.920,1.04406,1.0441,4.54,3.37
2016.10.12 15:13:38.973,1.04409,1.0441,1.00,1.87
2016.10.12 15:13:39.025,1.04408,1.0441,2.85,1.37
2016.10.12 15:13:39.077,1.04408,1.0441,3.60,1.37
2016.10.12 15:13:39.128,1.04408,1.04411,3.60,1.12
2016.10.12 15:13:39.231,1.0441,1.04412,1.00,2.25
2016.10.12 15:13:39.283,1.04411,1.04412,1.50,2.25
2016.10.12 15:13:39.521,1.04411,1.04412,2.25,1.50
2016.10.12 15:13:39.778,1.04412,1.04413,1.25,1.87
2016.10.12 15:13:39.830,1.04413,1.04414,1.50,1.50
2016.10.12 15:13:39.881,1.04411,1.04413,6.79,1.37
2016.10.12 15:13:39.933,1.04413,1.04415,2.10,1.00
2016.10.12 15:13:39.984,1.04414,1.04415,2.25,1.12
2016.10.12 15:13:40.036,1.04414,1.04418,2.25,1.12
2016.10.12 15:13:40.278,1.04414,1.04419,1.00,1.87
2016.10.12 15:13:40.329,1.04414,1.04419,1.25,1.87
2016.10.12 15:13:40.791,1.04413,1.04417,5.66,1.12
2016.10.12 15:13:40.885,1.04415,1.04416,1.00,1.87
2016.10.12 15:13:40.936,1.04415,1.04416,1.00,2.62
2016.10.12 15:13:41.191,1.04414,1.04416,1.31,2.62
2016.10.12 15:13:41.489,1.04416,1.04417,1.00,1.87
2016.10.12 15:13:41.898,1.04416,1.04417,1.00,1.87
2016.10.12 15:13:41.949,1.04415,1.04417,3.19,1.87
2016.10.12 15:13:42.001,1.04415,1.04417,2.44,2.24
2016.10.12 15:13:42.246,1.04415,1.04416,2.44,2.62
2016.10.12 15:13:42.450,1.04415,1.04416,2.44,3.37
2016.10.12 15:13:42.653,1.04415,1.04416,1.87,2.62
2016.10.12 15:13:42.755,1.04414,1.04416,2.25,2.62
2016.10.12 15:13:43.009,1.04413,1.04414,6.60,1.00
2016.10.12 15:13:43.061,1.04412,1.04414,1.37,1.50
2016.10.12 15:13:43.112,1.04411,1.04413,3.19,1.00
2016.10.12 15:13:43.163,1.0441,1.04411,3.82,1.00
2016.10.12 15:13:43.214,1.04411,1.04413,1.00,2.25
2016.10.12 15:13:43.265,1.04412,1.04413,2.10,2.25
2016.10.12 15:13:43.353,1.04412,1.04413,4.72,2.62
2016.10.12 15:13:43.405,1.04415,1.04417,1.56,1.87
2016.10.12 15:13:43.456,1.04415,1.04417,1.00,1.87
2016.10.12 15:13:43.507,1.04421,1.04422,1.00,2.25
2016.10.12 15:13:43.559,1.0442,1.04421,1.12,1.12
2016.10.12 15:13:43.977,1.0442,1.04421,1.12,1.87
2016.10.12 15:13:44.039,1.04414,1.04416,1.87,1.50
2016.10.12 15:13:44.243,1.04414,1.04416,1.12,1.50
2016.10.12 15:13:44.346,1.04414,1.04416,1.87,1.50
2016.10.12 15:13:44.550,1.04414,1.04416,1.12,1.50
2016.10.12 15:13:44.830,1.04414,1.04416,1.00,1.50
2016.10.12 15:13:44.986,1.04414,1.04416,1.50,1.00
2016.10.12 15:13:45.037,1.04414,1.04417,1.50,1.87
2016.10.12 15:13:45.345,1.04414,1.04417,1.87,1.87
2016.10.12 15:13:45.447,1.04414,1.04417,2.62,1.87
2016.10.12 15:13:45.500,1.04414,1.04417,3.00,1.87
2016.10.12 15:13:45.551,1.04414,1.04417,3.75,1.87
2016.10.12 15:13:46.112,1.04418,1.04419,1.00,3.37
2016.10.12 15:13:46.164,1.04419,1.0442,1.00,2.62
2016.10.12 15:13:46.215,1.04418,1.0442,1.00,2.62
2016.10.12 15:13:46.266,1.04417,1.0442,2.25,2.62
2016.10.12 15:13:46.318,1.04417,1.0442,2.25,2.24
2016.10.12 15:13:46.369,1.04418,1.0442,1.00,2.24
2016.10.12 15:13:46.472,1.04417,1.04419,1.87,1.00
2016.10.12 15:13:46.713,1.04417,1.04418,1.00,1.00
2016.10.12 15:13:46.764,1.04418,1.04419,1.50,1.50
2016.10.12 15:13:46.816,1.04418,1.04419,1.50,2.24
2016.10.12 15:13:46.867,1.04417,1.0442,3.37,2.24
2016.10.12 15:13:46.919,1.04417,1.0442,3.00,2.24
2016.10.12 15:13:46.970,1.04417,1.0442,2.25,1.74
2016.10.12 15:13:47.411,1.04417,1.0442,2.25,1.75
2016.10.12 15:13:47.662,1.04416,1.04419,1.12,3.37
2016.10.12 15:13:47.713,1.04415,1.04417,3.00,1.00
2016.10.12 15:13:47.764,1.04414,1.04417,5.62,1.00
2016.10.12 15:13:47.867,1.04414,1.04417,6.00,1.00
2016.10.12 15:13:47.918,1.04414,1.04417,2.25,1.00
2016.10.12 15:13:48.121,1.04413,1.04415,3.56,1.12
2016.10.12 15:13:48.376,1.04407,1.0441,1.12,3.00
2016.10.12 15:13:48.428,1.04406,1.04409,3.75,1.50
2016.10.12 15:13:48.479,1.04406,1.04408,3.00,1.12
2016.10.12 15:13:48.530,1.04405,1.04407,4.87,1.00
2016.10.12 15:13:48.582,1.04405,1.04406,1.12,1.12
2016.10.12 15:13:48.633,1.04404,1.04406,1.87,1.00
2016.10.12 15:13:48.684,1.04403,1.04405,2.62,1.50
2016.10.12 15:13:48.736,1.04403,1.04405,1.00,1.50
2016.10.12 15:13:48.787,1.04402,1.04405,2.62,2.25
2016.10.12 15:13:48.838,1.04402,1.04405,2.25,2.25
2016.10.12 15:13:49.037,1.04402,1.04405,1.50,2.25
2016.10.12 15:13:49.241,1.04407,1.04413,4.56,27.78
2016.10.12 15:13:49.292,1.0441,1.04411,1.50,6.37
2016.10.12 15:13:49.343,1.04411,1.04413,1.50,7.49
2016.10.12 15:13:49.395,1.04411,1.04413,2.25,4.50
2016.10.12 15:13:49.446,1.04413,1.04414,1.50,1.12
2016.10.12 15:13:49.498,1.04414,1.04415,1.50,1.50
2016.10.12 15:13:49.887,1.04416,1.04417,1.00,2.62
2016.10.12 15:13:49.940,1.04417,1.0442,1.87,3.00
2016.10.12 15:13:50.452,1.04418,1.0442,1.00,2.25
2016.10.12 15:13:50.685,1.0442,1.04421,1.00,2.25
2016.10.12 15:13:50.760,1.0442,1.04421,1.50,1.50
2016.10.12 15:13:50.915,1.04422,1.04423,1.00,2.62
2016.10.12 15:13:50.966,1.04422,1.04423,1.50,1.87
2016.10.12 15:13:51.295,1.04417,1.0442,5.25,1.50
2016.10.12 15:13:51.354,1.04417,1.0442,1.50,1.50
2016.10.12 15:13:51.456,1.04419,1.0442,1.00,1.00
2016.10.12 15:13:51.560,1.04419,1.04421,1.00,1.50
2016.10.12 15:13:51.662,1.04419,1.04421,1.50,1.00
2016.10.12 15:13:52.163,1.04417,1.04419,2.63,1.00
2016.10.12 15:13:52.215,1.04416,1.04418,1.88,1.00
2016.10.12 15:13:52.269,1.04416,1.04417,1.00,1.50
2016.10.12 15:13:52.321,1.04415,1.04417,1.12,2.25
2016.10.12 15:13:52.373,1.04414,1.04417,2.25,2.25
2016.10.12 15:13:52.424,1.04413,1.04415,3.37,1.00
2016.10.12 15:13:52.752,1.04412,1.04415,2.25,2.62
2016.10.12 15:13:53.067,1.04414,1.04416,3.25,3.37
2016.10.12 15:13:53.119,1.04414,1.04416,4.00,2.62
2016.10.12 15:13:53.173,1.04414,1.04416,3.25,1.12
2016.10.12 15:13:53.575,1.04415,1.04416,1.00,1.00
2016.10.12 15:13:53.820,1.04414,1.04417,2.25,1.50
2016.10.12 15:13:54.485,1.04415,1.04416,1.00,1.00
2016.10.12 15:13:54.536,1.04414,1.04416,1.00,1.00
2016.10.12 15:13:54.588,1.04413,1.04416,2.81,1.50
2016.10.12 15:13:54.812,1.04407,1.0441,14.21,4.34
2016.10.12 15:13:54.863,1.044,1.04401,4.50,1.50
2016.10.12 15:13:54.918,1.04399,1.04401,3.37,1.87
2016.10.12 15:13:54.988,1.04396,1.044,4.12,1.50
2016.10.12 15:13:55.039,1.04396,1.04397,4.50,1.00
2016.10.12 15:13:55.090,1.04396,1.04398,1.50,1.00
2016.10.12 15:13:55.193,1.04396,1.04398,1.87,1.00
2016.10.12 15:13:55.412,1.04396,1.04399,1.87,3.00
2016.10.12 15:13:55.617,1.04396,1.04399,1.87,2.25
2016.10.12 15:13:56.279,1.04401,1.04403,1.00,1.62
2016.10.12 15:13:56.331,1.04403,1.04404,1.50,1.50
2016.10.12 15:13:56.382,1.04403,1.04404,1.50,1.12
2016.10.12 15:13:56.486,1.04403,1.04404,1.87,1.00
2016.10.12 15:13:56.538,1.04403,1.04405,1.12,2.25
2016.10.12 15:13:56.589,1.04402,1.04405,3.00,2.25
2016.10.12 15:13:56.845,1.04402,1.04405,3.00,1.50
2016.10.12 15:13:57.317,1.04402,1.04405,3.00,1.50
2016.10.12 15:13:57.572,1.04402,1.04405,2.25,1.50
2016.10.12 15:13:58.100,1.04401,1.04404,5.47,1.00
2016.10.12 15:13:58.152,1.04401,1.04403,3.22,1.00
2016.10.12 15:13:58.205,1.04401,1.04403,2.85,1.00
2016.10.12 15:13:58.259,1.044,1.04403,1.87,1.50
2016.10.12 15:13:58.515,1.044,1.04403,2.62,1.50
2016.10.12 15:13:58.771,1.04402,1.04403,1.00,1.00
2016.10.12 15:13:59.030,1.04407,1.04409,1.69,5.44
2016.10.12 15:13:59.088,1.04408,1.04411,2.81,2.25
2016.10.12 15:13:59.140,1.0441,1.04411,1.00,2.25
2016.10.12 15:13:59.244,1.0441,1.04411,1.00,1.50
2016.10.12 15:13:59.807,1.0441,1.04411,1.50,1.00
2016.10.12 15:14:00.067,1.0441,1.04412,1.00,1.12
2016.10.12 15:14:00.119,1.04411,1.04413,1.12,1.37
2016.10.12 15:14:00.170,1.04412,1.04413,1.00,1.00
2016.10.12 15:14:00.375,1.04412,1.04416,2.25,1.75
2016.10.12 15:14:00.427,1.04413,1.04414,1.69,1.00
2016.10.12 15:14:00.478,1.04413,1.04416,2.44,1.75
2016.10.12 15:14:00.530,1.04413,1.04416,3.19,1.75
2016.10.12 15:14:00.884,1.04413,1.04418,2.25,2.62
2016.10.12 15:14:00.935,1.04414,1.04416,1.12,1.00
2016.10.12 15:14:00.986,1.04414,1.04416,4.31,1.00
2016.10.12 15:14:01.038,1.04414,1.04416,5.06,1.00
2016.10.12 15:14:01.140,1.04414,1.04416,4.12,1.00
2016.10.12 15:14:01.192,1.04414,1.04416,2.99,1.00
2016.10.12 15:14:01.243,1.04414,1.04416,3.59,1.00
2016.10.12 15:14:01.295,1.04414,1.04416,3.22,1.00
2016.10.12 15:14:01.496,1.04414,1.04416,3.10,1.00
2016.10.12 15:14:01.548,1.04414,1.04416,1.00,2.25
2016.10.12 15:14:01.599,1.04413,1.04416,2.62,2.25
2016.10.12 15:14:01.650,1.04413,1.04416,1.87,2.25
2016.10.12 15:14:01.701,1.04413,1.04416,1.50,2.25
2016.10.12 15:14:01.803,1.04413,1.04415,1.00,1.12
2016.10.12 15:14:01.956,1.04413,1.04415,1.00,1.87
2016.10.12 15:14:02.007,1.04413,1.04415,1.00,2.25
2016.10.12 15:14:02.405,1.04413,1.04415,1.00,1.87
2016.10.12 15:14:02.469,1.04413,1.04416,1.50,2.62
2016.10.12 15:14:02.528,1.04413,1.04414,1.00,1.00
2016.10.12 15:14:02.580,1.04413,1.04416,1.00,3.00
2016.10.12 15:14:02.631,1.04413,1.04415,9.06,1.87
2016.10.12 15:14:02.683,1.04414,1.04416,1.12,4.12
2016.10.12 15:14:02.735,1.04414,1.04416,2.87,6.00
2016.10.12 15:14:02.787,1.04412,1.04414,9.00,1.00
2016.10.12 15:14:02.993,1.04414,1.04416,1.87,3.75
2016.10.12 15:14:03.045,1.04414,1.04417,3.56,1.87
2016.10.12 15:14:03.096,1.04414,1.04417,3.81,1.87
2016.10.12 15:14:03.148,1.04414,1.04416,1.87,1.00
2016.10.12 15:14:03.199,1.04413,1.04416,3.37,1.50
2016.10.12 15:14:03.251,1.04413,1.04416,1.12,2.25
2016.10.12 15:14:03.302,1.04413,1.04416,2.25,2.25
2016.10.12 15:14:03.355,1.04413,1.04416,2.47,1.87
2016.10.12 15:14:03.406,1.04413,1.04416,2.47,2.25
2016.10.12 15:14:03.457,1.04413,1.04416,2.47,1.87
2016.10.12 15:14:03.509,1.04413,1.04416,2.47,1.50
2016.10.12 15:14:03.762,1.04413,1.04415,1.50,1.00
2016.10.12 15:14:04.019,1.04413,1.04416,2.25,2.25
2016.10.12 15:14:04.070,1.04413,1.04416,2.85,2.25
2016.10.12 15:14:04.124,1.04413,1.04416,3.22,2.25
2016.10.12 15:14:04.175,1.04413,1.04416,3.22,1.50
2016.10.12 15:14:04.330,1.04413,1.04416,3.22,1.50
2016.10.12 15:14:04.382,1.04413,1.04416,2.50,1.50
2016.10.12 15:14:04.749,1.04413,1.04416,2.87,1.50
2016.10.12 15:14:04.801,1.04413,1.04415,1.87,1.00
2016.10.12 15:14:04.853,1.04413,1.04415,1.12,1.00
2016.10.12 15:14:04.905,1.04411,1.04413,3.71,1.00
2016.10.12 15:14:04.957,1.0441,1.04412,2.25,1.50
2016.10.12 15:14:05.009,1.04408,1.0441,2.63,1.00
2016.10.12 15:14:05.062,1.04409,1.0441,1.00,1.50
2016.10.12 15:14:05.119,1.04408,1.0441,1.00,1.50
2016.10.12 15:14:05.331,1.04408,1.0441,1.00,1.00
2016.10.12 15:14:05.382,1.04406,1.04409,1.88,1.50
2016.10.12 15:14:05.434,1.04406,1.0441,1.13,2.25
2016.10.12 15:14:05.536,1.04406,1.0441,1.00,2.25
2016.10.12 15:14:05.587,1.04406,1.0441,1.50,2.25
2016.10.12 15:14:05.740,1.04406,1.0441,1.50,3.00
2016.10.12 15:14:07.031,1.04406,1.04408,1.00,1.00
2016.10.12 15:14:07.236,1.04404,1.04406,2.06,1.00
2016.10.12 15:14:07.287,1.04403,1.04406,3.37,1.12
2016.10.12 15:14:07.339,1.04403,1.04406,2.25,1.12
2016.10.12 15:14:07.397,1.04404,1.04406,1.00,1.12
2016.10.12 15:14:08.070,1.04404,1.04406,1.00,1.00
2016.10.12 15:14:08.375,1.04404,1.04406,1.00,1.50
2016.10.12 15:14:08.716,1.04406,1.04407,1.12,1.00
2016.10.12 15:14:08.768,1.04408,1.04409,1.50,1.87
2016.10.12 15:14:08.821,1.04409,1.0441,1.00,1.12
2016.10.12 15:14:08.872,1.04409,1.04411,1.50,1.87
2016.10.12 15:14:08.923,1.04409,1.04411,1.50,1.50
2016.10.12 15:14:09.127,1.04409,1.04411,2.25,1.00
2016.10.12 15:14:09.178,1.04409,1.04411,1.50,1.50
2016.10.12 15:14:09.229,1.04409,1.04411,1.00,1.50
2016.10.12 15:14:09.633,1.04408,1.04411,3.75,1.50
2016.10.12 15:14:09.685,1.04408,1.04411,2.62,1.50
2016.10.12 15:14:10.604,1.04408,1.04411,1.87,2.25
2016.10.12 15:14:11.941,1.04408,1.0441,1.12,1.00
2016.10.12 15:14:12.146,1.04407,1.04409,3.37,1.12
2016.10.12 15:14:12.197,1.04407,1.04409,1.50,1.87
2016.10.12 15:14:12.456,1.04407,1.04409,1.87,1.87
2016.10.12 15:14:12.529,1.04405,1.04409,1.75,1.87
2016.10.12 15:14:12.580,1.04407,1.04408,1.12,1.00
2016.10.12 15:14:12.632,1.04408,1.04409,1.00,1.12
2016.10.12 15:14:13.044,1.04427,1.04428,1.12,1.00
2016.10.12 15:14:13.278,1.04433,1.04434,1.00,1.12
2016.10.12 15:14:13.329,1.04432,1.04436,1.75,3.00
2016.10.12 15:14:13.382,1.04432,1.04433,1.50,1.00
2016.10.12 15:14:13.434,1.04433,1.04434,1.00,1.00
2016.10.12 15:14:14.130,1.04431,1.04433,1.50,1.00
2016.10.12 15:14:14.182,1.0443,1.04431,3.75,1.00
2016.10.12 15:14:14.237,1.0443,1.04431,3.00,1.00
2016.10.12 15:14:14.288,1.04427,1.04433,5.25,5.85
2016.10.12 15:14:14.340,1.04429,1.0443,1.00,1.00
2016.10.12 15:14:14.590,1.04429,1.04431,1.00,1.50
2016.10.12 15:14:14.642,1.04428,1.04432,1.75,1.87
2016.10.12 15:14:14.722,1.04428,1.04432,1.75,1.50
2016.10.12 15:14:15.337,1.04426,1.04429,1.50,1.00
2016.10.12 15:14:15.434,1.04426,1.04429,3.37,1.00
2016.10.12 15:14:15.490,1.04426,1.04429,3.00,1.00
2016.10.12 15:14:15.657,1.04426,1.04428,1.50,1.00
2016.10.12 15:14:15.709,1.04424,1.04427,2.00,1.50
2016.10.12 15:14:15.965,1.04424,1.04427,1.31,1.50
2016.10.12 15:14:16.016,1.04424,1.04427,1.25,1.50
2016.10.12 15:14:16.531,1.04424,1.04427,1.69,1.50
2016.10.12 15:14:16.818,1.04424,1.04427,2.44,1.00
2016.10.12 15:14:16.922,1.04424,1.04427,2.81,1.00
2016.10.12 15:14:17.128,1.04423,1.04425,3.56,1.00
2016.10.12 15:14:17.180,1.04424,1.04425,1.00,1.50
2016.10.12 15:14:17.231,1.04423,1.04425,1.50,2.25
2016.10.12 15:14:17.282,1.04424,1.04426,1.00,2.25
2016.10.12 15:14:17.334,1.04424,1.04426,1.50,1.50
2016.10.12 15:14:17.552,1.04424,1.04426,3.37,1.50
2016.10.12 15:14:17.604,1.04424,1.04427,4.12,1.00
2016.10.12 15:14:17.859,1.04424,1.04427,3.75,1.00
2016.10.12 15:14:17.961,1.04424,1.04427,3.00,1.00
2016.10.12 15:14:18.012,1.04426,1.04428,1.00,2.25
2016.10.12 15:14:18.064,1.04426,1.04428,1.00,1.50
2016.10.12 15:14:18.946,1.04426,1.04429,1.00,1.00
2016.10.12 15:14:19.167,1.04426,1.04429,1.12,1.87
2016.10.12 15:14:19.218,1.04424,1.04427,1.50,1.00
2016.10.12 15:14:19.270,1.04424,1.04427,1.12,1.50
2016.10.12 15:14:19.372,1.04424,1.04426,1.00,1.00
2016.10.12 15:14:19.423,1.04423,1.04425,1.12,1.00
2016.10.12 15:14:19.729,1.04423,1.04425,1.00,1.00
2016.10.12 15:14:20.471,1.04422,1.04425,1.12,1.50
2016.10.12 15:14:20.676,1.04421,1.04424,2.62,1.50
2016.10.12 15:14:20.950,1.04421,1.04424,1.00,1.87
2016.10.12 15:14:21.103,1.0442,1.04424,1.87,1.87
2016.10.12 15:14:21.205,1.0442,1.04424,1.50,2.62
2016.10.12 15:14:21.307,1.0442,1.04423,1.00,1.00
2016.10.12 15:14:21.740,1.04419,1.04422,1.87,1.87
2016.10.12 15:14:21.792,1.04419,1.04422,1.00,1.87
2016.10.12 15:14:24.037,1.04419,1.04422,1.12,1.87
2016.10.12 15:14:24.095,1.04419,1.04422,1.00,1.87
2016.10.12 15:14:24.146,1.04421,1.04422,1.00,1.12
2016.10.12 15:14:24.198,1.04422,1.04423,1.87,1.50
2016.10.12 15:14:24.256,1.04423,1.04425,1.00,7.87
2016.10.12 15:14:24.308,1.04423,1.04424,2.21,1.87
2016.10.12 15:14:24.360,1.04425,1.04426,1.87,3.37
2016.10.12 15:14:24.414,1.04427,1.04428,1.87,1.50
2016.10.12 15:14:24.466,1.04429,1.0443,1.00,6.75
2016.10.12 15:14:24.713,1.04429,1.04432,1.00,1.69
2016.10.12 15:14:24.767,1.04428,1.04431,3.37,1.00
2016.10.12 15:14:24.870,1.04427,1.04429,5.25,1.00
2016.10.12 15:14:24.922,1.04426,1.04428,1.50,1.00
2016.10.12 15:14:24.974,1.04425,1.04427,2.25,1.00
2016.10.12 15:14:25.026,1.04424,1.04427,3.37,1.00
2016.10.12 15:14:25.264,1.04424,1.04427,5.47,1.00
2016.10.12 15:14:25.315,1.04424,1.04427,1.50,1.50
2016.10.12 15:14:25.512,1.04424,1.04425,1.12,1.00
2016.10.12 15:14:25.563,1.04423,1.04425,1.00,1.12
2016.10.12 15:14:25.620,1.04423,1.04424,1.00,1.00
2016.10.12 15:14:25.901,1.04424,1.04425,1.00,1.12
2016.10.12 15:14:25.953,1.04425,1.04426,2.85,1.50
2016.10.12 15:14:26.215,1.04425,1.04427,3.10,1.87
2016.10.12 15:14:26.266,1.04425,1.04427,1.00,1.00
2016.10.12 15:14:26.623,1.04425,1.04427,1.35,1.00
2016.10.12 15:14:26.674,1.04425,1.04427,2.85,1.00
2016.10.12 15:14:27.019,1.04424,1.04427,1.00,1.50
2016.10.12 15:14:27.071,1.04423,1.04427,3.97,1.50
2016.10.12 15:14:27.122,1.04423,1.04426,3.22,1.00
2016.10.12 15:14:27.173,1.04423,1.04426,3.22,1.12
2016.10.12 15:14:27.224,1.04423,1.04426,3.22,1.87
2016.10.12 15:14:27.864,1.04423,1.04426,3.22,1.50
2016.10.12 15:14:27.916,1.04424,1.04426,1.00,1.00
2016.10.12 15:14:28.019,1.04424,1.04426,1.00,1.50
2016.10.12 15:14:28.121,1.04424,1.04426,1.00,1.00
2016.10.12 15:14:28.707,1.04423,1.04426,2.85,1.50
2016.10.12 15:14:28.759,1.04423,1.04426,2.85,2.25
2016.10.12 15:14:28.810,1.04423,1.04426,2.85,3.00
2016.10.12 15:14:29.169,1.04423,1.04426,3.60,2.25
2016.10.12 15:14:29.450,1.04435,1.04436,1.02,1.50
2016.10.12 15:14:29.501,1.04438,1.0444,1.50,1.50
2016.10.12 15:14:29.553,1.04438,1.0444,1.50,1.00
2016.10.12 15:14:29.604,1.04438,1.0444,1.50,1.87
2016.10.12 15:14:29.655,1.04438,1.0444,1.50,1.37
2016.10.12 15:14:29.706,1.04438,1.0444,1.50,1.00
2016.10.12 15:14:29.758,1.04438,1.0444,1.00,1.50
2016.10.12 15:14:30.061,1.04437,1.04439,1.00,1.00
2016.10.12 15:14:30.112,1.04436,1.04439,1.50,3.00
2016.10.12 15:14:30.368,1.04436,1.04439,2.25,3.00
2016.10.12 15:14:30.938,1.04439,1.0444,1.00,2.25
2016.10.12 15:14:30.989,1.04439,1.0444,1.00,1.50
2016.10.12 15:14:31.093,1.04439,1.0444,1.12,1.00
2016.10.12 15:14:31.146,1.04439,1.04442,1.54,4.50
2016.10.12 15:14:31.684,1.04438,1.04441,3.79,2.25
2016.10.12 15:14:31.735,1.04438,1.0444,3.79,1.12
2016.10.12 15:14:31.889,1.04438,1.0444,3.79,1.12
2016.10.12 15:14:32.042,1.04439,1.04442,1.12,3.00
2016.10.12 15:14:32.320,1.04439,1.04441,1.87,1.50
2016.10.12 15:14:32.706,1.04439,1.04442,1.87,3.45
2016.10.12 15:14:32.757,1.04439,1.04442,3.00,2.70
2016.10.12 15:14:32.808,1.04442,1.04443,1.50,1.00
2016.10.12 15:14:33.055,1.04443,1.04445,1.00,7.50
2016.10.12 15:14:33.107,1.04441,1.04443,1.50,1.12
2016.10.12 15:14:33.158,1.04441,1.04443,1.50,2.99
2016.10.12 15:14:33.210,1.04441,1.04443,3.60,2.99
2016.10.12 15:14:33.264,1.04443,1.04444,1.50,1.00
2016.10.12 15:14:33.315,1.04443,1.04444,1.50,1.00
2016.10.12 15:14:33.418,1.04441,1.04444,3.60,1.50
2016.10.12 15:14:33.520,1.04441,1.04444,2.85,1.50
2016.10.12 15:14:34.112,1.04441,1.04444,1.12,1.50
2016.10.12 15:14:34.164,1.04443,1.04444,1.00,2.25
2016.10.12 15:14:34.368,1.0444,1.04444,2.25,3.00
2016.10.12 15:14:35.028,1.0444,1.04444,2.25,1.50
2016.10.12 15:14:35.130,1.0444,1.04442,2.25,1.50
2016.10.12 15:14:35.181,1.04442,1.04443,1.00,1.50
2016.10.12 15:14:35.233,1.04442,1.04443,1.00,1.50
2016.10.12 15:14:35.336,1.04442,1.04443,1.50,1.00
2016.10.12 15:14:35.591,1.04443,1.04444,1.00,1.00
2016.10.12 15:14:35.642,1.04442,1.04443,1.00,1.50
2016.10.12 15:14:35.770,1.04441,1.04444,1.00,1.00
2016.10.12 15:14:35.923,1.04444,1.04445,1.00,1.87
2016.10.12 15:14:35.974,1.04443,1.04444,1.00,1.00
2016.10.12 15:14:36.210,1.04443,1.04446,1.00,2.25
2016.10.12 15:14:36.262,1.04443,1.04445,1.00,1.12
2016.10.12 15:14:36.364,1.04443,1.04444,1.00,1.00
2016.10.12 15:14:36.936,1.04442,1.04444,1.00,1.50
2016.10.12 15:14:36.987,1.04444,1.04447,3.60,2.85
2016.10.12 15:14:37.039,1.04444,1.04445,1.00,1.00
2016.10.12 15:14:37.090,1.04444,1.04446,1.00,1.00
2016.10.12 15:14:37.142,1.04444,1.04446,1.00,1.50
2016.10.12 15:14:37.195,1.04443,1.04446,1.50,2.62
2016.10.12 15:14:37.301,1.04443,1.04445,1.00,1.87
2016.10.12 15:14:37.550,1.04442,1.04445,1.50,1.87
2016.10.12 15:14:37.601,1.04441,1.04445,1.50,3.37
2016.10.12 15:14:38.394,1.04444,1.04445,1.00,2.62
2016.10.12 15:14:38.466,1.04447,1.04448,1.00,4.50
2016.10.12 15:14:38.517,1.04447,1.04449,1.00,1.87
2016.10.12 15:14:38.568,1.04447,1.0445,1.00,3.00
2016.10.12 15:14:38.619,1.04447,1.0445,1.00,2.62
2016.10.12 15:14:38.670,1.04447,1.0445,1.00,3.75
2016.10.12 15:14:39.062,1.04447,1.04449,1.00,1.12
2016.10.12 15:14:39.113,1.04446,1.04448,3.60,1.00
2016.10.12 15:14:39.215,1.04446,1.04447,2.85,1.12
2016.10.12 15:14:39.266,1.04442,1.04445,1.12,2.25
2016.10.12 15:14:39.317,1.04442,1.04444,1.12,1.00
2016.10.12 15:14:39.368,1.04442,1.04443,1.12,1.00
2016.10.12 15:14:39.420,1.04443,1.04444,1.00,1.00
2016.10.12 15:14:39.472,1.04443,1.04444,2.85,1.00
2016.10.12 15:14:39.524,1.04446,1.04447,2.85,2.25
2016.10.12 15:14:39.737,1.04448,1.04449,3.67,9.00
2016.10.12 15:14:39.788,1.04452,1.04453,1.00,2.25
2016.10.12 15:14:39.839,1.04451,1.04453,3.60,1.87
2016.10.12 15:14:39.993,1.04451,1.04453,3.60,1.37
2016.10.12 15:14:40.044,1.04451,1.04454,3.04,4.12
2016.10.12 15:14:40.095,1.04451,1.04454,4.16,3.37
2016.10.12 15:14:40.147,1.04453,1.04454,2.44,2.25
2016.10.12 15:14:40.558,1.04454,1.04455,1.00,1.87
2016.10.12 15:14:40.610,1.04454,1.04457,1.87,1.75
2016.10.12 15:14:40.712,1.04454,1.04457,1.50,1.75
2016.10.12 15:14:40.764,1.04455,1.04456,1.00,1.00
2016.10.12 15:14:40.918,1.04455,1.04457,1.12,1.37
2016.10.12 15:14:40.969,1.04456,1.04457,1.00,1.50
2016.10.12 15:14:41.240,1.04453,1.04455,1.87,1.00
2016.10.12 15:14:41.342,1.04453,1.04455,1.50,1.12
2016.10.12 15:14:41.394,1.04453,1.04454,1.00,1.12
2016.10.12 15:14:41.496,1.04453,1.04456,3.60,1.75
2016.10.12 15:14:41.547,1.04453,1.04454,2.85,1.12
2016.10.12 15:14:41.598,1.04453,1.04454,1.00,1.12
2016.10.12 15:14:41.649,1.04451,1.04454,1.12,2.62
2016.10.12 15:14:41.701,1.04452,1.04454,1.00,1.12
2016.10.12 15:14:41.752,1.04449,1.04451,1.87,1.00
2016.10.12 15:14:41.803,1.04449,1.0445,1.50,1.50
2016.10.12 15:14:42.003,1.04444,1.04447,17.25,2.25
2016.10.12 15:14:42.054,1.04442,1.04443,3.37,1.25
2016.10.12 15:14:42.106,1.0444,1.04443,1.75,3.56
2016.10.12 15:14:42.208,1.0444,1.04441,1.00,2.06
2016.10.12 15:14:42.259,1.04436,1.04438,5.25,1.00
2016.10.12 15:14:42.310,1.04436,1.04438,3.75,1.00
2016.10.12 15:14:42.361,1.04436,1.04437,1.12,1.00
2016.10.12 15:14:42.413,1.04436,1.04437,1.00,1.00
2016.10.12 15:14:42.464,1.04434,1.04437,3.00,1.00
2016.10.12 15:14:42.515,1.04434,1.04436,1.12,1.00
2016.10.12 15:14:42.754,1.04433,1.04436,4.38,1.50
2016.10.12 15:14:42.805,1.04433,1.04436,3.26,1.50
2016.10.12 15:14:42.958,1.04433,1.04436,3.22,1.50
2016.10.12 15:14:43.061,1.04433,1.04436,3.97,1.50
2016.10.12 15:14:43.216,1.04434,1.04436,1.00,1.00
2016.10.12 15:14:43.319,1.04435,1.04438,1.50,1.12
2016.10.12 15:14:43.423,1.04435,1.04438,1.87,1.12
2016.10.12 15:14:43.675,1.04435,1.04438,1.87,1.87
2016.10.12 15:14:44.180,1.04435,1.04438,1.87,1.50
2016.10.12 15:14:44.232,1.04435,1.04438,3.00,1.50
2016.10.12 15:14:44.552,1.04436,1.04439,1.37,2.25
2016.10.12 15:14:44.628,1.04436,1.04437,1.50,1.00
2016.10.12 15:14:44.781,1.04435,1.04437,1.12,1.50
2016.10.12 15:14:44.833,1.04435,1.04437,1.50,1.50
2016.10.12 15:14:44.934,1.04435,1.04437,2.25,1.00
2016.10.12 15:14:44.985,1.04435,1.04438,2.25,2.25
2016.10.12 15:14:45.037,1.04434,1.04436,2.25,1.00
2016.10.12 15:14:45.283,1.04435,1.04436,1.12,1.00
2016.10.12 15:14:45.335,1.04433,1.04437,4.35,2.25
2016.10.12 15:14:45.437,1.04433,1.04437,3.60,2.25
2016.10.12 15:14:45.646,1.04433,1.04437,3.97,2.25
2016.10.12 15:14:45.702,1.04435,1.04437,1.00,1.50
2016.10.12 15:14:45.754,1.04433,1.04436,3.97,1.00
2016.10.12 15:14:46.111,1.04434,1.04436,1.00,1.00
2016.10.12 15:14:46.243,1.04434,1.04436,1.00,1.00
2016.10.12 15:14:46.294,1.04434,1.04437,1.50,1.50
2016.10.12 15:14:46.346,1.04436,1.04437,1.00,1.50
2016.10.12 15:14:46.397,1.04436,1.04437,1.12,1.00
2016.10.12 15:14:46.449,1.04436,1.04438,1.00,1.00
2016.10.12 15:14:46.500,1.04437,1.04438,1.00,1.00
2016.10.12 15:14:47.017,1.04435,1.04436,1.87,1.50
2016.10.12 15:14:48.042,1.04436,1.04437,3.22,1.50
2016.10.12 15:14:48.094,1.04436,1.04437,1.12,1.50
2016.10.12 15:14:48.145,1.04435,1.04436,1.87,1.00
2016.10.12 15:14:48.197,1.04435,1.04436,1.87,1.50
2016.10.12 15:14:48.653,1.04436,1.04437,1.12,1.50
2016.10.12 15:14:48.710,1.04434,1.04437,1.75,1.50
2016.10.12 15:14:48.967,1.04434,1.04435,1.00,1.50
2016.10.12 15:14:49.480,1.04435,1.04438,1.75,1.50
2016.10.12 15:14:49.634,1.04434,1.04435,2.62,1.00
2016.10.12 15:14:49.685,1.04435,1.04438,1.75,1.50
2016.10.12 15:14:49.941,1.04434,1.04435,1.50,1.00
2016.10.12 15:14:50.195,1.04434,1.04435,1.00,1.50
2016.10.12 15:14:50.247,1.04432,1.04436,1.12,2.66
2016.10.12 15:14:50.302,1.04432,1.04436,1.12,2.66
2016.10.12 15:14:50.354,1.04431,1.04434,3.97,1.50
2016.10.12 15:14:51.012,1.04431,1.04433,3.97,1.50
2016.10.12 15:14:51.142,1.04431,1.04433,1.87,1.50
2016.10.12 15:14:51.244,1.04431,1.04433,3.97,1.50
2016.10.12 15:14:51.295,1.04431,1.04432,4.72,1.50
2016.10.12 15:14:51.347,1.04431,1.04432,4.91,1.50
2016.10.12 15:14:51.449,1.04431,1.04432,4.91,1.00
2016.10.12 15:14:51.722,1.04432,1.04433,2.47,1.50
2016.10.12 15:14:51.875,1.04431,1.04433,4.35,1.50
2016.10.12 15:14:51.977,1.04432,1.04433,2.47,1.50
2016.10.12 15:14:52.028,1.04431,1.04433,4.54,1.00
2016.10.12 15:14:52.131,1.04431,1.04432,4.35,1.50
2016.10.12 15:14:52.431,1.04431,1.04433,3.60,1.00
2016.10.12 15:14:52.548,1.04432,1.04433,2.47,1.00
2016.10.12 15:14:52.855,1.04432,1.04433,1.30,1.00
2016.10.12 15:14:52.907,1.04432,1.04433,2.47,1.50
2016.10.12 15:14:53.383,1.04433,1.04436,3.23,2.62
2016.10.12 15:14:53.435,1.04431,1.04432,4.35,1.50
2016.10.12 15:14:53.486,1.04432,1.04433,2.47,1.50
2016.10.12 15:14:53.640,1.04431,1.04432,4.72,1.50
2016.10.12 15:14:53.743,1.04431,1.04432,4.35,1.00
2016.10.12 15:14:54.310,1.04432,1.04433,2.47,1.50
2016.10.12 15:14:55.348,1.04431,1.04432,3.60,1.50
2016.10.12 15:14:55.779,1.04432,1.04433,2.47,1.50
2016.10.12 15:14:56.018,1.04432,1.04433,1.30,1.50
2016.10.12 15:14:56.120,1.04431,1.04432,4.54,1.50
2016.10.12 15:14:56.171,1.04431,1.04432,3.79,1.50
2016.10.12 15:14:56.223,1.04432,1.04433,2.47,1.50
2016.10.12 15:14:56.274,1.04431,1.04433,3.04,1.00
2016.10.12 15:14:56.325,1.04431,1.04432,2.29,1.50
2016.10.12 15:14:56.986,1.04431,1.04432,2.10,1.50
2016.10.12 15:14:57.148,1.0443,1.04431,2.70,1.00
2016.10.12 15:14:57.200,1.0443,1.04431,1.95,1.50
2016.10.12 15:14:57.251,1.0443,1.04431,1.10,1.50
2016.10.12 15:14:57.303,1.04429,1.0443,1.20,1.12
2016.10.12 15:14:57.355,1.04427,1.0443,3.97,1.12
2016.10.12 15:14:57.639,1.04426,1.04427,4.57,1.00
2016.10.12 15:14:57.719,1.04425,1.04427,1.87,1.50
2016.10.12 15:14:58.369,1.04425,1.04427,1.12,7.12
2016.10.12 15:14:58.421,1.04424,1.04425,1.87,1.00
2016.10.12 15:14:58.472,1.04422,1.04423,3.00,1.00
2016.10.12 15:14:58.523,1.04422,1.04423,2.25,1.00
2016.10.12 15:14:58.575,1.0442,1.04422,1.87,1.00
2016.10.12 15:14:58.626,1.0442,1.04422,1.87,1.50
2016.10.12 15:14:59.443,1.04421,1.04423,1.47,1.87
2016.10.12 15:14:59.494,1.04423,1.04424,1.00,2.25
2016.10.12 15:14:59.546,1.04422,1.04425,2.10,3.00
2016.10.12 15:14:59.987,1.04424,1.04425,1.12,1.00
2016.10.12 15:15:00.042,1.04422,1.04425,4.12,1.50
2016.10.12 15:15:00.144,1.04422,1.04425,3.37,2.25
2016.10.12 15:15:00.248,1.04422,1.04425,2.25,2.25
2016.10.12 15:15:00.300,1.04422,1.04424,1.12,1.00
2016.10.12 15:15:00.351,1.04421,1.04424,5.06,1.00
2016.10.12 15:15:00.646,1.04421,1.04424,3.56,1.00
2016.10.12 15:15:00.850,1.04423,1.04425,1.00,1.87
2016.10.12 15:15:01.254,1.04421,1.04425,4.54,1.87
2016.10.12 15:15:01.330,1.04421,1.04423,1.12,1.00
2016.10.12 15:15:01.381,1.04421,1.04423,1.00,1.50
2016.10.12 15:15:01.433,1.0442,1.04423,1.87,1.50
2016.10.12 15:15:01.484,1.0442,1.04423,1.12,1.50
2016.10.12 15:15:01.587,1.04421,1.04422,1.87,1.00
2016.10.12 15:15:01.858,1.0442,1.04422,1.00,1.00
2016.10.12 15:15:01.963,1.0442,1.04422,1.00,1.00
2016.10.12 15:15:02.117,1.04421,1.04422,1.87,1.00
2016.10.12 15:15:02.270,1.04421,1.04422,2.62,1.00
2016.10.12 15:15:02.373,1.04422,1.04423,1.00,1.87
2016.10.12 15:15:02.658,1.0442,1.04422,1.12,1.00
2016.10.12 15:15:02.710,1.04422,1.04424,1.00,4.50
2016.10.12 15:15:02.761,1.04422,1.04423,1.00,1.00
2016.10.12 15:15:02.813,1.04424,1.04425,1.00,4.12
2016.10.12 15:15:02.865,1.04423,1.04425,4.57,1.00
2016.10.12 15:15:02.917,1.04424,1.04426,1.30,1.50
2016.10.12 15:15:02.970,1.04425,1.04426,1.00,1.50
2016.10.12 15:15:03.021,1.04425,1.04426,1.00,1.00
2016.10.12 15:15:03.527,1.04425,1.04427,1.00,1.12
2016.10.12 15:15:03.918,1.04424,1.04427,1.50,1.12
2016.10.12 15:15:04.778,1.04423,1.04425,1.12,1.00
2016.10.12 15:15:05.045,1.04422,1.04425,2.62,1.00
2016.10.12 15:15:05.147,1.04422,1.04425,2.25,1.00
2016.10.12 15:15:05.198,1.04424,1.04426,1.00,1.00
2016.10.12 15:15:05.623,1.04425,1.04428,1.87,1.50
2016.10.12 15:15:05.680,1.04426,1.04429,1.12,1.50
2016.10.12 15:15:05.935,1.04428,1.04429,1.00,1.00
2016.10.12 15:15:05.986,1.04429,1.0443,1.00,2.25
2016.10.12 15:15:06.038,1.04429,1.0443,1.00,1.50
2016.10.12 15:15:06.449,1.0443,1.04431,1.12,1.50
2016.10.12 15:15:06.503,1.04431,1.04433,1.12,1.50
2016.10.12 15:15:06.607,1.04431,1.04434,1.12,1.50
2016.10.12 15:15:06.812,1.04431,1.04434,1.12,1.00
2016.10.12 15:15:07.088,1.04431,1.04434,1.87,1.00
2016.10.12 15:15:07.143,1.04434,1.04437,1.00,2.62
2016.10.12 15:15:07.194,1.04435,1.04437,1.00,1.12
2016.10.12 15:15:07.245,1.04435,1.04437,1.00,1.00
2016.10.12 15:15:07.297,1.04436,1.04438,1.00,1.50
2016.10.12 15:15:07.348,1.04436,1.04438,1.00,1.12
2016.10.12 15:15:07.399,1.04436,1.04439,1.00,4.69
2016.10.12 15:15:07.476,1.04434,1.04437,1.12,1.95
2016.10.12 15:15:07.527,1.04433,1.04436,1.87,1.50
2016.10.12 15:15:07.578,1.04434,1.04436,1.12,1.00
2016.10.12 15:15:07.825,1.04433,1.04435,1.00,2.29
2016.10.12 15:15:07.880,1.04433,1.04435,1.00,1.87
2016.10.12 15:15:07.932,1.04432,1.04435,1.00,3.37
2016.10.12 15:15:08.034,1.04433,1.04435,1.00,1.87
2016.10.12 15:15:08.086,1.04433,1.04435,1.00,1.50
2016.10.12 15:15:08.188,1.04433,1.04436,1.00,1.00
2016.10.12 15:15:09.162,1.04434,1.04437,1.00,2.10
2016.10.12 15:15:09.213,1.04432,1.04435,1.00,1.00
2016.10.12 15:15:09.265,1.04432,1.04434,1.00,1.00
2016.10.12 15:15:09.317,1.04432,1.04434,1.12,1.00
2016.10.12 15:15:09.532,1.04431,1.04434,1.12,1.00
2016.10.12 15:15:09.584,1.04431,1.04434,1.12,1.00
2016.10.12 15:15:11.307,1.04432,1.04435,1.00,1.50
2016.10.12 15:15:11.358,1.04432,1.04435,1.00,1.00
2016.10.12 15:15:11.410,1.0443,1.04433,1.87,1.00
2016.10.12 15:15:11.718,1.0443,1.04433,1.12,1.00
2016.10.12 15:15:11.922,1.0443,1.04433,1.75,1.00
2016.10.12 15:15:11.974,1.0443,1.04433,2.05,1.00
2016.10.12 15:15:12.224,1.0443,1.04433,1.75,1.00
2016.10.12 15:15:12.783,1.04434,1.04436,2.35,2.25
2016.10.12 15:15:12.835,1.04436,1.04437,2.10,1.54
2016.10.12 15:15:12.886,1.04436,1.04437,1.50,1.50
2016.10.12 15:15:13.338,1.04436,1.04439,1.87,1.00
2016.10.12 15:15:13.390,1.04427,1.04432,1.00,7.35
2016.10.12 15:15:13.444,1.04427,1.04428,1.00,1.16
2016.10.12 15:15:13.497,1.04427,1.04428,1.00,1.00
2016.10.12 15:15:13.652,1.04426,1.04428,1.00,1.50
2016.10.12 15:15:13.756,1.04426,1.04428,1.00,1.00
2016.10.12 15:15:14.033,1.04428,1.04429,3.37,1.50
2016.10.12 15:15:14.084,1.04431,1.04434,1.00,1.12
2016.10.12 15:15:14.136,1.04431,1.04434,1.00,1.87
2016.10.12 15:15:14.289,1.04431,1.04434,1.00,1.12
2016.10.12 15:15:14.799,1.0443,1.04433,1.00,1.00
2016.10.12 15:15:15.530,1.04428,1.04432,6.16,1.00
2016.10.12 15:15:15.581,1.04428,1.04431,5.04,1.00
2016.10.12 15:15:15.633,1.04429,1.04432,1.00,1.50
2016.10.12 15:15:15.684,1.0443,1.04432,1.00,1.00
2016.10.12 15:15:15.735,1.04429,1.04432,1.12,1.00
2016.10.12 15:15:15.956,1.04429,1.04432,1.50,1.00
2016.10.12 15:15:17.954,1.04425,1.04428,1.87,3.85
2016.10.12 15:15:18.008,1.04424,1.04426,3.00,1.00
2016.10.12 15:15:18.060,1.04425,1.04426,1.00,1.50
2016.10.12 15:15:18.311,1.04426,1.04427,1.50,1.00
2016.10.12 15:15:18.366,1.04427,1.04429,1.25,1.12
2016.10.12 15:15:18.417,1.04429,1.0443,1.00,1.00
2016.10.12 15:15:18.519,1.04428,1.04432,1.00,1.50
2016.10.12 15:15:18.671,1.04428,1.04432,1.50,1.50
2016.10.12 15:15:18.773,1.04428,1.04432,1.00,1.50
2016.10.12 15:15:19.087,1.04428,1.04431,1.50,1.00
2016.10.12 15:15:19.649,1.04428,1.04431,1.12,1.00
2016.10.12 15:15:20.145,1.04434,1.04437,1.20,6.75
2016.10.12 15:15:20.199,1.04436,1.04438,1.12,1.50
2016.10.12 15:15:20.302,1.04436,1.04439,1.12,1.50
2016.10.12 15:15:20.864,1.04436,1.04439,1.12,2.25
2016.10.12 15:15:20.915,1.04436,1.04439,1.12,1.50
2016.10.12 15:15:23.278,1.04435,1.04438,2.32,1.00
2016.10.12 15:15:23.752,1.04439,1.0444,1.12,1.50
2016.10.12 15:15:23.804,1.04441,1.04442,1.00,1.00
2016.10.12 15:15:23.856,1.04442,1.04444,1.37,1.00
2016.10.12 15:15:23.959,1.04443,1.04445,2.62,1.50
2016.10.12 15:15:24.011,1.04443,1.04445,2.62,2.25
2016.10.12 15:15:24.063,1.04443,1.04444,1.00,1.00
2016.10.12 15:15:24.165,1.04443,1.04446,1.12,1.50
2016.10.12 15:15:24.217,1.04443,1.04446,2.62,1.50
2016.10.12 15:15:25.337,1.04443,1.04446,1.12,1.50
2016.10.12 15:15:26.460,1.04442,1.04443,2.25,1.00
2016.10.12 15:15:26.516,1.04441,1.04443,1.50,1.50
2016.10.12 15:15:26.774,1.04441,1.04443,1.50,1.87
2016.10.12 15:15:26.825,1.04441,1.04442,1.50,1.00
2016.10.12 15:15:26.877,1.04439,1.04441,1.50,1.50
2016.10.12 15:15:26.928,1.04438,1.04441,3.19,1.50
2016.10.12 15:15:26.980,1.04438,1.0444,2.25,1.12
2016.10.12 15:15:27.031,1.04438,1.04439,1.50,1.00
2016.10.12 15:15:27.289,1.04436,1.04437,3.75,1.00
2016.10.12 15:15:27.346,1.04435,1.04436,1.87,1.00
2016.10.12 15:15:27.398,1.04435,1.04436,1.87,1.00
2016.10.12 15:15:27.453,1.04433,1.04436,5.17,1.50
2016.10.12 15:15:27.505,1.04433,1.04435,4.42,1.12
2016.10.12 15:15:27.557,1.0443,1.04432,1.50,1.00
2016.10.12 15:15:27.608,1.0443,1.04432,2.25,1.00
2016.10.12 15:15:27.855,1.0443,1.04433,1.50,1.87
2016.10.12 15:15:27.907,1.0443,1.04433,1.00,1.87
2016.10.12 15:15:28.009,1.0443,1.04433,1.00,2.25
2016.10.12 15:15:28.266,1.0443,1.04432,1.00,1.12
2016.10.12 15:15:29.697,1.0443,1.04432,1.50,1.12
2016.10.12 15:15:29.748,1.0443,1.04432,2.25,1.12
2016.10.12 15:15:29.799,1.0443,1.04432,1.50,1.12
2016.10.12 15:15:29.902,1.0443,1.04432,2.25,1.12
2016.10.12 15:15:30.334,1.04443,1.04445,1.00,4.54
2016.10.12 15:15:30.589,1.04443,1.04445,1.00,2.44
2016.10.12 15:15:30.641,1.04443,1.04445,1.00,2.25
2016.10.12 15:15:30.693,1.04443,1.04445,1.00,1.50
2016.10.12 15:15:30.803,1.04442,1.04444,1.00,3.22
2016.10.12 15:15:30.855,1.04441,1.04442,1.50,2.25
2016.10.12 15:15:30.958,1.0444,1.04443,1.50,2.81
2016.10.12 15:15:31.209,1.0444,1.04442,1.00,1.95
2016.10.12 15:15:31.261,1.04442,1.04444,1.50,1.57
2016.10.12 15:15:31.314,1.04442,1.04443,1.50,1.10
2016.10.12 15:15:31.365,1.04442,1.04445,1.50,1.87
2016.10.12 15:15:31.621,1.04442,1.04445,1.50,2.85
2016.10.12 15:15:31.937,1.04443,1.04445,1.00,1.87
2016.10.12 15:15:31.990,1.04443,1.04445,1.50,1.87
2016.10.12 15:15:32.041,1.04443,1.04445,1.00,2.62
2016.10.12 15:15:32.092,1.04442,1.04445,1.50,2.62
2016.10.12 15:15:32.346,1.04433,1.04439,1.00,9.10
2016.10.12 15:15:32.398,1.04434,1.04436,1.37,1.12
2016.10.12 15:15:32.470,1.04432,1.04435,1.00,1.50
2016.10.12 15:15:32.967,1.04432,1.04434,1.50,1.00
2016.10.12 15:15:33.429,1.04432,1.04434,1.00,1.00
2016.10.12 15:15:33.699,1.04432,1.04434,1.12,1.00
2016.10.12 15:15:33.752,1.04434,1.04435,1.00,1.12
2016.10.12 15:15:33.806,1.04434,1.04435,1.50,1.12
2016.10.12 15:15:33.858,1.04434,1.04436,1.50,3.37
2016.10.12 15:15:34.065,1.04434,1.04436,1.50,3.00
2016.10.12 15:15:34.169,1.04434,1.04436,1.50,3.37
2016.10.12 15:15:34.570,1.04434,1.04435,1.50,1.12
2016.10.12 15:15:35.692,1.04434,1.04436,1.50,4.12
2016.10.12 15:15:35.864,1.04434,1.04436,1.50,5.62
2016.10.12 15:15:36.774,1.04436,1.04437,1.00,2.85
2016.10.12 15:15:36.828,1.04437,1.0444,1.50,1.87
2016.10.12 15:15:36.880,1.04439,1.04441,1.00,2.25
2016.10.12 15:15:36.931,1.04439,1.04441,1.50,1.50
2016.10.12 15:15:36.982,1.04439,1.04443,2.62,1.12
2016.10.12 15:15:37.033,1.04442,1.04444,1.00,1.87
2016.10.12 15:15:37.085,1.04439,1.04444,4.91,1.87
2016.10.12 15:15:37.136,1.0444,1.04444,1.12,1.50
2016.10.12 15:15:37.187,1.04441,1.04444,1.00,1.50
2016.10.12 15:15:37.288,1.04441,1.04444,1.00,1.00
2016.10.12 15:15:37.794,1.04441,1.04443,1.00,1.00
2016.10.12 15:15:37.845,1.04441,1.04443,1.00,1.50
2016.10.12 15:15:37.896,1.04439,1.04441,1.50,1.00
2016.10.12 15:15:37.947,1.04439,1.04441,2.25,1.00
2016.10.12 15:15:37.998,1.04443,1.04444,1.00,1.12
2016.10.12 15:15:38.150,1.04439,1.04442,3.00,1.00
2016.10.12 15:15:38.425,1.04439,1.04444,5.47,1.00
2016.10.12 15:15:38.476,1.0444,1.04443,1.12,1.00
2016.10.12 15:15:38.731,1.04442,1.04444,1.00,1.00
2016.10.12 15:15:38.783,1.04439,1.04442,4.50,1.00
2016.10.12 15:15:38.834,1.0444,1.04442,1.00,1.00
2016.10.12 15:15:38.886,1.04442,1.04444,3.37,1.95
2016.10.12 15:15:38.938,1.04452,1.04453,9.97,1.50
2016.10.12 15:15:38.990,1.04456,1.04458,1.12,13.12
2016.10.12 15:15:39.450,1.04458,1.04461,1.12,4.12
2016.10.12 15:15:39.501,1.04457,1.04461,2.44,1.00
2016.10.12 15:15:39.552,1.04457,1.04461,3.19,1.00
2016.10.12 15:15:39.604,1.04457,1.04461,3.56,1.00
2016.10.12 15:15:39.655,1.04457,1.04461,3.19,1.00
2016.10.12 15:15:39.858,1.04458,1.04461,1.12,1.00
2016.10.12 15:15:39.909,1.04458,1.04461,1.87,1.00
2016.10.12 15:15:40.110,1.04458,1.04461,1.12,1.00
2016.10.12 15:15:40.161,1.0446,1.04462,1.00,1.35
2016.10.12 15:15:40.212,1.0446,1.04462,1.00,1.30
2016.10.12 15:15:40.314,1.0446,1.04462,1.50,1.30
2016.10.12 15:15:40.519,1.0446,1.04462,1.00,1.30
2016.10.12 15:15:40.571,1.04461,1.04462,1.00,1.00
2016.10.12 15:15:40.674,1.0446,1.04463,1.50,5.62
2016.10.12 15:15:40.726,1.04461,1.04463,1.00,5.62
2016.10.12 15:15:40.954,1.04461,1.04463,1.00,6.04
2016.10.12 15:15:41.005,1.0446,1.04463,1.50,5.29
2016.10.12 15:15:41.056,1.0446,1.04463,1.50,5.44
2016.10.12 15:15:41.107,1.0446,1.04463,1.50,3.94
2016.10.12 15:15:41.158,1.0446,1.04463,1.50,3.75
2016.10.12 15:15:41.261,1.04461,1.04463,1.00,3.37
2016.10.12 15:15:41.721,1.04457,1.04459,1.50,1.00
2016.10.12 15:15:41.773,1.04457,1.0446,1.50,1.00
2016.10.12 15:15:41.824,1.04457,1.04459,1.12,1.00
2016.10.12 15:15:41.876,1.04457,1.04459,1.12,1.00
2016.10.12 15:15:41.978,1.04458,1.04459,1.00,1.00
2016.10.12 15:15:42.029,1.04457,1.0446,1.12,1.00
2016.10.12 15:15:42.081,1.04458,1.04459,1.00,1.00
2016.10.12 15:15:42.183,1.04457,1.04459,1.12,1.00
2016.10.12 15:15:42.235,1.04458,1.04459,1.50,1.00
2016.10.12 15:15:42.286,1.04458,1.0446,2.62,1.00
2016.10.12 15:15:42.337,1.04459,1.04461,1.50,1.00
2016.10.12 15:15:42.543,1.0446,1.04461,1.00,1.00
2016.10.12 15:15:42.595,1.04461,1.04463,1.12,2.25
2016.10.12 15:15:43.183,1.04461,1.04463,1.72,2.25
2016.10.12 15:15:43.376,1.04461,1.04463,1.30,2.25
2016.10.12 15:15:43.427,1.0446,1.04464,4.76,1.00
2016.10.12 15:15:43.478,1.0446,1.04464,4.01,1.00
2016.10.12 15:15:43.687,1.04462,1.04464,1.00,1.00
2016.10.12 15:15:43.739,1.04462,1.04463,1.50,1.50
2016.10.12 15:15:43.790,1.04462,1.04463,1.00,1.50
2016.10.12 15:15:44.169,1.0446,1.04463,5.36,1.50
2016.10.12 15:15:44.334,1.0446,1.04463,6.11,1.50
2016.10.12 15:15:44.594,1.04461,1.04463,1.20,1.50
2016.10.12 15:15:44.696,1.04461,1.04463,1.95,1.50
2016.10.12 15:15:44.747,1.04461,1.04463,2.32,1.50
2016.10.12 15:15:44.798,1.04462,1.04463,1.12,1.50
2016.10.12 15:15:45.201,1.04462,1.04463,1.12,1.00
2016.10.12 15:15:45.303,1.04462,1.04463,1.00,1.50
2016.10.12 15:15:45.405,1.04461,1.04463,3.00,1.50
2016.10.12 15:15:45.456,1.04462,1.04463,1.00,2.25
2016.10.12 15:15:45.908,1.0446,1.04461,1.50,1.00
2016.10.12 15:15:45.986,1.04458,1.04461,1.12,1.50
2016.10.12 15:15:46.093,1.04457,1.04459,1.69,1.00
2016.10.12 15:15:46.144,1.04456,1.04459,10.69,1.50
2016.10.12 15:15:46.195,1.04456,1.04459,7.87,1.50
2016.10.12 15:15:46.247,1.04458,1.04459,1.00,1.00
2016.10.12 15:15:46.298,1.04455,1.04458,2.25,1.00
2016.10.12 15:15:46.349,1.04457,1.04459,1.00,1.00
2016.10.12 15:15:46.695,1.04456,1.04457,1.00,1.00
2016.10.12 15:15:47.052,1.04455,1.04456,1.50,1.00
2016.10.12 15:15:47.369,1.04455,1.04456,1.00,1.87
2016.10.12 15:15:47.421,1.04453,1.04454,1.00,1.00
2016.10.12 15:15:47.789,1.04452,1.04455,1.00,1.50
2016.10.12 15:15:47.841,1.04454,1.04455,1.00,1.00
2016.10.12 15:15:48.120,1.04452,1.04454,1.50,1.00
2016.10.12 15:15:48.273,1.04452,1.04455,2.25,1.00
2016.10.12 15:15:48.478,1.04452,1.04455,1.87,1.00
2016.10.12 15:15:48.832,1.04449,1.04451,1.00,1.00
2016.10.12 15:15:48.886,1.04447,1.0445,1.50,1.50
2016.10.12 15:15:48.988,1.04447,1.0445,1.00,1.50
2016.10.12 15:15:49.092,1.04447,1.0445,1.00,1.72
2016.10.12 15:15:49.195,1.04447,1.0445,1.00,1.50
2016.10.12 15:15:49.595,1.04447,1.04449,1.00,1.00
2016.10.12 15:15:49.876,1.04446,1.04449,1.50,1.50
2016.10.12 15:15:49.978,1.04446,1.04449,1.12,1.50
2016.10.12 15:15:50.131,1.04447,1.0445,1.00,1.50
2016.10.12 15:15:50.182,1.04448,1.0445,4.12,1.00
2016.10.12 15:15:50.479,1.04446,1.04449,4.12,1.50
2016.10.12 15:15:50.530,1.04446,1.04449,3.00,1.50
2016.10.12 15:15:50.581,1.04446,1.04449,1.50,1.50
2016.10.12 15:15:50.734,1.04446,1.04449,1.50,2.25
2016.10.12 15:15:50.791,1.04446,1.04449,2.25,2.25
2016.10.12 15:15:51.260,1.04446,1.04449,2.25,1.50
2016.10.12 15:15:51.362,1.04446,1.04449,2.25,2.25
2016.10.12 15:15:52.106,1.04448,1.04451,1.50,2.25
2016.10.12 15:15:52.208,1.04449,1.0445,1.00,1.00
2016.10.12 15:15:52.259,1.04448,1.04451,2.85,2.25
2016.10.12 15:15:52.311,1.04448,1.04451,2.25,2.25
2016.10.12 15:15:52.363,1.04446,1.04447,3.37,1.50
2016.10.12 15:15:52.414,1.04445,1.04446,2.62,1.12
2016.10.12 15:15:52.682,1.04444,1.04445,1.00,2.62
2016.10.12 15:15:52.733,1.04441,1.04444,1.50,1.37
2016.10.12 15:15:52.784,1.04441,1.04444,3.19,1.37
2016.10.12 15:15:52.835,1.04441,1.04444,3.19,1.50
2016.10.12 15:15:52.887,1.04441,1.04445,3.22,1.75
2016.10.12 15:15:52.938,1.04448,1.0445,2.85,7.12
2016.10.12 15:15:52.990,1.04449,1.0445,3.82,3.00
2016.10.12 15:15:53.042,1.04451,1.04452,1.00,3.38
2016.10.12 15:15:53.093,1.0445,1.04452,2.62,1.50
2016.10.12 15:15:53.355,1.0445,1.04452,2.47,1.50
2016.10.12 15:15:53.579,1.0445,1.04453,2.47,1.75
2016.10.12 15:15:53.630,1.04452,1.04453,1.00,1.00
2016.10.12 15:15:53.836,1.0445,1.04453,1.50,1.50
2016.10.12 15:15:53.888,1.04449,1.04452,1.50,1.12
2016.10.12 15:15:54.105,1.04449,1.04451,1.50,3.34
2016.10.12 15:15:54.165,1.04447,1.04451,1.00,6.79
2016.10.12 15:15:54.217,1.04447,1.04451,1.00,6.56
2016.10.12 15:15:54.268,1.04447,1.04451,1.00,7.31
2016.10.12 15:15:54.321,1.04446,1.0445,1.00,2.47
2016.10.12 15:15:54.372,1.04445,1.0445,1.00,3.97
2016.10.12 15:15:55.209,1.04444,1.0445,3.00,4.22
2016.10.12 15:15:55.261,1.04445,1.0445,1.00,3.97
2016.10.12 15:15:55.313,1.04445,1.0445,1.00,3.00
2016.10.12 15:15:55.364,1.04445,1.0445,1.00,1.50
2016.10.12 15:15:55.663,1.04445,1.04448,1.00,1.50
2016.10.12 15:15:55.714,1.04443,1.04448,6.19,3.62
2016.10.12 15:15:56.118,1.04444,1.04448,3.37,3.62
2016.10.12 15:15:56.175,1.04443,1.04447,1.00,2.85
2016.10.12 15:15:56.226,1.04443,1.04447,1.00,5.10
2016.10.12 15:15:56.379,1.04443,1.04445,1.00,2.25
2016.10.12 15:15:56.836,1.04441,1.04444,1.50,1.00
2016.10.12 15:15:56.893,1.04441,1.04444,1.50,1.50
2016.10.12 15:15:56.995,1.04441,1.04444,2.25,1.50
2016.10.12 15:15:57.250,1.04441,1.04444,1.87,2.25
2016.10.12 15:15:57.352,1.04441,1.04444,1.50,2.25
2016.10.12 15:15:57.403,1.04441,1.04444,1.00,2.25
2016.10.12 15:15:57.922,1.04441,1.04444,1.50,2.25
2016.10.12 15:15:58.075,1.04441,1.04443,1.00,1.00
2016.10.12 15:15:58.279,1.04441,1.04443,1.50,1.00
2016.10.12 15:15:58.947,1.04441,1.04444,1.50,1.50
2016.10.12 15:15:58.998,1.04441,1.04442,1.00,1.00
2016.10.12 15:15:59.100,1.04441,1.04442,1.50,1.00
2016.10.12 15:15:59.304,1.0444,1.04442,1.50,1.50
2016.10.12 15:15:59.406,1.0444,1.04442,1.00,1.50
2016.10.12 15:15:59.508,1.0444,1.04442,1.00,1.00
2016.10.12 15:15:59.949,1.0444,1.04443,1.00,1.87
2016.10.12 15:16:00.001,1.0444,1.04443,1.00,2.25
2016.10.12 15:16:00.054,1.0444,1.04443,1.00,3.00
2016.10.12 15:16:01.278,1.04439,1.04442,1.50,1.12
2016.10.12 15:16:01.531,1.04436,1.04441,10.91,1.75
2016.10.12 15:16:01.583,1.04437,1.04438,2.25,1.50
2016.10.12 15:16:01.634,1.04436,1.04439,3.37,1.87
2016.10.12 15:16:01.686,1.04436,1.04438,3.00,1.37
2016.10.12 15:16:01.738,1.04436,1.04438,1.50,1.50
2016.10.12 15:16:01.840,1.04437,1.04438,1.00,1.00
2016.10.12 15:16:01.893,1.04436,1.04439,1.00,2.25
2016.10.12 15:16:01.996,1.04435,1.04438,2.44,1.50
2016.10.12 15:16:02.099,1.04435,1.04438,1.12,1.50
2016.10.12 15:16:02.202,1.04435,1.04438,1.87,2.25
2016.10.12 15:16:02.422,1.04436,1.04438,1.00,1.12
2016.10.12 15:16:02.483,1.04437,1.04439,1.00,2.25
2016.10.12 15:16:02.745,1.04436,1.04439,3.22,2.25
2016.10.12 15:16:02.953,1.04436,1.04439,3.22,1.50
2016.10.12 15:16:03.685,1.04436,1.04439,2.47,1.50
2016.10.12 15:16:03.737,1.04436,1.04439,1.50,1.50
2016.10.12 15:16:03.788,1.04437,1.04439,1.00,1.00
2016.10.12 15:16:03.839,1.04437,1.0444,1.00,1.12
2016.10.12 15:16:03.941,1.04436,1.04439,1.00,1.00
2016.10.12 15:16:03.992,1.04436,1.04439,1.00,1.50
2016.10.12 15:16:04.527,1.04436,1.04439,1.00,2.25
2016.10.12 15:16:04.578,1.04434,1.04437,4.12,1.00
2016.10.12 15:16:04.732,1.04434,1.04437,3.75,1.00
2016.10.12 15:16:04.783,1.04434,1.04436,3.00,1.00
2016.10.12 15:16:04.834,1.04434,1.04436,3.00,1.50
2016.10.12 15:16:05.533,1.04434,1.04436,2.25,1.50
2016.10.12 15:16:05.636,1.04434,1.04436,1.87,1.50
2016.10.12 15:16:06.153,1.04434,1.04436,2.25,1.50
2016.10.12 15:16:06.234,1.04434,1.04436,1.50,1.50
2016.10.12 15:16:06.439,1.04434,1.04436,1.00,1.50
2016.10.12 15:16:06.491,1.04434,1.04436,1.50,1.50
2016.10.12 15:16:06.899,1.04434,1.04436,2.25,1.00
2016.10.12 15:16:06.950,1.04434,1.04436,2.47,1.00
2016.10.12 15:16:07.053,1.04435,1.04437,1.00,1.50
2016.10.12 15:16:07.257,1.04434,1.04437,2.85,1.50
2016.10.12 15:16:07.309,1.04434,1.04437,2.62,1.50
2016.10.12 15:16:07.361,1.04434,1.04437,2.25,1.50
2016.10.12 15:16:07.656,1.04433,1.04435,5.62,1.00
2016.10.12 15:16:07.707,1.04433,1.04435,4.87,1.00
2016.10.12 15:16:07.912,1.04433,1.04435,3.94,1.50
2016.10.12 15:16:07.964,1.04433,1.04434,3.37,1.00
2016.10.12 15:16:08.016,1.04433,1.04434,2.62,1.00
2016.10.12 15:16:08.068,1.04432,1.04434,3.75,1.12
2016.10.12 15:16:08.123,1.04432,1.04434,2.25,1.12
2016.10.12 15:16:08.176,1.04431,1.04433,1.50,1.00
2016.10.12 15:16:08.489,1.0443,1.04431,2.25,1.00
2016.10.12 15:16:08.591,1.0443,1.04431,1.00,1.00
2016.10.12 15:16:08.744,1.0443,1.04432,1.00,1.50
2016.10.12 15:16:09.413,1.0443,1.04432,1.00,2.25
2016.10.12 15:16:09.926,1.0443,1.04431,1.00,1.00
2016.10.12 15:16:10.660,1.04429,1.04431,1.50,1.00
2016.10.12 15:16:11.565,1.04434,1.04436,1.00,2.25
2016.10.12 15:16:11.870,1.04433,1.04436,2.89,3.00
2016.10.12 15:16:11.921,1.04433,1.04436,2.70,3.00
2016.10.12 15:16:12.183,1.04433,1.04436,1.95,3.37
2016.10.12 15:16:12.238,1.04433,1.04436,1.95,3.00
2016.10.12 15:16:12.289,1.04433,1.04436,2.70,3.00
2016.10.12 15:16:12.501,1.04433,1.04436,2.70,2.25
2016.10.12 15:16:12.705,1.04433,1.04436,2.70,2.25
2016.10.12 15:16:12.756,1.04433,1.04436,1.95,2.25
2016.10.12 15:16:13.217,1.04433,1.04436,1.50,1.87
2016.10.12 15:16:13.269,1.04433,1.04435,1.87,1.00
2016.10.12 15:16:13.321,1.04433,1.04435,1.50,1.00
2016.10.12 15:16:13.373,1.04433,1.04435,1.95,1.50
2016.10.12 15:16:13.476,1.04433,1.04435,1.95,1.00
2016.10.12 15:16:14.337,1.04433,1.04435,1.20,1.00
2016.10.12 15:16:14.389,1.04432,1.04434,1.87,1.50
2016.10.12 15:16:14.442,1.04431,1.04433,3.19,1.00
2016.10.12 15:16:14.494,1.04431,1.04433,2.44,1.00
2016.10.12 15:16:14.545,1.04431,1.04433,1.00,1.00
2016.10.12 15:16:14.596,1.0443,1.04432,4.12,1.00
2016.10.12 15:16:14.839,1.0443,1.04432,1.50,1.50
2016.10.12 15:16:14.993,1.04431,1.04432,1.00,1.00
2016.10.12 15:16:15.095,1.04431,1.04434,1.87,2.25
2016.10.12 15:16:15.146,1.04431,1.04433,1.87,1.00
2016.10.12 15:16:15.198,1.0443,1.04432,1.72,1.50
2016.10.12 15:16:15.249,1.04429,1.04432,8.25,1.50
2016.10.12 15:16:15.300,1.0443,1.04432,1.12,1.50
2016.10.12 15:16:15.777,1.0443,1.04432,1.00,1.50
2016.10.12 15:16:15.828,1.04429,1.04432,7.12,1.50
2016.10.12 15:16:15.879,1.04429,1.04432,5.25,1.50
2016.10.12 15:16:16.493,1.04429,1.04431,1.87,1.50
2016.10.12 15:16:16.545,1.04429,1.04431,1.50,1.50
2016.10.12 15:16:17.100,1.0443,1.04431,1.00,1.50
2016.10.12 15:16:17.304,1.0443,1.04431,1.00,2.25
2016.10.12 15:16:17.406,1.04429,1.04431,1.50,2.62
2016.10.12 15:16:17.892,1.04429,1.04431,1.50,1.87
2016.10.12 15:16:17.943,1.04429,1.04431,2.25,1.12
2016.10.12 15:16:17.994,1.04429,1.04431,1.50,1.12
2016.10.12 15:16:18.045,1.04429,1.04431,1.00,1.87
2016.10.12 15:16:18.115,1.04429,1.04431,1.50,1.87
2016.10.12 15:16:18.419,1.04429,1.04431,1.00,1.87
2016.10.12 15:16:19.287,1.04429,1.04432,1.12,2.25
2016.10.12 15:16:19.338,1.04429,1.04432,1.87,2.25
2016.10.12 15:16:19.389,1.04429,1.04432,1.87,1.50
2016.10.12 15:16:19.443,1.04429,1.04432,2.25,1.50
2016.10.12 15:16:19.495,1.04429,1.04432,2.25,1.12
2016.10.12 15:16:21.567,1.04429,1.04432,2.62,1.00
2016.10.12 15:16:21.618,1.04429,1.04432,1.87,1.00
2016.10.12 15:16:22.027,1.0443,1.04432,1.00,1.00
2016.10.12 15:16:22.500,1.0443,1.04431,1.12,1.50
2016.10.12 15:16:22.552,1.0443,1.04431,1.12,1.00
2016.10.12 15:16:22.603,1.04429,1.04432,2.62,1.50
2016.10.12 15:16:22.705,1.0443,1.04432,1.12,1.50
2016.10.12 15:16:22.757,1.0443,1.04431,1.12,1.00
2016.10.12 15:16:22.812,1.04429,1.04431,1.87,1.00
2016.10.12 15:16:22.863,1.0443,1.04431,1.12,1.00
2016.10.12 15:16:22.914,1.04428,1.0443,1.50,1.00
2016.10.12 15:16:23.148,1.04425,1.04427,4.50,2.25
2016.10.12 15:16:23.202,1.04425,1.04426,1.12,1.00
2016.10.12 15:16:23.254,1.04425,1.04426,1.12,1.50
2016.10.12 15:16:23.305,1.04424,1.04426,1.50,1.50
2016.10.12 15:16:23.542,1.04424,1.04426,1.12,1.50
2016.10.12 15:16:23.797,1.04424,1.04426,1.12,2.25
2016.10.12 15:16:24.227,1.04425,1.04426,1.87,1.50
2016.10.12 15:16:24.278,1.04425,1.04426,1.87,1.00
2016.10.12 15:16:24.330,1.04426,1.04427,1.00,1.87
2016.10.12 15:16:24.382,1.04426,1.04427,1.00,1.12
2016.10.12 15:16:24.433,1.04426,1.04427,1.00,1.00
2016.10.12 15:16:24.535,1.04426,1.04427,1.00,1.50
2016.10.12 15:16:24.587,1.04426,1.04427,1.00,2.25
2016.10.12 15:16:25.458,1.04426,1.04427,1.00,2.62
2016.10.12 15:16:25.661,1.04424,1.04425,1.00,1.00
2016.10.12 15:16:25.712,1.04423,1.04425,1.50,1.00
2016.10.12 15:16:25.763,1.04422,1.04424,2.62,1.00
2016.10.12 15:16:26.007,1.04422,1.04424,3.19,1.50
2016.10.12 15:16:26.058,1.04422,1.04424,2.44,1.50
2016.10.12 15:16:26.210,1.04422,1.04424,1.69,1.50
2016.10.12 15:16:26.669,1.04422,1.04424,1.25,1.50
2016.10.12 15:16:27.131,1.04422,1.04424,1.00,1.87
2016.10.12 15:16:27.436,1.04422,1.04424,1.25,1.87
2016.10.12 15:16:28.219,1.04422,1.04423,1.25,1.00
2016.10.12 15:16:28.616,1.0442,1.04423,1.50,1.00
2016.10.12 15:16:28.667,1.0442,1.04422,1.00,1.00
2016.10.12 15:16:28.973,1.04419,1.04421,3.75,1.00
2016.10.12 15:16:29.025,1.04419,1.04421,2.62,1.00
2016.10.12 15:16:29.076,1.04418,1.0442,2.25,1.00
2016.10.12 15:16:29.127,1.04418,1.04421,3.37,1.12
2016.10.12 15:16:29.178,1.04418,1.04421,3.00,1.87
2016.10.12 15:16:29.229,1.04418,1.0442,1.87,1.00
2016.10.12 15:16:29.541,1.04418,1.0442,1.12,1.00
2016.10.12 15:16:29.745,1.04417,1.04419,1.50,1.00
2016.10.12 15:16:30.000,1.04416,1.04418,3.00,1.00
2016.10.12 15:16:30.051,1.04415,1.04417,1.87,1.00
2016.10.12 15:16:30.103,1.04415,1.04419,1.87,1.12
2016.10.12 15:16:30.156,1.04415,1.04419,1.00,1.87
2016.10.12 15:16:30.370,1.04415,1.04417,1.50,1.00
2016.10.12 15:16:30.425,1.04415,1.04416,1.50,1.00
2016.10.12 15:16:30.477,1.04414,1.04416,1.69,1.00
2016.10.12 15:16:30.839,1.04414,1.04416,1.50,1.00
2016.10.12 15:16:30.891,1.04414,1.04416,1.00,1.50
2016.10.12 15:16:31.343,1.04415,1.04416,1.00,1.00
2016.10.12 15:16:31.399,1.04417,1.04418,1.12,1.12
2016.10.12 15:16:31.450,1.04414,1.04416,1.00,1.00
2016.10.12 15:16:31.655,1.04413,1.04416,2.62,1.00
2016.10.12 15:16:32.555,1.04413,1.04416,2.25,1.00
2016.10.12 15:16:32.657,1.04413,1.04416,1.50,1.00
2016.10.12 15:16:33.063,1.04413,1.04416,1.00,1.00
2016.10.12 15:16:33.741,1.04412,1.04414,3.37,1.00
2016.10.12 15:16:33.793,1.04412,1.04414,2.25,1.00
2016.10.12 15:16:33.844,1.04412,1.04415,2.62,1.50
2016.10.12 15:16:34.289,1.04412,1.04414,1.00,3.00
2016.10.12 15:16:34.341,1.0441,1.04411,1.00,1.00
2016.10.12 15:16:34.392,1.04408,1.0441,1.00,1.00
2016.10.12 15:16:34.444,1.04406,1.04408,2.44,1.00
2016.10.12 15:16:34.496,1.04407,1.04408,1.00,1.12
2016.10.12 15:16:34.547,1.04404,1.04406,9.64,1.00
2016.10.12 15:16:34.599,1.04405,1.04406,1.69,1.50
2016.10.12 15:16:34.650,1.04405,1.04406,1.05,1.50
2016.10.12 15:16:35.042,1.04405,1.04406,1.05,1.87
2016.10.12 15:16:35.145,1.04405,1.04406,1.91,1.50
2016.10.12 15:16:35.250,1.04405,1.04407,2.12,6.37
2016.10.12 15:16:35.303,1.04406,1.04407,1.00,7.12
2016.10.12 15:16:35.354,1.04406,1.04407,1.00,3.37
2016.10.12 15:16:35.405,1.04406,1.04407,1.00,2.62
2016.10.12 15:16:36.085,1.04406,1.04407,1.50,1.87
2016.10.12 15:16:36.188,1.04406,1.04407,2.10,1.87
2016.10.12 15:16:36.239,1.04407,1.04408,1.87,2.62
2016.10.12 15:16:36.290,1.04407,1.04408,1.87,1.50
2016.10.12 15:16:36.341,1.04408,1.04411,1.50,3.37
2016.10.12 15:16:36.392,1.04408,1.04409,1.50,1.00
2016.10.12 15:16:36.603,1.04407,1.04408,2.25,1.00
2016.10.12 15:16:36.654,1.04406,1.04407,1.50,1.87
2016.10.12 15:16:37.427,1.04406,1.04407,1.00,1.87
2016.10.12 15:16:37.478,1.04406,1.04407,1.50,1.12
2016.10.12 15:16:37.532,1.04406,1.04409,1.95,3.19
2016.10.12 15:16:37.940,1.04403,1.04404,1.16,1.12
2016.10.12 15:16:37.991,1.04404,1.04405,1.12,2.81
2016.10.12 15:16:38.042,1.04403,1.04404,1.87,1.12
2016.10.12 15:16:38.267,1.04403,1.04405,1.12,6.56
2016.10.12 15:16:38.322,1.04402,1.04403,1.12,1.00
2016.10.12 15:16:38.374,1.04402,1.04403,1.12,1.12
2016.10.12 15:16:38.476,1.04402,1.04403,1.12,1.00
2016.10.12 15:16:39.053,1.04401,1.04403,1.12,1.00
2016.10.12 15:16:39.257,1.04401,1.04403,1.12,1.00
2016.10.12 15:16:39.308,1.04403,1.04405,1.12,15.37
2016.10.12 15:16:39.410,1.04404,1.04405,1.87,14.62
2016.10.12 15:16:39.463,1.04403,1.04405,1.12,9.75
2016.10.12 15:16:39.516,1.04403,1.04405,1.12,9.94
2016.10.12 15:16:39.567,1.04402,1.04404,1.12,7.12
2016.10.12 15:16:39.936,1.04403,1.04405,1.12,14.44
2016.10.12 15:16:40.089,1.04403,1.04405,1.12,7.31
2016.10.12 15:16:40.293,1.04404,1.04405,1.12,6.56
2016.10.12 15:16:40.344,1.04403,1.04405,1.12,6.56
2016.10.12 15:16:40.446,1.04404,1.04405,1.12,8.06
2016.10.12 15:16:40.497,1.04404,1.04405,1.12,7.31
2016.10.12 15:16:40.986,1.04404,1.04406,1.12,6.37
2016.10.12 15:16:41.089,1.04404,1.04405,1.12,1.12
2016.10.12 15:16:41.141,1.04404,1.04405,1.12,1.50
2016.10.12 15:16:41.192,1.04404,1.04405,1.12,1.00
2016.10.12 15:16:41.816,1.04403,1.04404,2.62,1.00
2016.10.12 15:16:41.867,1.04403,1.04405,1.12,6.19
2016.10.12 15:16:41.971,1.04403,1.04405,1.12,6.56
2016.10.12 15:16:42.175,1.04403,1.04405,1.12,5.81
2016.10.12 15:16:43.192,1.04403,1.04405,1.12,6.56
2016.10.12 15:16:43.296,1.04403,1.04405,1.12,6.94
2016.10.12 15:16:43.546,1.04404,1.04405,1.12,6.75
2016.10.12 15:16:43.598,1.04403,1.04405,1.31,4.50
2016.10.12 15:16:43.649,1.04403,1.04405,1.12,4.50
2016.10.12 15:16:43.752,1.04402,1.04405,5.25,5.25
2016.10.12 15:16:43.804,1.04402,1.04404,4.50,1.12
2016.10.12 15:16:43.857,1.04403,1.04405,1.00,1.50
2016.10.12 15:16:43.908,1.04401,1.04404,2.25,1.00
2016.10.12 15:16:43.960,1.04402,1.04405,1.00,2.06
2016.10.12 15:16:44.011,1.04402,1.04405,1.00,2.81
2016.10.12 15:16:44.442,1.04402,1.04405,1.00,5.09
2016.10.12 15:16:44.639,1.04401,1.04404,1.00,1.12
2016.10.12 15:16:45.019,1.04402,1.04405,1.00,5.09
2016.10.12 15:16:45.173,1.04402,1.04405,1.00,4.72
2016.10.12 15:16:45.224,1.04402,1.04405,1.00,4.34
2016.10.12 15:16:45.484,1.04403,1.04405,1.00,1.12
2016.10.12 15:16:45.592,1.04404,1.04406,1.00,6.03
2016.10.12 15:16:45.694,1.04404,1.04406,1.00,1.50
2016.10.12 15:16:45.745,1.04404,1.04406,1.00,1.12
2016.10.12 15:16:45.797,1.04405,1.04406,1.00,1.00
2016.10.12 15:16:46.053,1.04405,1.04407,1.00,1.87
2016.10.12 15:16:46.639,1.04404,1.04407,1.00,2.62
2016.10.12 15:16:46.690,1.04404,1.04407,1.00,1.87
2016.10.12 15:16:46.741,1.04405,1.04407,1.00,1.37
2016.10.12 15:16:46.792,1.04405,1.04407,1.00,1.56
2016.10.12 15:16:46.894,1.04405,1.04407,1.00,2.81
2016.10.12 15:16:47.362,1.04405,1.04408,1.00,3.37
2016.10.12 15:16:47.464,1.04405,1.04408,1.00,4.12
2016.10.12 15:16:47.516,1.04405,1.04408,1.00,4.87
2016.10.12 15:16:47.670,1.04405,1.04408,1.00,4.12
2016.10.12 15:16:47.926,1.04405,1.04408,1.00,3.37
2016.10.12 15:16:48.195,1.04407,1.04408,1.00,2.62
2016.10.12 15:16:48.247,1.04406,1.04408,1.30,2.62
2016.10.12 15:16:48.298,1.04406,1.04408,1.00,2.62
2016.10.12 15:16:48.400,1.04406,1.04408,1.00,2.25
2016.10.12 15:16:48.452,1.04405,1.04408,2.62,2.25
2016.10.12 15:16:48.504,1.04405,1.04408,1.00,2.62
2016.10.12 15:16:48.555,1.04405,1.04408,1.00,3.37
2016.10.12 15:16:48.657,1.04405,1.04407,1.00,1.12
2016.10.12 15:16:48.760,1.04405,1.04407,1.00,1.50
2016.10.12 15:16:49.040,1.04404,1.04407,1.00,2.81
2016.10.12 15:16:49.098,1.04402,1.04404,1.87,1.12
2016.10.12 15:16:49.150,1.044,1.04403,5.44,1.00
2016.10.12 15:16:49.203,1.044,1.04403,3.00,1.00
2016.10.12 15:16:49.254,1.044,1.04403,1.87,1.00
2016.10.12 15:16:49.309,1.044,1.04403,1.00,1.00
2016.10.12 15:16:49.412,1.044,1.04403,1.50,1.00
2016.10.12 15:16:49.882,1.044,1.04403,1.87,1.00
2016.10.12 15:16:49.934,1.04402,1.04404,1.00,1.50
2016.10.12 15:16:49.986,1.04402,1.04404,1.00,1.12
2016.10.12 15:16:50.038,1.04402,1.04404,1.25,1.12
2016.10.12 15:16:50.090,1.04403,1.04405,1.00,2.44
2016.10.12 15:16:50.449,1.04403,1.04405,1.00,3.19
2016.10.12 15:16:51.123,1.04403,1.04405,1.00,3.37
2016.10.12 15:16:51.192,1.04402,1.04405,1.00,3.75
2016.10.12 15:16:51.547,1.04402,1.04405,1.00,4.50
2016.10.12 15:16:51.802,1.04401,1.04404,1.00,6.00
2016.10.12 15:16:51.854,1.04402,1.04404,1.00,1.50
2016.10.12 15:16:51.905,1.04402,1.04404,1.00,1.12
2016.10.12 15:16:52.160,1.04402,1.04405,1.00,5.44
2016.10.12 15:16:52.212,1.04402,1.04404,1.00,1.12
2016.10.12 15:16:52.264,1.04401,1.04404,1.00,1.00
2016.10.12 15:16:52.678,1.044,1.04401,1.50,2.62
2016.10.12 15:16:52.730,1.04395,1.04397,3.37,1.00
2016.10.12 15:16:52.781,1.04395,1.04396,2.25,1.00
2016.10.12 15:16:52.832,1.04394,1.04397,2.25,1.00
2016.10.12 15:16:52.934,1.04395,1.04397,1.50,1.00
2016.10.12 15:16:53.137,1.04395,1.04397,1.50,1.50
2016.10.12 15:16:53.675,1.04395,1.04398,1.50,1.75
2016.10.12 15:16:53.726,1.04395,1.04397,1.00,1.12
2016.10.12 15:16:54.034,1.04395,1.04398,1.50,1.50
2016.10.12 15:16:54.086,1.04395,1.04397,1.00,1.12
2016.10.12 15:16:54.137,1.04396,1.04397,1.00,1.12
2016.10.12 15:16:54.239,1.04395,1.04397,1.00,1.12
2016.10.12 15:16:54.509,1.04396,1.04397,1.00,1.12
2016.10.12 15:16:54.561,1.04395,1.04397,1.00,1.12
2016.10.12 15:16:54.869,1.04395,1.04398,1.50,1.50
2016.10.12 15:16:55.227,1.04395,1.04397,1.00,1.12
2016.10.12 15:16:55.587,1.04395,1.04397,1.00,1.00
2016.10.12 15:16:55.995,1.04395,1.04397,1.00,1.12
2016.10.12 15:16:56.568,1.04394,1.04397,2.62,1.12
2016.10.12 15:16:56.620,1.04394,1.04397,1.50,1.87
2016.10.12 15:16:57.120,1.04394,1.04396,1.00,1.00
2016.10.12 15:16:57.223,1.04393,1.04396,2.25,1.00
2016.10.12 15:16:57.275,1.04394,1.04396,1.00,1.00
2016.10.12 15:16:57.333,1.04394,1.04396,1.00,1.00
2016.10.12 15:16:57.384,1.04394,1.04396,1.00,1.50
2016.10.12 15:16:57.910,1.04394,1.04395,1.00,1.50
2016.10.12 15:16:58.436,1.04394,1.04396,1.00,1.50
2016.10.12 15:16:58.488,1.04394,1.04396,1.50,1.50
2016.10.12 15:16:58.540,1.04394,1.04395,1.00,1.00
2016.10.12 15:16:58.591,1.04394,1.04395,1.00,1.50
2016.10.12 15:16:58.642,1.04393,1.04395,1.00,1.50
2016.10.12 15:16:58.693,1.04392,1.04393,1.00,1.50
2016.10.12 15:16:58.795,1.04391,1.04393,2.25,1.50
2016.10.12 15:16:58.846,1.04391,1.04393,1.00,1.50
2016.10.12 15:16:59.159,1.04391,1.04393,1.00,1.87
2016.10.12 15:16:59.484,1.04391,1.04393,1.00,1.12
2016.10.12 15:16:59.536,1.04391,1.04393,1.50,1.12
2016.10.12 15:16:59.588,1.04391,1.04393,1.00,1.12
2016.10.12 15:16:59.691,1.04391,1.04393,1.00,1.87
2016.10.12 15:17:00.294,1.04391,1.04392,1.00,1.00
2016.10.12 15:17:00.549,1.04392,1.04393,1.00,1.12
2016.10.12 15:17:00.601,1.04392,1.04394,1.00,1.87
2016.10.12 15:17:00.703,1.04392,1.04394,1.50,1.50
2016.10.12 15:17:00.958,1.04392,1.04393,1.00,1.12
2016.10.12 15:17:01.023,1.04391,1.04394,2.25,3.00
2016.10.12 15:17:01.074,1.04391,1.04394,2.25,2.25
2016.10.12 15:17:01.126,1.04391,1.04393,1.00,1.00
2016.10.12 15:17:01.228,1.0439,1.04393,2.25,1.50
2016.10.12 15:17:01.279,1.04391,1.04393,1.00,1.00
2016.10.12 15:17:01.331,1.04392,1.04393,1.87,1.00
2016.10.12 15:17:01.382,1.04396,1.04397,1.00,9.00
2016.10.12 15:17:01.434,1.04394,1.04396,1.87,1.50
2016.10.12 15:17:01.673,1.04395,1.04396,1.00,1.00
2016.10.12 15:17:01.725,1.04395,1.04397,1.00,2.25
2016.10.12 15:17:01.827,1.04395,1.04397,1.00,1.50
2016.10.12 15:17:02.390,1.04396,1.04397,1.00,1.00
2016.10.12 15:17:02.493,1.04395,1.04397,1.00,1.50
2016.10.12 15:17:02.544,1.04395,1.04396,1.00,1.00
2016.10.12 15:17:02.697,1.04393,1.04396,2.62,1.00
2016.10.12 15:17:02.799,1.04393,1.04396,3.37,1.00
2016.10.12 15:17:03.151,1.04394,1.04396,1.35,1.00
2016.10.12 15:17:03.253,1.04395,1.04396,1.12,1.00
2016.10.12 15:17:03.406,1.04396,1.04399,1.00,1.19
2016.10.12 15:17:03.787,1.04396,1.04399,1.50,1.19
2016.10.12 15:17:03.838,1.04397,1.044,1.50,1.12
2016.10.12 15:17:04.042,1.04398,1.044,1.00,1.12
2016.10.12 15:17:04.300,1.04397,1.044,1.50,1.12
2016.10.12 15:17:04.507,1.044,1.04401,1.00,3.94
2016.10.12 15:17:04.558,1.044,1.04401,1.50,3.94
2016.10.12 15:17:04.610,1.044,1.04404,1.75,15.26
2016.10.12 15:17:04.661,1.044,1.04401,1.00,3.00
2016.10.12 15:17:04.763,1.044,1.04402,1.00,4.50
2016.10.12 15:17:04.817,1.044,1.04402,1.00,1.12
2016.10.12 15:17:05.329,1.044,1.04402,1.00,1.50
2016.10.12 15:17:05.637,1.044,1.04402,1.00,1.12
2016.10.12 15:17:05.740,1.044,1.04402,1.00,3.37
2016.10.12 15:17:05.792,1.04399,1.04401,1.00,1.00
2016.10.12 15:17:06.508,1.04401,1.04405,3.00,3.37
2016.10.12 15:17:06.560,1.04402,1.04405,4.50,1.00
2016.10.12 15:17:06.611,1.04402,1.04405,5.62,1.00
2016.10.12 15:17:06.662,1.04402,1.04405,4.12,1.00
2016.10.12 15:17:06.764,1.04402,1.04404,2.62,1.00
2016.10.12 15:17:06.815,1.04402,1.04405,1.87,1.00
2016.10.12 15:17:06.868,1.04402,1.04405,1.12,3.75
2016.10.12 15:17:06.920,1.04402,1.04405,1.00,4.12
2016.10.12 15:17:06.971,1.04401,1.04404,1.37,5.25
2016.10.12 15:17:07.213,1.04399,1.044,1.00,4.12
2016.10.12 15:17:07.265,1.04396,1.044,1.12,5.06
2016.10.12 15:17:07.317,1.04396,1.04398,1.00,1.00
2016.10.12 15:17:07.369,1.04395,1.04399,1.75,4.50
2016.10.12 15:17:07.421,1.04395,1.04399,1.75,5.25
2016.10.12 15:17:07.477,1.04394,1.04399,2.25,5.25
2016.10.12 15:17:07.529,1.04394,1.04399,2.25,4.50
2016.10.12 15:17:07.993,1.04394,1.04397,2.25,1.00
2016.10.12 15:17:08.250,1.04394,1.04397,1.50,1.00
2016.10.12 15:17:08.406,1.04393,1.04396,4.12,1.00
2016.10.12 15:17:08.694,1.04393,1.04395,3.37,1.00
2016.10.12 15:17:09.208,1.04393,1.04396,3.37,1.00
2016.10.12 15:17:09.311,1.04394,1.04397,1.12,1.00
2016.10.12 15:17:11.333,1.04394,1.04397,1.12,1.50
2016.10.12 15:17:12.169,1.04394,1.04397,1.12,1.00
2016.10.12 15:17:12.322,1.04395,1.04397,1.00,1.00
2016.10.12 15:17:13.997,1.04394,1.04396,1.12,1.00
2016.10.12 15:17:14.099,1.04393,1.04395,1.37,1.00
2016.10.12 15:17:14.554,1.04393,1.04395,1.00,1.00
2016.10.12 15:17:14.823,1.04393,1.04396,1.50,1.00
2016.10.12 15:17:14.875,1.04394,1.04395,1.00,1.00
2016.10.12 15:17:14.978,1.04393,1.04395,1.00,1.00
2016.10.12 15:17:15.336,1.04392,1.04395,3.00,1.00
2016.10.12 15:17:15.439,1.04393,1.04395,1.00,1.00
2016.10.12 15:17:15.491,1.04393,1.04395,1.50,1.00
2016.10.12 15:17:15.594,1.04393,1.04395,1.87,1.00
2016.10.12 15:17:15.697,1.04393,1.04396,2.62,1.00
2016.10.12 15:17:15.749,1.04393,1.04397,4.37,1.00
2016.10.12 15:17:15.801,1.04394,1.04398,1.12,1.69
2016.10.12 15:17:15.852,1.04394,1.04398,2.24,1.50
2016.10.12 15:17:16.054,1.04394,1.04398,2.99,1.50
2016.10.12 15:17:16.139,1.04394,1.04398,2.99,1.12
2016.10.12 15:17:16.190,1.04394,1.04398,3.74,1.12
2016.10.12 15:17:16.242,1.04394,1.04398,3.75,1.12
2016.10.12 15:17:16.294,1.04394,1.04398,3.37,1.00
2016.10.12 15:17:16.346,1.04394,1.04398,4.12,1.00
2016.10.12 15:17:16.397,1.04394,1.04398,3.37,1.00
2016.10.12 15:17:16.602,1.04394,1.04398,3.74,1.00
2016.10.12 15:17:17.382,1.04394,1.04398,6.37,1.00
2016.10.12 15:17:17.435,1.04396,1.04399,1.13,1.87
2016.10.12 15:17:17.502,1.04396,1.04399,2.13,1.87
2016.10.12 15:17:17.769,1.04396,1.04398,1.13,1.00
2016.10.12 15:17:17.820,1.04395,1.04398,3.45,1.00
2016.10.12 15:17:18.125,1.04395,1.04398,3.45,1.19
2016.10.12 15:17:18.176,1.04395,1.04397,1.20,1.25
2016.10.12 15:17:18.228,1.04394,1.04396,2.62,1.00
2016.10.12 15:17:18.279,1.04393,1.04396,1.87,1.00
2016.10.12 15:17:18.330,1.04393,1.04396,1.50,1.00
2016.10.12 15:17:18.532,1.04393,1.04395,1.00,1.12
2016.10.12 15:17:18.583,1.04393,1.04394,1.50,1.12
2016.10.12 15:17:18.787,1.04391,1.04394,1.50,1.00
2016.10.12 15:17:19.204,1.04391,1.04394,3.00,1.00
2016.10.12 15:17:20.208,1.04391,1.04394,3.75,1.00
2016.10.12 15:17:20.318,1.04391,1.04392,2.25,1.00
2016.10.12 15:17:20.370,1.0439,1.04392,3.00,3.60
2016.10.12 15:17:20.421,1.0439,1.04391,2.25,2.06
2016.10.12 15:17:20.473,1.04389,1.0439,1.87,1.25
2016.10.12 15:17:20.524,1.04387,1.04389,2.62,1.12
2016.10.12 15:17:20.575,1.04386,1.04387,1.50,1.00
2016.10.12 15:17:20.800,1.04385,1.04387,1.00,1.00
2016.10.12 15:17:20.853,1.04385,1.04387,1.50,1.00
2016.10.12 15:17:20.956,1.04385,1.04387,1.00,1.00
2016.10.12 15:17:21.411,1.04384,1.04387,5.25,1.00
2016.10.12 15:17:21.463,1.04384,1.04387,5.25,1.00
2016.10.12 15:17:21.514,1.04384,1.04387,4.95,1.00
2016.10.12 15:17:21.565,1.04384,1.04387,5.70,1.00
2016.10.12 15:17:21.616,1.04384,1.04387,4.95,1.00
2016.10.12 15:17:21.979,1.04385,1.04388,1.00,1.00
2016.10.12 15:17:22.896,1.04385,1.04388,1.50,1.00
2016.10.12 15:17:23.135,1.04385,1.04387,1.00,1.00
2016.10.12 15:17:23.187,1.0438,1.04383,16.57,8.65
2016.10.12 15:17:23.238,1.04378,1.04381,23.32,3.59
2016.10.12 15:17:23.290,1.04376,1.04381,1.00,15.59
2016.10.12 15:17:23.341,1.04375,1.04377,1.12,8.25
2016.10.12 15:17:23.443,1.04377,1.04378,1.50,2.25
2016.10.12 15:17:24.069,1.04377,1.04378,1.50,1.50
2016.10.12 15:17:24.120,1.04377,1.04378,1.00,1.00
2016.10.12 15:17:24.425,1.04376,1.04378,1.50,1.00
2016.10.12 15:17:24.974,1.04376,1.04378,1.50,1.00
2016.10.12 15:17:25.179,1.04366,1.04372,1.50,3.85
2016.10.12 15:17:25.231,1.04366,1.04369,1.50,1.50
2016.10.12 15:17:25.282,1.04367,1.0437,1.00,1.31
2016.10.12 15:17:25.334,1.04368,1.04369,3.75,1.00
2016.10.12 15:17:25.385,1.04369,1.04371,4.49,11.29
2016.10.12 15:17:25.436,1.04367,1.04369,7.87,1.50
2016.10.12 15:17:25.489,1.04371,1.04372,1.12,4.69
2016.10.12 15:17:25.717,1.04371,1.04372,1.00,2.25
2016.10.12 15:17:25.768,1.04373,1.04374,1.50,1.00
2016.10.12 15:17:25.921,1.04373,1.04374,1.00,1.00
2016.10.12 15:17:26.031,1.04372,1.04374,1.50,1.00
2016.10.12 15:17:26.133,1.04373,1.04375,1.00,1.12
2016.10.12 15:17:26.649,1.04373,1.04374,1.50,1.00
2016.10.12 15:17:26.701,1.04379,1.0438,2.47,1.87
2016.10.12 15:17:26.752,1.04379,1.04381,3.60,1.87
2016.10.12 15:17:26.804,1.04381,1.04382,1.00,1.00
2016.10.12 15:17:26.857,1.0438,1.04382,4.12,1.00
2016.10.12 15:17:26.908,1.04385,1.04387,1.00,3.80
2016.10.12 15:17:26.959,1.04386,1.04387,1.00,2.10
2016.10.12 15:17:27.219,1.04386,1.04387,1.50,1.12
2016.10.12 15:17:27.334,1.04386,1.04387,1.50,1.00
2016.10.12 15:17:28.205,1.04386,1.04387,1.00,1.50
2016.10.12 15:17:28.257,1.04383,1.04386,1.12,1.25
2016.10.12 15:17:28.309,1.04383,1.04385,1.12,1.00
2016.10.12 15:17:28.412,1.04383,1.04385,1.00,1.00
2016.10.12 15:17:28.941,1.04383,1.04384,1.00,1.00
2016.10.12 15:17:29.611,1.04382,1.04384,1.00,1.00
2016.10.12 15:17:29.713,1.04382,1.04385,1.00,1.87
2016.10.12 15:17:29.765,1.04382,1.04385,1.00,1.50
2016.10.12 15:17:30.515,1.04382,1.04385,1.00,1.00
2016.10.12 15:17:30.577,1.04385,1.04387,1.00,5.64
2016.10.12 15:17:30.628,1.04385,1.04387,1.00,4.14
2016.10.12 15:17:30.679,1.04385,1.04387,1.00,3.00
2016.10.12 15:17:30.730,1.04386,1.04388,1.00,2.81
2016.10.12 15:17:30.781,1.04385,1.04387,1.00,2.25
2016.10.12 15:17:31.224,1.04385,1.04387,1.00,1.50
2016.10.12 15:17:31.296,1.04383,1.04386,1.12,1.12
2016.10.12 15:17:31.347,1.04383,1.04385,1.12,1.00
2016.10.12 15:17:31.399,1.04383,1.04385,1.00,1.00
2016.10.12 15:17:31.450,1.04382,1.04385,1.00,1.50
2016.10.12 15:17:32.981,1.04383,1.04385,1.00,1.00
2016.10.12 15:17:33.032,1.04384,1.04386,1.00,1.31
2016.10.12 15:17:33.084,1.04386,1.04387,1.00,1.50
2016.10.12 15:17:33.139,1.04386,1.04387,1.00,1.00
2016.10.12 15:17:33.242,1.04386,1.04389,1.00,3.94
2016.10.12 15:17:33.607,1.04386,1.04389,1.00,3.56
2016.10.12 15:17:33.709,1.04387,1.04389,1.00,2.81
2016.10.12 15:17:33.761,1.04387,1.04389,1.00,2.62
2016.10.12 15:17:33.812,1.04387,1.04389,1.00,1.12
2016.10.12 15:17:33.863,1.04386,1.04389,1.50,1.12
2016.10.12 15:17:33.914,1.04386,1.04389,1.87,1.00
2016.10.12 15:17:34.068,1.04388,1.04389,1.00,1.00
2016.10.12 15:17:34.486,1.04388,1.0439,1.50,1.00
2016.10.12 15:17:34.589,1.04388,1.0439,1.00,1.00
2016.10.12 15:17:35.936,1.04388,1.0439,1.00,1.50
2016.10.12 15:17:36.141,1.04388,1.04389,1.00,1.00
2016.10.12 15:17:36.551,1.04388,1.0439,1.00,1.50
2016.10.12 15:17:37.247,1.04388,1.0439,1.00,1.00
2016.10.12 15:17:37.298,1.0439,1.04391,2.25,1.87
2016.10.12 15:17:37.349,1.0439,1.04392,1.00,1.50
2016.10.12 15:17:37.453,1.0439,1.04393,1.00,2.62
2016.10.12 15:17:37.504,1.04391,1.04393,1.00,1.87
2016.10.12 15:17:37.555,1.04391,1.04393,1.69,1.87
2016.10.12 15:17:37.657,1.04391,1.04393,2.44,1.00
2016.10.12 15:17:37.863,1.04391,1.04394,2.44,2.44
2016.10.12 15:17:38.156,1.04391,1.04394,1.50,2.44
2016.10.12 15:17:38.512,1.04391,1.04394,3.00,2.44
2016.10.12 15:17:38.766,1.04391,1.04393,3.00,1.00
2016.10.12 15:17:38.970,1.04391,1.04393,3.00,1.12
2016.10.12 15:17:39.021,1.04391,1.04393,4.12,1.12
2016.10.12 15:17:39.072,1.04392,1.04394,1.25,3.19
2016.10.12 15:17:39.333,1.04392,1.04393,1.25,1.12
2016.10.12 15:17:39.409,1.04392,1.04393,1.25,1.87
2016.10.12 15:17:39.461,1.04391,1.04393,1.50,2.62
2016.10.12 15:17:39.513,1.0439,1.04391,3.00,1.00
2016.10.12 15:17:39.564,1.0439,1.04391,2.25,1.50
2016.10.12 15:17:39.615,1.04388,1.04389,2.25,1.00
2016.10.12 15:17:39.666,1.04388,1.0439,1.50,1.00
2016.10.12 15:17:39.717,1.04386,1.04389,3.00,1.00
2016.10.12 15:17:39.768,1.04386,1.04389,2.25,1.12
2016.10.12 15:17:40.276,1.04386,1.04389,1.00,1.12
2016.10.12 15:17:41.994,1.04385,1.04388,1.50,1.00
2016.10.12 15:17:42.096,1.04385,1.04388,1.50,1.50
2016.10.12 15:17:42.199,1.04385,1.04388,1.00,1.50
2016.10.12 15:17:42.855,1.04385,1.04388,1.50,1.50
2016.10.12 15:17:43.375,1.04385,1.04388,1.00,1.50
2016.10.12 15:17:45.663,1.04385,1.04388,1.00,2.25
2016.10.12 15:17:45.765,1.04385,1.04388,1.00,1.50
2016.10.12 15:17:46.042,1.04385,1.04388,1.00,1.87
2016.10.12 15:17:46.986,1.04386,1.04388,1.00,1.50
2016.10.12 15:17:47.098,1.04385,1.04388,2.62,1.50
2016.10.12 15:17:47.149,1.04385,1.04388,2.25,1.50
2016.10.12 15:17:47.679,1.04385,1.04388,3.00,1.50
2016.10.12 15:17:47.781,1.04385,1.04388,2.25,1.50
2016.10.12 15:17:47.883,1.04386,1.04388,1.50,1.00
2016.10.12 15:17:47.986,1.04386,1.04389,1.00,1.50
2016.10.12 15:17:48.375,1.04385,1.04388,2.25,1.50
2016.10.12 15:17:48.528,1.04385,1.04386,1.00,1.00
2016.10.12 15:17:48.580,1.04384,1.04385,2.25,1.50
2016.10.12 15:17:48.631,1.04384,1.04386,2.25,1.00
2016.10.12 15:17:48.683,1.04385,1.04386,1.00,1.50
2016.10.12 15:17:48.734,1.04385,1.04388,1.50,1.87
2016.10.12 15:17:48.837,1.04385,1.04388,1.50,1.50
2016.10.12 15:17:49.456,1.04385,1.04388,1.50,1.50
2016.10.12 15:17:49.661,1.04385,1.04388,2.10,1.00
2016.10.12 15:17:49.714,1.04388,1.0439,2.85,5.25
2016.10.12 15:17:49.925,1.04389,1.0439,1.35,3.75
2016.10.12 15:17:49.980,1.0439,1.04393,1.50,1.87
2016.10.12 15:17:50.031,1.0439,1.04393,2.25,1.50
2016.10.12 15:17:50.083,1.0439,1.04393,2.25,1.00
2016.10.12 15:17:50.134,1.04391,1.04394,1.00,1.87
2016.10.12 15:17:50.619,1.04391,1.04394,1.87,1.50
2016.10.12 15:17:50.874,1.04391,1.04394,3.75,1.00
2016.10.12 15:17:50.925,1.04392,1.04395,1.00,1.50
2016.10.12 15:17:51.078,1.04392,1.04395,1.12,1.50
2016.10.12 15:17:51.181,1.04392,1.04395,1.50,1.50
2016.10.12 15:17:51.699,1.04393,1.04395,1.35,1.00
2016.10.12 15:17:51.750,1.04394,1.04396,1.00,1.69
2016.10.12 15:17:51.801,1.04395,1.04397,1.50,1.87
2016.10.12 15:17:51.852,1.04397,1.04398,1.00,2.25
2016.10.12 15:17:51.904,1.04396,1.04397,1.00,1.00
2016.10.12 15:17:52.186,1.04396,1.04399,1.00,1.00
2016.10.12 15:17:54.201,1.04397,1.044,1.00,1.31
2016.10.12 15:17:55.193,1.04396,1.04398,1.30,1.00
2016.10.12 15:17:55.245,1.04395,1.04398,3.82,1.50
2016.10.12 15:17:55.296,1.04395,1.04397,3.07,1.00
2016.10.12 15:17:55.347,1.04394,1.04397,1.87,1.00
2016.10.12 15:17:55.399,1.04394,1.04397,1.12,1.00
2016.10.12 15:17:55.450,1.04393,1.04396,2.25,1.00
2016.10.12 15:17:55.742,1.04393,1.04396,1.87,1.50
2016.10.12 15:17:55.798,1.04392,1.04394,2.25,1.00
2016.10.12 15:17:55.849,1.04391,1.04394,1.37,1.00
2016.10.12 15:17:55.902,1.04392,1.04395,1.00,2.62
2016.10.12 15:17:55.953,1.04392,1.04395,1.00,3.37
2016.10.12 15:17:56.349,1.04392,1.04395,1.00,2.62
2016.10.12 15:17:56.645,1.04392,1.04395,1.50,2.62
2016.10.12 15:17:56.696,1.04403,1.04405,2.10,9.19
2016.10.12 15:17:56.748,1.04399,1.04402,5.47,1.37
2016.10.12 15:17:56.801,1.04405,1.04408,2.85,4.12
2016.10.12 15:17:56.853,1.04409,1.04411,1.00,6.94
2016.10.12 15:17:56.904,1.04408,1.04411,3.25,3.19
2016.10.12 15:17:56.956,1.04409,1.04411,1.00,2.62
2016.10.12 15:17:57.007,1.04408,1.04411,1.12,2.62
2016.10.12 15:17:57.058,1.04409,1.04411,1.00,1.50
2016.10.12 15:17:57.288,1.0441,1.04411,1.00,1.00
2016.10.12 15:17:58.156,1.04409,1.04411,1.00,1.00
2016.10.12 15:17:59.430,1.04407,1.0441,4.87,1.00
2016.10.12 15:17:59.736,1.04409,1.04411,1.00,1.00
2016.10.12 15:17:59.838,1.04407,1.0441,6.37,1.50
2016.10.12 15:17:59.890,1.04407,1.0441,6.37,1.00
2016.10.12 15:18:00.163,1.04409,1.04411,1.00,1.00
2016.10.12 15:18:01.119,1.04409,1.0441,1.00,1.00
2016.10.12 15:18:01.195,1.04408,1.04411,1.00,1.50
2016.10.12 15:18:01.297,1.04408,1.04411,1.00,1.50
2016.10.12 15:18:01.808,1.04409,1.04411,1.00,1.00
2016.10.12 15:18:03.108,1.0441,1.04411,1.00,1.00
2016.10.12 15:18:03.395,1.04408,1.04411,1.00,1.00
2016.10.12 15:18:03.701,1.0441,1.04411,1.00,1.00
2016.10.12 15:18:03.855,1.04408,1.04411,1.00,1.00
2016.10.12 15:18:04.126,1.04408,1.0441,1.00,1.00
2016.10.12 15:18:04.184,1.04409,1.0441,1.00,1.12
2016.10.12 15:18:04.693,1.04408,1.0441,1.00,1.12
2016.10.12 15:18:05.423,1.04407,1.0441,1.00,2.06
2016.10.12 15:18:05.474,1.04406,1.04409,1.00,1.25
2016.10.12 15:18:05.526,1.04406,1.04409,1.00,1.25
2016.10.12 15:18:05.989,1.04406,1.04407,1.00,1.12
2016.10.12 15:18:06.055,1.04405,1.04407,1.50,1.12
2016.10.12 15:18:06.125,1.04404,1.04407,1.00,1.12
2016.10.12 15:18:06.736,1.04402,1.04405,4.12,1.50
2016.10.12 15:18:06.787,1.04402,1.04405,1.87,1.50
2016.10.12 15:18:06.838,1.04402,1.04405,2.62,1.87
2016.10.12 15:18:07.144,1.04402,1.04405,1.87,1.87
2016.10.12 15:18:07.348,1.04403,1.04405,1.00,1.12
2016.10.12 15:18:07.604,1.04403,1.04406,1.00,2.25
2016.10.12 15:18:07.668,1.04403,1.04406,1.00,1.50
2016.10.12 15:18:07.719,1.04403,1.04406,1.00,1.12
2016.10.12 15:18:10.279,1.04406,1.04408,1.12,1.37
2016.10.12 15:18:10.330,1.04407,1.04408,1.00,1.50
2016.10.12 15:18:10.537,1.04407,1.04408,1.00,1.00
2016.10.12 15:18:10.589,1.04407,1.0441,1.87,1.87
2016.10.12 15:18:10.895,1.04407,1.0441,1.12,1.87
2016.10.12 15:18:11.099,1.04407,1.0441,1.00,1.87
2016.10.12 15:18:11.393,1.04407,1.0441,2.25,1.87
2016.10.12 15:18:11.496,1.04407,1.0441,2.25,1.12
2016.10.12 15:18:12.507,1.04407,1.0441,1.12,1.00
2016.10.12 15:18:12.879,1.04406,1.04409,4.76,1.00
2016.10.12 15:18:12.981,1.04406,1.04407,4.76,1.00
2016.10.12 15:18:13.032,1.04406,1.04408,4.76,1.50
2016.10.12 15:18:13.083,1.04406,1.04408,1.37,2.25
2016.10.12 15:18:13.287,1.04405,1.04406,1.50,1.00
2016.10.12 15:18:13.348,1.04404,1.04406,1.00,1.50
2016.10.12 15:18:13.502,1.04403,1.04406,5.62,1.50
2016.10.12 15:18:13.604,1.04403,1.04406,4.87,1.50
2016.10.12 15:18:14.181,1.04403,1.04406,2.62,1.50
2016.10.12 15:18:15.293,1.04403,1.04406,1.87,1.87
2016.10.12 15:18:15.347,1.04403,1.04406,1.87,1.12
2016.10.12 15:18:16.743,1.04403,1.04405,1.12,1.00
2016.10.12 15:18:16.795,1.04402,1.04405,2.25,1.00
2016.10.12 15:18:16.846,1.04402,1.04405,2.25,1.50
2016.10.12 15:18:16.898,1.04402,1.04405,1.37,1.50
2016.10.12 15:18:16.949,1.04402,1.04404,1.12,1.12
2016.10.12 15:18:17.051,1.04402,1.04404,1.00,1.12
2016.10.12 15:18:17.103,1.04402,1.04404,1.12,1.12
2016.10.12 15:18:17.205,1.04402,1.04405,1.12,2.25
2016.10.12 15:18:17.523,1.04402,1.04405,1.00,2.25
2016.10.12 15:18:17.726,1.04401,1.04405,3.75,2.25
2016.10.12 15:18:17.778,1.04401,1.04404,3.00,1.12
2016.10.12 15:18:18.386,1.04401,1.04404,2.25,1.12
2016.10.12 15:18:18.539,1.04401,1.04404,1.87,1.12
2016.10.12 15:18:18.590,1.04401,1.04404,1.50,1.12
2016.10.12 15:18:18.794,1.04401,1.04404,1.50,1.50
2016.10.12 15:18:19.508,1.044,1.04403,6.45,1.87
2016.10.12 15:18:19.559,1.044,1.04403,6.07,1.87
2016.10.12 15:18:19.661,1.044,1.04403,6.07,2.25
2016.10.12 15:18:19.712,1.044,1.04403,6.45,2.25
2016.10.12 15:18:20.123,1.044,1.04403,6.45,1.50
2016.10.12 15:18:21.267,1.04401,1.04404,1.00,2.25
2016.10.12 15:18:21.533,1.04401,1.04404,1.69,2.25
2016.10.12 15:18:21.788,1.04402,1.04403,1.00,1.00
2016.10.12 15:18:21.993,1.04402,1.04404,1.00,2.25
2016.10.12 15:18:22.448,1.04401,1.04402,1.00,1.87
2016.10.12 15:18:22.525,1.044,1.04402,1.00,1.87
2016.10.12 15:18:22.886,1.04399,1.04401,1.87,1.00
2016.10.12 15:18:23.662,1.04399,1.04401,2.62,1.12
2016.10.12 15:18:23.797,1.04399,1.04401,1.87,1.12
2016.10.12 15:18:23.849,1.04399,1.04401,1.50,1.12
2016.10.12 15:18:23.900,1.04399,1.04401,1.50,1.87
2016.10.12 15:18:24.511,1.04399,1.044,1.00,1.00
2016.10.12 15:18:24.921,1.04399,1.044,1.50,1.00
2016.10.12 15:18:24.972,1.04399,1.044,1.00,1.00
2016.10.12 15:18:25.025,1.04399,1.04401,1.00,1.87
2016.10.12 15:18:26.289,1.04399,1.04401,1.50,1.12
2016.10.12 15:18:26.348,1.04399,1.04402,1.50,2.25
2016.10.12 15:18:27.523,1.04399,1.04402,1.50,3.00
2016.10.12 15:18:29.225,1.044,1.04402,1.00,2.25
2016.10.12 15:18:29.276,1.044,1.04402,1.00,2.25
2016.10.12 15:18:29.327,1.04401,1.04402,1.25,1.00
2016.10.12 15:18:29.535,1.04401,1.04402,1.00,1.00
2016.10.12 15:18:29.588,1.044,1.04403,3.26,2.62
2016.10.12 15:18:30.049,1.044,1.04403,3.07,2.62
2016.10.12 15:18:30.356,1.044,1.04403,4.57,2.62
2016.10.12 15:18:31.931,1.044,1.04402,3.82,1.87
2016.10.12 15:18:32.033,1.04399,1.04402,3.37,1.87
2016.10.12 15:18:32.084,1.04399,1.04402,1.50,1.87
2016.10.12 15:18:32.135,1.04399,1.04401,1.50,1.00
2016.10.12 15:18:32.186,1.04399,1.04401,1.00,1.00
2016.10.12 15:18:32.288,1.04398,1.044,2.25,1.00
2016.10.12 15:18:32.503,1.04398,1.04399,2.25,1.00
2016.10.12 15:18:32.554,1.04397,1.04398,1.50,1.50
2016.10.12 15:18:32.606,1.04394,1.04396,9.75,1.00
2016.10.12 15:18:32.657,1.04395,1.04396,1.12,1.00
2016.10.12 15:18:32.709,1.04394,1.04396,2.62,1.00
2016.10.12 15:18:32.760,1.04394,1.04395,1.12,1.12
2016.10.12 15:18:32.811,1.04393,1.04394,1.00,1.35
2016.10.12 15:18:32.862,1.04391,1.04392,1.87,1.12
2016.10.12 15:18:32.913,1.0439,1.04392,1.50,1.12
2016.10.12 15:18:32.965,1.04389,1.04391,1.37,1.87
2016.10.12 15:18:33.424,1.04388,1.0439,1.00,1.12
2016.10.12 15:18:33.526,1.04388,1.0439,1.00,1.50
2016.10.12 15:18:33.884,1.04387,1.04389,2.25,1.12
2016.10.12 15:18:33.935,1.04387,1.04389,1.00,1.12
2016.10.12 15:18:33.986,1.04387,1.04389,1.00,1.12
2016.10.12 15:18:34.576,1.04386,1.04389,3.00,1.12
2016.10.12 15:18:34.628,1.04386,1.04389,1.50,1.12
2016.10.12 15:18:35.295,1.04386,1.04389,1.72,1.12
2016.10.12 15:18:35.659,1.04387,1.0439,1.00,1.50
2016.10.12 15:18:35.711,1.04388,1.04391,1.00,3.00
2016.10.12 15:18:35.763,1.04388,1.04391,1.87,1.87
2016.10.12 15:18:35.814,1.04388,1.04391,2.66,1.12
2016.10.12 15:18:35.866,1.04389,1.04391,3.00,1.00
2016.10.12 15:18:35.917,1.04389,1.04391,3.79,1.00
2016.10.12 15:18:36.130,1.0439,1.04392,1.30,1.50
2016.10.12 15:18:36.210,1.04391,1.04393,1.12,1.12
2016.10.12 15:18:36.262,1.04391,1.04393,2.25,1.00
2016.10.12 15:18:36.313,1.04394,1.04396,1.41,8.25
2016.10.12 15:18:36.365,1.04394,1.04396,1.16,2.25
2016.10.12 15:18:36.416,1.04394,1.04396,1.12,2.25
2016.10.12 15:18:36.467,1.04394,1.04395,1.87,1.00
2016.10.12 15:18:36.519,1.04394,1.04396,1.50,1.50
2016.10.12 15:18:36.875,1.04394,1.04396,1.69,1.00
2016.10.12 15:18:37.109,1.04396,1.04397,2.62,1.50
2016.10.12 15:18:37.160,1.04398,1.04399,1.87,1.50
2016.10.12 15:18:37.211,1.04398,1.04399,1.12,1.50
2016.10.12 15:18:37.262,1.04398,1.04401,1.87,2.25
2016.10.12 15:18:37.314,1.04398,1.04401,2.62,2.25
2016.10.12 15:18:37.365,1.04398,1.04401,2.62,1.87
2016.10.12 15:18:37.852,1.04398,1.04401,1.87,1.87
2016.10.12 15:18:37.907,1.04401,1.04402,1.00,1.00
2016.10.12 15:18:37.958,1.04401,1.04403,2.12,1.00
2016.10.12 15:18:38.009,1.04402,1.04403,1.00,1.50
2016.10.12 15:18:38.061,1.044,1.04402,3.00,1.00
2016.10.12 15:18:38.112,1.044,1.04402,1.37,1.50
2016.10.12 15:18:38.163,1.044,1.04402,1.37,1.00
2016.10.12 15:18:38.214,1.044,1.04403,1.37,4.12
2016.10.12 15:18:38.266,1.044,1.04403,1.12,5.62
2016.10.12 15:18:38.318,1.04399,1.04402,1.75,2.62
2016.10.12 15:18:38.547,1.044,1.04403,1.27,4.87
2016.10.12 15:18:38.599,1.04401,1.04402,1.00,2.62
2016.10.12 15:18:38.651,1.044,1.04401,1.87,1.00
2016.10.12 15:18:38.702,1.044,1.04402,2.12,2.62
2016.10.12 15:18:38.855,1.04401,1.04402,1.00,2.62
2016.10.12 15:18:39.059,1.044,1.04402,2.12,2.62
2016.10.12 15:18:39.160,1.04401,1.04402,1.12,1.50
2016.10.12 15:18:39.263,1.04399,1.04401,6.37,1.00
2016.10.12 15:18:39.735,1.04399,1.04401,1.50,1.50
2016.10.12 15:18:40.205,1.04398,1.044,2.44,1.00
2016.10.12 15:18:40.257,1.044,1.04401,1.00,2.25
2016.10.12 15:18:40.308,1.04398,1.044,2.62,2.50
2016.10.12 15:18:40.555,1.04399,1.044,1.12,1.50
2016.10.12 15:18:40.607,1.04398,1.04401,1.12,2.62
2016.10.12 15:18:40.812,1.04399,1.044,1.00,1.50
2016.10.12 15:18:42.715,1.04398,1.04399,1.12,1.00
2016.10.12 15:18:42.767,1.04398,1.04399,1.00,1.00
2016.10.12 15:18:43.240,1.04397,1.04401,1.75,1.50
2016.10.12 15:18:43.292,1.04396,1.04401,1.87,1.50
2016.10.12 15:18:43.549,1.04396,1.04401,2.25,1.50
2016.10.12 15:18:43.857,1.04399,1.04401,1.50,1.00
2016.10.12 15:18:43.960,1.044,1.04401,1.12,1.00
2016.10.12 15:18:44.012,1.044,1.04405,1.75,8.62
2016.10.12 15:18:44.063,1.044,1.04405,1.87,5.25
2016.10.12 15:18:44.114,1.044,1.04405,1.87,4.87
2016.10.12 15:18:44.377,1.044,1.04405,2.25,2.25
2016.10.12 15:18:44.581,1.04401,1.04402,1.00,1.00
2016.10.12 15:18:44.734,1.044,1.04405,2.25,3.75
2016.10.12 15:18:44.991,1.044,1.04405,2.25,3.00
2016.10.12 15:18:45.487,1.044,1.04405,2.25,3.75
2016.10.12 15:18:45.538,1.044,1.04401,1.50,1.00
2016.10.12 15:18:45.640,1.044,1.04401,1.12,1.50
2016.10.12 15:18:45.743,1.044,1.04401,1.12,1.00
2016.10.12 15:18:45.794,1.044,1.04401,2.62,1.00
2016.10.12 15:18:45.845,1.044,1.04401,1.87,1.00
2016.10.12 15:18:45.896,1.044,1.04401,2.62,1.00
2016.10.12 15:18:45.947,1.044,1.04402,2.12,1.50
2016.10.12 15:18:46.366,1.04401,1.04402,1.00,1.50
2016.10.12 15:18:46.982,1.044,1.04405,3.00,4.87
2016.10.12 15:18:47.034,1.044,1.04405,3.00,4.12
2016.10.12 15:18:47.336,1.044,1.04405,3.00,4.87
2016.10.12 15:18:47.438,1.044,1.04405,4.16,4.12
2016.10.12 15:18:47.489,1.044,1.04405,5.66,2.62
2016.10.12 15:18:47.541,1.044,1.04405,5.66,2.25
2016.10.12 15:18:47.697,1.044,1.04405,5.66,1.50
2016.10.12 15:18:48.106,1.044,1.04405,5.47,1.50
2016.10.12 15:18:48.425,1.044,1.04405,5.44,1.50
2016.10.12 15:18:48.528,1.044,1.04405,5.25,1.50
2016.10.12 15:18:48.998,1.04401,1.04402,3.07,1.00
2016.10.12 15:18:49.049,1.04402,1.04405,1.12,1.00
2016.10.12 15:18:49.253,1.04402,1.04404,6.00,1.00
2016.10.12 15:18:49.304,1.04402,1.04404,5.62,1.50
2016.10.12 15:18:49.356,1.04402,1.04404,5.25,1.50
2016.10.12 15:18:49.458,1.04402,1.04404,4.50,1.50
2016.10.12 15:18:49.884,1.04402,1.04404,4.12,1.50
2016.10.12 15:18:50.291,1.04402,1.04404,5.25,1.00
2016.10.12 15:18:50.444,1.04402,1.04404,5.62,1.00
2016.10.12 15:18:50.648,1.04402,1.04404,5.62,1.00
2016.10.12 15:18:51.371,1.04403,1.04406,1.12,1.50
2016.10.12 15:18:52.069,1.04403,1.04406,1.12,2.25
2016.10.12 15:18:52.120,1.04401,1.04406,4.50,2.25
2016.10.12 15:18:52.274,1.04401,1.04406,4.50,3.00
2016.10.12 15:18:52.529,1.04401,1.04406,4.50,2.25
2016.10.12 15:18:53.491,1.04401,1.04406,3.00,2.25
2016.10.12 15:18:53.696,1.04403,1.04404,1.00,1.00
2016.10.12 15:18:54.192,1.04401,1.04403,1.00,1.50
2016.10.12 15:18:54.243,1.044,1.04405,2.25,4.87
2016.10.12 15:18:54.447,1.044,1.04404,2.25,1.50
2016.10.12 15:18:55.482,1.044,1.04404,2.62,1.50
2016.10.12 15:18:56.103,1.04402,1.04403,1.00,1.50
2016.10.12 15:18:56.630,1.04403,1.04404,1.00,1.00
2016.10.12 15:18:57.029,1.04402,1.04405,2.25,1.50
2016.10.12 15:18:58.306,1.04402,1.04406,2.25,2.25
2016.10.12 15:18:58.917,1.04402,1.04406,2.62,2.25
2016.10.12 15:18:58.974,1.04404,1.04405,1.00,1.50
2016.10.12 15:18:59.076,1.04402,1.04405,2.62,1.50
2016.10.12 15:18:59.230,1.04402,1.04405,4.12,1.50
2016.10.12 15:18:59.283,1.04402,1.04405,3.75,1.50
2016.10.12 15:18:59.386,1.04402,1.04405,4.72,1.50
2016.10.12 15:18:59.437,1.04402,1.04405,4.12,1.50
2016.10.12 15:18:59.934,1.04402,1.04405,4.87,1.50
2016.10.12 15:18:59.985,1.04402,1.04405,4.50,1.50
2016.10.12 15:19:00.740,1.04402,1.04405,5.62,1.50
2016.10.12 15:19:00.791,1.04402,1.04405,5.25,1.50
2016.10.12 15:19:00.995,1.04402,1.04405,5.62,1.50
2016.10.12 15:19:01.124,1.04402,1.04405,6.37,1.50
2016.10.12 15:19:01.681,1.04402,1.04404,5.62,1.00
2016.10.12 15:19:01.733,1.04402,1.04405,6.00,1.50
2016.10.12 15:19:01.784,1.04403,1.04406,1.12,7.16
2016.10.12 15:19:01.835,1.04401,1.04405,1.87,4.87
2016.10.12 15:19:01.887,1.04401,1.04405,1.12,5.06
2016.10.12 15:19:01.938,1.04401,1.04403,1.00,1.50
2016.10.12 15:19:04.301,1.04402,1.04403,1.00,1.50
2016.10.12 15:19:04.352,1.04404,1.04405,1.00,1.12
2016.10.12 15:19:04.611,1.04404,1.04405,1.00,1.50
2016.10.12 15:19:04.676,1.04402,1.04405,5.44,1.50
2016.10.12 15:19:04.881,1.04403,1.04405,1.00,1.00
2016.10.12 15:19:05.034,1.04403,1.04406,1.00,1.50
2016.10.12 15:19:05.695,1.04403,1.04406,1.12,1.50
2016.10.12 15:19:07.072,1.04402,1.04405,6.00,1.00
2016.10.12 15:19:07.123,1.04402,1.04405,4.12,1.00
2016.10.12 15:19:07.225,1.04402,1.04404,3.75,1.00
2016.10.12 15:19:07.278,1.04402,1.04404,3.37,1.00
2016.10.12 15:19:07.642,1.04403,1.04405,1.00,1.00
2016.10.12 15:19:07.909,1.04402,1.04405,4.12,1.50
2016.10.12 15:19:09.830,1.04403,1.04404,1.00,1.50
2016.10.12 15:19:10.912,1.04402,1.04406,3.75,3.37
2016.10.12 15:19:11.015,1.04403,1.04404,1.00,1.50
2016.10.12 15:19:11.169,1.04402,1.04404,3.00,1.50
2016.10.12 15:19:11.615,1.04402,1.04405,3.75,1.50
2016.10.12 15:19:11.717,1.04402,1.04405,3.75,2.25
2016.10.12 15:19:12.428,1.04402,1.04404,3.75,2.25
2016.10.12 15:19:12.479,1.044,1.04402,3.00,1.50
2016.10.12 15:19:12.530,1.044,1.04402,2.25,1.50
2016.10.12 15:19:12.837,1.04399,1.04401,2.62,1.00
2016.10.12 15:19:12.940,1.04399,1.04401,1.12,1.50
2016.10.12 15:19:13.042,1.04399,1.04401,1.87,1.00
2016.10.12 15:19:13.592,1.04399,1.04401,3.37,1.00
2016.10.12 15:19:13.756,1.04399,1.04401,2.62,1.00
2016.10.12 15:19:13.859,1.04399,1.04402,2.62,1.50
2016.10.12 15:19:14.274,1.044,1.04402,1.00,1.00
2016.10.12 15:19:14.738,1.04399,1.04401,1.87,1.00
2016.10.12 15:19:14.793,1.04399,1.04401,2.62,1.00
2016.10.12 15:19:14.844,1.04399,1.04401,2.25,1.00
2016.10.12 15:19:15.047,1.04399,1.04401,1.50,1.00
2016.10.12 15:19:15.100,1.04398,1.04401,1.87,2.25
2016.10.12 15:19:15.151,1.04398,1.044,1.00,1.00
2016.10.12 15:19:16.217,1.04397,1.04399,1.50,1.00
2016.10.12 15:19:16.282,1.04396,1.04399,3.75,2.25
2016.10.12 15:19:16.333,1.04394,1.04396,11.06,1.00
2016.10.12 15:19:16.385,1.04396,1.04397,1.00,1.00
2016.10.12 15:19:16.437,1.04395,1.04397,1.00,2.25
2016.10.12 15:19:16.488,1.04393,1.04395,2.62,1.00
2016.10.12 15:19:16.539,1.04393,1.04395,1.87,1.00
2016.10.12 15:19:17.058,1.04392,1.04394,1.50,1.50
2016.10.12 15:19:17.410,1.04393,1.04394,1.12,1.00
2016.10.12 15:19:17.481,1.04391,1.04394,8.06,1.00
2016.10.12 15:19:17.533,1.04391,1.04394,7.31,1.00
2016.10.12 15:19:17.591,1.04391,1.04394,3.41,1.00
2016.10.12 15:19:17.642,1.04392,1.04395,1.50,1.00
2016.10.12 15:19:17.693,1.04392,1.04395,1.87,1.00
2016.10.12 15:19:17.897,1.04392,1.04394,1.37,1.00
2016.10.12 15:19:18.162,1.04392,1.04394,1.87,1.50
2016.10.12 15:19:18.467,1.04392,1.04394,1.50,1.50
2016.10.12 15:19:18.722,1.04392,1.04393,1.50,1.00
2016.10.12 15:19:18.773,1.04391,1.04393,5.44,1.00
2016.10.12 15:19:18.824,1.04391,1.04392,4.50,1.00
2016.10.12 15:19:18.875,1.0439,1.04392,1.12,1.50
2016.10.12 15:19:18.927,1.0439,1.04391,1.00,1.50
2016.10.12 15:19:19.175,1.04387,1.04389,5.62,1.50
2016.10.12 15:19:19.240,1.04387,1.04388,1.50,1.00
2016.10.12 15:19:19.343,1.04386,1.04387,3.00,1.00
2016.10.12 15:19:19.394,1.04387,1.04388,1.50,1.50
2016.10.12 15:19:19.445,1.04387,1.04389,1.50,1.00
2016.10.12 15:19:19.496,1.04386,1.04387,1.50,1.00
2016.10.12 15:19:19.547,1.04386,1.04387,1.50,1.50
2016.10.12 15:19:19.649,1.04384,1.04387,4.20,1.50
2016.10.12 15:19:19.752,1.04385,1.04387,1.12,1.50
2016.10.12 15:19:20.434,1.04385,1.04387,1.87,1.00
2016.10.12 15:19:20.486,1.04385,1.04387,1.12,1.00
2016.10.12 15:19:20.538,1.04385,1.04387,2.25,1.00
2016.10.12 15:19:20.590,1.04385,1.04388,2.25,1.50
2016.10.12 15:19:20.743,1.04386,1.04388,1.00,1.50
2016.10.12 15:19:20.994,1.04386,1.04389,1.00,1.00
2016.10.12 15:19:21.097,1.04386,1.04389,1.12,1.00
2016.10.12 15:19:21.199,1.04385,1.04388,2.85,1.00
2016.10.12 15:19:21.251,1.04386,1.04388,1.12,1.00
2016.10.12 15:19:21.303,1.04385,1.04388,4.50,1.50
2016.10.12 15:19:21.354,1.04385,1.04388,3.37,1.50
2016.10.12 15:19:21.457,1.04385,1.04388,2.62,1.50
2016.10.12 15:19:22.163,1.04385,1.04388,4.50,1.50
2016.10.12 15:19:22.265,1.04387,1.04388,1.00,1.50
2016.10.12 15:19:22.661,1.04385,1.04388,6.75,1.50
2016.10.12 15:19:22.763,1.04385,1.04388,3.75,1.00
2016.10.12 15:19:22.866,1.04385,1.04388,4.72,1.00
2016.10.12 15:19:22.968,1.04385,1.04388,3.00,1.00
2016.10.12 15:19:23.020,1.04385,1.04387,2.25,1.00
2016.10.12 15:19:23.071,1.04384,1.04386,5.62,1.50
2016.10.12 15:19:23.122,1.04384,1.04386,2.25,1.50
2016.10.12 15:19:23.173,1.04384,1.04386,1.87,1.50
2016.10.12 15:19:23.276,1.04384,1.04385,1.05,1.00
2016.10.12 15:19:23.657,1.04381,1.04383,2.08,1.50
2016.10.12 15:19:23.936,1.04381,1.04384,1.12,1.00
2016.10.12 15:19:24.190,1.04381,1.04384,1.50,1.00
2016.10.12 15:19:24.343,1.04382,1.04385,1.00,1.00
2016.10.12 15:19:24.805,1.04382,1.04385,1.50,1.00
2016.10.12 15:19:24.958,1.04383,1.04387,1.35,2.44
2016.10.12 15:19:25.010,1.04384,1.04387,1.12,1.50
2016.10.12 15:19:25.061,1.04384,1.04387,2.06,2.25
2016.10.12 15:19:25.112,1.04384,1.04387,2.06,1.87
2016.10.12 15:19:25.164,1.04384,1.04387,2.06,1.50
2016.10.12 15:19:25.266,1.04384,1.04386,1.05,1.00
2016.10.12 15:19:25.599,1.04384,1.04386,1.05,1.50
2016.10.12 15:19:25.803,1.04383,1.04386,2.17,1.50
2016.10.12 15:19:25.962,1.04383,1.04385,1.42,1.00
2016.10.12 15:19:26.441,1.04383,1.04385,1.05,1.00
2016.10.12 15:19:26.900,1.04382,1.04384,1.50,1.00
2016.10.12 15:19:26.952,1.04384,1.04387,1.00,2.62
2016.10.12 15:19:27.003,1.04383,1.04385,1.12,1.50
2016.10.12 15:19:27.238,1.04384,1.04385,1.05,1.00
2016.10.12 15:19:27.291,1.04384,1.04387,2.32,1.50
2016.10.12 15:19:27.551,1.04384,1.04386,2.32,1.00
2016.10.12 15:19:27.603,1.04384,1.04386,1.80,1.00
2016.10.12 15:19:27.656,1.04384,1.04386,2.17,1.00
2016.10.12 15:19:27.708,1.04384,1.04386,2.62,1.00
2016.10.12 15:19:27.760,1.04384,1.04386,4.12,1.00
2016.10.12 15:19:27.969,1.04388,1.04389,1.12,1.87
2016.10.12 15:19:28.022,1.04389,1.04392,2.25,1.00
2016.10.12 15:19:28.076,1.0439,1.04392,1.12,1.00
2016.10.12 15:19:28.180,1.0439,1.04393,1.12,2.62
2016.10.12 15:19:28.801,1.04389,1.04392,2.25,1.00
2016.10.12 15:19:28.903,1.04389,1.04391,1.50,1.00
2016.10.12 15:19:29.007,1.04389,1.0439,1.00,1.50
2016.10.12 15:19:29.109,1.04387,1.0439,2.55,1.50
2016.10.12 15:19:29.211,1.04388,1.0439,1.42,1.50
2016.10.12 15:19:29.470,1.04387,1.0439,2.55,1.50
2016.10.12 15:19:29.534,1.04388,1.04389,1.00,1.00
2016.10.12 15:19:29.585,1.04388,1.04389,1.00,1.50
2016.10.12 15:19:29.741,1.04388,1.04389,1.00,1.00
2016.10.12 15:19:29.793,1.04388,1.0439,1.50,1.00
2016.10.12 15:19:30.019,1.04388,1.04391,2.92,1.00
2016.10.12 15:19:30.370,1.04389,1.04392,1.50,1.00
2016.10.12 15:19:30.625,1.0439,1.04393,1.12,1.12
2016.10.12 15:19:30.728,1.04389,1.04391,1.42,1.00
2016.10.12 15:19:30.779,1.04388,1.04391,1.75,1.00
2016.10.12 15:19:30.830,1.04389,1.0439,1.00,1.00
2016.10.12 15:19:30.881,1.04388,1.0439,1.50,1.00
2016.10.12 15:19:31.135,1.04388,1.04391,1.50,1.00
2016.10.12 15:19:31.238,1.04389,1.04392,1.12,3.00
2016.10.12 15:19:31.391,1.04389,1.04392,1.12,2.62
2016.10.12 15:19:31.696,1.04389,1.04392,1.12,4.12
2016.10.12 15:19:31.924,1.0439,1.04392,1.00,3.37
2016.10.12 15:19:31.977,1.04391,1.04393,1.00,2.25
2016.10.12 15:19:32.029,1.04391,1.04393,1.00,1.50
2016.10.12 15:19:32.233,1.04392,1.04395,1.00,11.44
2016.10.12 15:19:32.284,1.04392,1.04395,1.00,11.62
2016.10.12 15:19:32.336,1.04392,1.04395,1.00,9.37
2016.10.12 15:19:32.488,1.04392,1.04395,1.00,9.19
2016.10.12 15:19:32.905,1.0439,1.04391,1.00,1.12
2016.10.12 15:19:32.965,1.04389,1.04391,1.00,1.87
2016.10.12 15:19:33.018,1.04389,1.04391,1.00,1.50
2016.10.12 15:19:33.069,1.04389,1.04391,1.00,1.00
2016.10.12 15:19:33.121,1.04389,1.04392,1.00,3.60
2016.10.12 15:19:33.172,1.04389,1.04392,1.00,4.12
2016.10.12 15:19:33.581,1.04389,1.04392,1.00,5.62
2016.10.12 15:19:33.787,1.04389,1.04392,1.00,5.47
2016.10.12 15:19:34.564,1.04389,1.04392,1.00,5.25
2016.10.12 15:19:34.668,1.04389,1.04392,1.00,4.50
2016.10.12 15:19:34.719,1.04388,1.04391,1.12,1.00
2016.10.12 15:19:35.108,1.04386,1.04387,1.50,1.16
2016.10.12 15:19:35.167,1.04386,1.04387,1.00,1.00
2016.10.12 15:19:35.218,1.04386,1.04388,1.00,3.37
2016.10.12 15:19:35.270,1.04387,1.04389,1.00,7.31
2016.10.12 15:19:35.321,1.04386,1.04388,1.50,2.25
2016.10.12 15:19:35.373,1.04386,1.04388,1.50,1.87
2016.10.12 15:19:35.424,1.04387,1.04388,1.50,1.50
2016.10.12 15:19:35.529,1.04389,1.04391,1.50,9.75
2016.10.12 15:19:35.770,1.0439,1.04391,1.50,5.62
2016.10.12 15:19:35.821,1.0439,1.04391,1.50,4.87
2016.10.12 15:19:35.873,1.04389,1.0439,1.50,1.00
2016.10.12 15:19:36.351,1.04389,1.04391,1.00,7.12
2016.10.12 15:19:36.404,1.0439,1.04392,1.00,13.69
2016.10.12 15:19:36.455,1.0439,1.04391,1.00,1.87
2016.10.12 15:19:36.506,1.04391,1.04393,1.00,9.41
2016.10.12 15:19:36.745,1.04391,1.04392,1.50,3.37
2016.10.12 15:19:36.796,1.04389,1.04391,1.50,1.50
2016.10.12 15:19:36.847,1.04389,1.0439,1.50,1.00
2016.10.12 15:19:36.898,1.04389,1.04391,1.50,2.25
2016.10.12 15:19:37.000,1.04389,1.0439,1.50,1.00
2016.10.12 15:19:37.204,1.04389,1.04391,1.50,3.75
2016.10.12 15:19:37.584,1.04389,1.04391,1.50,3.00
2016.10.12 15:19:37.635,1.04389,1.04391,1.00,2.62
2016.10.12 15:19:37.686,1.04389,1.0439,1.50,1.00
2016.10.12 15:19:37.737,1.04391,1.04392,1.50,5.62
2016.10.12 15:19:37.788,1.0439,1.04392,1.50,1.50
2016.10.12 15:19:37.840,1.0439,1.04392,1.50,1.37
2016.10.12 15:19:37.891,1.0439,1.04392,2.25,1.37
2016.10.12 15:19:37.943,1.04391,1.04394,2.27,1.75
2016.10.12 15:19:37.994,1.04395,1.04397,2.25,8.44
2016.10.12 15:19:38.045,1.04395,1.04397,2.25,4.31
2016.10.12 15:19:38.284,1.04394,1.04396,3.58,1.12
2016.10.12 15:19:38.335,1.04394,1.04399,3.95,1.12
2016.10.12 15:19:38.387,1.04394,1.04399,3.20,1.12
2016.10.12 15:19:38.489,1.04394,1.04399,3.94,1.12
2016.10.12 15:19:38.547,1.04395,1.04399,1.12,1.12
2016.10.12 15:19:38.616,1.04395,1.044,1.12,1.87
2016.10.12 15:19:38.668,1.04398,1.044,1.50,1.12
2016.10.12 15:19:38.720,1.04399,1.04401,1.00,1.50
2016.10.12 15:19:38.771,1.04401,1.04403,1.50,5.25
2016.10.12 15:19:38.822,1.04404,1.04405,1.00,1.50
2016.10.12 15:19:39.268,1.04401,1.04402,1.50,1.00
2016.10.12 15:19:39.321,1.044,1.04401,1.50,1.00
2016.10.12 15:19:40.107,1.044,1.04402,1.50,1.12
2016.10.12 15:19:40.365,1.044,1.04402,1.50,1.50
2016.10.12 15:19:40.570,1.044,1.04402,1.50,1.87
2016.10.12 15:19:40.621,1.044,1.04402,1.50,1.50
2016.10.12 15:19:40.673,1.044,1.04402,1.50,1.12
2016.10.12 15:19:40.884,1.044,1.04401,1.00,1.30
2016.10.12 15:19:40.936,1.04398,1.044,1.50,1.00
2016.10.12 15:19:40.989,1.04399,1.044,1.50,1.50
2016.10.12 15:19:41.041,1.04398,1.04399,1.50,1.00
2016.10.12 15:19:41.093,1.04399,1.044,1.50,1.50
2016.10.12 15:19:41.684,1.04397,1.04398,1.50,1.00
2016.10.12 15:19:42.044,1.04395,1.04398,1.00,1.00
2016.10.12 15:19:42.842,1.04395,1.04399,1.37,1.37
2016.10.12 15:19:42.894,1.04396,1.04397,1.12,1.00
2016.10.12 15:19:42.946,1.04396,1.04397,1.00,1.00
2016.10.12 15:19:42.998,1.04395,1.04397,1.50,1.00
2016.10.12 15:19:43.049,1.04395,1.04397,1.50,1.87
2016.10.12 15:19:43.101,1.04395,1.04397,1.50,1.50
2016.10.12 15:19:43.254,1.04396,1.04398,1.00,4.72
2016.10.12 15:19:43.305,1.04396,1.04398,1.00,4.50
2016.10.12 15:19:43.357,1.04397,1.04398,1.50,2.62
2016.10.12 15:19:43.601,1.04397,1.04399,1.50,6.97
2016.10.12 15:19:43.652,1.04396,1.04398,1.50,3.00
2016.10.12 15:19:43.704,1.04396,1.04398,1.50,3.41
2016.10.12 15:19:43.755,1.04396,1.04397,1.00,1.69
2016.10.12 15:19:43.806,1.04396,1.04397,1.50,1.50
2016.10.12 15:19:43.857,1.04396,1.04397,1.00,1.00
2016.10.12 15:19:43.959,1.04396,1.04398,1.00,2.62
2016.10.12 15:19:44.010,1.04397,1.04399,1.00,7.91
2016.10.12 15:19:44.062,1.04398,1.044,1.00,15.60
2016.10.12 15:19:44.280,1.04392,1.04397,3.00,1.50
2016.10.12 15:19:44.332,1.04392,1.04397,1.87,1.50
2016.10.12 15:19:44.384,1.04393,1.04397,1.00,1.50
2016.10.12 15:19:44.690,1.04395,1.04397,1.00,1.50
2016.10.12 15:19:44.922,1.04392,1.04397,1.12,1.50
2016.10.12 15:19:44.974,1.04396,1.04397,1.50,1.12
2016.10.12 15:19:45.077,1.04397,1.04399,1.00,3.22
2016.10.12 15:19:45.129,1.04397,1.04398,1.50,1.50
2016.10.12 15:19:45.180,1.04397,1.04399,1.00,3.00
2016.10.12 15:19:45.284,1.04396,1.04398,1.50,1.87
2016.10.12 15:19:45.831,1.04396,1.04398,1.50,1.50
2016.10.12 15:19:45.903,1.04397,1.04398,1.00,1.50
2016.10.12 15:19:45.954,1.04396,1.04397,1.50,1.12
2016.10.12 15:19:46.158,1.04396,1.04398,1.50,1.50
2016.10.12 15:19:46.260,1.04394,1.04398,1.00,1.50
2016.10.12 15:19:46.604,1.04396,1.04398,1.00,1.50
2016.10.12 15:19:46.707,1.04396,1.04398,1.00,1.50
2016.10.12 15:19:46.759,1.04396,1.04399,1.00,1.87
2016.10.12 15:19:46.812,1.04399,1.044,1.00,1.50
2016.10.12 15:19:47.318,1.04398,1.044,1.00,1.50
2016.10.12 15:19:47.624,1.04398,1.044,1.00,1.12
2016.10.12 15:19:47.676,1.04399,1.04401,1.00,1.69
2016.10.12 15:19:47.727,1.04401,1.04402,1.50,6.75
2016.10.12 15:19:47.943,1.04402,1.04404,1.12,2.62
2016.10.12 15:19:47.996,1.04405,1.04407,1.50,2.25
2016.10.12 15:19:48.049,1.04402,1.04408,5.29,1.00
2016.10.12 15:19:48.100,1.04402,1.04408,5.66,1.00
2016.10.12 15:19:48.151,1.04403,1.04408,1.00,1.00
2016.10.12 15:19:48.355,1.04403,1.04408,1.50,1.00
2016.10.12 15:19:48.406,1.04403,1.04408,1.69,1.00
2016.10.12 15:19:48.458,1.04403,1.04408,2.06,1.00
2016.10.12 15:19:48.703,1.04404,1.04408,1.12,1.00
2016.10.12 15:19:48.805,1.04406,1.04408,1.00,1.00
2016.10.12 15:19:48.908,1.04406,1.04407,1.50,1.00
2016.10.12 15:19:49.829,1.04408,1.04409,1.50,1.12
2016.10.12 15:19:50.085,1.04408,1.0441,1.00,4.50
2016.10.12 15:19:50.136,1.04408,1.0441,1.00,3.00
2016.10.12 15:19:50.187,1.04408,1.0441,1.50,2.25
2016.10.12 15:19:50.762,1.04408,1.0441,1.00,1.50
2016.10.12 15:19:50.814,1.04407,1.04409,1.50,1.50
2016.10.12 15:19:50.866,1.04406,1.04407,1.87,1.00
2016.10.12 15:19:50.918,1.04407,1.04408,1.50,1.12
2016.10.12 15:19:51.326,1.04407,1.04408,1.50,1.87
2016.10.12 15:19:51.379,1.04408,1.04409,1.50,1.00
2016.10.12 15:19:51.431,1.04407,1.04409,1.50,1.37
2016.10.12 15:19:51.737,1.04409,1.04411,1.00,10.12
2016.10.12 15:19:51.788,1.04409,1.04411,1.00,7.50
2016.10.12 15:19:52.212,1.0441,1.04412,1.00,9.00
2016.10.12 15:19:52.263,1.04411,1.04412,1.50,1.87
2016.10.12 15:19:52.366,1.0441,1.04412,1.00,1.87
2016.10.12 15:19:52.418,1.04409,1.04412,1.50,2.62
2016.10.12 15:19:52.479,1.04409,1.04411,1.50,1.00
2016.10.12 15:19:52.535,1.04409,1.04412,1.50,3.19
2016.10.12 15:19:52.587,1.0441,1.04412,1.00,2.81
2016.10.12 15:19:52.638,1.0441,1.04411,1.00,1.25
2016.10.12 15:19:52.690,1.0441,1.04412,1.50,2.06
2016.10.12 15:19:52.741,1.0441,1.04411,1.50,1.25
2016.10.12 15:19:52.974,1.04406,1.0441,2.44,1.00
2016.10.12 15:19:53.027,1.04405,1.0441,1.94,1.00
2016.10.12 15:19:53.285,1.04406,1.04409,1.62,1.00
2016.10.12 15:19:53.337,1.04406,1.0441,2.06,1.00
2016.10.12 15:19:53.389,1.04411,1.04412,1.00,1.72
2016.10.12 15:19:53.492,1.04411,1.04412,1.00,1.30
2016.10.12 15:19:53.645,1.04411,1.04412,1.00,1.30
2016.10.12 15:19:53.900,1.04411,1.04412,1.00,1.30
2016.10.12 15:19:53.951,1.04411,1.04412,1.00,1.30
2016.10.12 15:19:54.002,1.04411,1.04412,1.00,1.00
2016.10.12 15:19:54.054,1.04411,1.04412,1.50,1.12
2016.10.12 15:19:54.105,1.04411,1.04412,1.50,1.00
2016.10.12 15:19:54.207,1.04411,1.04412,1.87,1.00
2016.10.12 15:19:54.258,1.04411,1.04415,1.87,8.92
2016.10.12 15:19:54.572,1.04411,1.04414,1.87,1.12
2016.10.12 15:19:54.777,1.04411,1.04414,1.12,1.87
2016.10.12 15:19:54.828,1.0441,1.04413,1.50,1.91
2016.10.12 15:19:54.880,1.04409,1.0441,2.25,1.00
2016.10.12 15:19:54.932,1.04409,1.04411,2.12,1.12
2016.10.12 15:19:54.983,1.0441,1.04412,1.00,3.94
2016.10.12 15:19:55.034,1.0441,1.04412,1.00,4.12
2016.10.12 15:19:55.245,1.04411,1.04412,1.50,1.12
2016.10.12 15:19:55.306,1.04411,1.04412,1.50,1.00
2016.10.12 15:19:55.409,1.04412,1.04413,1.00,2.62
2016.10.12 15:19:55.460,1.04412,1.04415,1.00,10.09
2016.10.12 15:19:55.511,1.04412,1.04415,1.00,9.71
2016.10.12 15:19:55.885,1.04411,1.04415,1.50,8.96
2016.10.12 15:19:55.948,1.04411,1.04412,1.50,1.00
2016.10.12 15:19:55.999,1.04411,1.04412,1.00,1.00
2016.10.12 15:19:56.246,1.04411,1.04412,1.00,1.30
2016.10.12 15:19:56.410,1.0441,1.04412,1.50,1.00
2016.10.12 15:19:56.461,1.0441,1.04411,1.50,1.00
2016.10.12 15:19:56.665,1.0441,1.04412,1.50,1.30
2016.10.12 15:19:56.767,1.0441,1.04411,1.00,1.00
2016.10.12 15:19:56.869,1.0441,1.04411,1.50,1.00
2016.10.12 15:19:57.106,1.04414,1.04416,1.19,10.95
2016.10.12 15:19:57.164,1.04417,1.04419,1.00,1.12
2016.10.12 15:19:57.215,1.04418,1.04419,1.50,1.12
2016.10.12 15:19:57.346,1.04418,1.04419,1.50,1.87
2016.10.12 15:19:57.458,1.04418,1.04419,1.50,1.12
2016.10.12 15:19:57.789,1.04418,1.04419,1.50,1.87
2016.10.12 15:19:57.840,1.04418,1.04419,1.00,1.87
2016.10.12 15:19:57.892,1.04418,1.04419,1.00,1.12
2016.10.12 15:19:57.994,1.04418,1.04419,1.00,1.00
2016.10.12 15:19:58.249,1.04415,1.04419,1.25,1.00
2016.10.12 15:19:58.871,1.04418,1.04419,1.00,1.72
2016.10.12 15:19:58.923,1.04417,1.04418,1.50,1.00
2016.10.12 15:19:59.701,1.04414,1.04418,6.56,1.00
2016.10.12 15:19:59.854,1.04417,1.04418,1.00,1.00
2016.10.12 15:19:59.905,1.04417,1.04418,1.50,1.00
2016.10.12 15:19:59.956,1.04416,1.04418,1.87,1.00
2016.10.12 15:20:00.008,1.04417,1.04418,1.50,1.00
2016.10.12 15:20:00.390,1.04422,1.04423,1.25,4.72
2016.10.12 15:20:00.466,1.04424,1.04425,1.12,2.25
2016.10.12 15:20:00.518,1.04424,1.04425,1.87,1.50
2016.10.12 15:20:00.569,1.04427,1.04429,1.00,8.29
2016.10.12 15:20:00.621,1.04427,1.04429,1.50,7.54
2016.10.12 15:20:00.672,1.04428,1.04429,1.50,6.79
2016.10.12 15:20:00.774,1.04427,1.04429,1.00,6.04
2016.10.12 15:20:00.825,1.04424,1.04427,3.56,1.91
2016.10.12 15:20:00.877,1.04424,1.04427,1.87,3.41
2016.10.12 15:20:01.081,1.04424,1.04425,1.50,1.72
2016.10.12 15:20:01.139,1.04425,1.04427,1.00,6.75
2016.10.12 15:20:01.190,1.04425,1.04426,1.50,1.12
2016.10.12 15:20:01.549,1.04425,1.04427,1.00,4.87
2016.10.12 15:20:01.601,1.04424,1.04425,1.87,1.00
2016.10.12 15:20:01.874,1.04421,1.04425,1.62,1.00
2016.10.12 15:20:02.183,1.04421,1.04423,1.62,1.00
2016.10.12 15:20:02.663,1.04421,1.04425,1.62,1.00
2016.10.12 15:20:02.854,1.04422,1.04425,1.50,1.00
2016.10.12 15:20:03.007,1.04422,1.04424,1.50,1.50
2016.10.12 15:20:03.220,1.04422,1.04425,1.50,1.00
2016.10.12 15:20:03.893,1.04422,1.04426,1.50,1.50
2016.10.12 15:20:03.944,1.04422,1.04426,3.19,1.50
2016.10.12 15:20:03.995,1.04422,1.04426,3.94,1.50
2016.10.12 15:20:04.046,1.04426,1.04427,1.00,2.62
2016.10.12 15:20:04.098,1.04426,1.04427,1.00,1.87
2016.10.12 15:20:04.403,1.04426,1.04427,1.50,1.12
2016.10.12 15:20:04.454,1.04425,1.04427,1.00,2.62
2016.10.12 15:20:04.505,1.04426,1.04427,1.00,1.87
2016.10.12 15:20:04.556,1.04426,1.04427,1.50,1.87
2016.10.12 15:20:04.880,1.04426,1.04427,1.00,1.87
2016.10.12 15:20:04.931,1.04425,1.04427,1.00,2.62
2016.10.12 15:20:04.982,1.04425,1.04427,1.00,1.12
2016.10.12 15:20:05.034,1.04423,1.04425,3.37,1.00
2016.10.12 15:20:05.086,1.04423,1.04425,1.87,1.00
2016.10.12 15:20:05.241,1.04424,1.04425,1.00,1.00
2016.10.12 15:20:05.821,1.04421,1.04425,2.44,1.00
2016.10.12 15:20:06.578,1.04423,1.04425,1.50,1.00
2016.10.12 15:20:06.690,1.04423,1.04424,1.00,1.00
2016.10.12 15:20:06.742,1.04422,1.04424,1.50,1.00
2016.10.12 15:20:06.845,1.04422,1.04424,1.50,1.19
2016.10.12 15:20:06.897,1.04422,1.04424,1.00,1.25
2016.10.12 15:20:06.949,1.04423,1.04424,1.00,1.00
2016.10.12 15:20:07.001,1.04423,1.04425,1.00,2.62
2016.10.12 15:20:07.052,1.04423,1.04425,1.00,1.87
2016.10.12 15:20:07.376,1.04424,1.04425,1.12,1.12
2016.10.12 15:20:07.428,1.04424,1.04426,2.06,1.37
2016.10.12 15:20:07.487,1.04428,1.04429,1.00,1.12
2016.10.12 15:20:07.590,1.04428,1.04429,1.50,1.00
2016.10.12 15:20:07.692,1.04426,1.0443,3.19,3.00
2016.10.12 15:20:07.745,1.04426,1.0443,3.94,2.25
2016.10.12 15:20:07.797,1.04429,1.0443,1.00,2.25
2016.10.12 15:20:07.850,1.04426,1.04428,3.94,1.50
2016.10.12 15:20:07.902,1.04426,1.04428,2.81,1.50
2016.10.12 15:20:08.284,1.04426,1.04428,1.69,1.50
2016.10.12 15:20:08.794,1.04425,1.04428,1.69,1.50
2016.10.12 15:20:09.107,1.04425,1.04426,2.06,1.12
2016.10.12 15:20:09.159,1.04425,1.04426,1.12,1.72
2016.10.12 15:20:09.350,1.04421,1.04425,10.50,1.75
2016.10.12 15:20:09.402,1.04421,1.04425,2.81,4.50
2016.10.12 15:20:09.607,1.04421,1.04425,2.81,3.75
2016.10.12 15:20:09.658,1.04423,1.04424,1.25,1.00
2016.10.12 15:20:09.709,1.04423,1.04425,1.31,1.00
2016.10.12 15:20:09.761,1.04422,1.04424,2.25,1.00
2016.10.12 15:20:09.812,1.04422,1.04424,5.47,1.00
2016.10.12 15:20:09.863,1.04426,1.04427,1.00,2.62
2016.10.12 15:20:09.914,1.04424,1.04427,3.94,3.00
2016.10.12 15:20:09.965,1.04428,1.04429,1.00,5.62
2016.10.12 15:20:10.017,1.04427,1.04428,1.50,1.00
2016.10.12 15:20:10.217,1.04427,1.04429,1.00,4.12
2016.10.12 15:20:10.268,1.04424,1.04429,2.81,4.12
2016.10.12 15:20:10.371,1.04424,1.04429,3.19,4.12
2016.10.12 15:20:10.422,1.04424,1.04428,1.69,1.75
2016.10.12 15:20:10.474,1.04425,1.04426,1.12,1.00
2016.10.12 15:20:10.576,1.04425,1.04428,1.12,1.50
2016.10.12 15:20:10.954,1.04427,1.04428,1.00,1.50
2016.10.12 15:20:11.005,1.04425,1.04428,1.12,1.50
2016.10.12 15:20:11.056,1.04425,1.04428,1.87,1.50
2016.10.12 15:20:11.107,1.04425,1.04429,1.87,2.25
2016.10.12 15:20:11.158,1.04426,1.04429,1.50,1.75
2016.10.12 15:20:11.210,1.04426,1.0443,1.69,1.12
2016.10.12 15:20:11.312,1.04426,1.0443,1.69,1.87
2016.10.12 15:20:11.800,1.0443,1.04431,1.00,2.62
2016.10.12 15:20:11.851,1.04426,1.0443,2.06,1.75
2016.10.12 15:20:11.903,1.04428,1.0443,1.50,1.50
2016.10.12 15:20:12.007,1.04428,1.04429,1.50,1.12
2016.10.12 15:20:12.111,1.04427,1.0443,1.50,1.75
2016.10.12 15:20:12.163,1.04428,1.04429,1.50,1.00
2016.10.12 15:20:12.464,1.04429,1.0443,1.00,1.00
2016.10.12 15:20:12.520,1.04427,1.0443,2.06,1.75
2016.10.12 15:20:12.673,1.04428,1.0443,1.50,1.50
2016.10.12 15:20:13.286,1.04428,1.0443,1.00,1.50
2016.10.12 15:20:13.339,1.04428,1.04431,1.00,1.75
2016.10.12 15:20:13.542,1.0443,1.04431,1.00,1.50
2016.10.12 15:20:13.645,1.04429,1.04431,1.50,1.50
2016.10.12 15:20:13.799,1.0443,1.04431,1.00,2.25
2016.10.12 15:20:13.853,1.04429,1.04431,1.00,3.00
2016.10.12 15:20:13.904,1.04429,1.04431,1.50,3.00
2016.10.12 15:20:14.159,1.04429,1.0443,1.50,1.12
2016.10.12 15:20:14.466,1.04426,1.04429,1.31,1.12
2016.10.12 15:20:14.934,1.04425,1.04429,4.91,1.12
2016.10.12 15:20:14.990,1.04428,1.04429,1.50,1.12
2016.10.12 15:20:16.022,1.04428,1.04431,1.50,3.75
2016.10.12 15:20:16.225,1.04428,1.0443,1.50,1.50
2016.10.12 15:20:17.031,1.04428,1.04429,1.00,1.87
2016.10.12 15:20:17.082,1.04427,1.04429,1.50,2.06
2016.10.12 15:20:17.133,1.04427,1.04429,1.00,2.81
2016.10.12 15:20:17.184,1.04426,1.04429,1.69,3.00
2016.10.12 15:20:17.236,1.04426,1.04428,1.69,1.12
2016.10.12 15:20:17.288,1.04426,1.04428,1.69,1.87
2016.10.12 15:20:17.545,1.04426,1.04428,1.69,1.12
2016.10.12 15:20:17.624,1.04426,1.04429,1.69,3.00
2016.10.12 15:20:17.828,1.04427,1.04429,1.00,3.00
2016.10.12 15:20:18.033,1.04427,1.04429,1.00,1.50
2016.10.12 15:20:18.186,1.04427,1.04429,1.50,1.50
2016.10.12 15:20:18.732,1.04425,1.04428,3.19,1.87
2016.10.12 15:20:18.834,1.04425,1.04428,3.19,1.12
2016.10.12 15:20:18.987,1.04425,1.04428,3.94,1.12
2016.10.12 15:20:19.192,1.04425,1.04428,3.94,1.87
2016.10.12 15:20:19.244,1.04425,1.04428,3.94,2.62
2016.10.12 15:20:19.553,1.04425,1.04428,3.19,1.87
2016.10.12 15:20:19.605,1.04425,1.04428,3.94,1.87
2016.10.12 15:20:19.709,1.04425,1.04428,3.19,1.87
2016.10.12 15:20:19.863,1.04425,1.04428,3.19,2.62
2016.10.12 15:20:19.915,1.04424,1.04425,2.62,1.00
2016.10.12 15:20:19.967,1.04424,1.04425,2.25,1.00
2016.10.12 15:20:20.020,1.04423,1.04425,1.50,1.87
2016.10.12 15:20:20.071,1.04423,1.04424,1.00,1.00
2016.10.12 15:20:20.317,1.04422,1.04425,1.00,2.25
2016.10.12 15:20:20.401,1.04422,1.04425,1.00,4.50
2016.10.12 15:20:20.606,1.04421,1.04423,2.44,1.00
2016.10.12 15:20:21.803,1.04421,1.04423,2.06,1.00
2016.10.12 15:20:22.009,1.04423,1.04425,1.35,3.75
2016.10.12 15:20:22.460,1.04427,1.04428,1.00,1.12
2016.10.12 15:20:22.847,1.04427,1.04428,1.00,1.12
2016.10.12 15:20:23.000,1.04427,1.04429,1.00,2.25
2016.10.12 15:20:23.206,1.04427,1.04429,1.00,1.87
2016.10.12 15:20:23.308,1.04427,1.04428,1.00,1.00
2016.10.12 15:20:23.847,1.04425,1.04428,1.19,1.50
2016.10.12 15:20:24.000,1.04426,1.04428,1.54,1.50
2016.10.12 15:20:24.052,1.04426,1.04428,1.54,1.00
2016.10.12 15:20:24.103,1.04428,1.0443,1.00,2.62
2016.10.12 15:20:24.154,1.04428,1.0443,1.25,2.62
2016.10.12 15:20:24.206,1.04428,1.0443,1.25,2.25
2016.10.12 15:20:24.458,1.04428,1.0443,1.25,1.12
2016.10.12 15:20:24.769,1.04427,1.04429,1.19,1.00
2016.10.12 15:20:24.820,1.04426,1.04428,2.25,1.00
2016.10.12 15:20:24.871,1.04426,1.04428,1.31,1.00
2016.10.12 15:20:25.373,1.04425,1.04428,1.31,1.00
2016.10.12 15:20:25.526,1.04425,1.04428,1.19,1.00
2016.10.12 15:20:25.577,1.04425,1.04428,1.00,1.00
2016.10.12 15:20:26.132,1.04425,1.04428,1.00,1.50
2016.10.12 15:20:26.183,1.04425,1.04428,1.35,1.50
2016.10.12 15:20:26.337,1.04426,1.04428,1.00,1.50
2016.10.12 15:20:26.763,1.04426,1.04428,1.00,1.00
2016.10.12 15:20:26.823,1.04426,1.04429,1.00,1.87
2016.10.12 15:20:26.925,1.04426,1.04429,1.35,1.87
2016.10.12 15:20:27.130,1.04426,1.04429,1.00,1.12
2016.10.12 15:20:27.635,1.04426,1.04429,1.00,1.00
2016.10.12 15:20:27.891,1.04425,1.04428,3.22,1.00
2016.10.12 15:20:27.943,1.04425,1.04428,3.60,1.00
2016.10.12 15:20:28.046,1.04425,1.04428,3.00,1.00
2016.10.12 15:20:28.257,1.04425,1.04428,3.37,1.00
2016.10.12 15:20:28.360,1.04425,1.04428,4.12,1.00
2016.10.12 15:20:28.565,1.04425,1.04428,3.37,1.00
2016.10.12 15:20:29.262,1.04425,1.04427,1.50,1.00
2016.10.12 15:20:29.327,1.04425,1.04427,1.50,1.50
2016.10.12 15:20:29.584,1.04425,1.04427,1.00,1.50
2016.10.12 15:20:30.335,1.04425,1.04427,1.50,1.50
2016.10.12 15:20:30.939,1.04425,1.04427,1.50,1.00
2016.10.12 15:20:30.990,1.04425,1.04427,1.50,1.50
2016.10.12 15:20:31.349,1.04425,1.04427,1.50,1.66
2016.10.12 15:20:31.893,1.04425,1.04427,1.00,1.50
2016.10.12 15:20:31.996,1.04424,1.04427,2.25,1.50
2016.10.12 15:20:32.047,1.04424,1.04427,1.50,1.50
2016.10.12 15:20:32.150,1.04424,1.04427,2.25,1.50
2016.10.12 15:20:32.252,1.04424,1.04427,1.12,1.50
2016.10.12 15:20:32.474,1.04424,1.04427,3.37,1.50
2016.10.12 15:20:32.526,1.04425,1.04427,1.00,1.50
2016.10.12 15:20:32.836,1.04424,1.04426,2.62,1.00
2016.10.12 15:20:32.888,1.04423,1.04425,7.50,1.00
2016.10.12 15:20:32.940,1.04424,1.04425,1.87,1.00
2016.10.12 15:20:33.150,1.04421,1.04425,1.87,1.87
2016.10.12 15:20:33.201,1.0442,1.04422,2.62,1.00
2016.10.12 15:20:33.252,1.0442,1.04422,1.87,1.00
2016.10.12 15:20:33.303,1.0442,1.04422,1.12,1.00
2016.10.12 15:20:33.355,1.0442,1.04422,1.00,1.50
2016.10.12 15:20:33.457,1.04421,1.04422,1.00,1.00
2016.10.12 15:20:33.560,1.04421,1.04423,1.00,1.50
2016.10.12 15:20:34.026,1.04421,1.04423,1.12,1.50
2016.10.12 15:20:34.078,1.04422,1.04425,2.25,1.00
2016.10.12 15:20:34.130,1.04422,1.04425,2.62,1.00
2016.10.12 15:20:34.489,1.04424,1.04426,1.00,1.00
2016.10.12 15:20:34.745,1.04425,1.04427,1.00,1.87
2016.10.12 15:20:35.003,1.04422,1.04424,1.00,1.00
2016.10.12 15:20:35.497,1.0442,1.04423,1.12,1.00
2016.10.12 15:20:35.752,1.0442,1.04423,1.00,1.00
2016.10.12 15:20:36.105,1.0442,1.04423,1.12,1.50
2016.10.12 15:20:36.359,1.0442,1.04423,1.20,1.50
2016.10.12 15:20:36.614,1.04419,1.04422,5.51,1.00
2016.10.12 15:20:36.844,1.04422,1.04423,1.50,1.00
2016.10.12 15:20:37.151,1.04422,1.04423,1.50,1.50
2016.10.12 15:20:37.202,1.04421,1.04423,2.25,1.00
2016.10.12 15:20:37.305,1.04421,1.04422,1.50,1.50
2016.10.12 15:20:37.827,1.0442,1.04422,1.50,1.50
2016.10.12 15:20:37.980,1.0442,1.04422,2.25,1.50
2016.10.12 15:20:38.082,1.0442,1.04422,1.50,1.50
2016.10.12 15:20:39.169,1.0442,1.04422,1.50,1.50
2016.10.12 15:20:39.477,1.0442,1.04421,2.25,1.50
2016.10.12 15:20:39.529,1.0442,1.04421,2.25,1.00
2016.10.12 15:20:39.580,1.0442,1.04422,2.25,1.50
2016.10.12 15:20:39.631,1.0442,1.04421,2.25,1.00
2016.10.12 15:20:39.683,1.04419,1.04421,3.00,1.00
2016.10.12 15:20:40.002,1.04419,1.0442,3.00,1.50
2016.10.12 15:20:40.411,1.04419,1.04421,2.25,1.00
2016.10.12 15:20:40.697,1.04419,1.04421,2.25,1.50
2016.10.12 15:20:40.958,1.04415,1.04417,27.19,3.47
2016.10.12 15:20:41.009,1.04418,1.0442,1.00,4.72
2016.10.12 15:20:41.061,1.04407,1.0441,1.50,1.50
2016.10.12 15:20:41.114,1.04408,1.0441,1.00,1.00
2016.10.12 15:20:41.165,1.04408,1.0441,2.25,1.50
2016.10.12 15:20:41.385,1.04407,1.04409,1.00,1.00
2016.10.12 15:20:41.438,1.04404,1.04407,1.00,1.00
2016.10.12 15:20:41.800,1.04403,1.04405,1.00,1.00
2016.10.12 15:20:42.062,1.04402,1.04404,1.00,1.50
2016.10.12 15:20:42.113,1.04402,1.04403,1.00,1.00
2016.10.12 15:20:42.215,1.044,1.04403,1.12,1.00
2016.10.12 15:20:42.667,1.044,1.04402,1.31,2.25
2016.10.12 15:20:42.751,1.04399,1.044,1.00,1.50
2016.10.12 15:20:42.802,1.04399,1.044,1.00,1.87
2016.10.12 15:20:43.092,1.04398,1.044,1.00,1.50
2016.10.12 15:20:44.131,1.04398,1.044,1.50,1.00
2016.10.12 15:20:44.285,1.04397,1.044,1.80,1.00
2016.10.12 15:20:44.336,1.04396,1.04399,8.17,1.00
2016.10.12 15:20:44.388,1.04398,1.044,1.00,1.12
2016.10.12 15:20:44.442,1.04398,1.044,1.00,1.50
2016.10.12 15:20:44.493,1.04398,1.044,1.00,1.87
2016.10.12 15:20:44.647,1.04398,1.044,1.00,1.37
2016.10.12 15:20:44.698,1.04399,1.044,1.50,1.00
2016.10.12 15:20:44.800,1.04399,1.04401,1.00,1.37
2016.10.12 15:20:44.902,1.04398,1.04401,1.00,1.12
2016.10.12 15:20:45.122,1.04397,1.04399,1.00,1.37
2016.10.12 15:20:45.173,1.04396,1.04399,1.00,1.50
2016.10.12 15:20:45.276,1.04396,1.04399,1.00,1.87
2016.10.12 15:20:46.040,1.04395,1.04397,1.00,1.00
2016.10.12 15:20:46.145,1.04397,1.04398,1.00,3.00
2016.10.12 15:20:46.196,1.04399,1.04401,1.00,9.19
2016.10.12 15:20:46.247,1.04399,1.044,1.05,1.50
2016.10.12 15:20:46.299,1.04399,1.04401,1.35,3.00
2016.10.12 15:20:46.351,1.04399,1.04401,2.10,3.00
2016.10.12 15:20:46.406,1.04399,1.04402,2.47,1.87
2016.10.12 15:20:46.471,1.04399,1.04402,2.47,1.50
2016.10.12 15:20:46.729,1.04399,1.04404,2.47,1.75
2016.10.12 15:20:46.794,1.04399,1.04404,1.87,1.75
2016.10.12 15:20:47.101,1.04399,1.04404,3.37,1.75
2016.10.12 15:20:47.254,1.04399,1.04404,5.10,1.75
2016.10.12 15:20:47.306,1.04399,1.04404,5.70,1.75
2016.10.12 15:20:47.651,1.04404,1.04407,1.00,3.37
2016.10.12 15:20:47.857,1.04403,1.04405,1.00,2.25
2016.10.12 15:20:47.914,1.04403,1.04405,1.00,3.75
2016.10.12 15:20:48.019,1.04401,1.04404,2.25,1.00
2016.10.12 15:20:48.071,1.04401,1.04404,2.25,1.50
2016.10.12 15:20:48.123,1.04401,1.04404,2.25,3.00
2016.10.12 15:20:48.174,1.04401,1.04403,2.25,1.00
2016.10.12 15:20:48.367,1.04401,1.04404,1.00,2.62
2016.10.12 15:20:48.725,1.04402,1.04404,1.50,1.87
2016.10.12 15:20:48.777,1.04402,1.04404,1.50,1.37
2016.10.12 15:20:49.283,1.04402,1.04405,1.50,3.37
2016.10.12 15:20:50.465,1.04402,1.04405,1.50,3.75
2016.10.12 15:20:50.722,1.04402,1.04403,1.00,1.12
2016.10.12 15:20:50.773,1.04401,1.04402,1.00,1.00
2016.10.12 15:20:50.824,1.04399,1.04402,2.25,1.00
2016.10.12 15:20:50.876,1.044,1.04402,1.00,1.00
2016.10.12 15:20:50.927,1.04401,1.04403,1.00,1.12
2016.10.12 15:20:51.653,1.04402,1.04403,1.00,1.12
2016.10.12 15:20:51.718,1.04402,1.04403,1.00,1.87
2016.10.12 15:20:51.820,1.04401,1.04402,1.00,1.00
2016.10.12 15:20:51.922,1.04401,1.04403,1.00,1.50
2016.10.12 15:20:52.024,1.044,1.04403,1.12,1.50
2016.10.12 15:20:52.126,1.04402,1.04404,1.00,1.50
2016.10.12 15:20:52.228,1.04402,1.04403,1.00,1.00
2016.10.12 15:20:52.330,1.04401,1.04404,3.00,1.50
2016.10.12 15:20:52.609,1.04401,1.04404,3.75,1.50
2016.10.12 15:20:52.813,1.04401,1.04404,3.00,1.50
2016.10.12 15:20:52.915,1.04401,1.04404,1.50,1.50
2016.10.12 15:20:53.564,1.04401,1.04404,1.00,1.50
2016.10.12 15:20:53.622,1.04401,1.04404,1.50,1.50
2016.10.12 15:20:54.133,1.04401,1.04403,1.00,1.00
2016.10.12 15:20:54.437,1.04401,1.04402,1.00,1.50
2016.10.12 15:20:54.542,1.04401,1.04402,1.00,1.87
2016.10.12 15:20:54.595,1.04401,1.04402,1.00,1.00
2016.10.12 15:20:54.749,1.04401,1.04403,1.00,1.50
2016.10.12 15:20:55.056,1.04401,1.04402,1.00,1.00
2016.10.12 15:20:55.108,1.04401,1.04403,1.00,1.50
2016.10.12 15:20:55.522,1.044,1.04403,1.50,1.50
2016.10.12 15:20:57.181,1.044,1.04403,1.87,1.50
2016.10.12 15:20:57.284,1.04401,1.04403,1.00,1.50
2016.10.12 15:20:57.535,1.04401,1.04403,1.50,1.00
2016.10.12 15:20:57.586,1.04401,1.04404,1.50,1.50
2016.10.12 15:20:57.688,1.04401,1.04404,3.37,1.50
2016.10.12 15:20:57.994,1.04403,1.04405,1.37,1.00
2016.10.12 15:20:58.046,1.04406,1.04407,1.50,3.75
2016.10.12 15:20:58.097,1.04408,1.0441,1.30,3.37
2016.10.12 15:20:58.295,1.04411,1.04412,1.05,6.37
2016.10.12 15:20:58.348,1.04411,1.04413,2.29,1.50
2016.10.12 15:20:58.400,1.04411,1.04413,1.91,1.50
2016.10.12 15:20:58.451,1.0441,1.04413,3.04,2.25
2016.10.12 15:20:58.502,1.0441,1.04413,2.81,2.25
2016.10.12 15:20:58.655,1.0441,1.04413,2.81,1.50
2016.10.12 15:20:58.909,1.0441,1.04413,1.87,1.50
2016.10.12 15:20:58.961,1.0441,1.04413,1.12,1.50
2016.10.12 15:20:59.012,1.04409,1.04412,2.29,1.00
2016.10.12 15:20:59.063,1.04409,1.04412,1.16,1.00
2016.10.12 15:20:59.269,1.04409,1.04412,1.00,1.00
2016.10.12 15:20:59.321,1.04409,1.04412,1.50,1.50
2016.10.12 15:21:00.231,1.04409,1.04412,1.72,1.50
2016.10.12 15:21:00.492,1.04409,1.04412,1.87,1.50
2016.10.12 15:21:00.698,1.04409,1.04412,1.50,1.50
2016.10.12 15:21:00.749,1.04409,1.04411,1.50,1.00
2016.10.12 15:21:00.851,1.04409,1.04411,1.50,1.50
2016.10.12 15:21:01.083,1.04408,1.04411,1.00,1.50
2016.10.12 15:21:01.134,1.04409,1.04411,1.00,1.00
2016.10.12 15:21:01.237,1.04409,1.04412,1.00,1.50
2016.10.12 15:21:01.797,1.04409,1.04412,2.25,1.50
2016.10.12 15:21:03.648,1.04408,1.0441,1.50,1.00
2016.10.12 15:21:03.699,1.04406,1.04408,1.00,1.50
2016.10.12 15:21:03.750,1.04406,1.04407,1.00,1.00
2016.10.12 15:21:03.802,1.04405,1.04407,2.25,1.00
2016.10.12 15:21:03.854,1.04406,1.04407,1.00,1.50
2016.10.12 15:21:03.957,1.04405,1.04406,1.50,1.00
2016.10.12 15:21:04.008,1.04403,1.04405,1.12,1.00
2016.10.12 15:21:04.059,1.04402,1.04404,3.56,1.00
2016.10.12 15:21:04.272,1.04403,1.04404,1.00,1.50
2016.10.12 15:21:04.323,1.04402,1.04404,2.62,1.00
2016.10.12 15:21:04.379,1.04402,1.04405,4.50,1.50
2016.10.12 15:21:04.430,1.04402,1.04405,4.12,1.50
2016.10.12 15:21:04.584,1.04402,1.04405,3.37,1.50
2016.10.12 15:21:05.935,1.04402,1.04405,4.31,1.50
2016.10.12 15:21:06.041,1.04402,1.04405,5.06,1.50
2016.10.12 15:21:06.093,1.04402,1.04404,3.37,1.00
2016.10.12 15:21:06.144,1.04401,1.04404,5.06,1.50
2016.10.12 15:21:06.196,1.04401,1.04404,4.31,1.50
2016.10.12 15:21:06.248,1.04401,1.04404,3.56,1.50
2016.10.12 15:21:06.350,1.04401,1.04404,5.06,1.50
2016.10.12 15:21:06.401,1.04403,1.04404,1.00,1.00
2016.10.12 15:21:06.711,1.04403,1.04406,1.00,1.50
2016.10.12 15:21:08.127,1.04404,1.04406,1.00,1.00
2016.10.12 15:21:08.179,1.04405,1.04406,1.00,1.50
2016.10.12 15:21:08.431,1.04403,1.04406,3.19,1.50
2016.10.12 15:21:08.483,1.04403,1.04406,3.19,1.50
2016.10.12 15:21:08.842,1.04403,1.04406,1.69,1.50
2016.10.12 15:21:09.699,1.04405,1.04407,1.00,1.00
2016.10.12 15:21:09.750,1.04405,1.04407,1.50,1.50
2016.10.12 15:21:09.801,1.04405,1.04407,1.50,1.00
2016.10.12 15:21:10.259,1.04405,1.04407,1.50,1.50
2016.10.12 15:21:10.601,1.04405,1.04406,1.50,1.00
2016.10.12 15:21:10.653,1.04404,1.04406,2.25,1.00
2016.10.12 15:21:10.704,1.04404,1.04406,1.87,1.50
2016.10.12 15:21:10.755,1.04404,1.04406,2.62,1.00
2016.10.12 15:21:10.857,1.04404,1.04407,3.37,1.87
2016.10.12 15:21:10.959,1.04405,1.04407,1.50,1.50
2016.10.12 15:21:11.061,1.04404,1.04407,4.12,1.50
2016.10.12 15:21:11.163,1.04404,1.04407,4.50,1.50
2016.10.12 15:21:11.215,1.04405,1.04407,1.50,1.50
2016.10.12 15:21:11.266,1.04405,1.04407,2.25,1.00
2016.10.12 15:21:12.088,1.04405,1.04408,2.25,1.50
2016.10.12 15:21:12.242,1.04406,1.04408,1.00,1.00
2016.10.12 15:21:12.293,1.04408,1.04409,1.00,1.12
2016.10.12 15:21:12.733,1.04408,1.0441,1.00,1.00
2016.10.12 15:21:12.789,1.04408,1.0441,1.00,1.50
2016.10.12 15:21:13.047,1.04408,1.0441,1.12,1.50
2016.10.12 15:21:13.150,1.04408,1.0441,1.12,1.87
2016.10.12 15:21:13.823,1.04409,1.0441,1.00,1.12
2016.10.12 15:21:13.926,1.04409,1.0441,1.00,1.00
2016.10.12 15:21:13.977,1.04409,1.04412,1.00,1.87
2016.10.12 15:21:14.207,1.04409,1.04412,1.00,1.87
2016.10.12 15:21:14.269,1.04409,1.04412,1.30,1.50
2016.10.12 15:21:14.322,1.04409,1.04412,1.30,1.50
2016.10.12 15:21:14.782,1.04409,1.04412,1.35,1.50
2016.10.12 15:21:14.935,1.04409,1.04412,1.12,1.50
2016.10.12 15:21:15.154,1.04409,1.04412,1.87,1.50
2016.10.12 15:21:15.219,1.04411,1.04413,1.00,1.00
2016.10.12 15:21:15.272,1.04411,1.04413,1.00,1.50
2016.10.12 15:21:15.323,1.0441,1.04412,1.25,1.00
2016.10.12 15:21:15.375,1.04409,1.04412,1.12,1.00
2016.10.12 15:21:15.479,1.04409,1.04412,1.00,1.00
2016.10.12 15:21:15.787,1.04409,1.04412,1.00,1.87
2016.10.12 15:21:15.891,1.04409,1.04412,1.00,1.50
2016.10.12 15:21:15.994,1.04409,1.04412,1.00,1.00
2016.10.12 15:21:16.199,1.04409,1.04412,1.00,1.50
2016.10.12 15:21:17.278,1.0441,1.04412,1.00,1.00
2016.10.12 15:21:17.482,1.0441,1.04412,1.00,1.50
2016.10.12 15:21:17.534,1.0441,1.04412,1.00,1.72
2016.10.12 15:21:18.433,1.04409,1.04412,1.00,2.47
2016.10.12 15:21:20.701,1.04409,1.04411,1.00,1.00
2016.10.12 15:21:21.137,1.04409,1.04412,1.00,2.25
2016.10.12 15:21:21.191,1.0441,1.04412,1.00,1.00
2016.10.12 15:21:22.517,1.0441,1.04412,1.00,1.50
2016.10.12 15:21:25.244,1.0441,1.04412,1.50,1.50
2016.10.12 15:21:25.448,1.0441,1.04412,1.00,1.50
2016.10.12 15:21:25.783,1.04409,1.04412,1.00,2.25
2016.10.12 15:21:25.886,1.04409,1.04412,1.00,1.50
2016.10.12 15:21:27.894,1.04409,1.04412,1.00,2.25
2016.10.12 15:21:28.205,1.04409,1.04412,1.00,1.50
2016.10.12 15:21:28.822,1.04409,1.04412,1.00,2.25
2016.10.12 15:21:29.181,1.04409,1.04412,1.00,1.50
2016.10.12 15:21:30.511,1.04409,1.04411,1.00,1.12
2016.10.12 15:21:30.800,1.04407,1.04409,3.00,1.50
2016.10.12 15:21:30.851,1.04407,1.04408,1.50,1.00
2016.10.12 15:21:31.262,1.04406,1.04409,1.50,1.50
2016.10.12 15:21:32.101,1.04406,1.04409,3.00,1.50
2016.10.12 15:21:32.715,1.04406,1.04408,2.25,1.12
2016.10.12 15:21:33.124,1.04406,1.04407,2.25,1.00
2016.10.12 15:21:33.175,1.04406,1.04407,1.00,1.00
2016.10.12 15:21:33.278,1.04404,1.04407,2.25,1.00
2016.10.12 15:21:33.380,1.04404,1.04407,1.87,1.12
2016.10.12 15:21:33.431,1.04404,1.04406,1.12,1.00
2016.10.12 15:21:33.699,1.04403,1.04406,3.37,1.12
2016.10.12 15:21:33.803,1.04403,1.04406,1.87,1.12
2016.10.12 15:21:33.905,1.04403,1.04406,1.12,1.12
2016.10.12 15:21:34.877,1.04403,1.04405,1.00,1.50
2016.10.12 15:21:35.081,1.04402,1.04405,2.06,1.50
2016.10.12 15:21:35.183,1.04402,1.04405,2.06,1.50
2016.10.12 15:21:35.285,1.04402,1.04405,2.06,1.00
2016.10.12 15:21:35.574,1.04402,1.04405,1.87,1.00
2016.10.12 15:21:35.889,1.04404,1.04407,1.00,1.91
2016.10.12 15:21:35.942,1.04403,1.04406,1.00,1.12
2016.10.12 15:21:35.994,1.04403,1.04406,2.44,1.12
2016.10.12 15:21:36.046,1.04403,1.04406,2.81,1.12
2016.10.12 15:21:36.098,1.04403,1.04406,2.06,1.12
2016.10.12 15:21:36.351,1.04403,1.04406,1.69,1.69
2016.10.12 15:21:36.420,1.04402,1.04405,1.00,1.31
2016.10.12 15:21:36.997,1.04402,1.04405,1.00,1.12
2016.10.12 15:21:37.049,1.04401,1.04404,3.56,1.00
2016.10.12 15:21:37.413,1.04404,1.04406,1.00,1.50
2016.10.12 15:21:37.486,1.04404,1.04406,1.25,2.25
2016.10.12 15:21:37.790,1.04406,1.04407,1.00,1.12
2016.10.12 15:21:38.610,1.04405,1.04407,1.00,1.12
2016.10.12 15:21:38.865,1.04404,1.04407,3.00,1.12
2016.10.12 15:21:38.967,1.04405,1.04407,1.00,1.12
2016.10.12 15:21:39.120,1.04405,1.04408,1.50,1.50
2016.10.12 15:21:39.171,1.04405,1.04408,1.00,1.50
2016.10.12 15:21:39.694,1.04406,1.04408,1.00,1.12
2016.10.12 15:21:39.850,1.04406,1.04409,1.50,1.50
2016.10.12 15:21:40.003,1.04406,1.04409,3.00,1.50
2016.10.12 15:21:40.885,1.04406,1.04408,1.50,1.12
2016.10.12 15:21:41.203,1.04405,1.04408,1.12,1.12
2016.10.12 15:21:41.757,1.04406,1.04408,1.00,1.12
2016.10.12 15:21:42.521,1.04404,1.04406,2.85,1.00
2016.10.12 15:21:42.595,1.04402,1.04405,1.87,1.00
2016.10.12 15:21:42.647,1.04403,1.04406,1.12,1.12
2016.10.12 15:21:42.698,1.04403,1.04405,1.00,1.00
2016.10.12 15:21:42.800,1.04403,1.04405,1.50,1.00
2016.10.12 15:21:42.902,1.04403,1.04405,1.00,1.00
2016.10.12 15:21:43.005,1.04402,1.04405,3.00,1.00
2016.10.12 15:21:43.578,1.04402,1.04405,1.00,1.00
2016.10.12 15:21:46.182,1.04401,1.04404,4.31,1.00
2016.10.12 15:21:46.284,1.04401,1.04404,3.56,1.00
2016.10.12 15:21:46.436,1.04403,1.04406,1.00,2.62
2016.10.12 15:21:46.756,1.04403,1.04406,1.00,2.25
2016.10.12 15:21:46.932,1.04403,1.04406,1.00,3.00
2016.10.12 15:21:47.137,1.04403,1.04405,1.00,1.00
2016.10.12 15:21:48.959,1.04402,1.04405,1.00,1.00
2016.10.12 15:21:49.113,1.04402,1.04405,1.00,1.12
2016.10.12 15:21:49.824,1.04401,1.04404,2.44,1.00
2016.10.12 15:21:51.008,1.04401,1.04404,2.44,1.12
2016.10.12 15:21:51.518,1.04401,1.04403,1.69,1.00
2016.10.12 15:21:51.825,1.044,1.04402,3.94,1.00
2016.10.12 15:21:52.077,1.044,1.04402,1.00,3.75
2016.10.12 15:21:52.128,1.04397,1.04402,3.37,1.50
2016.10.12 15:21:52.282,1.04397,1.04401,3.37,1.00
2016.10.12 15:21:52.531,1.04398,1.04401,1.00,1.00
2016.10.12 15:21:52.582,1.04398,1.04402,1.00,4.35
2016.10.12 15:21:52.735,1.04397,1.04402,2.25,4.72
2016.10.12 15:21:53.105,1.04397,1.04402,1.00,6.22
2016.10.12 15:21:53.156,1.04397,1.04401,1.00,1.00
2016.10.12 15:21:55.636,1.04397,1.044,1.00,1.00
2016.10.12 15:21:56.552,1.04397,1.04399,2.25,1.00
2016.10.12 15:21:56.603,1.04396,1.04399,4.12,2.25
2016.10.12 15:21:56.706,1.04396,1.04399,3.75,2.25
2016.10.12 15:21:57.376,1.04396,1.04398,3.75,2.47
2016.10.12 15:21:57.427,1.04393,1.04395,3.37,1.50
2016.10.12 15:21:57.479,1.04393,1.04394,2.25,1.87
2016.10.12 15:21:57.530,1.04392,1.04394,1.12,1.87
2016.10.12 15:21:57.734,1.04392,1.04394,1.87,1.12
2016.10.12 15:21:57.837,1.04393,1.04395,1.00,2.25
2016.10.12 15:21:58.174,1.04394,1.04395,1.00,1.50
2016.10.12 15:21:58.689,1.04393,1.04395,1.00,1.50
2016.10.12 15:21:58.741,1.04392,1.04395,3.00,1.50
2016.10.12 15:21:59.074,1.04392,1.04395,2.25,1.50
2016.10.12 15:21:59.126,1.04392,1.04395,3.00,1.50
2016.10.12 15:21:59.228,1.04392,1.04395,2.25,1.50
2016.10.12 15:21:59.330,1.04392,1.04395,3.00,1.50
2016.10.12 15:21:59.432,1.04392,1.04395,2.25,1.50
2016.10.12 15:21:59.535,1.04392,1.04395,3.00,1.50
2016.10.12 15:22:00.040,1.04392,1.04395,2.25,1.50
2016.10.12 15:22:00.141,1.04392,1.04395,3.00,1.50
2016.10.12 15:22:00.354,1.04394,1.04396,1.72,1.00
2016.10.12 15:22:00.405,1.04395,1.04397,1.00,1.50
2016.10.12 15:22:00.457,1.04395,1.04398,1.12,1.00
2016.10.12 15:22:00.559,1.04395,1.04398,3.00,1.00
2016.10.12 15:22:00.712,1.04396,1.04399,1.00,1.00
2016.10.12 15:22:00.763,1.04395,1.04398,5.81,1.00
2016.10.12 15:22:00.866,1.04395,1.04398,3.00,1.00
2016.10.12 15:22:01.119,1.04395,1.04398,1.50,1.00
2016.10.12 15:22:01.171,1.04395,1.04397,1.00,1.00
2016.10.12 15:22:01.222,1.04394,1.04397,4.12,1.00
2016.10.12 15:22:01.528,1.04394,1.04396,3.37,1.00
2016.10.12 15:22:01.581,1.04394,1.04395,2.62,1.00
2016.10.12 15:22:01.635,1.04394,1.04397,1.12,1.50
2016.10.12 15:22:01.686,1.04393,1.04396,3.75,1.00
2016.10.12 15:22:01.949,1.04393,1.04396,1.87,1.00
2016.10.12 15:22:03.180,1.04394,1.04397,1.00,1.00
2016.10.12 15:22:03.436,1.04393,1.04396,1.87,1.00
2016.10.12 15:22:03.487,1.04393,1.04396,1.12,1.72
2016.10.12 15:22:03.743,1.04392,1.04395,1.00,3.00
2016.10.12 15:22:03.864,1.04392,1.04393,1.50,1.00
2016.10.12 15:22:03.966,1.04393,1.04394,1.50,1.50
2016.10.12 15:22:04.017,1.04393,1.04394,1.00,1.50
2016.10.12 15:22:04.273,1.04392,1.04393,1.50,1.00
2016.10.12 15:22:05.262,1.0439,1.04391,1.00,1.00
2016.10.12 15:22:05.364,1.04389,1.04391,1.00,2.25
2016.10.12 15:22:05.415,1.04388,1.04391,5.25,2.25
2016.10.12 15:22:05.641,1.04386,1.04388,4.50,1.47
2016.10.12 15:22:05.693,1.04384,1.04386,1.37,1.50
2016.10.12 15:22:05.744,1.04383,1.04386,1.75,1.50
2016.10.12 15:22:05.847,1.04384,1.04386,1.00,1.12
2016.10.12 15:22:05.898,1.04384,1.04387,1.00,3.00
2016.10.12 15:22:05.950,1.04384,1.04387,1.00,1.00
2016.10.12 15:22:06.410,1.04384,1.04387,1.00,3.22
2016.10.12 15:22:06.655,1.04383,1.04386,1.50,2.06
2016.10.12 15:22:06.706,1.04385,1.04387,1.30,5.06
2016.10.12 15:22:06.757,1.04386,1.04388,1.19,1.50
2016.10.12 15:22:06.808,1.04385,1.04388,1.31,2.25
2016.10.12 15:22:06.859,1.04386,1.04387,1.50,1.00
2016.10.12 15:22:06.910,1.04385,1.04387,1.50,1.25
2016.10.12 15:22:07.063,1.04384,1.04387,1.12,1.25
2016.10.12 15:22:07.114,1.04383,1.04385,3.00,1.00
2016.10.12 15:22:07.165,1.04383,1.04385,2.25,1.00
2016.10.12 15:22:07.216,1.04383,1.04385,1.50,1.00
2016.10.12 15:22:07.463,1.04383,1.04386,2.25,1.25
2016.10.12 15:22:07.515,1.04383,1.04386,1.50,1.69
2016.10.12 15:22:07.922,1.04383,1.04386,1.50,1.50
2016.10.12 15:22:08.075,1.04384,1.04386,1.00,1.00
2016.10.12 15:22:08.606,1.04382,1.04385,1.00,1.00
2016.10.12 15:22:08.963,1.04381,1.04384,1.87,1.50
2016.10.12 15:22:09.014,1.04381,1.04384,1.87,1.69
2016.10.12 15:22:09.065,1.04381,1.04384,1.00,1.69
2016.10.12 15:22:09.542,1.04381,1.04384,1.00,2.10
2016.10.12 15:22:09.594,1.0438,1.04383,2.62,1.00
2016.10.12 15:22:09.646,1.0438,1.04383,2.62,1.50
2016.10.12 15:22:09.698,1.0438,1.04383,2.62,2.25
2016.10.12 15:22:09.752,1.04381,1.04383,1.00,1.50
2016.10.12 15:22:09.854,1.04381,1.04383,1.00,1.00
2016.10.12 15:22:09.905,1.04381,1.04384,1.00,1.87
2016.10.12 15:22:10.222,1.04381,1.04384,1.00,1.50
2016.10.12 15:22:10.687,1.04381,1.04384,1.31,1.50
2016.10.12 15:22:10.790,1.04381,1.04384,2.06,1.50
2016.10.12 15:22:12.080,1.04381,1.04384,3.56,1.50
2016.10.12 15:22:13.218,1.04382,1.04385,1.00,1.50
2016.10.12 15:22:13.690,1.04381,1.04383,2.62,1.00
2016.10.12 15:22:13.792,1.04381,1.04383,2.62,1.50
2016.10.12 15:22:13.843,1.04381,1.04383,1.87,1.50
2016.10.12 15:22:16.201,1.04383,1.04385,1.00,1.00
2016.10.12 15:22:16.354,1.04383,1.04385,1.00,1.50
2016.10.12 15:22:16.660,1.04383,1.04385,1.00,1.00
2016.10.12 15:22:17.163,1.04382,1.04385,1.00,1.00
2016.10.12 15:22:17.736,1.0438,1.04382,2.25,1.00
2016.10.12 15:22:17.788,1.0438,1.04382,1.00,1.00
2016.10.12 15:22:17.839,1.04379,1.04381,2.25,2.47
2016.10.12 15:22:17.890,1.04379,1.0438,1.87,1.69
2016.10.12 15:22:17.942,1.04378,1.0438,1.50,3.19
2016.10.12 15:22:17.994,1.04376,1.04378,1.37,1.00
2016.10.12 15:22:18.046,1.04375,1.04378,3.00,1.00
2016.10.12 15:22:18.099,1.04375,1.04378,2.62,1.00
2016.10.12 15:22:18.151,1.04375,1.04378,3.00,1.00
2016.10.12 15:22:18.202,1.04376,1.04379,1.00,1.50
2016.10.12 15:22:18.468,1.04376,1.04379,1.00,1.87
2016.10.12 15:22:18.520,1.04375,1.04378,3.00,1.00
2016.10.12 15:22:18.572,1.04376,1.04379,1.00,1.87
2016.10.12 15:22:18.725,1.04377,1.0438,1.00,3.56
2016.10.12 15:22:18.776,1.04378,1.04379,1.00,1.12
2016.10.12 15:22:18.879,1.04376,1.04379,1.00,1.00
2016.10.12 15:22:20.596,1.04376,1.04379,1.12,1.00
2016.10.12 15:22:20.851,1.04376,1.04379,1.12,1.12
2016.10.12 15:22:20.902,1.04375,1.04378,1.87,1.00
2016.10.12 15:22:20.953,1.04376,1.04379,1.12,1.12
2016.10.12 15:22:21.302,1.04379,1.04381,1.00,3.37
2016.10.12 15:22:21.379,1.04383,1.04385,1.37,1.00
2016.10.12 15:22:21.430,1.04383,1.04384,1.00,1.25
2016.10.12 15:22:21.481,1.0438,1.04384,1.12,1.25
2016.10.12 15:22:21.532,1.0438,1.04384,1.12,1.72
2016.10.12 15:22:21.583,1.0438,1.04381,1.00,1.00
2016.10.12 15:22:21.946,1.04377,1.0438,2.25,1.50
2016.10.12 15:22:21.998,1.04377,1.04379,1.37,1.00
2016.10.12 15:22:22.049,1.04377,1.04379,1.12,1.00
2016.10.12 15:22:22.100,1.04377,1.04378,1.00,1.00
2016.10.12 15:22:22.304,1.04377,1.0438,1.50,1.00
2016.10.12 15:22:22.355,1.04377,1.0438,1.12,1.00
2016.10.12 15:22:23.170,1.04377,1.0438,1.12,1.12
2016.10.12 15:22:23.375,1.04377,1.0438,1.12,1.00
2016.10.12 15:22:23.579,1.04377,1.04379,1.50,1.00
2016.10.12 15:22:23.846,1.04376,1.04379,1.12,1.50
2016.10.12 15:22:23.956,1.04376,1.04379,1.12,1.00
2016.10.12 15:22:24.109,1.04378,1.0438,1.00,1.50
2016.10.12 15:22:24.161,1.04377,1.0438,1.19,1.00
2016.10.12 15:22:24.212,1.04377,1.04381,2.81,1.00
2016.10.12 15:22:24.264,1.04377,1.04384,2.06,5.50
2016.10.12 15:22:24.316,1.04385,1.04389,1.27,9.75
2016.10.12 15:22:24.368,1.04387,1.04388,1.00,1.00
2016.10.12 15:22:24.420,1.04385,1.04388,1.50,1.00
2016.10.12 15:22:24.679,1.04385,1.04388,1.12,1.12
2016.10.12 15:22:24.887,1.04384,1.04387,5.44,1.00
2016.10.12 15:22:24.938,1.04384,1.04387,4.69,1.00
2016.10.12 15:22:25.142,1.04384,1.04389,4.69,1.87
2016.10.12 15:22:25.193,1.04386,1.04389,1.00,1.87
2016.10.12 15:22:25.555,1.04384,1.04387,3.00,1.00
2016.10.12 15:22:25.606,1.04385,1.04388,1.12,2.06
2016.10.12 15:22:25.657,1.04385,1.04388,1.12,1.56
2016.10.12 15:22:25.708,1.04385,1.04388,1.87,1.00
2016.10.12 15:22:25.760,1.04385,1.04388,1.87,1.12
2016.10.12 15:22:25.811,1.04386,1.04389,1.00,1.50
2016.10.12 15:22:25.863,1.04386,1.04389,1.00,1.12
2016.10.12 15:22:25.914,1.04386,1.04389,1.00,1.00
2016.10.12 15:22:25.965,1.04386,1.04389,1.12,1.00
2016.10.12 15:22:26.244,1.04386,1.04389,1.50,1.00
2016.10.12 15:22:27.434,1.04387,1.04389,1.00,1.00
2016.10.12 15:22:27.537,1.04387,1.04392,1.00,6.19
2016.10.12 15:22:27.589,1.0439,1.04392,1.37,3.00
2016.10.12 15:22:27.642,1.0439,1.04391,1.12,1.00
2016.10.12 15:22:27.888,1.04389,1.0439,1.00,1.00
2016.10.12 15:22:27.940,1.04389,1.04391,1.00,1.00
2016.10.12 15:22:28.143,1.04389,1.04391,1.50,1.00
2016.10.12 15:22:28.550,1.04389,1.04392,2.25,1.00
2016.10.12 15:22:28.601,1.0439,1.04393,1.50,1.50
2016.10.12 15:22:28.816,1.04393,1.04394,1.00,3.00
2016.10.12 15:22:28.867,1.04394,1.04396,1.00,6.37
2016.10.12 15:22:28.922,1.04396,1.04397,1.00,2.62
2016.10.12 15:22:28.973,1.04397,1.04399,1.00,3.37
2016.10.12 15:22:29.024,1.04397,1.04399,1.00,1.00
2016.10.12 15:22:29.075,1.04398,1.044,1.00,1.00
2016.10.12 15:22:29.126,1.04399,1.04401,1.00,3.42
2016.10.12 15:22:29.177,1.04399,1.04401,1.00,1.87
2016.10.12 15:22:29.229,1.04399,1.04401,1.00,2.25
2016.10.12 15:22:29.762,1.04399,1.04401,1.00,1.50
2016.10.12 15:22:30.022,1.04399,1.04401,1.50,1.00
2016.10.12 15:22:30.663,1.04399,1.04401,1.50,1.50
2016.10.12 15:22:30.715,1.04399,1.04401,1.00,1.50
2016.10.12 15:22:30.767,1.04398,1.04401,1.87,1.50
2016.10.12 15:22:31.027,1.04399,1.04401,1.00,1.50
2016.10.12 15:22:31.129,1.04399,1.044,1.00,1.00
2016.10.12 15:22:31.740,1.04399,1.04401,1.00,1.50
2016.10.12 15:22:31.844,1.04399,1.04401,1.00,1.00
2016.10.12 15:22:31.895,1.04398,1.04401,1.87,1.00
2016.10.12 15:22:31.947,1.04399,1.04402,1.00,1.12
2016.10.12 15:22:31.999,1.04399,1.04402,1.00,1.42
2016.10.12 15:22:32.050,1.04399,1.04402,1.00,2.17
2016.10.12 15:22:32.684,1.04399,1.04402,1.00,1.42
2016.10.12 15:22:33.093,1.04399,1.04402,1.00,2.17
2016.10.12 15:22:33.145,1.04399,1.04402,1.00,3.67
2016.10.12 15:22:34.066,1.04398,1.04401,1.12,1.24
2016.10.12 15:22:34.117,1.04398,1.04401,1.12,1.61
2016.10.12 15:22:34.169,1.04397,1.044,3.37,1.30
2016.10.12 15:22:34.387,1.04397,1.04399,3.00,1.00
2016.10.12 15:22:34.443,1.04397,1.04399,1.00,1.00
2016.10.12 15:22:34.597,1.04397,1.044,1.00,3.37
2016.10.12 15:22:34.852,1.04397,1.04399,1.00,1.00
2016.10.12 15:22:36.521,1.04406,1.04408,1.00,20.47
2016.10.12 15:22:36.573,1.0441,1.04411,1.00,1.50
2016.10.12 15:22:36.626,1.04408,1.04411,1.25,7.50
2016.10.12 15:22:36.696,1.04408,1.04411,1.25,7.50
2016.10.12 15:22:36.748,1.04409,1.04411,1.00,7.50
2016.10.12 15:22:36.799,1.04409,1.04412,1.00,1.00
2016.10.12 15:22:36.902,1.04409,1.04412,1.12,1.50
2016.10.12 15:22:37.005,1.0441,1.04412,1.00,1.00
2016.10.12 15:22:37.251,1.0441,1.04412,1.50,1.00
2016.10.12 15:22:37.303,1.04409,1.0441,1.12,1.00
2016.10.12 15:22:37.355,1.04409,1.04411,1.12,1.00
2016.10.12 15:22:37.407,1.04409,1.04412,1.00,2.55
2016.10.12 15:22:37.533,1.04411,1.04413,1.00,1.12
2016.10.12 15:22:37.637,1.04411,1.04413,1.50,1.12
2016.10.12 15:22:37.688,1.04411,1.04413,1.00,1.87
2016.10.12 15:22:37.842,1.0441,1.04413,1.50,1.87
2016.10.12 15:22:38.123,1.0441,1.04413,1.50,1.12
2016.10.12 15:22:38.786,1.04411,1.04414,1.00,2.44
2016.10.12 15:22:38.939,1.04411,1.04413,1.00,1.87
2016.10.12 15:22:39.359,1.0441,1.04413,1.50,2.62
2016.10.12 15:22:40.333,1.0441,1.04413,1.50,1.12
2016.10.12 15:22:40.889,1.04411,1.04414,1.00,3.75
2016.10.12 15:22:40.940,1.04412,1.04414,1.72,3.00
2016.10.12 15:22:40.991,1.04412,1.04414,1.50,2.25
2016.10.12 15:22:41.043,1.04415,1.04417,1.50,5.62
2016.10.12 15:22:41.096,1.04415,1.04417,1.50,1.37
2016.10.12 15:22:41.147,1.04416,1.04417,1.00,1.00
2016.10.12 15:22:41.959,1.04415,1.04416,1.50,1.00
2016.10.12 15:22:42.558,1.04415,1.04416,1.00,1.00
2016.10.12 15:22:42.762,1.04416,1.04417,1.00,1.50
2016.10.12 15:22:42.813,1.04416,1.04418,1.00,2.55
2016.10.12 15:22:43.274,1.0442,1.04421,1.00,2.66
2016.10.12 15:22:43.337,1.04419,1.04421,1.00,2.96
2016.10.12 15:22:43.388,1.04419,1.0442,1.00,1.50
2016.10.12 15:22:43.439,1.04419,1.0442,1.00,2.25
2016.10.12 15:22:43.491,1.04419,1.0442,1.00,1.50
2016.10.12 15:22:43.593,1.04417,1.0442,1.50,1.50
2016.10.12 15:22:43.932,1.04417,1.0442,1.50,1.00
2016.10.12 15:22:43.984,1.04418,1.0442,1.00,1.50
2016.10.12 15:22:44.036,1.04418,1.0442,1.50,1.50
2016.10.12 15:22:44.088,1.04419,1.0442,1.00,1.00
2016.10.12 15:22:44.139,1.04418,1.04421,1.50,4.53
2016.10.12 15:22:44.190,1.04418,1.0442,1.50,1.00
2016.10.12 15:22:44.449,1.04418,1.0442,1.50,1.50
2016.10.12 15:22:44.604,1.04418,1.0442,1.87,1.50
2016.10.12 15:22:44.655,1.04418,1.0442,1.87,1.00
2016.10.12 15:22:45.330,1.04418,1.0442,1.87,2.25
2016.10.12 15:22:45.433,1.04419,1.0442,1.00,1.50
2016.10.12 15:22:45.535,1.04419,1.0442,1.50,1.50
2016.10.12 15:22:46.123,1.04419,1.0442,1.50,1.50
2016.10.12 15:22:46.329,1.04419,1.0442,1.00,1.50
2016.10.12 15:22:46.630,1.04419,1.0442,1.00,1.50
2016.10.12 15:22:46.850,1.04418,1.0442,1.87,1.50
2016.10.12 15:22:47.115,1.04418,1.0442,1.50,1.50
2016.10.12 15:22:47.277,1.04418,1.04421,1.50,3.75
2016.10.12 15:22:48.206,1.04418,1.04421,1.50,3.00
2016.10.12 15:22:48.573,1.04418,1.0442,1.50,1.00
2016.10.12 15:22:48.624,1.04418,1.04421,1.50,2.25
2016.10.12 15:22:50.699,1.04419,1.04421,1.00,2.25
2016.10.12 15:22:50.750,1.04419,1.04421,1.50,2.25
2016.10.12 15:22:50.854,1.04419,1.04421,2.25,2.25
2016.10.12 15:22:51.162,1.04419,1.04421,2.25,1.50
2016.10.12 15:22:51.265,1.0442,1.04421,1.12,1.50
2016.10.12 15:22:51.780,1.0442,1.04421,1.12,1.87
2016.10.12 15:22:51.832,1.0442,1.04421,1.12,3.37
2016.10.12 15:22:51.884,1.04419,1.04421,1.87,3.37
2016.10.12 15:22:51.989,1.04419,1.04421,1.87,1.50
2016.10.12 15:22:52.289,1.04419,1.04421,1.37,1.50
2016.10.12 15:22:52.910,1.04419,1.04421,1.37,1.00
2016.10.12 15:22:53.164,1.04418,1.04421,2.25,1.00
2016.10.12 15:22:54.571,1.0442,1.04422,1.12,5.44
2016.10.12 15:22:54.623,1.0442,1.04422,1.12,3.56
2016.10.12 15:22:54.674,1.0442,1.04422,1.87,2.44
2016.10.12 15:22:54.725,1.0442,1.04422,1.87,3.19
2016.10.12 15:22:54.879,1.0442,1.04422,1.12,3.94
2016.10.12 15:22:54.930,1.0442,1.04422,1.87,2.44
2016.10.12 15:22:54.982,1.04421,1.04422,1.00,1.50
2016.10.12 15:22:55.034,1.04421,1.04422,2.25,1.50
2016.10.12 15:22:55.294,1.04421,1.04424,3.00,1.12
2016.10.12 15:22:55.345,1.04422,1.04424,1.12,1.12
2016.10.12 15:22:56.162,1.04425,1.04427,3.62,15.04
2016.10.12 15:22:56.213,1.04427,1.04429,1.00,1.30
2016.10.12 15:22:56.316,1.04427,1.04429,1.50,1.80
2016.10.12 15:22:56.520,1.04427,1.04429,2.25,1.30
2016.10.12 15:22:56.915,1.04428,1.0443,1.12,1.80
2016.10.12 15:22:57.017,1.04428,1.04431,1.50,2.06
2016.10.12 15:22:57.068,1.04428,1.04431,1.50,3.56
2016.10.12 15:22:57.272,1.0443,1.04431,1.00,2.62
2016.10.12 15:22:57.323,1.04431,1.04432,1.35,2.25
2016.10.12 15:22:57.376,1.04433,1.04434,2.29,9.75
2016.10.12 15:22:57.427,1.04434,1.04437,2.10,3.00
2016.10.12 15:22:57.648,1.04434,1.04437,1.50,3.75
2016.10.12 15:22:57.700,1.04438,1.04439,1.00,2.25
2016.10.12 15:22:57.751,1.04436,1.04437,1.50,1.00
2016.10.12 15:22:57.802,1.04434,1.04437,1.50,1.75
2016.10.12 15:22:57.905,1.04434,1.04435,1.00,1.12
2016.10.12 15:22:57.956,1.04433,1.04435,1.12,1.12
2016.10.12 15:22:58.007,1.04433,1.04436,1.87,3.60
2016.10.12 15:22:58.110,1.04433,1.04435,1.87,1.31
2016.10.12 15:22:58.212,1.04433,1.04436,2.62,3.37
2016.10.12 15:22:58.264,1.04433,1.04435,2.28,1.31
2016.10.12 15:22:58.522,1.04432,1.04435,3.03,1.00
2016.10.12 15:22:58.573,1.04432,1.04436,3.03,1.12
2016.10.12 15:22:58.625,1.04432,1.04436,3.03,1.87
2016.10.12 15:22:58.727,1.04432,1.04436,3.03,1.12
2016.10.12 15:22:58.778,1.04432,1.04436,3.41,1.12
2016.10.12 15:22:58.829,1.04431,1.04436,1.50,1.12
2016.10.12 15:22:58.881,1.04434,1.04436,1.00,1.12
2016.10.12 15:22:59.881,1.04434,1.04436,1.00,1.00
2016.10.12 15:23:00.131,1.04432,1.04436,1.87,1.00
2016.10.12 15:23:00.182,1.04435,1.04437,1.00,4.87
2016.10.12 15:23:00.233,1.04435,1.04437,1.00,4.12
2016.10.12 15:23:00.490,1.04435,1.04436,1.00,1.12
2016.10.12 15:23:00.541,1.04435,1.04436,1.00,1.87
2016.10.12 15:23:00.593,1.04431,1.04435,3.00,1.00
2016.10.12 15:23:00.646,1.04431,1.04436,3.00,3.37
2016.10.12 15:23:00.895,1.04431,1.04435,3.37,1.00
2016.10.12 15:23:00.999,1.04431,1.04435,4.12,1.00
2016.10.12 15:23:01.102,1.04434,1.04435,1.00,1.00
2016.10.12 15:23:01.706,1.04435,1.04437,1.00,3.75
2016.10.12 15:23:02.367,1.04436,1.04437,1.00,3.00
2016.10.12 15:23:02.861,1.04432,1.04435,1.37,1.00
2016.10.12 15:23:03.116,1.04432,1.04435,1.87,1.00
2016.10.12 15:23:03.167,1.04432,1.04437,3.00,1.50
2016.10.12 15:23:03.219,1.04432,1.04437,3.75,1.50
2016.10.12 15:23:03.270,1.04433,1.04437,1.00,1.12
2016.10.12 15:23:03.372,1.04432,1.04437,3.75,1.87
2016.10.12 15:23:03.423,1.04436,1.04438,1.50,3.37
2016.10.12 15:23:03.474,1.04437,1.04439,1.00,2.81
2016.10.12 15:23:03.707,1.04437,1.04438,1.50,1.00
2016.10.12 15:23:03.767,1.04438,1.0444,1.00,3.75
2016.10.12 15:23:03.922,1.04438,1.0444,1.00,3.37
2016.10.12 15:23:03.974,1.04438,1.0444,1.00,4.12
2016.10.12 15:23:04.129,1.04438,1.0444,1.00,3.37
2016.10.12 15:23:04.374,1.04438,1.04439,1.00,4.12
2016.10.12 15:23:04.426,1.04434,1.04437,1.37,1.00
2016.10.12 15:23:04.938,1.04434,1.04438,1.37,1.00
2016.10.12 15:23:05.250,1.04434,1.04437,1.50,1.00
2016.10.12 15:23:05.302,1.04435,1.04437,1.00,1.00
2016.10.12 15:23:05.811,1.04436,1.04438,1.00,1.00
2016.10.12 15:23:06.487,1.04436,1.04437,1.00,1.00
2016.10.12 15:23:06.538,1.04436,1.04437,1.50,1.12
2016.10.12 15:23:07.037,1.04436,1.04438,1.50,1.50
2016.10.12 15:23:07.088,1.04436,1.04438,1.50,1.12
2016.10.12 15:23:07.241,1.04437,1.04439,1.00,2.62
2016.10.12 15:23:07.344,1.04437,1.04439,1.00,1.87
2016.10.12 15:23:07.406,1.04437,1.04439,1.00,1.50
2016.10.12 15:23:07.479,1.04437,1.04439,1.00,1.12
2016.10.12 15:23:07.856,1.04437,1.0444,1.00,4.87
2016.10.12 15:23:08.060,1.04437,1.0444,1.00,5.10
2016.10.12 15:23:08.111,1.04437,1.0444,1.00,3.97
2016.10.12 15:23:08.162,1.04437,1.0444,1.00,3.56
2016.10.12 15:23:08.214,1.04437,1.0444,1.00,2.81
2016.10.12 15:23:08.316,1.04438,1.0444,1.50,2.06
2016.10.12 15:23:08.856,1.04438,1.0444,1.50,1.31
2016.10.12 15:23:08.907,1.04438,1.04441,1.50,3.94
2016.10.12 15:23:09.691,1.04438,1.04441,1.50,4.69
2016.10.12 15:23:09.753,1.04437,1.0444,1.50,1.31
2016.10.12 15:23:10.494,1.04437,1.0444,1.50,2.06
2016.10.12 15:23:11.006,1.04437,1.0444,1.50,1.31
2016.10.12 15:23:11.329,1.04437,1.0444,1.50,1.25
2016.10.12 15:23:11.637,1.04438,1.0444,1.00,1.25
2016.10.12 15:23:14.707,1.04437,1.0444,1.50,1.25
2016.10.12 15:23:14.758,1.04437,1.0444,1.50,2.25
2016.10.12 15:23:14.809,1.04437,1.04439,1.50,1.35
2016.10.12 15:23:14.861,1.04437,1.04439,1.00,1.12
2016.10.12 15:23:15.495,1.04437,1.04439,1.00,2.62
2016.10.12 15:23:15.750,1.04437,1.04439,1.00,2.25
2016.10.12 15:23:15.801,1.04436,1.04439,1.50,2.25
2016.10.12 15:23:16.005,1.04436,1.04439,1.50,1.00
2016.10.12 15:23:16.458,1.04436,1.04439,1.50,1.30
2016.10.12 15:23:16.517,1.04437,1.0444,1.00,4.12
2016.10.12 15:23:16.568,1.04436,1.04437,1.00,1.00
2016.10.12 15:23:16.670,1.04434,1.04437,1.87,1.00
2016.10.12 15:23:17.223,1.04434,1.04436,1.87,1.00
2016.10.12 15:23:17.275,1.04433,1.04436,8.10,1.00
2016.10.12 15:23:17.326,1.04433,1.04436,8.85,1.00
2016.10.12 15:23:17.377,1.04434,1.04436,1.12,1.00
2016.10.12 15:23:17.429,1.04434,1.04436,1.50,1.00
2016.10.12 15:23:17.532,1.04434,1.04437,2.25,1.00
2016.10.12 15:23:17.584,1.04434,1.04436,1.00,1.00
2016.10.12 15:23:17.947,1.04434,1.04437,1.50,1.00
2016.10.12 15:23:18.100,1.04434,1.04437,2.25,1.00
2016.10.12 15:23:18.254,1.04434,1.04437,2.25,1.50
2016.10.12 15:23:18.356,1.04434,1.04437,3.00,1.50
2016.10.12 15:23:18.407,1.04434,1.04437,2.62,1.50
2016.10.12 15:23:18.782,1.04435,1.04437,1.50,1.50
2016.10.12 15:23:18.936,1.04435,1.04436,1.50,1.00
2016.10.12 15:23:19.039,1.04434,1.04435,1.87,1.00
2016.10.12 15:23:19.090,1.04433,1.04434,4.50,1.00
2016.10.12 15:23:19.141,1.04433,1.04434,2.62,1.00
2016.10.12 15:23:19.193,1.04433,1.04435,2.62,1.50
2016.10.12 15:23:19.244,1.04433,1.04435,2.25,1.50
2016.10.12 15:23:19.626,1.04432,1.04433,4.12,1.00
2016.10.12 15:23:19.782,1.04432,1.04433,3.75,1.50
2016.10.12 15:23:20.189,1.04431,1.04433,5.62,1.50
2016.10.12 15:23:20.240,1.04431,1.04433,3.75,1.50
2016.10.12 15:23:20.501,1.04431,1.04433,3.00,1.50
2016.10.12 15:23:20.569,1.04431,1.04433,3.00,1.87
2016.10.12 15:23:20.976,1.04431,1.04433,2.25,1.87
2016.10.12 15:23:21.239,1.04431,1.04433,1.00,1.87
2016.10.12 15:23:21.979,1.04429,1.0443,4.12,3.63
2016.10.12 15:23:22.030,1.04426,1.04429,2.25,1.50
2016.10.12 15:23:22.134,1.04423,1.04427,1.50,2.25
2016.10.12 15:23:22.185,1.04422,1.04426,1.50,1.35
2016.10.12 15:23:22.238,1.04421,1.04426,1.12,1.35
2016.10.12 15:23:22.290,1.04421,1.04424,2.62,1.12
2016.10.12 15:23:22.745,1.04421,1.04424,2.25,1.12
2016.10.12 15:23:22.810,1.04422,1.04425,1.00,2.25
2016.10.12 15:23:22.912,1.04422,1.04425,2.25,2.25
2016.10.12 15:23:26.363,1.04423,1.04425,1.00,1.12
2016.10.12 15:23:26.517,1.04423,1.04426,1.50,2.25
2016.10.12 15:23:26.619,1.04423,1.04426,2.25,2.25
2016.10.12 15:23:26.721,1.04423,1.04426,3.75,2.25
2016.10.12 15:23:26.894,1.04423,1.04426,3.00,2.25
2016.10.12 15:23:26.996,1.04423,1.04426,3.75,2.25
2016.10.12 15:23:27.098,1.04423,1.04426,3.00,2.25
2016.10.12 15:23:27.200,1.04423,1.04426,3.75,2.25
2016.10.12 15:23:27.423,1.04423,1.04426,3.00,2.25
2016.10.12 15:23:27.504,1.04423,1.04426,3.75,2.25
2016.10.12 15:23:27.809,1.04423,1.04426,3.00,2.25
2016.10.12 15:23:27.910,1.04423,1.04426,3.75,2.25
2016.10.12 15:23:28.239,1.04423,1.04426,3.60,2.25
2016.10.12 15:23:28.292,1.04423,1.04426,3.22,2.25
2016.10.12 15:23:28.344,1.04424,1.04426,1.00,1.00
2016.10.12 15:23:28.395,1.04424,1.04427,2.62,1.87
2016.10.12 15:23:28.497,1.04424,1.04427,1.50,2.06
2016.10.12 15:23:29.345,1.04424,1.04427,1.50,1.87
2016.10.12 15:23:29.602,1.04424,1.04425,1.00,1.00
2016.10.12 15:23:29.653,1.04422,1.04423,1.12,1.00
2016.10.12 15:23:29.910,1.0442,1.04422,1.12,2.62
2016.10.12 15:23:29.961,1.04418,1.0442,1.12,1.00
2016.10.12 15:23:30.013,1.04418,1.0442,1.00,1.00
2016.10.12 15:23:30.770,1.04418,1.0442,1.00,1.00
2016.10.12 15:23:31.384,1.04416,1.04419,9.60,1.00
2016.10.12 15:23:31.614,1.04417,1.04418,1.50,1.87
2016.10.12 15:23:31.666,1.04413,1.04415,1.35,1.00
2016.10.12 15:23:31.717,1.04412,1.04415,1.12,1.50
2016.10.12 15:23:31.820,1.04412,1.04415,1.87,1.50
2016.10.12 15:23:32.025,1.04413,1.04415,1.00,1.50
2016.10.12 15:23:32.338,1.04411,1.04413,2.62,1.00
2016.10.12 15:23:32.392,1.0441,1.04412,3.00,1.00
2016.10.12 15:23:32.444,1.04411,1.04412,1.50,1.00
2016.10.12 15:23:32.496,1.04409,1.04411,2.25,1.00
2016.10.12 15:23:32.749,1.04409,1.04411,2.25,1.00
2016.10.12 15:23:32.800,1.04409,1.04412,2.44,1.50
2016.10.12 15:23:32.852,1.04409,1.04412,2.66,1.50
2016.10.12 15:23:33.610,1.0441,1.04412,1.00,1.50
2016.10.12 15:23:33.712,1.0441,1.04412,1.50,1.50
2016.10.12 15:23:33.934,1.04409,1.04412,2.66,1.50
2016.10.12 15:23:34.088,1.04409,1.04411,1.91,1.00
2016.10.12 15:23:34.190,1.0441,1.04412,1.31,1.12
2016.10.12 15:23:34.242,1.04411,1.04413,2.85,1.50
2016.10.12 15:23:34.294,1.04413,1.04414,1.35,1.00
2016.10.12 15:23:34.346,1.04414,1.04416,2.29,3.00
2016.10.12 15:23:34.398,1.04415,1.04416,1.00,1.50
2016.10.12 15:23:34.648,1.04415,1.04417,2.47,1.50
2016.10.12 15:23:34.708,1.04417,1.04418,1.50,1.50
2016.10.12 15:23:34.759,1.04417,1.04419,1.50,1.00
2016.10.12 15:23:34.810,1.04417,1.0442,1.00,1.87
2016.10.12 15:23:34.862,1.04417,1.0442,1.00,1.50
2016.10.12 15:23:35.015,1.04417,1.0442,1.12,1.50
2016.10.12 15:23:35.066,1.04417,1.0442,1.72,1.50
2016.10.12 15:23:35.118,1.04417,1.0442,2.47,1.50
2016.10.12 15:23:35.220,1.04417,1.0442,1.72,1.50
2016.10.12 15:23:35.679,1.04418,1.0442,1.50,1.00
2016.10.12 15:23:35.731,1.04418,1.04421,2.25,1.00
2016.10.12 15:23:36.897,1.04418,1.04422,2.85,1.12
2016.10.12 15:23:36.948,1.04419,1.04422,1.00,1.12
2016.10.12 15:23:37.051,1.04418,1.04419,1.50,1.00
2016.10.12 15:23:37.103,1.04417,1.04419,3.37,1.00
2016.10.12 15:23:37.323,1.04417,1.04418,1.87,1.00
2016.10.12 15:23:37.401,1.04414,1.04417,4.87,1.00
2016.10.12 15:23:37.476,1.04415,1.04416,1.00,1.00
2016.10.12 15:23:37.580,1.04415,1.04416,1.00,1.12
2016.10.12 15:23:37.631,1.04414,1.04416,1.00,1.12
2016.10.12 15:23:38.989,1.04413,1.04416,1.00,1.12
2016.10.12 15:23:40.273,1.04415,1.04417,1.00,2.25
2016.10.12 15:23:40.578,1.04415,1.04418,1.00,3.79
2016.10.12 15:23:41.131,1.04417,1.04419,1.00,5.85
2016.10.12 15:23:41.183,1.04419,1.04421,1.35,2.25
2016.10.12 15:23:41.234,1.0442,1.04421,1.00,1.50
2016.10.12 15:23:41.286,1.0442,1.04422,1.00,1.50
2016.10.12 15:23:41.337,1.04422,1.04424,1.00,1.50
2016.10.12 15:23:41.389,1.04422,1.04424,1.00,3.00
2016.10.12 15:23:41.442,1.04424,1.04425,1.00,1.00
2016.10.12 15:23:41.547,1.04425,1.04427,1.00,2.62
2016.10.12 15:23:42.033,1.04425,1.04427,1.00,2.25
2016.10.12 15:23:42.109,1.04427,1.0443,1.00,4.50
2016.10.12 15:23:42.160,1.04427,1.0443,1.00,5.25
2016.10.12 15:23:42.365,1.04427,1.0443,1.00,4.50
2016.10.12 15:23:42.864,1.04427,1.0443,1.00,3.37
2016.10.12 15:23:43.068,1.04426,1.04427,1.12,1.00
2016.10.12 15:23:43.170,1.04426,1.04429,1.12,2.62
2016.10.12 15:23:43.222,1.04426,1.04429,1.00,2.62
2016.10.12 15:23:43.273,1.04426,1.04429,1.00,1.87
2016.10.12 15:23:43.556,1.04426,1.04429,1.00,2.62
2016.10.12 15:23:43.607,1.04426,1.04427,1.00,1.00
2016.10.12 15:23:44.774,1.04426,1.04428,1.00,1.25
2016.10.12 15:23:46.343,1.04425,1.04428,1.00,2.66
2016.10.12 15:23:46.394,1.04424,1.04426,1.00,1.00
2016.10.12 15:23:46.802,1.04425,1.04427,1.00,1.87
2016.10.12 15:23:47.163,1.04425,1.04427,1.00,1.50
2016.10.12 15:23:47.265,1.04425,1.04428,1.00,2.06
2016.10.12 15:23:47.368,1.04425,1.04428,1.00,1.69
2016.10.12 15:23:47.673,1.04425,1.04428,1.00,1.25
2016.10.12 15:23:48.012,1.04426,1.04429,1.00,4.31
2016.10.12 15:23:48.064,1.04426,1.04429,1.00,5.44
2016.10.12 15:23:48.166,1.04426,1.04429,1.00,5.06
2016.10.12 15:23:49.688,1.04426,1.04429,1.00,4.31
2016.10.12 15:23:50.661,1.04424,1.04427,1.00,1.00
2016.10.12 15:23:51.526,1.04424,1.04427,1.00,1.19
2016.10.12 15:23:52.416,1.04423,1.04426,1.12,1.25
2016.10.12 15:23:52.681,1.04423,1.04426,1.00,3.19
2016.10.12 15:23:53.243,1.04423,1.04426,1.00,2.44
2016.10.12 15:23:53.294,1.04424,1.04427,1.00,2.81
2016.10.12 15:23:53.345,1.04425,1.04427,1.00,2.06
2016.10.12 15:23:53.396,1.04425,1.04427,1.00,1.87
2016.10.12 15:23:53.447,1.04426,1.04427,1.00,1.50
2016.10.12 15:23:53.498,1.04425,1.04428,1.00,1.12
2016.10.12 15:23:53.708,1.04424,1.04427,1.00,2.62
2016.10.12 15:23:53.759,1.04423,1.04427,1.00,2.70
2016.10.12 15:23:53.811,1.04423,1.04426,1.00,1.58
2016.10.12 15:23:53.912,1.04422,1.04425,2.06,1.10
2016.10.12 15:23:54.825,1.04422,1.04425,1.00,1.08
2016.10.12 15:23:57.996,1.04421,1.04424,3.37,1.08
2016.10.12 15:23:58.099,1.04422,1.04425,1.00,1.08
2016.10.12 15:24:00.154,1.04421,1.04424,3.37,1.08
2016.10.12 15:24:00.206,1.04422,1.04425,1.00,1.08
2016.10.12 15:24:00.257,1.04422,1.04425,1.12,1.08
2016.10.12 15:24:00.308,1.04422,1.04425,1.12,1.00
2016.10.12 15:24:05.486,1.04423,1.04426,1.35,1.00
2016.10.12 15:24:05.720,1.04426,1.04427,1.12,1.50
2016.10.12 15:24:05.772,1.04427,1.04428,1.00,1.50
2016.10.12 15:24:05.874,1.04427,1.04428,1.12,1.50
2016.10.12 15:24:05.925,1.04427,1.0443,1.12,1.00
2016.10.12 15:24:06.293,1.04427,1.04431,1.12,2.25
2016.10.12 15:24:06.344,1.04428,1.04431,1.00,2.25
2016.10.12 15:24:06.395,1.04428,1.04431,1.00,1.50
2016.10.12 15:24:06.593,1.04428,1.04431,1.12,1.00
2016.10.12 15:24:06.644,1.04428,1.04431,1.00,1.00
2016.10.12 15:24:07.563,1.04428,1.04431,1.00,1.69
2016.10.12 15:24:07.615,1.04427,1.0443,1.12,1.00
2016.10.12 15:24:07.666,1.04427,1.04431,1.12,1.87
2016.10.12 15:24:07.716,1.04427,1.04431,1.50,1.12
2016.10.12 15:24:07.768,1.04427,1.04431,2.25,1.12
2016.10.12 15:24:07.870,1.04427,1.04431,1.50,1.12
2016.10.12 15:24:07.921,1.04426,1.0443,5.47,1.00
2016.10.12 15:24:07.972,1.04426,1.0443,4.91,1.00
2016.10.12 15:24:08.023,1.04428,1.04431,1.00,1.12
2016.10.12 15:24:08.074,1.04427,1.0443,1.35,1.00
2016.10.12 15:24:08.125,1.04429,1.04432,1.07,2.25
2016.10.12 15:24:08.176,1.04428,1.04431,1.07,1.12
2016.10.12 15:24:08.227,1.04428,1.04432,1.07,3.00
2016.10.12 15:24:08.431,1.04428,1.04431,1.00,1.12
2016.10.12 15:24:08.482,1.04428,1.04431,1.00,1.00
2016.10.12 15:24:08.991,1.04427,1.0443,3.37,1.00
2016.10.12 15:24:09.042,1.04427,1.04429,2.25,1.00
2016.10.12 15:24:09.502,1.04428,1.04431,1.00,3.00
2016.10.12 15:24:09.553,1.04428,1.04431,1.00,2.25
2016.10.12 15:24:09.604,1.04427,1.0443,2.10,1.12
2016.10.12 15:24:10.458,1.04427,1.0443,2.47,1.12
2016.10.12 15:24:10.611,1.04427,1.0443,3.22,1.12
2016.10.12 15:24:10.968,1.04427,1.0443,3.22,1.12
2016.10.12 15:24:11.019,1.04427,1.0443,3.00,1.12
2016.10.12 15:24:11.070,1.04427,1.0443,2.25,1.12
2016.10.12 15:24:11.121,1.04428,1.04431,1.00,2.25
2016.10.12 15:24:11.173,1.04428,1.04431,1.50,2.25
2016.10.12 15:24:11.427,1.04428,1.04431,1.50,1.87
2016.10.12 15:24:11.478,1.04429,1.04431,1.00,1.12
2016.10.12 15:24:11.530,1.04429,1.04432,1.00,2.25
2016.10.12 15:24:12.319,1.0443,1.04432,1.00,1.50
2016.10.12 15:24:12.371,1.0443,1.04432,1.00,1.00
2016.10.12 15:24:12.474,1.04429,1.04431,1.87,1.00
2016.10.12 15:24:12.526,1.0443,1.04431,1.00,1.00
2016.10.12 15:24:12.996,1.04431,1.04434,1.87,1.50
2016.10.12 15:24:13.048,1.04431,1.04434,1.87,1.12
2016.10.12 15:24:13.099,1.04431,1.04435,2.10,2.25
2016.10.12 15:24:13.151,1.04431,1.04435,2.10,1.87
2016.10.12 15:24:13.203,1.04431,1.04435,1.87,1.87
2016.10.12 15:24:13.551,1.04431,1.04435,3.37,1.87
2016.10.12 15:24:14.257,1.04431,1.04434,3.37,1.00
2016.10.12 15:24:14.410,1.04431,1.04434,3.37,1.50
2016.10.12 15:24:14.832,1.04431,1.04433,1.87,1.00
2016.10.12 15:24:14.883,1.04431,1.04433,1.12,1.50
2016.10.12 15:24:14.986,1.0443,1.04433,2.62,1.50
2016.10.12 15:24:15.037,1.0443,1.04433,1.87,1.50
2016.10.12 15:24:15.139,1.0443,1.04433,1.50,1.50
2016.10.12 15:24:15.649,1.0443,1.04433,1.37,1.50
2016.10.12 15:24:15.700,1.04429,1.04431,1.00,1.00
2016.10.12 15:24:15.751,1.04428,1.04431,1.87,1.50
2016.10.12 15:24:15.904,1.04428,1.04431,1.00,1.50
2016.10.12 15:24:16.744,1.04427,1.04431,6.00,1.50
2016.10.12 15:24:17.688,1.04427,1.04431,4.87,1.50
2016.10.12 15:24:18.102,1.04427,1.04431,4.12,1.50
2016.10.12 15:24:18.465,1.0443,1.04432,2.62,1.00
2016.10.12 15:24:18.516,1.0443,1.04432,2.25,1.00
2016.10.12 15:24:18.568,1.0443,1.04432,1.87,1.00
2016.10.12 15:24:18.620,1.0443,1.04432,2.25,1.00
2016.10.12 15:24:18.722,1.0443,1.04433,1.72,3.00
2016.10.12 15:24:18.773,1.0443,1.04433,2.10,2.25
2016.10.12 15:24:18.825,1.0443,1.04433,3.60,1.00
2016.10.12 15:24:18.876,1.04431,1.04433,1.00,1.00
2016.10.12 15:24:18.927,1.04431,1.04434,1.87,1.87
2016.10.12 15:24:18.978,1.04431,1.04434,1.87,1.50
2016.10.12 15:24:19.080,1.04431,1.04434,1.50,1.50
2016.10.12 15:24:20.727,1.04432,1.04434,1.00,1.00
2016.10.12 15:24:20.788,1.04432,1.04434,1.16,1.00
2016.10.12 15:24:20.840,1.04432,1.04435,1.91,1.12
2016.10.12 15:24:20.891,1.04432,1.04435,3.04,1.12
2016.10.12 15:24:20.942,1.04432,1.04435,3.41,1.00
2016.10.12 15:24:20.993,1.04432,1.04435,2.47,1.00
2016.10.12 15:24:21.044,1.04432,1.04435,2.10,1.00
2016.10.12 15:24:21.096,1.04432,1.04435,2.06,1.00
2016.10.12 15:24:21.147,1.04432,1.04435,2.81,1.00
2016.10.12 15:24:21.199,1.04433,1.04435,1.00,1.00
2016.10.12 15:24:21.451,1.04433,1.04436,1.00,2.25
2016.10.12 15:24:21.522,1.04432,1.04435,2.47,1.50
2016.10.12 15:24:21.574,1.04432,1.04435,2.47,1.50
2016.10.12 15:24:21.728,1.04432,1.04435,1.72,1.50
2016.10.12 15:24:21.831,1.04432,1.04435,1.91,1.50
2016.10.12 15:24:21.907,1.04431,1.04434,3.37,1.00
2016.10.12 15:24:22.145,1.04431,1.04434,2.25,1.50
2016.10.12 15:24:22.220,1.04431,1.04433,1.12,1.50
2016.10.12 15:24:22.323,1.0443,1.04433,3.19,1.50
2016.10.12 15:24:22.425,1.0443,1.04433,2.81,1.50
2016.10.12 15:24:23.261,1.0443,1.04433,2.44,1.50
2016.10.12 15:24:23.466,1.0443,1.04433,2.81,1.50
2016.10.12 15:24:23.775,1.04431,1.04433,1.12,1.00
2016.10.12 15:24:23.826,1.04431,1.04434,1.12,1.87
2016.10.12 15:24:24.328,1.0443,1.04433,1.69,1.50
2016.10.12 15:24:24.379,1.0443,1.04433,1.31,1.50
2016.10.12 15:24:24.431,1.0443,1.04433,1.50,1.50
2016.10.12 15:24:24.483,1.0443,1.04433,1.87,1.50
2016.10.12 15:24:24.587,1.0443,1.04433,1.50,1.50
2016.10.12 15:24:24.690,1.0443,1.04433,1.87,1.50
2016.10.12 15:24:25.509,1.0443,1.04433,1.50,1.50
2016.10.12 15:24:26.266,1.0443,1.04433,1.87,1.50
2016.10.12 15:24:26.317,1.0443,1.04433,1.87,1.87
2016.10.12 15:24:27.991,1.04431,1.04433,1.50,1.12
2016.10.12 15:24:28.357,1.04429,1.04431,2.25,1.00
2016.10.12 15:24:28.460,1.04429,1.04432,1.50,2.62
2016.10.12 15:24:28.664,1.04429,1.04432,1.12,2.62
2016.10.12 15:24:28.985,1.04429,1.04432,4.12,1.87
2016.10.12 15:24:29.036,1.0443,1.04433,1.87,1.50
2016.10.12 15:24:29.088,1.0443,1.04433,1.87,1.87
2016.10.12 15:24:29.139,1.0443,1.04433,1.12,1.87
2016.10.12 15:24:29.242,1.0443,1.04433,1.12,1.12
2016.10.12 15:24:29.345,1.0443,1.04433,1.50,1.12
2016.10.12 15:24:30.569,1.0443,1.04433,1.12,1.87
2016.10.12 15:24:30.620,1.0443,1.04433,1.00,1.87
2016.10.12 15:24:30.981,1.04429,1.04433,3.37,1.87
2016.10.12 15:24:31.083,1.04429,1.04433,2.62,1.87
2016.10.12 15:24:31.134,1.04429,1.04433,2.62,2.62
2016.10.12 15:24:31.186,1.04429,1.04432,2.62,1.00
2016.10.12 15:24:31.238,1.04429,1.04431,1.12,1.00
2016.10.12 15:24:31.527,1.04429,1.0443,1.00,1.00
2016.10.12 15:24:31.578,1.04427,1.0443,2.62,1.00
2016.10.12 15:24:31.734,1.04427,1.04429,3.37,1.00
2016.10.12 15:24:31.786,1.04427,1.0443,2.85,1.50
2016.10.12 15:24:31.837,1.04427,1.0443,1.72,1.50
2016.10.12 15:24:31.889,1.04427,1.0443,1.72,1.50
2016.10.12 15:24:31.940,1.04427,1.0443,2.85,1.50
2016.10.12 15:24:31.991,1.04428,1.0443,1.00,1.50
2016.10.12 15:24:32.476,1.04427,1.0443,2.47,1.50
2016.10.12 15:24:32.578,1.04427,1.0443,3.22,1.50
2016.10.12 15:24:32.681,1.04427,1.0443,2.47,1.50
2016.10.12 15:24:32.784,1.04427,1.0443,3.22,1.50
2016.10.12 15:24:34.079,1.04427,1.0443,3.00,1.50
2016.10.12 15:24:34.130,1.04427,1.04429,3.00,1.00
2016.10.12 15:24:34.233,1.04427,1.04429,4.12,1.00
2016.10.12 15:24:34.284,1.04428,1.04429,1.00,1.00
2016.10.12 15:24:34.488,1.04427,1.04429,3.22,1.00
2016.10.12 15:24:34.744,1.04427,1.04429,4.35,1.00
2016.10.12 15:24:35.050,1.04428,1.04429,1.00,1.00
2016.10.12 15:24:35.101,1.04427,1.04429,3.22,1.00
2016.10.12 15:24:35.508,1.04427,1.04429,3.97,1.00
2016.10.12 15:24:35.561,1.04427,1.0443,2.47,1.00
2016.10.12 15:24:35.886,1.04428,1.0443,1.00,1.00
2016.10.12 15:24:35.990,1.04427,1.0443,3.75,1.50
2016.10.12 15:24:36.041,1.04427,1.0443,3.00,1.50
2016.10.12 15:24:36.092,1.04427,1.0443,3.37,1.50
2016.10.12 15:24:36.194,1.04427,1.04429,2.62,1.00
2016.10.12 15:24:36.296,1.04427,1.04429,2.25,1.00
2016.10.12 15:24:36.510,1.04427,1.04429,2.25,1.00
2016.10.12 15:24:36.562,1.04427,1.04429,3.00,1.00
2016.10.12 15:24:37.244,1.04427,1.04429,2.25,1.00
2016.10.12 15:24:37.347,1.04427,1.04429,1.50,1.50
2016.10.12 15:24:37.399,1.04427,1.04429,1.50,1.50
2016.10.12 15:24:37.502,1.04427,1.04429,1.00,1.50
2016.10.12 15:24:37.755,1.04426,1.04429,9.00,1.50
2016.10.12 15:24:37.807,1.04427,1.0443,4.12,1.50
2016.10.12 15:24:37.909,1.04427,1.0443,4.50,1.50
2016.10.12 15:24:38.687,1.04427,1.0443,3.75,1.00
2016.10.12 15:24:38.738,1.04427,1.04429,2.62,1.50
2016.10.12 15:24:38.790,1.04427,1.04429,2.25,1.50
2016.10.12 15:24:38.894,1.04427,1.04428,2.25,1.00
2016.10.12 15:24:38.997,1.04427,1.04428,2.25,1.50
2016.10.12 15:24:39.202,1.04427,1.04428,2.25,1.00
2016.10.12 15:24:39.254,1.04427,1.04428,1.87,1.00
2016.10.12 15:24:39.540,1.04427,1.04431,1.00,3.37
2016.10.12 15:24:39.593,1.04426,1.04428,1.50,1.00
2016.10.12 15:24:39.798,1.04426,1.04428,5.25,1.50
2016.10.12 15:24:39.849,1.04426,1.04428,5.47,1.50
2016.10.12 15:24:39.901,1.04426,1.04428,5.85,1.50
2016.10.12 15:24:40.003,1.04426,1.04428,6.60,1.50
2016.10.12 15:24:40.815,1.04426,1.04428,2.47,1.50
2016.10.12 15:24:40.968,1.04426,1.04428,2.25,1.50
2016.10.12 15:24:41.548,1.04426,1.04428,2.44,1.50
2016.10.12 15:24:41.600,1.04426,1.04428,2.66,1.50
2016.10.12 15:24:41.855,1.04426,1.04428,3.79,1.50
2016.10.12 15:24:41.906,1.04427,1.04428,1.12,1.50
2016.10.12 15:24:43.457,1.04427,1.04428,1.00,1.50
2016.10.12 15:24:43.681,1.04427,1.04428,1.00,1.00
2016.10.12 15:24:43.784,1.04427,1.04428,1.00,1.50
2016.10.12 15:24:43.886,1.04427,1.04428,1.00,1.00
2016.10.12 15:24:43.937,1.04427,1.04429,1.87,1.00
2016.10.12 15:24:44.176,1.04427,1.04429,2.85,1.00
2016.10.12 15:24:44.227,1.04427,1.04429,1.37,1.50
2016.10.12 15:24:44.330,1.04427,1.04429,2.25,1.50
2016.10.12 15:24:44.534,1.04427,1.04429,1.50,1.50
2016.10.12 15:24:44.586,1.04427,1.04429,1.00,1.50
2016.10.12 15:24:45.182,1.04427,1.04428,1.00,1.00
2016.10.12 15:24:45.234,1.04427,1.04428,1.00,1.00
2016.10.12 15:24:45.285,1.04426,1.04428,1.87,1.00
2016.10.12 15:24:45.337,1.04426,1.04427,4.12,1.00
2016.10.12 15:24:45.389,1.04426,1.04427,4.12,1.50
2016.10.12 15:24:45.492,1.04426,1.04427,3.75,1.00
2016.10.12 15:24:45.594,1.04426,1.04428,3.75,1.50
2016.10.12 15:24:45.646,1.04426,1.04428,3.75,1.00
2016.10.12 15:24:45.697,1.04426,1.04427,2.25,1.50
2016.10.12 15:24:46.134,1.04426,1.04427,1.50,1.50
2016.10.12 15:24:46.407,1.04426,1.04427,1.00,1.50
2016.10.12 15:24:47.252,1.04425,1.04427,1.87,1.00
2016.10.12 15:24:47.304,1.04408,1.04411,1.72,1.00
2016.10.12 15:24:47.406,1.04408,1.04411,1.35,1.00
2016.10.12 15:24:47.476,1.04408,1.04411,1.72,1.00
2016.10.12 15:24:47.527,1.04411,1.04413,1.00,1.00
2016.10.12 15:24:47.630,1.04409,1.04412,1.12,1.00
2016.10.12 15:24:47.837,1.04409,1.04412,1.12,1.00
2016.10.12 15:24:48.041,1.04408,1.04411,4.57,1.00
2016.10.12 15:24:48.143,1.04408,1.04411,4.12,1.00
2016.10.12 15:24:48.314,1.04408,1.04411,5.85,1.00
2016.10.12 15:24:48.416,1.0441,1.04413,1.20,1.00
2016.10.12 15:24:48.467,1.0441,1.04413,1.20,1.12
2016.10.12 15:24:48.679,1.0441,1.04413,1.20,1.50
2016.10.12 15:24:48.732,1.04407,1.0441,1.00,1.00
2016.10.12 15:24:48.834,1.04407,1.0441,1.00,1.00
2016.10.12 15:24:48.886,1.04407,1.0441,1.12,1.00
2016.10.12 15:24:48.938,1.04411,1.04413,1.50,4.31
2016.10.12 15:24:48.989,1.0441,1.04413,1.50,4.69
2016.10.12 15:24:49.040,1.04408,1.04411,1.00,1.00
2016.10.12 15:24:49.774,1.04408,1.04409,1.00,1.00
2016.10.12 15:24:49.877,1.04406,1.04408,2.50,1.87
2016.10.12 15:24:49.928,1.04402,1.04404,2.85,1.00
2016.10.12 15:24:49.980,1.04402,1.04404,1.00,1.00
2016.10.12 15:24:50.032,1.044,1.04403,5.62,1.00
2016.10.12 15:24:50.084,1.044,1.04403,4.50,1.50
2016.10.12 15:24:50.136,1.044,1.04403,1.50,1.00
2016.10.12 15:24:50.187,1.044,1.04402,2.25,1.00
2016.10.12 15:24:50.239,1.044,1.04402,3.00,1.00
2016.10.12 15:24:50.444,1.044,1.04402,2.25,1.50
2016.10.12 15:24:50.546,1.044,1.04402,1.50,1.50
2016.10.12 15:24:50.597,1.044,1.04401,1.00,1.00
2016.10.12 15:24:50.648,1.04399,1.04401,2.25,1.00
2016.10.12 15:24:50.699,1.04399,1.04401,1.50,1.00
2016.10.12 15:24:50.751,1.04399,1.04401,1.00,1.50
2016.10.12 15:24:51.437,1.04399,1.044,1.00,1.50
2016.10.12 15:24:51.489,1.04398,1.044,1.00,1.00
2016.10.12 15:24:51.591,1.04396,1.04397,1.12,1.00
2016.10.12 15:24:51.643,1.04396,1.04397,1.12,1.50
2016.10.12 15:24:51.694,1.04396,1.04397,1.12,1.87
2016.10.12 15:24:51.745,1.04395,1.04397,1.12,2.12
2016.10.12 15:24:51.797,1.04395,1.04397,1.12,1.00
2016.10.12 15:24:51.849,1.04394,1.04395,1.00,1.00
2016.10.12 15:24:52.123,1.04391,1.04393,3.00,2.85
2016.10.12 15:24:52.175,1.04387,1.04389,1.00,1.00
2016.10.12 15:24:52.230,1.04386,1.04389,1.12,1.50
2016.10.12 15:24:52.282,1.04386,1.04389,1.87,1.87
2016.10.12 15:24:52.335,1.04386,1.04389,1.00,1.87
2016.10.12 15:24:52.488,1.04386,1.04389,1.00,1.50
2016.10.12 15:24:52.539,1.04386,1.04389,1.00,2.25
2016.10.12 15:24:52.841,1.04386,1.04389,1.00,1.50
2016.10.12 15:24:52.892,1.04385,1.04388,2.25,1.25
2016.10.12 15:24:53.046,1.04385,1.04387,1.50,1.12
2016.10.12 15:24:53.503,1.04384,1.04388,3.75,1.69
2016.10.12 15:24:53.605,1.04384,1.04387,3.75,1.12
2016.10.12 15:24:53.901,1.04384,1.04387,3.75,1.87
2016.10.12 15:24:53.955,1.04383,1.04386,1.00,1.69
2016.10.12 15:24:54.057,1.04382,1.04385,1.50,1.12
2016.10.12 15:24:54.109,1.04382,1.04384,1.00,1.25
2016.10.12 15:24:54.211,1.0438,1.04382,1.00,1.00
2016.10.12 15:24:54.263,1.0438,1.04381,1.00,1.25
2016.10.12 15:24:54.314,1.04379,1.0438,1.00,1.00
2016.10.12 15:24:54.366,1.04377,1.0438,1.00,1.50
2016.10.12 15:24:54.417,1.04378,1.04381,1.00,3.19
2016.10.12 15:24:54.468,1.04378,1.04381,1.00,2.44
2016.10.12 15:24:54.849,1.04378,1.04381,1.00,3.19
2016.10.12 15:24:54.901,1.04378,1.04381,1.00,3.94
2016.10.12 15:24:55.054,1.04378,1.04381,1.00,2.44
2016.10.12 15:24:55.106,1.04378,1.04381,1.00,1.69
2016.10.12 15:24:55.157,1.0438,1.04382,1.00,1.31
2016.10.12 15:24:55.209,1.0438,1.04382,1.00,1.12
2016.10.12 15:24:55.260,1.04383,1.04384,1.00,3.94
2016.10.12 15:24:55.312,1.04383,1.04385,1.00,3.56
2016.10.12 15:24:55.363,1.04383,1.04385,1.50,1.00
2016.10.12 15:24:55.617,1.04384,1.04386,1.50,1.12
2016.10.12 15:24:55.770,1.04384,1.04387,1.50,3.56
2016.10.12 15:24:55.821,1.04384,1.04387,1.50,2.06
2016.10.12 15:24:55.924,1.04384,1.04387,1.50,2.00
2016.10.12 15:24:56.128,1.04384,1.04387,1.50,2.04
2016.10.12 15:24:56.179,1.04385,1.04386,1.00,1.00
2016.10.12 15:24:56.230,1.04385,1.04386,1.50,1.00
2016.10.12 15:24:56.795,1.04384,1.04387,1.50,1.79
2016.10.12 15:24:57.126,1.04384,1.04387,1.50,1.75
2016.10.12 15:24:59.007,1.04387,1.04389,1.00,4.34
2016.10.12 15:24:59.058,1.04388,1.04389,1.00,1.87
2016.10.12 15:24:59.110,1.04389,1.0439,1.00,1.50
2016.10.12 15:24:59.161,1.0439,1.04391,1.00,2.62
2016.10.12 15:24:59.213,1.0439,1.04391,1.00,2.25
2016.10.12 15:24:59.265,1.0439,1.04391,1.50,2.25
2016.10.12 15:24:59.317,1.0439,1.04392,2.25,1.00
2016.10.12 15:24:59.576,1.04392,1.04394,1.00,3.37
2016.10.12 15:24:59.684,1.04392,1.04395,1.50,6.03
2016.10.12 15:25:00.296,1.04392,1.04395,1.87,3.78
2016.10.12 15:25:00.448,1.04392,1.04394,1.12,1.00
2016.10.12 15:25:00.753,1.04392,1.04394,1.00,1.00
2016.10.12 15:25:01.890,1.04392,1.04395,1.00,2.66
2016.10.12 15:25:01.941,1.04392,1.04395,1.00,1.87
2016.10.12 15:25:01.993,1.04393,1.04395,1.00,2.62
2016.10.12 15:25:02.043,1.04393,1.04395,1.00,2.25
2016.10.12 15:25:03.353,1.04393,1.04395,1.00,1.00
2016.10.12 15:25:03.456,1.04393,1.04395,1.50,1.00
2016.10.12 15:25:03.610,1.04393,1.04395,1.00,1.50
2016.10.12 15:25:04.533,1.04394,1.04396,1.00,1.69
2016.10.12 15:25:04.584,1.04395,1.04397,1.50,1.50
2016.10.12 15:25:04.636,1.04395,1.04397,3.60,1.50
2016.10.12 15:25:04.688,1.04396,1.044,1.87,3.00
2016.10.12 15:25:04.740,1.04399,1.044,1.00,1.12
2016.10.12 15:25:04.946,1.04399,1.044,1.50,1.00
2016.10.12 15:25:05.254,1.04399,1.044,1.00,1.00
2016.10.12 15:25:05.356,1.04398,1.04401,1.50,1.75
2016.10.12 15:25:05.458,1.04398,1.04401,1.50,1.79
2016.10.12 15:25:05.707,1.04398,1.04401,1.50,3.03
2016.10.12 15:25:06.065,1.04398,1.04401,1.00,3.03
2016.10.12 15:25:07.783,1.04399,1.044,1.00,1.00
2016.10.12 15:25:08.038,1.04398,1.04402,1.00,2.62
2016.10.12 15:25:08.091,1.04401,1.04402,1.00,1.87
2016.10.12 15:25:08.143,1.04399,1.04402,7.95,2.25
2016.10.12 15:25:08.195,1.044,1.04402,2.47,2.50
2016.10.12 15:25:08.246,1.04401,1.04403,1.00,1.50
2016.10.12 15:25:08.298,1.04402,1.04406,1.00,1.91
2016.10.12 15:25:08.548,1.04402,1.04406,1.00,1.78
2016.10.12 15:25:08.650,1.04402,1.04406,1.00,1.91
2016.10.12 15:25:08.906,1.04402,1.04404,1.50,1.50
2016.10.12 15:25:08.958,1.04402,1.04404,1.50,1.50
2016.10.12 15:25:09.009,1.04402,1.04405,1.00,1.79
2016.10.12 15:25:09.060,1.04402,1.04405,1.50,1.75
2016.10.12 15:25:09.112,1.04402,1.04404,1.00,1.50
2016.10.12 15:25:09.164,1.04401,1.04404,3.00,1.50
2016.10.12 15:25:09.758,1.04402,1.04404,2.06,1.50
2016.10.12 15:25:09.815,1.04403,1.04406,1.00,3.00
2016.10.12 15:25:09.969,1.04403,1.04406,1.12,3.00
2016.10.12 15:25:10.021,1.04403,1.04406,1.12,1.50
2016.10.12 15:25:10.276,1.04405,1.04406,1.00,1.00
2016.10.12 15:25:10.380,1.04405,1.04406,1.00,1.00
2016.10.12 15:25:10.620,1.04405,1.04408,1.00,1.50
2016.10.12 15:25:10.675,1.04404,1.04408,3.75,1.50
2016.10.12 15:25:10.828,1.04404,1.04408,2.25,1.50
2016.10.12 15:25:11.032,1.04404,1.04408,2.62,1.50
2016.10.12 15:25:11.185,1.04404,1.04408,2.62,1.50
2016.10.12 15:25:11.288,1.04405,1.04408,1.00,2.25
2016.10.12 15:25:11.616,1.04408,1.04409,1.00,1.00
2016.10.12 15:25:11.668,1.04408,1.0441,1.00,1.50
2016.10.12 15:25:11.985,1.04408,1.0441,2.10,1.50
2016.10.12 15:25:12.036,1.04411,1.04414,1.00,1.87
2016.10.12 15:25:12.088,1.04412,1.04414,1.00,1.12
2016.10.12 15:25:12.296,1.04411,1.04413,1.12,1.00
2016.10.12 15:25:12.351,1.04412,1.04415,1.00,2.25
2016.10.12 15:25:12.662,1.04412,1.04414,1.00,1.50
2016.10.12 15:25:12.765,1.04412,1.04414,1.37,1.50
2016.10.12 15:25:13.431,1.04412,1.04415,1.00,1.75
2016.10.12 15:25:13.584,1.04412,1.04415,1.00,2.25
2016.10.12 15:25:13.840,1.04411,1.04413,3.22,1.00
2016.10.12 15:25:13.892,1.04411,1.04413,2.10,2.12
2016.10.12 15:25:13.943,1.04411,1.04412,1.00,1.00
2016.10.12 15:25:14.195,1.04411,1.04413,1.00,2.25
2016.10.12 15:25:14.297,1.04411,1.04413,1.50,1.50
2016.10.12 15:25:14.348,1.04411,1.04414,3.37,2.25
2016.10.12 15:25:14.451,1.0441,1.04412,1.87,1.87
2016.10.12 15:25:14.503,1.0441,1.04412,2.62,1.12
2016.10.12 15:25:14.556,1.0441,1.04413,1.50,2.25
2016.10.12 15:25:14.991,1.0441,1.04413,1.37,2.25
2016.10.12 15:25:15.454,1.0441,1.04412,1.37,1.87
2016.10.12 15:25:15.556,1.04409,1.04411,3.19,1.00
2016.10.12 15:25:15.607,1.04409,1.04411,2.44,1.50
2016.10.12 15:25:15.865,1.04408,1.04409,1.50,1.00
2016.10.12 15:25:15.916,1.04408,1.04409,2.25,1.00
2016.10.12 15:25:15.968,1.04408,1.0441,1.50,1.50
2016.10.12 15:25:16.019,1.04411,1.04412,1.00,3.78
2016.10.12 15:25:16.071,1.04411,1.04413,2.25,1.91
2016.10.12 15:25:16.122,1.04415,1.04416,1.00,1.00
2016.10.12 15:25:16.174,1.04415,1.04416,2.25,1.50
2016.10.12 15:25:16.225,1.04415,1.04416,1.50,1.50
2016.10.12 15:25:16.277,1.04415,1.04417,1.00,1.87
2016.10.12 15:25:16.328,1.04415,1.04417,1.00,1.50
2016.10.12 15:25:16.908,1.04413,1.04416,2.06,1.00
2016.10.12 15:25:16.959,1.04413,1.04416,1.62,1.00
2016.10.12 15:25:17.020,1.04413,1.04416,1.37,1.00
2016.10.12 15:25:17.114,1.04413,1.04416,1.87,1.00
2016.10.12 15:25:17.165,1.04413,1.04416,1.50,1.50
2016.10.12 15:25:17.268,1.04413,1.04416,1.50,1.87
2016.10.12 15:25:17.697,1.04413,1.04415,1.00,1.12
2016.10.12 15:25:19.805,1.04413,1.04416,1.00,2.25
2016.10.12 15:25:19.907,1.04412,1.04416,3.94,2.25
2016.10.12 15:25:20.329,1.04413,1.04416,1.50,2.25
2016.10.12 15:25:21.134,1.04413,1.04416,3.00,2.25
2016.10.12 15:25:21.537,1.04411,1.04413,4.50,1.00
2016.10.12 15:25:21.602,1.04412,1.04414,2.25,1.50
2016.10.12 15:25:21.653,1.04411,1.04413,3.37,1.12
2016.10.12 15:25:21.705,1.04411,1.04413,3.00,1.12
2016.10.12 15:25:21.807,1.0441,1.04413,1.00,1.87
2016.10.12 15:25:21.909,1.0441,1.04412,1.00,1.12
2016.10.12 15:25:22.472,1.04409,1.04412,2.06,1.87
2016.10.12 15:25:22.677,1.04409,1.04412,1.31,1.87
2016.10.12 15:25:23.382,1.04409,1.04412,1.25,1.87
2016.10.12 15:25:27.138,1.04409,1.04411,1.31,1.00
2016.10.12 15:25:27.980,1.04413,1.04415,1.00,1.00
2016.10.12 15:25:28.033,1.04413,1.04416,1.00,1.87
2016.10.12 15:25:28.086,1.04413,1.04416,1.00,1.75
2016.10.12 15:25:28.137,1.04413,1.04416,1.12,1.75
2016.10.12 15:25:28.188,1.04413,1.04416,2.62,1.75
2016.10.12 15:25:28.290,1.04413,1.04416,2.62,1.50
2016.10.12 15:25:28.341,1.04413,1.04416,2.25,1.50
2016.10.12 15:25:30.297,1.04413,1.04416,5.44,1.50
2016.10.12 15:25:30.349,1.04417,1.04419,1.00,2.62
2016.10.12 15:25:30.400,1.04417,1.04419,1.25,2.62
2016.10.12 15:25:30.453,1.04417,1.0442,1.25,1.87
2016.10.12 15:25:30.504,1.04417,1.0442,1.12,1.87
2016.10.12 15:25:31.576,1.04417,1.04418,1.87,1.00
2016.10.12 15:25:31.732,1.04416,1.04417,1.50,1.00
2016.10.12 15:25:31.784,1.04414,1.04416,4.50,1.00
2016.10.12 15:25:31.836,1.04414,1.04416,3.00,1.00
2016.10.12 15:25:32.067,1.04413,1.04416,4.69,1.50
2016.10.12 15:25:32.119,1.04415,1.04416,1.00,1.12
2016.10.12 15:25:32.172,1.04416,1.04417,1.25,1.50
2016.10.12 15:25:32.224,1.04417,1.04419,1.00,1.00
2016.10.12 15:25:32.327,1.04416,1.04419,3.94,1.12
2016.10.12 15:25:32.430,1.04417,1.04419,1.00,1.87
2016.10.12 15:25:32.664,1.04416,1.04419,1.62,1.87
2016.10.12 15:25:32.716,1.04415,1.04419,4.87,1.87
2016.10.12 15:25:32.767,1.04415,1.04419,3.75,2.25
2016.10.12 15:25:32.818,1.04415,1.04418,3.00,1.12
2016.10.12 15:25:32.870,1.04415,1.04418,3.19,1.12
2016.10.12 15:25:32.921,1.04416,1.04418,1.00,1.12
2016.10.12 15:25:33.024,1.04416,1.04419,1.00,2.25
2016.10.12 15:25:33.995,1.04416,1.04419,1.12,2.25
2016.10.12 15:25:34.760,1.04416,1.04419,1.00,2.25
2016.10.12 15:25:35.019,1.04417,1.04419,1.00,1.50
2016.10.12 15:25:35.122,1.04417,1.0442,1.00,2.25
2016.10.12 15:25:35.602,1.04415,1.04418,3.04,1.12
2016.10.12 15:25:35.755,1.04415,1.04418,2.47,1.12
2016.10.12 15:25:35.958,1.04415,1.04418,2.44,1.12
2016.10.12 15:25:36.061,1.04415,1.04418,2.66,1.12
2016.10.12 15:25:36.655,1.04415,1.04418,3.79,1.12
2016.10.12 15:25:36.757,1.04415,1.04418,3.41,1.12
2016.10.12 15:25:36.832,1.04415,1.04418,4.69,1.12
2016.10.12 15:25:36.935,1.04416,1.04418,1.30,1.12
2016.10.12 15:25:36.986,1.04416,1.04418,1.72,1.12
2016.10.12 15:25:37.053,1.04416,1.04418,1.72,1.12
2016.10.12 15:25:37.155,1.04416,1.04418,1.72,1.12
2016.10.12 15:25:37.206,1.04416,1.04419,3.97,1.50
2016.10.12 15:25:37.609,1.04416,1.04419,2.85,1.12
2016.10.12 15:25:37.660,1.04417,1.0442,1.87,1.50
2016.10.12 15:25:37.762,1.04417,1.0442,2.44,1.50
2016.10.12 15:25:37.814,1.04417,1.0442,1.69,1.50
2016.10.12 15:25:38.629,1.04417,1.0442,2.66,1.50
2016.10.12 15:25:38.681,1.04418,1.0442,1.35,1.50
2016.10.12 15:25:38.732,1.04418,1.0442,2.47,1.50
2016.10.12 15:25:38.783,1.04419,1.0442,1.00,1.50
2016.10.12 15:25:38.885,1.04418,1.0442,2.47,1.50
2016.10.12 15:25:38.936,1.04418,1.0442,2.47,1.12
2016.10.12 15:25:39.192,1.04421,1.04422,1.00,1.50
2016.10.12 15:25:39.438,1.04419,1.04423,15.22,1.87
2016.10.12 15:25:39.494,1.04421,1.04423,2.25,1.87
2016.10.12 15:25:39.546,1.04419,1.04421,3.00,1.00
2016.10.12 15:25:39.598,1.04418,1.0442,1.50,1.12
2016.10.12 15:25:39.650,1.04418,1.0442,2.25,1.12
2016.10.12 15:25:39.702,1.04419,1.0442,1.00,1.12
2016.10.12 15:25:40.002,1.04418,1.0442,1.50,1.12
2016.10.12 15:25:40.055,1.04418,1.0442,1.12,1.12
2016.10.12 15:25:40.362,1.04418,1.0442,1.00,1.12
2016.10.12 15:25:40.674,1.04418,1.0442,1.00,1.50
2016.10.12 15:25:40.731,1.04418,1.0442,1.50,1.50
2016.10.12 15:25:40.885,1.04418,1.0442,1.00,1.50
2016.10.12 15:25:40.939,1.04417,1.0442,1.00,1.75
2016.10.12 15:25:41.451,1.04417,1.0442,1.50,1.75
2016.10.12 15:25:42.226,1.04417,1.04419,1.00,2.25
2016.10.12 15:25:42.277,1.04417,1.04418,1.00,2.62
2016.10.12 15:25:42.542,1.04414,1.04418,2.25,3.00
2016.10.12 15:25:42.611,1.04415,1.04416,1.87,1.00
2016.10.12 15:25:42.713,1.04415,1.04416,1.50,1.00
2016.10.12 15:25:43.485,1.04415,1.04416,1.00,1.00
2016.10.12 15:25:43.638,1.04414,1.04417,1.00,2.25
2016.10.12 15:25:43.689,1.04414,1.04417,1.00,1.75
2016.10.12 15:25:43.740,1.04417,1.04418,1.00,1.87
2016.10.12 15:25:43.792,1.04418,1.04419,1.00,1.12
2016.10.12 15:25:43.843,1.04419,1.04421,1.00,3.75
2016.10.12 15:25:43.894,1.04418,1.0442,1.87,1.00
2016.10.12 15:25:43.945,1.04418,1.04421,1.87,4.00
2016.10.12 15:25:43.997,1.04416,1.04422,20.41,3.75
2016.10.12 15:25:44.457,1.04418,1.04423,4.91,5.25
2016.10.12 15:25:44.560,1.04419,1.04421,1.87,1.00
2016.10.12 15:25:44.868,1.04419,1.04421,1.12,1.00
2016.10.12 15:25:45.021,1.0442,1.04423,1.00,2.25
2016.10.12 15:25:45.326,1.04418,1.0442,1.50,1.00
2016.10.12 15:25:45.378,1.04418,1.0442,1.00,1.00
2016.10.12 15:25:45.532,1.0442,1.04422,1.00,3.75
2016.10.12 15:25:45.585,1.04428,1.0443,1.87,1.12
2016.10.12 15:25:45.688,1.04429,1.04431,1.12,1.00
2016.10.12 15:25:45.740,1.04428,1.04431,1.50,1.00
2016.10.12 15:25:45.992,1.04429,1.04432,4.69,1.00
2016.10.12 15:25:46.050,1.04431,1.04434,1.12,1.87
2016.10.12 15:25:46.308,1.0443,1.04433,1.12,1.12
2016.10.12 15:25:46.360,1.0443,1.04433,1.00,1.12
2016.10.12 15:25:46.768,1.04431,1.04434,1.00,1.50
2016.10.12 15:25:46.972,1.04431,1.04434,1.12,1.50
2016.10.12 15:25:47.075,1.04432,1.04435,1.00,1.50
2016.10.12 15:25:47.644,1.04433,1.04435,1.00,1.00
2016.10.12 15:25:47.695,1.04434,1.04436,1.00,2.06
2016.10.12 15:25:47.747,1.04432,1.04435,1.50,1.00
2016.10.12 15:25:47.798,1.04432,1.04435,1.50,1.50
2016.10.12 15:25:47.849,1.04432,1.04435,1.00,2.29
2016.10.12 15:25:48.107,1.04427,1.04428,1.50,1.00
2016.10.12 15:25:48.342,1.04423,1.04425,3.00,1.00
2016.10.12 15:25:48.434,1.0442,1.04423,1.12,1.00
2016.10.12 15:25:48.741,1.04419,1.04422,3.19,1.00
2016.10.12 15:25:48.792,1.04419,1.04422,3.56,1.00
2016.10.12 15:25:48.997,1.04419,1.04422,1.37,1.31
2016.10.12 15:25:49.049,1.04417,1.0442,1.00,1.00
2016.10.12 15:25:49.206,1.04417,1.0442,1.00,1.50
2016.10.12 15:25:49.564,1.04416,1.04419,1.87,1.00
2016.10.12 15:25:50.764,1.04417,1.0442,1.00,1.50
2016.10.12 15:25:50.816,1.04419,1.04421,1.00,1.69
2016.10.12 15:25:50.867,1.04422,1.04423,1.00,4.12
2016.10.12 15:25:50.918,1.04422,1.04423,1.00,1.12
2016.10.12 15:25:50.970,1.04423,1.04425,1.00,3.00
2016.10.12 15:25:51.021,1.04423,1.04425,1.00,2.25
2016.10.12 15:25:51.499,1.04424,1.04427,1.50,1.87
2016.10.12 15:25:51.551,1.04426,1.04429,1.00,1.75
2016.10.12 15:25:52.188,1.04425,1.04428,1.87,1.50
2016.10.12 15:25:52.291,1.04425,1.04428,1.12,1.50
2016.10.12 15:25:52.342,1.04425,1.04428,1.00,1.50
2016.10.12 15:25:53.145,1.04424,1.04427,1.31,1.50
2016.10.12 15:25:53.196,1.04424,1.04427,1.12,1.50
2016.10.12 15:25:53.248,1.04424,1.04427,1.00,1.75
2016.10.12 15:25:54.597,1.04423,1.04426,1.00,1.50
2016.10.12 15:25:54.699,1.04422,1.04425,1.87,1.50
2016.10.12 15:25:54.751,1.04422,1.04425,2.62,1.50
2016.10.12 15:25:55.167,1.04421,1.04425,1.31,1.75
2016.10.12 15:25:55.230,1.0442,1.04423,1.00,1.50
2016.10.12 15:25:55.477,1.0442,1.04423,1.12,1.50
2016.10.12 15:25:55.528,1.0442,1.04423,1.50,1.50
2016.10.12 15:25:55.834,1.0442,1.04423,1.37,1.50
2016.10.12 15:25:55.885,1.0442,1.04423,1.12,1.50
2016.10.12 15:25:56.491,1.04419,1.04422,6.00,1.12
2016.10.12 15:25:56.542,1.04419,1.04422,4.12,1.12
2016.10.12 15:25:56.645,1.04419,1.04422,3.37,1.12
2016.10.12 15:25:56.696,1.04419,1.04422,1.87,1.12
2016.10.12 15:25:57.054,1.04419,1.04422,2.62,1.12
2016.10.12 15:25:57.175,1.04419,1.04423,2.62,1.50
2016.10.12 15:25:57.226,1.04419,1.04423,3.22,1.50
2016.10.12 15:25:57.328,1.04419,1.04423,2.47,1.50
2016.10.12 15:25:57.430,1.04419,1.04423,3.22,1.50
2016.10.12 15:25:57.532,1.04419,1.04423,4.72,1.50
2016.10.12 15:25:58.028,1.04419,1.04422,4.50,1.12
2016.10.12 15:25:59.163,1.04419,1.04422,4.50,1.50
2016.10.12 15:25:59.266,1.04419,1.04422,3.75,1.50
2016.10.12 15:25:59.669,1.04419,1.04421,3.75,1.12
2016.10.12 15:25:59.721,1.04417,1.04419,1.87,1.50
2016.10.12 15:25:59.772,1.04417,1.04418,1.00,1.12
2016.10.12 15:25:59.824,1.04416,1.04418,1.00,1.50
2016.10.12 15:25:59.875,1.04415,1.04418,3.00,1.50
2016.10.12 15:25:59.926,1.04416,1.04418,1.00,1.50
2016.10.12 15:26:00.742,1.04416,1.04419,1.50,1.75
2016.10.12 15:26:00.794,1.04416,1.04419,3.60,1.75
2016.10.12 15:26:00.845,1.04419,1.0442,1.00,1.00
2016.10.12 15:26:00.896,1.04418,1.04421,2.85,2.62
2016.10.12 15:26:00.948,1.04421,1.04422,1.00,1.87
2016.10.12 15:26:00.999,1.04421,1.04422,1.00,1.50
2016.10.12 15:26:01.101,1.0442,1.04422,2.25,1.50
2016.10.12 15:26:01.504,1.04424,1.04426,1.69,3.00
2016.10.12 15:26:01.739,1.04426,1.04427,1.00,1.72
2016.10.12 15:26:01.804,1.04428,1.04431,1.00,2.62
2016.10.12 15:26:01.856,1.04428,1.04431,1.00,1.50
2016.10.12 15:26:01.958,1.04429,1.04432,1.50,1.75
2016.10.12 15:26:02.060,1.04429,1.04432,1.00,1.75
2016.10.12 15:26:02.402,1.04426,1.04428,6.75,1.12
2016.10.12 15:26:02.453,1.04425,1.04428,3.19,1.12
2016.10.12 15:26:02.555,1.04425,1.04428,4.35,1.12
2016.10.12 15:26:02.658,1.04425,1.04428,3.04,1.12
2016.10.12 15:26:02.760,1.04426,1.04429,1.12,1.50
2016.10.12 15:26:03.049,1.04425,1.04428,3.19,1.00
2016.10.12 15:26:03.100,1.04426,1.04428,1.00,1.00
2016.10.12 15:26:03.151,1.04426,1.04428,1.00,1.00
2016.10.12 15:26:03.358,1.04425,1.04428,3.56,1.00
2016.10.12 15:26:03.562,1.04425,1.04428,3.75,1.00
2016.10.12 15:26:04.014,1.04425,1.04428,1.87,1.12
2016.10.12 15:26:04.073,1.04425,1.04427,1.12,1.00
2016.10.12 15:26:04.175,1.04424,1.04427,1.50,1.00
2016.10.12 15:26:04.790,1.04423,1.04426,3.75,1.12
2016.10.12 15:26:04.841,1.04423,1.04425,1.12,1.00
2016.10.12 15:26:04.893,1.04422,1.04425,3.19,1.00
2016.10.12 15:26:04.944,1.04422,1.04425,3.00,1.00
2016.10.12 15:26:04.995,1.04422,1.04425,3.00,1.12
2016.10.12 15:26:05.665,1.04422,1.04425,4.50,1.12
2016.10.12 15:26:06.931,1.04422,1.04425,5.25,1.12
2016.10.12 15:26:07.678,1.04424,1.04428,1.50,4.87
2016.10.12 15:26:08.340,1.04424,1.04428,1.50,2.25
2016.10.12 15:26:08.600,1.04424,1.04428,1.50,4.87
2016.10.12 15:26:08.703,1.04424,1.04428,1.50,2.25
2016.10.12 15:26:08.856,1.04424,1.04429,1.50,5.29
2016.10.12 15:26:08.907,1.04424,1.04429,1.50,4.16
2016.10.12 15:26:09.898,1.04424,1.04429,1.50,3.79
2016.10.12 15:26:09.949,1.04424,1.04429,1.50,4.54
2016.10.12 15:26:10.002,1.04424,1.04428,1.50,1.87
2016.10.12 15:26:10.766,1.04424,1.04425,1.00,3.97
2016.10.12 15:26:10.818,1.04422,1.04424,1.50,1.19
2016.10.12 15:26:10.869,1.0442,1.04424,1.87,3.94
2016.10.12 15:26:10.921,1.0442,1.04423,1.50,3.56
2016.10.12 15:26:11.416,1.04422,1.04423,1.50,1.31
2016.10.12 15:26:11.470,1.04418,1.04421,2.62,2.44
2016.10.12 15:26:11.523,1.04417,1.04419,3.37,1.00
2016.10.12 15:26:11.575,1.04418,1.04421,1.00,2.47
2016.10.12 15:26:11.627,1.04418,1.04419,1.50,3.37
2016.10.12 15:26:11.681,1.04418,1.04419,1.00,3.37
2016.10.12 15:26:11.733,1.04418,1.04419,1.00,1.87
2016.10.12 15:26:11.836,1.04419,1.0442,1.00,1.00
2016.10.12 15:26:12.074,1.04419,1.04421,1.50,3.00
2016.10.12 15:26:12.125,1.04419,1.04421,1.50,2.62
2016.10.12 15:26:12.358,1.04419,1.04421,1.50,3.37
2016.10.12 15:26:12.409,1.04419,1.04421,1.00,4.12
2016.10.12 15:26:12.719,1.04419,1.04421,1.00,4.87
2016.10.12 15:26:12.776,1.04418,1.0442,1.00,1.50
2016.10.12 15:26:12.827,1.04417,1.0442,1.50,4.12
2016.10.12 15:26:12.929,1.04417,1.0442,1.50,1.50
2016.10.12 15:26:13.134,1.04417,1.0442,1.00,1.87
2016.10.12 15:26:13.186,1.04417,1.0442,1.00,1.12
2016.10.12 15:26:13.237,1.04417,1.0442,1.00,3.75
2016.10.12 15:26:13.489,1.04417,1.0442,1.50,5.25
2016.10.12 15:26:13.591,1.04417,1.0442,1.50,4.50
2016.10.12 15:26:13.642,1.04417,1.04419,1.00,1.00
2016.10.12 15:26:13.745,1.04416,1.04419,1.87,1.87
2016.10.12 15:26:13.847,1.04416,1.04419,1.50,1.87
2016.10.12 15:26:14.310,1.04417,1.04419,1.50,1.12
2016.10.12 15:26:14.542,1.04417,1.0442,1.50,1.00
2016.10.12 15:26:15.521,1.04417,1.0442,1.69,1.00
2016.10.12 15:26:15.725,1.04417,1.0442,1.69,1.50
2016.10.12 15:26:15.827,1.04418,1.0442,1.50,1.00
2016.10.12 15:26:16.074,1.04417,1.0442,1.25,1.50
2016.10.12 15:26:16.431,1.04416,1.0442,2.06,1.50
2016.10.12 15:26:16.975,1.04416,1.04418,1.31,1.00
2016.10.12 15:26:17.542,1.04416,1.04419,2.06,1.00
2016.10.12 15:26:18.113,1.04416,1.04418,1.31,1.50
2016.10.12 15:26:18.524,1.04416,1.04418,1.12,1.50
2016.10.12 15:26:18.576,1.04415,1.04417,1.69,1.00
2016.10.12 15:26:18.796,1.04415,1.04417,1.25,1.50
2016.10.12 15:26:18.848,1.04415,1.04417,1.25,1.00
2016.10.12 15:26:18.899,1.04415,1.04416,1.25,1.12
2016.10.12 15:26:19.557,1.04415,1.04417,1.25,1.12
2016.10.12 15:26:20.270,1.04415,1.04417,1.25,1.87
2016.10.12 15:26:21.531,1.04414,1.04417,2.06,1.87
2016.10.12 15:26:25.346,1.04414,1.04417,2.06,2.25
2016.10.12 15:26:28.797,1.04415,1.04417,1.25,1.50
2016.10.12 15:26:28.848,1.04415,1.04417,1.69,1.50
2016.10.12 15:26:28.900,1.04416,1.04418,1.19,1.87
2016.10.12 15:26:29.513,1.04416,1.04418,1.00,1.87
2016.10.12 15:26:31.520,1.04416,1.04418,2.06,1.12
2016.10.12 15:26:31.571,1.04416,1.04419,2.06,2.25
2016.10.12 15:26:32.967,1.04416,1.04418,1.31,1.12
2016.10.12 15:26:33.019,1.04415,1.04418,3.56,1.87
2016.10.12 15:26:33.223,1.04415,1.04418,3.56,2.62
2016.10.12 15:26:33.317,1.04415,1.04417,1.25,1.12
2016.10.12 15:26:33.980,1.04415,1.04416,1.25,1.00
2016.10.12 15:26:34.221,1.04414,1.04416,1.31,1.12
2016.10.12 15:26:34.272,1.04414,1.04416,1.31,1.50
2016.10.12 15:26:34.375,1.04414,1.04417,2.06,1.75
2016.10.12 15:26:35.051,1.04414,1.04416,1.31,1.50
2016.10.12 15:26:35.102,1.04413,1.04417,3.75,1.75
2016.10.12 15:26:35.153,1.04413,1.04417,3.75,1.75
2016.10.12 15:26:35.205,1.04413,1.04416,3.75,1.50
2016.10.12 15:26:35.453,1.04413,1.04416,3.37,2.25
2016.10.12 15:26:35.607,1.04413,1.04416,2.62,2.25
2016.10.12 15:26:35.810,1.04413,1.04416,2.25,2.25
2016.10.12 15:26:38.308,1.04413,1.04416,1.50,2.25
2016.10.12 15:26:38.410,1.04413,1.04416,1.87,2.25
2016.10.12 15:26:39.178,1.04414,1.04416,1.00,1.50
2016.10.12 15:26:39.229,1.04415,1.04416,1.50,1.00
2016.10.12 15:26:39.581,1.04415,1.04416,1.00,1.50
2016.10.12 15:26:39.632,1.04413,1.04416,1.50,1.50
2016.10.12 15:26:39.734,1.04413,1.04415,1.50,1.12
2016.10.12 15:26:39.838,1.04414,1.04415,1.00,1.12
2016.10.12 15:26:39.942,1.04413,1.04415,1.50,1.12
2016.10.12 15:26:40.044,1.04413,1.04416,1.50,3.00
2016.10.12 15:26:40.311,1.04413,1.04416,1.50,2.25
2016.10.12 15:26:40.877,1.04413,1.04416,1.50,3.75
2016.10.12 15:26:40.929,1.04413,1.04415,1.50,1.50
2016.10.12 15:26:41.177,1.0441,1.04415,3.37,2.06
2016.10.12 15:26:41.249,1.04413,1.04414,1.00,1.00
2016.10.12 15:26:41.351,1.04411,1.04415,1.00,1.12
2016.10.12 15:26:41.403,1.04413,1.04415,1.00,1.37
2016.10.12 15:26:41.454,1.04414,1.04415,1.50,1.00
2016.10.12 15:26:41.966,1.04413,1.04415,1.00,1.00
2016.10.12 15:26:42.019,1.04412,1.04415,1.00,1.50
2016.10.12 15:26:42.625,1.04412,1.04414,1.00,1.50
2016.10.12 15:26:43.158,1.04411,1.04414,1.00,2.25
2016.10.12 15:26:43.821,1.0441,1.04413,1.12,1.12
2016.10.12 15:26:45.093,1.04409,1.04413,4.12,1.12
2016.10.12 15:26:45.195,1.04409,1.04413,3.75,1.12
2016.10.12 15:26:45.642,1.04409,1.04413,3.00,1.12
2016.10.12 15:26:45.694,1.04409,1.04412,2.62,1.50
2016.10.12 15:26:45.898,1.0441,1.04413,1.00,3.37
2016.10.12 15:26:45.949,1.0441,1.04413,1.00,3.37
2016.10.12 15:26:46.001,1.0441,1.04413,1.00,2.25
2016.10.12 15:26:46.052,1.0441,1.04413,1.12,1.50
2016.10.12 15:26:46.286,1.0441,1.04413,1.00,1.50
2016.10.12 15:26:46.440,1.04409,1.04412,5.06,1.12
2016.10.12 15:26:46.493,1.04409,1.04411,3.19,1.00
2016.10.12 15:26:46.546,1.04409,1.04411,3.00,1.00
2016.10.12 15:26:46.598,1.04408,1.0441,1.87,1.12
2016.10.12 15:26:46.650,1.04408,1.0441,1.50,1.12
2016.10.12 15:26:46.701,1.04407,1.0441,4.87,1.12
2016.10.12 15:26:47.294,1.04409,1.0441,1.00,1.12
2016.10.12 15:26:47.602,1.04407,1.0441,4.87,1.12
2016.10.12 15:26:48.947,1.04407,1.04412,4.87,1.87
2016.10.12 15:26:48.999,1.04412,1.04413,1.00,6.00
2016.10.12 15:26:49.051,1.04413,1.04414,1.69,2.25
2016.10.12 15:26:49.300,1.04414,1.04417,1.12,2.25
2016.10.12 15:26:49.504,1.04416,1.04418,1.00,4.12
2016.10.12 15:26:49.555,1.04415,1.04417,1.00,1.12
2016.10.12 15:26:49.606,1.04416,1.04417,1.30,1.00
2016.10.12 15:26:49.708,1.04416,1.04418,1.67,1.50
2016.10.12 15:26:50.105,1.04416,1.04418,1.67,1.50
2016.10.12 15:26:50.157,1.04416,1.04418,1.37,1.50
2016.10.12 15:26:50.367,1.04416,1.04418,1.37,1.00
2016.10.12 15:26:51.027,1.04414,1.04418,3.00,1.50
2016.10.12 15:26:51.078,1.04414,1.04418,1.87,1.50
2016.10.12 15:26:51.129,1.04414,1.04418,1.50,1.87
2016.10.12 15:26:51.380,1.04414,1.04417,1.50,1.50
2016.10.12 15:26:51.433,1.04414,1.04416,1.00,1.50
2016.10.12 15:26:51.484,1.04413,1.04416,2.62,1.50
2016.10.12 15:26:51.586,1.04413,1.04416,2.25,1.50
2016.10.12 15:26:51.637,1.04413,1.04416,1.00,1.50
2016.10.12 15:26:52.073,1.04413,1.04416,1.00,2.25
2016.10.12 15:26:52.474,1.04414,1.04416,1.00,1.50
2016.10.12 15:26:52.526,1.04413,1.04416,3.00,1.50
2016.10.12 15:26:53.087,1.04413,1.04416,3.00,1.12
2016.10.12 15:26:53.791,1.04412,1.04415,3.75,1.50
2016.10.12 15:26:53.843,1.04412,1.04414,1.00,1.00
2016.10.12 15:26:53.894,1.0441,1.04412,4.87,1.00
2016.10.12 15:26:53.946,1.0441,1.04411,3.00,1.12
2016.10.12 15:26:53.998,1.0441,1.04411,2.62,1.12
2016.10.12 15:26:54.051,1.04408,1.04411,3.00,1.12
2016.10.12 15:26:54.419,1.04408,1.04411,3.37,1.12
2016.10.12 15:26:54.471,1.04408,1.04411,3.37,1.12
2016.10.12 15:26:54.624,1.04408,1.04411,3.00,1.12
2016.10.12 15:26:55.281,1.04408,1.04411,3.00,1.87
2016.10.12 15:26:55.901,1.04408,1.04411,1.87,1.87
2016.10.12 15:26:56.296,1.04408,1.0441,1.87,1.00
2016.10.12 15:26:57.022,1.04408,1.0441,1.12,1.00
2016.10.12 15:26:57.073,1.04408,1.0441,1.87,1.50
2016.10.12 15:26:57.801,1.04408,1.0441,3.37,1.50
2016.10.12 15:26:58.677,1.04408,1.0441,3.00,1.87
2016.10.12 15:26:58.729,1.04407,1.04409,4.31,1.00
2016.10.12 15:26:59.421,1.04405,1.04407,1.00,1.50
2016.10.12 15:26:59.473,1.04404,1.04407,1.12,3.00
2016.10.12 15:26:59.527,1.04402,1.04407,1.87,3.22
2016.10.12 15:26:59.633,1.04402,1.04403,3.00,1.00
2016.10.12 15:26:59.786,1.04402,1.04404,3.38,1.00
2016.10.12 15:27:00.037,1.04402,1.04404,6.19,1.00
2016.10.12 15:27:00.089,1.04402,1.04404,5.25,1.00
2016.10.12 15:27:00.140,1.04402,1.04404,4.50,1.00
2016.10.12 15:27:00.191,1.04402,1.04404,3.75,1.50
2016.10.12 15:27:00.294,1.04402,1.04404,4.50,1.00
2016.10.12 15:27:00.345,1.04402,1.04404,4.50,1.00
2016.10.12 15:27:00.448,1.04402,1.04404,4.88,1.00
2016.10.12 15:27:01.038,1.04402,1.04404,4.50,1.00
2016.10.12 15:27:01.141,1.04403,1.04404,1.00,1.00
2016.10.12 15:27:01.506,1.04403,1.04404,1.00,1.50
2016.10.12 15:27:01.558,1.04402,1.04403,1.87,1.00
2016.10.12 15:27:01.610,1.04403,1.04404,1.00,1.50
2016.10.12 15:27:01.661,1.04403,1.04406,1.75,2.25
2016.10.12 15:27:01.713,1.04403,1.04404,1.00,1.00
2016.10.12 15:27:02.127,1.04402,1.04404,1.12,1.00
2016.10.12 15:27:02.604,1.04402,1.04404,2.62,1.00
2016.10.12 15:27:02.659,1.04402,1.04404,2.62,1.50
2016.10.12 15:27:03.419,1.04404,1.04405,1.12,1.00
2016.10.12 15:27:03.471,1.04405,1.04407,1.87,1.00
2016.10.12 15:27:03.523,1.04405,1.0441,3.94,1.87
2016.10.12 15:27:03.796,1.04408,1.0441,2.25,1.50
2016.10.12 15:27:03.848,1.04408,1.04409,1.50,1.00
2016.10.12 15:27:04.154,1.04407,1.04409,3.37,1.00
2016.10.12 15:27:04.205,1.04407,1.04409,4.50,1.00
2016.10.12 15:27:04.256,1.04407,1.04409,3.94,1.00
2016.10.12 15:27:04.314,1.04407,1.0441,3.19,1.00
2016.10.12 15:27:04.617,1.04408,1.0441,1.87,1.00
2016.10.12 15:27:06.333,1.04411,1.04413,1.00,3.75
2016.10.12 15:27:06.384,1.04411,1.04413,2.25,2.25
2016.10.12 15:27:06.435,1.04412,1.04413,2.25,1.50
2016.10.12 15:27:06.487,1.04412,1.04414,2.25,2.24
2016.10.12 15:27:06.538,1.04411,1.04412,1.00,1.00
2016.10.12 15:27:06.589,1.04411,1.04413,1.00,1.00
2016.10.12 15:27:06.819,1.04408,1.0441,7.50,1.12
2016.10.12 15:27:06.870,1.04407,1.04408,2.62,1.00
2016.10.12 15:27:07.024,1.04407,1.04408,1.12,3.00
2016.10.12 15:27:07.076,1.04407,1.04408,1.12,3.37
2016.10.12 15:27:07.128,1.04404,1.04405,1.12,1.50
2016.10.12 15:27:07.180,1.04404,1.04405,1.00,1.50
2016.10.12 15:27:07.233,1.04403,1.04405,2.62,1.50
2016.10.12 15:27:08.047,1.04403,1.04405,5.10,1.00
2016.10.12 15:27:08.098,1.04408,1.0441,1.00,5.06
2016.10.12 15:27:08.307,1.04404,1.04409,1.50,1.50
2016.10.12 15:27:08.359,1.04406,1.04409,6.19,1.00
2016.10.12 15:27:08.463,1.04407,1.04409,1.00,1.00
2016.10.12 15:27:08.939,1.04407,1.04409,1.50,1.00
2016.10.12 15:27:09.320,1.04407,1.04408,1.00,1.00
2016.10.12 15:27:09.373,1.04405,1.04407,1.50,1.61
2016.10.12 15:27:09.424,1.04403,1.04406,5.25,1.00
2016.10.12 15:27:09.475,1.04402,1.04404,3.37,1.00
2016.10.12 15:27:09.577,1.04402,1.04404,3.00,1.00
2016.10.12 15:27:10.123,1.04402,1.04404,3.75,1.50
2016.10.12 15:27:10.377,1.04402,1.04404,1.50,1.50
2016.10.12 15:27:10.665,1.04402,1.04404,3.00,1.50
2016.10.12 15:27:11.192,1.04402,1.04403,3.00,1.00
2016.10.12 15:27:11.243,1.04401,1.04403,2.25,1.00
2016.10.12 15:27:11.295,1.04402,1.04403,1.50,1.00
2016.10.12 15:27:11.346,1.04399,1.04401,1.37,1.00
2016.10.12 15:27:11.398,1.04398,1.04401,8.81,1.00
2016.10.12 15:27:11.449,1.04398,1.04401,3.94,1.50
2016.10.12 15:27:11.906,1.04399,1.04401,1.12,1.50
2016.10.12 15:27:11.958,1.04398,1.044,1.50,1.00
2016.10.12 15:27:12.062,1.04398,1.044,2.25,1.00
2016.10.12 15:27:12.274,1.04399,1.044,1.87,1.00
2016.10.12 15:27:12.538,1.04399,1.044,1.87,1.50
2016.10.12 15:27:12.672,1.04398,1.044,2.25,1.50
2016.10.12 15:27:12.723,1.04398,1.044,2.25,1.00
2016.10.12 15:27:12.775,1.04398,1.04399,1.12,1.00
2016.10.12 15:27:12.826,1.04397,1.04398,1.87,1.00
2016.10.12 15:27:12.929,1.04397,1.04398,1.12,1.00
2016.10.12 15:27:13.202,1.04396,1.04398,5.06,1.00
2016.10.12 15:27:13.254,1.04396,1.04398,5.06,1.50
2016.10.12 15:27:13.305,1.04396,1.04398,4.87,1.50
2016.10.12 15:27:13.358,1.04396,1.04397,3.37,1.00
2016.10.12 15:27:13.412,1.04396,1.04397,2.62,1.00
2016.10.12 15:27:13.474,1.04395,1.04396,1.00,1.00
2016.10.12 15:27:13.749,1.04394,1.04396,2.62,1.00
2016.10.12 15:27:13.805,1.04394,1.04395,1.50,1.50
2016.10.12 15:27:13.966,1.04392,1.04394,2.62,1.00
2016.10.12 15:27:14.069,1.04392,1.04393,1.87,1.50
2016.10.12 15:27:14.171,1.04391,1.04393,1.87,1.50
2016.10.12 15:27:14.405,1.04391,1.04393,3.00,1.50
2016.10.12 15:27:14.975,1.04392,1.04393,2.25,1.50
2016.10.12 15:27:15.174,1.04391,1.04393,6.00,5.72
2016.10.12 15:27:15.226,1.04386,1.04388,8.81,2.10
2016.10.12 15:27:15.278,1.04385,1.04386,7.50,1.05
2016.10.12 15:27:15.331,1.04383,1.04385,1.37,1.00
2016.10.12 15:27:15.383,1.04383,1.04385,1.37,1.00
2016.10.12 15:27:15.434,1.04381,1.04385,4.50,1.50
2016.10.12 15:27:16.036,1.04382,1.04383,1.00,1.50
2016.10.12 15:27:16.373,1.04381,1.04383,2.62,1.50
2016.10.12 15:27:16.525,1.04381,1.04383,3.37,1.00
2016.10.12 15:27:16.805,1.04381,1.04384,3.37,2.25
2016.10.12 15:27:16.856,1.04381,1.04384,3.37,1.50
2016.10.12 15:27:17.214,1.04381,1.04383,2.62,1.00
2016.10.12 15:27:18.444,1.04383,1.04385,1.00,1.00
2016.10.12 15:27:18.495,1.04389,1.04392,1.00,2.06
2016.10.12 15:27:18.649,1.04389,1.04392,1.00,2.81
2016.10.12 15:27:19.102,1.04389,1.04392,1.00,2.44
2016.10.12 15:27:19.155,1.04387,1.04389,1.50,1.00
2016.10.12 15:27:19.258,1.04389,1.04391,2.50,1.00
2016.10.12 15:27:19.309,1.0439,1.04392,1.50,1.69
2016.10.12 15:27:19.360,1.0439,1.04394,2.25,3.00
2016.10.12 15:27:19.412,1.0439,1.04394,2.25,1.50
2016.10.12 15:27:19.466,1.04392,1.04394,1.50,1.00
2016.10.12 15:27:19.700,1.04393,1.04395,1.25,1.91
2016.10.12 15:27:19.752,1.04391,1.04392,1.12,1.00
2016.10.12 15:27:19.803,1.04389,1.04391,3.00,1.00
2016.10.12 15:27:19.854,1.04389,1.04391,1.50,1.00
2016.10.12 15:27:19.957,1.04388,1.04391,1.75,1.00
2016.10.12 15:27:20.059,1.04388,1.04391,1.50,1.00
2016.10.12 15:27:20.428,1.04387,1.04391,4.91,1.00
2016.10.12 15:27:20.480,1.04387,1.04391,5.47,1.00
2016.10.12 15:27:20.583,1.04387,1.04391,4.87,1.00
2016.10.12 15:27:20.685,1.04387,1.04391,3.37,1.00
2016.10.12 15:27:20.737,1.04387,1.04391,5.47,1.00
2016.10.12 15:27:20.788,1.04391,1.04392,1.00,1.12
2016.10.12 15:27:20.840,1.0439,1.04393,1.00,1.50
2016.10.12 15:27:21.110,1.0439,1.04393,1.00,1.12
2016.10.12 15:27:21.162,1.04391,1.04394,1.00,1.50
2016.10.12 15:27:21.316,1.04391,1.04394,1.00,1.12
2016.10.12 15:27:21.883,1.04392,1.04395,1.00,2.44
2016.10.12 15:27:21.935,1.04392,1.04395,1.00,1.69
2016.10.12 15:27:21.986,1.04393,1.04396,1.00,10.46
2016.10.12 15:27:22.037,1.04393,1.04395,1.00,1.69
2016.10.12 15:27:22.089,1.04393,1.04395,1.50,1.69
2016.10.12 15:27:22.141,1.04393,1.04396,1.50,11.06
2016.10.12 15:27:22.644,1.04393,1.04396,1.50,7.99
2016.10.12 15:27:22.695,1.04393,1.04394,1.00,1.00
2016.10.12 15:27:22.746,1.04391,1.04393,2.50,1.72
2016.10.12 15:27:22.798,1.0439,1.04392,1.00,1.35
2016.10.12 15:27:22.849,1.0439,1.04392,1.00,1.87
2016.10.12 15:27:22.900,1.04391,1.04392,1.00,1.87
2016.10.12 15:27:22.951,1.0439,1.04392,1.00,1.37
2016.10.12 15:27:23.164,1.04393,1.04394,3.37,7.12
2016.10.12 15:27:23.215,1.04397,1.04399,1.00,1.00
2016.10.12 15:27:23.267,1.04397,1.04399,1.00,1.12
2016.10.12 15:27:23.369,1.04397,1.04399,1.00,1.87
2016.10.12 15:27:23.794,1.04397,1.04399,1.50,1.50
2016.10.12 15:27:23.899,1.04397,1.04399,1.50,1.87
2016.10.12 15:27:24.002,1.04397,1.04398,1.00,1.00
2016.10.12 15:27:24.104,1.04396,1.04398,1.50,1.00
2016.10.12 15:27:25.446,1.04396,1.044,1.87,1.87
2016.10.12 15:27:25.499,1.044,1.04401,1.00,1.50
2016.10.12 15:27:25.603,1.04399,1.04401,1.50,1.50
2016.10.12 15:27:26.109,1.04399,1.04402,1.50,7.87
2016.10.12 15:27:27.508,1.04399,1.04402,1.50,8.62
2016.10.12 15:27:27.559,1.04399,1.04401,1.50,1.37
2016.10.12 15:27:27.776,1.04399,1.04402,1.50,7.50
2016.10.12 15:27:27.828,1.04399,1.04402,1.50,6.75
2016.10.12 15:27:28.963,1.04399,1.04402,1.50,2.62
2016.10.12 15:27:29.688,1.04399,1.04401,1.00,1.12
2016.10.12 15:27:30.045,1.04399,1.04402,1.50,2.25
2016.10.12 15:27:30.147,1.04401,1.04402,1.00,1.00
2016.10.12 15:27:30.394,1.04402,1.04403,1.50,5.25
2016.10.12 15:27:30.446,1.044,1.04401,1.00,1.00
2016.10.12 15:27:30.497,1.04399,1.04401,1.87,1.12
2016.10.12 15:27:30.549,1.04399,1.04401,1.50,1.12
2016.10.12 15:27:30.651,1.04399,1.04401,1.50,1.50
2016.10.12 15:27:30.805,1.04399,1.04401,1.50,1.12
2016.10.12 15:27:32.138,1.04392,1.04394,2.85,5.62
2016.10.12 15:27:32.203,1.04389,1.04391,1.00,1.00
2016.10.12 15:27:32.278,1.04389,1.04391,1.00,1.50
2016.10.12 15:27:32.330,1.04388,1.04391,1.00,2.62
2016.10.12 15:27:32.382,1.04387,1.04391,1.00,2.62
2016.10.12 15:27:32.434,1.04387,1.04391,1.00,2.62
2016.10.12 15:27:32.694,1.04387,1.04391,1.00,4.35
2016.10.12 15:27:32.746,1.04387,1.04391,1.00,4.72
2016.10.12 15:27:32.899,1.04387,1.04391,1.00,4.50
2016.10.12 15:27:33.807,1.04387,1.04391,1.00,5.25
2016.10.12 15:27:34.291,1.04387,1.0439,1.00,1.00
2016.10.12 15:27:34.447,1.04387,1.0439,1.00,1.00
2016.10.12 15:27:34.499,1.04388,1.04391,1.25,3.75
2016.10.12 15:27:34.551,1.04387,1.0439,2.59,1.00
2016.10.12 15:27:34.604,1.04387,1.0439,1.87,1.00
2016.10.12 15:27:34.810,1.04387,1.0439,1.87,1.37
2016.10.12 15:27:35.175,1.04387,1.0439,1.12,1.37
2016.10.12 15:27:35.329,1.04387,1.0439,1.12,1.00
2016.10.12 15:27:36.130,1.04394,1.04395,1.00,3.00
2016.10.12 15:27:36.208,1.04394,1.04396,1.00,1.00
2016.10.12 15:27:36.463,1.04395,1.04397,1.00,4.50
2016.10.12 15:27:36.685,1.04396,1.04397,1.00,2.62
2016.10.12 15:27:36.737,1.04398,1.04401,1.00,7.12
2016.10.12 15:27:36.792,1.04399,1.04401,1.00,6.00
2016.10.12 15:27:36.845,1.04398,1.04401,1.00,2.62
2016.10.12 15:27:38.030,1.04398,1.04401,1.00,1.87
2016.10.12 15:27:38.776,1.04398,1.04401,1.00,1.12
2016.10.12 15:27:38.878,1.04398,1.04402,1.00,6.94
2016.10.12 15:27:39.031,1.04398,1.04402,1.00,6.56
2016.10.12 15:27:39.518,1.04399,1.04402,1.00,6.99
2016.10.12 15:27:39.570,1.04398,1.04401,1.00,1.12
2016.10.12 15:27:39.621,1.04398,1.044,1.00,1.00
2016.10.12 15:27:46.218,1.04398,1.044,1.00,2.25
2016.10.12 15:27:46.422,1.04398,1.044,1.00,1.00
2016.10.12 15:27:46.691,1.04398,1.044,1.00,1.12
2016.10.12 15:27:49.534,1.04398,1.044,1.00,1.12
2016.10.12 15:27:49.585,1.04398,1.04401,1.00,2.64
2016.10.12 15:27:49.789,1.04398,1.04401,1.00,3.02
2016.10.12 15:27:49.840,1.04398,1.04401,1.00,3.43
2016.10.12 15:27:50.668,1.04398,1.04401,1.00,3.02
2016.10.12 15:27:51.280,1.04398,1.044,1.00,2.62
2016.10.12 15:27:51.540,1.04398,1.044,1.00,2.62
2016.10.12 15:27:51.934,1.04398,1.04401,1.00,4.74
2016.10.12 15:27:51.997,1.04398,1.044,1.00,1.12
2016.10.12 15:27:52.502,1.04398,1.04401,1.00,3.99
2016.10.12 15:27:52.554,1.04398,1.044,1.00,1.87
2016.10.12 15:27:52.605,1.04397,1.044,2.25,3.00
2016.10.12 15:27:52.656,1.04397,1.04399,1.00,2.47
2016.10.12 15:27:52.708,1.04396,1.04399,1.00,3.97
2016.10.12 15:27:52.759,1.04396,1.04399,1.50,4.35
2016.10.12 15:27:52.811,1.04396,1.04399,1.50,3.22
2016.10.12 15:27:53.020,1.04396,1.04399,1.50,3.97
2016.10.12 15:27:53.072,1.04397,1.04399,1.00,3.37
2016.10.12 15:27:53.124,1.04397,1.04399,1.00,3.00
2016.10.12 15:27:53.176,1.04397,1.04399,1.00,2.25
2016.10.12 15:27:53.279,1.04397,1.044,1.00,6.37
2016.10.12 15:27:53.381,1.04397,1.04399,1.00,2.62
2016.10.12 15:27:53.611,1.04397,1.04399,1.00,3.37
2016.10.12 15:27:53.727,1.04396,1.04399,1.50,4.87
2016.10.12 15:27:53.831,1.04397,1.04399,1.00,2.62
2016.10.12 15:27:53.883,1.04397,1.04398,1.50,1.00
2016.10.12 15:27:53.987,1.04398,1.044,1.00,4.12
2016.10.12 15:27:54.210,1.04398,1.04399,1.00,1.12
2016.10.12 15:27:54.486,1.04398,1.04399,1.00,1.00
2016.10.12 15:27:54.589,1.04398,1.04399,1.00,1.50
2016.10.12 15:27:55.405,1.04397,1.04398,1.50,1.00
2016.10.12 15:27:55.491,1.04397,1.04398,1.00,1.00
2016.10.12 15:27:55.593,1.04397,1.04399,1.00,4.50
2016.10.12 15:27:55.790,1.04397,1.04399,1.00,4.12
2016.10.12 15:27:56.052,1.04397,1.04398,1.00,1.50
2016.10.12 15:27:56.205,1.04395,1.04396,1.00,1.00
2016.10.12 15:27:56.256,1.04395,1.04396,1.00,5.85
2016.10.12 15:27:56.308,1.04393,1.04396,1.12,5.81
2016.10.12 15:27:56.533,1.04391,1.04395,2.62,1.00
2016.10.12 15:27:56.585,1.04386,1.04389,1.50,1.87
2016.10.12 15:27:57.287,1.04386,1.04389,1.50,3.37
2016.10.12 15:27:57.339,1.04386,1.04389,1.50,4.12
2016.10.12 15:27:57.397,1.04386,1.04389,1.50,2.25
2016.10.12 15:27:57.450,1.04386,1.04389,1.50,2.62
2016.10.12 15:27:57.502,1.04386,1.04389,1.00,2.62
2016.10.12 15:27:57.556,1.04386,1.04388,1.00,1.00
2016.10.12 15:27:57.998,1.04383,1.04384,3.75,1.00
2016.10.12 15:27:58.049,1.04383,1.04384,1.00,1.00
2016.10.12 15:27:58.103,1.04382,1.04384,1.50,1.25
2016.10.12 15:27:58.307,1.04383,1.04384,1.00,1.25
2016.10.12 15:27:58.601,1.04382,1.04384,1.00,1.69
2016.10.12 15:27:58.653,1.04382,1.04384,1.00,1.87
2016.10.12 15:27:58.755,1.04383,1.04384,1.00,1.25
2016.10.12 15:27:59.010,1.04383,1.04385,1.00,4.69
2016.10.12 15:27:59.294,1.04382,1.04384,1.00,1.25
2016.10.12 15:27:59.358,1.04382,1.04384,1.00,1.69
2016.10.12 15:27:59.614,1.04381,1.04384,1.50,1.69
2016.10.12 15:27:59.971,1.04381,1.04384,1.50,2.06
2016.10.12 15:28:00.226,1.04381,1.04384,1.50,2.81
2016.10.12 15:28:00.278,1.04381,1.04384,1.50,3.56
2016.10.12 15:28:00.331,1.04381,1.04383,1.00,1.87
2016.10.12 15:28:00.587,1.04381,1.04383,1.50,3.37
2016.10.12 15:28:00.639,1.0438,1.04383,1.75,2.62
2016.10.12 15:28:01.048,1.04381,1.04383,1.50,1.50
2016.10.12 15:28:01.333,1.04381,1.04383,1.50,1.00
2016.10.12 15:28:01.384,1.04381,1.04383,1.50,1.12
2016.10.12 15:28:02.193,1.04381,1.04383,1.12,1.12
2016.10.12 15:28:02.247,1.04381,1.04384,1.12,1.87
2016.10.12 15:28:02.898,1.04382,1.04384,1.00,2.06
2016.10.12 15:28:03.255,1.04382,1.04384,1.00,1.87
2016.10.12 15:28:03.649,1.04382,1.04385,1.50,2.81
2016.10.12 15:28:03.702,1.04382,1.04385,1.50,2.44
2016.10.12 15:28:03.753,1.04383,1.04385,1.00,1.50
2016.10.12 15:28:03.805,1.04383,1.04385,1.50,1.50
2016.10.12 15:28:03.856,1.04383,1.04385,1.50,1.00
2016.10.12 15:28:03.907,1.04383,1.04386,1.50,2.62
2016.10.12 15:28:04.009,1.04383,1.04386,1.50,1.12
2016.10.12 15:28:04.422,1.04385,1.04387,1.00,3.37
2016.10.12 15:28:04.491,1.04386,1.04389,1.50,1.00
2016.10.12 15:28:04.545,1.04386,1.04389,1.50,1.50
2016.10.12 15:28:04.597,1.04386,1.04388,1.50,1.00
2016.10.12 15:28:04.648,1.04386,1.04388,1.00,1.50
2016.10.12 15:28:04.699,1.04385,1.04388,1.50,3.00
2016.10.12 15:28:05.114,1.04385,1.04388,1.50,2.25
2016.10.12 15:28:05.369,1.04385,1.04388,1.50,2.62
2016.10.12 15:28:05.420,1.04385,1.04387,1.50,1.00
2016.10.12 15:28:05.522,1.04385,1.04388,1.50,3.00
2016.10.12 15:28:05.990,1.04385,1.04388,1.50,3.37
2016.10.12 15:28:06.042,1.04385,1.04387,1.50,1.12
2016.10.12 15:28:06.094,1.04385,1.04387,1.50,1.31
2016.10.12 15:28:06.145,1.04385,1.04387,1.00,2.06
2016.10.12 15:28:06.196,1.04385,1.04386,1.00,1.00
2016.10.12 15:28:06.247,1.04385,1.04386,1.00,1.50
2016.10.12 15:28:06.454,1.04383,1.04384,1.12,1.00
2016.10.12 15:28:06.506,1.04383,1.04384,1.50,1.00
2016.10.12 15:28:06.659,1.04383,1.04385,1.00,1.50
2016.10.12 15:28:06.710,1.04383,1.04385,1.50,1.00
2016.10.12 15:28:07.060,1.04383,1.04386,1.50,2.25
2016.10.12 15:28:07.874,1.04388,1.0439,4.76,13.69
2016.10.12 15:28:07.926,1.04388,1.0439,5.89,8.81
2016.10.12 15:28:07.977,1.04388,1.04389,4.35,2.25
2016.10.12 15:28:08.516,1.0439,1.04391,1.50,3.75
2016.10.12 15:28:08.569,1.04391,1.04393,1.00,1.50
2016.10.12 15:28:08.621,1.04392,1.04394,1.00,3.37
2016.10.12 15:28:08.673,1.04392,1.04393,1.50,1.00
2016.10.12 15:28:08.724,1.04393,1.04394,1.00,3.37
2016.10.12 15:28:08.776,1.04393,1.04394,1.00,1.50
2016.10.12 15:28:08.829,1.04392,1.04394,1.12,1.12
2016.10.12 15:28:08.881,1.04392,1.04395,1.00,1.87
2016.10.12 15:28:08.932,1.04392,1.04394,1.50,1.12
2016.10.12 15:28:09.160,1.04392,1.04393,1.50,1.00
2016.10.12 15:28:09.263,1.04392,1.04394,1.50,1.12
2016.10.12 15:28:09.416,1.04392,1.04395,1.50,2.81
2016.10.12 15:28:10.422,1.04392,1.04394,1.00,1.12
2016.10.12 15:28:10.935,1.04392,1.04394,1.00,1.00
2016.10.12 15:28:10.986,1.04392,1.04395,1.00,1.50
2016.10.12 15:28:11.089,1.04392,1.04395,1.00,1.87
2016.10.12 15:28:11.910,1.04392,1.04395,1.12,1.87
2016.10.12 15:28:12.278,1.04392,1.04395,1.12,1.50
2016.10.12 15:28:12.348,1.04392,1.04395,2.62,1.50
2016.10.12 15:28:12.399,1.04392,1.04395,1.12,1.50
2016.10.12 15:28:12.477,1.04392,1.04395,2.62,1.50
2016.10.12 15:28:13.030,1.04392,1.04395,1.12,1.50
2016.10.12 15:28:13.133,1.04393,1.04395,1.00,1.00
2016.10.12 15:28:13.287,1.04393,1.04396,1.00,2.25
2016.10.12 15:28:13.338,1.04394,1.04396,1.00,1.00
2016.10.12 15:28:13.854,1.04394,1.04397,1.00,2.25
2016.10.12 15:28:14.660,1.04394,1.04397,1.00,1.50
2016.10.12 15:28:16.453,1.04394,1.04397,1.00,2.25
2016.10.12 15:28:16.555,1.04393,1.04396,2.25,1.00
2016.10.12 15:28:16.657,1.04394,1.04397,1.00,1.59
2016.10.12 15:28:16.943,1.04394,1.04396,1.00,1.12
2016.10.12 15:28:17.824,1.04394,1.04396,1.00,2.34
2016.10.12 15:28:17.925,1.04393,1.04395,1.00,1.00
2016.10.12 15:28:17.976,1.04393,1.04396,1.00,3.75
2016.10.12 15:28:18.429,1.04393,1.04396,1.00,2.25
2016.10.12 15:28:18.583,1.04392,1.04395,1.12,1.00
2016.10.12 15:28:18.686,1.04392,1.04395,1.12,1.12
2016.10.12 15:28:18.789,1.04392,1.04395,1.12,1.59
2016.10.12 15:28:19.130,1.04393,1.04395,1.00,1.12
2016.10.12 15:28:19.493,1.04392,1.04395,1.12,1.59
2016.10.12 15:28:19.706,1.04393,1.04395,1.50,1.50
2016.10.12 15:28:19.757,1.04393,1.04394,1.50,2.25
2016.10.12 15:28:19.809,1.04391,1.04394,1.50,4.12
2016.10.12 15:28:19.860,1.04391,1.04392,1.50,1.00
2016.10.12 15:28:19.912,1.04391,1.04392,1.12,1.00
2016.10.12 15:28:19.963,1.0439,1.04392,1.50,1.00
2016.10.12 15:28:20.015,1.04389,1.04392,3.00,1.50
2016.10.12 15:28:20.067,1.04389,1.04391,2.25,1.00
2016.10.12 15:28:20.292,1.04388,1.04391,1.87,5.25
2016.10.12 15:28:20.406,1.04387,1.04389,1.12,1.00
2016.10.12 15:28:20.457,1.04387,1.04389,1.00,1.00
2016.10.12 15:28:20.508,1.04387,1.0439,1.00,1.50
2016.10.12 15:28:20.560,1.04387,1.04388,1.00,1.00
2016.10.12 15:28:20.713,1.04386,1.04387,3.00,1.00
2016.10.12 15:28:20.982,1.04379,1.04381,3.00,3.00
2016.10.12 15:28:21.034,1.04378,1.0438,1.12,1.00
2016.10.12 15:28:21.085,1.04378,1.0438,1.00,1.00
2016.10.12 15:28:22.096,1.04378,1.0438,3.75,1.00
2016.10.12 15:28:22.148,1.0438,1.04382,1.00,1.50
2016.10.12 15:28:22.392,1.04382,1.04385,1.00,1.12
2016.10.12 15:28:22.465,1.04383,1.04386,1.00,4.72
2016.10.12 15:28:22.567,1.04383,1.04386,1.00,5.32
2016.10.12 15:28:22.618,1.04383,1.04386,1.00,4.95
2016.10.12 15:28:22.720,1.04383,1.04385,1.00,1.12
2016.10.12 15:28:22.772,1.04383,1.04385,1.00,1.87
2016.10.12 15:28:23.087,1.04383,1.04385,1.00,1.50
2016.10.12 15:28:23.348,1.04383,1.04385,1.00,1.72
2016.10.12 15:28:23.676,1.04383,1.04385,1.00,1.91
2016.10.12 15:28:23.932,1.04383,1.04385,1.00,1.50
2016.10.12 15:28:24.461,1.04382,1.04385,1.00,2.44
2016.10.12 15:28:24.535,1.04383,1.04384,1.00,1.12
2016.10.12 15:28:24.588,1.04383,1.04385,1.00,3.00
2016.10.12 15:28:25.241,1.0438,1.04382,3.37,1.35
2016.10.12 15:28:25.293,1.0438,1.04383,1.00,7.35
2016.10.12 15:28:25.344,1.0438,1.04383,1.00,7.72
2016.10.12 15:28:25.395,1.0438,1.04381,1.00,1.12
2016.10.12 15:28:25.447,1.04379,1.04381,1.00,1.54
2016.10.12 15:28:25.498,1.04379,1.0438,1.00,1.00
2016.10.12 15:28:25.826,1.04378,1.04379,1.00,1.12
2016.10.12 15:28:25.928,1.04378,1.04379,1.00,1.00
2016.10.12 15:28:26.288,1.04378,1.04379,1.00,1.12
2016.10.12 15:28:26.875,1.04377,1.04379,1.00,1.12
2016.10.12 15:28:26.926,1.04378,1.04379,1.00,1.00
2016.10.12 15:28:27.173,1.0438,1.04382,1.00,2.06
2016.10.12 15:28:27.230,1.04378,1.04381,2.25,1.00
2016.10.12 15:28:27.451,1.04378,1.04381,1.00,1.00
2016.10.12 15:28:27.554,1.04378,1.04381,1.00,1.50
2016.10.12 15:28:27.823,1.04378,1.04381,1.12,2.25
2016.10.12 15:28:27.925,1.04378,1.04381,2.62,2.25
2016.10.12 15:28:28.206,1.04378,1.04381,3.00,1.50
2016.10.12 15:28:28.257,1.0438,1.04383,1.00,1.87
2016.10.12 15:28:28.308,1.0438,1.04384,1.00,2.25
2016.10.12 15:28:28.359,1.0438,1.04384,1.12,1.87
2016.10.12 15:28:28.410,1.0438,1.04384,1.50,1.87
2016.10.12 15:28:28.721,1.04382,1.04384,1.00,1.12
2016.10.12 15:28:29.611,1.04381,1.04382,1.00,1.00
2016.10.12 15:28:29.716,1.0438,1.04382,1.00,1.69
2016.10.12 15:28:29.768,1.0438,1.04382,1.00,2.44
2016.10.12 15:28:29.920,1.04379,1.04382,1.00,3.19
2016.10.12 15:28:30.073,1.04379,1.04382,1.00,3.37
2016.10.12 15:28:30.342,1.04379,1.04381,1.00,1.00
2016.10.12 15:28:31.644,1.04379,1.04382,1.00,3.94
2016.10.12 15:28:31.747,1.04378,1.04381,1.12,1.00
2016.10.12 15:28:32.187,1.04377,1.0438,2.62,1.00
2016.10.12 15:28:32.301,1.04378,1.04381,1.12,1.00
2016.10.12 15:28:33.706,1.04378,1.04381,1.12,1.50
2016.10.12 15:28:33.911,1.04378,1.0438,1.12,1.00
2016.10.12 15:28:34.293,1.04378,1.04381,1.12,1.50
2016.10.12 15:28:34.449,1.04377,1.0438,1.87,1.00
2016.10.12 15:28:35.188,1.04376,1.04379,6.00,1.00
2016.10.12 15:28:35.239,1.04375,1.04378,4.12,1.70
2016.10.12 15:28:36.155,1.04375,1.04378,5.25,1.50
2016.10.12 15:28:36.782,1.04376,1.04378,1.00,1.00
2016.10.12 15:28:36.833,1.04376,1.04379,1.50,1.50
2016.10.12 15:28:36.884,1.04376,1.04379,1.50,1.37
2016.10.12 15:28:36.935,1.04376,1.04379,1.00,1.00
2016.10.12 15:28:36.986,1.04378,1.0438,1.00,1.87
2016.10.12 15:28:37.037,1.04378,1.0438,1.00,1.50
2016.10.12 15:28:37.593,1.04378,1.0438,1.00,1.12
2016.10.12 15:28:37.798,1.04378,1.0438,1.00,1.87
2016.10.12 15:28:37.849,1.04378,1.0438,1.00,3.37
2016.10.12 15:28:37.901,1.04378,1.0438,1.00,3.00
2016.10.12 15:28:38.003,1.04377,1.04379,1.00,1.00
2016.10.12 15:28:38.055,1.04377,1.04379,1.00,1.12
2016.10.12 15:28:38.265,1.04377,1.04379,1.00,1.50
2016.10.12 15:28:38.317,1.04377,1.04378,1.00,1.00
2016.10.12 15:28:39.036,1.04376,1.04378,1.00,1.00
2016.10.12 15:28:39.138,1.04375,1.04378,5.25,1.50
2016.10.12 15:28:39.346,1.04376,1.04378,1.00,1.00
2016.10.12 15:28:40.077,1.04375,1.04378,5.62,1.50
2016.10.12 15:28:41.602,1.04375,1.04377,4.87,1.00
2016.10.12 15:28:41.653,1.04375,1.04378,5.62,1.14
2016.10.12 15:28:41.806,1.04375,1.04378,5.62,1.61
2016.10.12 15:28:41.858,1.04375,1.04376,4.12,1.91
2016.10.12 15:28:41.909,1.04375,1.04376,4.12,2.66
2016.10.12 15:28:41.961,1.04371,1.04374,1.75,2.10
2016.10.12 15:28:42.230,1.0437,1.04373,1.87,3.90
2016.10.12 15:28:42.282,1.0437,1.04373,2.25,1.78
2016.10.12 15:28:42.333,1.0437,1.04371,1.50,1.00
2016.10.12 15:28:42.384,1.0437,1.04372,1.50,1.14
2016.10.12 15:28:42.435,1.0437,1.04372,1.50,1.00
2016.10.12 15:28:42.486,1.0437,1.04373,2.25,1.50
2016.10.12 15:28:42.537,1.0437,1.04373,3.75,1.12
2016.10.12 15:28:42.588,1.0437,1.04374,4.00,5.25
2016.10.12 15:28:42.639,1.0437,1.04372,3.00,1.00
2016.10.12 15:28:42.690,1.0437,1.04373,3.75,1.12
2016.10.12 15:28:42.900,1.0437,1.04373,3.75,1.00
2016.10.12 15:28:42.951,1.0437,1.04372,1.50,1.00
2016.10.12 15:28:43.464,1.0437,1.04372,3.00,1.00
2016.10.12 15:28:43.967,1.0437,1.04372,3.75,1.00
2016.10.12 15:28:44.224,1.04371,1.04372,1.00,1.00
2016.10.12 15:28:44.377,1.04371,1.04374,1.00,3.00
2016.10.12 15:28:45.067,1.04371,1.04374,1.00,3.22
2016.10.12 15:28:45.761,1.04371,1.04374,1.00,2.62
2016.10.12 15:28:45.867,1.04371,1.04374,1.00,3.00
2016.10.12 15:28:46.231,1.04371,1.04374,1.00,5.81
2016.10.12 15:28:46.282,1.0437,1.04372,1.50,1.00
2016.10.12 15:28:46.334,1.0437,1.04373,2.25,2.44
2016.10.12 15:28:46.385,1.0437,1.04372,1.50,1.00
2016.10.12 15:28:47.104,1.0437,1.04371,1.50,1.00
2016.10.12 15:28:47.309,1.0437,1.04373,2.25,3.94
2016.10.12 15:28:47.728,1.04372,1.04373,1.00,1.31
2016.10.12 15:28:48.005,1.04371,1.04374,1.00,3.75
2016.10.12 15:28:48.218,1.04371,1.04373,1.00,1.12
2016.10.12 15:28:48.271,1.04371,1.04373,1.00,1.20
2016.10.12 15:28:48.626,1.04371,1.04374,1.00,4.58
2016.10.12 15:28:48.986,1.04371,1.04374,1.00,4.80
2016.10.12 15:28:49.712,1.0437,1.04371,1.50,2.25
2016.10.12 15:28:49.779,1.04368,1.0437,1.00,1.00
2016.10.12 15:28:50.557,1.04369,1.04371,1.12,2.62
2016.10.12 15:28:50.610,1.0437,1.04372,1.00,2.25
2016.10.12 15:28:50.664,1.04371,1.04372,1.00,1.00
2016.10.12 15:28:50.716,1.0437,1.04372,2.25,1.12
2016.10.12 15:28:50.768,1.04369,1.04371,3.00,1.00
2016.10.12 15:28:50.820,1.04369,1.0437,3.37,1.50
2016.10.12 15:28:50.872,1.04368,1.0437,1.37,1.50
2016.10.12 15:28:50.924,1.04368,1.0437,1.00,1.00
2016.10.12 15:28:51.222,1.04369,1.04373,2.62,3.75
2016.10.12 15:28:51.273,1.04369,1.04372,3.74,1.12
2016.10.12 15:28:51.325,1.04369,1.04371,3.37,1.00
2016.10.12 15:28:51.376,1.04369,1.04371,1.50,1.00
2016.10.12 15:28:51.427,1.04369,1.04371,1.50,1.12
2016.10.12 15:28:51.478,1.04369,1.04371,1.87,1.12
2016.10.12 15:28:51.529,1.04369,1.04371,1.87,1.30
2016.10.12 15:28:51.581,1.04369,1.04372,2.87,4.91
2016.10.12 15:28:51.632,1.04369,1.04372,2.87,3.00
2016.10.12 15:28:51.910,1.0437,1.04373,3.00,1.12
2016.10.12 15:28:52.009,1.04366,1.04368,16.12,1.76
2016.10.12 15:28:52.061,1.04367,1.0437,1.12,2.25
2016.10.12 15:28:52.112,1.04367,1.04369,1.00,1.50
2016.10.12 15:28:52.163,1.04366,1.04368,1.87,1.00
2016.10.12 15:28:52.214,1.04367,1.04369,4.57,1.87
2016.10.12 15:28:52.266,1.04368,1.04372,3.22,6.19
2016.10.12 15:28:52.487,1.0437,1.04372,1.12,2.44
2016.10.12 15:28:52.538,1.0437,1.04374,2.12,1.50
2016.10.12 15:28:52.792,1.0437,1.04374,2.12,1.00
2016.10.12 15:28:52.895,1.0437,1.04374,2.87,1.00
2016.10.12 15:28:53.581,1.0437,1.04375,2.12,1.87
2016.10.12 15:28:53.684,1.0437,1.04375,2.87,1.87
2016.10.12 15:28:53.735,1.0437,1.04375,3.25,1.87
2016.10.12 15:28:53.786,1.0437,1.04375,2.12,1.87
2016.10.12 15:28:53.837,1.0437,1.04375,2.12,1.12
2016.10.12 15:28:54.121,1.04373,1.04376,1.50,1.50
2016.10.12 15:28:54.365,1.04379,1.0438,2.25,1.50
2016.10.12 15:28:54.417,1.04382,1.04383,1.00,1.12
2016.10.12 15:28:54.469,1.04382,1.04384,1.00,1.87
2016.10.12 15:28:54.520,1.04382,1.04384,1.00,1.50
2016.10.12 15:28:54.674,1.04382,1.04384,1.00,1.50
2016.10.12 15:28:54.942,1.04382,1.04384,1.00,1.00
2016.10.12 15:28:55.614,1.04382,1.04384,1.00,1.12
2016.10.12 15:28:55.768,1.04382,1.04384,1.00,1.12
2016.10.12 15:28:56.296,1.04382,1.04384,1.50,1.12
2016.10.12 15:28:57.175,1.04382,1.04384,1.50,1.50
2016.10.12 15:28:57.490,1.04382,1.04384,1.50,1.87
2016.10.12 15:28:58.111,1.0438,1.04382,1.37,1.69
2016.10.12 15:28:58.162,1.04376,1.04378,4.50,3.97
2016.10.12 15:28:58.214,1.04376,1.04378,5.25,5.47
2016.10.12 15:28:58.448,1.04373,1.04374,2.25,1.12
2016.10.12 15:28:58.525,1.04372,1.04374,1.50,1.12
2016.10.12 15:28:58.576,1.04372,1.04374,1.50,1.87
2016.10.12 15:28:58.781,1.04372,1.04373,1.00,1.00
2016.10.12 15:28:58.883,1.04371,1.04373,1.00,1.00
2016.10.12 15:28:58.934,1.0437,1.04372,4.50,1.00
2016.10.12 15:28:59.213,1.0437,1.04372,3.75,1.00
2016.10.12 15:28:59.315,1.0437,1.04372,3.00,1.00
2016.10.12 15:28:59.367,1.04371,1.04373,1.50,1.00
2016.10.12 15:28:59.418,1.04371,1.04373,2.62,1.00
2016.10.12 15:28:59.470,1.04372,1.04373,1.00,1.00
2016.10.12 15:28:59.521,1.04372,1.04374,1.00,1.50
2016.10.12 15:28:59.934,1.04371,1.04374,3.00,1.50
2016.10.12 15:29:01.286,1.04372,1.04373,1.00,1.00
2016.10.12 15:29:01.586,1.04372,1.04374,1.12,1.00
2016.10.12 15:29:01.637,1.04372,1.04374,1.12,1.12
2016.10.12 15:29:01.740,1.04373,1.04375,1.00,3.00
2016.10.12 15:29:01.791,1.04372,1.04375,1.12,1.87
2016.10.12 15:29:01.843,1.04372,1.04375,1.12,1.00
2016.10.12 15:29:02.217,1.04372,1.04375,1.50,1.00
2016.10.12 15:29:02.447,1.04372,1.04375,1.50,1.50
2016.10.12 15:29:03.076,1.04372,1.04374,1.00,1.00
2016.10.12 15:29:03.229,1.04372,1.04373,1.00,1.50
2016.10.12 15:29:04.005,1.0437,1.04372,1.00,1.50
2016.10.12 15:29:04.210,1.0437,1.04371,1.00,1.00
2016.10.12 15:29:04.261,1.0437,1.04372,1.00,1.50
2016.10.12 15:29:04.312,1.0437,1.04371,1.00,1.00
2016.10.12 15:29:04.843,1.0437,1.04372,1.00,1.00
2016.10.12 15:29:04.896,1.04371,1.04374,1.00,2.25
2016.10.12 15:29:05.152,1.04372,1.04374,1.00,1.00
2016.10.12 15:29:05.203,1.04371,1.04374,2.62,1.12
2016.10.12 15:29:05.255,1.04372,1.04374,1.00,1.00
2016.10.12 15:29:05.306,1.04371,1.04374,3.75,1.00
2016.10.12 15:29:05.981,1.04371,1.04374,4.12,1.00
2016.10.12 15:29:06.185,1.04371,1.04374,2.62,1.00
2016.10.12 15:29:06.570,1.04371,1.04374,3.37,1.00
2016.10.12 15:29:06.626,1.0437,1.04372,4.31,1.00
2016.10.12 15:29:06.678,1.0437,1.04372,3.56,1.00
2016.10.12 15:29:06.730,1.0437,1.04371,1.87,1.00
2016.10.12 15:29:06.784,1.0437,1.04372,1.87,1.15
2016.10.12 15:29:06.837,1.04371,1.04373,1.00,1.40
2016.10.12 15:29:06.944,1.04371,1.04374,1.00,1.12
2016.10.12 15:29:07.238,1.04372,1.04375,1.00,3.37
2016.10.12 15:29:07.650,1.04372,1.04375,1.00,4.50
2016.10.12 15:29:07.752,1.04371,1.04374,1.12,1.00
2016.10.12 15:29:07.803,1.04371,1.04374,1.12,1.50
2016.10.12 15:29:07.854,1.04371,1.04374,1.00,1.50
2016.10.12 15:29:07.956,1.04371,1.04374,1.00,2.25
2016.10.12 15:29:09.124,1.04373,1.04375,2.50,4.12
2016.10.12 15:29:09.181,1.04375,1.04377,1.00,2.33
2016.10.12 15:29:09.232,1.04375,1.04377,1.00,1.96
2016.10.12 15:29:09.283,1.04375,1.04377,1.00,1.21
2016.10.12 15:29:09.335,1.04375,1.04378,1.00,4.96
2016.10.12 15:29:09.438,1.04376,1.04378,1.00,4.21
2016.10.12 15:29:10.263,1.04375,1.04378,1.00,4.21
2016.10.12 15:29:10.367,1.04375,1.04377,1.00,1.21
2016.10.12 15:29:10.826,1.04372,1.04375,1.12,1.21
2016.10.12 15:29:10.878,1.04372,1.04373,1.00,1.10
2016.10.12 15:29:11.871,1.04372,1.04374,1.00,1.58
2016.10.12 15:29:11.922,1.04372,1.04374,1.00,1.08
2016.10.12 15:29:11.974,1.04372,1.04374,1.00,1.00
2016.10.12 15:29:13.832,1.04373,1.04376,1.00,8.25
2016.10.12 15:29:14.239,1.04377,1.04378,1.50,3.75
2016.10.12 15:29:14.350,1.04377,1.04379,1.50,1.00
2016.10.12 15:29:14.604,1.04378,1.04379,1.00,1.00
2016.10.12 15:29:14.655,1.04378,1.0438,1.50,3.37
2016.10.12 15:29:14.707,1.04378,1.0438,1.50,3.00
2016.10.12 15:29:15.000,1.04378,1.04379,1.50,1.50
2016.10.12 15:29:15.053,1.04378,1.04379,1.00,1.50
2016.10.12 15:29:15.104,1.04377,1.04378,1.00,1.00
2016.10.12 15:29:15.155,1.04371,1.04372,2.25,5.55
2016.10.12 15:29:15.206,1.04369,1.0437,2.25,1.00
2016.10.12 15:29:15.257,1.04367,1.04369,1.00,1.50
2016.10.12 15:29:15.309,1.04366,1.04369,1.00,5.29
2016.10.12 15:29:15.361,1.04366,1.04369,2.25,9.22
2016.10.12 15:29:15.412,1.04366,1.04367,2.25,1.00
2016.10.12 15:29:15.799,1.04367,1.04368,1.50,1.00
2016.10.12 15:29:16.259,1.04367,1.04368,1.50,1.00
2016.10.12 15:29:16.310,1.04367,1.04368,1.50,1.50
2016.10.12 15:29:16.603,1.04367,1.04369,1.50,3.00
2016.10.12 15:29:16.655,1.04367,1.04369,1.50,3.37
2016.10.12 15:29:16.707,1.04367,1.04369,1.50,4.12
2016.10.12 15:29:16.809,1.04367,1.04368,1.50,1.00
2016.10.12 15:29:16.911,1.04367,1.04369,1.50,3.37
2016.10.12 15:29:17.013,1.04367,1.04369,1.50,2.62
2016.10.12 15:29:17.166,1.04367,1.04369,1.50,1.87
2016.10.12 15:29:17.795,1.04367,1.04369,1.50,1.00
2016.10.12 15:29:18.254,1.04368,1.04369,1.00,1.00
2016.10.12 15:29:18.306,1.04368,1.0437,1.00,4.50
2016.10.12 15:29:18.528,1.04368,1.0437,1.00,2.25
2016.10.12 15:29:18.586,1.04368,1.0437,1.50,1.12
2016.10.12 15:29:18.638,1.04368,1.0437,1.50,2.62
2016.10.12 15:29:18.690,1.04368,1.0437,1.50,2.25
2016.10.12 15:29:18.844,1.04368,1.0437,1.50,1.50
2016.10.12 15:29:18.896,1.04368,1.04371,1.50,4.12
2016.10.12 15:29:18.948,1.04368,1.04371,1.50,3.37
2016.10.12 15:29:19.000,1.04368,1.0437,1.50,1.09
2016.10.12 15:29:19.293,1.04368,1.0437,1.60,1.00
2016.10.12 15:29:19.396,1.04368,1.0437,1.35,1.00
2016.10.12 15:29:19.874,1.04368,1.0437,1.72,1.00
2016.10.12 15:29:20.187,1.04368,1.0437,1.72,1.12
2016.10.12 15:29:20.239,1.04368,1.0437,1.72,1.12
2016.10.12 15:29:20.497,1.04368,1.0437,1.12,3.00
2016.10.12 15:29:20.548,1.04368,1.0437,1.00,3.00
2016.10.12 15:29:20.925,1.04367,1.04369,1.50,1.50
2016.10.12 15:29:20.976,1.04367,1.04369,1.50,2.25
2016.10.12 15:29:21.276,1.04367,1.04369,1.50,1.00
2016.10.12 15:29:21.744,1.04368,1.04369,1.50,1.12
2016.10.12 15:29:21.796,1.0437,1.04371,1.50,1.12
2016.10.12 15:29:21.848,1.0437,1.04371,1.00,1.00
2016.10.12 15:29:21.899,1.04369,1.04372,1.12,1.00
2016.10.12 15:29:21.951,1.04369,1.04372,3.37,1.00
2016.10.12 15:29:22.200,1.04373,1.04375,1.50,1.00
2016.10.12 15:29:22.251,1.04373,1.04375,1.50,1.00
2016.10.12 15:29:22.353,1.04373,1.04375,1.50,1.50
2016.10.12 15:29:22.404,1.04373,1.04375,1.50,2.25
2016.10.12 15:29:22.472,1.04374,1.04375,1.00,2.25
2016.10.12 15:29:22.523,1.04374,1.04376,1.00,1.00
2016.10.12 15:29:22.574,1.04375,1.04376,1.00,1.00
2016.10.12 15:29:22.837,1.04377,1.04378,1.50,1.12
2016.10.12 15:29:22.888,1.04378,1.04379,1.00,2.44
2016.10.12 15:29:22.942,1.04377,1.04378,1.50,1.00
2016.10.12 15:29:22.994,1.0438,1.04382,1.00,5.62
2016.10.12 15:29:23.045,1.0438,1.04381,1.00,1.87
2016.10.12 15:29:23.096,1.04382,1.04383,1.50,1.87
2016.10.12 15:29:23.148,1.04382,1.04383,1.50,1.50
2016.10.12 15:29:23.199,1.04384,1.04386,1.50,4.69
2016.10.12 15:29:23.250,1.04384,1.04386,1.50,3.56
2016.10.12 15:29:23.301,1.04384,1.04386,1.50,2.81
2016.10.12 15:29:23.567,1.04384,1.04385,1.50,1.25
2016.10.12 15:29:23.671,1.04382,1.04383,1.50,1.00
2016.10.12 15:29:23.722,1.04384,1.04386,1.50,2.25
2016.10.12 15:29:23.773,1.04385,1.04386,1.00,1.50
2016.10.12 15:29:23.824,1.04385,1.04387,2.69,1.87
2016.10.12 15:29:23.876,1.04385,1.04387,4.94,1.87
2016.10.12 15:29:23.927,1.04386,1.04388,1.50,1.50
2016.10.12 15:29:23.978,1.04388,1.04389,1.00,1.00
2016.10.12 15:29:24.029,1.04388,1.04389,1.50,1.00
2016.10.12 15:29:24.895,1.04387,1.04388,1.00,1.00
2016.10.12 15:29:25.403,1.04386,1.04388,1.00,1.00
2016.10.12 15:29:25.557,1.04389,1.0439,1.00,1.25
2016.10.12 15:29:25.608,1.0439,1.04391,1.00,1.00
2016.10.12 15:29:25.659,1.0439,1.04392,1.12,1.87
2016.10.12 15:29:25.711,1.04392,1.04393,1.00,1.00
2016.10.12 15:29:25.762,1.04392,1.04393,1.00,2.25
2016.10.12 15:29:25.814,1.04391,1.04393,1.50,1.50
2016.10.12 15:29:25.865,1.04391,1.04393,1.50,1.00
2016.10.12 15:29:25.917,1.04391,1.04393,1.50,1.12
2016.10.12 15:29:25.968,1.04391,1.04393,1.50,1.87
2016.10.12 15:29:26.216,1.04391,1.04393,1.50,1.00
2016.10.12 15:29:26.267,1.04391,1.04394,1.50,3.22
2016.10.12 15:29:26.625,1.04391,1.04394,1.50,4.72
2016.10.12 15:29:26.933,1.04391,1.04393,1.00,1.87
2016.10.12 15:29:26.984,1.04391,1.04393,1.00,2.62
2016.10.12 15:29:27.207,1.0439,1.04393,1.50,3.37
2016.10.12 15:29:27.462,1.0439,1.04392,1.50,1.00
2016.10.12 15:29:27.514,1.0439,1.04392,1.35,1.00
2016.10.12 15:29:27.894,1.0439,1.04393,1.35,3.60
2016.10.12 15:29:27.945,1.04389,1.04392,1.60,1.00
2016.10.12 15:29:28.113,1.04388,1.04393,1.60,2.62
2016.10.12 15:29:28.164,1.04384,1.04386,13.35,2.12
2016.10.12 15:29:28.410,1.04373,1.04374,2.47,1.00
2016.10.12 15:29:28.461,1.04373,1.04375,1.12,1.00
2016.10.12 15:29:28.513,1.04373,1.04376,1.00,1.50
2016.10.12 15:29:28.666,1.04373,1.04376,1.00,2.62
2016.10.12 15:29:28.717,1.04373,1.04376,1.00,2.06
2016.10.12 15:29:28.771,1.04373,1.04376,1.12,1.69
2016.10.12 15:29:28.822,1.04373,1.04376,1.12,1.12
2016.10.12 15:29:28.874,1.04373,1.04376,1.00,1.50
2016.10.12 15:29:28.925,1.04373,1.04376,1.00,1.12
2016.10.12 15:29:29.171,1.04375,1.04377,1.00,3.61
2016.10.12 15:29:29.222,1.04376,1.04378,1.00,4.59
2016.10.12 15:29:29.273,1.04376,1.04378,1.00,1.50
2016.10.12 15:29:29.325,1.04378,1.04379,1.00,1.20
2016.10.12 15:29:29.431,1.04378,1.04381,1.00,1.50
2016.10.12 15:29:30.097,1.0438,1.04382,1.00,1.87
2016.10.12 15:29:30.151,1.0438,1.04383,1.00,3.61
2016.10.12 15:29:30.258,1.0438,1.04382,1.00,1.00
2016.10.12 15:29:30.412,1.04379,1.04382,1.00,1.50
2016.10.12 15:29:30.464,1.04377,1.04381,1.00,1.00
2016.10.12 15:29:30.515,1.04378,1.04381,1.00,1.10
2016.10.12 15:29:30.566,1.04378,1.04381,1.00,1.60
2016.10.12 15:29:30.668,1.04378,1.04381,1.00,3.10
2016.10.12 15:29:31.152,1.04379,1.04382,1.50,1.50
2016.10.12 15:29:31.204,1.04379,1.04382,1.00,1.50
2016.10.12 15:29:31.306,1.04379,1.04382,1.50,1.50
2016.10.12 15:29:31.357,1.04379,1.0438,1.00,1.06
2016.10.12 15:29:31.410,1.04377,1.0438,1.50,1.17
2016.10.12 15:29:31.461,1.04377,1.0438,1.50,1.87
2016.10.12 15:29:31.880,1.04377,1.0438,1.50,2.25
2016.10.12 15:29:31.941,1.04377,1.0438,1.50,2.47
2016.10.12 15:29:32.043,1.04377,1.0438,1.50,3.97
2016.10.12 15:29:32.402,1.04377,1.0438,1.50,3.75
2016.10.12 15:29:32.681,1.04377,1.0438,1.50,4.50
2016.10.12 15:29:32.733,1.04377,1.04379,1.00,1.00
2016.10.12 15:29:33.388,1.04377,1.0438,1.50,1.50
2016.10.12 15:29:33.448,1.04377,1.0438,2.25,1.50
2016.10.12 15:29:33.654,1.04378,1.0438,1.12,1.00
2016.10.12 15:29:33.859,1.04376,1.04377,1.87,1.35
2016.10.12 15:29:34.098,1.04371,1.04372,1.00,1.12
2016.10.12 15:29:34.150,1.04369,1.04371,6.00,1.11
2016.10.12 15:29:34.201,1.04369,1.04373,2.25,3.11
2016.10.12 15:29:34.252,1.04368,1.04371,1.50,1.00
2016.10.12 15:29:34.303,1.0437,1.04373,1.00,3.75
2016.10.12 15:29:34.405,1.0437,1.04372,1.00,1.12
2016.10.12 15:29:34.456,1.04368,1.04371,1.87,1.00
2016.10.12 15:29:34.919,1.0437,1.04372,1.00,1.12
2016.10.12 15:29:34.970,1.04371,1.04372,2.25,1.00
2016.10.12 15:29:35.022,1.04375,1.04376,1.35,1.00
2016.10.12 15:29:35.073,1.04376,1.04378,1.00,1.12
2016.10.12 15:29:35.124,1.04377,1.04379,1.00,2.25
2016.10.12 15:29:35.175,1.04377,1.0438,1.12,3.19
2016.10.12 15:29:35.226,1.04377,1.0438,1.12,3.37
2016.10.12 15:29:35.278,1.04377,1.0438,1.75,3.37
2016.10.12 15:29:35.641,1.04378,1.04379,1.00,2.25
2016.10.12 15:29:35.795,1.04378,1.04379,1.00,1.00
2016.10.12 15:29:36.523,1.04378,1.04379,1.50,1.00
2016.10.12 15:29:36.612,1.04378,1.0438,2.25,1.50
2016.10.12 15:29:36.664,1.04378,1.0438,2.25,1.00
2016.10.12 15:29:36.716,1.04378,1.04381,2.25,3.00
2016.10.12 15:29:37.404,1.04382,1.04383,1.00,1.00
2016.10.12 15:29:37.818,1.04382,1.04383,1.12,1.00
2016.10.12 15:29:38.224,1.04381,1.04383,2.25,1.50
2016.10.12 15:29:38.327,1.04381,1.04383,1.50,1.50
2016.10.12 15:29:38.481,1.04381,1.04382,1.50,1.00
2016.10.12 15:29:39.183,1.04382,1.04383,1.12,1.50
2016.10.12 15:29:39.544,1.04381,1.04383,2.25,1.00
2016.10.12 15:29:40.066,1.04381,1.04382,2.25,1.00
2016.10.12 15:29:40.119,1.04382,1.04383,1.12,1.50
2016.10.12 15:29:42.094,1.04382,1.04383,1.12,1.00
2016.10.12 15:29:42.970,1.04382,1.04384,1.50,1.00
2016.10.12 15:29:43.093,1.04382,1.04385,1.87,1.00
2016.10.12 15:29:44.302,1.04383,1.04386,1.12,1.00
2016.10.12 15:29:44.353,1.04383,1.04387,1.50,1.87
2016.10.12 15:29:44.506,1.04383,1.04387,1.87,1.87
2016.10.12 15:29:44.661,1.04383,1.04387,1.87,3.41
2016.10.12 15:29:44.712,1.04383,1.04386,1.87,1.00
2016.10.12 15:29:44.764,1.04383,1.04386,2.24,2.25
2016.10.12 15:29:45.963,1.04383,1.04386,2.12,2.25
2016.10.12 15:29:46.322,1.04383,1.04386,1.87,3.00
2016.10.12 15:29:46.373,1.04383,1.04386,1.12,3.00
2016.10.12 15:29:46.945,1.04383,1.04386,1.12,2.25
2016.10.12 15:29:47.832,1.04385,1.04389,1.50,1.00
2016.10.12 15:29:47.884,1.04385,1.04389,2.62,1.00
2016.10.12 15:29:48.088,1.04385,1.04389,2.62,1.50
2016.10.12 15:29:48.139,1.04385,1.04388,2.62,1.00
2016.10.12 15:29:48.481,1.04385,1.04389,2.62,2.25
2016.10.12 15:29:48.532,1.04385,1.04387,2.50,1.00
2016.10.12 15:29:48.583,1.04385,1.04387,1.12,1.00
2016.10.12 15:29:48.685,1.04385,1.04387,1.00,1.00
2016.10.12 15:29:49.158,1.04385,1.04388,1.00,5.47
2016.10.12 15:29:49.618,1.04384,1.04388,1.12,5.47
2016.10.12 15:29:49.720,1.04384,1.04388,1.12,6.22
2016.10.12 15:29:50.701,1.04384,1.04388,1.12,5.47
2016.10.12 15:29:50.752,1.04384,1.04387,1.12,2.25
2016.10.12 15:29:50.804,1.04384,1.04387,1.12,3.25
2016.10.12 15:29:51.036,1.04383,1.04386,1.50,2.66
2016.10.12 15:29:51.088,1.04383,1.04386,1.50,4.04
2016.10.12 15:29:51.139,1.04383,1.04386,1.12,4.04
2016.10.12 15:29:51.191,1.04383,1.04386,1.12,4.79
2016.10.12 15:29:51.243,1.04383,1.04385,1.12,1.00
2016.10.12 15:29:51.552,1.04382,1.04383,1.12,1.00
2016.10.12 15:29:52.726,1.04381,1.04383,1.37,1.50
2016.10.12 15:29:54.178,1.04381,1.04383,2.02,1.00
2016.10.12 15:29:54.229,1.04383,1.04384,1.12,1.50
2016.10.12 15:29:54.281,1.04384,1.04385,1.50,1.00
2016.10.12 15:29:54.831,1.04384,1.04386,1.50,1.00
2016.10.12 15:29:55.193,1.04384,1.04387,1.50,2.81
2016.10.12 15:29:55.346,1.04384,1.04387,1.50,1.31
2016.10.12 15:29:55.562,1.04384,1.04387,1.50,1.25
2016.10.12 15:29:55.613,1.04384,1.04386,1.00,1.00
2016.10.12 15:29:55.716,1.04382,1.04385,2.62,1.00
2016.10.12 15:29:55.870,1.04382,1.04385,1.50,1.00
2016.10.12 15:29:56.075,1.04381,1.04384,3.75,1.00
2016.10.12 15:29:56.534,1.04379,1.0438,2.44,2.25
2016.10.12 15:29:56.586,1.04375,1.04378,3.75,1.00
2016.10.12 15:29:56.638,1.04375,1.04378,3.94,1.00
2016.10.12 15:29:56.690,1.04375,1.04378,4.31,1.00
2016.10.12 15:29:57.203,1.04375,1.04379,4.31,1.00
2016.10.12 15:29:57.440,1.04375,1.04379,5.06,1.00
2016.10.12 15:29:57.726,1.04375,1.04379,4.87,1.00
2016.10.12 15:29:57.880,1.04375,1.04377,4.12,1.00
2016.10.12 15:29:57.932,1.04375,1.04376,2.62,1.50
2016.10.12 15:29:57.985,1.04374,1.04375,1.50,1.00
2016.10.12 15:29:58.229,1.04371,1.04372,7.87,1.50
2016.10.12 15:29:58.281,1.04369,1.04372,3.67,2.44
2016.10.12 15:29:58.332,1.04368,1.04369,1.00,2.25
2016.10.12 15:29:58.384,1.04367,1.04369,1.50,3.75
2016.10.12 15:29:58.435,1.04366,1.04368,1.37,3.75
2016.10.12 15:29:58.487,1.04364,1.04367,1.87,1.50
2016.10.12 15:29:58.935,1.04364,1.04367,3.37,1.50
2016.10.12 15:30:00.272,1.04364,1.04367,3.75,1.50
2016.10.12 15:30:00.674,1.04364,1.04365,1.00,1.00
2016.10.12 15:30:00.726,1.04362,1.04365,1.87,1.00
2016.10.12 15:30:00.777,1.04362,1.04365,2.62,1.00
2016.10.12 15:30:02.567,1.04364,1.04366,1.00,1.00
2016.10.12 15:30:02.620,1.04364,1.04367,1.00,2.62
2016.10.12 15:30:02.671,1.04364,1.04367,1.00,1.12
2016.10.12 15:30:02.774,1.04364,1.04368,1.00,4.72
2016.10.12 15:30:02.825,1.04364,1.04368,1.00,4.72
2016.10.12 15:30:02.927,1.04364,1.04368,1.00,5.47
2016.10.12 15:30:03.411,1.04364,1.04367,1.00,1.50
2016.10.12 15:30:03.462,1.04364,1.04367,1.00,3.00
2016.10.12 15:30:03.566,1.04364,1.04367,1.00,3.75
2016.10.12 15:30:04.221,1.04364,1.04366,1.50,1.00
2016.10.12 15:30:04.272,1.04365,1.04366,1.00,1.00
2016.10.12 15:30:04.374,1.04365,1.04367,1.00,1.12
2016.10.12 15:30:04.426,1.04365,1.04367,1.00,1.00
2016.10.12 15:30:04.765,1.04364,1.04366,1.87,1.00
2016.10.12 15:30:05.055,1.04365,1.04367,1.12,1.00
2016.10.12 15:30:05.521,1.04364,1.04367,4.12,1.50
2016.10.12 15:30:05.674,1.04364,1.04367,4.12,1.00
2016.10.12 15:30:06.095,1.04364,1.04368,4.12,1.87
2016.10.12 15:30:06.146,1.04364,1.04367,4.12,1.00
2016.10.12 15:30:06.197,1.04364,1.04367,4.12,1.50
2016.10.12 15:30:06.472,1.04366,1.04368,2.10,1.87
2016.10.12 15:30:06.886,1.04364,1.04369,2.62,1.50
2016.10.12 15:30:06.938,1.04389,1.04392,1.50,1.00
2016.10.12 15:30:07.133,1.04389,1.04392,1.00,1.00
2016.10.12 15:30:07.236,1.04392,1.04395,1.00,1.12
2016.10.12 15:30:07.287,1.04392,1.04395,1.00,1.00
2016.10.12 15:30:08.394,1.04391,1.04395,1.00,1.00
2016.10.12 15:30:08.942,1.04391,1.04394,1.00,1.00
2016.10.12 15:30:09.403,1.04391,1.04394,1.50,1.00
2016.10.12 15:30:09.506,1.04391,1.04394,1.00,1.00
2016.10.12 15:30:09.957,1.04391,1.04394,1.00,1.00
2016.10.12 15:30:10.014,1.04393,1.04394,1.00,1.00
2016.10.12 15:30:10.117,1.04392,1.04394,1.12,1.00
2016.10.12 15:30:11.449,1.04393,1.04396,1.50,1.00
2016.10.12 15:30:11.700,1.04398,1.044,2.85,1.00
2016.10.12 15:30:11.752,1.044,1.04401,1.00,1.50
2016.10.12 15:30:11.804,1.044,1.04401,1.12,1.50
2016.10.12 15:30:11.855,1.044,1.04401,1.12,1.00
2016.10.12 15:30:11.958,1.04399,1.04401,1.50,1.00
2016.10.12 15:30:12.162,1.044,1.04401,1.12,1.00
2016.10.12 15:30:12.368,1.04399,1.04401,1.50,1.50
2016.10.12 15:30:12.600,1.044,1.04401,1.12,1.50
2016.10.12 15:30:12.767,1.04399,1.04401,1.50,1.50
2016.10.12 15:30:12.885,1.04399,1.04401,1.87,1.00
2016.10.12 15:30:12.936,1.044,1.04401,1.12,1.00
2016.10.12 15:30:14.045,1.044,1.04401,2.25,1.00
2016.10.12 15:30:14.198,1.04401,1.04403,1.37,1.50
2016.10.12 15:30:14.249,1.04402,1.04403,1.12,1.50
2016.10.12 15:30:14.458,1.04401,1.04402,1.12,1.00
2016.10.12 15:30:14.560,1.04401,1.04403,1.00,1.50
2016.10.12 15:30:14.662,1.04401,1.04402,1.12,1.00
2016.10.12 15:30:14.713,1.04401,1.04402,1.12,1.50
2016.10.12 15:30:14.852,1.04401,1.04403,1.00,1.50
2016.10.12 15:30:14.955,1.04401,1.04402,1.12,1.50
2016.10.12 15:30:15.263,1.04402,1.04403,1.00,1.50
2016.10.12 15:30:15.845,1.04403,1.04404,1.00,1.00
2016.10.12 15:30:15.998,1.04403,1.04405,1.00,1.50
2016.10.12 15:30:16.049,1.04403,1.04405,1.87,1.00
2016.10.12 15:30:16.449,1.04404,1.04406,1.00,1.50
2016.10.12 15:30:16.504,1.04405,1.04407,1.00,1.00
2016.10.12 15:30:16.557,1.04404,1.04407,1.87,1.00
2016.10.12 15:30:16.659,1.04404,1.04407,2.25,1.00
2016.10.12 15:30:16.864,1.04404,1.04407,3.75,1.00
2016.10.12 15:30:16.915,1.04405,1.04408,1.00,1.50
2016.10.12 15:30:16.966,1.04405,1.04408,1.12,1.50
2016.10.12 15:30:17.070,1.04405,1.04408,1.87,1.50
2016.10.12 15:30:17.400,1.04405,1.04408,1.87,1.50
2016.10.12 15:30:17.511,1.04405,1.04408,2.25,1.50
2016.10.12 15:30:17.972,1.04405,1.04408,3.75,1.50
2016.10.12 15:30:18.303,1.04407,1.04409,4.50,1.00
2016.10.12 15:30:18.357,1.04408,1.0441,1.00,1.00
2016.10.12 15:30:18.408,1.04408,1.04411,1.00,1.50
2016.10.12 15:30:18.765,1.04408,1.04411,1.50,1.50
2016.10.12 15:30:18.868,1.04408,1.04411,1.87,1.50
2016.10.12 15:30:19.021,1.04408,1.0441,1.12,1.00
2016.10.12 15:30:19.269,1.04407,1.04409,2.62,1.00
2016.10.12 15:30:19.320,1.04407,1.04409,1.87,1.00
2016.10.12 15:30:19.371,1.04403,1.04405,1.00,1.00
2016.10.12 15:30:19.700,1.04403,1.04405,1.00,1.00
2016.10.12 15:30:19.751,1.04403,1.04405,1.50,1.00
2016.10.12 15:30:19.802,1.04403,1.04406,1.50,1.50
2016.10.12 15:30:20.145,1.04404,1.04408,1.00,2.62
2016.10.12 15:30:20.299,1.04404,1.04408,1.00,1.87
2016.10.12 15:30:20.405,1.04404,1.04408,1.00,1.12
2016.10.12 15:30:21.077,1.04405,1.04407,1.00,1.00
2016.10.12 15:30:21.626,1.04405,1.04408,1.00,1.50
2016.10.12 15:30:23.183,1.04406,1.04408,1.00,1.00
2016.10.12 15:30:23.236,1.04406,1.0441,2.12,1.12
2016.10.12 15:30:23.442,1.04406,1.04409,1.87,1.00
2016.10.12 15:30:23.493,1.04406,1.0441,1.87,1.12
2016.10.12 15:30:23.545,1.04406,1.0441,1.87,1.00
2016.10.12 15:30:23.802,1.04406,1.0441,2.25,2.25
2016.10.12 15:30:23.905,1.04406,1.0441,2.25,1.00
2016.10.12 15:30:24.153,1.04406,1.0441,7.76,1.50
2016.10.12 15:30:24.206,1.04408,1.04411,2.06,1.00
2016.10.12 15:30:24.259,1.04408,1.04411,4.12,1.50
2016.10.12 15:30:24.310,1.04408,1.04412,3.99,1.00
2016.10.12 15:30:24.362,1.04408,1.04412,3.75,1.00
2016.10.12 15:30:24.414,1.04408,1.04411,3.37,1.00
2016.10.12 15:30:24.465,1.04408,1.04411,2.62,1.00
2016.10.12 15:30:24.516,1.04408,1.04411,1.12,1.00
2016.10.12 15:30:24.609,1.04408,1.04411,1.00,1.00
2016.10.12 15:30:24.660,1.04408,1.04411,1.00,1.00
2016.10.12 15:30:25.309,1.04408,1.04413,2.50,2.25
2016.10.12 15:30:26.037,1.04408,1.04413,4.00,2.25
2016.10.12 15:30:26.191,1.04408,1.04413,3.62,2.25
2016.10.12 15:30:26.405,1.04408,1.04413,3.62,1.50
2016.10.12 15:30:26.608,1.04408,1.04413,4.00,1.00
2016.10.12 15:30:26.863,1.04408,1.04413,3.75,1.00
2016.10.12 15:30:27.190,1.0441,1.04413,1.50,1.00
2016.10.12 15:30:27.447,1.0441,1.04412,1.00,1.00
2016.10.12 15:30:27.961,1.0441,1.04411,1.00,1.00
2016.10.12 15:30:28.524,1.0441,1.04412,1.00,1.00
2016.10.12 15:30:29.040,1.04411,1.04413,1.00,1.00
2016.10.12 15:30:29.564,1.04412,1.04413,1.00,1.00
2016.10.12 15:30:31.059,1.04411,1.04412,1.00,1.00
2016.10.12 15:30:32.191,1.0441,1.04412,1.00,1.00
2016.10.12 15:30:32.555,1.0441,1.04413,1.50,1.00
2016.10.12 15:30:32.681,1.04411,1.04413,1.00,1.00
2016.10.12 15:30:33.622,1.04411,1.04414,1.50,2.25
2016.10.12 15:30:34.422,1.04411,1.04414,1.50,3.00
2016.10.12 15:30:35.269,1.04411,1.04413,1.00,1.00
2016.10.12 15:30:36.263,1.0441,1.04412,1.00,1.00
2016.10.12 15:30:36.818,1.04409,1.04412,1.50,1.00
2016.10.12 15:30:36.870,1.0441,1.04412,1.00,1.00
2016.10.12 15:30:37.073,1.04409,1.04412,1.50,1.00
2016.10.12 15:30:37.124,1.0441,1.04413,1.00,1.00
2016.10.12 15:30:37.329,1.0441,1.04411,1.00,1.00
2016.10.12 15:30:37.380,1.04409,1.0441,1.12,1.00
2016.10.12 15:30:37.432,1.04409,1.04411,1.00,1.00
2016.10.12 15:30:37.957,1.04409,1.04413,1.50,4.87
2016.10.12 15:30:38.066,1.04409,1.04413,1.50,4.12
2016.10.12 15:30:38.220,1.0441,1.04413,1.00,4.12
2016.10.12 15:30:38.427,1.0441,1.04413,1.00,3.00
2016.10.12 15:30:38.580,1.0441,1.04413,1.50,3.00
2016.10.12 15:30:38.682,1.0441,1.04413,1.50,2.62
2016.10.12 15:30:38.784,1.0441,1.04413,1.00,2.62
2016.10.12 15:30:39.102,1.0441,1.04413,1.50,2.62
2016.10.12 15:30:40.626,1.0441,1.04413,1.00,2.62
2016.10.12 15:30:41.152,1.04411,1.04413,1.00,1.87
2016.10.12 15:30:41.203,1.04411,1.04414,1.00,3.00
2016.10.12 15:30:43.651,1.0441,1.04413,1.50,1.12
2016.10.12 15:30:43.703,1.0441,1.04413,1.87,1.12
2016.10.12 15:30:44.799,1.0441,1.04413,1.50,1.12
2016.10.12 15:30:45.260,1.0441,1.04412,1.50,1.00
2016.10.12 15:30:46.466,1.0441,1.04411,1.50,1.00
2016.10.12 15:30:46.863,1.0441,1.04412,1.00,1.00
2016.10.12 15:30:46.915,1.0441,1.04413,1.50,4.12
2016.10.12 15:30:46.966,1.0441,1.04413,1.50,3.37
2016.10.12 15:30:47.171,1.0441,1.04413,1.50,2.62
2016.10.12 15:30:47.953,1.0441,1.04413,1.50,1.12
2016.10.12 15:30:50.456,1.0441,1.04412,1.00,1.00
2016.10.12 15:30:51.942,1.04412,1.04414,1.00,2.62
2016.10.12 15:30:51.993,1.04413,1.04414,1.00,1.00
2016.10.12 15:30:52.226,1.04413,1.04414,2.25,1.00
2016.10.12 15:30:52.278,1.04414,1.04416,1.00,1.00
2016.10.12 15:30:52.532,1.04414,1.04416,1.25,1.00
2016.10.12 15:30:53.405,1.04414,1.04417,1.25,1.00
2016.10.12 15:30:54.475,1.04414,1.04418,1.25,1.50
2016.10.12 15:30:54.730,1.04414,1.04417,1.31,1.00
2016.10.12 15:30:54.781,1.04414,1.04417,1.31,1.50
2016.10.12 15:30:54.883,1.04414,1.04417,1.31,1.00
2016.10.12 15:30:55.190,1.04414,1.04417,2.06,1.00
2016.10.12 15:30:55.808,1.04415,1.04417,1.00,1.00
2016.10.12 15:30:55.962,1.04414,1.04416,2.06,1.00
2016.10.12 15:30:56.013,1.04414,1.04416,2.44,1.00
2016.10.12 15:30:56.373,1.04415,1.04416,1.00,1.00
2016.10.12 15:30:56.424,1.04416,1.04418,2.50,2.25
2016.10.12 15:30:56.780,1.04416,1.04417,1.00,1.00
2016.10.12 15:30:56.832,1.04415,1.04417,1.19,1.50
2016.10.12 15:30:56.986,1.04415,1.04417,1.19,2.25
2016.10.12 15:30:57.037,1.04415,1.04417,1.00,3.00
2016.10.12 15:30:57.088,1.04414,1.04417,2.25,3.00
2016.10.12 15:30:57.173,1.04414,1.04416,1.87,1.00
2016.10.12 15:30:57.503,1.04414,1.04416,1.50,1.00
2016.10.12 15:30:58.601,1.04413,1.04414,3.19,2.25
2016.10.12 15:30:58.694,1.04408,1.0441,1.62,1.00
2016.10.12 15:30:58.745,1.04407,1.0441,7.69,1.00
2016.10.12 15:30:58.796,1.04408,1.0441,1.25,1.00
2016.10.12 15:30:58.847,1.04407,1.0441,4.31,1.00
2016.10.12 15:30:58.898,1.04407,1.0441,3.94,1.00
2016.10.12 15:30:59.051,1.04408,1.04411,1.25,1.00
2016.10.12 15:30:59.102,1.04408,1.04411,1.69,1.00
2016.10.12 15:30:59.203,1.04409,1.04411,1.00,1.00
2016.10.12 15:30:59.255,1.04409,1.04411,1.50,1.00
2016.10.12 15:30:59.754,1.04409,1.04412,1.50,1.50
2016.10.12 15:30:59.907,1.0441,1.04412,1.00,1.50
2016.10.12 15:31:00.060,1.0441,1.04411,1.00,1.00
2016.10.12 15:31:00.497,1.04412,1.04414,1.50,1.00
2016.10.12 15:31:00.600,1.04413,1.04415,1.00,2.62
2016.10.12 15:31:00.652,1.04413,1.04415,1.00,1.87
2016.10.12 15:31:00.704,1.04412,1.04415,1.50,3.37
2016.10.12 15:31:00.756,1.04412,1.04415,1.50,3.00
2016.10.12 15:31:01.068,1.04412,1.04414,1.50,1.00
2016.10.12 15:31:01.334,1.04413,1.04414,1.00,1.00
2016.10.12 15:31:01.487,1.04413,1.04415,1.00,1.50
2016.10.12 15:31:02.551,1.04414,1.04415,1.00,1.50
2016.10.12 15:31:03.054,1.04413,1.04415,1.00,1.50
2016.10.12 15:31:03.618,1.04413,1.04414,1.00,1.00
2016.10.12 15:31:04.224,1.04412,1.04414,1.00,1.00
2016.10.12 15:31:04.328,1.04412,1.04414,1.50,1.12
2016.10.12 15:31:04.532,1.04413,1.04414,3.00,1.00
2016.10.12 15:31:04.584,1.04413,1.04414,3.75,1.00
2016.10.12 15:31:04.636,1.04414,1.04415,1.25,1.00
2016.10.12 15:31:05.209,1.04414,1.04416,1.25,1.00
2016.10.12 15:31:05.414,1.04415,1.04416,1.00,1.00
2016.10.12 15:31:05.975,1.04411,1.04413,12.04,1.00
2016.10.12 15:31:06.026,1.0441,1.04411,1.00,1.00
2016.10.12 15:31:06.129,1.04409,1.04411,1.25,1.00
2016.10.12 15:31:06.333,1.04408,1.04411,2.06,1.00
2016.10.12 15:31:07.049,1.04409,1.04411,1.25,1.00
2016.10.12 15:31:07.869,1.04409,1.04412,1.69,3.00
2016.10.12 15:31:07.921,1.04409,1.04412,1.69,1.00
2016.10.12 15:31:08.367,1.04409,1.04412,1.69,1.50
2016.10.12 15:31:08.817,1.04408,1.0441,2.44,1.00
2016.10.12 15:31:10.195,1.04408,1.0441,3.19,1.00
2016.10.12 15:31:10.481,1.04409,1.0441,1.25,1.00
2016.10.12 15:31:10.990,1.04408,1.0441,3.19,1.00
2016.10.12 15:31:11.748,1.04408,1.0441,3.56,1.00
2016.10.12 15:31:11.850,1.04408,1.0441,4.31,1.00
2016.10.12 15:31:12.260,1.04408,1.0441,3.56,1.00
2016.10.12 15:31:12.640,1.04409,1.04412,2.81,1.00
2016.10.12 15:31:12.763,1.04409,1.04412,3.56,1.00
2016.10.12 15:31:12.865,1.04409,1.04412,3.19,1.00
2016.10.12 15:31:13.069,1.04409,1.04412,3.56,1.00
2016.10.12 15:31:13.858,1.0441,1.04412,1.00,1.00
2016.10.12 15:31:14.064,1.04409,1.04412,3.56,1.00
2016.10.12 15:31:14.217,1.04409,1.04412,3.37,1.00
2016.10.12 15:31:15.849,1.04409,1.04412,1.87,1.00
2016.10.12 15:31:16.461,1.04409,1.04412,1.50,1.00
2016.10.12 15:31:18.422,1.04409,1.04412,1.50,1.50
2016.10.12 15:31:18.473,1.04409,1.04412,1.00,1.50
2016.10.12 15:31:18.524,1.04409,1.04412,1.00,2.25
2016.10.12 15:31:18.677,1.04409,1.04412,1.50,2.25
2016.10.12 15:31:19.447,1.04409,1.04412,1.00,2.25
2016.10.12 15:31:19.498,1.04408,1.04411,4.12,1.00
2016.10.12 15:31:19.549,1.04408,1.04411,3.37,1.00
2016.10.12 15:31:19.600,1.04408,1.04411,3.37,1.50
2016.10.12 15:31:19.651,1.04408,1.0441,1.00,1.00
2016.10.12 15:31:19.906,1.04408,1.0441,1.00,1.50
2016.10.12 15:31:20.112,1.04407,1.0441,5.25,2.25
2016.10.12 15:31:20.629,1.04409,1.0441,1.50,1.00
2016.10.12 15:31:20.681,1.04409,1.0441,2.25,1.00
2016.10.12 15:31:20.732,1.04409,1.04411,2.25,1.50
2016.10.12 15:31:20.835,1.04409,1.04411,3.00,1.00
2016.10.12 15:31:21.244,1.04409,1.04411,1.50,1.00
2016.10.12 15:31:21.296,1.04409,1.04412,1.50,1.87
2016.10.12 15:31:21.743,1.0441,1.04412,1.00,1.87
2016.10.12 15:31:22.254,1.04409,1.04412,1.50,1.87
2016.10.12 15:31:22.728,1.04409,1.04412,2.25,1.87
2016.10.12 15:31:23.397,1.04409,1.04412,1.50,1.87
2016.10.12 15:31:25.060,1.04409,1.04411,1.00,1.00
2016.10.12 15:31:25.175,1.04409,1.04411,1.00,1.50
2016.10.12 15:31:26.150,1.04408,1.04411,4.50,1.50
2016.10.12 15:31:26.253,1.04408,1.04412,4.87,1.87
2016.10.12 15:31:26.356,1.04409,1.04412,1.75,1.87
2016.10.12 15:31:26.458,1.0441,1.04411,1.00,1.50
2016.10.12 15:31:27.001,1.04411,1.04413,1.50,1.00
2016.10.12 15:31:27.054,1.04413,1.04414,1.00,1.00
2016.10.12 15:31:27.159,1.04413,1.04415,1.50,1.50
2016.10.12 15:31:27.211,1.04413,1.04415,2.25,1.50
2016.10.12 15:31:27.416,1.04413,1.04415,2.25,1.00
2016.10.12 15:31:28.322,1.04413,1.04415,3.00,1.00
2016.10.12 15:31:28.475,1.04413,1.04416,3.00,1.50
2016.10.12 15:31:28.577,1.04413,1.04416,4.50,1.50
2016.10.12 15:31:28.842,1.04414,1.04416,1.12,1.50
2016.10.12 15:31:30.057,1.04414,1.04416,1.12,2.25
2016.10.12 15:31:31.501,1.04415,1.04416,1.00,1.50
2016.10.12 15:31:31.654,1.04414,1.04416,2.25,1.50
2016.10.12 15:31:31.960,1.04414,1.04416,1.87,1.50
2016.10.12 15:31:32.773,1.04414,1.04416,1.12,2.25
2016.10.12 15:31:33.156,1.04418,1.04419,1.00,4.31
2016.10.12 15:31:33.207,1.04416,1.04417,1.00,1.00
2016.10.12 15:31:33.258,1.04419,1.04421,1.50,1.50
2016.10.12 15:31:33.310,1.04419,1.04421,1.87,1.12
2016.10.12 15:31:33.361,1.04419,1.04421,1.87,1.00
2016.10.12 15:31:33.412,1.04419,1.04422,1.87,3.75
2016.10.12 15:31:33.464,1.04419,1.04422,1.87,3.00
2016.10.12 15:31:33.987,1.04419,1.04421,1.12,1.50
2016.10.12 15:31:34.038,1.04418,1.04421,4.87,1.50
2016.10.12 15:31:34.243,1.04419,1.04421,1.12,1.50
2016.10.12 15:31:34.553,1.04419,1.04421,1.12,1.00
2016.10.12 15:31:34.785,1.04419,1.04421,1.50,1.00
2016.10.12 15:31:35.705,1.04419,1.04421,1.12,1.00
2016.10.12 15:31:36.062,1.04419,1.04421,1.12,1.50
2016.10.12 15:31:36.114,1.04419,1.0442,1.12,1.00
2016.10.12 15:31:36.166,1.04418,1.0442,2.25,1.00
2016.10.12 15:31:36.269,1.04417,1.04419,2.44,1.00
2016.10.12 15:31:36.321,1.04415,1.04417,9.56,1.00
2016.10.12 15:31:36.585,1.04411,1.04416,6.37,1.00
2016.10.12 15:31:36.638,1.04411,1.04414,5.25,1.50
2016.10.12 15:31:36.690,1.04411,1.04414,5.25,1.00
2016.10.12 15:31:36.894,1.04411,1.04414,4.87,1.50
2016.10.12 15:31:36.997,1.04411,1.04413,4.50,1.00
2016.10.12 15:31:37.048,1.04411,1.04413,3.75,1.50
2016.10.12 15:31:37.434,1.04411,1.04413,4.12,1.00
2016.10.12 15:31:37.660,1.04411,1.04414,4.87,1.50
2016.10.12 15:31:37.713,1.04412,1.04414,1.00,1.00
2016.10.12 15:31:37.827,1.04412,1.04415,1.00,4.50
2016.10.12 15:31:38.145,1.04411,1.04414,3.37,1.00
2016.10.12 15:31:38.196,1.04411,1.04414,3.00,1.50
2016.10.12 15:31:38.540,1.04411,1.04414,2.25,1.50
2016.10.12 15:31:38.591,1.04411,1.04414,1.00,2.25
2016.10.12 15:31:38.693,1.0441,1.04413,4.33,1.50
2016.10.12 15:31:38.745,1.0441,1.04413,3.39,1.50
2016.10.12 15:31:38.796,1.0441,1.04413,1.52,2.25
2016.10.12 15:31:38.898,1.04409,1.04412,4.89,1.12
2016.10.12 15:31:38.949,1.04409,1.04412,3.39,1.12
2016.10.12 15:31:39.051,1.0441,1.04413,1.00,2.25
2016.10.12 15:31:41.035,1.0441,1.04413,1.50,2.25
2016.10.12 15:31:42.135,1.0441,1.04412,1.50,1.12
2016.10.12 15:31:43.755,1.04409,1.04412,3.75,1.50
2016.10.12 15:31:43.806,1.0441,1.04412,1.00,1.00
2016.10.12 15:31:43.908,1.0441,1.04413,1.00,1.87
2016.10.12 15:31:44.150,1.0441,1.04413,1.50,1.87
2016.10.12 15:31:44.277,1.04409,1.04411,1.00,1.00
2016.10.12 15:31:44.633,1.04412,1.04413,1.00,1.12
2016.10.12 15:31:44.684,1.04413,1.04414,1.00,2.25
2016.10.12 15:31:44.735,1.04413,1.04414,1.50,1.12
2016.10.12 15:31:44.787,1.04413,1.04414,1.50,1.00
2016.10.12 15:31:44.995,1.04413,1.04414,1.00,1.12
2016.10.12 15:31:45.052,1.0441,1.04413,3.37,1.50
2016.10.12 15:31:45.103,1.0441,1.04413,2.25,1.50
2016.10.12 15:31:45.154,1.0441,1.04413,1.50,1.50
2016.10.12 15:31:45.205,1.04409,1.04413,4.87,1.50
2016.10.12 15:31:45.256,1.04409,1.04413,4.12,1.50
2016.10.12 15:31:45.358,1.04409,1.04413,3.37,1.50
2016.10.12 15:31:45.512,1.04409,1.04412,2.62,1.50
2016.10.12 15:31:45.927,1.04409,1.04412,1.12,1.50
2016.10.12 15:31:47.151,1.04409,1.04412,1.87,1.50
2016.10.12 15:31:47.357,1.04409,1.04412,1.12,1.50
2016.10.12 15:31:47.408,1.04409,1.04412,1.00,1.50
2016.10.12 15:31:47.554,1.04408,1.04412,3.00,1.50
2016.10.12 15:31:48.286,1.04408,1.04412,2.25,1.50
2016.10.12 15:31:48.442,1.04408,1.04412,1.87,1.50
2016.10.12 15:31:48.545,1.04408,1.04412,2.25,1.50
2016.10.12 15:31:49.150,1.04408,1.04411,2.25,1.00
2016.10.12 15:31:50.507,1.04408,1.04411,2.25,1.50
2016.10.12 15:31:51.650,1.04408,1.04411,1.87,1.50
2016.10.12 15:31:52.344,1.04408,1.04411,2.25,1.50
2016.10.12 15:31:53.118,1.04408,1.04411,3.75,1.50
2016.10.12 15:31:53.710,1.04408,1.04411,3.37,1.50
2016.10.12 15:31:54.886,1.04408,1.04411,2.62,1.50
2016.10.12 15:31:56.515,1.04408,1.04411,1.12,1.50
2016.10.12 15:31:58.371,1.04408,1.04409,1.12,1.00
2016.10.12 15:31:58.422,1.04408,1.04409,1.87,1.00
2016.10.12 15:31:58.473,1.04408,1.0441,2.25,1.00
2016.10.12 15:31:58.575,1.04408,1.0441,1.87,1.00
2016.10.12 15:31:58.678,1.04409,1.0441,1.35,1.00
2016.10.12 15:31:58.729,1.0441,1.04411,2.25,1.00
2016.10.12 15:31:58.780,1.0441,1.04411,1.50,1.00
2016.10.12 15:31:58.831,1.04411,1.04412,1.00,1.00
2016.10.12 15:31:59.034,1.04412,1.04414,1.50,2.25
2016.10.12 15:31:59.086,1.04413,1.04416,4.50,1.50
2016.10.12 15:31:59.138,1.04413,1.04416,4.87,1.50
2016.10.12 15:31:59.189,1.04413,1.04416,4.87,2.25
2016.10.12 15:31:59.246,1.04413,1.04416,5.62,2.25
2016.10.12 15:31:59.298,1.04413,1.04416,5.25,2.25
2016.10.12 15:31:59.359,1.04413,1.04416,5.25,1.50
2016.10.12 15:31:59.562,1.04413,1.04416,6.00,1.50
2016.10.12 15:32:00.042,1.04414,1.04416,1.50,1.50
2016.10.12 15:32:00.094,1.04414,1.04416,1.50,1.50
2016.10.12 15:32:00.146,1.04415,1.04416,1.00,1.00
2016.10.12 15:32:00.199,1.04414,1.04416,4.50,1.00
2016.10.12 15:32:00.251,1.04414,1.04416,4.12,1.00
2016.10.12 15:32:00.302,1.04414,1.04417,3.37,1.50
2016.10.12 15:32:00.406,1.04414,1.04417,3.00,1.50
2016.10.12 15:32:00.932,1.04414,1.04417,2.62,1.00
2016.10.12 15:32:01.189,1.04414,1.04416,1.87,1.00
2016.10.12 15:32:01.240,1.04413,1.04416,6.37,1.00
2016.10.12 15:32:01.292,1.04413,1.04416,5.62,1.50
2016.10.12 15:32:01.395,1.04413,1.04415,5.25,1.00
2016.10.12 15:32:01.697,1.04413,1.04417,4.50,1.50
2016.10.12 15:32:01.749,1.04413,1.04416,3.00,1.00
2016.10.12 15:32:01.801,1.04413,1.04416,1.37,1.50
2016.10.12 15:32:01.853,1.04413,1.04416,1.00,1.50
2016.10.12 15:32:01.957,1.04412,1.04414,2.25,1.50
2016.10.12 15:32:02.009,1.04412,1.04413,1.87,1.00
2016.10.12 15:32:02.062,1.04411,1.04412,1.00,1.00
2016.10.12 15:32:02.115,1.0441,1.04412,1.00,1.00
2016.10.12 15:32:02.168,1.04409,1.04412,3.00,1.00
2016.10.12 15:32:02.405,1.0441,1.04412,1.50,1.00
2016.10.12 15:32:02.456,1.04409,1.04411,1.00,1.00
2016.10.12 15:32:02.507,1.04408,1.04411,5.44,1.00
2016.10.12 15:32:02.559,1.04408,1.0441,1.00,1.00
2016.10.12 15:32:02.662,1.04407,1.0441,6.00,1.00
2016.10.12 15:32:02.716,1.04407,1.0441,5.25,1.00
2016.10.12 15:32:02.768,1.04407,1.0441,4.87,1.00
2016.10.12 15:32:02.921,1.04407,1.04409,4.12,1.00
2016.10.12 15:32:04.195,1.04407,1.04409,4.87,1.00
2016.10.12 15:32:04.298,1.04407,1.04409,4.12,1.00
2016.10.12 15:32:06.180,1.04407,1.04408,4.12,1.00
2016.10.12 15:32:06.496,1.04407,1.04409,4.12,1.50
2016.10.12 15:32:06.598,1.04407,1.04409,4.87,1.00
2016.10.12 15:32:07.023,1.04407,1.04409,4.12,1.50
2016.10.12 15:32:07.717,1.04408,1.04409,1.00,1.00
2016.10.12 15:32:07.917,1.04408,1.04409,1.50,1.00
2016.10.12 15:32:07.969,1.04408,1.04409,1.50,1.00
2016.10.12 15:32:08.033,1.04407,1.04409,5.62,1.50
2016.10.12 15:32:08.619,1.04407,1.04409,4.87,1.50
2016.10.12 15:32:08.831,1.04406,1.04408,6.00,2.29
2016.10.12 15:32:08.883,1.04404,1.04405,4.50,1.00
2016.10.12 15:32:08.934,1.04402,1.04404,3.37,1.00
2016.10.12 15:32:08.985,1.04401,1.04403,2.62,1.50
2016.10.12 15:32:09.037,1.044,1.04403,1.87,1.50
2016.10.12 15:32:09.088,1.044,1.04402,1.12,1.00
2016.10.12 15:32:09.292,1.044,1.04403,1.12,1.50
2016.10.12 15:32:09.586,1.04398,1.04399,2.10,1.50
2016.10.12 15:32:09.705,1.04398,1.04399,1.50,1.50
2016.10.12 15:32:09.757,1.04396,1.04398,2.25,1.00
2016.10.12 15:32:09.809,1.04396,1.04397,1.50,1.00
2016.10.12 15:32:09.860,1.04393,1.04395,3.45,1.00
2016.10.12 15:32:09.912,1.04392,1.04394,1.87,1.00
2016.10.12 15:32:10.160,1.04391,1.04392,3.00,1.12
2016.10.12 15:32:10.212,1.04387,1.0439,3.37,1.00
2016.10.12 15:32:10.264,1.04388,1.04391,1.00,1.50
2016.10.12 15:32:10.495,1.04388,1.0439,1.00,1.00
2016.10.12 15:32:10.548,1.04387,1.04389,2.62,1.00
2016.10.12 15:32:10.702,1.04387,1.04389,2.62,1.50
2016.10.12 15:32:11.047,1.04387,1.0439,3.37,1.50
2016.10.12 15:32:12.555,1.04389,1.0439,1.00,1.00
2016.10.12 15:32:12.606,1.04389,1.04391,1.00,1.00
2016.10.12 15:32:12.657,1.04389,1.04391,1.00,1.12
2016.10.12 15:32:12.906,1.04388,1.04392,1.50,2.62
2016.10.12 15:32:13.016,1.04388,1.04391,1.50,1.12
2016.10.12 15:32:13.067,1.04388,1.04391,1.50,2.62
2016.10.12 15:32:13.118,1.04388,1.04391,1.50,3.37
2016.10.12 15:32:13.475,1.04388,1.04391,1.50,2.62
2016.10.12 15:32:13.628,1.04389,1.04391,1.00,2.62
2016.10.12 15:32:13.679,1.04389,1.04391,1.00,3.37
2016.10.12 15:32:14.126,1.04388,1.04391,1.50,3.37
2016.10.12 15:32:15.055,1.04388,1.04391,1.50,2.62
2016.10.12 15:32:15.106,1.04388,1.04391,1.50,3.37
2016.10.12 15:32:15.942,1.04388,1.04391,2.25,3.37
2016.10.12 15:32:16.147,1.04389,1.04391,1.00,2.25
2016.10.12 15:32:16.198,1.04389,1.04392,1.00,3.97
2016.10.12 15:32:16.249,1.04389,1.04392,1.50,4.12
2016.10.12 15:32:16.353,1.04389,1.04392,1.00,4.12
2016.10.12 15:32:16.455,1.04389,1.04392,1.50,4.12
2016.10.12 15:32:18.405,1.04389,1.04391,1.50,1.00
2016.10.12 15:32:18.912,1.04389,1.04392,1.50,3.75
2016.10.12 15:32:19.014,1.04389,1.04391,1.50,1.00
2016.10.12 15:32:19.218,1.04389,1.04392,1.50,3.75
2016.10.12 15:32:19.644,1.04392,1.04395,12.79,9.04
2016.10.12 15:32:19.695,1.04396,1.04398,1.00,1.12
2016.10.12 15:32:19.746,1.04397,1.044,13.12,3.75
2016.10.12 15:32:19.798,1.04398,1.04399,1.00,1.00
2016.10.12 15:32:19.849,1.04397,1.04401,12.79,1.50
2016.10.12 15:32:19.900,1.044,1.04402,1.00,1.12
2016.10.12 15:32:19.951,1.04401,1.04403,1.00,1.12
2016.10.12 15:32:20.053,1.04402,1.04405,1.00,2.62
2016.10.12 15:32:20.657,1.04402,1.04405,1.50,1.00
2016.10.12 15:32:20.711,1.04403,1.04406,1.00,3.19
2016.10.12 15:32:20.765,1.04402,1.04404,1.87,2.50
2016.10.12 15:32:20.816,1.04402,1.04404,1.12,2.25
2016.10.12 15:32:20.867,1.04401,1.04404,2.62,2.25
2016.10.12 15:32:20.973,1.04402,1.04405,1.00,3.00
2016.10.12 15:32:21.024,1.04402,1.04405,1.00,2.25
2016.10.12 15:32:21.076,1.04402,1.04405,1.00,2.62
2016.10.12 15:32:21.127,1.04402,1.04405,1.00,3.37
2016.10.12 15:32:21.367,1.04402,1.04405,1.00,2.25
2016.10.12 15:32:21.418,1.04403,1.04405,1.00,1.50
2016.10.12 15:32:21.778,1.04403,1.04406,1.00,2.83
2016.10.12 15:32:22.277,1.04402,1.04405,1.50,1.00
2016.10.12 15:32:22.329,1.04402,1.04405,1.50,1.14
2016.10.12 15:32:23.048,1.04402,1.04405,2.25,1.14
2016.10.12 15:32:23.151,1.04402,1.04405,1.50,1.14
2016.10.12 15:32:23.202,1.04402,1.04405,1.50,2.64
2016.10.12 15:32:23.431,1.04402,1.04405,1.50,3.39
2016.10.12 15:32:23.484,1.04402,1.04404,1.00,1.14
2016.10.12 15:32:23.541,1.04401,1.04404,1.12,1.14
2016.10.12 15:32:23.594,1.04402,1.04405,1.00,3.39
2016.10.12 15:32:23.647,1.04402,1.04405,1.50,3.39
2016.10.12 15:32:23.699,1.04402,1.04405,1.50,2.64
2016.10.12 15:32:23.802,1.04403,1.04405,1.00,1.89
2016.10.12 15:32:23.853,1.04403,1.04405,1.50,1.89
2016.10.12 15:32:23.905,1.04403,1.04406,1.50,3.20
2016.10.12 15:32:24.205,1.04402,1.04405,2.25,1.39
2016.10.12 15:32:24.502,1.04404,1.04407,1.00,2.06
2016.10.12 15:32:24.553,1.04405,1.04407,1.00,1.25
2016.10.12 15:32:24.604,1.04406,1.04408,1.00,1.87
2016.10.12 15:32:24.655,1.04406,1.04407,1.50,1.00
2016.10.12 15:32:24.707,1.04406,1.04408,1.50,2.50
2016.10.12 15:32:24.758,1.04407,1.04408,1.00,1.50
2016.10.12 15:32:24.809,1.04407,1.04409,1.00,3.75
2016.10.12 15:32:24.860,1.04406,1.04407,1.50,1.00
2016.10.12 15:32:25.212,1.04406,1.04407,1.00,1.00
2016.10.12 15:32:25.263,1.04405,1.04407,1.50,1.00
2016.10.12 15:32:25.315,1.04405,1.04407,1.00,1.00
2016.10.12 15:32:25.366,1.04404,1.04407,2.62,1.00
2016.10.12 15:32:25.418,1.04404,1.04407,2.62,1.50
2016.10.12 15:32:25.469,1.04404,1.04407,1.87,1.50
2016.10.12 15:32:25.623,1.04404,1.04407,1.87,1.00
2016.10.12 15:32:25.675,1.04405,1.04407,1.00,1.00
2016.10.12 15:32:25.777,1.04405,1.04407,1.50,1.00
2016.10.12 15:32:26.242,1.04405,1.04407,1.50,1.50
2016.10.12 15:32:26.547,1.04405,1.04407,1.50,1.00
2016.10.12 15:32:26.653,1.04405,1.04407,1.50,1.50
2016.10.12 15:32:26.755,1.04404,1.04405,1.00,1.50
2016.10.12 15:32:26.807,1.04404,1.04405,1.00,1.00
2016.10.12 15:32:26.858,1.04402,1.04405,1.00,2.06
2016.10.12 15:32:27.057,1.04402,1.04405,1.00,1.00
2016.10.12 15:32:27.109,1.04404,1.04406,1.00,1.87
2016.10.12 15:32:27.160,1.04404,1.04407,1.50,3.75
2016.10.12 15:32:27.241,1.04404,1.04406,1.50,1.50
2016.10.12 15:32:27.343,1.04404,1.04407,1.50,4.87
2016.10.12 15:32:27.446,1.04404,1.04406,1.50,1.50
2016.10.12 15:32:27.562,1.04404,1.04407,1.50,4.87
2016.10.12 15:32:27.997,1.04404,1.04407,1.50,3.00
2016.10.12 15:32:28.150,1.04404,1.04407,1.50,1.75
2016.10.12 15:32:28.252,1.04404,1.04407,1.50,3.00
2016.10.12 15:32:28.354,1.04404,1.04407,1.50,2.25
2016.10.12 15:32:28.406,1.04404,1.04407,1.50,1.75
2016.10.12 15:32:28.457,1.04404,1.04407,1.50,2.25
2016.10.12 15:32:28.508,1.04404,1.04407,1.50,3.00
2016.10.12 15:32:28.559,1.04406,1.04407,1.00,2.25
2016.10.12 15:32:28.611,1.04406,1.04407,1.00,1.50
2016.10.12 15:32:28.845,1.04406,1.04407,1.00,1.00
2016.10.12 15:32:28.899,1.04406,1.04407,1.50,1.00
2016.10.12 15:32:28.951,1.04406,1.04408,1.50,1.12
2016.10.12 15:32:29.892,1.04406,1.04408,1.00,1.12
2016.10.12 15:32:29.943,1.04406,1.04408,1.50,1.12
2016.10.12 15:32:29.994,1.04406,1.04409,1.50,2.25
2016.10.12 15:32:30.097,1.04406,1.04409,1.50,3.00
2016.10.12 15:32:30.148,1.04408,1.04409,2.25,1.00
2016.10.12 15:32:30.199,1.04408,1.04411,2.25,2.25
2016.10.12 15:32:30.251,1.04408,1.0441,1.50,1.12
2016.10.12 15:32:30.353,1.04408,1.0441,2.25,1.12
2016.10.12 15:32:30.607,1.04408,1.0441,1.00,2.25
2016.10.12 15:32:30.710,1.04408,1.04409,1.00,1.00
2016.10.12 15:32:30.761,1.04406,1.04409,1.50,1.50
2016.10.12 15:32:30.812,1.04406,1.04409,1.00,1.87
2016.10.12 15:32:30.864,1.04406,1.04408,1.00,1.00
2016.10.12 15:32:30.915,1.04406,1.04408,1.00,2.25
2016.10.12 15:32:30.966,1.04405,1.04408,1.50,2.62
2016.10.12 15:32:31.819,1.04405,1.04407,1.50,2.25
2016.10.12 15:32:31.921,1.04405,1.04407,1.50,1.50
2016.10.12 15:32:32.076,1.04405,1.04407,1.00,2.25
2016.10.12 15:32:32.127,1.04405,1.04406,1.00,1.00
2016.10.12 15:32:32.499,1.04404,1.04406,1.50,1.00
2016.10.12 15:32:32.855,1.04404,1.04407,1.50,2.44
2016.10.12 15:32:32.921,1.04404,1.04407,1.50,3.56
2016.10.12 15:32:33.516,1.04404,1.04406,1.50,1.00
2016.10.12 15:32:33.618,1.04404,1.04406,1.50,1.50
2016.10.12 15:32:33.924,1.04404,1.04406,1.50,2.25
2016.10.12 15:32:34.832,1.04404,1.04406,1.50,1.50
2016.10.12 15:32:34.884,1.04405,1.04406,1.00,1.50
2016.10.12 15:32:34.935,1.04405,1.04407,1.00,1.12
2016.10.12 15:32:35.234,1.04405,1.04408,1.00,6.37
2016.10.12 15:32:35.391,1.04405,1.04408,1.00,5.62
2016.10.12 15:32:35.494,1.04405,1.04408,1.00,6.37
2016.10.12 15:32:35.545,1.04405,1.04408,1.00,5.62
2016.10.12 15:32:35.879,1.04405,1.04408,1.00,4.87
2016.10.12 15:32:36.338,1.04405,1.04407,1.00,1.12
2016.10.12 15:32:36.441,1.04405,1.04408,1.00,4.87
2016.10.12 15:32:36.748,1.04405,1.04407,1.00,1.12
2016.10.12 15:32:36.952,1.04405,1.04408,1.00,4.87
2016.10.12 15:32:37.795,1.04407,1.04408,1.50,2.62
2016.10.12 15:32:37.867,1.04407,1.04409,1.50,2.25
2016.10.12 15:32:37.918,1.04408,1.04409,1.00,1.50
2016.10.12 15:32:37.969,1.04408,1.0441,1.00,2.62
2016.10.12 15:32:38.020,1.04409,1.0441,1.00,1.00
2016.10.12 15:32:38.122,1.04409,1.04411,1.00,2.25
2016.10.12 15:32:38.224,1.04408,1.0441,2.25,1.00
2016.10.12 15:32:38.567,1.04408,1.04409,1.50,1.00
2016.10.12 15:32:39.485,1.0441,1.04411,1.00,1.50
2016.10.12 15:32:39.536,1.0441,1.04412,1.50,1.87
2016.10.12 15:32:39.587,1.0441,1.04413,1.50,1.69
2016.10.12 15:32:39.638,1.0441,1.04413,1.50,2.06
2016.10.12 15:32:39.690,1.04411,1.04413,1.50,1.62
2016.10.12 15:32:39.741,1.04411,1.04414,1.50,4.50
2016.10.12 15:32:39.792,1.04411,1.04414,1.50,3.37
2016.10.12 15:32:39.844,1.04411,1.04414,1.50,3.75
2016.10.12 15:32:40.443,1.04411,1.04414,1.50,3.00
2016.10.12 15:32:40.756,1.04411,1.04414,1.50,1.00
2016.10.12 15:32:40.960,1.04411,1.04414,1.50,1.50
2016.10.12 15:32:41.368,1.04411,1.04414,1.50,3.00
2016.10.12 15:32:42.702,1.04412,1.04414,1.00,3.00
2016.10.12 15:32:42.754,1.04412,1.04414,1.50,1.50
2016.10.12 15:32:42.856,1.04412,1.04415,1.50,3.37
2016.10.12 15:32:43.925,1.04413,1.04415,1.00,1.87
2016.10.12 15:32:43.977,1.04413,1.04415,1.00,1.50
2016.10.12 15:32:44.753,1.04413,1.04416,1.50,4.12
2016.10.12 15:32:44.804,1.04414,1.04416,1.00,3.37
2016.10.12 15:32:44.856,1.04413,1.04416,1.50,3.37
2016.10.12 15:32:44.907,1.04413,1.04416,1.50,2.62
2016.10.12 15:32:44.958,1.04415,1.04417,1.00,1.50
2016.10.12 15:32:45.009,1.04414,1.04416,1.50,1.12
2016.10.12 15:32:45.061,1.04414,1.04416,1.87,1.00
2016.10.12 15:32:45.112,1.04415,1.04416,1.00,1.00
2016.10.12 15:32:45.265,1.04415,1.04416,1.00,3.00
2016.10.12 15:32:45.316,1.04414,1.04416,1.87,3.00
2016.10.12 15:32:45.368,1.04414,1.04416,1.50,2.25
2016.10.12 15:32:45.575,1.04414,1.04416,1.50,1.50
2016.10.12 15:32:45.679,1.04414,1.04416,1.50,2.25
2016.10.12 15:32:45.782,1.04415,1.04416,1.00,1.50
2016.10.12 15:32:45.885,1.04415,1.04417,1.50,1.50
2016.10.12 15:32:45.988,1.04415,1.04417,1.00,3.00
2016.10.12 15:32:46.040,1.04415,1.04416,1.00,1.87
2016.10.12 15:32:46.293,1.04412,1.04414,1.50,2.25
2016.10.12 15:32:46.653,1.04412,1.04414,1.50,1.50
2016.10.12 15:32:46.755,1.04412,1.04414,1.00,2.25
2016.10.12 15:32:47.348,1.04412,1.04413,1.00,1.00
2016.10.12 15:32:47.400,1.04411,1.04413,1.50,1.00
2016.10.12 15:32:47.513,1.04411,1.04413,1.00,1.00
2016.10.12 15:32:47.565,1.04411,1.04414,1.00,1.87
2016.10.12 15:32:47.668,1.04413,1.04416,1.00,4.12
2016.10.12 15:32:47.720,1.04413,1.04416,1.00,3.75
2016.10.12 15:32:47.772,1.04413,1.04416,1.50,1.12
2016.10.12 15:32:47.824,1.04413,1.04417,1.50,5.25
2016.10.12 15:32:47.876,1.04413,1.04417,1.87,5.25
2016.10.12 15:32:48.202,1.04413,1.04416,1.87,1.12
2016.10.12 15:32:48.304,1.04413,1.04416,1.87,1.87
2016.10.12 15:32:48.356,1.04413,1.04416,1.12,1.87
2016.10.12 15:32:48.764,1.04413,1.04416,1.12,1.12
2016.10.12 15:32:48.867,1.04413,1.04416,1.12,1.87
2016.10.12 15:32:49.371,1.04416,1.04418,1.37,3.37
2016.10.12 15:32:49.423,1.04419,1.04421,1.00,1.50
2016.10.12 15:32:49.884,1.04419,1.04421,1.00,2.25
2016.10.12 15:32:49.986,1.04419,1.04421,1.00,1.50
2016.10.12 15:32:50.367,1.04419,1.04421,1.00,2.25
2016.10.12 15:32:51.374,1.04419,1.04421,1.50,2.25
2016.10.12 15:32:51.787,1.04418,1.04421,1.87,3.00
2016.10.12 15:32:51.839,1.04418,1.04421,1.50,3.00
2016.10.12 15:32:51.890,1.04419,1.0442,1.50,1.00
2016.10.12 15:32:53.532,1.04418,1.04419,1.00,1.12
2016.10.12 15:32:53.584,1.04417,1.04419,1.12,3.37
2016.10.12 15:32:53.635,1.04417,1.04419,1.12,3.75
2016.10.12 15:32:53.879,1.04415,1.04418,1.50,3.37
2016.10.12 15:32:53.930,1.04415,1.04418,1.50,3.75
2016.10.12 15:32:54.083,1.04415,1.04418,1.50,3.37
2016.10.12 15:32:54.186,1.04415,1.04417,1.50,1.12
2016.10.12 15:32:54.390,1.04415,1.04417,1.50,1.87
2016.10.12 15:32:54.491,1.04415,1.04418,1.50,4.87
2016.10.12 15:32:54.593,1.04415,1.04417,1.50,2.62
2016.10.12 15:32:55.401,1.04414,1.04416,1.00,3.37
2016.10.12 15:32:55.503,1.04413,1.04415,1.87,2.62
2016.10.12 15:32:55.554,1.04413,1.04415,1.50,2.62
2016.10.12 15:32:55.707,1.04413,1.04415,1.00,2.62
2016.10.12 15:32:55.809,1.04412,1.04415,1.50,3.37
2016.10.12 15:32:55.912,1.04412,1.04415,1.00,3.37
2016.10.12 15:32:56.416,1.04411,1.04415,1.00,3.37
2016.10.12 15:32:56.467,1.04411,1.04414,1.00,2.25
2016.10.12 15:32:57.587,1.04411,1.04414,1.00,1.50
2016.10.12 15:32:57.690,1.04411,1.04414,1.00,3.00
2016.10.12 15:32:58.750,1.04411,1.04414,1.00,2.25
2016.10.12 15:32:59.603,1.04411,1.04414,1.00,1.00
2016.10.12 15:33:00.011,1.0441,1.04413,3.75,1.00
2016.10.12 15:33:00.063,1.0441,1.04413,3.00,1.00
2016.10.12 15:33:00.115,1.0441,1.04413,1.50,1.00
2016.10.12 15:33:00.167,1.0441,1.04413,1.12,1.00
2016.10.12 15:33:00.218,1.0441,1.04413,1.00,1.50
2016.10.12 15:33:00.270,1.04409,1.04413,3.75,1.50
2016.10.12 15:33:00.502,1.04409,1.04411,1.12,1.00
2016.10.12 15:33:00.553,1.04408,1.0441,2.25,1.00
2016.10.12 15:33:00.605,1.04407,1.04408,3.37,1.50
2016.10.12 15:33:00.656,1.04406,1.04407,1.50,1.00
2016.10.12 15:33:00.707,1.04406,1.04407,1.12,1.00
2016.10.12 15:33:00.758,1.04404,1.04407,1.50,1.00
2016.10.12 15:33:00.810,1.04404,1.04407,1.12,1.00
2016.10.12 15:33:00.861,1.04404,1.04407,1.00,1.00
2016.10.12 15:33:01.420,1.04404,1.04407,1.12,1.00
2016.10.12 15:33:01.471,1.04405,1.04408,1.00,3.00
2016.10.12 15:33:01.522,1.04405,1.04408,1.00,2.62
2016.10.12 15:33:01.625,1.04405,1.04408,1.00,2.25
2016.10.12 15:33:02.186,1.04408,1.04411,1.50,1.87
2016.10.12 15:33:02.238,1.04411,1.04412,1.00,1.69
2016.10.12 15:33:02.289,1.0441,1.04413,1.00,1.12
2016.10.12 15:33:03.409,1.0441,1.04413,1.12,1.12
2016.10.12 15:33:04.080,1.04411,1.04414,1.00,3.00
2016.10.12 15:33:04.182,1.04411,1.04414,1.00,2.25
2016.10.12 15:33:04.285,1.04413,1.04415,2.50,6.52
2016.10.12 15:33:04.337,1.04414,1.04415,1.00,6.37
2016.10.12 15:33:04.388,1.04414,1.04415,1.00,1.50
2016.10.12 15:33:04.632,1.04414,1.04417,1.00,2.62
2016.10.12 15:33:04.989,1.04414,1.04417,1.00,3.37
2016.10.12 15:33:05.585,1.04415,1.04416,1.00,1.12
2016.10.12 15:33:05.821,1.04415,1.04417,1.00,1.00
2016.10.12 15:33:06.336,1.04416,1.04418,1.00,2.81
2016.10.12 15:33:06.388,1.04416,1.04418,1.00,1.00
2016.10.12 15:33:06.892,1.04416,1.04417,1.00,1.00
2016.10.12 15:33:07.046,1.04416,1.04418,1.00,2.25
2016.10.12 15:33:07.097,1.04416,1.04418,1.00,2.62
2016.10.12 15:33:07.148,1.04415,1.04418,1.12,3.37
2016.10.12 15:33:07.199,1.04415,1.04418,1.00,3.00
2016.10.12 15:33:07.250,1.04415,1.04417,1.00,1.00
2016.10.12 15:33:07.301,1.04415,1.04417,1.00,3.00
2016.10.12 15:33:07.403,1.04415,1.04417,1.50,2.25
2016.10.12 15:33:07.686,1.04417,1.04419,1.50,4.50
2016.10.12 15:33:07.738,1.04419,1.04421,7.35,1.87
2016.10.12 15:33:07.791,1.04422,1.04423,1.50,1.87
2016.10.12 15:33:07.842,1.04422,1.04423,1.50,1.00
2016.10.12 15:33:07.893,1.04423,1.04424,1.00,1.87
2016.10.12 15:33:08.023,1.04425,1.04426,1.00,1.20
2016.10.12 15:33:08.080,1.04425,1.04427,1.00,2.32
2016.10.12 15:33:08.133,1.04426,1.04429,1.00,2.32
2016.10.12 15:33:08.584,1.04423,1.04428,5.66,1.12
2016.10.12 15:33:08.636,1.04425,1.04427,2.25,1.00
2016.10.12 15:33:08.688,1.04425,1.04426,1.00,1.00
2016.10.12 15:33:08.740,1.04424,1.04425,1.00,1.00
2016.10.12 15:33:08.791,1.04424,1.04425,1.00,1.50
2016.10.12 15:33:08.843,1.04423,1.04425,4.50,1.50
2016.10.12 15:33:08.946,1.04424,1.04425,1.00,1.50
2016.10.12 15:33:08.997,1.04423,1.04425,4.50,1.50
2016.10.12 15:33:09.048,1.04424,1.04425,1.00,1.00
2016.10.12 15:33:09.150,1.04423,1.04425,4.50,1.50
2016.10.12 15:33:09.202,1.04423,1.04425,4.50,1.00
2016.10.12 15:33:09.443,1.04425,1.04427,1.00,3.10
2016.10.12 15:33:09.494,1.04426,1.04427,1.50,1.00
2016.10.12 15:33:09.546,1.04427,1.04429,1.00,2.72
2016.10.12 15:33:09.597,1.04427,1.04429,1.00,1.13
2016.10.12 15:33:09.648,1.04427,1.04429,1.00,1.60
2016.10.12 15:33:09.700,1.04427,1.04429,1.00,2.35
2016.10.12 15:33:09.752,1.04426,1.04428,1.50,1.87
2016.10.12 15:33:09.803,1.04426,1.04428,1.00,1.87
2016.10.12 15:33:09.855,1.04425,1.04427,1.00,1.50
2016.10.12 15:33:10.059,1.04425,1.04427,3.00,1.50
2016.10.12 15:33:10.112,1.04425,1.04427,3.75,1.00
2016.10.12 15:33:10.164,1.04425,1.04426,3.00,1.00
2016.10.12 15:33:10.219,1.04425,1.04426,3.75,1.00
2016.10.12 15:33:10.323,1.04424,1.04426,4.50,1.00
2016.10.12 15:33:10.376,1.04424,1.04426,1.89,1.12
2016.10.12 15:33:10.428,1.04424,1.04428,1.14,4.12
2016.10.12 15:33:10.480,1.04424,1.04428,1.14,3.37
2016.10.12 15:33:10.911,1.04424,1.04426,1.14,1.12
2016.10.12 15:33:11.015,1.04425,1.04427,1.02,1.50
2016.10.12 15:33:11.120,1.04426,1.04427,1.00,1.50
2016.10.12 15:33:11.173,1.04425,1.04426,1.02,1.12
2016.10.12 15:33:11.226,1.04425,1.04428,1.02,1.87
2016.10.12 15:33:11.329,1.04426,1.04427,1.00,1.12
2016.10.12 15:33:11.382,1.04425,1.04427,1.02,1.12
2016.10.12 15:33:11.433,1.04425,1.04428,1.02,2.62
2016.10.12 15:33:11.486,1.04423,1.04427,3.00,1.12
2016.10.12 15:33:11.537,1.04423,1.04427,3.00,1.87
2016.10.12 15:33:12.167,1.04423,1.04425,1.50,1.00
2016.10.12 15:33:12.220,1.04423,1.04425,1.00,1.50
2016.10.12 15:33:12.554,1.04423,1.04425,1.00,1.00
2016.10.12 15:33:13.061,1.04421,1.04425,4.50,1.81
2016.10.12 15:33:13.114,1.04422,1.04423,1.87,1.00
2016.10.12 15:33:13.166,1.04422,1.04423,1.12,1.00
2016.10.12 15:33:13.217,1.04422,1.04423,1.00,1.00
2016.10.12 15:33:13.399,1.04423,1.04424,1.00,1.87
2016.10.12 15:33:13.553,1.04422,1.04424,1.00,2.25
2016.10.12 15:33:14.269,1.04422,1.04424,1.00,1.50
2016.10.12 15:33:14.320,1.04422,1.04425,1.00,2.62
2016.10.12 15:33:14.473,1.04423,1.04425,1.00,3.00
2016.10.12 15:33:14.626,1.04423,1.04424,1.00,1.12
2016.10.12 15:33:14.921,1.04423,1.04425,1.00,2.25
2016.10.12 15:33:15.176,1.04422,1.04424,1.00,1.12
2016.10.12 15:33:15.227,1.04421,1.04422,1.12,1.87
2016.10.12 15:33:15.279,1.04421,1.04422,1.12,1.12
2016.10.12 15:33:15.331,1.04419,1.04422,5.25,1.12
2016.10.12 15:33:15.433,1.0442,1.04423,1.12,2.00
2016.10.12 15:33:15.485,1.0442,1.04422,1.12,1.50
2016.10.12 15:33:15.537,1.04419,1.04423,7.35,2.44
2016.10.12 15:33:15.986,1.04444,1.04449,1.00,40.69
2016.10.12 15:33:16.038,1.04443,1.04445,1.50,1.00
2016.10.12 15:33:16.140,1.04443,1.04446,1.50,1.12
2016.10.12 15:33:16.192,1.04443,1.04446,1.00,1.87
2016.10.12 15:33:16.243,1.04443,1.04445,1.50,1.00
2016.10.12 15:33:16.346,1.04443,1.04446,1.50,1.12
2016.10.12 15:33:16.449,1.04444,1.04446,1.00,1.00
2016.10.12 15:33:16.748,1.04443,1.04445,1.12,1.00
2016.10.12 15:33:16.850,1.04442,1.04445,2.69,1.00
2016.10.12 15:33:16.952,1.04444,1.04445,1.00,1.00
2016.10.12 15:33:17.003,1.04443,1.04445,1.87,1.00
2016.10.12 15:33:17.055,1.04445,1.04447,1.00,1.00
2016.10.12 15:33:17.106,1.04446,1.04449,1.00,4.50
2016.10.12 15:33:17.158,1.04446,1.04449,1.00,1.00
2016.10.12 15:33:17.209,1.04447,1.0445,1.00,6.00
2016.10.12 15:33:17.260,1.04447,1.0445,1.00,1.87
2016.10.12 15:33:17.320,1.04447,1.0445,1.00,1.50
2016.10.12 15:33:17.566,1.04446,1.0445,1.00,2.25
2016.10.12 15:33:17.617,1.04446,1.04448,1.00,1.00
2016.10.12 15:33:17.700,1.04445,1.04448,2.69,1.75
2016.10.12 15:33:17.751,1.04446,1.04447,1.50,1.00
2016.10.12 15:33:17.854,1.04446,1.04449,1.50,2.25
2016.10.12 15:33:17.905,1.04446,1.04448,1.00,1.00
2016.10.12 15:33:18.010,1.04446,1.04447,1.00,1.50
2016.10.12 15:33:18.061,1.04444,1.04447,1.00,1.50
2016.10.12 15:33:18.113,1.04444,1.04446,1.00,1.00
2016.10.12 15:33:18.563,1.04442,1.04446,2.25,1.00
2016.10.12 15:33:18.717,1.04442,1.04446,2.25,1.50
2016.10.12 15:33:18.768,1.04443,1.04446,1.00,1.00
2016.10.12 15:33:18.870,1.04445,1.04447,1.00,1.50
2016.10.12 15:33:18.922,1.04445,1.04447,1.00,1.50
2016.10.12 15:33:19.024,1.04445,1.04446,1.00,1.00
2016.10.12 15:33:19.298,1.04445,1.04446,1.12,1.00
2016.10.12 15:33:19.349,1.04446,1.04448,1.00,3.00
2016.10.12 15:33:19.400,1.04447,1.04449,1.00,7.50
2016.10.12 15:33:19.593,1.04447,1.04449,1.00,7.87
2016.10.12 15:33:19.665,1.04446,1.04447,1.00,1.00
2016.10.12 15:33:19.716,1.04445,1.04446,1.00,1.50
2016.10.12 15:33:19.767,1.04445,1.04446,1.50,2.25
2016.10.12 15:33:19.869,1.04445,1.04446,1.00,1.50
2016.10.12 15:33:19.920,1.04445,1.04446,1.00,1.00
2016.10.12 15:33:20.023,1.04445,1.04446,1.00,1.50
2016.10.12 15:33:20.074,1.04445,1.04446,1.00,1.00
2016.10.12 15:33:20.126,1.04446,1.04448,1.00,6.37
2016.10.12 15:33:20.505,1.04445,1.04448,1.00,8.62
2016.10.12 15:33:20.558,1.04443,1.04445,1.00,5.44
2016.10.12 15:33:20.609,1.04443,1.04445,1.00,5.81
2016.10.12 15:33:20.660,1.04443,1.04444,1.00,1.00
2016.10.12 15:33:20.711,1.04443,1.04444,1.50,1.00
2016.10.12 15:33:20.763,1.04442,1.04445,1.00,2.06
2016.10.12 15:33:20.853,1.04441,1.04444,1.00,1.00
2016.10.12 15:33:20.904,1.04442,1.04444,1.00,1.00
2016.10.12 15:33:20.955,1.04443,1.04444,1.50,1.50
2016.10.12 15:33:21.057,1.04443,1.04444,1.50,1.00
2016.10.12 15:33:21.465,1.04443,1.04445,1.50,1.31
2016.10.12 15:33:22.644,1.04442,1.04443,1.50,2.25
2016.10.12 15:33:22.696,1.04442,1.04443,1.00,2.25
2016.10.12 15:33:22.785,1.04442,1.04444,1.00,1.87
2016.10.12 15:33:22.837,1.04443,1.04444,1.00,1.12
2016.10.12 15:33:22.889,1.04443,1.04444,1.50,1.12
2016.10.12 15:33:22.940,1.04443,1.04445,1.00,1.69
2016.10.12 15:33:23.019,1.04443,1.04444,1.00,1.12
2016.10.12 15:33:23.122,1.04443,1.04445,1.00,1.69
2016.10.12 15:33:23.224,1.04443,1.04444,1.00,1.12
2016.10.12 15:33:23.326,1.04443,1.04445,1.00,1.69
2016.10.12 15:33:23.428,1.04443,1.04444,1.00,1.12
2016.10.12 15:33:23.649,1.04443,1.04445,1.50,1.69
2016.10.12 15:33:23.752,1.04443,1.04445,1.50,2.44
2016.10.12 15:33:23.855,1.04443,1.04444,1.50,1.12
2016.10.12 15:33:23.957,1.04443,1.04444,1.50,1.87
2016.10.12 15:33:24.060,1.04443,1.04446,1.50,4.50
2016.10.12 15:33:24.112,1.04444,1.04445,1.00,1.00
2016.10.12 15:33:24.266,1.04443,1.04446,1.50,3.75
2016.10.12 15:33:24.936,1.04443,1.04445,1.50,1.50
2016.10.12 15:33:24.988,1.04443,1.04445,1.00,3.00
2016.10.12 15:33:25.040,1.04443,1.04444,1.00,1.12
2016.10.12 15:33:25.091,1.04442,1.04444,1.00,2.06
2016.10.12 15:33:25.142,1.04441,1.04443,1.00,2.25
2016.10.12 15:33:25.244,1.04442,1.04443,1.00,1.00
2016.10.12 15:33:25.295,1.0444,1.04441,1.00,1.00
2016.10.12 15:33:25.347,1.04439,1.04441,1.00,1.00
2016.10.12 15:33:25.625,1.04438,1.04439,1.00,1.25
2016.10.12 15:33:26.088,1.04437,1.04438,1.50,1.00
2016.10.12 15:33:26.700,1.04438,1.04439,1.00,1.87
2016.10.12 15:33:28.416,1.04424,1.04431,4.50,8.79
2016.10.12 15:33:28.467,1.04423,1.04424,2.25,1.00
2016.10.12 15:33:28.519,1.04425,1.04427,1.50,1.00
2016.10.12 15:33:28.571,1.04427,1.04429,2.47,1.56
2016.10.12 15:33:28.623,1.04428,1.04429,1.69,1.00
2016.10.12 15:33:28.674,1.04432,1.04433,1.00,2.25
2016.10.12 15:33:28.776,1.04432,1.04435,1.00,1.00
2016.10.12 15:33:28.879,1.04432,1.04435,1.00,1.50
2016.10.12 15:33:29.033,1.04432,1.04433,1.00,1.00
2016.10.12 15:33:29.536,1.04431,1.04433,1.00,1.00
2016.10.12 15:33:29.869,1.04432,1.04435,1.00,1.00
2016.10.12 15:33:29.920,1.04432,1.04435,1.00,1.00
2016.10.12 15:33:30.176,1.04432,1.04435,1.00,1.50
2016.10.12 15:33:30.685,1.04431,1.04434,1.12,1.00
2016.10.12 15:33:30.747,1.04431,1.04435,1.12,2.25
2016.10.12 15:33:30.833,1.04432,1.04435,1.00,2.25
2016.10.12 15:33:31.547,1.04432,1.04435,1.00,3.00
2016.10.12 15:33:32.039,1.04432,1.04435,1.00,1.50
2016.10.12 15:33:32.346,1.04432,1.04434,1.00,1.00
2016.10.12 15:33:32.397,1.04432,1.04434,1.50,1.00
2016.10.12 15:33:32.501,1.04432,1.04435,1.00,1.50
2016.10.12 15:33:32.603,1.04431,1.04435,1.87,1.50
2016.10.12 15:33:34.983,1.04433,1.04435,1.00,1.00
2016.10.12 15:33:35.034,1.04433,1.04435,1.00,1.00
2016.10.12 15:33:35.187,1.04433,1.04436,1.00,4.12
2016.10.12 15:33:35.850,1.04433,1.04435,1.00,1.00
2016.10.12 15:33:36.162,1.04433,1.04436,1.00,4.12
2016.10.12 15:33:36.213,1.04433,1.04436,1.00,3.37
2016.10.12 15:33:36.773,1.04434,1.04436,1.00,1.87
2016.10.12 15:33:36.875,1.04435,1.04437,1.00,1.00
2016.10.12 15:33:36.926,1.04436,1.04438,1.00,1.00
2016.10.12 15:33:37.006,1.04436,1.04439,1.50,1.87
2016.10.12 15:33:37.057,1.04436,1.0444,1.50,1.87
2016.10.12 15:33:37.294,1.04436,1.04438,1.50,1.00
2016.10.12 15:33:37.345,1.04437,1.04438,1.00,1.00
2016.10.12 15:33:37.397,1.04437,1.0444,1.50,1.50
2016.10.12 15:33:37.761,1.04437,1.0444,1.50,1.00
2016.10.12 15:33:38.575,1.04437,1.04438,1.00,1.00
2016.10.12 15:33:38.781,1.0443,1.04432,2.44,1.00
2016.10.12 15:33:38.832,1.04429,1.0443,3.37,1.00
2016.10.12 15:33:38.884,1.04428,1.04429,1.87,1.00
2016.10.12 15:33:38.936,1.04426,1.04429,1.12,1.00
2016.10.12 15:33:38.988,1.04426,1.04429,1.00,1.00
2016.10.12 15:33:39.040,1.04425,1.04429,1.31,1.00
2016.10.12 15:33:39.092,1.04425,1.04429,1.25,1.00
2016.10.12 15:33:39.144,1.04425,1.04429,1.00,1.00
2016.10.12 15:33:39.196,1.04425,1.04429,1.00,1.50
2016.10.12 15:33:39.467,1.04425,1.04428,1.00,1.00
2016.10.12 15:33:40.082,1.04425,1.04428,1.00,1.50
2016.10.12 15:33:40.898,1.04425,1.04428,1.00,1.00
2016.10.12 15:33:41.990,1.04428,1.0443,1.00,3.37
2016.10.12 15:33:42.041,1.04429,1.0443,1.00,2.62
2016.10.12 15:33:42.092,1.04429,1.0443,1.00,1.00
2016.10.12 15:33:42.144,1.04429,1.04432,1.00,1.50
2016.10.12 15:33:42.195,1.04429,1.04432,1.00,1.00
2016.10.12 15:33:42.246,1.04429,1.04433,1.00,3.19
2016.10.12 15:33:42.450,1.04434,1.04435,1.00,6.19
2016.10.12 15:33:42.502,1.04438,1.0444,1.00,4.12
2016.10.12 15:33:42.553,1.04438,1.0444,1.50,3.37
2016.10.12 15:33:42.604,1.04438,1.04441,1.50,1.25
2016.10.12 15:33:42.848,1.0444,1.04441,1.12,1.69
2016.10.12 15:33:42.899,1.04441,1.04445,1.50,3.00
2016.10.12 15:33:43.002,1.04441,1.04445,1.50,3.75
2016.10.12 15:33:43.102,1.04441,1.04443,1.50,1.00
2016.10.12 15:33:43.458,1.04442,1.04443,1.00,1.00
2016.10.12 15:33:43.510,1.04442,1.04445,1.50,3.00
2016.10.12 15:33:43.816,1.04442,1.04445,1.50,1.50
2016.10.12 15:33:44.174,1.04442,1.04444,1.00,1.00
2016.10.12 15:33:44.378,1.04442,1.04445,1.00,3.00
2016.10.12 15:33:44.430,1.04442,1.04445,1.50,3.00
2016.10.12 15:33:44.481,1.04442,1.04445,1.50,1.50
2016.10.12 15:33:44.583,1.04442,1.04445,1.00,1.00
2016.10.12 15:33:45.097,1.04443,1.04445,1.00,1.00
2016.10.12 15:33:45.506,1.04443,1.04446,1.00,3.56
2016.10.12 15:33:45.659,1.04443,1.04445,1.00,1.00
2016.10.12 15:33:46.101,1.04443,1.04446,1.00,2.06
2016.10.12 15:33:46.408,1.04442,1.04445,1.00,1.00
2016.10.12 15:33:46.459,1.04442,1.04443,1.00,1.00
2016.10.12 15:33:46.561,1.04442,1.04446,1.00,2.06
2016.10.12 15:33:46.613,1.04442,1.04445,1.00,1.00
2016.10.12 15:33:46.664,1.04442,1.04445,1.00,1.50
2016.10.12 15:33:46.716,1.04442,1.04445,1.50,1.50
2016.10.12 15:33:47.188,1.04442,1.04444,1.50,1.00
2016.10.12 15:33:47.239,1.04441,1.04443,1.50,1.00
2016.10.12 15:33:47.291,1.04441,1.04443,1.50,1.50
2016.10.12 15:33:47.342,1.04441,1.04443,1.00,1.50
2016.10.12 15:33:47.393,1.0444,1.04443,1.00,1.00
2016.10.12 15:33:47.488,1.04438,1.04441,6.64,1.00
2016.10.12 15:33:47.539,1.04438,1.04442,3.75,1.69
2016.10.12 15:33:47.590,1.04437,1.0444,1.87,1.00
2016.10.12 15:33:47.642,1.04436,1.0444,4.50,1.00
2016.10.12 15:33:47.693,1.04436,1.0444,1.50,1.50
2016.10.12 15:33:47.744,1.04436,1.0444,1.12,1.50
2016.10.12 15:33:47.795,1.04436,1.0444,1.12,1.00
2016.10.12 15:33:47.898,1.04436,1.0444,1.12,1.50
2016.10.12 15:33:48.272,1.04436,1.0444,1.12,1.00
2016.10.12 15:33:48.546,1.04437,1.0444,1.00,1.25
2016.10.12 15:33:48.648,1.04437,1.0444,1.00,1.00
2016.10.12 15:33:48.699,1.04437,1.04439,1.00,1.00
2016.10.12 15:33:48.801,1.04437,1.0444,1.00,1.50
2016.10.12 15:33:49.823,1.04435,1.04438,1.50,1.00
2016.10.12 15:33:50.130,1.04435,1.04438,3.00,1.00
2016.10.12 15:33:50.397,1.04436,1.04439,1.00,1.00
2016.10.12 15:33:50.490,1.04436,1.04439,1.00,1.50
2016.10.12 15:33:51.619,1.04437,1.04439,1.50,1.50
2016.10.12 15:33:51.673,1.04437,1.04438,1.50,1.00
2016.10.12 15:33:51.726,1.04436,1.04438,1.50,1.00
2016.10.12 15:33:51.778,1.04435,1.04438,2.47,2.25
2016.10.12 15:33:51.829,1.04435,1.04438,1.87,2.25
2016.10.12 15:33:51.932,1.04435,1.04437,1.12,1.00
2016.10.12 15:33:51.984,1.04435,1.04436,1.00,1.00
2016.10.12 15:33:52.035,1.04433,1.04436,3.37,1.50
2016.10.12 15:33:52.086,1.04433,1.04436,1.87,1.50
2016.10.12 15:33:52.943,1.04433,1.04436,1.12,1.50
2016.10.12 15:33:53.529,1.04432,1.04436,5.62,1.50
2016.10.12 15:33:53.580,1.04432,1.04436,4.50,1.50
2016.10.12 15:33:53.786,1.04433,1.04436,1.12,1.50
2016.10.12 15:33:53.838,1.04432,1.04435,4.87,1.00
2016.10.12 15:33:53.940,1.04432,1.04435,4.87,1.50
2016.10.12 15:33:55.150,1.04432,1.04435,4.50,1.50
2016.10.12 15:33:55.227,1.04432,1.04435,3.00,1.50
2016.10.12 15:33:55.533,1.04432,1.04434,1.50,1.00
2016.10.12 15:33:55.584,1.04431,1.04433,3.56,1.50
2016.10.12 15:33:55.635,1.04431,1.04433,3.00,1.50
2016.10.12 15:33:55.686,1.04431,1.04432,1.87,1.00
2016.10.12 15:33:55.788,1.04429,1.0443,2.25,1.00
2016.10.12 15:33:55.839,1.04427,1.04431,6.71,1.50
2016.10.12 15:33:56.071,1.04427,1.04429,4.87,1.00
2016.10.12 15:33:56.123,1.04426,1.04428,1.00,2.25
2016.10.12 15:33:56.175,1.04425,1.04426,1.00,1.00
2016.10.12 15:33:56.226,1.04423,1.04427,6.00,1.50
2016.10.12 15:33:56.316,1.04423,1.04427,6.00,1.00
2016.10.12 15:33:56.876,1.04423,1.04427,5.62,1.00
2016.10.12 15:33:57.028,1.04423,1.04427,4.12,1.00
2016.10.12 15:33:57.839,1.04424,1.04426,1.00,2.85
2016.10.12 15:33:57.890,1.04423,1.04424,3.00,1.35
2016.10.12 15:33:57.941,1.04421,1.04423,6.94,2.10
2016.10.12 15:33:57.993,1.04421,1.04422,3.15,1.69
2016.10.12 15:33:58.044,1.0442,1.04421,4.65,2.44
2016.10.12 15:33:58.127,1.0442,1.04421,1.50,1.20
2016.10.12 15:33:58.572,1.0442,1.04423,1.50,2.25
2016.10.12 15:33:58.674,1.04418,1.04422,3.37,1.00
2016.10.12 15:33:58.929,1.04418,1.04422,4.87,1.00
2016.10.12 15:33:59.337,1.04419,1.04422,1.87,1.00
2016.10.12 15:33:59.911,1.04419,1.04422,1.50,1.00
2016.10.12 15:34:00.013,1.04419,1.04422,2.25,1.00
2016.10.12 15:34:00.115,1.04423,1.04424,1.50,1.50
2016.10.12 15:34:00.167,1.04423,1.04425,1.50,2.62
2016.10.12 15:34:00.218,1.04424,1.04427,1.00,1.12
2016.10.12 15:34:00.269,1.04424,1.04426,1.00,1.00
2016.10.12 15:34:00.320,1.04424,1.04426,2.25,1.00
2016.10.12 15:34:00.743,1.04424,1.04426,1.00,1.00
2016.10.12 15:34:00.794,1.04423,1.04426,2.25,1.50
2016.10.12 15:34:00.845,1.04423,1.04426,1.87,1.50
2016.10.12 15:34:00.998,1.04423,1.04426,1.12,1.50
2016.10.12 15:34:01.050,1.04422,1.04426,1.50,1.50
2016.10.12 15:34:01.101,1.04422,1.04426,1.50,2.25
2016.10.12 15:34:01.203,1.04422,1.04426,1.50,1.00
2016.10.12 15:34:01.255,1.04423,1.04427,1.12,1.50
2016.10.12 15:34:01.456,1.04423,1.04427,4.87,1.50
2016.10.12 15:34:01.508,1.04424,1.04427,1.00,1.00
2016.10.12 15:34:02.022,1.0442,1.04422,6.75,1.02
2016.10.12 15:34:02.073,1.0442,1.04421,1.87,1.12
2016.10.12 15:34:02.125,1.04419,1.04421,1.00,1.12
2016.10.12 15:34:02.216,1.04419,1.04422,1.00,2.25
2016.10.12 15:34:02.269,1.0442,1.04424,1.25,4.72
2016.10.12 15:34:02.322,1.0442,1.04424,1.25,3.75
2016.10.12 15:34:02.373,1.0442,1.04424,1.00,3.00
2016.10.12 15:34:02.639,1.0444,1.04442,1.50,1.12
2016.10.12 15:34:02.690,1.0444,1.04443,1.69,1.37
2016.10.12 15:34:02.766,1.04438,1.04444,2.25,1.50
2016.10.12 15:34:02.868,1.04438,1.04444,3.22,1.00
2016.10.12 15:34:02.919,1.04438,1.04443,4.72,1.00
2016.10.12 15:34:02.970,1.0444,1.04443,1.35,1.00
2016.10.12 15:34:03.021,1.04441,1.04444,1.30,1.00
2016.10.12 15:34:03.123,1.0444,1.04445,4.72,1.00
2016.10.12 15:34:03.425,1.04441,1.04445,2.25,1.00
2016.10.12 15:34:03.527,1.04441,1.04445,1.50,1.00
2016.10.12 15:34:04.035,1.04441,1.04445,1.87,1.00
2016.10.12 15:34:04.087,1.04441,1.04446,1.00,1.37
2016.10.12 15:34:04.882,1.04441,1.04444,1.00,1.12
2016.10.12 15:34:04.984,1.04441,1.04444,1.00,1.50
2016.10.12 15:34:05.086,1.04441,1.04444,1.12,1.50
2016.10.12 15:34:07.100,1.04441,1.04444,1.00,1.50
2016.10.12 15:34:07.609,1.04442,1.04444,1.00,1.50
2016.10.12 15:34:07.711,1.04442,1.04444,1.12,1.50
2016.10.12 15:34:08.842,1.0444,1.04443,1.50,1.00
2016.10.12 15:34:08.916,1.0444,1.04443,1.12,1.00
2016.10.12 15:34:08.967,1.0444,1.04443,1.00,1.00
2016.10.12 15:34:09.018,1.04439,1.04442,3.37,1.50
2016.10.12 15:34:09.070,1.04439,1.04442,2.62,1.50
2016.10.12 15:34:09.121,1.04439,1.04441,1.12,1.50
2016.10.12 15:34:09.172,1.04438,1.04441,1.37,1.50
2016.10.12 15:34:09.224,1.04437,1.0444,4.50,1.00
2016.10.12 15:34:09.275,1.04437,1.04439,1.87,1.00
2016.10.12 15:34:09.327,1.04437,1.0444,3.37,2.25
2016.10.12 15:34:09.558,1.04437,1.0444,1.87,1.50
2016.10.12 15:34:09.609,1.04436,1.0444,2.62,1.00
2016.10.12 15:34:09.818,1.04437,1.0444,1.00,1.00
2016.10.12 15:34:10.734,1.04437,1.0444,1.12,1.00
2016.10.12 15:34:10.887,1.04438,1.04441,1.50,1.00
2016.10.12 15:34:10.989,1.04438,1.04441,3.00,1.00
2016.10.12 15:34:11.040,1.04438,1.0444,1.50,1.00
2016.10.12 15:34:11.091,1.04438,1.04441,2.25,1.12
2016.10.12 15:34:11.142,1.04438,1.04442,1.00,1.50
2016.10.12 15:34:11.193,1.04439,1.04442,1.00,1.12
2016.10.12 15:34:11.245,1.0444,1.04443,1.00,3.37
2016.10.12 15:34:11.296,1.0444,1.04443,1.50,2.62
2016.10.12 15:34:11.347,1.0444,1.04444,1.50,2.25
2016.10.12 15:34:11.399,1.0444,1.04444,1.50,2.25
2016.10.12 15:34:11.450,1.04441,1.04444,1.00,1.12
2016.10.12 15:34:12.002,1.0444,1.04444,2.62,1.12
2016.10.12 15:34:12.104,1.0444,1.04443,2.62,1.00
2016.10.12 15:34:12.156,1.04442,1.04445,1.00,1.50
2016.10.12 15:34:12.207,1.04442,1.04445,1.00,2.25
2016.10.12 15:34:12.309,1.04442,1.04445,1.00,1.87
2016.10.12 15:34:12.867,1.04442,1.04445,1.00,1.12
2016.10.12 15:34:13.027,1.04443,1.04446,1.00,3.37
2016.10.12 15:34:13.334,1.04443,1.04446,1.00,2.62
2016.10.12 15:34:13.385,1.04444,1.04446,1.12,1.87
2016.10.12 15:34:13.437,1.04445,1.04447,1.50,2.62
2016.10.12 15:34:13.678,1.04447,1.04449,1.00,1.87
2016.10.12 15:34:13.730,1.04447,1.0445,1.00,3.39
2016.10.12 15:34:13.984,1.04447,1.0445,1.00,3.37
2016.10.12 15:34:14.632,1.04447,1.0445,1.00,2.62
2016.10.12 15:34:16.312,1.04449,1.04451,2.69,6.20
2016.10.12 15:34:16.363,1.04452,1.04453,1.00,6.77
2016.10.12 15:34:16.414,1.04452,1.04454,1.00,5.25
2016.10.12 15:34:16.465,1.04453,1.04454,1.00,1.00
2016.10.12 15:34:16.516,1.04452,1.04454,1.50,1.00
2016.10.12 15:34:16.567,1.04452,1.04455,1.00,1.50
2016.10.12 15:34:16.618,1.04453,1.04454,1.00,1.00
2016.10.12 15:34:16.721,1.0445,1.04453,1.50,1.00
2016.10.12 15:34:16.773,1.04449,1.04452,3.97,1.00
2016.10.12 15:34:16.982,1.04449,1.04451,3.60,1.00
2016.10.12 15:34:17.034,1.04445,1.04448,3.37,1.00
2016.10.12 15:34:17.135,1.04445,1.04448,3.00,1.00
2016.10.12 15:34:17.445,1.04446,1.0445,1.00,2.06
2016.10.12 15:34:18.074,1.04446,1.04449,1.00,1.00
2016.10.12 15:34:19.778,1.04446,1.04449,2.25,1.00
2016.10.12 15:34:20.902,1.04446,1.04449,2.62,1.00
2016.10.12 15:34:21.537,1.04443,1.04444,3.90,1.31
2016.10.12 15:34:21.589,1.04441,1.04442,4.80,1.50
2016.10.12 15:34:21.647,1.0444,1.04442,5.62,3.52
2016.10.12 15:34:21.698,1.0444,1.04442,4.87,3.52
2016.10.12 15:34:21.805,1.04439,1.04442,1.00,5.40
2016.10.12 15:34:21.858,1.04439,1.04442,1.00,4.65
2016.10.12 15:34:21.960,1.04439,1.04442,1.00,2.62
2016.10.12 15:34:22.063,1.04439,1.04442,1.00,2.25
2016.10.12 15:34:22.114,1.04438,1.04442,1.12,1.00
2016.10.12 15:34:22.478,1.04441,1.04443,1.00,1.12
2016.10.12 15:34:22.548,1.04442,1.04443,1.00,1.12
2016.10.12 15:34:22.651,1.04442,1.04445,1.00,1.00
2016.10.12 15:34:22.703,1.04443,1.04446,1.00,3.00
2016.10.12 15:34:22.754,1.04443,1.04445,1.00,1.00
2016.10.12 15:34:22.856,1.04444,1.04446,1.50,3.00
2016.10.12 15:34:22.958,1.04444,1.04446,1.50,2.62
2016.10.12 15:34:23.060,1.04444,1.04446,1.50,1.87
2016.10.12 15:34:23.112,1.04444,1.04447,1.50,5.25
2016.10.12 15:34:23.388,1.04444,1.04447,1.50,4.50
2016.10.12 15:34:23.490,1.04445,1.04447,1.00,3.75
2016.10.12 15:34:23.541,1.04445,1.04447,1.50,3.75
2016.10.12 15:34:23.849,1.04441,1.04443,2.62,1.00
2016.10.12 15:34:23.900,1.04442,1.04445,1.50,1.75
2016.10.12 15:34:23.952,1.0444,1.04442,1.87,1.00
2016.10.12 15:34:24.003,1.04439,1.04441,1.37,1.30
2016.10.12 15:34:24.054,1.04438,1.04439,1.00,1.12
2016.10.12 15:34:24.207,1.04438,1.04439,1.00,1.12
2016.10.12 15:34:24.258,1.04438,1.04439,1.50,1.35
2016.10.12 15:34:24.562,1.04438,1.04439,1.00,1.35
2016.10.12 15:34:24.666,1.04438,1.0444,1.50,3.19
2016.10.12 15:34:24.717,1.04438,1.0444,1.00,3.19
2016.10.12 15:34:24.768,1.04439,1.04441,1.50,1.37
2016.10.12 15:34:24.819,1.0444,1.04441,1.00,1.12
2016.10.12 15:34:24.921,1.04439,1.04441,1.00,1.00
2016.10.12 15:34:24.972,1.04438,1.04441,1.50,3.37
2016.10.12 15:34:25.023,1.04438,1.04441,1.50,4.54
2016.10.12 15:34:25.074,1.04438,1.04439,1.50,1.00
2016.10.12 15:34:25.176,1.04438,1.0444,1.50,1.30
2016.10.12 15:34:25.227,1.04438,1.0444,1.50,1.12
2016.10.12 15:34:25.278,1.04438,1.0444,1.50,1.00
2016.10.12 15:34:25.904,1.04435,1.04438,1.75,3.60
2016.10.12 15:34:25.955,1.04433,1.04435,1.87,1.50
2016.10.12 15:34:26.006,1.04433,1.04434,1.00,1.25
2016.10.12 15:34:26.296,1.04429,1.0443,1.35,1.50
2016.10.12 15:34:26.350,1.04427,1.04429,1.00,1.12
2016.10.12 15:34:26.606,1.04427,1.04429,1.00,1.87
2016.10.12 15:34:26.657,1.04426,1.04429,1.00,1.50
2016.10.12 15:34:26.860,1.04426,1.04429,1.00,1.69
2016.10.12 15:34:27.400,1.04426,1.04429,1.50,1.31
2016.10.12 15:34:27.555,1.04426,1.04429,1.50,2.06
2016.10.12 15:34:27.658,1.04426,1.04429,1.50,1.87
2016.10.12 15:34:27.863,1.04426,1.04429,1.50,1.37
2016.10.12 15:34:27.965,1.04426,1.04429,1.00,1.00
2016.10.12 15:34:28.734,1.04426,1.04428,1.00,1.00
2016.10.12 15:34:28.836,1.04426,1.04429,1.00,1.25
2016.10.12 15:34:28.939,1.04426,1.04428,1.00,1.00
2016.10.12 15:34:28.990,1.04426,1.04428,1.50,1.00
2016.10.12 15:34:29.353,1.04427,1.0443,1.12,1.87
2016.10.12 15:34:29.417,1.04429,1.0443,1.00,1.50
2016.10.12 15:34:29.570,1.04427,1.0443,1.50,2.44
2016.10.12 15:34:29.775,1.04427,1.04429,1.50,1.35
2016.10.12 15:34:29.827,1.04427,1.04429,1.50,1.35
2016.10.12 15:34:30.847,1.04427,1.0443,1.50,5.29
2016.10.12 15:34:31.230,1.04427,1.04429,1.50,1.30
2016.10.12 15:34:31.904,1.04427,1.04429,1.00,1.72
2016.10.12 15:34:31.955,1.04426,1.04428,2.25,1.00
2016.10.12 15:34:32.057,1.04426,1.04429,2.25,2.25
2016.10.12 15:34:32.159,1.04426,1.04429,1.50,1.87
2016.10.12 15:34:32.469,1.04426,1.04429,1.50,2.10
2016.10.12 15:34:32.710,1.04427,1.04429,1.00,2.10
2016.10.12 15:34:32.761,1.04427,1.04429,1.50,1.35
2016.10.12 15:34:32.813,1.04427,1.04429,1.50,1.72
2016.10.12 15:34:32.864,1.04427,1.04429,1.50,1.50
2016.10.12 15:34:32.966,1.04427,1.04429,1.50,1.00
2016.10.12 15:34:33.119,1.04428,1.04429,1.00,1.00
2016.10.12 15:34:33.170,1.04427,1.04429,1.50,1.00
2016.10.12 15:34:33.272,1.04428,1.0443,1.00,2.62
2016.10.12 15:34:33.323,1.04428,1.0443,1.50,2.62
2016.10.12 15:34:33.374,1.04428,1.0443,1.50,7.50
2016.10.12 15:34:33.425,1.04428,1.0443,1.00,7.50
2016.10.12 15:34:33.476,1.04427,1.04429,1.50,1.00
2016.10.12 15:34:33.731,1.04427,1.04429,1.50,1.50
2016.10.12 15:34:33.783,1.04427,1.04429,1.50,1.69
2016.10.12 15:34:34.038,1.04427,1.04429,1.50,1.50
2016.10.12 15:34:34.089,1.04427,1.04429,1.50,1.00
2016.10.12 15:34:34.191,1.04428,1.04429,1.00,1.00
2016.10.12 15:34:34.294,1.04428,1.0443,1.50,4.50
2016.10.12 15:34:34.767,1.04428,1.0443,1.00,3.37
2016.10.12 15:34:34.863,1.04428,1.0443,1.00,4.12
2016.10.12 15:34:35.067,1.04428,1.0443,1.00,3.37
2016.10.12 15:34:35.169,1.04428,1.0443,1.00,4.12
2016.10.12 15:34:35.271,1.04428,1.0443,1.00,3.37
2016.10.12 15:34:35.373,1.04428,1.0443,1.00,4.12
2016.10.12 15:34:35.676,1.04432,1.04433,1.00,1.00
2016.10.12 15:34:35.728,1.04432,1.04434,1.00,1.00
2016.10.12 15:34:35.779,1.04432,1.04436,1.00,3.00
2016.10.12 15:34:35.882,1.04433,1.04436,1.50,3.75
2016.10.12 15:34:35.934,1.04433,1.04436,1.50,2.25
2016.10.12 15:34:35.985,1.04433,1.04436,1.50,1.12
2016.10.12 15:34:36.088,1.04433,1.04436,1.50,1.87
2016.10.12 15:34:36.139,1.04433,1.04436,1.50,1.50
2016.10.12 15:34:36.394,1.04434,1.04436,1.00,1.00
2016.10.12 15:34:36.625,1.04434,1.04436,1.50,1.00
2016.10.12 15:34:36.677,1.04434,1.04437,1.00,6.04
2016.10.12 15:34:36.728,1.04434,1.04437,1.00,5.66
2016.10.12 15:34:36.780,1.04434,1.04437,1.00,5.47
2016.10.12 15:34:37.517,1.04436,1.04437,1.00,1.30
2016.10.12 15:34:37.574,1.04439,1.04441,1.00,3.75
2016.10.12 15:34:37.652,1.0444,1.04441,1.00,1.12
2016.10.12 15:34:37.704,1.04439,1.04442,1.00,5.47
2016.10.12 15:34:37.756,1.04439,1.04441,1.00,1.00
2016.10.12 15:34:37.807,1.04438,1.04441,2.25,1.50
2016.10.12 15:34:38.207,1.04438,1.0444,1.50,1.00
2016.10.12 15:34:38.283,1.04438,1.0444,1.50,1.25
2016.10.12 15:34:38.387,1.04438,1.0444,1.50,1.00
2016.10.12 15:34:38.439,1.04439,1.0444,1.00,1.00
2016.10.12 15:34:38.508,1.04439,1.04441,1.00,3.75
2016.10.12 15:34:38.758,1.04439,1.0444,1.00,1.00
2016.10.12 15:34:38.809,1.04439,1.04441,1.50,1.50
2016.10.12 15:34:39.875,1.04439,1.0444,1.00,1.50
2016.10.12 15:34:39.978,1.04438,1.0444,1.50,2.25
2016.10.12 15:34:40.029,1.04438,1.0444,1.50,1.00
2016.10.12 15:34:40.081,1.04438,1.0444,1.50,1.50
2016.10.12 15:34:40.890,1.04439,1.04441,1.00,2.44
2016.10.12 15:34:40.941,1.04439,1.0444,1.00,1.00
2016.10.12 15:34:40.992,1.0444,1.04442,1.50,1.87
2016.10.12 15:34:41.043,1.04441,1.04443,1.00,1.00
2016.10.12 15:34:41.094,1.04441,1.04444,1.50,2.62
2016.10.12 15:34:41.145,1.04442,1.04444,1.00,1.00
2016.10.12 15:34:41.196,1.04442,1.04445,1.50,6.00
2016.10.12 15:34:41.247,1.04442,1.04445,1.50,5.62
2016.10.12 15:34:41.298,1.04442,1.04445,1.50,4.87
2016.10.12 15:34:41.349,1.04442,1.04445,1.50,3.75
2016.10.12 15:34:41.400,1.04443,1.04445,1.00,1.50
2016.10.12 15:34:41.451,1.04443,1.04447,1.50,3.30
2016.10.12 15:34:41.502,1.04444,1.04446,1.00,1.00
2016.10.12 15:34:41.553,1.04444,1.04446,1.00,1.50
2016.10.12 15:34:41.987,1.04443,1.04445,2.25,1.00
2016.10.12 15:34:42.038,1.04443,1.04445,1.50,1.50
2016.10.12 15:34:42.089,1.04442,1.04444,1.69,1.00
2016.10.12 15:34:42.141,1.04442,1.04444,1.25,1.50
2016.10.12 15:34:42.192,1.04442,1.04443,1.00,1.00
2016.10.12 15:34:42.295,1.04442,1.04445,1.00,2.62
2016.10.12 15:34:42.398,1.04441,1.04443,1.00,1.00
2016.10.12 15:34:42.509,1.04439,1.04442,3.56,1.50
2016.10.12 15:34:42.560,1.04439,1.04442,3.56,1.87
2016.10.12 15:34:42.809,1.04439,1.04441,1.69,1.00
2016.10.12 15:34:43.779,1.04439,1.0444,1.69,1.00
2016.10.12 15:34:43.830,1.04438,1.0444,1.50,1.00
2016.10.12 15:34:43.934,1.04439,1.0444,1.00,1.00
2016.10.12 15:34:44.242,1.04438,1.0444,1.00,1.50
2016.10.12 15:34:44.294,1.04437,1.04439,2.44,1.00
2016.10.12 15:34:44.533,1.04437,1.04439,1.00,1.50
2016.10.12 15:34:44.778,1.04437,1.0444,1.00,4.12
2016.10.12 15:34:44.830,1.04437,1.0444,1.00,4.87
2016.10.12 15:34:44.883,1.04437,1.04438,1.00,1.00
2016.10.12 15:34:44.985,1.04437,1.04439,1.00,1.12
2016.10.12 15:34:45.521,1.04436,1.04438,1.50,1.00
2016.10.12 15:34:45.769,1.04437,1.04439,1.50,1.12
2016.10.12 15:34:46.387,1.04437,1.04439,1.00,1.87
2016.10.12 15:34:46.438,1.04436,1.04439,1.50,1.87
2016.10.12 15:34:46.490,1.04436,1.04438,1.50,1.00
2016.10.12 15:34:46.542,1.04437,1.04438,1.00,1.00
2016.10.12 15:34:46.801,1.04437,1.0444,1.00,4.50
2016.10.12 15:34:46.915,1.04437,1.0444,1.50,4.12
2016.10.12 15:34:47.120,1.04437,1.04439,1.50,1.00
2016.10.12 15:34:48.141,1.04437,1.04439,1.00,2.25
2016.10.12 15:34:50.244,1.04437,1.04439,1.00,2.62
2016.10.12 15:34:50.346,1.04437,1.04439,1.00,3.00
2016.10.12 15:34:50.651,1.04437,1.04439,1.50,3.00
2016.10.12 15:34:50.855,1.04437,1.0444,1.50,4.87
2016.10.12 15:34:50.906,1.04437,1.0444,1.50,4.12
2016.10.12 15:34:51.008,1.04437,1.0444,1.50,4.31
2016.10.12 15:34:52.199,1.04437,1.0444,1.50,4.31
2016.10.12 15:34:54.458,1.04437,1.0444,1.50,3.94
2016.10.12 15:34:55.014,1.04437,1.0444,1.50,3.19
2016.10.12 15:34:55.726,1.04437,1.0444,1.50,3.00
2016.10.12 15:34:56.681,1.04434,1.04435,2.25,1.87
2016.10.12 15:34:56.733,1.04431,1.04433,3.00,1.00
2016.10.12 15:34:56.835,1.04431,1.04434,3.00,3.37
2016.10.12 15:34:57.039,1.04431,1.04434,3.00,3.56
2016.10.12 15:34:57.141,1.04432,1.04433,1.87,1.00
2016.10.12 15:34:57.243,1.04434,1.04436,1.00,3.37
2016.10.12 15:34:57.295,1.04435,1.04437,1.00,2.62
2016.10.12 15:34:57.397,1.04436,1.04438,1.00,1.50
2016.10.12 15:34:57.652,1.04437,1.04438,1.50,1.50
2016.10.12 15:34:57.728,1.04437,1.0444,1.50,4.35
2016.10.12 15:34:59.437,1.04437,1.0444,1.50,3.37
2016.10.12 15:34:59.488,1.04437,1.04439,1.50,1.37
2016.10.12 15:35:00.412,1.04437,1.0444,1.50,3.00
2016.10.12 15:35:01.324,1.04437,1.0444,2.47,3.00
2016.10.12 15:35:01.375,1.0444,1.04442,1.00,7.27
2016.10.12 15:35:01.428,1.04441,1.04442,1.00,5.40
2016.10.12 15:35:01.479,1.04441,1.04444,1.50,7.50
2016.10.12 15:35:01.531,1.04441,1.04444,1.50,5.25
2016.10.12 15:35:01.582,1.04442,1.04443,1.00,1.00
2016.10.12 15:35:01.684,1.04442,1.04443,1.50,1.00
2016.10.12 15:35:02.706,1.04442,1.04444,1.50,1.50
2016.10.12 15:35:02.808,1.04442,1.04445,1.50,3.75
2016.10.12 15:35:02.859,1.04442,1.04444,1.50,1.50
2016.10.12 15:35:02.961,1.04442,1.04445,1.50,3.75
2016.10.12 15:35:03.413,1.04442,1.04445,1.50,3.94
2016.10.12 15:35:03.519,1.04442,1.04444,1.50,3.75
2016.10.12 15:35:03.672,1.04442,1.04444,1.00,3.75
2016.10.12 15:35:04.870,1.04441,1.04444,1.50,4.50
2016.10.12 15:35:04.922,1.04441,1.04443,1.00,3.00
2016.10.12 15:35:04.973,1.0444,1.04442,2.25,1.12
2016.10.12 15:35:05.076,1.04441,1.04442,1.00,1.12
2016.10.12 15:35:05.178,1.0444,1.04442,1.50,1.00
2016.10.12 15:35:05.229,1.04439,1.04441,2.06,1.50
2016.10.12 15:35:05.582,1.0444,1.04441,1.00,1.50
2016.10.12 15:35:05.649,1.0444,1.04441,1.00,1.00
2016.10.12 15:35:06.172,1.04442,1.04443,1.00,2.25
2016.10.12 15:35:06.224,1.0444,1.04444,1.50,4.50
2016.10.12 15:35:06.615,1.0444,1.04444,2.25,3.00
2016.10.12 15:35:06.669,1.04441,1.04443,1.00,1.00
2016.10.12 15:35:06.923,1.04441,1.04444,1.50,3.00
2016.10.12 15:35:06.975,1.04441,1.04444,1.50,2.25
2016.10.12 15:35:07.282,1.04441,1.04444,2.25,3.00
2016.10.12 15:35:07.770,1.04441,1.04444,1.50,2.25
2016.10.12 15:35:07.821,1.04441,1.04442,1.00,2.62
2016.10.12 15:35:07.873,1.04439,1.04442,1.87,3.00
2016.10.12 15:35:07.924,1.04439,1.0444,1.00,1.12
2016.10.12 15:35:07.975,1.04437,1.04439,1.00,1.12
2016.10.12 15:35:08.026,1.04436,1.04438,5.62,1.00
2016.10.12 15:35:08.077,1.04436,1.04438,3.37,1.50
2016.10.12 15:35:08.128,1.04436,1.04438,1.87,1.50
2016.10.12 15:35:08.230,1.04436,1.04438,1.50,1.50
2016.10.12 15:35:08.281,1.04435,1.04438,1.00,1.50
2016.10.12 15:35:08.928,1.04435,1.04438,1.12,1.50
2016.10.12 15:35:09.781,1.04434,1.04437,5.70,1.12
2016.10.12 15:35:09.834,1.04435,1.04437,1.50,1.12
2016.10.12 15:35:12.600,1.04434,1.04436,5.92,1.00
2016.10.12 15:35:12.996,1.04434,1.04436,3.22,1.00
2016.10.12 15:35:13.235,1.04434,1.04436,2.62,1.00
2016.10.12 15:35:13.572,1.04434,1.04436,2.25,1.00
2016.10.12 15:35:13.623,1.04434,1.04436,1.00,1.00
2016.10.12 15:35:13.775,1.04434,1.04436,1.00,1.00
2016.10.12 15:35:14.146,1.04433,1.04436,2.62,1.00
2016.10.12 15:35:14.452,1.04433,1.04436,1.87,1.00
2016.10.12 15:35:14.504,1.04432,1.04435,6.64,1.00
2016.10.12 15:35:14.557,1.04432,1.04434,4.20,1.00
2016.10.12 15:35:14.626,1.04431,1.04434,4.87,1.00
2016.10.12 15:35:14.730,1.04431,1.04433,2.62,1.00
2016.10.12 15:35:14.990,1.04432,1.04434,1.00,1.00
2016.10.12 15:35:15.298,1.04432,1.04434,1.00,1.50
2016.10.12 15:35:15.603,1.04431,1.04434,2.25,1.50
2016.10.12 15:35:16.094,1.04432,1.04436,1.00,2.62
2016.10.12 15:35:16.146,1.04432,1.04436,1.00,1.12
2016.10.12 15:35:16.198,1.04432,1.04434,1.00,1.00
2016.10.12 15:35:16.301,1.04433,1.04434,1.00,1.50
2016.10.12 15:35:16.507,1.04432,1.04434,1.00,1.00
2016.10.12 15:35:16.609,1.04432,1.04436,1.00,1.12
2016.10.12 15:35:17.368,1.04432,1.04436,1.00,1.50
2016.10.12 15:35:18.655,1.04432,1.04434,1.00,1.00
2016.10.12 15:35:18.706,1.04432,1.04434,1.00,1.50
2016.10.12 15:35:18.757,1.04432,1.04434,1.12,1.50
2016.10.12 15:35:19.427,1.04432,1.04434,1.00,1.50
2016.10.12 15:35:19.937,1.04433,1.04434,1.00,1.50
2016.10.12 15:35:21.017,1.04433,1.04434,1.50,1.00
2016.10.12 15:35:21.069,1.04434,1.04436,1.00,1.50
2016.10.12 15:35:21.120,1.04434,1.04436,1.00,2.25
2016.10.12 15:35:21.273,1.04433,1.04436,1.00,1.50
2016.10.12 15:35:21.630,1.04432,1.04434,3.45,1.00
2016.10.12 15:35:21.681,1.04433,1.04436,1.00,2.25
2016.10.12 15:35:21.732,1.04432,1.04434,1.00,1.00
2016.10.12 15:35:21.784,1.04431,1.04434,3.75,1.50
2016.10.12 15:35:21.835,1.04431,1.04434,2.25,1.00
2016.10.12 15:35:22.034,1.04431,1.04434,1.25,1.50
2016.10.12 15:35:22.086,1.0443,1.04433,2.25,1.00
2016.10.12 15:35:22.239,1.0443,1.04433,2.25,1.50
2016.10.12 15:35:22.290,1.0443,1.04433,2.62,1.50
2016.10.12 15:35:22.341,1.0443,1.04433,3.22,1.50
2016.10.12 15:35:22.393,1.0443,1.04433,2.85,1.50
2016.10.12 15:35:22.594,1.0443,1.04433,3.22,1.50
2016.10.12 15:35:22.646,1.04434,1.04435,1.00,1.00
2016.10.12 15:35:23.086,1.04434,1.04436,2.25,1.00
2016.10.12 15:35:23.137,1.04434,1.04437,10.87,1.00
2016.10.12 15:35:23.241,1.04435,1.04437,1.00,1.00
2016.10.12 15:35:23.401,1.04437,1.04439,1.00,2.62
2016.10.12 15:35:23.453,1.04437,1.04438,1.00,1.00
2016.10.12 15:35:23.555,1.04437,1.04439,1.50,1.00
2016.10.12 15:35:23.657,1.04437,1.0444,1.50,1.87
2016.10.12 15:35:23.972,1.04437,1.0444,9.00,1.87
2016.10.12 15:35:24.024,1.04437,1.04439,8.25,1.00
2016.10.12 15:35:24.126,1.04437,1.04439,8.25,1.50
2016.10.12 15:35:24.354,1.04437,1.04439,9.00,1.50
2016.10.12 15:35:24.564,1.04437,1.04439,9.75,1.00
2016.10.12 15:35:24.671,1.04437,1.0444,9.75,1.87
2016.10.12 15:35:24.948,1.04437,1.04439,9.00,1.00
2016.10.12 15:35:24.999,1.04437,1.04439,7.50,1.00
2016.10.12 15:35:25.102,1.04436,1.04439,3.00,1.50
2016.10.12 15:35:25.154,1.04435,1.04438,3.00,1.00
2016.10.12 15:35:25.205,1.04435,1.04438,2.25,1.00
2016.10.12 15:35:25.257,1.04435,1.04438,2.25,1.50
2016.10.12 15:35:25.512,1.04435,1.04438,1.50,1.50
2016.10.12 15:35:25.614,1.04435,1.04438,1.50,2.25
2016.10.12 15:35:25.666,1.04435,1.04437,1.50,1.00
2016.10.12 15:35:25.965,1.04434,1.04437,10.87,1.00
2016.10.12 15:35:26.597,1.04434,1.04437,9.37,1.00
2016.10.12 15:35:27.637,1.04434,1.04437,1.50,1.50
2016.10.12 15:35:27.703,1.04434,1.04437,1.50,2.62
2016.10.12 15:35:27.806,1.04434,1.04437,1.00,2.62
2016.10.12 15:35:27.857,1.04434,1.04437,1.00,1.87
2016.10.12 15:35:27.908,1.04434,1.04437,1.50,1.50
2016.10.12 15:35:28.010,1.04434,1.04437,1.87,1.50
2016.10.12 15:35:28.061,1.04434,1.04436,1.12,1.00
2016.10.12 15:35:28.694,1.04434,1.04436,1.87,1.00
2016.10.12 15:35:29.021,1.04434,1.04436,2.25,1.00
2016.10.12 15:35:29.918,1.04434,1.04436,1.87,1.00
2016.10.12 15:35:30.070,1.04434,1.04436,2.10,1.00
2016.10.12 15:35:30.121,1.04436,1.04438,1.00,1.12
2016.10.12 15:35:30.173,1.04436,1.04438,1.00,1.87
2016.10.12 15:35:30.224,1.04436,1.04438,1.00,1.50
2016.10.12 15:35:30.750,1.04435,1.04438,4.50,1.50
2016.10.12 15:35:30.971,1.04435,1.04438,3.00,1.50
2016.10.12 15:35:31.022,1.04435,1.04438,2.25,1.50
2016.10.12 15:35:31.430,1.04435,1.04438,2.62,1.50
2016.10.12 15:35:31.481,1.04435,1.04438,3.00,1.50
2016.10.12 15:35:31.724,1.04437,1.04438,1.00,1.50
2016.10.12 15:35:32.835,1.04436,1.04438,1.50,1.50
2016.10.12 15:35:32.992,1.04436,1.04438,1.00,1.50
2016.10.12 15:35:33.198,1.04439,1.0444,1.00,1.50
2016.10.12 15:35:33.251,1.04439,1.04441,1.25,1.00
2016.10.12 15:35:33.328,1.04438,1.04441,6.22,1.50
2016.10.12 15:35:33.381,1.04439,1.04442,1.69,1.75
2016.10.12 15:35:33.594,1.04439,1.04442,1.50,1.12
2016.10.12 15:35:33.645,1.04439,1.04442,1.00,1.12
2016.10.12 15:35:34.318,1.04438,1.04442,4.31,1.12
2016.10.12 15:35:34.764,1.04438,1.04442,3.56,1.12
2016.10.12 15:35:35.030,1.0444,1.04443,1.00,4.12
2016.10.12 15:35:35.132,1.04441,1.04443,1.00,3.37
2016.10.12 15:35:35.183,1.04441,1.04443,1.00,4.12
2016.10.12 15:35:35.234,1.04441,1.04443,1.00,3.37
2016.10.12 15:35:35.285,1.04441,1.04443,2.12,2.25
2016.10.12 15:35:35.336,1.04441,1.04443,2.12,3.00
2016.10.12 15:35:35.388,1.0444,1.04443,1.00,3.00
2016.10.12 15:35:35.532,1.04441,1.04443,1.00,2.25
2016.10.12 15:35:35.796,1.04441,1.04443,1.50,1.87
2016.10.12 15:35:35.898,1.04441,1.04443,1.00,1.87
2016.10.12 15:35:36.407,1.04441,1.04443,1.50,1.87
2016.10.12 15:35:36.921,1.04441,1.04443,1.00,1.87
2016.10.12 15:35:38.154,1.04441,1.04444,1.00,2.62
2016.10.12 15:35:38.769,1.04441,1.04444,1.12,1.87
2016.10.12 15:35:38.922,1.04441,1.04444,1.12,1.50
2016.10.12 15:35:39.126,1.04441,1.04444,1.12,1.87
2016.10.12 15:35:39.328,1.04441,1.04444,1.87,1.87
2016.10.12 15:35:39.380,1.04441,1.04444,1.87,1.50
2016.10.12 15:35:39.482,1.04441,1.04445,2.62,3.37
2016.10.12 15:35:39.534,1.04441,1.04445,2.62,2.62
2016.10.12 15:35:39.623,1.04441,1.04445,2.62,2.25
2016.10.12 15:35:39.877,1.04441,1.04445,2.62,3.75
2016.10.12 15:35:40.322,1.04442,1.04445,1.75,3.75
2016.10.12 15:35:41.513,1.04442,1.04445,1.87,3.75
2016.10.12 15:35:41.615,1.04443,1.04445,1.50,3.00
2016.10.12 15:35:41.837,1.04443,1.04445,1.50,2.25
2016.10.12 15:35:41.946,1.04442,1.04445,1.87,2.25
2016.10.12 15:35:41.997,1.04442,1.04445,1.75,3.19
2016.10.12 15:35:42.660,1.04441,1.04444,2.62,2.25
2016.10.12 15:35:44.015,1.04442,1.04444,1.50,2.25
2016.10.12 15:35:44.066,1.04442,1.04444,1.50,1.00
2016.10.12 15:35:44.117,1.04442,1.04444,1.87,1.00
2016.10.12 15:35:44.270,1.04442,1.04445,2.62,3.00
2016.10.12 15:35:44.322,1.04442,1.04445,3.00,2.25
2016.10.12 15:35:44.373,1.04442,1.04445,3.00,1.00
2016.10.12 15:35:44.424,1.04442,1.04446,3.37,2.44
2016.10.12 15:35:44.476,1.04444,1.04447,1.50,2.81
2016.10.12 15:35:44.527,1.04446,1.04448,1.50,3.00
2016.10.12 15:35:45.042,1.04447,1.04451,1.75,3.75
2016.10.12 15:35:45.195,1.04447,1.04451,1.50,3.75
2016.10.12 15:35:45.575,1.04447,1.04451,1.50,2.25
2016.10.12 15:35:45.628,1.04447,1.04451,1.50,1.50
2016.10.12 15:35:46.329,1.04449,1.04451,1.00,1.00
2016.10.12 15:35:46.483,1.04448,1.04451,1.12,1.00
2016.10.12 15:35:46.534,1.04448,1.04451,1.87,1.00
2016.10.12 15:35:46.637,1.04448,1.04451,1.87,1.50
2016.10.12 15:35:46.740,1.04448,1.04451,1.87,1.00
2016.10.12 15:35:46.842,1.04448,1.04451,1.87,1.50
2016.10.12 15:35:47.090,1.04449,1.04451,1.00,1.50
2016.10.12 15:35:47.295,1.04449,1.04451,1.00,2.25
2016.10.12 15:35:47.398,1.04448,1.04451,1.87,2.25
2016.10.12 15:35:47.501,1.04447,1.0445,2.25,3.00
2016.10.12 15:35:48.473,1.04447,1.0445,2.44,3.00
2016.10.12 15:35:48.786,1.04447,1.04449,1.69,1.00
2016.10.12 15:35:48.837,1.04445,1.04449,5.06,1.00
2016.10.12 15:35:49.141,1.04446,1.04449,1.31,1.00
2016.10.12 15:35:49.938,1.04447,1.04448,1.25,1.00
2016.10.12 15:35:50.193,1.04447,1.0445,1.69,3.75
2016.10.12 15:35:50.244,1.04448,1.0445,1.12,2.25
2016.10.12 15:35:50.296,1.04448,1.0445,1.12,1.00
2016.10.12 15:35:50.450,1.04448,1.0445,2.25,1.00
2016.10.12 15:35:50.705,1.04448,1.0445,3.75,1.00
2016.10.12 15:35:51.367,1.04448,1.0445,1.12,1.00
2016.10.12 15:35:51.774,1.04448,1.0445,2.25,1.00
2016.10.12 15:35:51.825,1.04448,1.0445,1.12,1.00
2016.10.12 15:35:52.320,1.04448,1.0445,1.50,1.00
2016.10.12 15:35:52.626,1.04448,1.04451,1.50,1.50
2016.10.12 15:35:52.998,1.04448,1.04451,1.12,1.50
2016.10.12 15:35:53.151,1.04448,1.04451,2.25,1.50
2016.10.12 15:35:53.388,1.04448,1.04451,3.75,1.50
2016.10.12 15:35:53.757,1.04448,1.04451,4.50,1.50
2016.10.12 15:35:53.860,1.04448,1.0445,3.94,1.00
2016.10.12 15:35:53.912,1.04448,1.0445,4.69,1.50
2016.10.12 15:35:53.963,1.04448,1.0445,1.00,2.25
2016.10.12 15:35:54.015,1.04447,1.0445,2.81,2.25
2016.10.12 15:35:54.271,1.04447,1.04449,2.81,1.00
2016.10.12 15:35:54.427,1.04447,1.04449,2.81,1.50
2016.10.12 15:35:54.479,1.04447,1.04449,1.31,1.50
2016.10.12 15:35:54.531,1.04446,1.04449,5.44,1.50
2016.10.12 15:35:54.746,1.04446,1.04449,4.69,1.50
2016.10.12 15:35:55.263,1.04447,1.0445,3.37,2.25
2016.10.12 15:35:55.315,1.04447,1.0445,3.56,1.00
2016.10.12 15:35:55.766,1.04448,1.0445,2.62,1.00
2016.10.12 15:35:55.818,1.04448,1.04451,3.37,1.50
2016.10.12 15:35:55.885,1.04448,1.04451,3.75,1.00
2016.10.12 15:35:56.430,1.04449,1.04452,1.87,1.00
2016.10.12 15:35:56.532,1.04449,1.04452,1.00,1.00
2016.10.12 15:35:56.583,1.04449,1.04452,1.00,1.50
2016.10.12 15:35:56.684,1.04448,1.0445,3.75,1.00
2016.10.12 15:35:58.839,1.04448,1.0445,1.12,1.00
2016.10.12 15:35:58.890,1.04448,1.04451,1.87,1.50
2016.10.12 15:35:58.941,1.04448,1.04451,3.75,1.50
2016.10.12 15:35:59.196,1.04448,1.04451,3.75,1.00
2016.10.12 15:35:59.602,1.04448,1.04451,3.75,1.50
2016.10.12 15:36:00.080,1.04448,1.04451,3.75,1.00
2016.10.12 15:36:00.183,1.04448,1.04449,3.00,1.00
2016.10.12 15:36:00.338,1.04448,1.04449,3.00,1.19
2016.10.12 15:36:00.440,1.04446,1.04449,5.44,1.19
2016.10.12 15:36:00.559,1.04447,1.04449,3.56,1.19
2016.10.12 15:36:01.026,1.04447,1.0445,4.31,1.15
2016.10.12 15:36:01.247,1.04447,1.04449,3.56,1.19
2016.10.12 15:36:01.450,1.04447,1.0445,5.06,1.65
2016.10.12 15:36:01.502,1.04449,1.04452,1.00,2.40
2016.10.12 15:36:01.553,1.04451,1.04452,1.12,1.50
2016.10.12 15:36:01.604,1.04451,1.04453,1.12,1.00
2016.10.12 15:36:01.656,1.04451,1.04454,1.87,1.00
2016.10.12 15:36:01.707,1.04451,1.04454,2.25,1.00
2016.10.12 15:36:01.937,1.04451,1.04454,4.87,1.00
2016.10.12 15:36:02.450,1.04452,1.04455,1.12,2.25
2016.10.12 15:36:02.501,1.04453,1.04455,1.00,2.25
2016.10.12 15:36:02.604,1.04454,1.04456,1.00,2.70
2016.10.12 15:36:02.656,1.04454,1.04456,1.00,2.25
2016.10.12 15:36:03.761,1.04454,1.04456,1.50,2.25
2016.10.12 15:36:04.066,1.04454,1.04456,1.50,1.50
2016.10.12 15:36:04.117,1.04455,1.04457,1.00,2.25
2016.10.12 15:36:04.345,1.04456,1.04459,1.50,5.25
2016.10.12 15:36:04.396,1.04456,1.04459,1.50,4.50
2016.10.12 15:36:04.600,1.04456,1.04459,1.50,3.75
2016.10.12 15:36:04.804,1.04456,1.04458,1.50,1.00
2016.10.12 15:36:04.957,1.04457,1.04458,1.00,1.00
2016.10.12 15:36:05.059,1.04457,1.04458,1.50,1.00
2016.10.12 15:36:05.614,1.04457,1.04459,1.00,4.87
2016.10.12 15:36:05.665,1.04456,1.04457,1.00,1.25
2016.10.12 15:36:05.716,1.04455,1.04456,1.50,1.00
2016.10.12 15:36:05.767,1.04455,1.04457,1.50,1.69
2016.10.12 15:36:05.818,1.04455,1.04457,1.50,1.69
2016.10.12 15:36:05.869,1.04455,1.04456,1.50,1.00
2016.10.12 15:36:06.088,1.04455,1.04457,1.50,1.50
2016.10.12 15:36:06.291,1.04456,1.04457,1.00,1.00
2016.10.12 15:36:06.444,1.04457,1.04459,1.00,4.20
2016.10.12 15:36:06.495,1.04457,1.04459,1.50,3.94
2016.10.12 15:36:06.546,1.04457,1.04459,1.00,6.04
2016.10.12 15:36:06.597,1.04456,1.04458,1.50,1.00
2016.10.12 15:36:06.699,1.04456,1.04459,1.50,4.69
2016.10.12 15:36:07.178,1.04457,1.04459,1.50,3.19
2016.10.12 15:36:07.280,1.04457,1.04458,1.50,1.00
2016.10.12 15:36:07.382,1.04457,1.04459,1.50,3.19
2016.10.12 15:36:08.194,1.04457,1.04459,1.50,3.00
2016.10.12 15:36:08.398,1.04457,1.04458,1.50,1.00
2016.10.12 15:36:08.856,1.04458,1.04459,1.00,4.50
2016.10.12 15:36:08.907,1.04456,1.04458,1.50,1.00
2016.10.12 15:36:08.959,1.04457,1.04459,1.00,4.50
2016.10.12 15:36:09.010,1.04457,1.04458,1.50,1.00
2016.10.12 15:36:09.222,1.04457,1.04459,1.00,4.87
2016.10.12 15:36:09.273,1.04455,1.04457,1.87,1.00
2016.10.12 15:36:09.324,1.04455,1.04457,1.50,1.00
2016.10.12 15:36:09.579,1.04456,1.04457,1.00,1.00
2016.10.12 15:36:09.682,1.04456,1.04457,1.50,1.00
2016.10.12 15:36:09.887,1.04456,1.04457,1.00,1.50
2016.10.12 15:36:10.175,1.04455,1.04456,1.50,1.00
2016.10.12 15:36:10.622,1.04455,1.04456,1.50,1.50
2016.10.12 15:36:10.801,1.04455,1.04457,1.00,1.50
2016.10.12 15:36:10.903,1.04455,1.04457,1.50,1.00
2016.10.12 15:36:11.005,1.04455,1.04456,1.50,1.50
2016.10.12 15:36:11.056,1.04455,1.04456,1.00,1.50
2016.10.12 15:36:11.210,1.04455,1.04456,1.00,1.00
2016.10.12 15:36:11.740,1.04455,1.04457,1.00,1.00
2016.10.12 15:36:12.198,1.04455,1.04458,1.00,5.62
2016.10.12 15:36:12.299,1.04455,1.04458,1.00,5.44
2016.10.12 15:36:12.610,1.04455,1.04457,1.00,1.00
2016.10.12 15:36:12.730,1.04455,1.04457,1.00,1.50
2016.10.12 15:36:12.934,1.04454,1.04456,1.50,1.00
2016.10.12 15:36:15.749,1.04454,1.04455,1.00,1.50
2016.10.12 15:36:15.801,1.04452,1.04453,5.62,1.00
2016.10.12 15:36:15.853,1.04452,1.04453,3.37,1.50
2016.10.12 15:36:15.905,1.04451,1.04452,4.87,1.00
2016.10.12 15:36:15.957,1.04451,1.04452,1.00,1.25
2016.10.12 15:36:16.008,1.04451,1.04453,1.00,3.97
2016.10.12 15:36:16.280,1.0445,1.04453,1.50,3.56
2016.10.12 15:36:16.332,1.0445,1.04452,1.00,1.50
2016.10.12 15:36:16.497,1.0445,1.04453,1.50,3.56
2016.10.12 15:36:16.955,1.0445,1.04453,1.50,3.37
2016.10.12 15:36:17.006,1.0445,1.04452,1.50,1.00
2016.10.12 15:36:17.303,1.0445,1.04452,1.00,1.00
2016.10.12 15:36:17.458,1.04449,1.04451,1.87,1.00
2016.10.12 15:36:17.515,1.04449,1.04451,1.12,1.00
2016.10.12 15:36:17.872,1.04449,1.04452,1.87,1.50
2016.10.12 15:36:19.341,1.04449,1.04451,1.12,1.00
2016.10.12 15:36:19.392,1.04448,1.0445,1.50,1.00
2016.10.12 15:36:19.443,1.04448,1.0445,1.50,1.50
2016.10.12 15:36:19.661,1.04448,1.0445,1.50,1.00
2016.10.12 15:36:19.736,1.04448,1.04451,1.87,1.50
2016.10.12 15:36:20.041,1.04448,1.04451,1.87,1.00
2016.10.12 15:36:20.498,1.04448,1.0445,1.12,1.00
2016.10.12 15:36:20.650,1.04448,1.0445,1.12,1.50
2016.10.12 15:36:20.921,1.04447,1.0445,2.25,1.50
2016.10.12 15:36:20.972,1.04447,1.04449,1.50,1.00
2016.10.12 15:36:21.645,1.04447,1.04449,1.50,1.50
2016.10.12 15:36:22.053,1.04447,1.04449,1.50,1.00
2016.10.12 15:36:22.105,1.04447,1.04449,1.12,1.00
2016.10.12 15:36:22.156,1.04447,1.0445,1.87,1.00
2016.10.12 15:36:22.361,1.04447,1.0445,1.50,1.00
2016.10.12 15:36:22.412,1.04448,1.0445,1.00,1.00
2016.10.12 15:36:22.506,1.04448,1.0445,1.12,1.00
2016.10.12 15:36:23.004,1.04449,1.04451,1.00,1.00
2016.10.12 15:36:23.055,1.04449,1.04453,1.00,3.75
2016.10.12 15:36:23.107,1.0445,1.04453,1.00,3.00
2016.10.12 15:36:23.158,1.0445,1.04453,3.00,1.00
2016.10.12 15:36:23.209,1.0445,1.04453,3.75,1.00
2016.10.12 15:36:23.260,1.0445,1.04453,3.00,1.00
2016.10.12 15:36:23.464,1.04451,1.04452,1.00,1.00
2016.10.12 15:36:23.567,1.04449,1.04451,1.12,1.00
2016.10.12 15:36:24.455,1.04449,1.0445,1.12,1.00
2016.10.12 15:36:25.125,1.04449,1.04451,1.12,1.00
2016.10.12 15:36:25.834,1.04449,1.04452,1.12,1.00
2016.10.12 15:36:25.886,1.04449,1.04452,1.12,3.04
2016.10.12 15:36:25.937,1.04449,1.0445,1.12,1.12
2016.10.12 15:36:25.989,1.04448,1.0445,1.00,1.12
2016.10.12 15:36:26.518,1.04446,1.0445,4.12,1.12
2016.10.12 15:36:26.569,1.04446,1.0445,3.37,1.12
2016.10.12 15:36:27.433,1.04446,1.0445,3.00,1.12
2016.10.12 15:36:28.694,1.04446,1.04448,2.25,1.00
2016.10.12 15:36:29.430,1.04449,1.04451,1.00,2.85
2016.10.12 15:36:29.481,1.0445,1.04453,1.00,3.20
2016.10.12 15:36:29.532,1.04451,1.04453,1.00,1.37
2016.10.12 15:36:29.627,1.04451,1.04454,1.12,1.00
2016.10.12 15:36:30.574,1.04451,1.04454,2.62,1.00
2016.10.12 15:36:30.859,1.04451,1.04454,3.00,1.00
2016.10.12 15:36:30.962,1.04453,1.04455,1.00,1.00
2016.10.12 15:36:31.908,1.04454,1.04455,1.00,1.00
2016.10.12 15:36:31.960,1.04454,1.04456,1.00,1.50
2016.10.12 15:36:32.011,1.04454,1.04457,1.00,4.50
2016.10.12 15:36:32.082,1.04454,1.04456,1.00,1.00
2016.10.12 15:36:32.439,1.04454,1.04457,1.00,3.75
2016.10.12 15:36:32.557,1.04454,1.04457,1.00,3.00
2016.10.12 15:36:32.608,1.04454,1.04457,1.00,3.75
2016.10.12 15:36:32.870,1.04454,1.04456,1.00,1.12
2016.10.12 15:36:34.319,1.04453,1.04456,1.00,1.12
2016.10.12 15:36:34.573,1.04453,1.04455,1.00,1.00
2016.10.12 15:36:35.261,1.04454,1.04455,1.00,1.00
2016.10.12 15:36:35.576,1.04451,1.04454,2.25,1.00
2016.10.12 15:36:36.638,1.04452,1.04455,1.00,1.50
2016.10.12 15:36:38.315,1.04457,1.04458,1.00,10.87
2016.10.12 15:36:38.366,1.04458,1.0446,1.00,21.00
2016.10.12 15:36:38.469,1.04458,1.04459,1.00,1.12
2016.10.12 15:36:38.716,1.04458,1.0446,1.00,2.62
2016.10.12 15:36:38.767,1.04459,1.0446,1.00,3.37
2016.10.12 15:36:38.870,1.04459,1.0446,1.00,1.00
2016.10.12 15:36:39.077,1.04459,1.04461,1.00,1.12
2016.10.12 15:36:39.129,1.0446,1.04462,1.00,3.00
2016.10.12 15:36:39.180,1.04461,1.04462,1.00,2.25
2016.10.12 15:36:39.385,1.04461,1.04463,1.00,2.62
2016.10.12 15:36:39.674,1.04462,1.04463,1.00,2.25
2016.10.12 15:36:39.755,1.04462,1.04463,1.00,1.00
2016.10.12 15:36:41.301,1.04462,1.04463,1.50,1.00
2016.10.12 15:36:41.861,1.04462,1.04464,1.50,2.81
2016.10.12 15:36:41.912,1.04462,1.04464,1.50,1.31
2016.10.12 15:36:42.299,1.04462,1.04463,1.50,1.00
2016.10.12 15:36:42.402,1.04462,1.04463,1.00,1.00
2016.10.12 15:36:42.608,1.0446,1.04462,1.50,1.00
2016.10.12 15:36:42.659,1.0446,1.04463,1.50,2.25
2016.10.12 15:36:42.711,1.0446,1.04463,1.50,1.50
2016.10.12 15:36:43.326,1.04461,1.04463,1.00,1.50
2016.10.12 15:36:43.377,1.04462,1.04463,1.50,1.00
2016.10.12 15:36:43.723,1.04462,1.04463,1.00,1.00
2016.10.12 15:36:43.774,1.04461,1.04463,1.50,1.00
2016.10.12 15:36:43.825,1.04461,1.04463,1.50,1.00
2016.10.12 15:36:43.876,1.04461,1.04462,1.00,1.00
2016.10.12 15:36:43.927,1.04461,1.04463,1.50,1.00
2016.10.12 15:36:43.978,1.04462,1.04463,1.00,1.00
2016.10.12 15:36:44.030,1.04461,1.04463,1.50,1.00
2016.10.12 15:36:44.182,1.04461,1.04464,1.50,2.81
2016.10.12 15:36:44.411,1.04462,1.04464,1.00,2.44
2016.10.12 15:36:44.465,1.04462,1.04464,1.50,1.87
2016.10.12 15:36:44.516,1.04463,1.04464,1.00,1.00
2016.10.12 15:36:44.598,1.04461,1.04463,3.00,1.00
2016.10.12 15:36:44.649,1.04461,1.04462,1.50,1.00
2016.10.12 15:36:45.557,1.04461,1.04463,1.87,1.00
2016.10.12 15:36:45.650,1.04462,1.04463,1.50,1.00
2016.10.12 15:36:45.803,1.04462,1.04464,1.50,2.25
2016.10.12 15:36:45.854,1.04462,1.04464,1.50,1.00
2016.10.12 15:36:46.226,1.04462,1.04464,1.87,1.00
2016.10.12 15:36:48.779,1.04462,1.04464,1.87,1.00
2016.10.12 15:36:49.103,1.04462,1.04465,1.87,3.00
2016.10.12 15:36:49.155,1.04463,1.04465,1.00,1.50
2016.10.12 15:36:49.206,1.04462,1.04465,1.87,1.00
2016.10.12 15:36:49.257,1.04462,1.04465,1.87,1.50
2016.10.12 15:36:49.308,1.04463,1.04464,1.00,1.50
2016.10.12 15:36:49.411,1.04461,1.04463,1.87,1.00
2016.10.12 15:36:49.462,1.04461,1.04463,1.87,1.00
2016.10.12 15:36:49.571,1.04461,1.04462,1.87,1.00
2016.10.12 15:36:49.690,1.0446,1.04462,1.50,1.00
2016.10.12 15:36:49.946,1.04457,1.04458,2.62,1.69
2016.10.12 15:36:49.998,1.04457,1.04458,1.12,1.00
2016.10.12 15:36:50.151,1.04456,1.04458,9.00,1.00
2016.10.12 15:36:50.862,1.04456,1.04458,1.50,1.00
2016.10.12 15:36:51.697,1.04457,1.04459,1.00,3.00
2016.10.12 15:36:52.152,1.04458,1.0446,1.50,1.50
2016.10.12 15:36:52.203,1.04458,1.0446,1.50,1.00
2016.10.12 15:36:52.950,1.04459,1.04461,1.00,3.19
2016.10.12 15:36:53.207,1.04455,1.04457,3.75,5.47
2016.10.12 15:36:53.258,1.04454,1.04455,1.87,1.12
2016.10.12 15:36:53.310,1.04452,1.04453,6.00,1.50
2016.10.12 15:36:53.361,1.0445,1.04451,2.62,1.00
2016.10.12 15:36:53.412,1.04449,1.04451,6.37,2.87
2016.10.12 15:36:53.488,1.04449,1.0445,1.50,1.00
2016.10.12 15:36:53.754,1.04448,1.0445,2.25,1.00
2016.10.12 15:36:53.805,1.04448,1.0445,1.00,1.50
2016.10.12 15:36:54.213,1.04448,1.0445,1.50,1.00
2016.10.12 15:36:54.316,1.04448,1.04451,1.50,1.50
2016.10.12 15:36:54.367,1.04448,1.04449,1.50,1.00
2016.10.12 15:36:54.418,1.04448,1.04451,1.50,4.35
2016.10.12 15:36:54.469,1.04445,1.04447,1.00,2.25
2016.10.12 15:36:54.782,1.04448,1.0445,1.00,2.10
2016.10.12 15:36:54.863,1.04449,1.04451,1.12,1.25
2016.10.12 15:36:54.915,1.04449,1.04451,1.12,1.69
2016.10.12 15:36:55.068,1.04449,1.04451,1.87,1.69
2016.10.12 15:36:55.296,1.0445,1.04452,1.00,1.00
2016.10.12 15:36:55.403,1.0445,1.04451,1.12,1.00
2016.10.12 15:36:55.503,1.04449,1.04451,3.00,1.25
2016.10.12 15:36:55.554,1.04449,1.04451,2.25,1.25
2016.10.12 15:36:55.982,1.04448,1.04451,3.00,1.69
2016.10.12 15:36:57.142,1.04448,1.04451,2.25,1.69
2016.10.12 15:36:57.753,1.04449,1.04451,2.25,1.25
2016.10.12 15:36:57.805,1.04451,1.04452,1.00,3.75
2016.10.12 15:36:57.856,1.04452,1.04454,1.00,1.31
2016.10.12 15:36:57.907,1.04452,1.04454,1.00,1.50
2016.10.12 15:36:57.958,1.04453,1.04454,1.00,2.25
2016.10.12 15:36:58.188,1.0445,1.04451,1.00,1.00
2016.10.12 15:36:58.239,1.0445,1.04451,1.00,1.25
2016.10.12 15:36:58.291,1.04448,1.04451,2.25,1.69
2016.10.12 15:37:00.226,1.04448,1.04451,1.75,1.69
2016.10.12 15:37:00.278,1.0445,1.04451,1.12,1.25
2016.10.12 15:37:00.330,1.0445,1.04452,1.12,3.75
2016.10.12 15:37:00.583,1.04454,1.04456,1.00,1.50
2016.10.12 15:37:00.659,1.04454,1.04456,1.87,1.50
2016.10.12 15:37:00.710,1.04455,1.04456,1.00,1.50
2016.10.12 15:37:00.812,1.04455,1.04458,1.00,3.78
2016.10.12 15:37:00.864,1.04455,1.04458,1.12,3.78
2016.10.12 15:37:00.915,1.04455,1.04458,1.12,3.03
2016.10.12 15:37:01.017,1.04456,1.04458,1.00,3.03
2016.10.12 15:37:01.622,1.04457,1.0446,1.00,3.78
2016.10.12 15:37:01.674,1.04456,1.0446,1.12,3.78
2016.10.12 15:37:01.725,1.04456,1.04459,1.00,1.03
2016.10.12 15:37:01.827,1.04456,1.04459,1.00,1.53
2016.10.12 15:37:02.082,1.04456,1.04459,1.00,3.03
2016.10.12 15:37:03.481,1.04456,1.04458,1.00,1.53
2016.10.12 15:37:03.532,1.04456,1.04458,1.00,2.28
2016.10.12 15:37:04.298,1.04456,1.04458,1.00,1.03
2016.10.12 15:37:06.387,1.04455,1.04458,1.12,1.53
2016.10.12 15:37:06.851,1.04453,1.04456,2.25,1.00
2016.10.12 15:37:06.902,1.04454,1.04457,1.12,3.03
2016.10.12 15:37:07.210,1.04454,1.04457,1.12,2.28
2016.10.12 15:37:07.364,1.04454,1.04457,1.87,2.28
2016.10.12 15:37:07.415,1.04454,1.04457,1.87,1.04
2016.10.12 15:37:08.066,1.04456,1.04458,1.00,1.53
2016.10.12 15:37:08.117,1.04456,1.04459,1.91,1.72
2016.10.12 15:37:08.169,1.04459,1.0446,1.00,1.00
2016.10.12 15:37:08.221,1.04462,1.04463,1.00,6.00
2016.10.12 15:37:08.273,1.04462,1.04463,1.00,2.62
2016.10.12 15:37:08.325,1.0446,1.04463,6.37,3.37
2016.10.12 15:37:08.376,1.0446,1.04463,3.37,3.37
2016.10.12 15:37:08.428,1.0446,1.04463,1.87,5.62
2016.10.12 15:37:08.515,1.0446,1.04461,1.00,1.87
2016.10.12 15:37:08.724,1.04459,1.04461,2.17,1.00
2016.10.12 15:37:08.776,1.04458,1.04461,6.00,1.00
2016.10.12 15:37:09.031,1.04458,1.04461,5.25,1.00
2016.10.12 15:37:09.133,1.04461,1.04463,1.00,2.62
2016.10.12 15:37:09.184,1.04461,1.04463,1.50,2.62
2016.10.12 15:37:09.236,1.04462,1.04464,1.50,1.50
2016.10.12 15:37:09.288,1.04462,1.04464,1.50,1.00
2016.10.12 15:37:09.340,1.04462,1.04465,3.00,1.00
2016.10.12 15:37:09.442,1.04462,1.04465,3.37,1.00
2016.10.12 15:37:09.642,1.04462,1.04465,6.00,1.00
2016.10.12 15:37:09.743,1.04463,1.04466,8.25,1.00
2016.10.12 15:37:09.845,1.04463,1.04466,9.00,1.00
2016.10.12 15:37:10.452,1.04463,1.04466,9.00,1.50
2016.10.12 15:37:10.506,1.04463,1.04466,9.00,1.00
2016.10.12 15:37:10.713,1.04463,1.04466,9.00,1.50
2016.10.12 15:37:10.764,1.04463,1.04466,8.25,1.50
2016.10.12 15:37:11.173,1.04463,1.04465,7.50,1.00
2016.10.12 15:37:11.225,1.04462,1.04465,4.50,1.00
2016.10.12 15:37:11.276,1.04462,1.04465,2.25,1.00
2016.10.12 15:37:11.431,1.04461,1.04463,7.12,1.00
2016.10.12 15:37:11.483,1.04461,1.04463,4.50,1.00
2016.10.12 15:37:11.694,1.04461,1.04462,3.00,1.00
2016.10.12 15:37:11.745,1.04461,1.04462,2.25,1.00
2016.10.12 15:37:11.797,1.04461,1.04462,2.25,1.50
2016.10.12 15:37:11.898,1.04459,1.04462,3.37,1.50
2016.10.12 15:37:12.000,1.04459,1.04462,4.12,1.50
2016.10.12 15:37:12.103,1.04459,1.04461,3.37,1.00
2016.10.12 15:37:12.155,1.04459,1.04461,2.62,1.00
2016.10.12 15:37:12.206,1.04459,1.04461,1.87,1.00
2016.10.12 15:37:12.461,1.04459,1.04461,2.62,1.00
2016.10.12 15:37:12.698,1.04459,1.04461,1.12,1.00
2016.10.12 15:37:12.749,1.04458,1.04461,3.37,1.50
2016.10.12 15:37:12.801,1.04458,1.04461,1.87,1.50
2016.10.12 15:37:12.852,1.04458,1.04461,1.12,1.00
2016.10.12 15:37:13.055,1.04459,1.04461,1.00,1.00
2016.10.12 15:37:14.743,1.04459,1.04462,1.50,1.00
2016.10.12 15:37:15.186,1.04459,1.04462,1.00,1.00
2016.10.12 15:37:15.853,1.04459,1.04462,2.25,1.00
2016.10.12 15:37:16.252,1.0446,1.04463,1.00,2.25
2016.10.12 15:37:17.154,1.0446,1.04463,1.00,1.50
2016.10.12 15:37:17.376,1.0446,1.04463,1.00,1.69
2016.10.12 15:37:17.653,1.04459,1.04462,3.00,1.00
2016.10.12 15:37:19.250,1.04459,1.04462,5.25,1.00
2016.10.12 15:37:19.301,1.0446,1.04463,1.12,2.25
2016.10.12 15:37:19.352,1.0446,1.04463,2.25,1.50
2016.10.12 15:37:19.454,1.0446,1.04463,3.75,1.50
2016.10.12 15:37:19.506,1.0446,1.04463,3.00,1.50
2016.10.12 15:37:19.557,1.0446,1.04463,3.00,2.25
2016.10.12 15:37:19.630,1.0446,1.04463,1.50,2.25
2016.10.12 15:37:19.731,1.0446,1.04462,1.00,1.00
2016.10.12 15:37:20.946,1.04459,1.04461,3.75,1.00
2016.10.12 15:37:20.997,1.04459,1.04462,3.00,1.25
2016.10.12 15:37:21.048,1.04459,1.04462,3.75,1.25
2016.10.12 15:37:21.099,1.04459,1.04462,2.62,1.00
2016.10.12 15:37:21.150,1.04459,1.04463,1.12,4.91
2016.10.12 15:37:21.566,1.04459,1.04462,1.12,1.00
2016.10.12 15:37:21.620,1.0446,1.04461,1.00,1.00
2016.10.12 15:37:23.137,1.04461,1.04462,1.00,1.00
2016.10.12 15:37:23.688,1.0446,1.04462,1.00,1.00
2016.10.12 15:37:27.877,1.0446,1.04461,1.00,1.00
2016.10.12 15:37:28.182,1.0446,1.04461,1.00,1.50
2016.10.12 15:37:28.284,1.0446,1.04461,1.00,1.00
2016.10.12 15:37:28.851,1.0446,1.04462,1.00,1.00
2016.10.12 15:37:29.774,1.04461,1.04462,1.00,1.00
2016.10.12 15:37:30.920,1.0446,1.04462,1.00,1.00
2016.10.12 15:37:30.972,1.0446,1.04462,1.00,1.50
2016.10.12 15:37:31.485,1.04461,1.04462,1.00,1.00
2016.10.12 15:37:31.856,1.04461,1.04463,1.00,1.50
2016.10.12 15:37:31.907,1.04462,1.04464,1.00,2.25
2016.10.12 15:37:31.958,1.04462,1.04463,1.00,1.00
2016.10.12 15:37:32.060,1.04463,1.04465,1.00,1.00
2016.10.12 15:37:32.112,1.04463,1.04465,1.12,1.00
2016.10.12 15:37:32.163,1.04464,1.04466,1.00,1.50
2016.10.12 15:37:32.265,1.04464,1.04465,1.00,1.00
2016.10.12 15:37:32.495,1.04461,1.04464,2.25,1.00
2016.10.12 15:37:32.548,1.04461,1.04463,1.12,1.00
2016.10.12 15:37:32.607,1.04462,1.04463,1.00,1.00
2016.10.12 15:37:32.658,1.04462,1.04463,1.00,1.50
2016.10.12 15:37:36.141,1.0446,1.04463,3.00,1.50
2016.10.12 15:37:36.295,1.0446,1.04462,2.25,1.00
2016.10.12 15:37:36.398,1.04459,1.04461,3.00,1.00
2016.10.12 15:37:36.449,1.04459,1.0446,1.12,1.00
2016.10.12 15:37:38.709,1.04457,1.0446,5.62,1.00
2016.10.12 15:37:38.839,1.04457,1.0446,5.25,1.00
2016.10.12 15:37:39.242,1.04458,1.0446,1.12,1.00
2016.10.12 15:37:39.293,1.04458,1.04461,1.87,1.00
2016.10.12 15:37:39.344,1.04458,1.04461,2.25,1.00
2016.10.12 15:37:39.395,1.04458,1.04461,3.75,1.00
2016.10.12 15:37:39.900,1.04458,1.04461,3.00,1.00
2016.10.12 15:37:40.002,1.04458,1.04461,2.25,1.50
2016.10.12 15:37:40.205,1.04458,1.04461,3.00,1.00
2016.10.12 15:37:40.510,1.04458,1.04461,3.19,1.00
2016.10.12 15:37:40.561,1.04458,1.04461,3.19,1.00
2016.10.12 15:37:40.857,1.04458,1.04461,3.00,1.00
2016.10.12 15:37:42.376,1.04458,1.04461,3.00,1.50
2016.10.12 15:37:44.297,1.04458,1.04461,2.25,1.50
2016.10.12 15:37:44.399,1.04458,1.04461,2.25,2.25
2016.10.12 15:37:44.603,1.04458,1.04461,2.25,1.50
2016.10.12 15:37:44.960,1.04458,1.0446,1.50,1.00
2016.10.12 15:37:45.012,1.04457,1.0446,4.12,1.00
2016.10.12 15:37:45.063,1.04457,1.0446,4.12,1.50
2016.10.12 15:37:45.166,1.04457,1.0446,3.37,1.50
2016.10.12 15:37:45.391,1.04457,1.0446,2.25,1.50
2016.10.12 15:37:46.796,1.04457,1.04459,1.00,1.00
2016.10.12 15:37:46.903,1.04456,1.04459,4.69,1.50
2016.10.12 15:37:49.736,1.04457,1.04459,1.00,1.50
2016.10.12 15:37:49.787,1.04457,1.04459,1.00,2.25
2016.10.12 15:37:49.838,1.04456,1.04459,1.00,4.00
2016.10.12 15:37:49.890,1.04455,1.04457,1.00,1.50
2016.10.12 15:37:49.941,1.04454,1.04457,1.50,4.00
2016.10.12 15:37:50.160,1.04454,1.04456,1.50,3.00
2016.10.12 15:37:50.212,1.04452,1.04455,3.75,2.62
2016.10.12 15:37:50.263,1.04449,1.04453,6.37,3.00
2016.10.12 15:37:50.343,1.04448,1.04452,2.25,3.37
2016.10.12 15:37:50.395,1.04448,1.04449,2.25,1.50
2016.10.12 15:37:50.489,1.04448,1.04449,1.00,1.50
2016.10.12 15:37:51.310,1.04445,1.0445,2.50,2.29
2016.10.12 15:37:51.362,1.04442,1.04444,1.00,1.00
2016.10.12 15:37:51.464,1.04442,1.04443,1.00,1.50
2016.10.12 15:37:51.668,1.04442,1.04443,1.00,1.00
2016.10.12 15:37:51.770,1.04442,1.04444,1.00,1.50
2016.10.12 15:37:51.872,1.04442,1.04444,1.12,1.00
2016.10.12 15:37:51.924,1.04442,1.04444,1.50,1.00
2016.10.12 15:37:51.976,1.04442,1.04444,1.12,1.00
2016.10.12 15:37:52.078,1.04442,1.04445,1.12,1.50
2016.10.12 15:37:52.353,1.04442,1.04444,1.12,1.00
2016.10.12 15:37:52.406,1.04441,1.04444,3.37,1.50
2016.10.12 15:37:52.521,1.04441,1.04443,2.62,1.50
2016.10.12 15:37:52.573,1.04441,1.04443,2.25,1.50
2016.10.12 15:37:52.624,1.04441,1.04443,1.00,1.50
2016.10.12 15:37:53.158,1.04442,1.04443,1.00,1.50
2016.10.12 15:37:53.535,1.0444,1.04443,1.00,1.50
2016.10.12 15:37:53.677,1.0444,1.04443,1.00,1.00
2016.10.12 15:37:53.729,1.04438,1.04441,3.79,1.00
2016.10.12 15:37:53.781,1.04438,1.04441,2.47,1.00
2016.10.12 15:37:53.833,1.04438,1.04441,2.25,1.00
2016.10.12 15:37:54.079,1.04438,1.04442,2.25,2.25
2016.10.12 15:37:54.132,1.0444,1.04441,1.00,1.12
2016.10.12 15:37:54.235,1.0444,1.04441,1.00,1.87
2016.10.12 15:37:54.337,1.0444,1.04441,1.30,1.50
2016.10.12 15:37:54.767,1.0444,1.04442,1.00,1.00
2016.10.12 15:37:54.818,1.04439,1.04442,3.79,1.00
2016.10.12 15:37:54.920,1.04439,1.04443,3.79,1.87
2016.10.12 15:37:55.022,1.04439,1.04443,3.79,1.87
2016.10.12 15:37:55.225,1.04439,1.04443,3.56,1.87
2016.10.12 15:37:55.276,1.04439,1.04443,3.94,1.87
2016.10.12 15:37:55.567,1.04439,1.04443,3.97,1.87
2016.10.12 15:37:55.644,1.04439,1.04443,2.85,1.87
2016.10.12 15:37:56.235,1.04439,1.04443,2.62,1.87
2016.10.12 15:37:56.286,1.04439,1.04443,2.62,1.87
2016.10.12 15:37:56.337,1.04439,1.04443,3.37,1.87
2016.10.12 15:37:56.388,1.04439,1.04443,3.75,1.87
2016.10.12 15:37:56.438,1.04439,1.04443,3.97,1.87
2016.10.12 15:37:56.490,1.04439,1.04443,5.47,1.87
2016.10.12 15:37:56.541,1.04439,1.04443,5.25,1.87
2016.10.12 15:37:56.994,1.04439,1.04443,3.37,1.87
2016.10.12 15:37:57.095,1.04439,1.04443,3.00,1.87
2016.10.12 15:37:57.248,1.04439,1.04442,2.25,1.00
2016.10.12 15:37:57.299,1.04439,1.04442,3.94,1.00
2016.10.12 15:37:57.400,1.04439,1.04442,2.81,1.00
2016.10.12 15:37:57.614,1.04439,1.04443,5.06,1.87
2016.10.12 15:37:57.715,1.04439,1.04443,3.56,1.87
2016.10.12 15:37:58.323,1.04439,1.04443,3.56,2.25
2016.10.12 15:37:58.374,1.0444,1.04443,1.37,2.25
2016.10.12 15:37:58.929,1.04439,1.0444,2.06,1.00
2016.10.12 15:37:58.980,1.04439,1.04442,1.87,1.12
2016.10.12 15:37:59.031,1.04437,1.04438,5.25,1.00
2016.10.12 15:37:59.134,1.04436,1.04437,1.50,1.50
2016.10.12 15:37:59.236,1.04435,1.04437,4.12,1.00
2016.10.12 15:37:59.287,1.04438,1.04439,1.50,1.50
2016.10.12 15:37:59.338,1.04438,1.0444,1.50,3.00
2016.10.12 15:37:59.389,1.04438,1.04439,1.50,1.00
2016.10.12 15:37:59.858,1.04436,1.04438,1.50,1.00
2016.10.12 15:38:01.689,1.04436,1.04438,1.50,1.50
2016.10.12 15:38:01.943,1.04435,1.04438,1.63,1.50
2016.10.12 15:38:02.045,1.04435,1.04438,1.63,1.50
2016.10.12 15:38:02.249,1.04435,1.04438,2.38,1.50
2016.10.12 15:38:02.300,1.04435,1.04437,2.38,1.00
2016.10.12 15:38:02.548,1.04433,1.04435,3.00,1.00
2016.10.12 15:38:02.627,1.04433,1.04435,3.00,1.50
2016.10.12 15:38:03.036,1.04433,1.04434,1.00,1.00
2016.10.12 15:38:03.088,1.04432,1.04434,3.00,1.00
2016.10.12 15:38:03.190,1.04432,1.04434,3.00,1.50
2016.10.12 15:38:03.292,1.04432,1.04434,2.25,1.00
2016.10.12 15:38:03.343,1.04431,1.04433,2.44,1.50
2016.10.12 15:38:03.394,1.04431,1.04433,2.25,1.50
2016.10.12 15:38:03.445,1.04431,1.04432,1.00,1.00
2016.10.12 15:38:03.496,1.04429,1.04433,4.12,3.75
2016.10.12 15:38:03.547,1.04429,1.04433,2.62,4.12
2016.10.12 15:38:03.624,1.04429,1.04433,2.62,3.00
2016.10.12 15:38:03.853,1.04429,1.04433,1.87,3.00
2016.10.12 15:38:03.906,1.0443,1.04433,1.09,3.37
2016.10.12 15:38:03.958,1.04432,1.04433,1.00,1.12
2016.10.12 15:38:04.009,1.04432,1.04433,1.00,1.00
2016.10.12 15:38:04.061,1.0443,1.04433,2.40,1.50
2016.10.12 15:38:04.162,1.0443,1.04433,1.20,1.50
2016.10.12 15:38:04.417,1.0443,1.04432,1.20,1.00
2016.10.12 15:38:05.017,1.0443,1.04433,4.09,1.00
2016.10.12 15:38:05.068,1.04431,1.04433,1.87,1.00
2016.10.12 15:38:05.323,1.04431,1.04433,1.50,1.00
2016.10.12 15:38:05.628,1.04431,1.04433,1.87,1.00
2016.10.12 15:38:05.780,1.04436,1.04438,1.00,13.12
2016.10.12 15:38:06.030,1.04439,1.0444,1.50,1.00
2016.10.12 15:38:06.083,1.04441,1.04442,1.00,1.00
2016.10.12 15:38:06.134,1.04441,1.04443,1.00,1.12
2016.10.12 15:38:06.185,1.04441,1.04443,1.00,1.00
2016.10.12 15:38:06.236,1.04441,1.04443,1.87,1.00
2016.10.12 15:38:06.846,1.04441,1.04443,2.25,1.00
2016.10.12 15:38:07.361,1.04441,1.04443,2.62,1.00
2016.10.12 15:38:07.412,1.04441,1.04443,2.25,1.00
2016.10.12 15:38:07.556,1.04442,1.04443,1.00,1.00
2016.10.12 15:38:08.903,1.04442,1.04443,1.00,1.50
2016.10.12 15:38:09.209,1.04442,1.04443,1.00,1.00
2016.10.12 15:38:09.261,1.04442,1.04443,1.35,1.00
2016.10.12 15:38:09.519,1.04441,1.04444,4.69,1.87
2016.10.12 15:38:09.582,1.04441,1.04444,4.54,1.87
2016.10.12 15:38:09.639,1.04441,1.04443,5.62,1.00
2016.10.12 15:38:09.690,1.04441,1.04443,5.25,1.00
2016.10.12 15:38:09.742,1.0444,1.04442,6.75,1.00
2016.10.12 15:38:09.794,1.0444,1.04441,3.00,1.00
2016.10.12 15:38:09.846,1.04439,1.04441,1.50,1.00
2016.10.12 15:38:09.897,1.04439,1.04441,1.87,1.00
2016.10.12 15:38:09.948,1.04439,1.04441,1.87,1.50
2016.10.12 15:38:10.157,1.04439,1.04441,2.85,1.00
2016.10.12 15:38:10.208,1.04439,1.04442,5.10,1.00
2016.10.12 15:38:10.583,1.04441,1.04442,1.12,1.00
2016.10.12 15:38:10.835,1.04442,1.04443,1.00,1.87
2016.10.12 15:38:11.628,1.04441,1.04443,1.50,1.87
2016.10.12 15:38:11.680,1.0444,1.04443,1.50,1.87
2016.10.12 15:38:11.731,1.0444,1.04442,1.50,1.00
2016.10.12 15:38:12.083,1.0444,1.04442,1.50,1.00
2016.10.12 15:38:12.135,1.0444,1.04442,1.50,1.50
2016.10.12 15:38:13.720,1.0444,1.04442,1.50,1.50
2016.10.12 15:38:13.771,1.0444,1.04442,1.50,1.50
2016.10.12 15:38:13.874,1.04439,1.04442,1.87,1.50
2016.10.12 15:38:14.077,1.04439,1.04442,2.25,1.50
2016.10.12 15:38:14.657,1.04439,1.04443,3.75,1.50
2016.10.12 15:38:14.837,1.04439,1.04443,3.37,1.50
2016.10.12 15:38:14.888,1.04439,1.04442,2.62,1.00
2016.10.12 15:38:15.042,1.04439,1.04442,1.87,1.50
2016.10.12 15:38:16.736,1.04439,1.04442,2.62,1.00
2016.10.12 15:38:16.838,1.04439,1.04443,3.37,1.50
2016.10.12 15:38:17.152,1.04439,1.04443,2.62,1.50
2016.10.12 15:38:17.255,1.04439,1.04443,2.62,1.50
2016.10.12 15:38:17.359,1.04439,1.04443,3.37,1.50
2016.10.12 15:38:17.778,1.04439,1.04443,4.12,1.50
2016.10.12 15:38:17.880,1.04439,1.04443,4.12,1.50
2016.10.12 15:38:17.931,1.04439,1.04443,4.50,1.50
2016.10.12 15:38:18.700,1.04439,1.04443,4.87,1.50
2016.10.12 15:38:19.658,1.04439,1.04443,4.12,1.50
2016.10.12 15:38:19.805,1.04439,1.04441,2.62,1.00
2016.10.12 15:38:19.856,1.04439,1.04441,1.87,1.00
2016.10.12 15:38:19.958,1.04439,1.04441,2.62,1.50
2016.10.12 15:38:20.060,1.04439,1.04441,1.87,1.50
2016.10.12 15:38:20.212,1.04439,1.04441,1.87,1.00
2016.10.12 15:38:20.263,1.04439,1.04442,2.81,1.50
2016.10.12 15:38:20.365,1.04439,1.04442,3.04,1.50
2016.10.12 15:38:20.646,1.0444,1.04442,1.00,1.50
2016.10.12 15:38:22.138,1.0444,1.04442,1.72,1.50
2016.10.12 15:38:22.189,1.0444,1.04442,1.50,1.00
2016.10.12 15:38:22.291,1.0444,1.04442,1.00,1.00
2016.10.12 15:38:22.649,1.04443,1.04444,1.00,1.12
2016.10.12 15:38:22.751,1.04443,1.04445,4.50,1.50
2016.10.12 15:38:22.802,1.04445,1.04448,1.50,4.72
2016.10.12 15:38:23.029,1.04445,1.04448,1.87,3.03
2016.10.12 15:38:23.080,1.04448,1.0445,1.00,3.00
2016.10.12 15:38:23.132,1.04448,1.0445,1.00,2.25
2016.10.12 15:38:23.184,1.04449,1.0445,1.50,1.50
2016.10.12 15:38:23.338,1.04448,1.0445,1.50,1.87
2016.10.12 15:38:23.389,1.04448,1.0445,1.50,2.62
2016.10.12 15:38:24.270,1.04449,1.0445,1.00,2.62
2016.10.12 15:38:24.372,1.04449,1.0445,1.50,1.50
2016.10.12 15:38:24.780,1.04449,1.0445,1.50,2.25
2016.10.12 15:38:24.883,1.04449,1.0445,1.50,3.75
2016.10.12 15:38:25.568,1.04449,1.0445,1.00,3.00
2016.10.12 15:38:25.622,1.04449,1.0445,1.50,3.00
2016.10.12 15:38:25.673,1.04449,1.0445,1.00,3.00
2016.10.12 15:38:25.774,1.04449,1.0445,1.00,2.25
2016.10.12 15:38:25.876,1.04449,1.0445,1.00,1.00
2016.10.12 15:38:25.978,1.04449,1.0445,1.00,1.50
2016.10.12 15:38:26.283,1.04449,1.0445,1.50,1.00
2016.10.12 15:38:26.822,1.04449,1.0445,1.12,1.00
2016.10.12 15:38:26.874,1.04451,1.04453,1.50,1.87
2016.10.12 15:38:26.926,1.04451,1.04455,3.37,2.62
2016.10.12 15:38:26.978,1.04456,1.04457,1.00,5.81
2016.10.12 15:38:27.030,1.04456,1.04457,1.00,3.37
2016.10.12 15:38:27.082,1.04457,1.04458,1.00,2.62
2016.10.12 15:38:27.133,1.04456,1.04458,1.50,3.00
2016.10.12 15:38:27.665,1.04458,1.04459,1.50,3.37
2016.10.12 15:38:27.770,1.04458,1.04459,1.50,1.12
2016.10.12 15:38:27.821,1.04457,1.04459,1.00,1.12
2016.10.12 15:38:27.872,1.04455,1.04458,1.50,2.85
2016.10.12 15:38:27.975,1.04457,1.04458,1.00,1.00
2016.10.12 15:38:28.077,1.04458,1.04459,1.50,3.19
2016.10.12 15:38:28.179,1.04458,1.04459,1.50,2.44
2016.10.12 15:38:28.280,1.04458,1.04459,1.50,3.19
2016.10.12 15:38:28.382,1.04457,1.04458,1.00,1.00
2016.10.12 15:38:28.784,1.04458,1.04459,1.00,2.44
2016.10.12 15:38:28.907,1.04458,1.04459,1.00,1.69
2016.10.12 15:38:29.009,1.04458,1.04459,1.00,2.44
2016.10.12 15:38:29.060,1.04458,1.04459,1.00,2.62
2016.10.12 15:38:29.112,1.04458,1.04459,1.00,2.44
2016.10.12 15:38:29.265,1.04457,1.04458,1.00,1.00
2016.10.12 15:38:29.366,1.04458,1.04459,1.00,1.50
2016.10.12 15:38:29.418,1.04458,1.04459,2.10,1.87
2016.10.12 15:38:29.470,1.04462,1.04463,1.50,1.12
2016.10.12 15:38:29.522,1.04463,1.04466,1.00,4.72
2016.10.12 15:38:29.596,1.04463,1.04466,1.00,1.87
2016.10.12 15:38:30.040,1.04465,1.04466,1.00,1.00
2016.10.12 15:38:30.091,1.04465,1.04468,1.00,2.85
2016.10.12 15:38:30.142,1.04465,1.04468,1.00,2.47
2016.10.12 15:38:30.193,1.04466,1.04468,1.00,3.22
2016.10.12 15:38:30.245,1.04466,1.04468,1.50,3.22
2016.10.12 15:38:30.296,1.04466,1.04468,1.50,2.47
2016.10.12 15:38:30.398,1.04466,1.04468,1.50,3.22
2016.10.12 15:38:30.538,1.04466,1.04468,1.50,2.85
2016.10.12 15:38:30.590,1.04466,1.04468,1.50,1.87
2016.10.12 15:38:30.692,1.04466,1.04467,1.50,1.00
2016.10.12 15:38:31.273,1.04466,1.04467,1.00,1.35
2016.10.12 15:38:31.426,1.04465,1.04467,1.50,1.35
2016.10.12 15:38:31.884,1.04465,1.04467,1.50,1.00
2016.10.12 15:38:32.198,1.04465,1.04468,1.50,3.60
2016.10.12 15:38:32.300,1.04466,1.04467,1.00,1.00
2016.10.12 15:38:32.403,1.04467,1.0447,1.00,1.87
2016.10.12 15:38:32.508,1.04466,1.04469,4.87,2.62
2016.10.12 15:38:32.561,1.04466,1.04469,4.12,3.82
2016.10.12 15:38:32.614,1.04466,1.04467,4.12,1.12
2016.10.12 15:38:32.667,1.04466,1.04467,3.00,1.31
2016.10.12 15:38:32.719,1.04463,1.04467,10.12,2.06
2016.10.12 15:38:32.770,1.04463,1.04466,9.37,1.75
2016.10.12 15:38:33.217,1.04463,1.04466,1.87,1.75
2016.10.12 15:38:33.434,1.04463,1.04467,1.87,1.87
2016.10.12 15:38:33.486,1.04463,1.04466,1.87,1.75
2016.10.12 15:38:34.454,1.04463,1.04466,1.50,1.75
2016.10.12 15:38:34.505,1.04463,1.04466,1.50,2.25
2016.10.12 15:38:34.756,1.04462,1.04464,3.19,1.00
2016.10.12 15:38:34.807,1.0446,1.04461,5.81,3.00
2016.10.12 15:38:34.858,1.04459,1.0446,4.12,1.00
2016.10.12 15:38:34.910,1.04456,1.0446,4.50,3.00
2016.10.12 15:38:34.961,1.04456,1.0446,1.12,3.75
2016.10.12 15:38:35.206,1.04454,1.04457,1.87,1.75
2016.10.12 15:38:35.511,1.04454,1.04457,1.00,1.75
2016.10.12 15:38:36.019,1.04454,1.04456,1.50,1.50
2016.10.12 15:38:36.120,1.04454,1.04456,1.00,1.50
2016.10.12 15:38:36.222,1.04453,1.04456,1.31,1.50
2016.10.12 15:38:36.641,1.04452,1.04456,3.94,2.25
2016.10.12 15:38:36.692,1.04452,1.04456,3.00,3.00
2016.10.12 15:38:36.744,1.04452,1.04456,2.25,3.00
2016.10.12 15:38:36.795,1.04452,1.04455,3.00,1.75
2016.10.12 15:38:36.897,1.04452,1.04455,2.25,1.75
2016.10.12 15:38:36.949,1.04452,1.04455,2.62,1.75
2016.10.12 15:38:37.001,1.04452,1.04455,3.37,1.75
2016.10.12 15:38:37.206,1.04452,1.04456,3.37,2.25
2016.10.12 15:38:37.359,1.04452,1.04456,3.00,2.25
2016.10.12 15:38:37.410,1.04452,1.04456,2.25,3.00
2016.10.12 15:38:37.702,1.04451,1.04456,4.12,2.25
2016.10.12 15:38:37.754,1.04451,1.04455,4.87,1.75
2016.10.12 15:38:37.806,1.04451,1.04455,3.37,1.75
2016.10.12 15:38:37.857,1.04451,1.04455,2.25,1.75
2016.10.12 15:38:37.908,1.04451,1.04455,1.12,1.75
2016.10.12 15:38:38.010,1.04451,1.04455,2.62,1.75
2016.10.12 15:38:38.163,1.04451,1.04455,2.62,2.25
2016.10.12 15:38:39.044,1.04451,1.04455,2.25,2.25
2016.10.12 15:38:39.299,1.04451,1.04455,1.50,1.50
2016.10.12 15:38:39.401,1.04451,1.04455,1.50,1.12
2016.10.12 15:38:39.683,1.04451,1.04455,3.00,1.50
2016.10.12 15:38:39.778,1.04451,1.04455,2.25,1.50
2016.10.12 15:38:39.829,1.04451,1.04455,1.50,1.50
2016.10.12 15:38:40.032,1.04451,1.04455,2.25,2.25
2016.10.12 15:38:40.312,1.04451,1.04455,1.50,1.50
2016.10.12 15:38:40.617,1.04451,1.04455,2.25,3.00
2016.10.12 15:38:40.719,1.04451,1.04455,2.62,2.25
2016.10.12 15:38:40.821,1.04451,1.04455,1.87,2.25
2016.10.12 15:38:40.923,1.04451,1.04455,2.62,2.25
2016.10.12 15:38:41.177,1.04451,1.04455,3.00,2.25
2016.10.12 15:38:41.228,1.04451,1.04455,2.25,2.25
2016.10.12 15:38:41.474,1.04451,1.04455,1.87,3.00
2016.10.12 15:38:41.528,1.04451,1.04455,1.87,2.25
2016.10.12 15:38:41.580,1.04451,1.04455,2.25,2.25
2016.10.12 15:38:41.631,1.04451,1.04455,3.00,2.25
2016.10.12 15:38:41.732,1.04451,1.04455,2.25,2.25
2016.10.12 15:38:41.886,1.04451,1.04455,1.50,3.25
2016.10.12 15:38:41.937,1.04451,1.04455,1.00,3.75
2016.10.12 15:38:42.090,1.04452,1.04455,1.00,3.00
2016.10.12 15:38:42.607,1.04452,1.04455,1.00,5.25
2016.10.12 15:38:42.691,1.04452,1.04455,1.00,3.00
2016.10.12 15:38:42.997,1.04453,1.04455,1.00,1.50
2016.10.12 15:38:43.287,1.04453,1.04456,1.00,12.00
2016.10.12 15:38:43.993,1.04453,1.04455,1.00,3.00
2016.10.12 15:38:44.319,1.04452,1.04455,1.00,3.75
2016.10.12 15:38:44.523,1.04452,1.04455,1.00,1.50
2016.10.12 15:38:45.058,1.04453,1.04455,1.00,1.50
2016.10.12 15:38:45.414,1.04453,1.04455,1.00,1.50
2016.10.12 15:38:45.664,1.04452,1.04453,1.00,1.00
2016.10.12 15:38:45.918,1.04452,1.04453,1.00,1.50
2016.10.12 15:38:46.224,1.0445,1.04452,1.00,1.87
2016.10.12 15:38:46.275,1.04447,1.0445,3.07,1.50
2016.10.12 15:38:46.328,1.04447,1.0445,4.57,1.50
2016.10.12 15:38:46.430,1.04447,1.0445,3.82,1.50
2016.10.12 15:38:46.482,1.04447,1.0445,4.57,1.00
2016.10.12 15:38:46.534,1.04448,1.04451,3.26,1.00
2016.10.12 15:38:46.586,1.0445,1.04451,1.00,1.00
2016.10.12 15:38:46.637,1.0445,1.04453,1.50,1.50
2016.10.12 15:38:46.689,1.0445,1.04453,1.57,1.12
2016.10.12 15:38:46.741,1.0445,1.04453,2.70,1.12
2016.10.12 15:38:46.792,1.04451,1.04453,1.12,1.12
2016.10.12 15:38:46.843,1.04451,1.04453,1.00,1.12
2016.10.12 15:38:46.894,1.04451,1.04453,1.00,1.00
2016.10.12 15:38:47.176,1.04451,1.04454,1.00,1.87
2016.10.12 15:38:47.526,1.04451,1.04454,1.00,1.12
2016.10.12 15:38:47.609,1.04451,1.04454,2.25,1.12
2016.10.12 15:38:47.661,1.04451,1.04454,2.62,1.12
2016.10.12 15:38:47.763,1.04451,1.04454,2.25,1.12
2016.10.12 15:38:47.815,1.04451,1.04454,2.44,1.12
2016.10.12 15:38:47.917,1.04451,1.04454,2.66,1.12
2016.10.12 15:38:48.276,1.04451,1.04454,3.04,1.12
2016.10.12 15:38:49.038,1.04451,1.04454,3.79,1.12
2016.10.12 15:38:49.090,1.04451,1.04454,4.16,1.12
2016.10.12 15:38:49.141,1.04451,1.04454,4.54,1.12
2016.10.12 15:38:49.393,1.04451,1.04454,4.31,1.00
2016.10.12 15:38:49.546,1.04454,1.04456,1.37,3.75
2016.10.12 15:38:49.638,1.04455,1.04456,1.12,1.50
2016.10.12 15:38:49.689,1.04455,1.04456,3.37,1.50
2016.10.12 15:38:49.742,1.04454,1.04457,3.37,3.97
2016.10.12 15:38:49.793,1.04454,1.04457,1.00,2.33
2016.10.12 15:38:49.845,1.04451,1.04452,1.00,1.00
2016.10.12 15:38:49.896,1.0445,1.04451,1.12,1.00
2016.10.12 15:38:49.947,1.04449,1.04451,1.00,1.50
2016.10.12 15:38:49.999,1.04449,1.0445,1.00,1.00
2016.10.12 15:38:50.510,1.04448,1.0445,1.00,1.12
2016.10.12 15:38:50.586,1.04448,1.0445,1.00,2.62
2016.10.12 15:38:51.907,1.04445,1.04449,4.20,2.25
2016.10.12 15:38:51.958,1.04445,1.04448,5.25,1.00
2016.10.12 15:38:52.010,1.04445,1.04448,4.50,1.00
2016.10.12 15:38:52.112,1.04445,1.04448,4.69,1.00
2016.10.12 15:38:52.163,1.04445,1.04448,4.69,1.00
2016.10.12 15:38:52.265,1.04445,1.04448,3.19,1.00
2016.10.12 15:38:52.628,1.04445,1.04448,3.37,1.50
2016.10.12 15:38:52.700,1.04445,1.04448,1.12,1.50
2016.10.12 15:38:52.751,1.04444,1.04447,4.20,1.00
2016.10.12 15:38:52.853,1.04444,1.04447,3.00,1.00
2016.10.12 15:38:53.058,1.04444,1.04447,3.00,1.00
2016.10.12 15:38:53.326,1.04444,1.04447,3.00,1.00
2016.10.12 15:38:53.379,1.04444,1.04447,3.97,1.00
2016.10.12 15:38:53.482,1.04444,1.04447,4.35,1.00
2016.10.12 15:38:53.893,1.04445,1.04447,1.00,1.00
2016.10.12 15:38:53.945,1.04447,1.04449,1.00,1.87
2016.10.12 15:38:54.022,1.04445,1.04449,6.37,1.87
2016.10.12 15:38:54.073,1.04445,1.04449,4.87,1.87
2016.10.12 15:38:54.175,1.04445,1.04449,3.75,1.87
2016.10.12 15:38:54.226,1.04445,1.04449,3.00,1.87
2016.10.12 15:38:54.473,1.04445,1.04449,4.12,1.87
2016.10.12 15:38:54.528,1.04445,1.04449,4.87,1.87
2016.10.12 15:38:54.724,1.04447,1.04449,1.00,1.87
2016.10.12 15:38:55.449,1.04448,1.0445,1.00,2.25
2016.10.12 15:38:55.546,1.04449,1.0445,1.50,1.50
2016.10.12 15:38:56.413,1.04449,1.0445,1.50,2.25
2016.10.12 15:38:56.516,1.04449,1.0445,1.50,1.50
2016.10.12 15:38:56.670,1.04446,1.0445,1.50,1.75
2016.10.12 15:38:56.721,1.04446,1.0445,1.50,2.25
2016.10.12 15:38:56.772,1.04449,1.04451,1.00,5.62
2016.10.12 15:38:56.824,1.0445,1.04451,1.00,4.87
2016.10.12 15:38:56.876,1.04449,1.0445,1.50,1.35
2016.10.12 15:38:56.927,1.04448,1.0445,1.50,3.85
2016.10.12 15:38:57.382,1.04449,1.0445,1.50,2.10
2016.10.12 15:38:57.434,1.04449,1.0445,1.50,1.00
2016.10.12 15:38:58.479,1.04447,1.0445,2.25,1.75
2016.10.12 15:39:00.175,1.04447,1.0445,1.50,1.75
2016.10.12 15:39:00.437,1.04447,1.0445,1.50,2.25
2016.10.12 15:39:00.846,1.04444,1.04446,1.25,10.87
2016.10.12 15:39:00.898,1.04443,1.04446,1.50,10.65
2016.10.12 15:39:00.950,1.04443,1.04446,1.00,12.15
2016.10.12 15:39:01.001,1.04442,1.04444,2.62,1.12
2016.10.12 15:39:01.053,1.04442,1.04444,1.87,1.12
2016.10.12 15:39:01.104,1.04441,1.04444,1.87,1.75
2016.10.12 15:39:01.155,1.04441,1.04443,1.87,1.50
2016.10.12 15:39:01.207,1.04442,1.04443,1.50,1.50
2016.10.12 15:39:02.406,1.04442,1.04443,1.00,1.50
2016.10.12 15:39:04.150,1.04441,1.04442,1.50,1.12
2016.10.12 15:39:05.184,1.04441,1.04443,1.50,2.25
2016.10.12 15:39:05.337,1.04441,1.04443,1.50,1.50
2016.10.12 15:39:08.637,1.04442,1.04443,1.00,1.50
2016.10.12 15:39:09.975,1.04441,1.04443,1.00,1.50
2016.10.12 15:39:10.633,1.04442,1.04443,1.00,1.50
2016.10.12 15:39:11.739,1.04441,1.04443,1.50,1.50
2016.10.12 15:39:13.073,1.04441,1.04443,1.50,2.25
2016.10.12 15:39:13.228,1.04441,1.04442,1.50,1.12
2016.10.12 15:39:14.761,1.0444,1.04441,1.00,1.00
2016.10.12 15:39:14.812,1.04439,1.0444,1.12,1.00
2016.10.12 15:39:14.914,1.04437,1.0444,1.50,1.00
2016.10.12 15:39:14.965,1.04437,1.04439,1.00,1.50
2016.10.12 15:39:15.017,1.04437,1.04439,1.00,2.62
2016.10.12 15:39:15.246,1.04435,1.04439,1.50,3.00
2016.10.12 15:39:15.298,1.04436,1.04439,1.00,1.75
2016.10.12 15:39:15.349,1.04436,1.04439,1.50,1.75
2016.10.12 15:39:15.656,1.04436,1.04439,1.50,1.12
2016.10.12 15:39:17.369,1.04438,1.0444,1.00,1.12
2016.10.12 15:39:17.421,1.04438,1.0444,1.50,1.12
2016.10.12 15:39:17.619,1.04438,1.0444,1.00,1.12
2016.10.12 15:39:17.671,1.04438,1.0444,1.00,3.37
2016.10.12 15:39:17.722,1.04437,1.04439,1.50,1.00
2016.10.12 15:39:17.774,1.04437,1.04439,1.00,1.87
2016.10.12 15:39:18.183,1.04437,1.04439,1.50,1.87
2016.10.12 15:39:18.400,1.04437,1.04439,1.50,1.12
2016.10.12 15:39:18.452,1.04438,1.04439,1.00,1.12
2016.10.12 15:39:18.555,1.04438,1.0444,1.50,1.12
2016.10.12 15:39:18.862,1.04439,1.0444,1.00,1.12
2016.10.12 15:39:18.964,1.04438,1.0444,1.50,1.12
2016.10.12 15:39:19.016,1.04438,1.0444,1.00,1.12
2016.10.12 15:39:19.067,1.04438,1.0444,1.50,1.12
2016.10.12 15:39:19.220,1.04439,1.0444,1.00,1.12
2016.10.12 15:39:19.779,1.04439,1.0444,1.00,1.87
2016.10.12 15:39:19.830,1.04438,1.0444,1.50,1.87
2016.10.12 15:39:19.983,1.04438,1.0444,1.50,1.12
2016.10.12 15:39:20.035,1.04438,1.0444,1.00,1.12
2016.10.12 15:39:20.087,1.04438,1.04441,2.87,1.87
2016.10.12 15:39:20.190,1.04438,1.04441,4.37,1.50
2016.10.12 15:39:20.241,1.04438,1.04441,4.12,1.50
2016.10.12 15:39:20.672,1.04438,1.04441,4.87,1.50
2016.10.12 15:39:21.078,1.04438,1.04441,4.87,1.12
2016.10.12 15:39:21.130,1.04438,1.04442,4.37,2.25
2016.10.12 15:39:21.181,1.04438,1.04442,4.37,3.60
2016.10.12 15:39:21.232,1.04438,1.04442,4.50,4.35
2016.10.12 15:39:21.487,1.04438,1.04441,4.50,1.50
2016.10.12 15:39:21.690,1.04438,1.0444,1.12,1.12
2016.10.12 15:39:21.741,1.04437,1.04439,4.12,1.00
2016.10.12 15:39:21.792,1.04437,1.04439,1.50,1.00
2016.10.12 15:39:22.250,1.04437,1.04439,1.00,1.00
2016.10.12 15:39:22.911,1.04437,1.04439,1.00,1.12
2016.10.12 15:39:23.063,1.04437,1.04439,1.50,1.12
2016.10.12 15:39:23.114,1.04437,1.04439,4.12,1.12
2016.10.12 15:39:23.166,1.04438,1.04439,1.00,1.12
2016.10.12 15:39:23.760,1.04438,1.0444,1.00,4.12
2016.10.12 15:39:26.105,1.04438,1.0444,1.00,1.87
2016.10.12 15:39:26.207,1.04438,1.0444,1.00,2.62
2016.10.12 15:39:26.463,1.0444,1.04441,4.31,1.00
2016.10.12 15:39:26.516,1.04441,1.04442,1.00,3.75
2016.10.12 15:39:26.567,1.04441,1.04442,1.50,2.62
2016.10.12 15:39:26.619,1.04441,1.04443,3.37,3.00
2016.10.12 15:39:26.671,1.04442,1.04443,1.00,2.25
2016.10.12 15:39:27.333,1.04442,1.04443,1.00,1.50
2016.10.12 15:39:27.384,1.04442,1.04443,1.00,2.25
2016.10.12 15:39:27.486,1.04442,1.04443,1.00,1.00
2016.10.12 15:39:27.537,1.04441,1.04444,1.50,5.25
2016.10.12 15:39:27.589,1.04441,1.04444,2.62,3.75
2016.10.12 15:39:27.691,1.04441,1.04444,3.37,3.00
2016.10.12 15:39:27.793,1.04441,1.04444,3.37,3.75
2016.10.12 15:39:27.895,1.04441,1.04444,2.62,3.37
2016.10.12 15:39:28.168,1.04442,1.04444,1.00,3.37
2016.10.12 15:39:28.219,1.04442,1.04444,1.50,3.37
2016.10.12 15:39:28.642,1.04442,1.04444,1.50,2.62
2016.10.12 15:39:28.846,1.04442,1.04444,1.50,1.87
2016.10.12 15:39:28.999,1.04442,1.04444,1.00,1.87
2016.10.12 15:39:29.282,1.04441,1.04444,1.87,1.87
2016.10.12 15:39:29.488,1.04441,1.04443,1.87,1.00
2016.10.12 15:39:31.342,1.04441,1.04443,1.00,1.00
2016.10.12 15:39:31.444,1.04441,1.04442,1.00,1.35
2016.10.12 15:39:31.496,1.0444,1.04441,1.00,1.00
2016.10.12 15:39:31.603,1.04439,1.0444,1.00,1.12
2016.10.12 15:39:31.654,1.04438,1.0444,1.50,1.12
2016.10.12 15:39:32.067,1.04438,1.0444,1.00,1.12
2016.10.12 15:39:32.141,1.04438,1.0444,1.00,2.25
2016.10.12 15:39:32.398,1.04438,1.0444,1.00,1.50
2016.10.12 15:39:32.499,1.04438,1.0444,1.00,2.25
2016.10.12 15:39:33.247,1.04436,1.0444,3.37,3.00
2016.10.12 15:39:33.347,1.04436,1.0444,3.37,2.25
2016.10.12 15:39:33.398,1.04436,1.0444,3.37,3.00
2016.10.12 15:39:33.704,1.04436,1.04439,3.37,1.12
2016.10.12 15:39:33.805,1.04436,1.04439,3.00,1.12
2016.10.12 15:39:34.009,1.04436,1.0444,3.00,3.22
2016.10.12 15:39:34.251,1.04436,1.0444,3.00,3.00
2016.10.12 15:39:34.609,1.04436,1.04439,3.00,1.12
2016.10.12 15:39:34.711,1.04436,1.04439,1.50,1.87
2016.10.12 15:39:34.762,1.04436,1.04438,1.50,1.00
2016.10.12 15:39:34.814,1.04435,1.04438,3.75,1.00
2016.10.12 15:39:34.865,1.04435,1.04438,3.00,1.00
2016.10.12 15:39:34.916,1.04435,1.04438,3.00,1.12
2016.10.12 15:39:35.806,1.04435,1.04438,3.00,1.87
2016.10.12 15:39:36.009,1.04435,1.04438,2.25,1.87
2016.10.12 15:39:36.809,1.04435,1.04438,2.25,1.12
2016.10.12 15:39:36.910,1.04435,1.04438,3.00,1.12
2016.10.12 15:39:37.065,1.04435,1.04438,3.37,1.12
2016.10.12 15:39:37.653,1.04435,1.04438,3.00,1.12
2016.10.12 15:39:39.574,1.04436,1.04438,1.00,1.12
2016.10.12 15:39:39.641,1.04436,1.04439,1.50,1.50
2016.10.12 15:39:39.694,1.04437,1.0444,2.25,1.87
2016.10.12 15:39:39.798,1.04437,1.0444,2.25,1.50
2016.10.12 15:39:40.011,1.04437,1.0444,1.00,2.25
2016.10.12 15:39:40.062,1.04437,1.0444,1.00,1.87
2016.10.12 15:39:40.318,1.04437,1.0444,1.00,1.12
2016.10.12 15:39:40.421,1.04437,1.0444,1.00,1.87
2016.10.12 15:39:40.617,1.04437,1.0444,1.00,1.12
2016.10.12 15:39:40.719,1.04437,1.0444,1.00,1.87
2016.10.12 15:39:40.821,1.04437,1.04439,1.00,1.00
2016.10.12 15:39:41.435,1.04436,1.04439,2.62,1.00
2016.10.12 15:39:41.486,1.04436,1.04439,2.25,1.00
2016.10.12 15:39:41.537,1.04436,1.04439,1.00,1.00
2016.10.12 15:39:41.640,1.04436,1.04439,1.00,1.12
2016.10.12 15:39:41.691,1.04436,1.04439,1.00,1.87
2016.10.12 15:39:41.794,1.04436,1.04439,1.12,1.87
2016.10.12 15:39:41.896,1.04436,1.04439,1.12,1.12
2016.10.12 15:39:42.505,1.04436,1.04439,2.62,1.87
2016.10.12 15:39:42.556,1.04436,1.04439,2.62,2.06
2016.10.12 15:39:42.607,1.04436,1.04439,2.62,1.31
2016.10.12 15:39:42.759,1.04436,1.04439,2.62,1.12
2016.10.12 15:39:45.112,1.04436,1.04439,3.00,1.12
2016.10.12 15:39:45.214,1.04436,1.04439,2.62,1.12
2016.10.12 15:39:45.315,1.04436,1.04439,2.62,1.87
2016.10.12 15:39:45.519,1.04436,1.04439,2.62,1.12
2016.10.12 15:39:45.864,1.04436,1.0444,2.62,4.50
2016.10.12 15:39:46.322,1.04436,1.0444,3.37,4.50
2016.10.12 15:39:47.132,1.04436,1.04439,3.37,1.12
2016.10.12 15:39:49.924,1.04436,1.04439,1.50,1.12
2016.10.12 15:39:50.501,1.04436,1.04437,1.00,1.00
2016.10.12 15:39:50.553,1.04435,1.04436,2.25,1.00
2016.10.12 15:39:50.604,1.04434,1.04436,1.00,2.25
2016.10.12 15:39:50.655,1.04432,1.04435,1.87,1.35
2016.10.12 15:39:50.707,1.04432,1.04435,1.37,1.35
2016.10.12 15:39:50.758,1.04431,1.04434,3.00,1.12
2016.10.12 15:39:50.810,1.04431,1.04434,3.00,1.87
2016.10.12 15:39:50.862,1.04431,1.04434,2.25,1.87
2016.10.12 15:39:51.319,1.04431,1.04434,2.25,1.12
2016.10.12 15:39:51.625,1.04431,1.04434,1.50,1.12
2016.10.12 15:39:51.676,1.04431,1.04435,1.50,3.00
2016.10.12 15:39:52.135,1.04431,1.04435,1.50,3.00
2016.10.12 15:39:52.237,1.04431,1.04435,1.50,4.50
2016.10.12 15:39:52.339,1.0443,1.04435,3.19,5.25
2016.10.12 15:39:52.390,1.0443,1.04434,3.19,3.00
2016.10.12 15:39:52.625,1.0443,1.04434,3.19,3.75
2016.10.12 15:39:52.870,1.0443,1.04434,3.94,3.00
2016.10.12 15:39:52.923,1.0443,1.04434,3.94,3.00
2016.10.12 15:39:53.025,1.04431,1.04434,1.00,3.00
2016.10.12 15:39:53.229,1.0443,1.04434,3.94,3.00
2016.10.12 15:39:53.281,1.04431,1.04434,1.00,3.00
2016.10.12 15:39:53.385,1.04431,1.04435,1.00,6.00
2016.10.12 15:39:53.991,1.04431,1.04435,1.00,6.79
2016.10.12 15:39:54.093,1.04431,1.04435,1.00,6.94
2016.10.12 15:39:54.196,1.04431,1.04434,1.00,1.42
2016.10.12 15:39:54.399,1.04431,1.04434,1.00,1.91
2016.10.12 15:39:54.914,1.04431,1.04434,1.00,2.47
2016.10.12 15:39:55.073,1.04431,1.04434,1.00,2.25
2016.10.12 15:39:55.277,1.04431,1.04434,1.00,2.66
2016.10.12 15:39:55.329,1.04431,1.04433,1.00,1.12
2016.10.12 15:39:56.355,1.04431,1.04433,1.00,1.87
2016.10.12 15:39:57.302,1.04431,1.04433,1.00,3.37
2016.10.12 15:39:57.726,1.04431,1.04433,1.00,2.62
2016.10.12 15:39:58.523,1.04431,1.04433,1.00,1.12
2016.10.12 15:39:58.625,1.04434,1.04435,1.54,1.72
2016.10.12 15:39:58.676,1.04436,1.04437,1.54,3.15
2016.10.12 15:39:58.727,1.04439,1.04441,2.50,2.44
2016.10.12 15:39:58.779,1.0444,1.04443,1.00,1.31
2016.10.12 15:39:58.853,1.04439,1.04442,2.62,1.50
2016.10.12 15:39:58.904,1.04439,1.04442,2.62,1.12
2016.10.12 15:39:58.955,1.04439,1.04443,2.62,2.44
2016.10.12 15:39:59.006,1.04439,1.04443,2.62,2.06
2016.10.12 15:39:59.057,1.04439,1.04442,2.62,1.00
2016.10.12 15:39:59.310,1.0444,1.04442,1.00,1.00
2016.10.12 15:39:59.361,1.04441,1.04443,1.00,1.12
2016.10.12 15:39:59.869,1.04441,1.04443,1.00,1.87
2016.10.12 15:39:59.971,1.04441,1.04443,1.00,1.12
2016.10.12 15:40:00.446,1.04441,1.04444,1.00,1.50
2016.10.12 15:40:00.548,1.04441,1.04443,1.00,1.12
2016.10.12 15:40:00.651,1.04442,1.04445,1.72,4.69
2016.10.12 15:40:00.703,1.04444,1.04445,1.50,3.75
2016.10.12 15:40:00.755,1.04445,1.04447,13.20,1.12
2016.10.12 15:40:00.807,1.04446,1.04448,1.00,2.62
2016.10.12 15:40:00.860,1.04447,1.04449,1.00,3.75
2016.10.12 15:40:01.162,1.04449,1.04452,1.00,1.87
2016.10.12 15:40:01.213,1.04449,1.04452,1.00,1.50
2016.10.12 15:40:01.264,1.04448,1.04452,3.64,3.00
2016.10.12 15:40:01.317,1.04448,1.04452,3.26,3.19
2016.10.12 15:40:01.368,1.04448,1.0445,1.00,1.00
2016.10.12 15:40:01.420,1.04447,1.0445,2.25,1.12
2016.10.12 15:40:01.471,1.04447,1.04449,2.25,1.00
2016.10.12 15:40:01.522,1.04446,1.04449,2.40,1.00
2016.10.12 15:40:01.611,1.04446,1.04448,1.00,1.00
2016.10.12 15:40:01.854,1.04445,1.04449,4.50,1.00
2016.10.12 15:40:01.905,1.04446,1.04449,1.00,1.00
2016.10.12 15:40:02.212,1.04446,1.04449,1.50,1.00
2016.10.12 15:40:02.706,1.04447,1.04451,1.00,3.00
2016.10.12 15:40:02.808,1.04447,1.0445,1.00,1.12
2016.10.12 15:40:02.910,1.04447,1.04451,1.00,1.50
2016.10.12 15:40:02.961,1.04448,1.04452,1.00,4.50
2016.10.12 15:40:03.013,1.04448,1.04452,1.00,3.75
2016.10.12 15:40:03.502,1.04448,1.04451,1.00,1.50
2016.10.12 15:40:03.553,1.04447,1.04451,1.00,1.00
2016.10.12 15:40:03.604,1.04448,1.04452,1.00,2.62
2016.10.12 15:40:04.168,1.04448,1.0445,1.00,1.00
2016.10.12 15:40:04.246,1.04448,1.04451,1.00,1.50
2016.10.12 15:40:04.348,1.04447,1.04451,1.00,1.00
2016.10.12 15:40:04.591,1.04447,1.04451,1.25,2.25
2016.10.12 15:40:04.642,1.04451,1.04453,1.00,3.75
2016.10.12 15:40:04.694,1.04451,1.04453,1.00,2.25
2016.10.12 15:40:04.745,1.04453,1.04454,1.00,1.12
2016.10.12 15:40:04.797,1.04453,1.04457,1.00,7.50
2016.10.12 15:40:04.848,1.04452,1.04457,1.00,6.75
2016.10.12 15:40:04.900,1.04452,1.04454,1.12,1.00
2016.10.12 15:40:05.264,1.04452,1.04454,1.00,1.00
2016.10.12 15:40:05.778,1.04451,1.04453,1.00,1.00
2016.10.12 15:40:06.041,1.04453,1.04455,1.00,1.00
2016.10.12 15:40:06.092,1.04454,1.04458,1.00,1.87
2016.10.12 15:40:06.346,1.04454,1.04458,1.00,3.37
2016.10.12 15:40:06.550,1.04454,1.04458,1.00,3.56
2016.10.12 15:40:06.601,1.04453,1.04457,1.00,1.00
2016.10.12 15:40:07.868,1.04453,1.04457,1.50,1.00
2016.10.12 15:40:07.928,1.04453,1.04457,1.00,1.00
2016.10.12 15:40:08.082,1.04453,1.04457,1.50,1.00
2016.10.12 15:40:08.185,1.04453,1.04457,1.50,2.25
2016.10.12 15:40:08.237,1.04453,1.04456,1.50,1.00
2016.10.12 15:40:08.390,1.04453,1.04457,1.00,2.25
2016.10.12 15:40:08.492,1.04453,1.04456,1.00,1.00
2016.10.12 15:40:08.797,1.04453,1.04457,1.50,1.00
2016.10.12 15:40:08.884,1.04456,1.04459,1.00,3.82
2016.10.12 15:40:08.935,1.04456,1.04459,1.00,1.12
2016.10.12 15:40:08.986,1.04455,1.04459,1.12,1.87
2016.10.12 15:40:09.088,1.04455,1.04459,1.00,1.87
2016.10.12 15:40:09.140,1.04455,1.04459,1.00,2.62
2016.10.12 15:40:09.192,1.04455,1.04459,1.00,3.37
2016.10.12 15:40:09.243,1.04455,1.04459,1.00,4.12
2016.10.12 15:40:09.294,1.04455,1.04459,1.00,3.37
2016.10.12 15:40:09.396,1.04455,1.04459,1.00,4.12
2016.10.12 15:40:09.642,1.04455,1.04459,1.00,3.56
2016.10.12 15:40:09.704,1.04454,1.04458,1.12,1.00
2016.10.12 15:40:09.765,1.04454,1.04458,1.12,1.49
2016.10.12 15:40:09.817,1.04454,1.04458,1.00,1.25
2016.10.12 15:40:09.869,1.04454,1.04458,1.00,2.44
2016.10.12 15:40:09.921,1.04454,1.04458,1.00,2.25
2016.10.12 15:40:09.972,1.04454,1.04458,1.00,3.00
2016.10.12 15:40:10.024,1.04455,1.04458,1.00,2.25
2016.10.12 15:40:10.075,1.04455,1.04458,1.50,1.00
2016.10.12 15:40:10.438,1.04455,1.04458,1.00,1.50
2016.10.12 15:40:10.518,1.04455,1.04458,1.00,2.25
2016.10.12 15:40:10.814,1.04453,1.04458,3.37,3.75
2016.10.12 15:40:10.889,1.04453,1.04457,3.00,1.00
2016.10.12 15:40:10.940,1.04453,1.04458,3.00,3.79
2016.10.12 15:40:11.042,1.04453,1.04458,3.00,3.60
2016.10.12 15:40:11.093,1.04453,1.04458,3.75,3.60
2016.10.12 15:40:11.247,1.04453,1.04458,3.75,3.37
2016.10.12 15:40:11.553,1.04453,1.04458,3.00,3.56
2016.10.12 15:40:11.655,1.04453,1.04458,1.00,3.37
2016.10.12 15:40:11.859,1.04453,1.04458,1.50,3.37
2016.10.12 15:40:11.910,1.04454,1.04458,1.00,2.62
2016.10.12 15:40:11.961,1.04454,1.04459,1.00,6.75
2016.10.12 15:40:12.012,1.04454,1.04459,1.00,7.12
2016.10.12 15:40:12.531,1.04454,1.04459,1.00,6.75
2016.10.12 15:40:12.633,1.04454,1.04458,1.00,1.12
2016.10.12 15:40:12.684,1.04454,1.04458,1.50,1.12
2016.10.12 15:40:12.838,1.04454,1.04459,1.50,6.00
2016.10.12 15:40:12.941,1.04455,1.04459,1.00,5.25
2016.10.12 15:40:13.043,1.04455,1.04459,1.00,6.00
2016.10.12 15:40:13.145,1.04454,1.04458,1.00,1.12
2016.10.12 15:40:13.863,1.04454,1.04458,1.00,1.35
2016.10.12 15:40:13.914,1.04453,1.04457,1.50,1.00
2016.10.12 15:40:13.965,1.04453,1.04457,1.00,3.19
2016.10.12 15:40:14.067,1.04453,1.04457,1.00,1.16
2016.10.12 15:40:14.170,1.04453,1.04457,1.00,3.41
2016.10.12 15:40:14.273,1.04453,1.04457,1.00,3.22
2016.10.12 15:40:14.666,1.04453,1.04457,1.00,2.85
2016.10.12 15:40:14.773,1.04453,1.04457,1.00,3.60
2016.10.12 15:40:14.825,1.04453,1.04457,1.00,3.97
2016.10.12 15:40:14.978,1.04453,1.04457,1.00,3.75
2016.10.12 15:40:15.081,1.04452,1.04457,2.62,3.75
2016.10.12 15:40:15.132,1.04452,1.04457,2.62,4.50
2016.10.12 15:40:15.387,1.04455,1.04457,1.50,1.12
2016.10.12 15:40:15.439,1.04456,1.0446,2.62,3.75
2016.10.12 15:40:15.526,1.04456,1.0446,3.00,3.00
2016.10.12 15:40:15.579,1.04456,1.0446,3.00,3.75
2016.10.12 15:40:15.630,1.04456,1.0446,1.50,2.62
2016.10.12 15:40:15.682,1.04456,1.0446,1.00,2.62
2016.10.12 15:40:15.784,1.04456,1.0446,1.00,2.25
2016.10.12 15:40:16.387,1.04456,1.0446,1.00,3.00
2016.10.12 15:40:17.076,1.04456,1.0446,1.50,3.75
2016.10.12 15:40:17.128,1.04456,1.04459,1.50,1.00
2016.10.12 15:40:17.548,1.04456,1.04459,2.25,1.00
2016.10.12 15:40:17.700,1.04456,1.04459,2.25,2.25
2016.10.12 15:40:17.752,1.04456,1.04459,1.50,1.00
2016.10.12 15:40:17.854,1.04456,1.04459,1.50,2.25
2016.10.12 15:40:18.113,1.04456,1.04459,1.00,2.25
2016.10.12 15:40:18.164,1.04455,1.04459,1.50,1.87
2016.10.12 15:40:18.394,1.04455,1.04458,1.50,1.00
2016.10.12 15:40:18.447,1.04455,1.04458,1.50,1.00
2016.10.12 15:40:18.549,1.04454,1.04459,3.00,6.37
2016.10.12 15:40:18.600,1.04454,1.04458,1.50,1.50
2016.10.12 15:40:18.652,1.04454,1.04458,1.50,3.00
2016.10.12 15:40:18.970,1.04454,1.04458,1.50,2.25
2016.10.12 15:40:19.072,1.04454,1.04458,1.50,3.00
2016.10.12 15:40:19.276,1.04454,1.04458,1.50,1.00
2016.10.12 15:40:19.527,1.04454,1.04459,1.50,7.87
2016.10.12 15:40:19.592,1.04454,1.04457,1.50,1.00
2016.10.12 15:40:19.643,1.04454,1.04457,1.50,1.30
2016.10.12 15:40:19.694,1.04454,1.04457,1.00,1.30
2016.10.12 15:40:19.745,1.04453,1.04457,1.69,1.50
2016.10.12 15:40:19.796,1.04453,1.04457,1.50,1.00
2016.10.12 15:40:19.898,1.04453,1.04457,1.50,1.50
2016.10.12 15:40:19.949,1.04453,1.04457,1.50,1.35
2016.10.12 15:40:20.000,1.04453,1.04457,1.50,2.10
2016.10.12 15:40:20.051,1.04453,1.04457,1.50,1.87
2016.10.12 15:40:20.102,1.04453,1.04457,1.50,3.75
2016.10.12 15:40:20.203,1.04453,1.04457,1.50,2.25
2016.10.12 15:40:20.657,1.04454,1.04458,1.00,2.62
2016.10.12 15:40:20.728,1.04454,1.04458,1.00,1.87
2016.10.12 15:40:20.792,1.04455,1.04459,1.00,7.87
2016.10.12 15:40:20.894,1.04455,1.04459,1.00,5.62
2016.10.12 15:40:20.996,1.04454,1.04458,3.00,1.12
2016.10.12 15:40:21.098,1.04454,1.04458,3.75,1.12
2016.10.12 15:40:21.201,1.04454,1.04457,1.50,1.00
2016.10.12 15:40:21.512,1.04453,1.04456,1.00,2.62
2016.10.12 15:40:21.566,1.04453,1.04456,1.00,2.25
2016.10.12 15:40:21.618,1.04453,1.04456,1.00,2.62
2016.10.12 15:40:21.669,1.04453,1.04456,1.00,3.37
2016.10.12 15:40:21.823,1.04453,1.04456,1.00,3.00
2016.10.12 15:40:21.874,1.04453,1.04456,1.00,2.25
2016.10.12 15:40:22.232,1.04453,1.04456,1.00,4.35
2016.10.12 15:40:22.472,1.04452,1.04454,1.00,2.47
2016.10.12 15:40:22.561,1.04448,1.04451,2.25,1.00
2016.10.12 15:40:22.868,1.04447,1.0445,1.50,1.00
2016.10.12 15:40:23.377,1.04446,1.0445,4.12,1.00
2016.10.12 15:40:23.494,1.04446,1.0445,3.37,1.00
2016.10.12 15:40:25.066,1.04446,1.0445,1.00,2.25
2016.10.12 15:40:25.117,1.04445,1.0445,9.02,3.00
2016.10.12 15:40:25.169,1.04446,1.0445,1.00,3.00
2016.10.12 15:40:25.373,1.04446,1.0445,1.00,2.25
2016.10.12 15:40:25.424,1.04446,1.0445,1.50,2.25
2016.10.12 15:40:25.900,1.04446,1.0445,1.00,2.25
2016.10.12 15:40:25.952,1.04446,1.0445,1.12,2.25
2016.10.12 15:40:26.003,1.04446,1.0445,1.87,2.25
2016.10.12 15:40:26.308,1.04446,1.0445,1.12,2.25
2016.10.12 15:40:26.410,1.04446,1.0445,1.87,2.25
2016.10.12 15:40:26.613,1.04446,1.04449,1.12,1.00
2016.10.12 15:40:26.826,1.04445,1.04448,4.35,1.00
2016.10.12 15:40:26.880,1.04445,1.04449,3.37,1.00
2016.10.12 15:40:27.138,1.04446,1.0445,1.50,2.44
2016.10.12 15:40:27.240,1.04446,1.0445,1.00,2.44
2016.10.12 15:40:27.292,1.04446,1.0445,2.25,1.25
2016.10.12 15:40:27.445,1.04446,1.0445,3.00,1.25
2016.10.12 15:40:27.496,1.04446,1.04449,1.50,1.00
2016.10.12 15:40:27.598,1.04445,1.04449,1.12,2.25
2016.10.12 15:40:28.143,1.04444,1.04448,4.50,1.00
2016.10.12 15:40:28.296,1.04444,1.04448,5.47,1.00
2016.10.12 15:40:28.348,1.04445,1.04449,1.87,3.00
2016.10.12 15:40:28.502,1.04445,1.04449,1.87,1.00
2016.10.12 15:40:28.604,1.04445,1.0445,1.87,2.25
2016.10.12 15:40:28.656,1.04445,1.04449,1.87,1.00
2016.10.12 15:40:28.707,1.04445,1.04449,2.62,1.00
2016.10.12 15:40:28.931,1.04445,1.04449,1.87,1.00
2016.10.12 15:40:29.013,1.04445,1.04449,1.12,1.50
2016.10.12 15:40:29.116,1.04445,1.04449,1.12,1.00
2016.10.12 15:40:29.632,1.04445,1.04449,1.87,1.00
2016.10.12 15:40:29.836,1.04445,1.04449,1.12,1.00
2016.10.12 15:40:30.055,1.04445,1.04449,1.12,1.50
2016.10.12 15:40:30.107,1.04445,1.04449,1.12,1.00
2016.10.12 15:40:30.211,1.04445,1.04449,1.12,2.25
2016.10.12 15:40:30.621,1.04445,1.04449,1.87,2.25
2016.10.12 15:40:30.724,1.04445,1.04449,1.12,3.00
2016.10.12 15:40:31.595,1.04444,1.04447,1.50,1.00
2016.10.12 15:40:31.646,1.04444,1.04448,1.50,2.25
2016.10.12 15:40:31.697,1.04444,1.04448,1.50,1.00
2016.10.12 15:40:31.748,1.04445,1.04448,1.12,1.00
2016.10.12 15:40:31.799,1.04445,1.04448,1.00,1.00
2016.10.12 15:40:32.108,1.04445,1.04448,1.00,1.00
2016.10.12 15:40:32.408,1.04444,1.04447,1.12,1.00
2016.10.12 15:40:32.460,1.04445,1.04447,1.00,1.00
2016.10.12 15:40:32.542,1.04444,1.04447,1.00,1.00
2016.10.12 15:40:32.898,1.04444,1.04447,1.00,1.00
2016.10.12 15:40:32.949,1.04443,1.04447,5.62,1.00
2016.10.12 15:40:33.000,1.04443,1.04447,4.87,1.00
2016.10.12 15:40:33.464,1.04443,1.04446,3.00,1.00
2016.10.12 15:40:33.515,1.04443,1.04445,1.00,1.00
2016.10.12 15:40:33.566,1.04443,1.04446,1.00,3.75
2016.10.12 15:40:33.617,1.04443,1.04446,1.00,2.25
2016.10.12 15:40:33.973,1.04443,1.04445,1.00,1.00
2016.10.12 15:40:34.638,1.04443,1.04446,1.00,2.25
2016.10.12 15:40:36.125,1.04442,1.04446,1.69,2.25
2016.10.12 15:40:36.176,1.04442,1.04446,1.16,2.25
2016.10.12 15:40:36.278,1.04442,1.04446,1.69,2.25
2016.10.12 15:40:36.381,1.04442,1.04446,1.50,2.25
2016.10.12 15:40:37.168,1.04442,1.04445,1.00,1.00
2016.10.12 15:40:37.219,1.04441,1.04445,4.50,1.50
2016.10.12 15:40:37.270,1.04441,1.04445,4.12,1.50
2016.10.12 15:40:37.372,1.04441,1.04445,3.37,1.50
2016.10.12 15:40:37.426,1.04441,1.04445,3.37,1.00
2016.10.12 15:40:37.873,1.04441,1.04445,3.75,1.00
2016.10.12 15:40:38.031,1.04441,1.04445,4.50,1.00
2016.10.12 15:40:38.082,1.04441,1.04445,5.25,1.00
2016.10.12 15:40:38.185,1.04441,1.04445,4.50,1.00
2016.10.12 15:40:38.237,1.04441,1.04443,2.62,1.00
2016.10.12 15:40:38.447,1.04441,1.04443,1.50,1.00
2016.10.12 15:40:38.498,1.0444,1.04444,2.62,2.25
2016.10.12 15:40:38.753,1.0444,1.04444,2.25,2.25
2016.10.12 15:40:38.805,1.0444,1.04444,3.37,2.25
2016.10.12 15:40:38.856,1.04441,1.04444,1.00,1.50
2016.10.12 15:40:38.933,1.04441,1.04445,2.62,1.50
2016.10.12 15:40:38.984,1.04441,1.04445,3.37,1.00
2016.10.12 15:40:39.253,1.04442,1.04445,1.00,1.00
2016.10.12 15:40:39.457,1.04442,1.04445,1.50,1.00
2016.10.12 15:40:39.813,1.04442,1.04444,1.00,3.00
2016.10.12 15:40:39.864,1.04441,1.04444,1.12,3.75
2016.10.12 15:40:40.109,1.04441,1.04444,1.00,1.50
2016.10.12 15:40:40.160,1.04441,1.04444,1.00,1.00
2016.10.12 15:40:40.211,1.0444,1.04444,2.25,1.00
2016.10.12 15:40:40.516,1.04441,1.04445,1.00,4.87
2016.10.12 15:40:40.669,1.04441,1.04445,1.00,4.50
2016.10.12 15:40:41.199,1.0444,1.04444,1.50,2.25
2016.10.12 15:40:41.251,1.0444,1.04444,1.50,3.00
2016.10.12 15:40:41.353,1.0444,1.04444,1.50,2.25
2016.10.12 15:40:41.558,1.0444,1.04444,1.00,2.25
2016.10.12 15:40:42.363,1.0444,1.04444,1.00,3.00
2016.10.12 15:40:42.465,1.0444,1.04444,1.00,3.75
2016.10.12 15:40:42.545,1.04439,1.04444,1.87,3.75
2016.10.12 15:40:42.839,1.04439,1.04444,1.12,3.75
2016.10.12 15:40:42.890,1.04439,1.04444,2.47,2.25
2016.10.12 15:40:42.994,1.0444,1.04444,1.12,1.00
2016.10.12 15:40:43.147,1.0444,1.04445,1.50,3.56
2016.10.12 15:40:43.198,1.04441,1.04445,1.00,3.37
2016.10.12 15:40:43.250,1.04441,1.04445,1.50,1.87
2016.10.12 15:40:43.352,1.0444,1.04444,3.37,1.00
2016.10.12 15:40:43.403,1.0444,1.04444,3.37,1.50
2016.10.12 15:40:43.671,1.0444,1.04444,1.00,1.50
2016.10.12 15:40:43.773,1.0444,1.04444,1.00,1.00
2016.10.12 15:40:43.876,1.0444,1.04445,1.00,4.31
2016.10.12 15:40:43.950,1.0444,1.04445,1.12,2.62
2016.10.12 15:40:44.002,1.0444,1.04445,2.62,2.62
2016.10.12 15:40:44.053,1.0444,1.04444,2.25,1.00
2016.10.12 15:40:44.939,1.0444,1.04445,2.25,4.12
2016.10.12 15:40:44.990,1.0444,1.04445,3.00,4.12
2016.10.12 15:40:45.236,1.04441,1.04444,1.00,1.00
2016.10.12 15:40:45.440,1.0444,1.04444,3.00,1.00
2016.10.12 15:40:45.523,1.0444,1.04444,3.75,1.00
2016.10.12 15:40:45.575,1.04441,1.04445,1.00,2.62
2016.10.12 15:40:45.779,1.0444,1.04445,3.94,2.62
2016.10.12 15:40:45.882,1.04441,1.04445,1.50,1.87
2016.10.12 15:40:46.140,1.04441,1.04445,2.25,1.87
2016.10.12 15:40:46.496,1.04441,1.04445,1.50,1.87
2016.10.12 15:40:46.699,1.04441,1.04445,2.25,1.87
2016.10.12 15:40:46.801,1.04441,1.04445,1.50,1.87
2016.10.12 15:40:46.853,1.04441,1.04445,1.50,2.62
2016.10.12 15:40:47.156,1.04442,1.04445,1.00,1.87
2016.10.12 15:40:47.308,1.04442,1.04446,1.69,3.00
2016.10.12 15:40:47.410,1.04442,1.04446,1.50,3.00
2016.10.12 15:40:47.461,1.04442,1.04445,1.00,1.87
2016.10.12 15:40:47.545,1.04441,1.04444,1.00,2.25
2016.10.12 15:40:47.649,1.0444,1.04444,1.50,2.25
2016.10.12 15:40:48.100,1.04441,1.04445,2.25,1.12
2016.10.12 15:40:48.152,1.04442,1.04446,1.50,3.00
2016.10.12 15:40:48.918,1.04442,1.04446,1.50,3.75
2016.10.12 15:40:49.070,1.04442,1.04446,1.50,3.00
2016.10.12 15:40:49.122,1.04442,1.04444,1.00,1.50
2016.10.12 15:40:49.224,1.04441,1.04445,1.00,3.00
2016.10.12 15:40:49.275,1.04441,1.04445,1.50,1.12
2016.10.12 15:40:49.378,1.04441,1.04444,1.50,2.25
2016.10.12 15:40:49.429,1.04441,1.04444,1.00,3.00
2016.10.12 15:40:49.691,1.04441,1.04444,1.00,1.00
2016.10.12 15:40:50.004,1.04441,1.04444,1.50,1.00
2016.10.12 15:40:50.055,1.04442,1.04445,1.00,2.62
2016.10.12 15:40:50.157,1.04442,1.04445,1.50,2.62
2016.10.12 15:40:50.209,1.04442,1.04445,1.00,2.62
2016.10.12 15:40:50.261,1.04441,1.04445,1.72,4.50
2016.10.12 15:40:50.525,1.04441,1.04445,1.50,3.37
2016.10.12 15:40:50.747,1.04441,1.04445,1.50,2.62
2016.10.12 15:40:51.373,1.04441,1.04444,1.00,1.50
2016.10.12 15:40:51.800,1.04437,1.0444,3.00,1.00
2016.10.12 15:40:51.852,1.04437,1.0444,2.25,1.00
2016.10.12 15:40:52.004,1.04439,1.0444,1.00,1.00
2016.10.12 15:40:52.206,1.04439,1.0444,1.50,1.00
2016.10.12 15:40:52.265,1.04439,1.04443,1.50,1.87
2016.10.12 15:40:52.316,1.04439,1.04443,1.69,1.87
2016.10.12 15:40:52.418,1.04439,1.04443,1.50,1.50
2016.10.12 15:40:52.520,1.04439,1.04444,3.00,4.12
2016.10.12 15:40:52.895,1.04439,1.04444,3.75,4.12
2016.10.12 15:40:53.049,1.04439,1.04444,2.25,3.37
2016.10.12 15:40:53.153,1.04439,1.04444,2.25,4.12
2016.10.12 15:40:53.204,1.04439,1.04443,1.50,1.00
2016.10.12 15:40:54.075,1.04439,1.04443,1.50,1.50
2016.10.12 15:40:54.229,1.04439,1.04442,1.00,1.00
2016.10.12 15:40:54.724,1.04438,1.04441,2.62,1.00
2016.10.12 15:40:54.786,1.04439,1.04442,1.00,2.62
2016.10.12 15:40:54.870,1.04439,1.04442,1.00,1.12
2016.10.12 15:40:54.921,1.04439,1.04443,2.25,3.00
2016.10.12 15:40:55.023,1.04439,1.04443,2.25,2.62
2016.10.12 15:40:55.125,1.04439,1.04443,2.25,1.87
2016.10.12 15:40:55.330,1.04439,1.04444,2.25,3.00
2016.10.12 15:40:55.589,1.04439,1.04444,2.25,3.75
2016.10.12 15:40:55.775,1.04439,1.04444,2.25,3.00
2016.10.12 15:40:56.236,1.0444,1.04444,1.00,3.00
2016.10.12 15:40:56.287,1.0444,1.04444,1.50,3.00
2016.10.12 15:40:57.257,1.0444,1.04444,1.50,3.75
2016.10.12 15:40:57.502,1.04439,1.04444,2.25,3.00
2016.10.12 15:40:57.770,1.04439,1.04444,3.75,3.00
2016.10.12 15:40:58.169,1.04439,1.04444,3.75,3.75
2016.10.12 15:40:58.271,1.04439,1.04444,3.75,3.00
2016.10.12 15:40:58.778,1.0444,1.04442,1.50,1.00
2016.10.12 15:40:59.236,1.0444,1.04441,1.00,1.00
2016.10.12 15:40:59.288,1.0444,1.04441,1.00,1.50
2016.10.12 15:40:59.339,1.04438,1.04441,1.00,1.50
2016.10.12 15:40:59.390,1.04438,1.04441,1.00,2.25
2016.10.12 15:40:59.441,1.04437,1.04439,2.62,2.25
2016.10.12 15:40:59.492,1.04436,1.04438,2.25,1.12
2016.10.12 15:40:59.746,1.04434,1.04436,1.12,1.50
2016.10.12 15:40:59.819,1.04434,1.04436,1.12,2.25
2016.10.12 15:40:59.871,1.04434,1.04437,1.87,3.00
2016.10.12 15:40:59.922,1.04434,1.04437,2.62,2.25
2016.10.12 15:41:00.126,1.04436,1.04437,1.00,1.00
2016.10.12 15:41:00.228,1.04437,1.04439,1.00,1.00
2016.10.12 15:41:00.330,1.04437,1.04439,2.25,1.00
2016.10.12 15:41:00.571,1.04438,1.04441,2.25,1.50
2016.10.12 15:41:00.655,1.04438,1.04442,2.81,1.75
2016.10.12 15:41:00.706,1.04438,1.04441,1.12,1.75
2016.10.12 15:41:00.757,1.04438,1.04441,1.12,2.25
2016.10.12 15:41:00.808,1.04437,1.04441,5.25,2.25
2016.10.12 15:41:01.589,1.04437,1.04441,1.50,1.75
2016.10.12 15:41:01.946,1.04437,1.04441,1.50,3.00
2016.10.12 15:41:02.099,1.04437,1.04441,1.50,3.75
2016.10.12 15:41:02.303,1.04437,1.04441,1.50,3.00
2016.10.12 15:41:03.541,1.04437,1.04441,2.25,3.75
2016.10.12 15:41:03.594,1.04437,1.04441,1.50,3.75
2016.10.12 15:41:04.004,1.04437,1.04441,1.50,3.00
2016.10.12 15:41:04.261,1.04437,1.04441,1.50,3.75
2016.10.12 15:41:04.521,1.0444,1.04442,1.00,1.00
2016.10.12 15:41:04.623,1.0444,1.04443,1.00,2.25
2016.10.12 15:41:05.135,1.0444,1.04442,1.00,2.25
2016.10.12 15:41:05.645,1.0444,1.04443,1.00,3.00
2016.10.12 15:41:05.747,1.04439,1.04443,2.25,3.00
2016.10.12 15:41:05.849,1.04439,1.04441,1.00,1.87
2016.10.12 15:41:05.900,1.04439,1.0444,1.00,1.00
2016.10.12 15:41:05.951,1.04437,1.0444,1.50,2.62
2016.10.12 15:41:06.003,1.04437,1.0444,1.00,3.37
2016.10.12 15:41:06.054,1.04437,1.0444,1.00,3.75
2016.10.12 15:41:06.156,1.04437,1.0444,1.00,4.12
2016.10.12 15:41:06.526,1.04437,1.0444,1.00,3.75
2016.10.12 15:41:06.577,1.04437,1.0444,1.00,1.50
2016.10.12 15:41:06.834,1.04436,1.04439,3.75,1.00
2016.10.12 15:41:06.937,1.04437,1.04441,1.00,4.50
2016.10.12 15:41:07.039,1.04437,1.04441,2.25,4.50
2016.10.12 15:41:07.090,1.04437,1.04441,2.25,3.75
2016.10.12 15:41:07.141,1.04437,1.04441,1.50,3.75
2016.10.12 15:41:07.470,1.04437,1.04441,1.00,3.75
2016.10.12 15:41:07.577,1.04437,1.04441,1.00,4.50
2016.10.12 15:41:08.137,1.04437,1.04441,1.50,4.50
2016.10.12 15:41:08.542,1.04439,1.0444,1.50,1.00
2016.10.12 15:41:08.594,1.04439,1.04443,2.25,2.25
2016.10.12 15:41:08.899,1.04439,1.04443,2.25,2.25
2016.10.12 15:41:08.997,1.04439,1.04443,3.00,2.25
2016.10.12 15:41:09.049,1.04439,1.04443,2.25,2.25
2016.10.12 15:41:09.392,1.04439,1.04444,3.75,3.75
2016.10.12 15:41:09.444,1.0444,1.04444,1.00,3.75
2016.10.12 15:41:09.495,1.0444,1.04444,1.00,3.00
2016.10.12 15:41:09.851,1.04439,1.04444,4.50,3.00
2016.10.12 15:41:09.903,1.04439,1.04444,4.50,3.75
2016.10.12 15:41:09.954,1.04439,1.04443,3.00,2.25
2016.10.12 15:41:10.427,1.0444,1.04443,1.00,2.25
2016.10.12 15:41:10.640,1.04439,1.04442,1.50,2.25
2016.10.12 15:41:10.691,1.04439,1.04442,1.50,3.75
2016.10.12 15:41:10.742,1.04438,1.04442,1.00,4.50
2016.10.12 15:41:10.793,1.04438,1.04441,1.00,1.87
2016.10.12 15:41:10.896,1.04438,1.04441,1.00,2.25
2016.10.12 15:41:10.999,1.04438,1.04441,1.00,3.75
2016.10.12 15:41:11.422,1.04438,1.04441,1.00,3.00
2016.10.12 15:41:11.473,1.04438,1.04441,1.00,3.75
2016.10.12 15:41:11.852,1.04437,1.04441,1.50,3.75
2016.10.12 15:41:12.005,1.04437,1.04441,1.50,3.00
2016.10.12 15:41:12.159,1.04437,1.04441,1.50,3.37
2016.10.12 15:41:12.210,1.04437,1.04441,1.50,4.12
2016.10.12 15:41:12.567,1.04437,1.04441,1.50,3.75
2016.10.12 15:41:12.924,1.04437,1.04441,1.00,3.75
2016.10.12 15:41:13.179,1.04437,1.04441,1.50,3.75
2016.10.12 15:41:13.442,1.04437,1.04441,1.00,3.75
2016.10.12 15:41:13.837,1.04437,1.04441,1.00,4.50
2016.10.12 15:41:14.042,1.04437,1.04441,1.50,4.50
2016.10.12 15:41:14.144,1.04437,1.04441,1.00,4.50
2016.10.12 15:41:14.871,1.04437,1.04441,1.00,3.75
2016.10.12 15:41:15.482,1.04437,1.04441,1.00,3.00
2016.10.12 15:41:15.595,1.04437,1.04438,1.00,1.12
2016.10.12 15:41:15.647,1.04437,1.04439,1.00,4.95
2016.10.12 15:41:15.699,1.04434,1.04438,5.62,2.25
2016.10.12 15:41:15.752,1.04436,1.04437,1.00,1.00
2016.10.12 15:41:15.856,1.04436,1.04438,1.00,2.50
2016.10.12 15:41:15.959,1.04436,1.04438,1.50,2.25
2016.10.12 15:41:16.010,1.04436,1.0444,1.50,4.50
2016.10.12 15:41:16.061,1.04437,1.04438,1.00,1.00
2016.10.12 15:41:16.462,1.04437,1.0444,1.50,2.25
2016.10.12 15:41:16.669,1.04437,1.0444,1.00,2.25
2016.10.12 15:41:16.875,1.04437,1.0444,1.50,2.25
2016.10.12 15:41:16.978,1.04437,1.0444,1.00,2.25
2016.10.12 15:41:17.030,1.04437,1.0444,1.50,2.25
2016.10.12 15:41:17.081,1.04437,1.04441,2.25,3.75
2016.10.12 15:41:17.472,1.04437,1.04441,2.25,3.00
2016.10.12 15:41:17.908,1.04438,1.04439,1.00,1.12
2016.10.12 15:41:18.012,1.04437,1.04439,1.50,1.00
2016.10.12 15:41:18.065,1.04437,1.04438,1.00,1.00
2016.10.12 15:41:18.116,1.04437,1.04439,1.00,1.87
2016.10.12 15:41:18.167,1.04436,1.04439,1.00,1.87
2016.10.12 15:41:18.895,1.04437,1.04439,1.00,1.87
2016.10.12 15:41:19.690,1.04436,1.04439,1.00,1.87
2016.10.12 15:41:19.748,1.04437,1.04439,1.00,1.87
2016.10.12 15:41:20.157,1.04436,1.04439,1.00,1.87
2016.10.12 15:41:20.208,1.04436,1.04439,1.00,1.87
2016.10.12 15:41:20.464,1.04436,1.04439,1.00,1.87
2016.10.12 15:41:20.736,1.04437,1.04439,1.00,1.87
2016.10.12 15:41:20.940,1.04437,1.04438,1.00,1.00
2016.10.12 15:41:20.992,1.04436,1.04438,1.00,1.50
2016.10.12 15:41:21.094,1.04435,1.04438,1.00,1.50
2016.10.12 15:41:21.534,1.04435,1.04438,1.00,1.00
2016.10.12 15:41:21.589,1.04435,1.04439,1.00,1.87
2016.10.12 15:41:22.047,1.04435,1.04438,1.00,1.00
2016.10.12 15:41:22.098,1.04435,1.04438,1.00,1.50
2016.10.12 15:41:22.149,1.04434,1.04436,3.00,1.00
2016.10.12 15:41:22.201,1.04433,1.04436,2.25,1.00
2016.10.12 15:41:22.729,1.04433,1.04435,1.50,1.12
2016.10.12 15:41:22.882,1.04434,1.04435,1.00,1.12
2016.10.12 15:41:23.088,1.04434,1.04436,1.00,2.25
2016.10.12 15:41:23.395,1.04433,1.04436,1.50,2.25
2016.10.12 15:41:23.600,1.04434,1.04436,1.00,2.25
2016.10.12 15:41:23.651,1.04434,1.04435,1.00,1.12
2016.10.12 15:41:23.702,1.04432,1.04434,1.12,1.00
2016.10.12 15:41:23.804,1.04433,1.04436,1.00,2.25
2016.10.12 15:41:23.856,1.04433,1.04436,1.50,2.25
2016.10.12 15:41:23.911,1.04433,1.04435,1.50,1.12
2016.10.12 15:41:24.011,1.04433,1.04434,1.00,1.50
2016.10.12 15:41:24.062,1.04431,1.04434,1.87,1.87
2016.10.12 15:41:24.827,1.0443,1.04434,7.50,1.87
2016.10.12 15:41:25.184,1.04432,1.04434,1.00,1.87
2016.10.12 15:41:25.400,1.04431,1.04434,1.12,1.87
2016.10.12 15:41:25.454,1.04437,1.04438,1.35,5.62
2016.10.12 15:41:25.530,1.04438,1.04439,1.00,3.94
2016.10.12 15:41:25.583,1.04438,1.04439,4.57,1.00
2016.10.12 15:41:25.635,1.04439,1.04442,1.12,1.75
2016.10.12 15:41:25.686,1.0444,1.04441,1.16,1.00
2016.10.12 15:41:25.739,1.0444,1.04443,1.16,1.12
2016.10.12 15:41:26.084,1.04441,1.04443,1.00,1.12
2016.10.12 15:41:26.136,1.04441,1.04445,3.37,3.00
2016.10.12 15:41:26.357,1.04443,1.04445,1.00,1.87
2016.10.12 15:41:26.433,1.04442,1.04445,3.37,1.87
2016.10.12 15:41:26.485,1.04442,1.04445,2.62,1.87
2016.10.12 15:41:26.536,1.04442,1.04445,2.25,1.87
2016.10.12 15:41:26.588,1.04442,1.04445,1.50,2.62
2016.10.12 15:41:26.690,1.04441,1.04445,3.00,2.62
2016.10.12 15:41:26.793,1.04441,1.04445,2.25,2.62
2016.10.12 15:41:27.048,1.04441,1.04445,1.50,2.62
2016.10.12 15:41:27.368,1.04441,1.04445,1.50,1.87
2016.10.12 15:41:28.336,1.04441,1.04443,1.50,1.00
2016.10.12 15:41:28.570,1.04441,1.04444,5.62,1.00
2016.10.12 15:41:28.622,1.04441,1.04444,4.87,1.50
2016.10.12 15:41:28.927,1.04442,1.04444,1.12,1.50
2016.10.12 15:41:30.087,1.04443,1.04444,1.12,1.50
2016.10.12 15:41:30.139,1.04444,1.04446,3.00,1.00
2016.10.12 15:41:30.191,1.04444,1.04446,3.75,1.00
2016.10.12 15:41:30.243,1.04445,1.04448,1.00,1.69
2016.10.12 15:41:30.295,1.04445,1.04449,1.50,1.75
2016.10.12 15:41:30.347,1.04445,1.04449,1.69,1.75
2016.10.12 15:41:30.450,1.04445,1.04449,1.69,1.12
2016.10.12 15:41:30.529,1.04445,1.04449,1.25,1.12
2016.10.12 15:41:30.580,1.04445,1.04449,1.50,1.12
2016.10.12 15:41:30.991,1.04445,1.04449,1.50,1.87
2016.10.12 15:41:31.094,1.04446,1.04449,1.50,1.12
2016.10.12 15:41:31.247,1.04446,1.0445,1.50,2.44
2016.10.12 15:41:31.298,1.04445,1.0445,4.12,2.44
2016.10.12 15:41:31.349,1.04445,1.04449,4.12,1.12
2016.10.12 15:41:31.401,1.04445,1.04449,3.75,1.87
2016.10.12 15:41:32.322,1.04445,1.04449,3.00,1.87
2016.10.12 15:41:33.557,1.04445,1.04449,2.25,1.87
2016.10.12 15:41:33.609,1.04445,1.04449,3.00,1.87
2016.10.12 15:41:34.377,1.04445,1.04449,2.25,1.87
2016.10.12 15:41:34.479,1.04445,1.04449,3.00,1.87
2016.10.12 15:41:34.784,1.04445,1.04449,3.75,2.62
2016.10.12 15:41:34.886,1.04446,1.04449,1.00,2.62
2016.10.12 15:41:35.306,1.04445,1.04449,3.75,2.62
2016.10.12 15:41:35.357,1.04445,1.04449,3.00,2.62
2016.10.12 15:41:35.409,1.04445,1.04449,2.25,2.62
2016.10.12 15:41:35.941,1.04445,1.04449,1.00,2.62
2016.10.12 15:41:36.215,1.04445,1.04449,2.25,2.62
2016.10.12 15:41:36.266,1.04445,1.04449,2.25,3.00
2016.10.12 15:41:36.419,1.04445,1.04449,1.00,3.00
2016.10.12 15:41:36.522,1.04445,1.04449,1.50,3.00
2016.10.12 15:41:36.831,1.04444,1.04449,4.50,3.00
2016.10.12 15:41:37.018,1.04445,1.04449,1.50,3.00
2016.10.12 15:41:37.951,1.04444,1.04449,4.50,3.00
2016.10.12 15:41:38.155,1.04445,1.04449,1.50,3.00
2016.10.12 15:41:38.257,1.04445,1.04449,1.50,3.37
2016.10.12 15:41:38.308,1.04445,1.04448,1.50,1.00
2016.10.12 15:41:38.359,1.04445,1.04448,1.50,1.50
2016.10.12 15:41:38.410,1.04444,1.04448,3.00,1.50
2016.10.12 15:41:38.660,1.04445,1.04448,1.25,1.50
2016.10.12 15:41:38.787,1.04445,1.04448,3.00,1.50
2016.10.12 15:41:38.889,1.04445,1.04448,2.25,1.50
2016.10.12 15:41:39.042,1.04445,1.04448,3.00,1.00
2016.10.12 15:41:39.103,1.04445,1.04448,3.75,1.00
2016.10.12 15:41:39.205,1.04447,1.04448,1.00,1.00
2016.10.12 15:41:39.257,1.04447,1.04449,1.00,1.12
2016.10.12 15:41:39.309,1.04445,1.04449,3.00,1.87
2016.10.12 15:41:39.563,1.04444,1.04448,2.25,1.00
2016.10.12 15:41:39.655,1.04444,1.04448,1.87,1.50
2016.10.12 15:41:39.757,1.04444,1.04448,1.12,1.50
2016.10.12 15:41:39.809,1.04444,1.04447,1.87,1.00
2016.10.12 15:41:39.911,1.04444,1.04447,1.12,1.00
2016.10.12 15:41:39.962,1.04444,1.04447,1.12,1.50
2016.10.12 15:41:40.115,1.04444,1.04447,1.87,1.50
2016.10.12 15:41:40.416,1.04444,1.04447,2.25,1.00
2016.10.12 15:41:40.525,1.04444,1.04447,1.00,1.00
2016.10.12 15:41:41.023,1.04443,1.04446,1.87,1.00
2016.10.12 15:41:41.125,1.04443,1.04446,3.37,1.00
2016.10.12 15:41:41.531,1.04443,1.04446,2.62,1.00
2016.10.12 15:41:41.633,1.04445,1.04447,1.00,1.00
2016.10.12 15:41:41.837,1.04446,1.04448,1.50,1.25
2016.10.12 15:41:42.682,1.04446,1.04448,1.00,2.44
2016.10.12 15:41:42.784,1.04446,1.04448,1.00,3.19
2016.10.12 15:41:42.835,1.04446,1.04447,1.00,1.00
2016.10.12 15:41:42.886,1.04445,1.04447,1.00,1.87
2016.10.12 15:41:42.937,1.04445,1.04447,1.00,2.62
2016.10.12 15:41:42.988,1.04445,1.04447,1.00,2.25
2016.10.12 15:41:43.039,1.04446,1.04447,1.00,1.00
2016.10.12 15:41:43.141,1.04446,1.04447,1.50,1.00
2016.10.12 15:41:43.395,1.04446,1.04447,1.00,1.00
2016.10.12 15:41:43.868,1.04446,1.04447,1.50,1.00
2016.10.12 15:41:44.326,1.04446,1.04447,1.00,1.00
2016.10.12 15:41:44.631,1.04446,1.04447,1.00,1.00
2016.10.12 15:41:45.061,1.04446,1.04449,1.50,6.26
2016.10.12 15:41:45.112,1.04446,1.04449,1.50,5.06
2016.10.12 15:41:45.215,1.04446,1.04449,1.50,5.81
2016.10.12 15:41:45.266,1.04446,1.04449,1.50,5.44
2016.10.12 15:41:45.317,1.04446,1.04449,1.50,4.16
2016.10.12 15:41:45.368,1.04446,1.04449,1.50,1.91
2016.10.12 15:41:45.471,1.04446,1.04448,1.50,1.25
2016.10.12 15:41:45.573,1.04445,1.04448,1.50,1.12
2016.10.12 15:41:45.624,1.04445,1.04447,1.50,1.50
2016.10.12 15:41:45.777,1.04445,1.04447,1.00,1.69
2016.10.12 15:41:45.829,1.04445,1.04447,1.00,2.44
2016.10.12 15:41:45.880,1.04444,1.04447,1.50,2.25
2016.10.12 15:41:46.135,1.04445,1.04447,1.50,1.37
2016.10.12 15:41:46.440,1.04445,1.04447,1.50,1.37
2016.10.12 15:41:46.491,1.04445,1.04447,1.00,1.37
2016.10.12 15:41:46.543,1.04445,1.04447,1.00,1.37
2016.10.12 15:41:46.848,1.04445,1.04446,1.00,1.12
2016.10.12 15:41:46.899,1.04444,1.04446,1.50,2.25
2016.10.12 15:41:46.951,1.04444,1.04446,1.00,2.25
2016.10.12 15:41:47.002,1.04444,1.04446,1.00,3.00
2016.10.12 15:41:47.220,1.04444,1.04446,1.00,2.25
2016.10.12 15:41:47.272,1.04443,1.04446,1.50,2.25
2016.10.12 15:41:47.374,1.04443,1.04446,1.50,1.50
2016.10.12 15:41:47.584,1.04444,1.04446,1.00,1.50
2016.10.12 15:41:47.636,1.04444,1.04446,1.50,1.50
2016.10.12 15:41:48.457,1.04445,1.04448,1.00,1.69
2016.10.12 15:41:48.508,1.04445,1.04448,1.50,1.69
2016.10.12 15:41:49.169,1.04445,1.04448,1.50,2.06
2016.10.12 15:41:49.220,1.04445,1.04448,1.00,2.44
2016.10.12 15:41:49.271,1.04445,1.04448,1.50,2.44
2016.10.12 15:41:49.524,1.04445,1.04448,1.00,2.81
2016.10.12 15:41:49.578,1.04444,1.04448,1.50,2.81
2016.10.12 15:41:49.645,1.04444,1.04448,1.50,2.44
2016.10.12 15:41:49.696,1.04445,1.04448,1.00,2.06
2016.10.12 15:41:49.747,1.04445,1.04448,1.00,2.81
2016.10.12 15:41:49.799,1.04445,1.04448,1.00,1.69
2016.10.12 15:41:49.849,1.04445,1.04448,1.50,1.69
2016.10.12 15:41:49.951,1.04445,1.04448,1.50,1.25
2016.10.12 15:41:50.256,1.04445,1.04448,1.00,1.25
2016.10.12 15:41:50.555,1.04445,1.04448,1.00,2.44
2016.10.12 15:41:50.664,1.04444,1.04447,1.50,1.12
2016.10.12 15:41:50.715,1.04444,1.04448,1.50,1.69
2016.10.12 15:41:50.766,1.04444,1.04448,1.50,2.44
2016.10.12 15:41:50.817,1.04444,1.04446,1.00,1.00
2016.10.12 15:41:50.920,1.04444,1.04446,1.00,2.06
2016.10.12 15:41:50.971,1.04443,1.04446,1.50,2.06
2016.10.12 15:41:51.022,1.04443,1.04446,1.50,2.25
2016.10.12 15:41:51.533,1.04443,1.04446,1.50,1.50
2016.10.12 15:41:51.911,1.04443,1.04446,1.50,2.25
2016.10.12 15:41:52.116,1.04443,1.04446,1.50,1.50
2016.10.12 15:41:52.418,1.04443,1.04446,1.50,2.25
2016.10.12 15:41:52.521,1.04443,1.04446,1.50,1.50
2016.10.12 15:41:53.182,1.04443,1.04446,1.50,1.12
2016.10.12 15:41:53.445,1.04443,1.04447,1.50,4.50
2016.10.12 15:41:53.497,1.04444,1.04447,1.00,3.59
2016.10.12 15:41:53.548,1.04444,1.04445,1.00,1.00
2016.10.12 15:41:53.601,1.04443,1.04445,1.00,3.19
2016.10.12 15:41:53.652,1.04443,1.04444,1.00,1.25
2016.10.12 15:41:53.704,1.04442,1.04444,1.00,1.00
2016.10.12 15:41:53.755,1.04443,1.04445,1.00,2.62
2016.10.12 15:41:53.807,1.04442,1.04445,1.00,4.98
2016.10.12 15:41:53.858,1.04441,1.04444,1.50,2.62
2016.10.12 15:41:53.910,1.04441,1.04444,1.50,2.85
2016.10.12 15:41:53.961,1.04441,1.04443,1.50,1.00
2016.10.12 15:41:54.115,1.04441,1.04444,1.50,2.62
2016.10.12 15:41:54.436,1.04441,1.04444,1.50,1.87
2016.10.12 15:41:54.889,1.04441,1.04444,1.50,3.00
2016.10.12 15:41:54.941,1.04441,1.04443,1.50,1.12
2016.10.12 15:41:55.021,1.04442,1.04444,1.00,3.37
2016.10.12 15:41:55.073,1.04442,1.04444,1.00,2.25
2016.10.12 15:41:55.124,1.04443,1.04444,1.50,1.00
2016.10.12 15:41:55.175,1.04443,1.04444,1.00,1.00
2016.10.12 15:41:55.226,1.0444,1.04446,4.50,6.00
2016.10.12 15:41:55.278,1.04443,1.04445,1.50,1.00
2016.10.12 15:41:55.328,1.04443,1.04446,1.50,1.72
2016.10.12 15:41:55.430,1.04443,1.04445,1.50,1.00
2016.10.12 15:41:55.520,1.04443,1.04446,1.50,1.72
2016.10.12 15:41:55.784,1.04442,1.04443,1.50,1.04
2016.10.12 15:41:55.836,1.0444,1.04442,1.00,1.57
2016.10.12 15:41:55.887,1.04439,1.04442,1.50,4.76
2016.10.12 15:41:55.938,1.04439,1.04442,1.50,4.01
2016.10.12 15:41:55.990,1.04439,1.04442,1.50,1.69
2016.10.12 15:41:56.041,1.0444,1.04442,1.00,1.50
2016.10.12 15:41:56.092,1.0444,1.04442,1.50,1.00
2016.10.12 15:41:56.143,1.0444,1.04443,1.50,3.75
2016.10.12 15:41:56.194,1.0444,1.04443,1.50,3.37
2016.10.12 15:41:56.245,1.0444,1.04443,1.50,1.87
2016.10.12 15:41:56.347,1.0444,1.04443,1.50,1.50
2016.10.12 15:41:56.398,1.0444,1.04443,1.50,1.00
2016.10.12 15:41:56.551,1.0444,1.04443,1.50,1.50
2016.10.12 15:41:57.078,1.0444,1.04443,1.50,1.00
2016.10.12 15:41:58.023,1.04441,1.04443,1.00,1.00
2016.10.12 15:41:58.125,1.04441,1.04444,1.00,5.29
2016.10.12 15:41:58.176,1.04442,1.04444,1.50,5.29
2016.10.12 15:41:58.329,1.04441,1.04443,1.50,3.03
2016.10.12 15:41:58.735,1.04441,1.04443,1.50,3.41
2016.10.12 15:41:59.458,1.04442,1.04443,1.50,3.41
2016.10.12 15:41:59.715,1.04443,1.04445,1.00,10.42
2016.10.12 15:41:59.766,1.04444,1.04445,1.00,7.23
2016.10.12 15:41:59.819,1.04444,1.04445,1.00,1.16
2016.10.12 15:41:59.971,1.04443,1.04445,1.50,1.16
2016.10.12 15:42:00.073,1.04443,1.04446,1.50,5.09
2016.10.12 15:42:00.864,1.04443,1.04446,1.50,4.91
2016.10.12 15:42:00.916,1.04443,1.04446,1.50,4.16
2016.10.12 15:42:01.018,1.04443,1.04447,1.50,6.99
2016.10.12 15:42:01.120,1.04444,1.04447,1.00,6.99
2016.10.12 15:42:01.222,1.04444,1.04447,1.50,6.99
2016.10.12 15:42:01.675,1.04444,1.04447,1.50,3.96
2016.10.12 15:42:01.726,1.04444,1.04447,1.50,3.21
2016.10.12 15:42:02.690,1.04444,1.04447,1.50,2.84
2016.10.12 15:42:03.025,1.04445,1.04447,1.00,2.84
2016.10.12 15:42:03.077,1.04445,1.04447,1.00,2.09
2016.10.12 15:42:03.128,1.04447,1.04449,1.00,4.31
2016.10.12 15:42:03.179,1.04447,1.04449,1.00,1.87
2016.10.12 15:42:03.231,1.04447,1.04451,1.87,4.87
2016.10.12 15:42:03.282,1.04447,1.04451,1.87,4.50
2016.10.12 15:42:03.333,1.04449,1.04451,1.00,4.12
2016.10.12 15:42:03.434,1.04449,1.04451,1.00,4.87
2016.10.12 15:42:03.840,1.04449,1.04451,1.00,4.12
2016.10.12 15:42:04.365,1.04449,1.04451,1.00,3.37
2016.10.12 15:42:04.518,1.04449,1.04451,1.00,2.62
2016.10.12 15:42:05.632,1.04449,1.04451,1.00,1.87
2016.10.12 15:42:06.039,1.04449,1.04451,1.00,1.12
2016.10.12 15:42:06.243,1.0445,1.04451,1.87,1.12
2016.10.12 15:42:06.294,1.0445,1.04454,4.87,3.86
2016.10.12 15:42:06.743,1.04453,1.04454,1.50,1.00
2016.10.12 15:42:06.794,1.04454,1.04455,1.00,1.50
2016.10.12 15:42:06.846,1.04453,1.04455,1.50,1.12
2016.10.12 15:42:06.898,1.04454,1.04455,1.00,1.12
2016.10.12 15:42:06.949,1.04454,1.04456,1.00,3.56
2016.10.12 15:42:07.000,1.04454,1.04456,1.00,3.19
2016.10.12 15:42:07.052,1.04454,1.04456,1.00,3.37
2016.10.12 15:42:07.103,1.04452,1.04456,2.25,3.97
2016.10.12 15:42:07.155,1.04453,1.04454,1.00,1.30
2016.10.12 15:42:07.258,1.04453,1.04455,1.00,2.62
2016.10.12 15:42:07.309,1.04452,1.04455,1.00,3.00
2016.10.12 15:42:07.361,1.04452,1.04454,1.00,1.12
2016.10.12 15:42:07.661,1.04452,1.04454,1.00,1.12
2016.10.12 15:42:07.762,1.04453,1.04454,1.00,1.00
2016.10.12 15:42:08.070,1.04453,1.04455,1.00,3.22
2016.10.12 15:42:08.276,1.04453,1.04455,1.00,3.97
2016.10.12 15:42:09.056,1.04452,1.04454,1.00,1.00
2016.10.12 15:42:09.509,1.0445,1.04454,1.87,1.00
2016.10.12 15:42:09.955,1.04452,1.04454,1.00,1.50
2016.10.12 15:42:10.458,1.04453,1.04454,1.00,1.00
2016.10.12 15:42:10.556,1.04451,1.04455,1.00,3.00
2016.10.12 15:42:10.607,1.04451,1.04455,2.25,1.87
2016.10.12 15:42:10.658,1.04451,1.04455,3.94,1.12
2016.10.12 15:42:10.709,1.04451,1.04455,4.31,1.00
2016.10.12 15:42:10.760,1.04455,1.04457,1.00,2.06
2016.10.12 15:42:10.812,1.04455,1.04457,1.00,1.31
2016.10.12 15:42:10.863,1.04455,1.04457,1.00,2.06
2016.10.12 15:42:10.965,1.04455,1.04457,1.00,1.87
2016.10.12 15:42:11.016,1.04455,1.04457,1.50,1.87
2016.10.12 15:42:11.067,1.04455,1.04457,1.50,1.12
2016.10.12 15:42:11.291,1.04455,1.04457,1.50,1.87
2016.10.12 15:42:11.447,1.04455,1.04457,1.50,1.12
2016.10.12 15:42:11.600,1.04456,1.04458,1.00,7.35
2016.10.12 15:42:11.652,1.04456,1.04458,1.50,1.87
2016.10.12 15:42:11.703,1.04457,1.04458,1.00,1.50
2016.10.12 15:42:11.755,1.04457,1.04459,1.50,5.25
2016.10.12 15:42:11.807,1.04457,1.04459,1.50,4.50
2016.10.12 15:42:11.910,1.04457,1.04459,1.50,3.75
2016.10.12 15:42:12.261,1.04457,1.04459,1.50,4.50
2016.10.12 15:42:12.312,1.04457,1.04459,1.50,3.37
2016.10.12 15:42:12.364,1.04457,1.04459,1.50,1.50
2016.10.12 15:42:12.415,1.04458,1.0446,1.50,3.75
2016.10.12 15:42:12.466,1.04458,1.0446,1.50,1.87
2016.10.12 15:42:12.540,1.04458,1.0446,1.00,1.00
2016.10.12 15:42:12.592,1.04458,1.04462,1.00,3.37
2016.10.12 15:42:12.643,1.04459,1.04462,1.00,4.12
2016.10.12 15:42:12.695,1.04458,1.04461,1.00,1.35
2016.10.12 15:42:12.746,1.04458,1.04461,1.00,2.85
2016.10.12 15:42:12.797,1.04458,1.04461,1.00,6.82
2016.10.12 15:42:12.848,1.04458,1.0446,1.00,1.50
2016.10.12 15:42:13.371,1.0446,1.04461,1.00,2.25
2016.10.12 15:42:13.474,1.0446,1.04461,1.00,1.12
2016.10.12 15:42:13.525,1.04459,1.04462,1.50,3.41
2016.10.12 15:42:13.576,1.04459,1.04462,1.50,3.94
2016.10.12 15:42:13.678,1.04459,1.04462,1.50,3.79
2016.10.12 15:42:13.729,1.04459,1.04462,1.50,4.54
2016.10.12 15:42:13.780,1.04459,1.04462,1.50,5.29
2016.10.12 15:42:13.831,1.04459,1.04462,1.50,5.10
2016.10.12 15:42:13.885,1.04459,1.04461,1.50,1.87
2016.10.12 15:42:13.936,1.04459,1.0446,1.50,1.00
2016.10.12 15:42:14.954,1.04459,1.04461,1.50,1.35
2016.10.12 15:42:15.190,1.04459,1.0446,1.50,1.00
2016.10.12 15:42:15.242,1.04459,1.0446,1.50,1.12
2016.10.12 15:42:15.446,1.04459,1.0446,1.50,1.00
2016.10.12 15:42:15.736,1.04459,1.04461,1.50,1.87
2016.10.12 15:42:15.838,1.04459,1.0446,1.50,1.00
2016.10.12 15:42:18.629,1.04459,1.04462,1.50,7.91
2016.10.12 15:42:20.457,1.04459,1.04462,1.50,7.54
2016.10.12 15:42:20.906,1.04459,1.04462,1.50,7.72
2016.10.12 15:42:21.024,1.04459,1.04462,1.50,8.47
2016.10.12 15:42:21.075,1.04459,1.04462,1.50,8.81
2016.10.12 15:42:21.178,1.04459,1.04462,1.50,8.06
2016.10.12 15:42:21.483,1.04459,1.04462,1.50,8.81
2016.10.12 15:42:21.696,1.04459,1.04462,1.50,8.47
2016.10.12 15:42:21.747,1.04459,1.04462,1.50,7.72
2016.10.12 15:42:21.952,1.04459,1.04462,1.50,8.06
2016.10.12 15:42:22.106,1.04459,1.04462,1.50,7.54
2016.10.12 15:42:22.208,1.04459,1.04462,1.50,8.29
2016.10.12 15:42:22.361,1.04459,1.04462,1.50,7.87
2016.10.12 15:42:22.595,1.04459,1.04462,1.50,8.06
2016.10.12 15:42:22.887,1.04459,1.04462,1.50,7.31
2016.10.12 15:42:23.099,1.04459,1.04462,1.50,6.56
2016.10.12 15:42:23.150,1.04459,1.04462,1.50,6.22
2016.10.12 15:42:23.252,1.04459,1.04462,1.50,6.56
2016.10.12 15:42:23.643,1.04459,1.04462,1.50,7.31
2016.10.12 15:42:24.319,1.04459,1.04462,1.50,7.69
2016.10.12 15:42:24.496,1.04459,1.04462,1.50,6.60
2016.10.12 15:42:25.004,1.04459,1.04462,1.50,7.35
2016.10.12 15:42:25.055,1.04459,1.04462,1.50,7.31
2016.10.12 15:42:25.303,1.04459,1.04462,1.50,6.79
2016.10.12 15:42:25.607,1.04459,1.04461,1.50,1.00
2016.10.12 15:42:27.242,1.04459,1.04461,1.50,1.12
2016.10.12 15:42:29.423,1.04459,1.04461,1.50,1.50
2016.10.12 15:42:30.941,1.04459,1.04461,1.50,1.37
2016.10.12 15:42:31.043,1.04459,1.04461,1.50,1.41
2016.10.12 15:42:31.145,1.04459,1.04461,1.50,1.08
2016.10.12 15:42:33.990,1.04459,1.04461,1.50,1.00
2016.10.12 15:42:35.793,1.04459,1.04461,1.50,1.25
2016.10.12 15:42:36.199,1.04459,1.04461,1.50,1.00
2016.10.12 15:42:37.454,1.04459,1.04461,1.50,1.12
2016.10.12 15:42:38.315,1.0446,1.04461,1.00,1.12
2016.10.12 15:42:38.366,1.04459,1.04461,1.50,1.12
2016.10.12 15:42:38.417,1.04459,1.04461,1.50,1.00
2016.10.12 15:42:40.695,1.0446,1.04461,1.00,1.00
2016.10.12 15:42:40.947,1.04459,1.04462,1.50,1.50
2016.10.12 15:42:41.100,1.04459,1.04462,1.50,1.91
2016.10.12 15:42:41.305,1.04459,1.04462,1.50,2.29
2016.10.12 15:42:41.509,1.04459,1.04461,1.50,1.00
2016.10.12 15:42:47.949,1.04459,1.04461,1.50,1.12
2016.10.12 15:42:48.356,1.04459,1.04461,1.50,1.00
2016.10.12 15:42:49.261,1.04459,1.04461,1.50,1.12
2016.10.12 15:42:49.751,1.04459,1.04461,1.50,1.00
2016.10.12 15:42:51.894,1.0446,1.04461,1.00,1.00
2016.10.12 15:42:52.098,1.04459,1.04462,1.50,4.87
2016.10.12 15:42:52.404,1.04459,1.04462,1.50,5.10
2016.10.12 15:42:52.455,1.04459,1.04462,1.50,5.47
2016.10.12 15:42:52.761,1.04459,1.04462,1.50,4.72
2016.10.12 15:42:52.813,1.04459,1.04462,1.50,4.50
2016.10.12 15:42:52.915,1.04459,1.04462,1.50,4.72
2016.10.12 15:42:52.967,1.04459,1.04461,1.50,1.00
2016.10.12 15:42:53.069,1.04459,1.04461,1.50,2.25
2016.10.12 15:42:53.171,1.04459,1.04461,1.50,1.50
2016.10.12 15:42:53.493,1.04459,1.04461,1.50,1.12
2016.10.12 15:42:53.595,1.04457,1.04459,1.00,1.00
2016.10.12 15:42:53.882,1.04456,1.04458,6.75,1.50
2016.10.12 15:42:53.940,1.04453,1.04454,3.75,1.00
2016.10.12 15:42:54.003,1.04453,1.04454,3.75,1.50
2016.10.12 15:42:54.055,1.04453,1.04454,4.50,1.50
2016.10.12 15:42:54.364,1.04453,1.04454,3.37,1.50
2016.10.12 15:42:54.813,1.04453,1.04454,1.87,1.50
2016.10.12 15:42:55.069,1.04453,1.04454,1.87,1.00
2016.10.12 15:42:55.300,1.04453,1.04455,1.50,1.50
2016.10.12 15:42:55.711,1.04453,1.04455,1.50,1.00
2016.10.12 15:42:55.762,1.04453,1.04454,1.00,1.00
2016.10.12 15:42:55.814,1.04453,1.04454,1.00,1.50
2016.10.12 15:42:56.161,1.04452,1.04454,3.75,1.50
2016.10.12 15:42:56.568,1.04452,1.04454,3.00,1.50
2016.10.12 15:42:56.670,1.04452,1.04454,2.62,1.50
2016.10.12 15:42:57.534,1.04453,1.04454,1.00,1.50
2016.10.12 15:42:58.599,1.04453,1.04454,1.12,1.50
2016.10.12 15:43:00.429,1.04453,1.04454,1.12,1.00
2016.10.12 15:43:00.480,1.04453,1.04455,1.12,1.50
2016.10.12 15:43:02.557,1.04453,1.04455,1.50,1.50
2016.10.12 15:43:02.760,1.04453,1.04455,1.12,1.50
2016.10.12 15:43:06.585,1.04452,1.04455,4.12,1.50
2016.10.12 15:43:06.638,1.04452,1.04455,3.75,1.50
2016.10.12 15:43:06.691,1.04452,1.04454,3.75,1.00
2016.10.12 15:43:06.744,1.04452,1.04454,3.00,1.00
2016.10.12 15:43:06.796,1.04452,1.04454,1.50,1.00
2016.10.12 15:43:07.062,1.04451,1.04453,1.00,1.50
2016.10.12 15:43:07.475,1.0445,1.04453,4.87,1.50
2016.10.12 15:43:07.746,1.0445,1.04453,4.12,1.50
2016.10.12 15:43:09.328,1.0445,1.04453,3.00,1.50
2016.10.12 15:43:09.809,1.04451,1.04453,2.25,1.00
2016.10.12 15:43:09.861,1.04451,1.04454,5.25,1.50
2016.10.12 15:43:09.913,1.04451,1.04453,6.37,1.00
2016.10.12 15:43:09.965,1.04451,1.04453,6.00,1.00
2016.10.12 15:43:10.300,1.04451,1.04453,6.75,1.00
2016.10.12 15:43:10.555,1.04452,1.04453,1.12,1.00
2016.10.12 15:43:10.606,1.04452,1.04453,2.62,1.00
2016.10.12 15:43:10.861,1.04452,1.04453,2.62,1.00
2016.10.12 15:43:10.912,1.04452,1.04454,2.62,1.50
2016.10.12 15:43:10.963,1.04452,1.04454,2.62,1.50
2016.10.12 15:43:11.363,1.04452,1.04453,2.62,1.00
2016.10.12 15:43:11.465,1.04452,1.04454,1.87,1.50
2016.10.12 15:43:11.518,1.04452,1.04453,1.87,1.00
2016.10.12 15:43:11.569,1.04452,1.04453,1.87,1.00
2016.10.12 15:43:11.977,1.04452,1.04453,1.87,1.00
2016.10.12 15:43:12.292,1.04451,1.04453,3.37,1.50
2016.10.12 15:43:12.445,1.04451,1.04453,3.37,1.00
2016.10.12 15:43:12.828,1.04451,1.04453,3.60,1.00
2016.10.12 15:43:12.930,1.04451,1.04453,3.97,1.00
2016.10.12 15:43:13.032,1.04451,1.04454,3.97,1.50
2016.10.12 15:43:13.487,1.04451,1.04454,5.85,1.50
2016.10.12 15:43:13.539,1.04452,1.04455,1.87,1.50
2016.10.12 15:43:15.131,1.04452,1.04454,1.87,1.00
2016.10.12 15:43:15.233,1.04452,1.04454,1.87,1.00
2016.10.12 15:43:16.535,1.04452,1.04455,1.87,1.50
2016.10.12 15:43:20.395,1.0445,1.04454,6.37,1.50
2016.10.12 15:43:20.447,1.0445,1.04454,4.12,1.50
2016.10.12 15:43:20.499,1.0445,1.04451,3.37,1.00
2016.10.12 15:43:20.551,1.04449,1.04451,1.87,1.50
2016.10.12 15:43:20.603,1.04449,1.04451,1.00,2.44
2016.10.12 15:43:20.654,1.04447,1.0445,3.37,1.00
2016.10.12 15:43:20.705,1.04447,1.0445,3.37,1.50
2016.10.12 15:43:20.756,1.04447,1.0445,3.37,1.00
2016.10.12 15:43:20.808,1.04447,1.04451,3.37,1.25
2016.10.12 15:43:20.859,1.04447,1.04451,3.37,1.69
2016.10.12 15:43:20.910,1.04447,1.04451,3.37,2.44
2016.10.12 15:43:21.064,1.04447,1.04451,3.37,1.69
2016.10.12 15:43:21.417,1.04447,1.04451,2.62,1.69
2016.10.12 15:43:21.881,1.04447,1.04451,3.37,1.69
2016.10.12 15:43:22.538,1.04447,1.04451,3.37,1.91
2016.10.12 15:43:22.642,1.04447,1.04451,3.37,1.69
2016.10.12 15:43:23.103,1.04447,1.04451,2.62,1.25
2016.10.12 15:43:23.154,1.04447,1.04451,2.62,1.87
2016.10.12 15:43:23.355,1.04447,1.04451,2.62,3.00
2016.10.12 15:43:24.774,1.04447,1.04451,1.12,3.94
2016.10.12 15:43:24.826,1.04447,1.0445,2.62,1.50
2016.10.12 15:43:25.690,1.04447,1.04451,2.62,5.29
2016.10.12 15:43:25.741,1.04447,1.04451,2.62,6.04
2016.10.12 15:43:25.793,1.04447,1.04449,2.62,1.87
2016.10.12 15:43:25.844,1.04444,1.04448,5.32,1.69
2016.10.12 15:43:25.895,1.04444,1.04448,3.82,3.19
2016.10.12 15:43:25.947,1.04444,1.04448,2.70,3.19
2016.10.12 15:43:26.049,1.04444,1.04448,2.70,3.56
2016.10.12 15:43:26.508,1.04444,1.04447,1.95,1.12
2016.10.12 15:43:26.559,1.04443,1.04447,1.87,1.50
2016.10.12 15:43:26.766,1.04443,1.04446,1.12,1.00
2016.10.12 15:43:26.821,1.04443,1.04446,1.12,1.50
2016.10.12 15:43:26.873,1.04442,1.04444,2.62,1.00
2016.10.12 15:43:26.925,1.04442,1.04444,2.25,1.00
2016.10.12 15:43:26.976,1.04441,1.04444,2.62,1.00
2016.10.12 15:43:27.283,1.0444,1.04444,8.51,1.00
2016.10.12 15:43:28.005,1.0444,1.04444,6.82,1.00
2016.10.12 15:43:28.109,1.0444,1.04443,6.07,1.00
2016.10.12 15:43:28.161,1.0444,1.04443,4.50,1.00
2016.10.12 15:43:28.214,1.0444,1.04443,3.75,1.00
2016.10.12 15:43:28.266,1.0444,1.04443,3.00,1.00
2016.10.12 15:43:28.318,1.0444,1.04444,3.75,1.00
2016.10.12 15:43:28.369,1.04441,1.04444,1.00,1.00
2016.10.12 15:43:29.218,1.0444,1.04444,4.87,1.00
2016.10.12 15:43:29.373,1.0444,1.04443,3.75,1.00
2016.10.12 15:43:29.425,1.0444,1.04443,3.00,1.00
2016.10.12 15:43:30.085,1.0444,1.04444,3.75,1.50
2016.10.12 15:43:30.239,1.0444,1.04444,3.75,1.00
2016.10.12 15:43:30.290,1.0444,1.04444,3.00,1.00
2016.10.12 15:43:30.444,1.04441,1.04445,2.25,3.37
2016.10.12 15:43:30.495,1.04442,1.04445,1.00,2.44
2016.10.12 15:43:30.546,1.04442,1.04445,1.00,1.69
2016.10.12 15:43:30.597,1.04442,1.04445,1.00,1.25
2016.10.12 15:43:30.649,1.04442,1.04446,1.00,4.50
2016.10.12 15:43:30.701,1.04442,1.04446,1.00,4.12
2016.10.12 15:43:31.404,1.04442,1.04446,1.00,4.35
2016.10.12 15:43:31.507,1.04442,1.04446,1.00,3.37
2016.10.12 15:43:31.609,1.04442,1.04446,1.00,2.62
2016.10.12 15:43:31.761,1.04442,1.04446,1.00,2.81
2016.10.12 15:43:32.159,1.04442,1.04446,1.00,3.04
2016.10.12 15:43:32.261,1.04442,1.04446,1.00,2.62
2016.10.12 15:43:32.363,1.04441,1.04446,3.37,2.62
2016.10.12 15:43:32.466,1.04442,1.04446,1.00,2.62
2016.10.12 15:43:32.876,1.04442,1.04446,1.00,3.22
2016.10.12 15:43:32.979,1.04442,1.04446,1.00,2.62
2016.10.12 15:43:33.337,1.04442,1.04446,1.00,2.25
2016.10.12 15:43:33.789,1.04442,1.04446,1.00,1.50
2016.10.12 15:43:33.840,1.04442,1.04446,1.50,1.50
2016.10.12 15:43:34.809,1.04442,1.04446,1.50,1.12
2016.10.12 15:43:34.862,1.04442,1.04447,1.50,4.50
2016.10.12 15:43:35.015,1.04442,1.04447,1.50,5.25
2016.10.12 15:43:35.066,1.04442,1.04447,1.50,5.62
2016.10.12 15:43:35.118,1.04442,1.04447,1.50,6.37
2016.10.12 15:43:35.650,1.04442,1.04447,1.50,6.60
2016.10.12 15:43:36.060,1.04442,1.04446,1.50,1.12
2016.10.12 15:43:38.217,1.04442,1.04446,1.50,1.00
2016.10.12 15:43:38.268,1.04442,1.04447,1.50,4.87
2016.10.12 15:43:38.566,1.04442,1.04447,1.50,5.06
2016.10.12 15:43:38.668,1.04442,1.04447,1.50,5.25
2016.10.12 15:43:38.770,1.04442,1.04447,1.50,5.47
2016.10.12 15:43:39.076,1.04442,1.04447,1.50,4.87
2016.10.12 15:43:40.690,1.04442,1.04447,1.50,5.25
2016.10.12 15:43:41.009,1.04444,1.04447,1.00,4.50
2016.10.12 15:43:41.061,1.04444,1.04447,1.50,1.00
2016.10.12 15:43:41.163,1.04444,1.04448,1.50,3.00
2016.10.12 15:43:41.266,1.04444,1.04447,1.00,1.54
2016.10.12 15:43:41.317,1.04443,1.04447,1.50,2.29
2016.10.12 15:43:41.368,1.04443,1.04447,1.50,4.72
2016.10.12 15:43:41.421,1.04443,1.04446,1.00,1.00
2016.10.12 15:43:41.524,1.04442,1.04446,3.37,1.50
2016.10.12 15:43:41.575,1.04442,1.04446,3.37,1.87
2016.10.12 15:43:42.116,1.04442,1.04446,3.37,1.12
2016.10.12 15:43:42.168,1.04442,1.04446,3.37,1.87
2016.10.12 15:43:42.219,1.04442,1.04446,3.37,1.50
2016.10.12 15:43:42.270,1.04442,1.04446,1.87,1.00
2016.10.12 15:43:42.424,1.04442,1.04446,1.87,1.50
2016.10.12 15:43:42.521,1.04442,1.04446,1.87,1.87
2016.10.12 15:43:43.331,1.04442,1.04446,1.87,2.62
2016.10.12 15:43:44.153,1.04442,1.04446,1.87,1.12
2016.10.12 15:43:44.817,1.04442,1.04446,1.87,1.87
2016.10.12 15:43:44.868,1.04442,1.04446,1.50,3.04
2016.10.12 15:43:45.353,1.04441,1.04445,3.37,2.29
2016.10.12 15:43:45.811,1.04441,1.04445,3.37,3.04
2016.10.12 15:43:45.862,1.04441,1.04444,3.37,1.00
2016.10.12 15:43:45.913,1.04441,1.04444,1.87,1.00
2016.10.12 15:43:46.281,1.04441,1.04444,1.12,2.25
2016.10.12 15:43:46.332,1.04441,1.04444,1.12,3.00
2016.10.12 15:43:47.246,1.04441,1.04443,1.12,1.00
2016.10.12 15:43:47.401,1.04439,1.04442,6.52,1.50
2016.10.12 15:43:47.503,1.04439,1.04442,3.75,1.50
2016.10.12 15:43:47.614,1.04439,1.04441,3.00,1.00
2016.10.12 15:43:47.666,1.04439,1.04441,1.87,1.00
2016.10.12 15:43:47.717,1.04439,1.04441,1.12,1.50
2016.10.12 15:43:47.819,1.04439,1.04441,2.62,1.50
2016.10.12 15:43:48.313,1.0444,1.04441,1.00,1.50
2016.10.12 15:43:48.518,1.0444,1.04441,2.25,1.50
2016.10.12 15:43:48.569,1.0444,1.04441,2.62,1.50
2016.10.12 15:43:49.212,1.0444,1.04441,3.37,1.00
2016.10.12 15:43:49.264,1.0444,1.04442,4.12,1.00
2016.10.12 15:43:49.317,1.0444,1.04442,7.12,1.50
2016.10.12 15:43:49.400,1.0444,1.04442,5.25,1.12
2016.10.12 15:43:49.452,1.04438,1.0444,4.50,1.00
2016.10.12 15:43:49.504,1.04439,1.0444,2.62,2.25
2016.10.12 15:43:49.556,1.04436,1.04438,1.50,1.00
2016.10.12 15:43:49.607,1.04436,1.04438,2.25,1.50
2016.10.12 15:43:49.659,1.04436,1.04437,1.12,1.50
2016.10.12 15:43:49.710,1.04435,1.04437,3.37,1.50
2016.10.12 15:43:49.761,1.04435,1.04437,2.25,1.50
2016.10.12 15:43:49.813,1.04435,1.04437,1.50,1.50
2016.10.12 15:43:50.240,1.04435,1.04437,2.25,1.50
2016.10.12 15:43:50.343,1.04435,1.04437,2.25,1.00
2016.10.12 15:43:50.446,1.04434,1.04436,5.81,1.00
2016.10.12 15:43:50.499,1.04434,1.04436,2.44,1.00
2016.10.12 15:43:50.857,1.04434,1.04436,2.06,1.00
2016.10.12 15:43:51.605,1.04434,1.04436,2.44,1.00
2016.10.12 15:43:52.991,1.04434,1.04436,1.25,1.00
2016.10.12 15:43:53.195,1.04434,1.04436,1.00,1.50
2016.10.12 15:43:53.246,1.04432,1.04435,4.50,1.00
2016.10.12 15:43:53.297,1.04432,1.04434,1.00,1.00
2016.10.12 15:43:53.348,1.0443,1.04433,4.50,1.50
2016.10.12 15:43:53.582,1.0443,1.04433,1.12,1.00
2016.10.12 15:43:53.637,1.04429,1.04433,3.37,1.00
2016.10.12 15:43:53.688,1.04429,1.04432,2.62,1.00
2016.10.12 15:43:53.739,1.04429,1.04432,1.37,1.00
2016.10.12 15:43:53.790,1.04428,1.04432,2.62,1.00
2016.10.12 15:43:53.842,1.04428,1.04431,3.00,1.00
2016.10.12 15:43:53.893,1.04428,1.04431,2.25,1.50
2016.10.12 15:43:54.199,1.04428,1.04431,1.87,1.50
2016.10.12 15:43:54.302,1.04428,1.04431,1.37,1.50
2016.10.12 15:43:54.521,1.04427,1.04431,4.12,1.50
2016.10.12 15:43:54.775,1.04428,1.04429,1.00,1.00
2016.10.12 15:43:54.826,1.04427,1.04429,1.87,1.00
2016.10.12 15:43:54.878,1.04427,1.0443,1.50,1.72
2016.10.12 15:43:54.929,1.04426,1.04429,1.12,1.00
2016.10.12 15:43:54.980,1.04426,1.04429,1.50,1.00
2016.10.12 15:43:55.031,1.04426,1.04429,1.00,1.50
2016.10.12 15:43:55.830,1.04425,1.04429,1.87,1.50
2016.10.12 15:43:55.932,1.04425,1.04429,1.50,1.50
2016.10.12 15:43:56.648,1.04425,1.04428,1.00,1.00
2016.10.12 15:43:56.750,1.04425,1.04428,1.00,1.50
2016.10.12 15:43:58.240,1.04425,1.04428,1.72,1.00
2016.10.12 15:43:58.531,1.04427,1.04429,1.12,1.00
2016.10.12 15:43:58.582,1.04428,1.04431,1.00,1.87
2016.10.12 15:43:58.975,1.04428,1.04431,1.50,1.50
2016.10.12 15:43:59.028,1.04429,1.04431,2.62,1.00
2016.10.12 15:44:00.033,1.04429,1.04431,3.37,1.00
2016.10.12 15:44:00.085,1.04429,1.04431,4.12,1.00
2016.10.12 15:44:00.238,1.04429,1.04433,4.12,2.62
2016.10.12 15:44:00.341,1.04429,1.04433,3.37,2.62
2016.10.12 15:44:00.849,1.04429,1.04433,3.37,3.37
2016.10.12 15:44:00.900,1.04429,1.04433,3.37,3.75
2016.10.12 15:44:00.951,1.04429,1.04433,2.62,3.75
2016.10.12 15:44:01.606,1.04429,1.04433,2.25,3.75
2016.10.12 15:44:02.166,1.04429,1.04433,2.25,4.50
2016.10.12 15:44:04.228,1.04429,1.04433,2.25,3.75
2016.10.12 15:44:04.279,1.04429,1.04433,2.25,3.37
2016.10.12 15:44:04.484,1.04433,1.04435,2.12,14.25
2016.10.12 15:44:04.582,1.04434,1.04435,1.00,3.75
2016.10.12 15:44:04.633,1.04434,1.04436,1.00,1.37
2016.10.12 15:44:04.857,1.04434,1.04438,1.50,3.19
2016.10.12 15:44:04.959,1.04434,1.04438,1.50,3.00
2016.10.12 15:44:05.010,1.04434,1.04438,1.50,2.62
2016.10.12 15:44:05.062,1.04434,1.04437,1.00,1.00
2016.10.12 15:44:05.167,1.04435,1.04438,1.00,3.37
2016.10.12 15:44:05.269,1.04435,1.04438,1.00,3.37
2016.10.12 15:44:05.372,1.04435,1.04438,1.00,2.62
2016.10.12 15:44:05.525,1.04435,1.04438,1.00,1.12
2016.10.12 15:44:06.373,1.04435,1.04438,1.00,1.87
2016.10.12 15:44:06.425,1.04434,1.04437,1.12,1.00
2016.10.12 15:44:06.477,1.04434,1.04437,1.12,1.50
2016.10.12 15:44:07.360,1.04434,1.04436,1.12,1.00
2016.10.12 15:44:07.566,1.04433,1.04435,7.12,1.72
2016.10.12 15:44:07.618,1.04433,1.04435,6.75,2.10
2016.10.12 15:44:07.815,1.04432,1.04433,7.50,1.00
2016.10.12 15:44:07.867,1.04429,1.04432,1.87,1.50
2016.10.12 15:44:08.325,1.04429,1.04432,1.50,1.50
2016.10.12 15:44:11.087,1.04429,1.04432,1.00,1.50
2016.10.12 15:44:11.189,1.04429,1.04431,1.50,1.00
2016.10.12 15:44:11.241,1.04429,1.04431,1.12,1.00
2016.10.12 15:44:11.292,1.04429,1.04432,1.12,1.50
2016.10.12 15:44:11.497,1.04428,1.04432,3.75,1.50
2016.10.12 15:44:11.701,1.04428,1.04431,3.00,1.00
2016.10.12 15:44:11.753,1.04428,1.04431,1.87,1.00
2016.10.12 15:44:11.804,1.04427,1.0443,3.37,1.00
2016.10.12 15:44:11.855,1.04427,1.0443,2.25,1.00
2016.10.12 15:44:11.907,1.04427,1.0443,1.12,1.00
2016.10.12 15:44:11.958,1.04426,1.0443,2.25,1.50
2016.10.12 15:44:12.172,1.04426,1.04428,1.12,1.00
2016.10.12 15:44:12.223,1.04425,1.04428,1.50,1.00
2016.10.12 15:44:12.480,1.04425,1.04428,2.25,1.00
2016.10.12 15:44:13.385,1.04425,1.04429,2.25,1.50
2016.10.12 15:44:13.981,1.04425,1.04429,3.00,1.50
2016.10.12 15:44:14.236,1.04427,1.04429,1.00,1.12
2016.10.12 15:44:14.491,1.04427,1.0443,1.00,1.50
2016.10.12 15:44:14.874,1.04425,1.04429,6.75,1.00
2016.10.12 15:44:14.925,1.04425,1.04429,3.75,1.12
2016.10.12 15:44:14.976,1.04425,1.04429,3.75,1.31
2016.10.12 15:44:15.027,1.04425,1.04428,3.00,1.00
2016.10.12 15:44:15.078,1.04425,1.04428,2.25,1.00
2016.10.12 15:44:15.662,1.04427,1.04428,1.00,1.00
2016.10.12 15:44:15.713,1.04427,1.04429,1.00,2.25
2016.10.12 15:44:15.764,1.04428,1.0443,2.69,2.62
2016.10.12 15:44:15.815,1.04429,1.04431,1.19,3.75
2016.10.12 15:44:15.866,1.04429,1.04431,1.69,1.37
2016.10.12 15:44:15.918,1.0443,1.04431,1.25,1.12
2016.10.12 15:44:15.969,1.0443,1.04432,1.25,1.12
2016.10.12 15:44:16.020,1.04429,1.04432,6.75,1.12
2016.10.12 15:44:16.071,1.04429,1.04432,5.62,1.12
2016.10.12 15:44:16.828,1.04429,1.04432,5.81,1.12
2016.10.12 15:44:16.930,1.04429,1.04433,5.81,3.37
2016.10.12 15:44:17.186,1.0443,1.04433,1.69,1.37
2016.10.12 15:44:17.237,1.0443,1.04433,1.69,1.00
2016.10.12 15:44:17.288,1.0443,1.04434,1.69,3.00
2016.10.12 15:44:17.753,1.0443,1.04434,1.25,3.00
2016.10.12 15:44:17.805,1.04429,1.04434,4.50,3.75
2016.10.12 15:44:17.857,1.04429,1.04434,3.37,3.75
2016.10.12 15:44:17.908,1.04429,1.04434,3.37,3.00
2016.10.12 15:44:18.011,1.04429,1.04434,5.81,3.00
2016.10.12 15:44:18.494,1.0443,1.04434,1.00,3.00
2016.10.12 15:44:18.547,1.0443,1.04434,1.00,2.25
2016.10.12 15:44:20.163,1.04431,1.04434,1.00,2.25
2016.10.12 15:44:21.967,1.04434,1.04435,1.00,3.75
2016.10.12 15:44:22.019,1.04433,1.04434,7.91,1.00
2016.10.12 15:44:22.071,1.04435,1.04436,2.44,1.00
2016.10.12 15:44:22.122,1.04435,1.04436,1.00,1.00
2016.10.12 15:44:22.174,1.04434,1.04436,3.37,1.00
2016.10.12 15:44:22.225,1.04434,1.04436,3.00,1.00
2016.10.12 15:44:22.581,1.04431,1.04434,1.00,1.91
2016.10.12 15:44:22.632,1.0443,1.04433,2.81,1.00
2016.10.12 15:44:22.749,1.04432,1.04434,1.50,1.50
2016.10.12 15:44:22.800,1.04432,1.04435,2.32,1.87
2016.10.12 15:44:22.851,1.04432,1.04436,2.32,2.62
2016.10.12 15:44:22.953,1.04432,1.04436,2.32,1.87
2016.10.12 15:44:23.055,1.04432,1.04436,2.32,1.50
2016.10.12 15:44:23.106,1.04432,1.04436,2.32,1.00
2016.10.12 15:44:23.567,1.04432,1.04436,1.57,1.00
2016.10.12 15:44:23.621,1.04432,1.04436,1.00,1.50
2016.10.12 15:44:23.826,1.04432,1.04436,1.37,1.50
2016.10.12 15:44:24.652,1.04432,1.04436,1.00,1.50
2016.10.12 15:44:25.010,1.04431,1.04435,4.87,1.00
2016.10.12 15:44:25.062,1.04431,1.04434,2.62,1.00
2016.10.12 15:44:25.113,1.04431,1.04434,1.00,1.00
2016.10.12 15:44:25.419,1.04431,1.04434,1.00,1.50
2016.10.12 15:44:25.522,1.0443,1.04433,2.06,1.00
2016.10.12 15:44:25.573,1.0443,1.04433,1.31,1.00
2016.10.12 15:44:25.976,1.04433,1.04436,2.25,1.54
2016.10.12 15:44:26.027,1.04434,1.04437,1.00,2.25
2016.10.12 15:44:26.129,1.04434,1.04437,1.00,1.50
2016.10.12 15:44:26.231,1.04434,1.04437,1.00,2.25
2016.10.12 15:44:26.648,1.04434,1.04437,1.00,1.00
2016.10.12 15:44:26.699,1.04433,1.04436,2.25,1.00
2016.10.12 15:44:26.750,1.04432,1.04436,5.81,1.00
2016.10.12 15:44:26.801,1.04433,1.04434,1.00,1.00
2016.10.12 15:44:26.853,1.04431,1.04434,2.62,1.00
2016.10.12 15:44:27.098,1.04431,1.04432,1.00,1.00
2016.10.12 15:44:27.150,1.04429,1.04432,1.50,1.25
2016.10.12 15:44:27.201,1.04428,1.04432,3.37,3.19
2016.10.12 15:44:27.253,1.04428,1.04432,1.00,3.37
2016.10.12 15:44:27.304,1.04428,1.04432,1.12,2.62
2016.10.12 15:44:27.356,1.04428,1.04432,3.37,2.62
2016.10.12 15:44:27.407,1.04429,1.04432,1.00,2.62
2016.10.12 15:44:27.458,1.04429,1.04433,1.50,2.62
2016.10.12 15:44:27.541,1.04429,1.04433,2.62,1.87
2016.10.12 15:44:27.607,1.04429,1.04432,1.12,1.00
2016.10.12 15:44:27.718,1.04429,1.04433,1.87,1.12
2016.10.12 15:44:27.968,1.04429,1.04433,2.25,1.12
2016.10.12 15:44:28.019,1.04429,1.04433,2.25,1.87
2016.10.12 15:44:28.121,1.04429,1.04433,2.25,1.12
2016.10.12 15:44:29.454,1.04429,1.04433,3.00,1.12
2016.10.12 15:44:29.505,1.04429,1.04433,3.22,1.12
2016.10.12 15:44:29.556,1.04429,1.04433,2.47,1.12
2016.10.12 15:44:29.972,1.04429,1.04433,2.25,1.12
2016.10.12 15:44:30.230,1.04429,1.04432,1.50,1.00
2016.10.12 15:44:31.882,1.04429,1.04432,1.50,1.15
2016.10.12 15:44:33.476,1.04429,1.04432,1.12,1.15
2016.10.12 15:44:34.182,1.04429,1.04431,1.12,1.19
2016.10.12 15:44:34.233,1.04428,1.04432,4.12,1.50
2016.10.12 15:44:34.285,1.04428,1.04432,2.62,1.50
2016.10.12 15:44:34.546,1.04429,1.04432,1.00,1.00
2016.10.12 15:44:34.613,1.04429,1.04432,1.00,1.50
2016.10.12 15:44:34.677,1.04429,1.04432,1.00,1.00
2016.10.12 15:44:36.445,1.04429,1.04431,1.00,1.00
2016.10.12 15:44:36.871,1.04429,1.04431,1.00,1.50
2016.10.12 15:44:36.922,1.04427,1.04431,2.25,1.50
2016.10.12 15:44:37.024,1.04432,1.04434,2.99,8.62
2016.10.12 15:44:37.078,1.04431,1.04433,9.26,1.87
2016.10.12 15:44:37.130,1.04434,1.04435,1.50,4.50
2016.10.12 15:44:37.182,1.04435,1.04437,1.00,2.25
2016.10.12 15:44:37.233,1.04435,1.04437,1.00,1.50
2016.10.12 15:44:37.285,1.04435,1.04439,1.87,3.00
2016.10.12 15:44:37.336,1.04435,1.04439,1.87,3.37
2016.10.12 15:44:37.388,1.04435,1.04439,1.50,3.37
2016.10.12 15:44:37.592,1.04435,1.04439,1.50,2.62
2016.10.12 15:44:37.644,1.04435,1.04439,1.50,1.50
2016.10.12 15:44:38.038,1.04435,1.04439,1.50,1.00
2016.10.12 15:44:38.089,1.04435,1.04439,2.25,1.00
2016.10.12 15:44:38.140,1.04435,1.04439,2.25,1.12
2016.10.12 15:44:38.496,1.04435,1.04439,2.47,1.12
2016.10.12 15:44:39.265,1.04435,1.04439,2.47,1.12
2016.10.12 15:44:39.316,1.04435,1.04439,2.25,1.12
2016.10.12 15:44:39.571,1.04435,1.04439,2.25,1.12
2016.10.12 15:44:41.293,1.04436,1.04439,1.00,1.12
2016.10.12 15:44:41.344,1.04436,1.0444,1.87,3.75
2016.10.12 15:44:41.395,1.04436,1.04439,1.12,1.00
2016.10.12 15:44:41.446,1.04436,1.04439,1.00,1.00
2016.10.12 15:44:41.497,1.04436,1.04438,1.12,1.00
2016.10.12 15:44:41.548,1.04435,1.04439,1.12,1.50
2016.10.12 15:44:42.424,1.04434,1.04438,4.87,1.00
2016.10.12 15:44:42.532,1.04434,1.04438,4.87,1.50
2016.10.12 15:44:42.584,1.04434,1.04437,3.37,1.00
2016.10.12 15:44:42.636,1.04434,1.04437,1.87,1.50
2016.10.12 15:44:42.687,1.04434,1.04436,1.50,1.00
2016.10.12 15:44:42.739,1.04434,1.04436,1.50,1.50
2016.10.12 15:44:42.790,1.04432,1.04436,1.12,1.50
2016.10.12 15:44:42.842,1.04432,1.04435,1.12,1.00
2016.10.12 15:44:42.893,1.04431,1.04434,1.12,1.00
2016.10.12 15:44:43.119,1.04431,1.04434,1.00,1.00
2016.10.12 15:44:44.335,1.04431,1.04434,1.50,1.10
2016.10.12 15:44:44.389,1.04431,1.04434,1.00,2.32
2016.10.12 15:44:44.508,1.04431,1.04434,1.00,2.25
2016.10.12 15:44:45.435,1.04431,1.04434,1.00,1.00
2016.10.12 15:44:45.742,1.04431,1.04435,1.00,4.31
2016.10.12 15:44:46.048,1.04431,1.04435,1.00,4.20
2016.10.12 15:44:46.099,1.04431,1.04435,1.00,4.57
2016.10.12 15:44:46.201,1.04431,1.04435,1.12,3.82
2016.10.12 15:44:46.252,1.04431,1.04435,1.12,3.75
2016.10.12 15:44:46.499,1.04429,1.04433,1.50,1.00
2016.10.12 15:44:46.550,1.04429,1.04433,1.87,1.00
2016.10.12 15:44:47.016,1.04429,1.04433,2.25,1.00
2016.10.12 15:44:48.826,1.04429,1.04433,1.50,2.25
2016.10.12 15:44:48.894,1.04428,1.04431,1.87,1.00
2016.10.12 15:44:49.048,1.04428,1.04431,1.12,1.00
2016.10.12 15:44:49.099,1.04428,1.04431,1.00,1.00
2016.10.12 15:44:50.229,1.04431,1.04433,1.00,3.37
2016.10.12 15:44:50.280,1.04431,1.04433,1.00,1.37
2016.10.12 15:44:50.332,1.04431,1.04435,2.44,1.87
2016.10.12 15:44:50.384,1.04432,1.04435,1.10,1.12
2016.10.12 15:44:50.486,1.04431,1.04435,1.12,1.50
2016.10.12 15:44:50.537,1.04431,1.04435,1.12,1.69
2016.10.12 15:44:50.588,1.0443,1.04434,1.50,1.00
2016.10.12 15:44:50.690,1.0443,1.04434,1.00,1.00
2016.10.12 15:44:50.842,1.0443,1.04434,1.00,1.50
2016.10.12 15:44:51.307,1.04429,1.04433,4.12,1.00
2016.10.12 15:44:51.358,1.04429,1.04433,4.12,1.50
2016.10.12 15:44:51.461,1.04429,1.04433,4.12,2.06
2016.10.12 15:44:51.513,1.04429,1.04433,2.25,2.81
2016.10.12 15:44:54.390,1.04429,1.04433,1.50,2.81
2016.10.12 15:44:54.441,1.04429,1.04433,1.50,2.62
2016.10.12 15:44:56.004,1.0443,1.04433,1.00,1.87
2016.10.12 15:44:57.361,1.04429,1.04431,1.50,1.00
2016.10.12 15:44:57.412,1.04429,1.04432,1.00,2.25
2016.10.12 15:44:57.623,1.04429,1.04431,1.00,1.50
2016.10.12 15:44:57.700,1.04427,1.0443,1.00,5.62
2016.10.12 15:44:57.802,1.04427,1.04429,1.00,1.12
2016.10.12 15:44:57.904,1.04425,1.04429,1.50,1.12
2016.10.12 15:44:58.108,1.04427,1.0443,1.00,4.69
2016.10.12 15:44:58.159,1.04428,1.0443,1.00,1.37
2016.10.12 15:44:58.211,1.04428,1.0443,1.00,1.12
2016.10.12 15:44:58.262,1.04428,1.0443,1.00,1.50
2016.10.12 15:44:58.313,1.04427,1.0443,1.00,1.12
2016.10.12 15:44:58.364,1.04426,1.0443,2.32,1.87
2016.10.12 15:44:58.415,1.04426,1.0443,2.32,2.25
2016.10.12 15:44:59.043,1.04425,1.04429,1.50,1.12
2016.10.12 15:44:59.107,1.04425,1.04429,2.25,1.12
2016.10.12 15:44:59.158,1.04425,1.0443,2.25,6.75
2016.10.12 15:44:59.261,1.04425,1.04429,2.25,1.12
2016.10.12 15:44:59.312,1.04425,1.04428,2.25,1.00
2016.10.12 15:44:59.363,1.04425,1.04428,2.25,1.50
2016.10.12 15:44:59.415,1.04425,1.04428,1.50,1.50
2016.10.12 15:44:59.488,1.04425,1.04428,1.00,1.00
2016.10.12 15:44:59.590,1.04425,1.04428,1.00,1.50
2016.10.12 15:44:59.939,1.04424,1.04428,3.00,1.50
2016.10.12 15:45:00.093,1.04425,1.04428,1.00,1.50
2016.10.12 15:45:00.759,1.04426,1.04428,1.00,1.50
2016.10.12 15:45:03.150,1.04426,1.04428,1.00,1.72
2016.10.12 15:45:03.201,1.04426,1.04427,1.00,1.00
2016.10.12 15:45:03.303,1.04426,1.04428,1.00,1.50
2016.10.12 15:45:03.355,1.04425,1.04428,1.50,1.50
2016.10.12 15:45:03.406,1.04425,1.04428,1.50,1.00
2016.10.12 15:45:03.457,1.04425,1.04428,2.25,1.00
2016.10.12 15:45:04.649,1.04425,1.04428,2.25,1.12
2016.10.12 15:45:04.701,1.04425,1.04428,2.25,1.87
2016.10.12 15:45:04.752,1.04425,1.04428,2.25,1.50
2016.10.12 15:45:04.803,1.04425,1.04428,2.25,1.00
2016.10.12 15:45:04.854,1.04425,1.04428,2.25,1.12
2016.10.12 15:45:05.057,1.04425,1.04428,2.25,1.00
2016.10.12 15:45:07.262,1.04425,1.04429,2.25,4.50
2016.10.12 15:45:07.364,1.04425,1.04429,2.25,3.75
2016.10.12 15:45:07.670,1.04425,1.04429,2.25,2.25
2016.10.12 15:45:07.721,1.04426,1.04429,1.00,1.87
2016.10.12 15:45:07.772,1.04426,1.04429,1.50,1.87
2016.10.12 15:45:07.823,1.04426,1.04429,1.00,1.87
2016.10.12 15:45:07.927,1.04428,1.0443,1.00,7.31
2016.10.12 15:45:08.173,1.04431,1.04432,1.00,3.00
2016.10.12 15:45:08.233,1.04431,1.04434,1.50,1.37
2016.10.12 15:45:08.284,1.04431,1.04435,1.50,8.62
2016.10.12 15:45:08.386,1.04432,1.04435,1.00,7.12
2016.10.12 15:45:08.438,1.04434,1.04435,1.00,4.87
2016.10.12 15:45:08.489,1.04433,1.04435,2.25,4.12
2016.10.12 15:45:08.540,1.04434,1.04437,1.00,1.50
2016.10.12 15:45:08.591,1.04434,1.04437,1.50,1.37
2016.10.12 15:45:08.642,1.04434,1.04437,1.50,1.00
2016.10.12 15:45:08.693,1.04434,1.04438,1.50,2.06
2016.10.12 15:45:08.745,1.04434,1.04438,1.50,1.69
2016.10.12 15:45:09.147,1.04434,1.04437,1.00,2.85
2016.10.12 15:45:09.198,1.04434,1.04437,1.00,3.97
2016.10.12 15:45:09.249,1.04433,1.04437,1.50,4.35
2016.10.12 15:45:09.301,1.04433,1.04434,1.00,1.00
2016.10.12 15:45:09.352,1.04432,1.04434,1.12,1.00
2016.10.12 15:45:09.403,1.04432,1.04434,1.00,1.00
2016.10.12 15:45:09.455,1.04431,1.04434,1.50,1.00
2016.10.12 15:45:09.607,1.04431,1.04434,1.00,1.00
2016.10.12 15:45:11.115,1.04431,1.04435,1.00,1.69
2016.10.12 15:45:11.166,1.04431,1.04435,1.00,1.50
2016.10.12 15:45:11.217,1.04431,1.04434,1.00,1.00
2016.10.12 15:45:11.723,1.04432,1.04436,1.00,4.87
2016.10.12 15:45:11.825,1.04432,1.04435,1.00,1.12
2016.10.12 15:45:12.028,1.04431,1.04434,1.12,1.00
2016.10.12 15:45:12.181,1.04431,1.04434,1.12,1.25
2016.10.12 15:45:12.232,1.04431,1.04434,1.00,1.25
2016.10.12 15:45:12.385,1.04431,1.04434,1.00,1.00
2016.10.12 15:45:12.487,1.04432,1.04435,1.00,3.00
2016.10.12 15:45:12.932,1.04433,1.04435,1.50,2.25
2016.10.12 15:45:12.984,1.04434,1.04437,1.00,3.00
2016.10.12 15:45:13.035,1.04434,1.04437,1.12,2.25
2016.10.12 15:45:13.086,1.04434,1.04437,1.12,1.00
2016.10.12 15:45:13.137,1.04434,1.04438,1.12,3.37
2016.10.12 15:45:14.398,1.04435,1.04438,1.00,1.37
2016.10.12 15:45:14.449,1.04435,1.04439,1.50,9.00
2016.10.12 15:45:14.525,1.04435,1.04439,1.50,7.50
2016.10.12 15:45:14.576,1.04435,1.04439,1.50,4.12
2016.10.12 15:45:14.780,1.04435,1.04439,1.50,3.75
2016.10.12 15:45:15.035,1.04435,1.04439,2.25,3.75
2016.10.12 15:45:15.087,1.04436,1.04439,1.00,1.50
2016.10.12 15:45:15.376,1.04436,1.04439,1.50,1.50
2016.10.12 15:45:15.427,1.04436,1.04439,1.50,1.00
2016.10.12 15:45:15.988,1.04436,1.04439,1.87,1.12
2016.10.12 15:45:16.522,1.04436,1.0444,1.87,3.75
2016.10.12 15:45:16.625,1.04436,1.04439,1.87,1.12
2016.10.12 15:45:17.035,1.04436,1.0444,1.87,3.75
2016.10.12 15:45:17.137,1.04436,1.04439,1.87,1.12
2016.10.12 15:45:18.940,1.04436,1.0444,1.87,3.75
2016.10.12 15:45:20.082,1.04436,1.0444,1.12,3.75
2016.10.12 15:45:20.286,1.04436,1.0444,1.87,3.75
2016.10.12 15:45:23.214,1.04436,1.04439,1.87,1.12
2016.10.12 15:45:23.266,1.04436,1.04439,1.87,1.12
2016.10.12 15:45:23.507,1.04436,1.04439,1.50,1.12
2016.10.12 15:45:24.404,1.04436,1.0444,1.50,3.75
2016.10.12 15:45:24.506,1.04436,1.04439,1.50,1.12
2016.10.12 15:45:24.582,1.04436,1.04439,1.50,1.00
2016.10.12 15:45:27.864,1.04436,1.04439,1.00,1.87
2016.10.12 15:45:27.916,1.04435,1.04438,1.87,1.00
2016.10.12 15:45:28.022,1.04436,1.04438,1.20,1.50
2016.10.12 15:45:28.074,1.04435,1.04438,1.00,1.50
2016.10.12 15:45:28.125,1.04435,1.04437,1.00,1.00
2016.10.12 15:45:28.177,1.04434,1.04437,3.37,1.00
2016.10.12 15:45:28.228,1.04434,1.04438,2.62,2.25
2016.10.12 15:45:28.540,1.04434,1.04437,1.87,1.00
2016.10.12 15:45:28.643,1.04434,1.04438,1.87,2.44
2016.10.12 15:45:28.694,1.04434,1.04438,1.87,2.25
2016.10.12 15:45:28.745,1.04434,1.04438,1.87,2.25
2016.10.12 15:45:28.796,1.04434,1.04438,1.87,2.25
2016.10.12 15:45:28.847,1.04435,1.04438,1.00,2.25
2016.10.12 15:45:28.898,1.04435,1.04438,1.50,1.00
2016.10.12 15:45:28.949,1.04435,1.04439,1.50,5.06
2016.10.12 15:45:29.103,1.04435,1.04439,1.50,4.31
2016.10.12 15:45:29.502,1.04435,1.04439,1.50,3.56
2016.10.12 15:45:30.541,1.04435,1.04437,1.50,1.00
2016.10.12 15:45:30.746,1.04435,1.04439,1.50,3.94
2016.10.12 15:45:30.797,1.04435,1.04439,1.50,4.12
2016.10.12 15:45:30.849,1.04435,1.04438,1.50,1.00
2016.10.12 15:45:30.951,1.04435,1.04439,1.50,4.16
2016.10.12 15:45:31.002,1.04435,1.04439,1.50,3.94
2016.10.12 15:45:31.269,1.04435,1.04438,1.50,1.00
2016.10.12 15:45:31.984,1.04435,1.04438,1.50,1.00
2016.10.12 15:45:32.035,1.04435,1.04437,1.00,1.00
2016.10.12 15:45:32.087,1.04433,1.04437,2.25,1.50
2016.10.12 15:45:32.342,1.04433,1.04437,1.87,1.50
2016.10.12 15:45:32.546,1.04433,1.04436,1.87,1.00
2016.10.12 15:45:33.006,1.04432,1.04436,2.62,1.00
2016.10.12 15:45:33.213,1.04432,1.04436,1.87,1.00
2016.10.12 15:45:33.434,1.04433,1.04436,1.00,1.00
2016.10.12 15:45:34.008,1.04432,1.04436,1.87,1.50
2016.10.12 15:45:34.161,1.04432,1.04436,1.87,1.00
2016.10.12 15:45:34.625,1.04432,1.04437,1.87,4.87
2016.10.12 15:45:34.690,1.04432,1.04437,1.50,3.75
2016.10.12 15:45:34.746,1.04432,1.04437,1.50,4.50
2016.10.12 15:45:34.949,1.04432,1.04436,1.50,1.00
2016.10.12 15:45:35.254,1.04435,1.04436,1.00,1.00
2016.10.12 15:45:35.356,1.04435,1.04438,1.00,2.62
2016.10.12 15:45:35.407,1.04435,1.04438,1.00,2.25
2016.10.12 15:45:35.657,1.04436,1.04439,1.00,1.50
2016.10.12 15:45:37.286,1.04436,1.04439,1.00,1.50
2016.10.12 15:45:37.865,1.04436,1.04439,1.50,1.50
2016.10.12 15:45:38.360,1.04436,1.04439,1.50,1.00
2016.10.12 15:45:38.769,1.04436,1.04439,1.50,1.12
2016.10.12 15:45:38.872,1.04436,1.04439,1.50,1.87
2016.10.12 15:45:39.127,1.04436,1.04439,1.50,1.12
2016.10.12 15:45:39.179,1.04436,1.04439,1.50,1.00
2016.10.12 15:45:39.332,1.04436,1.0444,1.50,4.87
2016.10.12 15:45:40.077,1.04436,1.04439,1.50,1.12
2016.10.12 15:45:40.130,1.04436,1.0444,1.50,4.87
2016.10.12 15:45:41.506,1.04438,1.0444,1.00,2.62
2016.10.12 15:45:41.558,1.04438,1.0444,1.12,1.37
2016.10.12 15:45:41.609,1.0444,1.04441,3.56,1.00
2016.10.12 15:45:41.711,1.04441,1.04442,1.50,1.50
2016.10.12 15:45:41.944,1.04441,1.04443,1.50,1.00
2016.10.12 15:45:43.260,1.04441,1.04444,1.00,2.25
2016.10.12 15:45:43.463,1.04441,1.04444,1.00,1.50
2016.10.12 15:45:43.565,1.04441,1.04444,1.00,2.25
2016.10.12 15:45:43.667,1.04441,1.04444,1.00,1.50
2016.10.12 15:45:43.927,1.04442,1.04445,1.50,1.12
2016.10.12 15:45:45.039,1.04442,1.04445,1.00,1.12
2016.10.12 15:45:45.091,1.04442,1.04446,1.00,4.87
2016.10.12 15:45:45.144,1.04442,1.04445,1.00,1.12
2016.10.12 15:45:45.348,1.04442,1.04446,1.00,4.12
2016.10.12 15:45:47.565,1.04442,1.04445,1.00,1.12
2016.10.12 15:45:48.239,1.04442,1.04446,1.00,4.12
2016.10.12 15:45:48.545,1.04442,1.04445,1.00,1.12
2016.10.12 15:45:49.244,1.04441,1.04443,2.25,1.00
2016.10.12 15:45:49.295,1.0444,1.04441,3.37,1.00
2016.10.12 15:45:49.346,1.04439,1.0444,1.12,1.00
2016.10.12 15:45:49.397,1.04439,1.0444,1.00,1.00
2016.10.12 15:45:49.449,1.04437,1.04441,1.87,3.37
2016.10.12 15:45:49.500,1.04438,1.04441,1.00,2.62
2016.10.12 15:45:49.551,1.04438,1.04441,1.00,1.12
2016.10.12 15:45:49.938,1.04437,1.04441,3.37,1.87
2016.10.12 15:45:50.040,1.04438,1.04441,1.00,1.12
2016.10.12 15:45:50.091,1.04438,1.04442,1.00,5.44
2016.10.12 15:45:50.142,1.04438,1.04442,1.00,3.94
2016.10.12 15:45:50.193,1.04438,1.04441,1.00,1.00
2016.10.12 15:45:50.245,1.04438,1.04441,1.00,1.12
2016.10.12 15:45:50.347,1.04438,1.04441,1.00,1.12
2016.10.12 15:45:52.387,1.04437,1.0444,1.00,1.37
2016.10.12 15:45:52.851,1.04437,1.0444,1.50,1.37
2016.10.12 15:45:53.159,1.04437,1.04439,1.50,1.12
2016.10.12 15:45:53.862,1.04437,1.04439,1.00,1.12
2016.10.12 15:45:54.992,1.04437,1.04439,1.00,1.12
2016.10.12 15:45:55.304,1.04437,1.0444,1.00,1.50
2016.10.12 15:45:55.358,1.04436,1.04439,1.87,1.00
2016.10.12 15:45:56.803,1.04436,1.04439,2.62,1.00
2016.10.12 15:45:56.854,1.04436,1.04439,3.56,1.00
2016.10.12 15:45:56.905,1.04436,1.0444,3.56,2.62
2016.10.12 15:45:58.287,1.04436,1.0444,3.56,2.25
2016.10.12 15:45:58.871,1.04436,1.04439,3.56,1.00
2016.10.12 15:45:58.923,1.04436,1.04439,2.81,1.50
2016.10.12 15:45:58.975,1.04436,1.04439,1.87,1.50
2016.10.12 15:45:59.182,1.04436,1.04439,1.87,1.00
2016.10.12 15:46:01.076,1.04436,1.04439,2.81,1.00
2016.10.12 15:46:01.179,1.04436,1.0444,3.56,1.50
2016.10.12 15:46:02.492,1.04436,1.0444,3.56,2.25
2016.10.12 15:46:02.699,1.04436,1.0444,3.56,1.50
2016.10.12 15:46:03.157,1.04435,1.04439,4.12,1.50
2016.10.12 15:46:03.463,1.04436,1.04439,1.87,1.50
2016.10.12 15:46:03.514,1.04436,1.04439,1.87,1.00
2016.10.12 15:46:03.667,1.04436,1.04439,1.87,1.50
2016.10.12 15:46:03.769,1.04436,1.04439,1.87,1.00
2016.10.12 15:46:04.278,1.04436,1.04439,1.87,1.50
2016.10.12 15:46:04.585,1.04436,1.04439,1.87,1.00
2016.10.12 15:46:04.687,1.04436,1.04439,1.87,1.50
2016.10.12 15:46:04.789,1.04436,1.04439,1.87,1.00
2016.10.12 15:46:04.891,1.04436,1.04439,1.87,1.50
2016.10.12 15:46:04.993,1.04436,1.04438,1.87,1.00
2016.10.12 15:46:05.520,1.04436,1.0444,2.62,1.00
2016.10.12 15:46:05.597,1.04437,1.0444,1.69,1.00
2016.10.12 15:46:05.648,1.04437,1.0444,2.44,1.00
2016.10.12 15:46:05.699,1.04437,1.0444,2.81,1.00
2016.10.12 15:46:06.409,1.04436,1.04439,2.25,1.50
2016.10.12 15:46:07.470,1.04436,1.04439,3.19,1.00
2016.10.12 15:46:07.852,1.04436,1.04438,2.25,1.00
2016.10.12 15:46:08.593,1.04436,1.04439,2.25,1.00
2016.10.12 15:46:08.903,1.04436,1.04439,3.19,1.00
2016.10.12 15:46:11.310,1.04436,1.04439,2.81,1.00
2016.10.12 15:46:11.666,1.04437,1.0444,1.49,1.12
2016.10.12 15:46:11.718,1.04436,1.0444,5.10,1.00
2016.10.12 15:46:11.770,1.04436,1.04438,3.75,1.00
2016.10.12 15:46:11.821,1.04436,1.04438,1.87,1.00
2016.10.12 15:46:11.872,1.04436,1.04438,1.50,1.00
2016.10.12 15:46:12.115,1.04435,1.04438,2.62,1.12
2016.10.12 15:46:12.169,1.04435,1.04438,2.25,1.12
2016.10.12 15:46:12.271,1.04435,1.04438,1.87,1.12
2016.10.12 15:46:13.078,1.04434,1.04438,6.75,1.12
2016.10.12 15:46:13.384,1.04434,1.04438,5.25,2.62
2016.10.12 15:46:13.435,1.04434,1.04436,4.50,1.00
2016.10.12 15:46:13.487,1.04433,1.04434,6.00,1.25
2016.10.12 15:46:13.538,1.04432,1.04433,7.12,1.00
2016.10.12 15:46:13.785,1.04432,1.04433,6.00,1.00
2016.10.12 15:46:13.837,1.04429,1.04433,5.62,1.50
2016.10.12 15:46:14.537,1.04429,1.04433,4.12,1.91
2016.10.12 15:46:14.589,1.04429,1.04433,4.12,2.66
2016.10.12 15:46:14.693,1.04429,1.04433,4.12,1.91
2016.10.12 15:46:14.796,1.0443,1.04433,1.00,1.91
2016.10.12 15:46:15.651,1.0443,1.04433,1.00,1.69
2016.10.12 15:46:15.753,1.0443,1.04433,1.00,1.54
2016.10.12 15:46:15.805,1.04429,1.04433,1.87,3.79
2016.10.12 15:46:15.857,1.04429,1.04433,1.87,3.56
2016.10.12 15:46:16.114,1.04429,1.04433,1.87,2.06
2016.10.12 15:46:17.760,1.04429,1.04432,1.87,1.00
2016.10.12 15:46:18.219,1.04429,1.04432,1.12,1.50
2016.10.12 15:46:18.975,1.04429,1.04432,1.12,2.47
2016.10.12 15:46:19.026,1.04429,1.04431,1.12,3.37
2016.10.12 15:46:19.078,1.04428,1.04429,3.00,1.00
2016.10.12 15:46:19.130,1.04427,1.04428,1.50,1.12
2016.10.12 15:46:19.181,1.04426,1.04428,2.25,1.12
2016.10.12 15:46:19.232,1.04425,1.04428,1.12,1.75
2016.10.12 15:46:19.284,1.04425,1.04428,1.12,2.25
2016.10.12 15:46:19.780,1.04424,1.04425,1.50,1.50
2016.10.12 15:46:19.891,1.04419,1.04422,1.12,3.75
2016.10.12 15:46:19.944,1.04419,1.04421,1.12,1.50
2016.10.12 15:46:20.000,1.04419,1.04421,1.12,2.25
2016.10.12 15:46:20.360,1.04418,1.04422,4.12,2.25
2016.10.12 15:46:20.599,1.04418,1.0442,3.37,1.50
2016.10.12 15:46:20.803,1.04418,1.0442,1.87,1.50
2016.10.12 15:46:20.855,1.04418,1.04419,1.87,1.12
2016.10.12 15:46:20.906,1.04416,1.04417,6.00,2.10
2016.10.12 15:46:21.167,1.04413,1.04414,1.00,1.00
2016.10.12 15:46:21.219,1.04412,1.04414,2.25,1.00
2016.10.12 15:46:21.322,1.04412,1.04414,2.25,1.12
2016.10.12 15:46:21.527,1.04413,1.04415,1.50,2.62
2016.10.12 15:46:21.578,1.04413,1.04415,2.25,1.87
2016.10.12 15:46:21.630,1.04413,1.04415,5.25,1.50
2016.10.12 15:46:21.681,1.04413,1.04415,5.25,1.00
2016.10.12 15:46:21.884,1.04414,1.04415,1.00,1.00
2016.10.12 15:46:21.936,1.04416,1.04417,1.00,1.50
2016.10.12 15:46:21.987,1.04416,1.04417,1.00,1.00
2016.10.12 15:46:22.039,1.04416,1.04418,1.50,1.12
2016.10.12 15:46:22.192,1.04416,1.04418,1.50,1.87
2016.10.12 15:46:22.243,1.04416,1.04418,1.00,1.87
2016.10.12 15:46:24.561,1.04416,1.04418,1.12,1.87
2016.10.12 15:46:25.130,1.04416,1.04418,1.00,1.87
2016.10.12 15:46:25.640,1.04416,1.04418,1.00,1.12
2016.10.12 15:46:25.743,1.04417,1.04419,6.60,1.87
2016.10.12 15:46:25.796,1.04418,1.04419,1.00,1.87
2016.10.12 15:46:25.848,1.04418,1.04421,3.37,1.12
2016.10.12 15:46:26.175,1.04418,1.04421,3.75,1.12
2016.10.12 15:46:26.280,1.04418,1.04421,3.75,1.37
2016.10.12 15:46:26.332,1.04418,1.04421,4.50,1.37
2016.10.12 15:46:26.383,1.04418,1.04421,4.12,1.37
2016.10.12 15:46:26.485,1.04418,1.04421,4.50,1.37
2016.10.12 15:46:26.538,1.04418,1.04421,2.62,1.37
2016.10.12 15:46:26.658,1.04418,1.04422,2.25,2.25
2016.10.12 15:46:26.763,1.04418,1.04422,6.75,1.75
2016.10.12 15:46:27.364,1.04418,1.04422,7.12,1.75
2016.10.12 15:46:28.076,1.04418,1.04422,6.75,1.75
2016.10.12 15:46:28.229,1.04418,1.04422,7.69,1.75
2016.10.12 15:46:28.281,1.04419,1.04423,1.00,2.25
2016.10.12 15:46:28.332,1.04419,1.04422,2.25,1.75
2016.10.12 15:46:28.591,1.04419,1.04422,2.25,1.50
2016.10.12 15:46:28.846,1.04419,1.04423,2.62,2.25
2016.10.12 15:46:28.897,1.04419,1.04423,3.37,2.25
2016.10.12 15:46:28.948,1.04419,1.04423,3.37,1.87
2016.10.12 15:46:29.306,1.0442,1.04423,1.00,1.12
2016.10.12 15:46:29.647,1.0442,1.04424,1.00,2.25
2016.10.12 15:46:29.699,1.04419,1.04422,1.50,1.00
2016.10.12 15:46:29.774,1.04419,1.04423,1.50,2.25
2016.10.12 15:46:29.927,1.04419,1.04423,1.50,1.50
2016.10.12 15:46:30.080,1.04419,1.04423,1.50,1.87
2016.10.12 15:46:30.132,1.04419,1.04423,1.00,1.87
2016.10.12 15:46:30.467,1.04419,1.04423,1.00,2.62
2016.10.12 15:46:30.803,1.04423,1.04425,3.37,6.56
2016.10.12 15:46:30.857,1.04423,1.04427,8.06,1.87
2016.10.12 15:46:30.908,1.04423,1.04427,8.06,1.12
2016.10.12 15:46:30.960,1.04423,1.04427,5.81,1.00
2016.10.12 15:46:31.113,1.04424,1.04428,1.12,2.25
2016.10.12 15:46:31.164,1.04424,1.04428,1.12,1.50
2016.10.12 15:46:31.726,1.04424,1.04428,2.62,1.50
2016.10.12 15:46:32.133,1.04424,1.04428,2.62,2.25
2016.10.12 15:46:32.337,1.04424,1.04428,2.62,1.50
2016.10.12 15:46:32.743,1.04424,1.04428,1.12,1.50
2016.10.12 15:46:33.150,1.04424,1.04428,1.12,2.25
2016.10.12 15:46:33.354,1.04424,1.04428,1.12,1.69
2016.10.12 15:46:33.466,1.04424,1.04428,1.00,2.66
2016.10.12 15:46:33.920,1.04423,1.04426,1.87,1.54
2016.10.12 15:46:33.980,1.04421,1.04423,1.12,1.00
2016.10.12 15:46:34.031,1.04421,1.04423,1.00,1.00
2016.10.12 15:46:34.083,1.0442,1.04423,1.50,1.12
2016.10.12 15:46:34.134,1.0442,1.04423,1.50,1.50
2016.10.12 15:46:35.250,1.04422,1.04424,3.37,1.87
2016.10.12 15:46:35.301,1.04423,1.04424,4.12,1.50
2016.10.12 15:46:35.352,1.04423,1.04425,4.87,1.50
2016.10.12 15:46:35.404,1.04423,1.04426,4.87,1.37
2016.10.12 15:46:35.456,1.04423,1.04427,6.75,1.50
2016.10.12 15:46:35.662,1.04423,1.04427,4.87,1.87
2016.10.12 15:46:36.173,1.04423,1.04427,4.87,1.50
2016.10.12 15:46:36.377,1.04423,1.04427,3.37,1.50
2016.10.12 15:46:38.227,1.04423,1.04427,3.37,1.12
2016.10.12 15:46:38.279,1.04423,1.04427,4.87,1.12
2016.10.12 15:46:38.381,1.04423,1.04427,3.75,1.00
2016.10.12 15:46:38.483,1.04423,1.04427,5.25,1.00
2016.10.12 15:46:38.891,1.04423,1.04427,5.62,1.00
2016.10.12 15:46:38.993,1.04423,1.04427,6.37,1.00
2016.10.12 15:46:39.095,1.04423,1.04427,8.62,1.00
2016.10.12 15:46:39.499,1.04423,1.04427,10.12,1.00
2016.10.12 15:46:39.601,1.04423,1.04427,9.75,1.00
2016.10.12 15:46:39.652,1.04423,1.04427,9.00,1.00
2016.10.12 15:46:39.733,1.04423,1.04427,6.75,1.00
2016.10.12 15:46:39.785,1.04423,1.04427,8.62,1.00
2016.10.12 15:46:39.887,1.04423,1.04426,6.37,1.00
2016.10.12 15:46:39.938,1.04423,1.04426,5.62,1.00
2016.10.12 15:46:39.989,1.04423,1.04426,3.37,1.00
2016.10.12 15:46:40.091,1.04424,1.04428,1.12,2.25
2016.10.12 15:46:40.142,1.04424,1.04428,1.12,1.50
2016.10.12 15:46:40.376,1.04424,1.04428,1.12,1.87
2016.10.12 15:46:40.479,1.04425,1.04429,1.00,5.25
2016.10.12 15:46:40.581,1.04425,1.04429,1.00,3.75
2016.10.12 15:46:40.632,1.04425,1.04429,1.00,3.75
2016.10.12 15:46:40.836,1.04425,1.04429,1.00,3.75
2016.10.12 15:46:40.887,1.04425,1.04429,1.00,4.50
2016.10.12 15:46:41.144,1.04425,1.04428,1.00,1.12
2016.10.12 15:46:41.247,1.04429,1.0443,1.00,2.44
2016.10.12 15:46:41.711,1.04429,1.04432,3.00,1.12
2016.10.12 15:46:41.764,1.04429,1.04433,3.00,3.00
2016.10.12 15:46:41.815,1.04431,1.04433,1.00,2.25
2016.10.12 15:46:41.866,1.04431,1.04433,1.00,1.37
2016.10.12 15:46:41.917,1.0443,1.04433,3.00,1.37
2016.10.12 15:46:41.969,1.04429,1.04433,4.87,2.25
2016.10.12 15:46:42.020,1.0443,1.04433,1.00,1.00
2016.10.12 15:46:42.122,1.04429,1.04433,4.87,1.50
2016.10.12 15:46:42.649,1.04429,1.04433,4.87,1.00
2016.10.12 15:46:42.715,1.04429,1.04433,4.87,1.00
2016.10.12 15:46:45.580,1.04429,1.04433,5.81,1.00
2016.10.12 15:46:45.631,1.0443,1.04434,1.00,2.62
2016.10.12 15:46:45.939,1.0443,1.04434,1.00,2.62
2016.10.12 15:46:46.497,1.0443,1.04434,1.00,3.37
2016.10.12 15:46:46.548,1.0443,1.04434,1.00,2.62
2016.10.12 15:46:46.752,1.0443,1.04434,1.00,1.12
2016.10.12 15:46:46.904,1.0443,1.04434,1.50,1.12
2016.10.12 15:46:47.057,1.0443,1.04434,1.50,1.87
2016.10.12 15:46:47.159,1.0443,1.04434,1.50,1.12
2016.10.12 15:46:47.366,1.0443,1.04434,1.50,1.87
2016.10.12 15:46:47.569,1.0443,1.04434,1.50,1.12
2016.10.12 15:46:47.874,1.0443,1.04434,1.50,1.87
2016.10.12 15:46:47.976,1.0443,1.04434,1.50,1.12
2016.10.12 15:46:48.180,1.04431,1.04435,1.00,6.75
2016.10.12 15:46:48.231,1.0443,1.04434,1.87,1.12
2016.10.12 15:46:48.466,1.04433,1.04435,1.00,3.37
2016.10.12 15:46:48.517,1.04433,1.04435,1.00,1.50
2016.10.12 15:46:48.569,1.04433,1.04435,1.00,1.12
2016.10.12 15:46:48.824,1.04433,1.04435,1.00,1.00
2016.10.12 15:46:50.108,1.04432,1.04433,1.00,1.00
2016.10.12 15:46:50.210,1.0443,1.04433,1.87,1.00
2016.10.12 15:46:50.435,1.04429,1.04433,4.50,1.00
2016.10.12 15:46:50.486,1.04432,1.04434,1.00,1.50
2016.10.12 15:46:51.248,1.04433,1.04434,1.00,1.50
2016.10.12 15:46:51.300,1.04436,1.04437,1.00,2.25
2016.10.12 15:46:51.352,1.04436,1.04437,1.50,1.50
2016.10.12 15:46:51.404,1.04436,1.04438,1.50,2.25
2016.10.12 15:46:51.457,1.04436,1.04438,1.50,1.87
2016.10.12 15:46:51.510,1.04436,1.04439,1.00,2.62
2016.10.12 15:46:51.826,1.04441,1.04444,1.50,1.25
2016.10.12 15:46:51.878,1.04441,1.04444,1.50,1.00
2016.10.12 15:46:52.031,1.04441,1.04445,1.50,3.39
2016.10.12 15:46:52.083,1.04441,1.04443,1.00,2.47
2016.10.12 15:46:52.135,1.0444,1.04441,1.00,1.00
2016.10.12 15:46:52.238,1.04438,1.04441,1.50,1.72
2016.10.12 15:46:52.290,1.04437,1.04441,3.75,1.12
2016.10.12 15:46:52.573,1.04437,1.04441,3.75,1.50
2016.10.12 15:46:52.795,1.04437,1.04441,2.25,3.00
2016.10.12 15:46:53.260,1.04442,1.04445,1.50,1.87
2016.10.12 15:46:53.556,1.04442,1.04445,1.00,2.62
2016.10.12 15:46:53.659,1.04442,1.04445,1.00,3.00
2016.10.12 15:46:54.119,1.04441,1.04445,1.87,3.00
2016.10.12 15:46:54.753,1.04442,1.04445,1.00,2.25
2016.10.12 15:46:55.008,1.04445,1.04448,1.87,1.42
2016.10.12 15:46:55.059,1.04445,1.04446,1.87,1.12
2016.10.12 15:46:55.110,1.04443,1.04445,4.12,3.75
2016.10.12 15:46:55.343,1.04441,1.04445,1.87,1.12
2016.10.12 15:46:55.547,1.04442,1.04445,1.00,1.12
2016.10.12 15:46:57.144,1.04441,1.04445,1.87,1.12
2016.10.12 15:46:57.195,1.04441,1.04445,1.87,2.62
2016.10.12 15:46:57.248,1.0444,1.04442,4.50,1.00
2016.10.12 15:46:57.301,1.04441,1.04442,1.12,2.44
2016.10.12 15:46:57.503,1.04438,1.04439,1.31,1.00
2016.10.12 15:46:57.556,1.04437,1.0444,1.37,2.62
2016.10.12 15:46:57.616,1.04437,1.0444,1.37,2.25
2016.10.12 15:46:57.668,1.04437,1.04439,1.37,1.12
2016.10.12 15:46:57.872,1.04437,1.04439,1.37,1.00
2016.10.12 15:46:58.076,1.04437,1.0444,1.37,1.50
2016.10.12 15:46:58.178,1.04436,1.0444,1.00,1.50
2016.10.12 15:46:58.511,1.04436,1.0444,1.50,1.12
2016.10.12 15:46:58.920,1.04436,1.0444,1.50,1.87
2016.10.12 15:46:59.125,1.04436,1.0444,1.50,1.12
2016.10.12 15:46:59.279,1.04436,1.0444,1.50,2.62
2016.10.12 15:46:59.433,1.04435,1.04436,3.37,1.00
2016.10.12 15:46:59.825,1.04435,1.04436,2.62,1.50
2016.10.12 15:47:00.094,1.04432,1.04436,1.00,3.00
2016.10.12 15:47:00.250,1.04432,1.04433,1.00,1.00
2016.10.12 15:47:00.301,1.04431,1.04433,1.00,2.81
2016.10.12 15:47:00.352,1.04431,1.04432,1.12,3.04
2016.10.12 15:47:00.403,1.0443,1.04431,1.12,1.25
2016.10.12 15:47:00.505,1.04428,1.04431,2.62,3.19
2016.10.12 15:47:00.556,1.04428,1.04431,1.00,3.19
2016.10.12 15:47:00.607,1.04428,1.0443,1.00,1.00
2016.10.12 15:47:00.806,1.04427,1.0443,1.00,1.12
2016.10.12 15:47:00.857,1.04427,1.04431,1.50,5.29
2016.10.12 15:47:00.909,1.04427,1.0443,1.50,1.37
2016.10.12 15:47:00.960,1.04428,1.0443,1.00,1.12
2016.10.12 15:47:01.011,1.04428,1.0443,1.00,2.06
2016.10.12 15:47:01.062,1.04428,1.0443,1.00,1.69
2016.10.12 15:47:01.166,1.04427,1.0443,1.50,1.69
2016.10.12 15:47:01.268,1.04427,1.0443,1.00,1.69
2016.10.12 15:47:01.522,1.04426,1.0443,1.50,1.69
2016.10.12 15:47:01.967,1.04426,1.0443,1.50,2.06
2016.10.12 15:47:02.069,1.04426,1.0443,1.50,1.69
2016.10.12 15:47:02.121,1.04426,1.0443,2.25,2.29
2016.10.12 15:47:02.835,1.04426,1.0443,1.50,2.44
2016.10.12 15:47:02.912,1.04426,1.0443,1.50,2.10
2016.10.12 15:47:03.479,1.04426,1.0443,2.25,2.10
2016.10.12 15:47:03.633,1.04426,1.0443,2.25,3.60
2016.10.12 15:47:04.320,1.04426,1.0443,3.00,3.60
2016.10.12 15:47:05.035,1.04426,1.0443,3.00,3.37
2016.10.12 15:47:05.239,1.04426,1.0443,3.00,2.62
2016.10.12 15:47:05.292,1.04427,1.0443,1.00,1.37
2016.10.12 15:47:05.344,1.04427,1.0443,2.25,1.00
2016.10.12 15:47:05.396,1.04427,1.04431,2.25,3.56
2016.10.12 15:47:05.447,1.04428,1.04431,1.00,1.69
2016.10.12 15:47:05.499,1.04428,1.04431,1.00,3.56
2016.10.12 15:47:05.550,1.04428,1.04431,1.00,3.94
2016.10.12 15:47:05.601,1.04428,1.04431,1.00,3.56
2016.10.12 15:47:06.016,1.04426,1.0443,4.12,1.00
2016.10.12 15:47:06.264,1.04428,1.04431,1.00,1.69
2016.10.12 15:47:06.316,1.04428,1.04431,1.00,1.69
2016.10.12 15:47:06.418,1.04427,1.04431,1.50,2.81
2016.10.12 15:47:06.520,1.04427,1.04431,1.12,2.44
2016.10.12 15:47:06.594,1.04426,1.0443,3.00,2.25
2016.10.12 15:47:06.645,1.04425,1.04428,7.50,1.00
2016.10.12 15:47:06.696,1.04425,1.04427,5.62,1.00
2016.10.12 15:47:06.747,1.04425,1.04427,4.87,1.00
2016.10.12 15:47:06.798,1.04425,1.04427,6.37,1.00
2016.10.12 15:47:06.849,1.04427,1.04428,1.00,1.00
2016.10.12 15:47:07.201,1.04427,1.04428,2.25,1.24
2016.10.12 15:47:07.274,1.04427,1.04428,2.25,1.99
2016.10.12 15:47:07.427,1.04427,1.04428,3.00,1.99
2016.10.12 15:47:07.633,1.04427,1.04428,1.50,1.99
2016.10.12 15:47:07.735,1.04426,1.04428,1.69,1.99
2016.10.12 15:47:07.786,1.04426,1.04428,1.00,1.99
2016.10.12 15:47:08.383,1.04427,1.04428,1.50,1.99
2016.10.12 15:47:08.434,1.04427,1.04428,1.00,1.24
2016.10.12 15:47:08.536,1.04427,1.04428,2.25,1.24
2016.10.12 15:47:08.841,1.04427,1.04429,3.00,1.24
2016.10.12 15:47:08.994,1.04427,1.04428,2.25,1.24
2016.10.12 15:47:09.045,1.04427,1.04428,1.00,1.24
2016.10.12 15:47:09.470,1.04426,1.04429,1.50,1.00
2016.10.12 15:47:09.939,1.04426,1.04429,1.50,2.74
2016.10.12 15:47:11.443,1.04426,1.04429,1.50,1.99
2016.10.12 15:47:11.706,1.04426,1.04429,1.00,1.99
2016.10.12 15:47:11.809,1.04426,1.04429,1.50,1.24
2016.10.12 15:47:11.860,1.04426,1.04429,1.00,1.99
2016.10.12 15:47:11.962,1.04427,1.04429,1.00,1.24
2016.10.12 15:47:12.014,1.04427,1.04429,2.25,1.24
2016.10.12 15:47:12.065,1.04427,1.04429,1.50,1.24
2016.10.12 15:47:12.697,1.04426,1.04429,2.25,1.24
2016.10.12 15:47:12.964,1.04427,1.04429,3.37,1.99
2016.10.12 15:47:13.030,1.04428,1.04429,1.00,1.99
2016.10.12 15:47:13.490,1.04428,1.04429,1.00,1.99
2016.10.12 15:47:13.541,1.04427,1.04429,1.87,2.74
2016.10.12 15:47:13.593,1.04427,1.04428,1.87,1.00
2016.10.12 15:47:13.644,1.04426,1.04427,1.12,2.35
2016.10.12 15:47:13.852,1.04424,1.04425,6.07,2.35
2016.10.12 15:47:13.903,1.04422,1.04425,1.00,2.35
2016.10.12 15:47:13.955,1.04422,1.04425,1.00,1.60
2016.10.12 15:47:14.210,1.04421,1.04425,3.75,2.35
2016.10.12 15:47:14.262,1.04421,1.04425,4.12,2.35
2016.10.12 15:47:14.313,1.04421,1.04425,3.37,2.35
2016.10.12 15:47:14.364,1.04421,1.04425,3.00,2.35
2016.10.12 15:47:14.517,1.04422,1.04425,1.00,1.60
2016.10.12 15:47:15.934,1.04422,1.04425,2.25,1.60
2016.10.12 15:47:16.036,1.04422,1.04425,2.62,1.60
2016.10.12 15:47:16.774,1.04421,1.04422,1.87,1.82
2016.10.12 15:47:16.827,1.04419,1.0442,1.50,1.00
2016.10.12 15:47:16.878,1.04419,1.04421,1.00,2.35
2016.10.12 15:47:16.930,1.04418,1.04421,1.87,3.10
2016.10.12 15:47:16.982,1.04418,1.0442,1.50,1.00
2016.10.12 15:47:17.033,1.04418,1.0442,1.87,1.00
2016.10.12 15:47:17.084,1.04418,1.04421,1.87,3.47
2016.10.12 15:47:17.163,1.04417,1.04421,5.10,1.12
2016.10.12 15:47:17.216,1.04418,1.04421,1.72,1.12
2016.10.12 15:47:17.269,1.04418,1.04421,2.62,1.12
2016.10.12 15:47:17.321,1.04418,1.04421,2.10,1.00
2016.10.12 15:47:17.548,1.0442,1.04423,2.25,1.50
2016.10.12 15:47:17.615,1.04421,1.04424,1.00,1.00
2016.10.12 15:47:17.666,1.0442,1.04424,2.62,1.00
2016.10.12 15:47:17.718,1.0442,1.04423,2.25,1.00
2016.10.12 15:47:17.769,1.0442,1.04424,3.00,1.00
2016.10.12 15:47:17.820,1.0442,1.04424,4.12,1.00
2016.10.12 15:47:17.872,1.0442,1.04423,3.37,1.00
2016.10.12 15:47:17.923,1.0442,1.04423,1.87,1.00
2016.10.12 15:47:17.974,1.04421,1.04425,1.87,2.75
2016.10.12 15:47:18.026,1.04421,1.04425,2.62,2.00
2016.10.12 15:47:18.077,1.04421,1.04425,3.56,1.00
2016.10.12 15:47:18.128,1.04424,1.04427,1.00,2.38
2016.10.12 15:47:18.386,1.04424,1.04427,1.87,1.00
2016.10.12 15:47:18.489,1.04424,1.04427,1.87,1.00
2016.10.12 15:47:18.592,1.04424,1.04427,1.50,1.00
2016.10.12 15:47:18.746,1.04424,1.04427,2.25,1.00
2016.10.12 15:47:20.046,1.04425,1.04427,1.50,1.00
2016.10.12 15:47:21.593,1.04425,1.04427,1.50,1.00
2016.10.12 15:47:21.646,1.04425,1.04428,2.25,1.12
2016.10.12 15:47:21.697,1.04426,1.04429,1.25,2.00
2016.10.12 15:47:21.749,1.04428,1.0443,2.25,1.62
2016.10.12 15:47:22.004,1.0443,1.04431,1.00,1.00
2016.10.12 15:47:22.259,1.04427,1.0443,1.87,1.00
2016.10.12 15:47:22.311,1.04427,1.0443,1.12,1.00
2016.10.12 15:47:22.364,1.04426,1.0443,1.12,1.00
2016.10.12 15:47:23.088,1.04428,1.04431,4.72,1.00
2016.10.12 15:47:23.139,1.04429,1.04433,1.00,4.25
2016.10.12 15:47:23.343,1.04428,1.04432,5.85,1.00
2016.10.12 15:47:23.395,1.04429,1.04433,1.00,2.38
2016.10.12 15:47:24.057,1.04429,1.04433,1.00,3.88
2016.10.12 15:47:24.160,1.0443,1.04433,1.00,3.00
2016.10.12 15:47:25.334,1.0443,1.04433,1.50,1.50
2016.10.12 15:47:25.437,1.0443,1.04433,3.97,1.50
2016.10.12 15:47:25.488,1.0443,1.04433,5.47,1.00
2016.10.12 15:47:25.541,1.04431,1.04434,2.25,1.00
2016.10.12 15:47:25.592,1.04431,1.04435,3.60,1.00
2016.10.12 15:47:25.644,1.04433,1.04435,1.00,1.00
2016.10.12 15:47:26.530,1.04431,1.04433,1.00,1.00
2016.10.12 15:47:26.632,1.04431,1.04433,1.12,1.00
2016.10.12 15:47:26.938,1.04431,1.04433,1.00,1.00
2016.10.12 15:47:27.599,1.04431,1.04433,1.12,1.00
2016.10.12 15:47:29.217,1.04431,1.04433,1.00,1.00
2016.10.12 15:47:29.923,1.04431,1.04433,1.12,1.00
2016.10.12 15:47:30.752,1.04432,1.04433,1.00,1.00
2016.10.12 15:47:31.243,1.04432,1.04434,1.12,1.00
2016.10.12 15:47:31.756,1.04431,1.04434,5.10,1.00
2016.10.12 15:47:32.180,1.04431,1.04434,5.10,1.04
2016.10.12 15:47:32.283,1.04431,1.04434,5.10,1.00
2016.10.12 15:47:32.963,1.04431,1.04434,4.35,1.00
2016.10.12 15:47:33.167,1.04431,1.04434,3.75,1.00
2016.10.12 15:47:33.269,1.04431,1.04434,3.00,1.00
2016.10.12 15:47:33.580,1.04431,1.04434,1.50,1.00
2016.10.12 15:47:34.653,1.04431,1.04433,1.50,1.00
2016.10.12 15:47:34.958,1.04431,1.04433,1.00,1.00
2016.10.12 15:47:35.470,1.04431,1.04433,1.50,1.00
2016.10.12 15:47:36.072,1.04431,1.04433,2.25,1.00
2016.10.12 15:47:36.174,1.04432,1.04433,1.00,1.00
2016.10.12 15:47:36.479,1.04431,1.04434,1.50,1.00
2016.10.12 15:47:37.039,1.04431,1.04433,1.50,1.00
2016.10.12 15:47:37.201,1.04431,1.04433,1.00,1.00
2016.10.12 15:47:37.818,1.0443,1.04433,3.00,1.00
2016.10.12 15:47:38.693,1.0443,1.04433,4.12,1.00
2016.10.12 15:47:40.308,1.0443,1.04434,4.12,1.00
2016.10.12 15:47:40.529,1.0443,1.04434,4.35,1.00
2016.10.12 15:47:40.583,1.0443,1.04434,5.10,3.06
2016.10.12 15:47:40.636,1.0443,1.04434,4.87,3.06
2016.10.12 15:47:40.942,1.0443,1.04434,5.10,3.06
2016.10.12 15:47:41.290,1.0443,1.04434,4.87,3.06
2016.10.12 15:47:42.105,1.0443,1.04434,5.25,3.06
2016.10.12 15:47:42.156,1.0443,1.04434,5.47,3.06
2016.10.12 15:47:42.208,1.04431,1.04434,1.12,3.06
2016.10.12 15:47:42.604,1.04431,1.04434,1.12,3.78
2016.10.12 15:47:43.677,1.0443,1.04434,5.62,3.78
2016.10.12 15:47:44.490,1.0443,1.04434,4.87,3.78
2016.10.12 15:47:45.925,1.0443,1.04434,3.37,5.28
2016.10.12 15:47:46.028,1.0443,1.04434,3.37,5.47
2016.10.12 15:47:46.494,1.0443,1.04434,3.37,5.28
2016.10.12 15:47:48.692,1.0443,1.04434,4.87,3.78
2016.10.12 15:47:48.846,1.0443,1.04434,5.10,3.78
2016.10.12 15:47:48.948,1.0443,1.04434,4.87,3.78
2016.10.12 15:47:49.608,1.0443,1.04434,4.12,3.78
2016.10.12 15:47:50.644,1.0443,1.04434,4.35,3.78
2016.10.12 15:47:51.050,1.0443,1.04434,4.50,3.78
2016.10.12 15:47:51.152,1.0443,1.04434,4.12,3.78
2016.10.12 15:47:51.254,1.0443,1.04434,4.12,1.04
2016.10.12 15:47:51.407,1.0443,1.04434,4.87,1.04
2016.10.12 15:47:51.610,1.04431,1.04435,1.12,6.03
2016.10.12 15:47:52.048,1.04431,1.04435,1.87,6.03
2016.10.12 15:47:52.099,1.04432,1.04435,1.00,6.03
2016.10.12 15:47:52.660,1.04431,1.04435,1.12,6.03
2016.10.12 15:47:57.231,1.04431,1.04435,1.12,6.75
2016.10.12 15:47:57.333,1.04431,1.04434,1.12,1.50
2016.10.12 15:48:00.261,1.04432,1.04434,1.00,1.50
2016.10.12 15:48:01.458,1.04432,1.04433,1.00,1.50
2016.10.12 15:48:02.321,1.04431,1.04433,1.87,1.50
2016.10.12 15:48:04.396,1.04431,1.04434,1.87,2.25
2016.10.12 15:48:05.723,1.04431,1.04434,1.87,1.50
2016.10.12 15:48:06.277,1.04432,1.04435,1.00,5.28
2016.10.12 15:48:06.379,1.04432,1.04435,1.00,2.25
2016.10.12 15:48:06.587,1.04433,1.04435,1.00,1.50
2016.10.12 15:48:06.639,1.04435,1.04436,1.69,1.12
2016.10.12 15:48:06.690,1.04435,1.04437,1.69,2.25
2016.10.12 15:48:06.742,1.04436,1.04439,2.25,1.00
2016.10.12 15:48:07.002,1.04437,1.0444,1.00,1.00
2016.10.12 15:48:07.054,1.04437,1.04441,1.50,6.85
2016.10.12 15:48:07.259,1.04437,1.0444,1.50,1.00
2016.10.12 15:48:07.310,1.04437,1.0444,1.50,1.00
2016.10.12 15:48:07.566,1.04436,1.0444,3.37,1.50
2016.10.12 15:48:07.668,1.04436,1.04438,3.37,1.60
2016.10.12 15:48:07.719,1.04437,1.04438,1.00,1.60
2016.10.12 15:48:08.541,1.04436,1.04438,1.12,2.35
2016.10.12 15:48:08.592,1.04436,1.04437,1.12,1.00
2016.10.12 15:48:08.644,1.04435,1.04437,1.00,1.00
2016.10.12 15:48:08.696,1.04435,1.04438,1.12,4.97
2016.10.12 15:48:08.748,1.04435,1.04438,1.12,1.12
2016.10.12 15:48:08.800,1.04436,1.04438,1.00,1.12
2016.10.12 15:48:09.057,1.04436,1.04438,1.00,2.35
2016.10.12 15:48:09.109,1.04436,1.04438,1.12,2.35
2016.10.12 15:48:09.162,1.04437,1.04438,1.00,2.35
2016.10.12 15:48:09.634,1.04437,1.04438,1.00,2.35
2016.10.12 15:48:10.593,1.04435,1.04438,4.50,2.35
2016.10.12 15:48:10.645,1.04436,1.04438,1.12,1.00
2016.10.12 15:48:10.696,1.04436,1.04439,1.00,3.97
2016.10.12 15:48:10.799,1.04437,1.04439,1.00,3.37
2016.10.12 15:48:11.179,1.04436,1.04438,1.00,1.60
2016.10.12 15:48:11.281,1.04436,1.04439,1.00,4.60
2016.10.12 15:48:11.383,1.04436,1.04439,1.00,5.35
2016.10.12 15:48:11.434,1.04436,1.04439,1.00,4.60
2016.10.12 15:48:11.485,1.04436,1.04438,1.00,1.60
2016.10.12 15:48:11.588,1.04436,1.04439,1.00,4.60
2016.10.12 15:48:11.639,1.04436,1.04439,1.00,2.35
2016.10.12 15:48:11.741,1.04436,1.04439,1.00,3.10
2016.10.12 15:48:11.843,1.04436,1.04439,1.00,2.35
2016.10.12 15:48:11.894,1.04436,1.04439,1.00,1.60
2016.10.12 15:48:12.251,1.04437,1.04438,2.25,1.60
2016.10.12 15:48:12.353,1.04437,1.0444,1.00,4.60
2016.10.12 15:48:12.455,1.04437,1.0444,1.00,4.22
2016.10.12 15:48:12.588,1.04436,1.04438,1.50,2.53
2016.10.12 15:48:12.640,1.04435,1.04437,3.00,1.50
2016.10.12 15:48:12.692,1.04435,1.04437,2.25,3.10
2016.10.12 15:48:12.743,1.04435,1.04437,1.50,2.35
2016.10.12 15:48:12.795,1.04435,1.04438,1.00,3.47
2016.10.12 15:48:12.846,1.04436,1.04438,1.00,1.12
2016.10.12 15:48:12.897,1.04436,1.04439,1.00,4.97
2016.10.12 15:48:13.305,1.04436,1.04439,1.12,4.97
2016.10.12 15:48:13.357,1.04435,1.04439,1.50,5.95
2016.10.12 15:48:13.459,1.04435,1.04439,1.50,5.57
2016.10.12 15:48:13.818,1.04435,1.04439,1.50,4.82
2016.10.12 15:48:13.869,1.04437,1.04439,1.00,2.47
2016.10.12 15:48:14.255,1.04437,1.04439,1.00,1.72
2016.10.12 15:48:14.310,1.04437,1.04439,1.00,1.50
2016.10.12 15:48:14.362,1.04437,1.0444,1.00,3.79
2016.10.12 15:48:14.465,1.04437,1.0444,1.00,4.54
2016.10.12 15:48:14.568,1.04437,1.04438,1.00,1.16
2016.10.12 15:48:14.621,1.04437,1.04439,1.00,4.35
2016.10.12 15:48:14.674,1.04436,1.04438,1.00,1.00
2016.10.12 15:48:14.777,1.04436,1.04439,1.50,4.16
2016.10.12 15:48:14.828,1.04436,1.04438,1.00,1.00
2016.10.12 15:48:14.919,1.04436,1.04437,1.12,1.50
2016.10.12 15:48:15.179,1.04436,1.04439,1.12,3.41
2016.10.12 15:48:15.231,1.04436,1.04439,1.12,3.22
2016.10.12 15:48:15.284,1.04436,1.04439,1.87,2.62
2016.10.12 15:48:15.336,1.04436,1.04439,1.87,1.87
2016.10.12 15:48:15.388,1.04437,1.0444,1.00,1.25
2016.10.12 15:48:15.492,1.04437,1.0444,1.00,1.69
2016.10.12 15:48:15.594,1.04437,1.04439,1.00,1.00
2016.10.12 15:48:15.645,1.04437,1.0444,1.00,1.69
2016.10.12 15:48:15.851,1.04437,1.04439,1.00,1.00
2016.10.12 15:48:16.077,1.04436,1.04439,3.37,1.30
2016.10.12 15:48:16.800,1.04436,1.04438,1.12,1.00
2016.10.12 15:48:16.852,1.04436,1.04438,1.00,1.00
2016.10.12 15:48:16.904,1.04436,1.04439,1.50,1.00
2016.10.12 15:48:16.956,1.04436,1.04439,1.87,1.00
2016.10.12 15:48:17.161,1.04437,1.04439,1.00,1.91
2016.10.12 15:48:17.213,1.04437,1.04439,1.00,1.16
2016.10.12 15:48:17.264,1.04437,1.0444,1.00,4.35
2016.10.12 15:48:17.315,1.04437,1.0444,1.00,4.72
2016.10.12 15:48:17.677,1.04437,1.0444,1.00,3.94
2016.10.12 15:48:17.785,1.04437,1.0444,1.00,2.44
2016.10.12 15:48:18.199,1.04437,1.0444,1.00,2.62
2016.10.12 15:48:18.368,1.04437,1.0444,1.00,2.66
2016.10.12 15:48:18.573,1.04436,1.04437,1.87,1.00
2016.10.12 15:48:18.813,1.04435,1.04437,1.12,1.00
2016.10.12 15:48:18.864,1.04437,1.04439,1.00,1.37
2016.10.12 15:48:18.915,1.04436,1.04439,1.87,1.00
2016.10.12 15:48:18.966,1.04436,1.04439,1.87,1.50
2016.10.12 15:48:19.068,1.04436,1.04439,1.87,1.00
2016.10.12 15:48:19.273,1.04436,1.04439,1.87,1.50
2016.10.12 15:48:19.324,1.04436,1.04439,1.87,1.00
2016.10.12 15:48:19.375,1.04436,1.04439,1.87,1.25
2016.10.12 15:48:19.477,1.04436,1.04439,1.87,1.25
2016.10.12 15:48:19.579,1.04436,1.04439,1.87,1.30
2016.10.12 15:48:19.884,1.04436,1.0444,1.87,4.16
2016.10.12 15:48:20.099,1.04436,1.0444,1.87,2.66
2016.10.12 15:48:20.684,1.04436,1.04439,1.87,1.00
2016.10.12 15:48:20.938,1.04436,1.04438,1.12,1.00
2016.10.12 15:48:20.989,1.04435,1.04438,3.37,1.00
2016.10.12 15:48:21.091,1.04435,1.04439,3.37,1.50
2016.10.12 15:48:22.450,1.04435,1.04439,1.87,3.00
2016.10.12 15:48:22.905,1.04435,1.04439,1.87,2.25
2016.10.12 15:48:22.964,1.04435,1.04439,1.87,3.00
2016.10.12 15:48:23.812,1.04435,1.04439,1.87,3.19
2016.10.12 15:48:23.915,1.04435,1.04439,1.87,3.00
2016.10.12 15:48:24.170,1.04435,1.04439,1.87,3.19
2016.10.12 15:48:24.958,1.04436,1.04439,1.12,2.44
2016.10.12 15:48:25.444,1.04437,1.04439,1.00,2.44
2016.10.12 15:48:25.495,1.04437,1.0444,1.00,5.44
2016.10.12 15:48:25.547,1.04437,1.0444,1.00,5.06
2016.10.12 15:48:25.598,1.04437,1.0444,1.00,4.69
2016.10.12 15:48:26.044,1.04437,1.0444,1.00,3.94
2016.10.12 15:48:26.301,1.04437,1.0444,1.00,4.12
2016.10.12 15:48:27.703,1.04437,1.0444,1.00,3.37
2016.10.12 15:48:29.004,1.04437,1.0444,1.00,3.75
2016.10.12 15:48:30.208,1.04437,1.04439,1.00,1.30
2016.10.12 15:48:30.311,1.04437,1.0444,1.00,3.75
2016.10.12 15:48:30.517,1.04437,1.0444,1.00,4.50
2016.10.12 15:48:30.619,1.04437,1.04439,1.00,1.30
2016.10.12 15:48:32.313,1.04437,1.04438,1.00,1.00
2016.10.12 15:48:32.415,1.04437,1.04439,1.00,1.30
2016.10.12 15:48:32.619,1.04435,1.04439,3.37,1.72
2016.10.12 15:48:32.773,1.04435,1.04438,3.37,1.00
2016.10.12 15:48:33.181,1.04435,1.04439,3.37,1.30
2016.10.12 15:48:33.310,1.04435,1.04439,4.87,1.30
2016.10.12 15:48:33.514,1.04435,1.04439,3.37,1.72
2016.10.12 15:48:33.616,1.04435,1.04439,3.37,1.30
2016.10.12 15:48:33.718,1.04435,1.04439,3.37,1.00
2016.10.12 15:48:33.922,1.04435,1.04439,3.37,1.30
2016.10.12 15:48:33.974,1.04435,1.04439,1.87,2.47
2016.10.12 15:48:34.025,1.04435,1.04439,1.87,3.22
2016.10.12 15:48:34.336,1.04435,1.04439,3.37,3.22
2016.10.12 15:48:34.388,1.04436,1.04439,1.12,1.00
2016.10.12 15:48:34.999,1.04436,1.04439,2.62,1.00
2016.10.12 15:48:37.532,1.04436,1.04439,1.87,1.00
2016.10.12 15:48:38.708,1.04436,1.04439,1.87,1.30
2016.10.12 15:48:38.810,1.04436,1.04439,1.87,1.72
2016.10.12 15:48:39.207,1.04435,1.04439,4.87,1.72
2016.10.12 15:48:39.259,1.04435,1.04439,3.37,1.72
2016.10.12 15:48:39.424,1.04435,1.04439,3.37,1.30
2016.10.12 15:48:39.526,1.04435,1.04439,3.37,1.72
2016.10.12 15:48:39.629,1.04435,1.04439,3.37,1.30
2016.10.12 15:48:40.229,1.04435,1.04439,3.37,1.72
2016.10.12 15:48:40.556,1.04435,1.04439,3.37,1.30
2016.10.12 15:48:40.890,1.04438,1.0444,1.00,4.12
2016.10.12 15:48:40.942,1.0444,1.04442,2.10,11.06
2016.10.12 15:48:40.994,1.04442,1.04443,6.75,6.37
2016.10.12 15:48:41.045,1.04442,1.04444,6.00,1.00
2016.10.12 15:48:41.097,1.04442,1.04445,1.50,1.37
2016.10.12 15:48:41.149,1.04443,1.04445,1.00,1.12
2016.10.12 15:48:41.200,1.04443,1.04445,1.00,1.87
2016.10.12 15:48:41.251,1.04441,1.04445,6.19,1.87
2016.10.12 15:48:41.478,1.04442,1.04445,1.50,1.50
2016.10.12 15:48:41.530,1.04441,1.04445,6.94,1.00
2016.10.12 15:48:41.581,1.04441,1.04444,4.69,1.00
2016.10.12 15:48:41.632,1.04442,1.04444,1.37,1.00
2016.10.12 15:48:41.683,1.04441,1.04444,3.56,1.00
2016.10.12 15:48:41.734,1.04441,1.04444,3.37,1.50
2016.10.12 15:48:41.785,1.04441,1.04444,4.12,1.00
2016.10.12 15:48:42.349,1.04442,1.04444,1.50,1.00
2016.10.12 15:48:42.401,1.04444,1.04446,1.00,1.12
2016.10.12 15:48:42.624,1.04444,1.04446,1.00,1.87
2016.10.12 15:48:42.685,1.04442,1.04445,1.87,1.50
2016.10.12 15:48:42.766,1.04442,1.04445,1.50,1.50
2016.10.12 15:48:43.243,1.04442,1.04445,1.12,1.50
2016.10.12 15:48:43.498,1.04442,1.04445,2.62,1.50
2016.10.12 15:48:44.710,1.04442,1.04445,1.12,1.50
2016.10.12 15:48:45.695,1.04442,1.04445,2.62,1.50
2016.10.12 15:48:46.230,1.04442,1.04445,2.25,2.25
2016.10.12 15:48:47.233,1.04442,1.04445,2.25,1.75
2016.10.12 15:48:49.762,1.04442,1.04443,1.50,1.12
2016.10.12 15:48:49.813,1.0444,1.04443,5.25,4.12
2016.10.12 15:48:49.865,1.04439,1.04442,12.84,4.50
2016.10.12 15:48:49.916,1.04441,1.04442,1.00,4.12
2016.10.12 15:48:49.967,1.04441,1.04444,1.00,1.50
2016.10.12 15:48:51.844,1.04441,1.04445,1.00,3.94
2016.10.12 15:48:51.895,1.04441,1.04445,2.25,2.44
2016.10.12 15:48:52.623,1.04441,1.04445,2.25,2.47
2016.10.12 15:48:56.540,1.04441,1.04444,1.50,1.12
2016.10.12 15:48:57.847,1.0444,1.04444,6.09,1.87
2016.10.12 15:48:57.898,1.0444,1.04444,5.72,2.25
2016.10.12 15:48:58.163,1.0444,1.04444,5.72,1.50
2016.10.12 15:48:58.214,1.04441,1.04444,1.00,1.12
2016.10.12 15:48:58.537,1.04441,1.04444,1.00,1.87
2016.10.12 15:48:58.588,1.04441,1.04444,1.00,2.25
2016.10.12 15:48:58.690,1.04441,1.04444,1.00,1.87
2016.10.12 15:48:58.741,1.04441,1.04444,1.00,1.12
2016.10.12 15:49:00.275,1.04441,1.04444,1.12,1.00
2016.10.12 15:49:01.958,1.04439,1.04441,5.72,1.00
2016.10.12 15:49:02.010,1.04439,1.0444,1.12,1.50
2016.10.12 15:49:02.061,1.04438,1.0444,3.00,1.00
2016.10.12 15:49:02.113,1.04437,1.0444,1.87,1.00
2016.10.12 15:49:02.216,1.04437,1.0444,1.50,1.00
2016.10.12 15:49:02.370,1.04437,1.0444,1.50,1.00
2016.10.12 15:49:03.073,1.04436,1.0444,2.62,1.00
2016.10.12 15:49:03.176,1.04438,1.04441,1.00,3.94
2016.10.12 15:49:03.227,1.0444,1.04441,1.50,1.50
2016.10.12 15:49:03.278,1.0444,1.04442,3.00,1.00
2016.10.12 15:49:03.329,1.04441,1.04443,1.50,1.87
2016.10.12 15:49:03.380,1.04441,1.04444,1.50,1.12
2016.10.12 15:49:03.431,1.04441,1.04444,1.50,1.00
2016.10.12 15:49:03.482,1.04441,1.04443,1.50,1.00
2016.10.12 15:49:03.533,1.0444,1.04442,1.12,1.00
2016.10.12 15:49:03.584,1.04439,1.04442,1.50,1.00
2016.10.12 15:49:03.891,1.04439,1.04443,1.50,3.00
2016.10.12 15:49:03.943,1.04439,1.04443,1.50,1.50
2016.10.12 15:49:04.349,1.0444,1.04444,1.00,3.00
2016.10.12 15:49:04.451,1.0444,1.04444,3.00,1.12
2016.10.12 15:49:04.502,1.0444,1.04444,3.75,1.50
2016.10.12 15:49:05.615,1.0444,1.04443,3.75,1.00
2016.10.12 15:49:05.667,1.0444,1.04443,3.00,1.00
2016.10.12 15:49:05.718,1.0444,1.04443,2.25,1.00
2016.10.12 15:49:05.769,1.0444,1.04444,2.25,2.25
2016.10.12 15:49:05.871,1.0444,1.04444,3.00,1.50
2016.10.12 15:49:06.107,1.0444,1.04444,3.75,1.50
2016.10.12 15:49:09.286,1.0444,1.04444,3.75,2.25
2016.10.12 15:49:09.389,1.0444,1.04444,3.75,1.50
2016.10.12 15:49:09.542,1.0444,1.04444,3.75,2.25
2016.10.12 15:49:09.644,1.0444,1.04444,3.75,1.50
2016.10.12 15:49:10.189,1.0444,1.04444,3.75,2.25
2016.10.12 15:49:10.857,1.0444,1.04444,3.75,1.50
2016.10.12 15:49:11.496,1.0444,1.04444,5.25,2.25
2016.10.12 15:49:11.547,1.0444,1.04444,3.75,1.50
2016.10.12 15:49:11.598,1.0444,1.04444,5.25,1.50
2016.10.12 15:49:11.649,1.04441,1.04443,1.50,1.00
2016.10.12 15:49:11.904,1.04441,1.04443,1.50,1.50
2016.10.12 15:49:15.350,1.04441,1.04443,1.50,2.25
2016.10.12 15:49:18.285,1.0444,1.04442,1.00,1.12
2016.10.12 15:49:18.337,1.04438,1.04442,4.69,2.25
2016.10.12 15:49:18.874,1.04438,1.04442,4.87,2.25
2016.10.12 15:49:18.925,1.04438,1.04442,4.87,2.25
2016.10.12 15:49:19.027,1.04438,1.04442,4.87,1.50
2016.10.12 15:49:19.332,1.04438,1.04442,5.62,1.50
2016.10.12 15:49:19.435,1.04438,1.04442,4.87,1.50
2016.10.12 15:49:19.800,1.04438,1.04442,4.87,1.50
2016.10.12 15:49:19.851,1.04438,1.04442,4.69,1.50
2016.10.12 15:49:20.204,1.04438,1.04442,5.44,1.50
2016.10.12 15:49:20.512,1.04438,1.04442,5.44,1.00
2016.10.12 15:49:21.194,1.04438,1.04442,4.69,1.00
2016.10.12 15:49:21.246,1.04438,1.04442,3.94,1.00
2016.10.12 15:49:23.090,1.04438,1.0444,3.19,1.00
2016.10.12 15:49:23.141,1.04438,1.04439,1.00,1.25
2016.10.12 15:49:23.410,1.04438,1.0444,1.00,1.19
2016.10.12 15:49:23.477,1.04436,1.0444,3.00,1.00
2016.10.12 15:49:24.734,1.04437,1.0444,1.12,1.00
2016.10.12 15:49:24.887,1.04438,1.04441,1.00,3.37
2016.10.12 15:49:24.938,1.04438,1.04441,1.00,2.25
2016.10.12 15:49:25.040,1.04439,1.04442,1.00,1.87
2016.10.12 15:49:25.998,1.04439,1.04442,1.00,1.12
2016.10.12 15:49:26.049,1.04441,1.04443,2.25,2.62
2016.10.12 15:49:26.100,1.04441,1.04443,2.25,1.37
2016.10.12 15:49:26.151,1.04441,1.04444,2.25,2.25
2016.10.12 15:49:26.253,1.04441,1.04444,2.62,1.50
2016.10.12 15:49:26.355,1.04441,1.04444,2.62,1.00
2016.10.12 15:49:27.435,1.04441,1.04444,2.62,1.12
2016.10.12 15:49:28.753,1.04441,1.04445,2.62,3.00
2016.10.12 15:49:28.805,1.04441,1.04445,2.62,1.50
2016.10.12 15:49:28.908,1.04442,1.04445,1.00,1.50
2016.10.12 15:49:28.959,1.04442,1.04445,1.00,1.12
2016.10.12 15:49:29.010,1.04442,1.04446,1.00,5.44
2016.10.12 15:49:29.112,1.04442,1.04446,1.00,4.69
2016.10.12 15:49:29.265,1.04442,1.04446,1.00,3.94
2016.10.12 15:49:29.674,1.04442,1.04445,1.00,1.87
2016.10.12 15:49:29.726,1.04442,1.04444,1.00,1.00
2016.10.12 15:49:31.228,1.04442,1.04445,1.00,2.62
2016.10.12 15:49:31.982,1.04442,1.04445,1.00,3.00
2016.10.12 15:49:34.899,1.04442,1.04445,1.00,2.25
2016.10.12 15:49:36.794,1.04442,1.04445,1.00,3.00
2016.10.12 15:49:38.000,1.04442,1.04445,1.00,2.25
2016.10.12 15:49:38.614,1.04442,1.04444,1.00,1.50
2016.10.12 15:49:38.928,1.04442,1.04445,1.00,2.25
2016.10.12 15:49:39.031,1.04442,1.04444,1.00,1.50
2016.10.12 15:49:39.133,1.04442,1.04445,1.00,2.25
2016.10.12 15:49:39.630,1.04442,1.04444,1.00,1.50
2016.10.12 15:49:39.935,1.04442,1.04445,1.00,2.25
2016.10.12 15:49:40.868,1.04442,1.04445,1.00,1.75
2016.10.12 15:49:40.920,1.04442,1.04446,1.00,4.69
2016.10.12 15:49:40.971,1.04442,1.04446,1.00,4.31
2016.10.12 15:49:41.125,1.04442,1.04446,1.00,5.29
2016.10.12 15:49:41.576,1.04442,1.04445,1.00,2.25
2016.10.12 15:49:41.627,1.04442,1.04445,1.00,3.00
2016.10.12 15:49:41.678,1.04442,1.04444,1.00,1.00
2016.10.12 15:49:41.729,1.04442,1.04444,1.00,1.50
2016.10.12 15:49:41.831,1.04442,1.04444,1.00,1.00
2016.10.12 15:49:41.882,1.04442,1.04446,1.00,4.16
2016.10.12 15:49:41.933,1.04442,1.04446,1.00,4.91
2016.10.12 15:49:42.691,1.04442,1.04446,1.00,3.97
2016.10.12 15:49:43.572,1.04442,1.04446,1.00,4.72
2016.10.12 15:49:43.625,1.04442,1.04445,1.00,1.00
2016.10.12 15:49:43.677,1.04442,1.04445,1.00,1.12
2016.10.12 15:49:43.923,1.04442,1.04445,1.50,1.00
2016.10.12 15:49:44.435,1.04444,1.04446,1.00,3.00
2016.10.12 15:49:44.486,1.04446,1.04448,2.50,9.19
2016.10.12 15:49:44.538,1.04446,1.04447,3.37,4.12
2016.10.12 15:49:44.589,1.04448,1.04449,2.25,1.87
2016.10.12 15:49:44.640,1.04449,1.0445,1.00,1.12
2016.10.12 15:49:44.691,1.04449,1.04452,1.00,3.56
2016.10.12 15:49:44.742,1.04448,1.0445,1.87,1.00
2016.10.12 15:49:44.793,1.0445,1.04452,1.00,1.25
2016.10.12 15:49:44.844,1.04451,1.04453,3.75,3.94
2016.10.12 15:49:45.336,1.04455,1.04457,2.62,10.68
2016.10.12 15:49:45.436,1.04456,1.04458,6.07,1.50
2016.10.12 15:49:45.488,1.04459,1.0446,1.00,1.00
2016.10.12 15:49:45.539,1.04458,1.04462,1.12,5.25
2016.10.12 15:49:45.590,1.04458,1.04461,2.62,1.12
2016.10.12 15:49:45.641,1.04458,1.04461,1.50,1.25
2016.10.12 15:49:45.693,1.04458,1.0446,1.87,1.50
2016.10.12 15:49:46.018,1.04459,1.04463,1.50,7.20
2016.10.12 15:49:46.120,1.04459,1.04463,1.50,8.70
2016.10.12 15:49:46.172,1.04459,1.04463,1.50,9.45
2016.10.12 15:49:46.223,1.04459,1.04463,1.50,7.57
2016.10.12 15:49:46.325,1.04459,1.04463,1.50,7.35
2016.10.12 15:49:46.376,1.0446,1.04463,1.00,5.85
2016.10.12 15:49:46.428,1.0446,1.04463,1.00,5.44
2016.10.12 15:49:46.479,1.0446,1.04463,1.50,4.69
2016.10.12 15:49:46.530,1.0446,1.04463,1.50,4.50
2016.10.12 15:49:46.582,1.0446,1.04462,1.50,1.87
2016.10.12 15:49:47.083,1.04463,1.04467,1.50,3.75
2016.10.12 15:49:47.135,1.04464,1.04467,1.00,8.96
2016.10.12 15:49:47.186,1.04464,1.04467,1.00,10.12
2016.10.12 15:49:47.237,1.04464,1.04467,1.00,8.47
2016.10.12 15:49:47.289,1.04463,1.04467,1.50,8.10
2016.10.12 15:49:47.340,1.04463,1.04467,1.50,9.22
2016.10.12 15:49:47.392,1.04464,1.04467,1.00,8.66
2016.10.12 15:49:47.443,1.04464,1.04467,1.00,7.31
2016.10.12 15:49:47.540,1.04464,1.04467,1.50,7.31
2016.10.12 15:49:47.592,1.04464,1.04466,1.50,1.25
2016.10.12 15:49:47.878,1.04465,1.04466,1.69,1.00
2016.10.12 15:49:47.960,1.04467,1.04468,1.00,1.00
2016.10.12 15:49:48.012,1.04465,1.04469,1.69,5.25
2016.10.12 15:49:48.114,1.04465,1.04469,1.25,6.22
2016.10.12 15:49:48.166,1.04465,1.04469,1.69,5.10
2016.10.12 15:49:48.218,1.04465,1.04469,1.25,8.66
2016.10.12 15:49:48.270,1.04465,1.04469,1.25,7.91
2016.10.12 15:49:48.321,1.04465,1.04469,1.69,7.91
2016.10.12 15:49:48.596,1.04464,1.04469,1.69,8.66
2016.10.12 15:49:49.061,1.04465,1.04467,1.69,1.50
2016.10.12 15:49:49.572,1.04465,1.04467,1.25,1.50
2016.10.12 15:49:49.623,1.04465,1.04466,1.00,1.12
2016.10.12 15:49:49.838,1.04464,1.04465,1.50,1.00
2016.10.12 15:49:51.095,1.04464,1.04466,1.50,1.12
2016.10.12 15:49:52.060,1.04464,1.04467,1.50,3.00
2016.10.12 15:49:52.111,1.04464,1.04467,1.50,2.25
2016.10.12 15:49:52.316,1.04464,1.04467,1.50,1.50
2016.10.12 15:49:52.418,1.04462,1.04467,5.81,2.25
2016.10.12 15:49:52.927,1.04462,1.04466,5.44,1.87
2016.10.12 15:49:52.978,1.04461,1.04466,6.19,1.87
2016.10.12 15:49:53.030,1.04462,1.04464,1.00,1.00
2016.10.12 15:49:53.132,1.04463,1.04464,1.00,1.25
2016.10.12 15:49:53.235,1.04463,1.04464,1.00,1.31
2016.10.12 15:49:53.338,1.0446,1.04464,4.12,1.31
2016.10.12 15:49:53.440,1.0446,1.04464,3.37,1.31
2016.10.12 15:49:53.649,1.0446,1.04464,4.12,1.31
2016.10.12 15:49:53.752,1.0446,1.04464,3.00,1.31
2016.10.12 15:49:53.855,1.04462,1.04464,1.50,1.62
2016.10.12 15:49:54.626,1.04463,1.04465,1.69,1.37
2016.10.12 15:49:54.933,1.04463,1.04466,1.69,1.87
2016.10.12 15:49:55.344,1.04463,1.04466,1.69,1.12
2016.10.12 15:49:55.810,1.04463,1.04466,1.69,1.31
2016.10.12 15:49:55.914,1.04463,1.04464,1.69,1.00
2016.10.12 15:49:56.392,1.04463,1.04467,1.25,5.59
2016.10.12 15:49:56.494,1.04463,1.04467,1.31,5.21
2016.10.12 15:49:56.546,1.04463,1.04467,1.31,4.46
2016.10.12 15:49:57.022,1.04463,1.04467,1.31,4.31
2016.10.12 15:49:57.124,1.04463,1.04467,1.31,4.16
2016.10.12 15:49:57.226,1.04463,1.04467,1.31,3.79
2016.10.12 15:49:57.379,1.04462,1.04465,3.56,1.00
2016.10.12 15:49:57.431,1.04462,1.04465,1.87,2.47
2016.10.12 15:49:57.533,1.04461,1.04465,1.50,2.47
2016.10.12 15:49:57.585,1.04461,1.04465,1.00,2.47
2016.10.12 15:49:57.947,1.04461,1.04465,1.00,3.22
2016.10.12 15:49:57.998,1.04461,1.04465,1.00,3.22
2016.10.12 15:49:58.457,1.04461,1.04465,1.12,3.22
2016.10.12 15:49:58.610,1.04461,1.04465,1.12,3.97
2016.10.12 15:49:59.319,1.04461,1.04464,1.12,1.12
2016.10.12 15:49:59.574,1.04462,1.04464,1.00,1.12
2016.10.12 15:49:59.625,1.04462,1.04465,1.87,1.00
2016.10.12 15:49:59.676,1.04462,1.04465,2.25,1.00
2016.10.12 15:49:59.727,1.04463,1.04465,2.44,1.00
2016.10.12 15:49:59.829,1.04463,1.04465,1.19,1.00
2016.10.12 15:50:00.647,1.04463,1.04466,1.19,1.25
2016.10.12 15:50:00.951,1.04462,1.04466,4.31,1.25
2016.10.12 15:50:01.206,1.04463,1.04466,1.19,1.25
2016.10.12 15:50:01.257,1.04463,1.04466,1.25,1.62
2016.10.12 15:50:01.309,1.04463,1.04466,1.25,2.06
2016.10.12 15:50:01.360,1.04462,1.04466,4.31,2.06
2016.10.12 15:50:01.411,1.04462,1.04466,2.81,2.06
2016.10.12 15:50:01.701,1.04462,1.04466,2.81,3.19
2016.10.12 15:50:01.753,1.04462,1.04465,2.06,2.10
2016.10.12 15:50:01.906,1.04462,1.04465,1.31,2.10
2016.10.12 15:50:02.008,1.04462,1.04465,1.31,2.47
2016.10.12 15:50:02.213,1.04462,1.04465,1.31,3.97
2016.10.12 15:50:02.316,1.04462,1.04465,1.31,4.72
2016.10.12 15:50:02.844,1.04462,1.04464,1.31,1.87
2016.10.12 15:50:03.099,1.04462,1.04465,1.31,4.72
2016.10.12 15:50:03.253,1.04462,1.04465,1.31,4.50
2016.10.12 15:50:03.356,1.04462,1.04465,1.31,3.75
2016.10.12 15:50:03.763,1.04462,1.04465,1.31,4.12
2016.10.12 15:50:03.814,1.04462,1.04465,1.31,4.31
2016.10.12 15:50:03.917,1.04462,1.04465,2.06,5.06
2016.10.12 15:50:04.175,1.04461,1.04465,1.12,7.69
2016.10.12 15:50:04.226,1.0446,1.04463,1.12,1.50
2016.10.12 15:50:04.430,1.0446,1.04463,1.12,1.37
2016.10.12 15:50:05.244,1.0446,1.04464,1.12,4.72
2016.10.12 15:50:05.516,1.0446,1.04464,1.12,4.35
2016.10.12 15:50:05.720,1.0446,1.04464,1.12,4.12
2016.10.12 15:50:05.771,1.04459,1.04463,2.06,1.37
2016.10.12 15:50:05.924,1.04459,1.04463,2.06,2.62
2016.10.12 15:50:06.027,1.04459,1.04463,2.81,2.62
2016.10.12 15:50:06.301,1.04459,1.04463,3.56,2.62
2016.10.12 15:50:06.404,1.04459,1.04463,2.81,2.62
2016.10.12 15:50:06.456,1.04459,1.04462,2.81,1.12
2016.10.12 15:50:06.610,1.04459,1.04462,2.06,1.12
2016.10.12 15:50:07.279,1.04458,1.04462,9.86,1.12
2016.10.12 15:50:07.893,1.04458,1.04462,9.86,1.00
2016.10.12 15:50:09.847,1.04461,1.04463,1.19,3.75
2016.10.12 15:50:09.898,1.04462,1.04463,1.31,1.50
2016.10.12 15:50:09.950,1.04462,1.04465,4.69,3.00
2016.10.12 15:50:10.002,1.04462,1.04465,6.94,1.50
2016.10.12 15:50:10.053,1.04462,1.04465,3.94,1.00
2016.10.12 15:50:10.383,1.04462,1.04465,1.25,1.00
2016.10.12 15:50:10.536,1.04461,1.04464,1.12,1.00
2016.10.12 15:50:10.588,1.04461,1.04465,3.75,1.00
2016.10.12 15:50:10.690,1.04461,1.04465,3.75,1.12
2016.10.12 15:50:11.042,1.04461,1.04465,3.75,2.62
2016.10.12 15:50:11.144,1.04461,1.04465,3.75,1.12
2016.10.12 15:50:11.195,1.04461,1.04465,3.94,1.12
2016.10.12 15:50:11.601,1.04461,1.04464,3.19,1.00
2016.10.12 15:50:11.703,1.04461,1.04465,3.94,1.50
2016.10.12 15:50:11.906,1.04461,1.04465,3.56,1.50
2016.10.12 15:50:12.059,1.04462,1.04465,1.00,3.00
2016.10.12 15:50:12.110,1.04462,1.04465,1.00,2.62
2016.10.12 15:50:12.311,1.04462,1.04465,1.00,1.12
2016.10.12 15:50:12.413,1.04461,1.04464,3.94,1.00
2016.10.12 15:50:12.464,1.04461,1.04464,1.31,1.25
2016.10.12 15:50:12.544,1.04461,1.04464,1.12,1.12
2016.10.12 15:50:12.800,1.04461,1.04465,1.12,3.97
2016.10.12 15:50:13.001,1.04461,1.04465,1.12,3.60
2016.10.12 15:50:13.072,1.04461,1.04465,1.31,2.62
2016.10.12 15:50:13.430,1.04461,1.04465,1.31,2.85
2016.10.12 15:50:14.086,1.04461,1.04465,3.94,2.62
2016.10.12 15:50:14.394,1.04461,1.04465,4.69,2.62
2016.10.12 15:50:14.659,1.04461,1.04465,4.31,2.62
2016.10.12 15:50:14.762,1.04461,1.04465,4.31,2.81
2016.10.12 15:50:14.813,1.04461,1.04465,3.56,2.81
2016.10.12 15:50:14.864,1.04461,1.04465,4.31,2.62
2016.10.12 15:50:15.055,1.04462,1.04465,1.25,2.62
2016.10.12 15:50:15.127,1.04462,1.04465,1.50,1.37
2016.10.12 15:50:15.204,1.04462,1.04465,1.00,1.37
2016.10.12 15:50:16.497,1.04462,1.04465,1.00,1.50
2016.10.12 15:50:16.817,1.04462,1.04465,1.00,1.00
2016.10.12 15:50:16.869,1.04462,1.04465,4.12,1.00
2016.10.12 15:50:16.921,1.04462,1.04465,5.44,1.00
2016.10.12 15:50:17.175,1.04462,1.04465,6.19,1.00
2016.10.12 15:50:18.093,1.04462,1.04465,5.44,1.00
2016.10.12 15:50:18.448,1.04462,1.04465,5.81,1.00
2016.10.12 15:50:19.959,1.04462,1.04465,6.56,1.00
2016.10.12 15:50:21.360,1.04462,1.04465,5.81,1.00
2016.10.12 15:50:21.411,1.04462,1.04465,4.69,1.00
2016.10.12 15:50:21.996,1.04462,1.04465,1.87,3.41
2016.10.12 15:50:22.048,1.04461,1.04465,3.94,3.37
2016.10.12 15:50:22.100,1.04461,1.04465,2.44,3.37
2016.10.12 15:50:22.151,1.04461,1.04465,2.44,3.60
2016.10.12 15:50:22.203,1.04461,1.04465,1.31,3.60
2016.10.12 15:50:22.254,1.04461,1.04465,1.25,3.60
2016.10.12 15:50:22.865,1.04461,1.04465,1.25,3.60
2016.10.12 15:50:23.257,1.04461,1.04465,1.25,3.37
2016.10.12 15:50:23.308,1.0446,1.04465,5.81,4.72
2016.10.12 15:50:23.359,1.0446,1.04464,5.81,1.87
2016.10.12 15:50:23.411,1.04461,1.04464,1.00,1.87
2016.10.12 15:50:23.462,1.04461,1.04464,1.00,2.25
2016.10.12 15:50:25.351,1.04461,1.04464,1.25,2.25
2016.10.12 15:50:25.453,1.04461,1.04464,1.25,1.50
2016.10.12 15:50:26.179,1.04462,1.04464,1.50,1.00
2016.10.12 15:50:26.231,1.04462,1.04464,1.69,1.00
2016.10.12 15:50:26.282,1.04462,1.04464,1.25,1.00
2016.10.12 15:50:26.333,1.04462,1.04465,1.25,1.50
2016.10.12 15:50:26.589,1.04462,1.04465,1.00,1.00
2016.10.12 15:50:26.945,1.04462,1.04465,1.00,1.50
2016.10.12 15:50:27.762,1.04462,1.04465,1.00,1.87
2016.10.12 15:50:27.814,1.04462,1.04465,1.87,1.87
2016.10.12 15:50:29.827,1.04462,1.04465,1.00,1.87
2016.10.12 15:50:30.340,1.04462,1.04465,1.00,1.12
2016.10.12 15:50:30.850,1.04463,1.04465,1.00,1.12
2016.10.12 15:50:31.997,1.04463,1.04465,1.00,1.87
2016.10.12 15:50:34.173,1.04463,1.04465,1.00,1.12
2016.10.12 15:50:34.377,1.04463,1.04465,1.00,1.31
2016.10.12 15:50:35.140,1.04463,1.04465,1.00,1.25
2016.10.12 15:50:35.402,1.04463,1.04465,1.00,1.00
2016.10.12 15:50:36.535,1.04463,1.04465,1.00,1.50
2016.10.12 15:50:38.065,1.04463,1.04466,1.00,2.25
2016.10.12 15:50:38.601,1.04463,1.04465,1.00,1.12
2016.10.12 15:50:38.652,1.04461,1.04462,6.97,1.00
2016.10.12 15:50:38.703,1.04461,1.04462,3.37,1.00
2016.10.12 15:50:38.756,1.0446,1.04462,3.19,1.31
2016.10.12 15:50:38.807,1.04459,1.04462,4.31,1.31
2016.10.12 15:50:38.910,1.04459,1.04462,3.56,1.31
2016.10.12 15:50:38.961,1.04459,1.04462,2.44,1.19
2016.10.12 15:50:39.207,1.04463,1.04464,1.00,1.00
2016.10.12 15:50:39.323,1.04463,1.04465,1.25,1.00
2016.10.12 15:50:39.374,1.04462,1.04463,1.12,1.00
2016.10.12 15:50:39.425,1.04462,1.04464,1.00,2.25
2016.10.12 15:50:39.477,1.04461,1.04462,1.00,1.12
2016.10.12 15:50:39.528,1.0446,1.04462,5.25,1.00
2016.10.12 15:50:39.580,1.0446,1.04462,1.12,1.00
2016.10.12 15:50:39.806,1.04459,1.04463,7.31,4.13
2016.10.12 15:50:39.857,1.04459,1.04463,6.19,4.50
2016.10.12 15:50:39.961,1.04459,1.04463,6.19,3.75
2016.10.12 15:50:40.115,1.04459,1.04463,4.69,3.75
2016.10.12 15:50:40.680,1.04459,1.04463,2.44,3.75
2016.10.12 15:50:40.937,1.04459,1.04462,2.44,1.00
2016.10.12 15:50:41.842,1.04459,1.04462,2.81,1.00
2016.10.12 15:50:42.949,1.04459,1.04463,2.81,3.38
2016.10.12 15:50:43.051,1.0446,1.04463,1.00,1.88
2016.10.12 15:50:44.188,1.0446,1.04463,2.06,2.25
2016.10.12 15:50:44.443,1.0446,1.04463,2.06,1.50
2016.10.12 15:50:44.495,1.04461,1.04463,1.00,3.00
2016.10.12 15:50:44.599,1.04461,1.04464,1.50,1.00
2016.10.12 15:50:44.864,1.04462,1.04465,1.50,3.75
2016.10.12 15:50:44.917,1.04462,1.04465,1.50,3.00
2016.10.12 15:50:45.020,1.04462,1.04465,1.50,1.00
2016.10.12 15:50:45.329,1.04462,1.04465,1.50,1.25
2016.10.12 15:50:46.022,1.04462,1.04465,1.00,1.72
2016.10.12 15:50:46.074,1.04462,1.04464,1.00,1.12
2016.10.12 15:50:46.179,1.0446,1.04464,5.06,1.12
2016.10.12 15:50:46.231,1.04461,1.04465,1.12,2.85
2016.10.12 15:50:46.283,1.04461,1.04465,1.87,2.10
2016.10.12 15:50:46.335,1.04461,1.04465,1.87,1.87
2016.10.12 15:50:46.387,1.04462,1.04465,1.00,1.87
2016.10.12 15:50:47.562,1.04462,1.04465,1.00,2.62
2016.10.12 15:50:47.658,1.0446,1.04464,4.69,1.00
2016.10.12 15:50:47.710,1.0446,1.04464,5.06,1.00
2016.10.12 15:50:47.981,1.0446,1.04464,5.81,1.12
2016.10.12 15:50:48.976,1.0446,1.04464,5.06,1.12
2016.10.12 15:50:49.757,1.0446,1.04464,4.69,1.12
2016.10.12 15:50:49.809,1.0446,1.04464,3.19,1.12
2016.10.12 15:50:50.857,1.0446,1.04464,3.94,1.12
2016.10.12 15:50:50.951,1.0446,1.04464,4.31,1.12
2016.10.12 15:50:51.002,1.0446,1.04464,5.81,1.12
2016.10.12 15:50:51.257,1.0446,1.04464,6.56,1.12
2016.10.12 15:50:51.830,1.0446,1.04464,5.81,1.12
2016.10.12 15:50:53.052,1.04461,1.04464,1.31,1.12
2016.10.12 15:50:53.104,1.04461,1.04464,1.12,1.12
2016.10.12 15:50:53.308,1.04461,1.04464,1.31,1.12
2016.10.12 15:50:54.071,1.04461,1.04464,1.12,1.12
2016.10.12 15:50:54.173,1.04462,1.04465,1.00,2.66
2016.10.12 15:50:54.224,1.04461,1.04464,1.31,1.12
2016.10.12 15:50:55.075,1.04461,1.04464,1.12,1.12
2016.10.12 15:50:55.279,1.0446,1.04463,1.69,1.00
2016.10.12 15:50:55.331,1.0446,1.04463,2.44,1.00
2016.10.12 15:50:55.841,1.0446,1.04463,3.19,1.00
2016.10.12 15:50:56.172,1.04461,1.04464,1.31,1.12
2016.10.12 15:50:56.834,1.04462,1.04465,1.00,2.44
2016.10.12 15:50:56.885,1.04462,1.04466,1.50,4.12
2016.10.12 15:50:56.936,1.04462,1.04466,2.25,6.79
2016.10.12 15:50:56.988,1.04462,1.04466,2.25,7.16
2016.10.12 15:50:57.040,1.04462,1.04466,2.25,6.41
2016.10.12 15:50:57.091,1.04462,1.04466,1.00,5.66
2016.10.12 15:50:57.661,1.04461,1.04465,1.25,1.37
2016.10.12 15:50:57.837,1.04461,1.04465,1.69,1.37
2016.10.12 15:50:58.246,1.04461,1.04465,1.25,1.37
2016.10.12 15:50:58.349,1.04461,1.04465,1.25,1.50
2016.10.12 15:50:58.400,1.04461,1.04465,1.31,1.50
2016.10.12 15:50:58.841,1.04461,1.04465,2.06,1.50
2016.10.12 15:50:58.943,1.04461,1.04465,1.31,1.50
2016.10.12 15:51:00.346,1.04461,1.04465,1.25,1.50
2016.10.12 15:51:00.867,1.04461,1.04465,1.69,1.50
2016.10.12 15:51:01.680,1.04461,1.04465,2.44,1.50
2016.10.12 15:51:01.885,1.04461,1.04465,3.19,1.50
2016.10.12 15:51:02.299,1.04461,1.04465,2.44,1.50
2016.10.12 15:51:03.279,1.04461,1.04465,1.69,1.50
2016.10.12 15:51:03.381,1.04461,1.04465,1.25,1.50
2016.10.12 15:51:03.790,1.04461,1.04465,1.25,1.69
2016.10.12 15:51:03.970,1.04461,1.04465,1.25,1.50
2016.10.12 15:51:04.520,1.04461,1.04465,1.69,1.54
2016.10.12 15:51:04.571,1.04463,1.04466,1.00,3.75
2016.10.12 15:51:04.622,1.04463,1.04466,1.00,1.87
2016.10.12 15:51:04.674,1.04463,1.04466,1.00,1.50
2016.10.12 15:51:04.725,1.04463,1.04466,1.00,1.87
2016.10.12 15:51:04.776,1.04462,1.04466,1.12,1.72
2016.10.12 15:51:04.828,1.04462,1.04465,1.00,1.00
2016.10.12 15:51:05.283,1.04462,1.04465,3.75,1.00
2016.10.12 15:51:05.368,1.04462,1.04466,3.75,1.50
2016.10.12 15:51:05.675,1.04462,1.04465,3.75,1.12
2016.10.12 15:51:05.981,1.04461,1.04464,3.56,1.00
2016.10.12 15:51:06.032,1.04461,1.04464,2.81,1.00
2016.10.12 15:51:06.253,1.04461,1.04464,2.06,1.00
2016.10.12 15:51:06.304,1.04461,1.04464,1.25,1.12
2016.10.12 15:51:06.766,1.0446,1.04464,5.81,1.12
2016.10.12 15:51:07.779,1.04462,1.04464,1.50,1.12
2016.10.12 15:51:07.831,1.04462,1.04464,1.50,1.00
2016.10.12 15:51:10.633,1.04462,1.04465,2.25,1.25
2016.10.12 15:51:11.486,1.04462,1.04466,5.81,1.50
2016.10.12 15:51:11.745,1.04462,1.04465,5.06,1.00
2016.10.12 15:51:12.101,1.04462,1.04465,3.56,1.00
2016.10.12 15:51:12.204,1.04462,1.04465,4.31,1.00
2016.10.12 15:51:12.495,1.04462,1.04465,3.56,1.00
2016.10.12 15:51:13.052,1.04462,1.04465,4.31,1.00
2016.10.12 15:51:13.154,1.04462,1.04465,7.31,1.00
2016.10.12 15:51:13.205,1.04464,1.04465,1.50,1.00
2016.10.12 15:51:13.617,1.04463,1.04465,3.94,1.00
2016.10.12 15:51:13.669,1.04463,1.04465,3.19,1.00
2016.10.12 15:51:13.772,1.04463,1.04465,2.44,1.00
2016.10.12 15:51:13.824,1.04463,1.04465,1.69,1.00
2016.10.12 15:51:14.528,1.04462,1.04465,3.94,1.00
2016.10.12 15:51:14.580,1.04462,1.04466,3.94,1.00
2016.10.12 15:51:15.067,1.04462,1.04466,6.56,1.50
2016.10.12 15:51:15.119,1.04462,1.04466,6.94,1.50
2016.10.12 15:51:15.425,1.04463,1.04466,1.31,1.50
2016.10.12 15:51:15.476,1.04463,1.04466,1.31,1.00
2016.10.12 15:51:17.307,1.04463,1.04466,1.87,1.00
2016.10.12 15:51:17.511,1.04463,1.04467,1.87,3.37
2016.10.12 15:51:17.664,1.04463,1.04467,1.87,2.62
2016.10.12 15:51:18.390,1.04463,1.04467,6.19,3.37
2016.10.12 15:51:18.441,1.04464,1.04467,2.44,2.62
2016.10.12 15:51:18.493,1.04464,1.04467,2.44,1.87
2016.10.12 15:51:18.545,1.04464,1.04467,2.44,1.12
2016.10.12 15:51:18.597,1.04463,1.04466,1.19,1.00
2016.10.12 15:51:18.648,1.04464,1.04467,1.00,3.37
2016.10.12 15:51:18.853,1.04464,1.04467,1.00,4.12
2016.10.12 15:51:19.336,1.04464,1.04467,1.50,4.12
2016.10.12 15:51:19.388,1.04464,1.04467,2.25,4.12
2016.10.12 15:51:19.440,1.04464,1.04467,2.25,3.37
2016.10.12 15:51:19.491,1.04464,1.04467,3.19,3.37
2016.10.12 15:51:19.594,1.04465,1.04467,1.12,1.87
2016.10.12 15:51:19.799,1.04465,1.04467,1.12,1.50
2016.10.12 15:51:19.850,1.04464,1.04467,3.56,1.50
2016.10.12 15:51:20.346,1.04465,1.04467,1.00,1.50
2016.10.12 15:51:20.443,1.04465,1.04468,2.25,1.50
2016.10.12 15:51:20.596,1.04465,1.04468,1.50,3.00
2016.10.12 15:51:20.648,1.04465,1.04468,1.50,3.75
2016.10.12 15:51:20.700,1.04465,1.04468,1.00,4.12
2016.10.12 15:51:20.804,1.04465,1.04467,2.25,1.12
2016.10.12 15:51:20.957,1.04465,1.04467,3.00,1.12
2016.10.12 15:51:21.888,1.04465,1.04467,1.87,1.12
2016.10.12 15:51:22.692,1.04465,1.04468,1.87,4.50
2016.10.12 15:51:22.743,1.04465,1.04468,1.87,3.75
2016.10.12 15:51:22.794,1.04465,1.04468,1.87,3.37
2016.10.12 15:51:22.896,1.04465,1.04467,1.87,1.12
2016.10.12 15:51:23.350,1.04465,1.04467,2.25,1.12
2016.10.12 15:51:23.502,1.04465,1.04467,1.87,1.12
2016.10.12 15:51:24.222,1.04464,1.04466,1.87,1.00
2016.10.12 15:51:24.324,1.04464,1.04466,1.52,1.00
2016.10.12 15:51:24.426,1.04464,1.04467,1.52,1.87
2016.10.12 15:51:24.732,1.04464,1.04467,2.27,1.12
2016.10.12 15:51:25.590,1.04465,1.04467,1.12,1.12
2016.10.12 15:51:25.692,1.04465,1.04467,1.87,1.12
2016.10.12 15:51:25.794,1.04466,1.04468,2.49,3.00
2016.10.12 15:51:25.845,1.04468,1.04469,1.50,2.25
2016.10.12 15:51:25.896,1.04468,1.0447,1.89,4.50
2016.10.12 15:51:26.126,1.04469,1.0447,1.02,1.00
2016.10.12 15:51:26.177,1.04469,1.04472,1.02,2.25
2016.10.12 15:51:26.331,1.04469,1.04472,1.00,2.25
2016.10.12 15:51:26.588,1.04469,1.04472,1.50,3.00
2016.10.12 15:51:27.123,1.04469,1.04472,1.50,4.50
2016.10.12 15:51:27.176,1.04469,1.04472,1.50,3.75
2016.10.12 15:51:27.330,1.04469,1.04472,1.50,3.00
2016.10.12 15:51:27.958,1.04469,1.04472,1.50,1.50
2016.10.12 15:51:28.009,1.0447,1.04473,1.00,3.37
2016.10.12 15:51:28.111,1.0447,1.04473,1.00,3.37
2016.10.12 15:51:28.214,1.0447,1.04473,1.00,3.37
2016.10.12 15:51:28.569,1.0447,1.04472,1.00,2.25
2016.10.12 15:51:29.185,1.04471,1.04473,1.50,1.87
2016.10.12 15:51:29.237,1.04472,1.04474,1.50,1.37
2016.10.12 15:51:29.288,1.04474,1.04475,1.00,2.25
2016.10.12 15:51:29.340,1.04475,1.04476,1.00,1.12
2016.10.12 15:51:29.391,1.04475,1.04477,1.00,1.72
2016.10.12 15:51:29.442,1.04474,1.04477,2.45,1.72
2016.10.12 15:51:29.494,1.04476,1.04477,1.00,2.10
2016.10.12 15:51:29.545,1.04476,1.04477,1.00,2.85
2016.10.12 15:51:29.596,1.04473,1.04477,3.19,3.41
2016.10.12 15:51:29.647,1.04473,1.04477,3.00,3.41
2016.10.12 15:51:29.698,1.04473,1.04476,3.00,1.94
2016.10.12 15:51:29.749,1.04473,1.04476,2.25,1.94
2016.10.12 15:51:29.953,1.04474,1.04476,1.00,1.69
2016.10.12 15:51:30.198,1.04474,1.04477,1.00,4.16
2016.10.12 15:51:30.607,1.04474,1.04477,1.50,3.41
2016.10.12 15:51:31.361,1.04476,1.04478,1.00,1.50
2016.10.12 15:51:31.413,1.04476,1.04478,1.50,2.25
2016.10.12 15:51:31.516,1.04476,1.04478,1.50,3.00
2016.10.12 15:51:31.618,1.04474,1.04475,1.87,1.00
2016.10.12 15:51:31.670,1.04473,1.04474,1.25,1.50
2016.10.12 15:51:31.722,1.04471,1.04474,1.87,3.00
2016.10.12 15:51:31.773,1.0447,1.04474,3.20,3.00
2016.10.12 15:51:31.825,1.0447,1.04472,3.95,1.37
2016.10.12 15:51:31.927,1.04471,1.04472,1.50,1.00
2016.10.12 15:51:32.326,1.04471,1.04472,1.00,1.00
2016.10.12 15:51:32.379,1.0447,1.04471,1.33,1.00
2016.10.12 15:51:32.431,1.0447,1.04472,2.33,1.12
2016.10.12 15:51:32.534,1.04471,1.04472,1.00,1.00
2016.10.12 15:51:32.585,1.0447,1.04474,1.33,2.25
2016.10.12 15:51:32.638,1.0447,1.04475,1.33,4.12
2016.10.12 15:51:32.689,1.04472,1.04473,1.50,1.00
2016.10.12 15:51:32.741,1.04472,1.04473,1.52,1.00
2016.10.12 15:51:32.794,1.04473,1.04474,1.00,1.12
2016.10.12 15:51:33.322,1.04472,1.04474,1.02,1.00
2016.10.12 15:51:33.373,1.04472,1.04474,1.02,1.87
2016.10.12 15:51:33.833,1.04472,1.04474,1.00,1.87
2016.10.12 15:51:33.935,1.04471,1.04474,1.89,3.11
2016.10.12 15:51:34.201,1.04471,1.04473,1.12,1.87
2016.10.12 15:51:34.253,1.0447,1.04473,1.25,1.19
2016.10.12 15:51:34.559,1.0447,1.04473,1.25,2.44
2016.10.12 15:51:34.611,1.04469,1.04473,2.45,2.44
2016.10.12 15:51:34.999,1.04469,1.04472,1.52,2.44
2016.10.12 15:51:35.101,1.04469,1.04472,1.89,2.44
2016.10.12 15:51:35.305,1.04469,1.04472,1.52,2.44
2016.10.12 15:51:35.725,1.04468,1.0447,1.70,1.00
2016.10.12 15:51:35.781,1.04468,1.0447,1.52,1.50
2016.10.12 15:51:35.833,1.04468,1.0447,1.02,2.70
2016.10.12 15:51:35.884,1.04468,1.0447,1.02,2.70
2016.10.12 15:51:36.082,1.04469,1.0447,1.14,2.70
2016.10.12 15:51:36.133,1.0447,1.04473,1.70,3.37
2016.10.12 15:51:36.184,1.0447,1.04473,1.70,2.62
2016.10.12 15:51:36.338,1.0447,1.04472,1.27,1.50
2016.10.12 15:51:36.389,1.0447,1.04472,1.27,3.00
2016.10.12 15:51:36.440,1.04469,1.04472,1.14,3.75
2016.10.12 15:51:36.491,1.04469,1.04472,1.14,4.12
2016.10.12 15:51:36.542,1.04468,1.0447,1.14,3.00
2016.10.12 15:51:36.593,1.04467,1.0447,5.27,4.12
2016.10.12 15:51:36.645,1.04467,1.0447,4.14,5.70
2016.10.12 15:51:36.747,1.04467,1.0447,1.02,5.70
2016.10.12 15:51:37.018,1.04466,1.0447,3.02,5.77
2016.10.12 15:51:37.837,1.04466,1.0447,3.02,6.15
2016.10.12 15:51:38.242,1.04466,1.0447,3.77,6.15
2016.10.12 15:51:38.445,1.04466,1.0447,3.77,5.40
2016.10.12 15:51:38.547,1.04466,1.0447,3.77,5.40
2016.10.12 15:51:38.954,1.04466,1.04469,3.02,1.50
2016.10.12 15:51:39.006,1.04466,1.04469,2.27,3.75
2016.10.12 15:51:39.057,1.04466,1.04468,1.87,1.87
2016.10.12 15:51:39.109,1.04465,1.04468,2.25,1.87
2016.10.12 15:51:39.592,1.04465,1.04468,1.50,1.87
2016.10.12 15:51:39.661,1.04466,1.04468,1.00,1.87
2016.10.12 15:51:39.764,1.04466,1.04469,1.00,7.50
2016.10.12 15:51:39.815,1.04466,1.04469,1.50,5.25
2016.10.12 15:51:39.866,1.04466,1.04469,1.00,5.25
2016.10.12 15:51:39.918,1.04464,1.04466,6.24,1.00
2016.10.12 15:51:39.969,1.04464,1.04466,6.61,1.00
2016.10.12 15:51:40.020,1.04464,1.04466,5.86,1.00
2016.10.12 15:51:40.485,1.04464,1.04466,5.11,1.12
2016.10.12 15:51:40.570,1.04464,1.04466,5.86,1.12
2016.10.12 15:51:40.621,1.04464,1.04466,5.11,1.12
2016.10.12 15:51:40.674,1.04464,1.04466,3.61,1.12
2016.10.12 15:51:40.776,1.04464,1.04467,3.61,1.50
2016.10.12 15:51:40.827,1.04464,1.04467,2.86,1.50
2016.10.12 15:51:41.437,1.04465,1.04468,1.00,4.12
2016.10.12 15:51:41.898,1.04464,1.04467,2.86,1.50
2016.10.12 15:51:42.104,1.04464,1.04468,3.61,4.12
2016.10.12 15:51:42.309,1.04464,1.04468,4.36,4.12
2016.10.12 15:51:42.837,1.04465,1.04468,4.17,3.37
2016.10.12 15:51:42.936,1.04465,1.04468,3.42,3.37
2016.10.12 15:51:43.143,1.04464,1.04468,1.25,3.37
2016.10.12 15:51:43.245,1.04465,1.04468,1.00,3.37
2016.10.12 15:51:43.297,1.04465,1.04467,1.00,1.00
2016.10.12 15:51:43.400,1.04465,1.04469,3.56,3.00
2016.10.12 15:51:43.647,1.04465,1.04469,4.31,1.12
2016.10.12 15:51:43.699,1.04467,1.04469,1.00,1.37
2016.10.12 15:51:44.056,1.04466,1.04469,1.00,2.62
2016.10.12 15:51:44.107,1.04465,1.04469,2.81,3.37
2016.10.12 15:51:44.159,1.04465,1.04468,2.06,2.62
2016.10.12 15:51:44.261,1.04466,1.04468,1.00,1.87
2016.10.12 15:51:44.312,1.04465,1.04468,1.31,2.25
2016.10.12 15:51:44.610,1.04465,1.04468,1.31,3.00
2016.10.12 15:51:44.661,1.04465,1.04468,1.31,2.25
2016.10.12 15:51:44.813,1.04465,1.04468,1.31,2.62
2016.10.12 15:51:44.915,1.04465,1.04468,1.31,3.00
2016.10.12 15:51:45.119,1.04465,1.04468,1.31,2.62
2016.10.12 15:51:45.749,1.04465,1.04468,1.31,3.37
2016.10.12 15:51:45.852,1.04465,1.04468,1.31,2.62
2016.10.12 15:51:46.576,1.04465,1.04468,1.31,3.00
2016.10.12 15:51:48.493,1.04466,1.04467,1.00,1.00
2016.10.12 15:51:48.759,1.04465,1.04468,1.12,2.25
2016.10.12 15:51:48.811,1.04465,1.04468,1.12,2.62
2016.10.12 15:51:49.219,1.04465,1.04468,1.12,3.37
2016.10.12 15:51:49.321,1.04465,1.04468,1.16,3.37
2016.10.12 15:51:49.611,1.04464,1.04468,5.47,3.75
2016.10.12 15:51:49.662,1.04464,1.04468,2.47,3.75
2016.10.12 15:51:49.764,1.04464,1.04468,1.72,3.75
2016.10.12 15:51:49.866,1.04465,1.04468,1.16,3.00
2016.10.12 15:51:49.968,1.04465,1.04468,1.16,1.75
2016.10.12 15:51:50.019,1.04464,1.04468,3.97,2.25
2016.10.12 15:51:50.070,1.04464,1.04468,1.72,3.75
2016.10.12 15:51:50.121,1.04464,1.04468,1.72,4.12
2016.10.12 15:51:50.537,1.04464,1.04468,2.47,3.75
2016.10.12 15:51:50.842,1.04465,1.04468,1.16,3.00
2016.10.12 15:51:50.944,1.04465,1.04468,1.16,2.62
2016.10.12 15:51:50.995,1.04465,1.04468,1.16,3.00
2016.10.12 15:51:51.098,1.04465,1.04468,1.16,2.62
2016.10.12 15:51:51.200,1.04465,1.04468,1.91,1.87
2016.10.12 15:51:51.251,1.04464,1.04468,2.47,2.62
2016.10.12 15:51:51.302,1.04464,1.04468,2.47,3.00
2016.10.12 15:51:51.519,1.04464,1.04468,2.47,2.62
2016.10.12 15:51:51.571,1.04465,1.04468,1.16,2.62
2016.10.12 15:51:51.931,1.04466,1.04468,1.03,1.87
2016.10.12 15:51:51.982,1.04466,1.04469,1.03,3.00
2016.10.12 15:51:52.033,1.04465,1.04468,4.34,1.00
2016.10.12 15:51:52.084,1.04465,1.04468,4.34,2.25
2016.10.12 15:51:52.136,1.04464,1.04468,5.84,2.25
2016.10.12 15:51:52.188,1.04464,1.04468,4.72,2.25
2016.10.12 15:51:52.645,1.04464,1.04468,5.47,2.62
2016.10.12 15:51:52.906,1.04464,1.04468,5.47,3.00
2016.10.12 15:51:53.059,1.04464,1.04468,4.72,3.00
2016.10.12 15:51:53.448,1.04464,1.04468,1.28,2.62
2016.10.12 15:51:53.501,1.04464,1.04468,1.72,2.62
2016.10.12 15:51:53.603,1.04464,1.04468,1.72,3.00
2016.10.12 15:51:53.655,1.04464,1.04468,1.28,3.00
2016.10.12 15:51:53.706,1.04464,1.04468,1.28,2.62
2016.10.12 15:51:53.812,1.04464,1.04468,1.72,2.62
2016.10.12 15:51:54.376,1.04464,1.04468,1.72,3.00
2016.10.12 15:51:54.427,1.04464,1.04468,4.72,2.62
2016.10.12 15:51:54.478,1.04464,1.04468,3.97,2.62
2016.10.12 15:51:54.682,1.04464,1.04468,4.72,2.62
2016.10.12 15:51:54.733,1.04465,1.04468,1.04,1.87
2016.10.12 15:51:54.836,1.04465,1.04468,1.04,2.62
2016.10.12 15:51:54.938,1.04465,1.04468,1.00,3.00
2016.10.12 15:51:55.384,1.04464,1.04467,3.61,1.65
2016.10.12 15:51:55.459,1.04464,1.04467,3.61,1.87
2016.10.12 15:51:56.026,1.04464,1.04467,1.25,1.87
2016.10.12 15:51:56.614,1.04464,1.04467,1.25,1.50
2016.10.12 15:51:56.666,1.04464,1.04467,1.25,3.00
2016.10.12 15:51:56.717,1.04464,1.04467,1.25,3.37
2016.10.12 15:51:57.682,1.04464,1.04467,1.25,3.00
2016.10.12 15:51:57.896,1.04464,1.04467,1.25,2.25
2016.10.12 15:51:57.947,1.04464,1.04467,1.25,3.00
2016.10.12 15:51:57.999,1.04464,1.04467,1.25,3.00
2016.10.12 15:51:58.050,1.04464,1.04467,1.25,3.75
2016.10.12 15:51:58.102,1.04463,1.04467,4.36,3.75
2016.10.12 15:51:58.599,1.04463,1.04467,1.00,4.87
2016.10.12 15:51:59.845,1.04462,1.04466,1.00,3.75
2016.10.12 15:51:59.897,1.04462,1.04466,1.00,5.25
2016.10.12 15:51:59.948,1.04462,1.04465,1.00,1.12
2016.10.12 15:52:00.069,1.04461,1.04463,5.52,1.00
2016.10.12 15:52:00.120,1.04461,1.04462,3.27,1.00
2016.10.12 15:52:00.171,1.0446,1.04462,2.81,1.00
2016.10.12 15:52:00.222,1.0446,1.04463,1.19,3.37
2016.10.12 15:52:00.274,1.04459,1.04463,5.81,3.37
2016.10.12 15:52:00.381,1.04459,1.04463,4.31,5.25
2016.10.12 15:52:00.704,1.04459,1.04463,5.06,3.75
2016.10.12 15:52:00.755,1.04461,1.04463,1.25,2.25
2016.10.12 15:52:00.807,1.04461,1.04464,1.25,3.00
2016.10.12 15:52:00.858,1.04461,1.04464,1.69,2.25
2016.10.12 15:52:01.114,1.04461,1.04463,1.25,1.12
2016.10.12 15:52:01.544,1.04464,1.04466,1.42,3.00
2016.10.12 15:52:01.595,1.04467,1.04468,5.44,6.37
2016.10.12 15:52:01.646,1.04467,1.04469,6.82,6.37
2016.10.12 15:52:01.698,1.04469,1.04471,1.00,11.24
2016.10.12 15:52:01.749,1.0447,1.04472,1.19,2.25
2016.10.12 15:52:01.853,1.0447,1.04472,1.19,1.87
2016.10.12 15:52:01.905,1.0447,1.04472,1.31,1.87
2016.10.12 15:52:02.625,1.0447,1.04473,1.31,2.25
2016.10.12 15:52:02.676,1.0447,1.04473,1.31,3.00
2016.10.12 15:52:02.778,1.0447,1.04473,1.31,2.25
2016.10.12 15:52:02.829,1.0447,1.04473,1.31,3.00
2016.10.12 15:52:03.531,1.0447,1.04473,1.31,2.25
2016.10.12 15:52:03.583,1.0447,1.04473,1.31,3.00
2016.10.12 15:52:03.992,1.0447,1.04474,2.44,2.25
2016.10.12 15:52:04.044,1.04471,1.04474,1.62,1.50
2016.10.12 15:52:04.146,1.04472,1.04475,1.00,6.00
2016.10.12 15:52:04.341,1.04472,1.04475,1.00,5.62
2016.10.12 15:52:04.393,1.0447,1.04474,2.06,1.12
2016.10.12 15:52:04.444,1.0447,1.04474,1.31,1.12
2016.10.12 15:52:04.495,1.0447,1.04474,1.31,2.62
2016.10.12 15:52:04.548,1.04473,1.04475,1.00,4.47
2016.10.12 15:52:04.599,1.04473,1.04475,2.06,1.37
2016.10.12 15:52:04.650,1.04473,1.04476,2.44,2.25
2016.10.12 15:52:04.701,1.04473,1.04476,1.31,1.87
2016.10.12 15:52:04.753,1.04473,1.04476,1.31,1.50
2016.10.12 15:52:04.804,1.04472,1.04476,5.44,1.12
2016.10.12 15:52:04.906,1.04472,1.04476,4.69,1.12
2016.10.12 15:52:05.224,1.04472,1.04474,3.94,1.00
2016.10.12 15:52:05.275,1.04471,1.04473,2.06,1.00
2016.10.12 15:52:05.341,1.0447,1.04472,2.81,1.00
2016.10.12 15:52:05.400,1.04469,1.04472,8.89,1.00
2016.10.12 15:52:05.451,1.04469,1.04472,6.56,1.00
2016.10.12 15:52:05.502,1.04469,1.04472,6.19,1.00
2016.10.12 15:52:05.606,1.04469,1.04472,5.81,1.00
2016.10.12 15:52:06.156,1.0447,1.04473,1.19,1.50
2016.10.12 15:52:06.207,1.04471,1.04473,1.25,1.50
2016.10.12 15:52:07.072,1.04471,1.04473,1.25,2.25
2016.10.12 15:52:07.528,1.04471,1.04473,1.25,1.87
2016.10.12 15:52:09.137,1.04469,1.04473,6.64,2.62
2016.10.12 15:52:09.189,1.0447,1.04473,1.19,2.62
2016.10.12 15:52:09.680,1.04471,1.04473,1.25,1.87
2016.10.12 15:52:09.767,1.04471,1.04473,1.69,1.87
2016.10.12 15:52:10.576,1.04471,1.04473,1.69,1.50
2016.10.12 15:52:11.566,1.04471,1.04473,1.69,2.25
2016.10.12 15:52:11.956,1.04471,1.04473,2.81,1.50
2016.10.12 15:52:12.007,1.04471,1.04473,4.31,1.50
2016.10.12 15:52:12.516,1.04471,1.04473,4.31,1.87
2016.10.12 15:52:13.409,1.04472,1.04475,1.50,2.00
2016.10.12 15:52:13.460,1.04472,1.04476,1.50,6.19
2016.10.12 15:52:13.512,1.04473,1.04476,1.00,6.19
2016.10.12 15:52:13.563,1.04473,1.04476,1.00,5.81
2016.10.12 15:52:13.614,1.04473,1.04475,1.00,1.50
2016.10.12 15:52:14.453,1.04473,1.04475,1.00,2.25
2016.10.12 15:52:14.861,1.04473,1.04475,1.00,1.50
2016.10.12 15:52:15.990,1.04473,1.04476,1.00,5.06
2016.10.12 15:52:16.144,1.04473,1.04476,1.50,4.12
2016.10.12 15:52:16.246,1.04473,1.04476,1.50,3.37
2016.10.12 15:52:16.297,1.04473,1.04476,1.50,4.12
2016.10.12 15:52:16.348,1.04473,1.04476,1.50,3.75
2016.10.12 15:52:16.400,1.04473,1.04475,1.00,1.50
2016.10.12 15:52:16.451,1.04473,1.04475,1.00,2.25
2016.10.12 15:52:16.502,1.04472,1.04475,3.00,2.25
2016.10.12 15:52:16.655,1.04472,1.04475,3.75,2.25
2016.10.12 15:52:16.706,1.04472,1.04475,1.12,2.25
2016.10.12 15:52:16.809,1.04472,1.04475,1.87,2.25
2016.10.12 15:52:17.127,1.04472,1.04475,1.87,1.87
2016.10.12 15:52:17.381,1.04473,1.04475,1.00,1.87
2016.10.12 15:52:17.432,1.04474,1.04477,1.50,6.00
2016.10.12 15:52:17.633,1.04474,1.04477,1.00,6.00
2016.10.12 15:52:17.685,1.04472,1.04476,10.77,1.87
2016.10.12 15:52:17.736,1.04472,1.04474,6.83,1.00
2016.10.12 15:52:17.787,1.04472,1.04474,4.50,1.00
2016.10.12 15:52:17.838,1.04471,1.04474,5.52,3.00
2016.10.12 15:52:17.889,1.04472,1.04474,1.00,2.25
2016.10.12 15:52:17.940,1.04472,1.04474,1.00,3.00
2016.10.12 15:52:18.042,1.04472,1.04475,1.00,3.37
2016.10.12 15:52:19.749,1.04472,1.04475,1.00,3.75
2016.10.12 15:52:19.800,1.04471,1.04474,3.56,1.00
2016.10.12 15:52:19.851,1.04471,1.04474,3.56,3.75
2016.10.12 15:52:19.953,1.04471,1.04474,3.56,6.00
2016.10.12 15:52:20.004,1.04471,1.04474,1.25,6.00
2016.10.12 15:52:20.562,1.04471,1.04474,1.25,6.75
2016.10.12 15:52:20.627,1.04471,1.04474,1.25,5.25
2016.10.12 15:52:20.729,1.04471,1.04474,1.25,6.00
2016.10.12 15:52:20.882,1.04471,1.04474,1.25,6.37
2016.10.12 15:52:20.984,1.04471,1.04474,1.25,5.62
2016.10.12 15:52:21.818,1.04471,1.04474,1.25,3.37
2016.10.12 15:52:22.277,1.0447,1.04472,3.19,1.00
2016.10.12 15:52:22.328,1.0447,1.04471,3.00,1.00
2016.10.12 15:52:22.379,1.0447,1.04471,2.62,1.00
2016.10.12 15:52:22.430,1.04468,1.04471,6.19,1.50
2016.10.12 15:52:22.732,1.04468,1.04471,6.19,1.00
2016.10.12 15:52:22.784,1.04468,1.04472,6.19,3.37
2016.10.12 15:52:22.835,1.04468,1.04471,6.19,1.00
2016.10.12 15:52:22.886,1.04468,1.04471,5.44,1.00
2016.10.12 15:52:22.989,1.04468,1.0447,4.69,1.00
2016.10.12 15:52:23.041,1.04468,1.04469,3.19,1.00
2016.10.12 15:52:23.093,1.04468,1.04469,3.00,1.00
2016.10.12 15:52:23.145,1.04467,1.04469,1.87,5.25
2016.10.12 15:52:23.197,1.04467,1.04469,1.12,5.25
2016.10.12 15:52:23.251,1.04466,1.04469,4.87,4.50
2016.10.12 15:52:23.354,1.04466,1.04469,4.87,3.00
2016.10.12 15:52:23.676,1.04466,1.04469,4.12,3.00
2016.10.12 15:52:24.136,1.04466,1.04469,4.12,5.25
2016.10.12 15:52:26.337,1.04466,1.04469,2.62,5.25
2016.10.12 15:52:26.594,1.04466,1.04469,1.91,5.25
2016.10.12 15:52:26.696,1.04466,1.04469,1.91,6.00
2016.10.12 15:52:26.747,1.04466,1.04469,1.91,6.22
2016.10.12 15:52:27.054,1.04466,1.04469,1.91,6.37
2016.10.12 15:52:27.156,1.04466,1.04469,1.91,6.60
2016.10.12 15:52:27.427,1.04466,1.04469,1.91,6.22
2016.10.12 15:52:27.531,1.04466,1.04468,1.91,1.00
2016.10.12 15:52:27.683,1.04466,1.04469,1.91,6.22
2016.10.12 15:52:27.734,1.04466,1.04469,1.91,6.00
2016.10.12 15:52:29.020,1.04466,1.04469,1.53,6.00
2016.10.12 15:52:29.072,1.04465,1.04467,6.97,1.00
2016.10.12 15:52:29.123,1.04465,1.04468,7.34,3.00
2016.10.12 15:52:29.175,1.04465,1.04469,6.59,9.75
2016.10.12 15:52:29.227,1.04465,1.04469,3.97,8.25
2016.10.12 15:52:29.279,1.04465,1.04469,3.97,7.87
2016.10.12 15:52:29.331,1.04465,1.04469,3.97,8.62
2016.10.12 15:52:29.678,1.04465,1.04469,3.61,8.62
2016.10.12 15:52:29.781,1.04465,1.04469,3.61,7.87
2016.10.12 15:52:29.934,1.04465,1.04469,3.61,8.62
2016.10.12 15:52:29.985,1.04466,1.04469,1.00,8.62
2016.10.12 15:52:30.037,1.04466,1.04469,1.00,3.37
2016.10.12 15:52:30.089,1.04466,1.04469,1.00,2.25
2016.10.12 15:52:30.140,1.04466,1.04469,1.50,2.25
2016.10.12 15:52:30.192,1.04466,1.04469,1.50,1.50
2016.10.12 15:52:30.345,1.04466,1.0447,1.50,4.69
2016.10.12 15:52:30.658,1.04466,1.0447,1.04,3.56
2016.10.12 15:52:30.760,1.04466,1.0447,1.04,3.19
2016.10.12 15:52:30.965,1.04466,1.0447,1.04,3.94
2016.10.12 15:52:31.321,1.04466,1.04468,1.04,1.12
2016.10.12 15:52:31.423,1.04466,1.04469,1.04,6.75
2016.10.12 15:52:31.475,1.04466,1.04469,1.04,3.37
2016.10.12 15:52:31.526,1.04466,1.04469,1.04,2.62
2016.10.12 15:52:31.577,1.04466,1.04469,1.04,3.00
2016.10.12 15:52:31.679,1.04466,1.04469,1.00,3.00
2016.10.12 15:52:32.119,1.04466,1.04469,1.00,2.62
2016.10.12 15:52:36.096,1.04465,1.04469,3.37,2.62
2016.10.12 15:52:36.149,1.04465,1.04467,2.62,1.00
2016.10.12 15:52:36.201,1.04465,1.04468,3.37,2.62
2016.10.12 15:52:36.252,1.04465,1.04469,4.12,4.12
2016.10.12 15:52:36.304,1.04465,1.04469,5.36,4.12
2016.10.12 15:52:36.355,1.04465,1.04469,4.61,4.12
2016.10.12 15:52:36.406,1.04465,1.04468,4.61,1.00
2016.10.12 15:52:36.457,1.04465,1.04468,5.36,1.00
2016.10.12 15:52:36.917,1.04465,1.04469,5.36,3.37
2016.10.12 15:52:37.113,1.04465,1.04469,5.36,2.62
2016.10.12 15:52:37.164,1.04466,1.04469,1.50,1.87
2016.10.12 15:52:37.216,1.04468,1.04469,1.00,1.87
2016.10.12 15:52:37.267,1.04468,1.0447,1.00,1.00
2016.10.12 15:52:37.348,1.04467,1.0447,7.24,3.00
2016.10.12 15:52:37.400,1.04467,1.0447,3.37,3.00
2016.10.12 15:52:37.452,1.04467,1.0447,3.37,3.75
2016.10.12 15:52:37.545,1.04467,1.04469,2.62,1.00
2016.10.12 15:52:37.597,1.04467,1.0447,3.37,3.75
2016.10.12 15:52:37.650,1.04467,1.04469,2.62,1.00
2016.10.12 15:52:37.880,1.04466,1.04469,3.75,1.00
2016.10.12 15:52:37.984,1.04466,1.0447,3.75,3.00
2016.10.12 15:52:38.035,1.04467,1.0447,1.00,1.50
2016.10.12 15:52:38.086,1.04468,1.04471,1.00,2.06
2016.10.12 15:52:38.243,1.04468,1.04471,3.37,1.69
2016.10.12 15:52:38.448,1.04468,1.04471,2.62,2.44
2016.10.12 15:52:38.500,1.04468,1.04471,3.37,1.69
2016.10.12 15:52:38.654,1.04468,1.04471,2.62,3.94
2016.10.12 15:52:38.705,1.04468,1.04471,2.62,4.31
2016.10.12 15:52:38.919,1.04468,1.04471,2.62,4.69
2016.10.12 15:52:38.971,1.04467,1.0447,1.87,1.00
2016.10.12 15:52:39.022,1.04467,1.0447,1.00,1.00
2016.10.12 15:52:39.526,1.04467,1.0447,3.75,1.00
2016.10.12 15:52:39.588,1.04467,1.0447,4.50,1.00
2016.10.12 15:52:40.131,1.04469,1.04471,1.00,2.25
2016.10.12 15:52:40.182,1.0447,1.04473,1.99,5.25
2016.10.12 15:52:40.335,1.0447,1.04473,4.61,4.50
2016.10.12 15:52:40.387,1.0447,1.04473,4.61,4.12
2016.10.12 15:52:40.514,1.0447,1.04473,3.86,4.12
2016.10.12 15:52:40.566,1.0447,1.04473,4.61,3.37
2016.10.12 15:52:40.617,1.0447,1.04473,5.36,2.62
2016.10.12 15:52:40.912,1.0447,1.04473,4.61,3.37
2016.10.12 15:52:41.625,1.0447,1.04473,3.37,3.37
2016.10.12 15:52:41.676,1.0447,1.04473,3.37,3.00
2016.10.12 15:52:42.064,1.0447,1.04473,3.37,2.25
2016.10.12 15:52:42.372,1.0447,1.04473,4.12,1.50
2016.10.12 15:52:42.474,1.04471,1.04473,1.00,1.50
2016.10.12 15:52:43.318,1.04471,1.04473,1.50,1.50
2016.10.12 15:52:43.372,1.04472,1.04473,1.00,1.50
2016.10.12 15:52:43.474,1.04472,1.04473,1.50,1.50
2016.10.12 15:52:43.577,1.04473,1.04475,1.00,2.62
2016.10.12 15:52:43.629,1.04473,1.04475,1.00,2.25
2016.10.12 15:52:43.784,1.04473,1.04475,1.00,3.00
2016.10.12 15:52:43.886,1.04473,1.04475,1.00,3.75
2016.10.12 15:52:43.989,1.04472,1.04475,1.50,3.75
2016.10.12 15:52:44.091,1.04472,1.04475,1.50,3.37
2016.10.12 15:52:44.871,1.04472,1.04475,1.87,1.87
2016.10.12 15:52:44.922,1.04472,1.04475,1.87,2.25
2016.10.12 15:52:44.974,1.04472,1.04475,4.12,3.00
2016.10.12 15:52:45.127,1.04472,1.04475,1.50,3.00
2016.10.12 15:52:45.956,1.04472,1.04475,1.00,3.00
2016.10.12 15:52:46.058,1.04472,1.04475,1.50,2.25
2016.10.12 15:52:46.109,1.04473,1.04475,1.00,2.25
2016.10.12 15:52:46.508,1.04472,1.04475,1.00,3.00
2016.10.12 15:52:47.069,1.04472,1.04475,1.00,3.75
2016.10.12 15:52:47.323,1.04472,1.04475,1.50,3.37
2016.10.12 15:52:47.376,1.04472,1.04475,1.50,2.62
2016.10.12 15:52:47.482,1.04471,1.04473,2.25,1.00
2016.10.12 15:52:47.585,1.04471,1.04474,3.00,1.00
2016.10.12 15:52:47.636,1.04471,1.04474,1.50,1.00
2016.10.12 15:52:47.688,1.04472,1.04474,1.00,1.50
2016.10.12 15:52:47.976,1.04472,1.04475,1.00,4.12
2016.10.12 15:52:48.029,1.04472,1.04475,1.00,3.37
2016.10.12 15:52:48.184,1.04472,1.04475,1.00,2.62
2016.10.12 15:52:48.887,1.04472,1.04475,1.00,1.12
2016.10.12 15:52:51.285,1.04472,1.04475,1.00,1.87
2016.10.12 15:52:51.694,1.04472,1.04475,1.00,3.37
2016.10.12 15:52:54.651,1.04472,1.04475,1.00,3.00
2016.10.12 15:52:54.805,1.04471,1.04475,3.49,3.00
2016.10.12 15:52:55.401,1.04471,1.04475,2.74,3.00
2016.10.12 15:52:55.809,1.04472,1.04475,1.00,3.00
2016.10.12 15:52:55.929,1.04472,1.04475,1.24,3.00
2016.10.12 15:52:56.400,1.04472,1.04475,1.24,1.00
2016.10.12 15:52:56.705,1.04472,1.04475,3.03,1.00
2016.10.12 15:52:57.479,1.04472,1.04475,3.11,1.00
2016.10.12 15:52:57.695,1.04472,1.04475,3.03,1.00
2016.10.12 15:52:58.001,1.04472,1.04475,3.78,1.00
2016.10.12 15:52:58.052,1.04472,1.04474,3.03,1.00
2016.10.12 15:52:58.103,1.04471,1.04473,1.87,1.31
2016.10.12 15:52:58.319,1.04468,1.04469,3.00,2.85
2016.10.12 15:52:58.370,1.04466,1.04468,1.50,1.50
2016.10.12 15:52:58.421,1.04466,1.04468,1.50,1.87
2016.10.12 15:52:58.524,1.04465,1.04468,2.62,1.87
2016.10.12 15:52:58.575,1.04465,1.04468,1.87,2.25
2016.10.12 15:52:58.626,1.04465,1.04468,1.50,2.25
2016.10.12 15:52:59.206,1.04465,1.04468,1.50,3.00
2016.10.12 15:52:59.308,1.04465,1.04468,1.50,2.25
2016.10.12 15:52:59.513,1.04465,1.04468,4.53,2.25
2016.10.12 15:52:59.564,1.04465,1.04468,4.53,1.87
2016.10.12 15:53:00.596,1.04466,1.04468,4.53,2.25
2016.10.12 15:53:00.647,1.04466,1.04468,1.00,2.25
2016.10.12 15:53:00.698,1.04466,1.04468,1.00,2.25
2016.10.12 15:53:00.749,1.04465,1.04468,5.28,1.87
2016.10.12 15:53:00.851,1.04465,1.04468,4.53,1.87
2016.10.12 15:53:00.903,1.04465,1.04468,4.53,1.50
2016.10.12 15:53:00.954,1.04465,1.04468,4.53,1.87
2016.10.12 15:53:01.005,1.04465,1.04468,4.53,2.62
2016.10.12 15:53:01.314,1.04465,1.04468,4.53,2.81
2016.10.12 15:53:01.365,1.04465,1.04468,4.53,3.94
2016.10.12 15:53:01.417,1.04465,1.04468,4.53,3.89
2016.10.12 15:53:02.260,1.04465,1.04468,4.53,3.75
2016.10.12 15:53:02.311,1.04465,1.04468,4.53,3.00
2016.10.12 15:53:02.414,1.04465,1.04468,4.53,3.75
2016.10.12 15:53:02.465,1.04465,1.04468,4.53,3.37
2016.10.12 15:53:02.537,1.04465,1.04468,4.53,2.62
2016.10.12 15:53:02.741,1.04465,1.04468,4.53,1.87
2016.10.12 15:53:03.260,1.04466,1.04468,1.00,1.50
2016.10.12 15:53:03.316,1.04465,1.04467,3.78,2.25
2016.10.12 15:53:03.418,1.04465,1.04467,3.78,1.50
2016.10.12 15:53:03.469,1.04464,1.04467,4.53,1.58
2016.10.12 15:53:03.571,1.04465,1.04467,3.78,1.50
2016.10.12 15:53:03.673,1.04465,1.04467,4.53,1.50
2016.10.12 15:53:04.323,1.04465,1.04468,4.53,2.62
2016.10.12 15:53:06.712,1.04465,1.04468,5.25,2.62
2016.10.12 15:53:07.322,1.04465,1.04467,4.50,1.00
2016.10.12 15:53:07.827,1.04465,1.04467,3.75,1.00
2016.10.12 15:53:08.387,1.04465,1.04468,4.50,2.62
2016.10.12 15:53:08.489,1.04465,1.04468,4.50,3.37
2016.10.12 15:53:08.591,1.04465,1.04468,4.50,2.62
2016.10.12 15:53:08.909,1.04465,1.04468,5.25,2.62
2016.10.12 15:53:09.113,1.04465,1.04468,1.00,3.37
2016.10.12 15:53:09.469,1.04464,1.04468,4.53,3.37
2016.10.12 15:53:09.825,1.04464,1.04468,4.17,3.37
2016.10.12 15:53:09.926,1.04464,1.04468,3.42,3.37
2016.10.12 15:53:10.832,1.04464,1.04468,4.17,2.62
2016.10.12 15:53:11.291,1.04464,1.04468,3.42,3.37
2016.10.12 15:53:11.896,1.04464,1.04468,4.17,2.62
2016.10.12 15:53:11.947,1.04464,1.04468,4.92,2.62
2016.10.12 15:53:12.205,1.04464,1.04467,3.42,3.00
2016.10.12 15:53:12.679,1.04464,1.04467,4.17,1.50
2016.10.12 15:53:13.621,1.04465,1.04468,3.42,1.12
2016.10.12 15:53:13.672,1.04465,1.04469,3.42,7.87
2016.10.12 15:53:13.723,1.04465,1.04469,4.92,7.87
2016.10.12 15:53:13.774,1.04465,1.04469,4.92,3.37
2016.10.12 15:53:14.191,1.04465,1.04469,4.17,3.37
2016.10.12 15:53:14.243,1.04465,1.04468,1.00,1.00
2016.10.12 15:53:14.294,1.04465,1.04468,1.00,3.00
2016.10.12 15:53:14.346,1.04464,1.04468,3.80,3.00
2016.10.12 15:53:14.397,1.04464,1.04468,3.80,3.37
2016.10.12 15:53:14.448,1.04463,1.04466,6.80,1.00
2016.10.12 15:53:14.500,1.04462,1.04463,11.30,1.00
2016.10.12 15:53:14.552,1.04462,1.04464,1.25,6.79
2016.10.12 15:53:14.633,1.0446,1.04463,1.12,1.35
2016.10.12 15:53:14.685,1.04459,1.04463,1.37,1.00
2016.10.12 15:53:14.736,1.04459,1.04462,1.50,1.50
2016.10.12 15:53:15.121,1.04459,1.04462,1.00,2.25
2016.10.12 15:53:15.172,1.04458,1.04462,2.25,3.00
2016.10.12 15:53:15.325,1.04458,1.04462,2.25,2.25
2016.10.12 15:53:15.429,1.04459,1.04462,1.00,2.25
2016.10.12 15:53:16.419,1.04459,1.04461,1.00,1.00
2016.10.12 15:53:16.623,1.04459,1.04461,1.00,1.00
2016.10.12 15:53:16.826,1.04458,1.04461,2.25,1.00
2016.10.12 15:53:17.632,1.04458,1.04461,1.50,1.00
2016.10.12 15:53:17.949,1.04459,1.04462,1.00,2.47
2016.10.12 15:53:18.000,1.04459,1.04462,1.00,1.30
2016.10.12 15:53:18.052,1.0446,1.04462,1.50,1.00
2016.10.12 15:53:18.103,1.04462,1.04463,1.00,1.50
2016.10.12 15:53:18.154,1.04463,1.04464,1.00,2.25
2016.10.12 15:53:18.206,1.04463,1.04466,3.00,2.25
2016.10.12 15:53:18.257,1.04463,1.04466,3.00,1.12
2016.10.12 15:53:18.308,1.04463,1.04466,3.75,1.00
2016.10.12 15:53:18.359,1.04463,1.04466,4.50,1.00
2016.10.12 15:53:18.620,1.04463,1.04466,3.75,1.00
2016.10.12 15:53:18.824,1.04463,1.04466,3.00,1.00
2016.10.12 15:53:19.787,1.04463,1.04465,2.25,1.00
2016.10.12 15:53:19.839,1.04463,1.04465,1.50,1.00
2016.10.12 15:53:19.942,1.04462,1.04464,3.19,1.00
2016.10.12 15:53:19.994,1.04462,1.04464,3.00,1.50
2016.10.12 15:53:20.045,1.04462,1.04464,1.87,1.50
2016.10.12 15:53:20.149,1.04461,1.04463,3.00,1.00
2016.10.12 15:53:20.200,1.04461,1.04463,2.25,1.00
2016.10.12 15:53:20.251,1.0446,1.04462,4.12,1.00
2016.10.12 15:53:20.302,1.0446,1.04462,3.60,1.50
2016.10.12 15:53:20.405,1.0446,1.04461,3.00,1.00
2016.10.12 15:53:20.835,1.0446,1.04461,1.00,1.50
2016.10.12 15:53:21.106,1.04459,1.04461,1.31,1.50
2016.10.12 15:53:21.411,1.04459,1.04461,1.25,1.50
2016.10.12 15:53:21.869,1.04459,1.04461,1.31,1.50
2016.10.12 15:53:23.223,1.04459,1.04461,2.06,1.50
2016.10.12 15:53:23.518,1.04459,1.04461,2.81,1.50
2016.10.12 15:53:24.230,1.04459,1.04461,2.44,1.50
2016.10.12 15:53:26.823,1.04459,1.04461,1.69,1.50
2016.10.12 15:53:27.640,1.04459,1.04461,2.06,1.50
2016.10.12 15:53:28.448,1.04459,1.04461,1.31,1.50
2016.10.12 15:53:28.549,1.04459,1.04461,1.25,1.50
2016.10.12 15:53:30.183,1.04459,1.04461,1.31,1.50
2016.10.12 15:53:30.540,1.04459,1.04461,1.12,1.50
2016.10.12 15:53:30.733,1.04459,1.04461,1.00,3.75
2016.10.12 15:53:30.785,1.04458,1.0446,1.00,1.87
2016.10.12 15:53:30.836,1.04458,1.04459,1.00,1.12
2016.10.12 15:53:31.091,1.04458,1.04459,1.00,1.87
2016.10.12 15:53:31.243,1.04458,1.04459,1.00,1.12
2016.10.12 15:53:31.396,1.04458,1.04461,1.12,2.25
2016.10.12 15:53:31.447,1.04459,1.04461,1.00,2.25
2016.10.12 15:53:31.549,1.04459,1.04461,1.12,2.25
2016.10.12 15:53:32.376,1.0446,1.04461,2.62,2.25
2016.10.12 15:53:32.631,1.0446,1.04461,3.37,2.25
2016.10.12 15:53:32.683,1.0446,1.04462,5.12,1.50
2016.10.12 15:53:32.734,1.04463,1.04464,1.00,1.50
2016.10.12 15:53:32.785,1.04463,1.04465,3.75,1.50
2016.10.12 15:53:32.837,1.04464,1.04466,1.00,3.00
2016.10.12 15:53:32.888,1.04464,1.04466,1.00,2.25
2016.10.12 15:53:33.144,1.04464,1.04466,3.37,1.50
2016.10.12 15:53:33.351,1.04464,1.04466,2.62,1.50
2016.10.12 15:53:34.356,1.04464,1.04466,2.62,2.25
2016.10.12 15:53:34.408,1.04464,1.04465,2.62,1.00
2016.10.12 15:53:34.511,1.04464,1.04465,2.62,1.50
2016.10.12 15:53:34.666,1.04462,1.04465,4.12,1.50
2016.10.12 15:53:35.086,1.04462,1.04465,4.87,1.50
2016.10.12 15:53:35.138,1.04463,1.04465,2.62,1.00
2016.10.12 15:53:35.650,1.04464,1.04465,2.62,1.50
2016.10.12 15:53:35.810,1.04464,1.04465,2.62,1.00
2016.10.12 15:53:35.912,1.04464,1.04466,2.62,1.50
2016.10.12 15:53:36.412,1.04461,1.04463,7.58,1.00
2016.10.12 15:53:36.464,1.04462,1.04463,2.62,1.00
2016.10.12 15:53:36.515,1.04462,1.04463,2.62,1.50
2016.10.12 15:53:38.194,1.04462,1.04463,2.62,1.00
2016.10.12 15:53:38.900,1.04461,1.04463,3.00,1.00
2016.10.12 15:53:38.951,1.04461,1.04462,2.62,1.50
2016.10.12 15:53:39.053,1.0446,1.04461,3.00,1.00
2016.10.12 15:53:40.156,1.04461,1.04462,2.25,1.50
2016.10.12 15:53:40.464,1.0446,1.04461,5.25,1.00
2016.10.12 15:53:43.648,1.0446,1.04461,4.89,1.00
2016.10.12 15:53:43.800,1.0446,1.04461,5.64,1.00
2016.10.12 15:53:43.851,1.0446,1.04462,5.64,1.00
2016.10.12 15:53:43.902,1.0446,1.04462,6.39,1.00
2016.10.12 15:53:43.954,1.04461,1.04463,3.39,2.25
2016.10.12 15:53:44.157,1.04462,1.04463,1.00,2.25
2016.10.12 15:53:44.655,1.0446,1.04461,4.50,1.00
2016.10.12 15:53:44.706,1.0446,1.04461,3.00,1.00
2016.10.12 15:53:44.757,1.04459,1.04461,3.37,1.00
2016.10.12 15:53:44.808,1.04459,1.04461,3.37,1.12
2016.10.12 15:53:44.859,1.04459,1.0446,3.75,1.00
2016.10.12 15:53:45.266,1.04459,1.0446,4.50,1.00
2016.10.12 15:53:45.368,1.04459,1.0446,6.00,1.00
2016.10.12 15:53:45.470,1.0446,1.04461,2.62,1.12
2016.10.12 15:53:46.369,1.0446,1.04461,5.62,1.12
2016.10.12 15:53:46.833,1.04463,1.04465,1.00,4.69
2016.10.12 15:53:46.884,1.04464,1.04465,1.00,1.25
2016.10.12 15:53:46.935,1.04464,1.04466,1.00,2.06
2016.10.12 15:53:47.140,1.04464,1.04465,1.00,1.25
2016.10.12 15:53:47.191,1.04463,1.04465,1.50,1.50
2016.10.12 15:53:47.600,1.04463,1.04464,1.50,1.50
2016.10.12 15:53:47.651,1.04463,1.04465,1.50,1.50
2016.10.12 15:53:48.163,1.04464,1.04465,1.00,2.44
2016.10.12 15:53:48.924,1.04464,1.04465,1.00,1.69
2016.10.12 15:53:51.180,1.04463,1.04465,1.50,1.69
2016.10.12 15:53:51.535,1.04463,1.04465,1.50,1.50
2016.10.12 15:53:51.586,1.04463,1.04466,1.50,3.00
2016.10.12 15:53:52.246,1.04464,1.04466,1.00,2.25
2016.10.12 15:53:52.348,1.04464,1.04466,1.00,1.87
2016.10.12 15:53:52.399,1.04464,1.04467,1.00,4.87
2016.10.12 15:53:52.450,1.04464,1.04467,1.00,4.12
2016.10.12 15:53:52.676,1.04466,1.04467,1.00,1.50
2016.10.12 15:53:52.728,1.04466,1.04467,1.50,1.00
2016.10.12 15:53:52.780,1.04466,1.04468,1.00,2.62
2016.10.12 15:53:52.882,1.04466,1.04468,1.00,2.25
2016.10.12 15:53:53.702,1.04466,1.04468,1.00,2.44
2016.10.12 15:53:53.804,1.04465,1.04468,1.50,3.19
2016.10.12 15:53:54.009,1.04465,1.04468,1.50,3.22
2016.10.12 15:53:54.367,1.04465,1.04468,1.50,3.00
2016.10.12 15:54:01.462,1.04465,1.04468,1.14,2.25
2016.10.12 15:54:01.772,1.04465,1.04468,1.14,3.00
2016.10.12 15:54:08.304,1.04465,1.04468,1.14,3.75
2016.10.12 15:54:08.507,1.04465,1.04468,1.14,3.00
2016.10.12 15:54:08.711,1.04465,1.04468,2.25,3.00
2016.10.12 15:54:09.680,1.04465,1.04468,2.25,2.62
2016.10.12 15:54:10.516,1.04465,1.04468,1.14,2.62
2016.10.12 15:54:10.684,1.04465,1.04468,1.52,2.62
2016.10.12 15:54:10.736,1.04465,1.04468,2.27,1.12
2016.10.12 15:54:10.789,1.04465,1.04469,2.27,4.50
2016.10.12 15:54:10.891,1.04466,1.04469,1.00,3.75
2016.10.12 15:54:11.424,1.04466,1.04469,1.00,7.50
2016.10.12 15:54:11.475,1.04466,1.04468,1.00,1.00
2016.10.12 15:54:11.526,1.04466,1.04468,1.00,3.19
2016.10.12 15:54:11.630,1.04466,1.04468,1.00,3.00
2016.10.12 15:54:12.433,1.04466,1.04468,1.00,2.25
2016.10.12 15:54:12.712,1.04465,1.04468,2.27,2.25
2016.10.12 15:54:12.763,1.04465,1.04468,1.89,2.25
2016.10.12 15:54:13.118,1.04465,1.04468,2.25,2.25
2016.10.12 15:54:13.911,1.04465,1.04468,3.00,2.25
2016.10.12 15:54:14.115,1.04465,1.04468,2.25,2.25
2016.10.12 15:54:15.354,1.04465,1.04468,2.25,1.50
2016.10.12 15:54:15.710,1.04465,1.04468,1.50,2.25
2016.10.12 15:54:15.917,1.04465,1.04468,1.00,2.25
2016.10.12 15:54:16.883,1.04465,1.04468,1.00,2.25
2016.10.12 15:54:17.496,1.04465,1.04468,1.50,2.25
2016.10.12 15:54:17.599,1.04466,1.04468,1.50,2.25
2016.10.12 15:54:17.650,1.04466,1.04468,2.25,2.25
2016.10.12 15:54:18.952,1.04466,1.04468,3.00,1.50
2016.10.12 15:54:19.003,1.04466,1.04468,3.75,1.50
2016.10.12 15:54:19.411,1.04467,1.04468,1.00,1.50
2016.10.12 15:54:19.996,1.04466,1.04468,1.50,2.25
2016.10.12 15:54:20.047,1.04465,1.04467,2.62,1.00
2016.10.12 15:54:20.098,1.04465,1.04467,2.25,1.00
2016.10.12 15:54:20.149,1.04465,1.04468,2.25,3.00
2016.10.12 15:54:21.795,1.04465,1.04468,3.00,2.25
2016.10.12 15:54:21.847,1.04465,1.04468,6.75,1.00
2016.10.12 15:54:21.898,1.04469,1.0447,1.50,4.50
2016.10.12 15:54:21.951,1.0447,1.04471,1.50,1.00
2016.10.12 15:54:22.002,1.04471,1.04472,1.50,1.87
2016.10.12 15:54:22.053,1.04472,1.04473,1.00,2.62
2016.10.12 15:54:22.104,1.04472,1.04473,1.00,1.87
2016.10.12 15:54:22.155,1.04472,1.04473,1.00,1.50
2016.10.12 15:54:23.178,1.04472,1.04473,1.50,1.50
2016.10.12 15:54:23.695,1.04475,1.04477,1.00,6.75
2016.10.12 15:54:23.747,1.04475,1.04477,1.00,7.50
2016.10.12 15:54:23.850,1.04474,1.04476,1.00,1.12
2016.10.12 15:54:24.261,1.04474,1.04475,1.00,2.25
2016.10.12 15:54:24.489,1.04473,1.04475,1.87,3.60
2016.10.12 15:54:24.543,1.04472,1.04474,1.00,1.00
2016.10.12 15:54:24.749,1.04472,1.04474,1.00,1.00
2016.10.12 15:54:26.331,1.04472,1.04475,1.00,3.75
2016.10.12 15:54:26.433,1.04472,1.04475,1.00,3.00
2016.10.12 15:54:27.106,1.04472,1.04475,1.00,2.25
2016.10.12 15:54:27.568,1.04473,1.04475,1.00,1.50
2016.10.12 15:54:27.671,1.04473,1.04475,1.50,1.50
2016.10.12 15:54:27.828,1.04473,1.04475,1.00,1.50
2016.10.12 15:54:28.096,1.04472,1.04475,1.87,2.25
2016.10.12 15:54:28.352,1.04472,1.04475,2.62,2.25
2016.10.12 15:54:28.961,1.04473,1.04474,1.00,1.00
2016.10.12 15:54:29.626,1.04474,1.04475,1.00,1.00
2016.10.12 15:54:29.677,1.04474,1.04476,1.50,2.44
2016.10.12 15:54:29.729,1.04474,1.04476,1.50,2.25
2016.10.12 15:54:30.878,1.04474,1.04476,1.50,1.50
2016.10.12 15:54:30.944,1.04474,1.04476,1.00,1.50
2016.10.12 15:54:30.996,1.04475,1.04476,1.00,1.00
2016.10.12 15:54:31.047,1.04474,1.04476,1.00,1.25
2016.10.12 15:54:31.100,1.04474,1.04476,1.00,2.44
2016.10.12 15:54:31.152,1.04474,1.04476,1.00,2.25
2016.10.12 15:54:31.203,1.04474,1.04476,1.00,1.87
2016.10.12 15:54:34.046,1.04474,1.04476,1.50,1.87
2016.10.12 15:54:34.098,1.04474,1.04477,1.50,2.81
2016.10.12 15:54:34.149,1.04475,1.04477,1.00,2.62
2016.10.12 15:54:34.201,1.04475,1.04477,1.50,2.62
2016.10.12 15:54:35.100,1.04475,1.04477,1.50,1.87
2016.10.12 15:54:35.865,1.04475,1.04477,1.50,2.85
2016.10.12 15:54:36.632,1.04475,1.04477,1.50,2.62
2016.10.12 15:54:36.684,1.04475,1.04477,1.50,2.62
2016.10.12 15:54:36.837,1.04475,1.04477,1.50,2.85
2016.10.12 15:54:36.888,1.04475,1.04477,1.50,2.85
2016.10.12 15:54:37.193,1.04475,1.04477,1.50,2.85
2016.10.12 15:54:37.244,1.04475,1.04477,1.50,2.62
2016.10.12 15:54:37.613,1.04475,1.04477,1.50,2.85
2016.10.12 15:54:37.684,1.04475,1.04476,1.50,1.12
2016.10.12 15:54:38.194,1.04474,1.04476,1.00,3.37
2016.10.12 15:54:38.246,1.04472,1.04473,1.31,1.00
2016.10.12 15:54:38.299,1.04471,1.04473,1.69,1.50
2016.10.12 15:54:38.351,1.04471,1.04473,1.31,2.47
2016.10.12 15:54:38.402,1.04471,1.04473,1.25,2.47
2016.10.12 15:54:38.453,1.04471,1.04473,1.69,1.30
2016.10.12 15:54:38.504,1.04471,1.04473,1.69,2.47
2016.10.12 15:54:38.946,1.04471,1.04473,1.25,4.35
2016.10.12 15:54:39.354,1.04471,1.04473,1.25,3.97
2016.10.12 15:54:39.823,1.04471,1.04473,1.25,3.75
2016.10.12 15:54:39.875,1.04471,1.04473,1.25,2.25
2016.10.12 15:54:39.977,1.04471,1.04473,1.25,2.62
2016.10.12 15:54:41.067,1.04471,1.04473,1.25,1.87
2016.10.12 15:54:41.118,1.04471,1.04474,1.25,6.19
2016.10.12 15:54:41.170,1.04471,1.04474,1.25,6.94
2016.10.12 15:54:41.323,1.04471,1.04474,1.25,6.19
2016.10.12 15:54:42.099,1.04471,1.04473,1.25,1.50
2016.10.12 15:54:42.364,1.04471,1.04473,1.25,2.25
2016.10.12 15:54:42.466,1.04471,1.04473,1.25,1.50
2016.10.12 15:54:43.039,1.04471,1.04474,1.25,7.72
2016.10.12 15:54:43.141,1.04471,1.04474,1.25,6.75
2016.10.12 15:54:43.487,1.04471,1.04474,1.25,6.00
2016.10.12 15:54:43.538,1.04471,1.04474,1.25,6.75
2016.10.12 15:54:43.589,1.04471,1.04474,1.69,6.75
2016.10.12 15:54:44.050,1.04471,1.04474,2.44,4.50
2016.10.12 15:54:44.102,1.04472,1.04474,1.12,2.62
2016.10.12 15:54:44.153,1.04471,1.04474,4.69,3.37
2016.10.12 15:54:44.204,1.04472,1.04474,1.00,2.62
2016.10.12 15:54:44.430,1.04472,1.04474,1.00,4.12
2016.10.12 15:54:44.583,1.04472,1.04474,1.00,3.37
2016.10.12 15:54:44.787,1.04472,1.04474,1.00,2.62
2016.10.12 15:54:44.888,1.04471,1.04474,3.00,2.62
2016.10.12 15:54:47.062,1.04471,1.04474,2.25,2.62
2016.10.12 15:54:47.665,1.04471,1.04473,2.25,1.00
2016.10.12 15:54:49.285,1.04471,1.04474,2.32,2.62
2016.10.12 15:54:49.336,1.04471,1.04474,2.25,2.62
2016.10.12 15:54:49.388,1.04471,1.04474,2.25,4.12
2016.10.12 15:54:49.439,1.04471,1.04474,2.25,2.62
2016.10.12 15:54:49.491,1.04471,1.04474,3.00,1.12
2016.10.12 15:54:49.593,1.04472,1.04474,1.00,1.12
2016.10.12 15:54:52.137,1.04472,1.04474,1.00,2.62
2016.10.12 15:54:52.189,1.04472,1.04474,1.00,3.37
2016.10.12 15:54:53.509,1.04471,1.04474,2.25,1.12
2016.10.12 15:54:53.560,1.04471,1.04474,2.25,2.62
2016.10.12 15:54:53.611,1.04471,1.04474,2.25,3.37
2016.10.12 15:54:54.065,1.04471,1.04474,1.50,3.37
2016.10.12 15:54:54.221,1.04471,1.04474,1.50,3.56
2016.10.12 15:54:54.374,1.04471,1.04474,1.50,3.94
2016.10.12 15:54:54.425,1.04471,1.04473,1.50,1.00
2016.10.12 15:54:54.629,1.04471,1.04474,1.50,3.37
2016.10.12 15:54:55.241,1.04471,1.04473,1.00,1.50
2016.10.12 15:54:55.293,1.04471,1.04473,1.00,1.50
2016.10.12 15:54:55.449,1.04471,1.04474,1.00,6.00
2016.10.12 15:54:55.501,1.04471,1.04474,1.00,4.50
2016.10.12 15:54:56.017,1.04471,1.04474,1.00,5.25
2016.10.12 15:54:56.476,1.04471,1.04474,1.00,5.47
2016.10.12 15:54:58.453,1.04474,1.04475,2.25,1.00
2016.10.12 15:54:58.504,1.04475,1.04477,1.00,1.00
2016.10.12 15:54:58.556,1.04475,1.04479,1.12,3.37
2016.10.12 15:54:58.709,1.04474,1.04479,3.75,3.37
2016.10.12 15:54:59.117,1.04475,1.04479,1.00,3.37
2016.10.12 15:54:59.780,1.04475,1.04478,1.00,1.00
2016.10.12 15:54:59.881,1.04475,1.04479,1.00,3.37
2016.10.12 15:54:59.984,1.04475,1.04479,1.00,2.62
2016.10.12 15:55:00.977,1.04475,1.04479,1.50,2.62
2016.10.12 15:55:01.956,1.04475,1.04479,2.25,2.62
2016.10.12 15:55:02.007,1.04475,1.04479,2.25,2.25
2016.10.12 15:55:02.937,1.04475,1.04479,2.25,3.00
2016.10.12 15:55:03.039,1.04476,1.04479,1.00,3.00
2016.10.12 15:55:03.141,1.04476,1.04479,1.00,3.37
2016.10.12 15:55:04.514,1.04476,1.04479,2.62,1.00
2016.10.12 15:55:04.566,1.04477,1.04479,1.00,1.87
2016.10.12 15:55:04.668,1.04476,1.04479,1.87,1.87
2016.10.12 15:55:06.753,1.04476,1.04479,1.87,2.62
2016.10.12 15:55:07.005,1.04476,1.04479,2.62,1.87
2016.10.12 15:55:07.057,1.04477,1.0448,1.50,1.50
2016.10.12 15:55:07.211,1.04477,1.04479,1.50,1.37
2016.10.12 15:55:07.772,1.04477,1.04479,1.50,1.00
2016.10.12 15:55:08.294,1.04477,1.04479,1.00,1.20
2016.10.12 15:55:08.600,1.04477,1.04479,1.00,1.12
2016.10.12 15:55:09.059,1.04477,1.0448,1.00,4.20
2016.10.12 15:55:09.110,1.04477,1.0448,1.00,4.12
2016.10.12 15:55:09.335,1.04477,1.0448,1.00,4.39
2016.10.12 15:55:09.388,1.04476,1.0448,2.25,4.39
2016.10.12 15:55:09.491,1.04476,1.04479,2.25,1.12
2016.10.12 15:55:09.593,1.04476,1.0448,2.25,4.39
2016.10.12 15:55:10.308,1.04476,1.0448,2.25,4.31
2016.10.12 15:55:10.461,1.04476,1.04479,2.25,1.12
2016.10.12 15:55:10.853,1.04476,1.0448,2.25,4.31
2016.10.12 15:55:11.226,1.04476,1.0448,2.25,4.12
2016.10.12 15:55:11.279,1.04476,1.0448,2.25,3.37
2016.10.12 15:55:11.791,1.04476,1.04479,2.25,1.12
2016.10.12 15:55:11.842,1.04476,1.04479,2.25,1.12
2016.10.12 15:55:12.177,1.04476,1.0448,2.25,4.20
2016.10.12 15:55:12.437,1.04476,1.0448,2.25,4.57
2016.10.12 15:55:12.508,1.04476,1.04479,1.50,1.12
2016.10.12 15:55:12.559,1.04476,1.04478,1.50,1.00
2016.10.12 15:55:12.895,1.04476,1.04478,2.25,1.00
2016.10.12 15:55:12.948,1.04476,1.04478,1.50,1.00
2016.10.12 15:55:12.999,1.04477,1.04478,1.00,1.00
2016.10.12 15:55:13.050,1.04476,1.04478,1.50,1.00
2016.10.12 15:55:13.863,1.04476,1.04479,1.50,1.20
2016.10.12 15:55:14.169,1.04476,1.04479,2.25,1.20
2016.10.12 15:55:14.527,1.04476,1.04479,2.25,1.12
2016.10.12 15:55:14.578,1.04476,1.04479,1.87,1.12
2016.10.12 15:55:15.148,1.04476,1.04479,1.87,1.35
2016.10.12 15:55:15.406,1.04476,1.04479,1.87,2.10
2016.10.12 15:55:15.458,1.04476,1.04479,1.87,2.85
2016.10.12 15:55:15.562,1.04476,1.04478,1.87,1.00
2016.10.12 15:55:16.485,1.04476,1.04477,1.87,1.00
2016.10.12 15:55:16.588,1.04476,1.04477,1.12,1.00
2016.10.12 15:55:16.844,1.04475,1.04477,1.87,1.00
2016.10.12 15:55:17.627,1.04475,1.04479,1.87,4.72
2016.10.12 15:55:17.742,1.04475,1.04479,1.87,5.47
2016.10.12 15:55:18.384,1.04475,1.04479,1.87,3.22
2016.10.12 15:55:18.436,1.04475,1.04479,1.50,3.22
2016.10.12 15:55:18.691,1.04475,1.04479,1.50,3.97
2016.10.12 15:55:19.081,1.04475,1.04479,1.50,3.22
2016.10.12 15:55:19.996,1.04475,1.04479,1.50,3.97
2016.10.12 15:55:20.047,1.04475,1.04478,1.00,1.00
2016.10.12 15:55:20.930,1.04475,1.04478,1.50,1.00
2016.10.12 15:55:20.981,1.04476,1.04479,1.00,4.72
2016.10.12 15:55:21.382,1.04475,1.04479,2.25,4.72
2016.10.12 15:55:21.484,1.04477,1.04479,1.00,2.47
2016.10.12 15:55:21.536,1.04478,1.0448,1.00,4.35
2016.10.12 15:55:21.587,1.04478,1.04479,1.00,3.22
2016.10.12 15:55:21.638,1.04478,1.04479,1.50,3.22
2016.10.12 15:55:21.689,1.04478,1.04479,1.50,2.10
2016.10.12 15:55:21.842,1.04478,1.04479,1.50,2.85
2016.10.12 15:55:21.893,1.04477,1.04478,3.00,1.00
2016.10.12 15:55:21.995,1.04476,1.04477,1.00,1.50
2016.10.12 15:55:22.097,1.04474,1.04475,2.62,1.50
2016.10.12 15:55:22.530,1.04474,1.04475,2.62,2.25
2016.10.12 15:55:22.785,1.04474,1.04476,3.37,1.50
2016.10.12 15:55:22.887,1.04474,1.04475,2.25,2.25
2016.10.12 15:55:23.194,1.04474,1.04475,3.75,2.25
2016.10.12 15:55:23.296,1.04474,1.04475,2.25,2.25
2016.10.12 15:55:23.702,1.04474,1.04475,3.75,2.25
2016.10.12 15:55:23.804,1.04474,1.04475,2.25,2.25
2016.10.12 15:55:24.262,1.04474,1.04475,1.87,2.25
2016.10.12 15:55:24.670,1.04475,1.04476,1.00,1.50
2016.10.12 15:55:24.721,1.04478,1.04479,1.50,2.62
2016.10.12 15:55:24.773,1.04475,1.04477,2.06,1.50
2016.10.12 15:55:24.997,1.04478,1.04481,1.19,1.50
2016.10.12 15:55:25.076,1.04478,1.04482,1.50,3.37
2016.10.12 15:55:25.700,1.04478,1.0448,1.00,4.35
2016.10.12 15:55:25.751,1.04475,1.04478,1.87,1.50
2016.10.12 15:55:25.819,1.04475,1.04478,1.00,1.37
2016.10.12 15:55:26.318,1.04475,1.04478,1.50,1.37
2016.10.12 15:55:26.420,1.04475,1.04478,1.00,1.37
2016.10.12 15:55:26.929,1.04474,1.04478,4.91,1.37
2016.10.12 15:55:27.133,1.04474,1.04477,4.91,1.12
2016.10.12 15:55:27.286,1.04474,1.04478,4.91,1.37
2016.10.12 15:55:27.891,1.04474,1.04478,4.87,1.37
2016.10.12 15:55:27.943,1.04475,1.04478,1.00,1.37
2016.10.12 15:55:28.095,1.04475,1.04478,1.00,1.00
2016.10.12 15:55:31.960,1.04474,1.04478,3.41,1.00
2016.10.12 15:55:32.011,1.04474,1.04478,2.66,1.00
2016.10.12 15:55:32.062,1.04474,1.04478,3.41,1.00
2016.10.12 15:55:32.114,1.04474,1.04478,4.87,1.00
2016.10.12 15:55:32.165,1.04474,1.04478,5.62,1.00
2016.10.12 15:55:32.268,1.04475,1.04479,1.12,3.75
2016.10.12 15:55:32.421,1.04475,1.04479,1.12,4.50
2016.10.12 15:55:32.748,1.04474,1.04477,5.62,1.00
2016.10.12 15:55:32.901,1.04474,1.04477,4.87,1.00
2016.10.12 15:55:33.003,1.04474,1.04477,5.62,1.00
2016.10.12 15:55:34.494,1.04474,1.04477,4.87,1.00
2016.10.12 15:55:34.902,1.04475,1.04477,1.12,1.00
2016.10.12 15:55:35.107,1.04474,1.04477,4.87,1.00
2016.10.12 15:55:35.412,1.04475,1.04477,1.12,1.00
2016.10.12 15:55:35.722,1.04475,1.04477,3.75,1.00
2016.10.12 15:55:35.823,1.04475,1.04478,3.37,1.50
2016.10.12 15:55:36.180,1.04475,1.04477,3.37,1.00
2016.10.12 15:55:36.231,1.04475,1.04478,2.62,1.50
2016.10.12 15:55:36.334,1.04475,1.04477,2.62,1.00
2016.10.12 15:55:36.819,1.04475,1.04478,1.12,1.50
2016.10.12 15:55:36.923,1.04474,1.04478,5.62,1.50
2016.10.12 15:55:37.490,1.04478,1.04479,1.00,1.50
2016.10.12 15:55:37.542,1.04478,1.04481,2.25,2.81
2016.10.12 15:55:37.759,1.04478,1.0448,2.25,3.75
2016.10.12 15:55:37.811,1.04477,1.04478,2.25,1.00
2016.10.12 15:55:37.862,1.04474,1.04477,4.87,1.00
2016.10.12 15:55:37.916,1.04474,1.04477,5.62,1.00
2016.10.12 15:55:38.007,1.04475,1.04477,1.87,1.00
2016.10.12 15:55:38.109,1.04475,1.04477,1.12,1.00
2016.10.12 15:55:38.466,1.04475,1.04477,1.72,1.00
2016.10.12 15:55:38.682,1.04475,1.04477,3.22,1.00
2016.10.12 15:55:38.733,1.04475,1.04478,3.37,1.50
2016.10.12 15:55:39.040,1.04475,1.04478,2.62,1.50
2016.10.12 15:55:39.398,1.04475,1.04478,1.87,1.50
2016.10.12 15:55:39.778,1.04476,1.04478,1.00,1.50
2016.10.12 15:55:40.222,1.04476,1.04478,1.00,1.00
2016.10.12 15:55:40.996,1.04476,1.04479,2.85,1.00
2016.10.12 15:55:41.047,1.04476,1.04479,2.25,1.12
2016.10.12 15:55:41.099,1.04476,1.04479,1.37,1.12
2016.10.12 15:55:41.151,1.04476,1.04479,1.00,1.87
2016.10.12 15:55:41.202,1.04476,1.04478,1.00,1.00
2016.10.12 15:55:41.254,1.04476,1.04478,1.00,1.50
2016.10.12 15:55:41.509,1.04475,1.04478,4.50,1.50
2016.10.12 15:55:42.187,1.04475,1.04478,3.75,1.50
2016.10.12 15:55:42.289,1.04475,1.04478,2.25,1.50
2016.10.12 15:55:42.839,1.04475,1.04478,1.12,1.87
2016.10.12 15:55:43.398,1.04475,1.04478,1.12,1.12
2016.10.12 15:55:43.872,1.04475,1.04479,1.87,1.37
2016.10.12 15:55:44.382,1.04475,1.04479,1.87,1.12
2016.10.12 15:55:44.433,1.04475,1.04479,2.62,1.12
2016.10.12 15:55:44.535,1.04475,1.04479,1.87,1.12
2016.10.12 15:55:44.824,1.04475,1.04479,2.62,1.12
2016.10.12 15:55:44.927,1.04475,1.04479,1.87,1.12
2016.10.12 15:55:44.979,1.04476,1.0448,1.00,3.75
2016.10.12 15:55:45.031,1.04476,1.0448,1.50,4.50
2016.10.12 15:55:45.443,1.04476,1.0448,1.50,3.75
2016.10.12 15:55:45.903,1.04476,1.0448,1.00,3.75
2016.10.12 15:55:45.983,1.04476,1.04479,1.00,2.62
2016.10.12 15:55:46.137,1.04476,1.04479,1.00,3.37
2016.10.12 15:55:46.190,1.04476,1.04479,1.00,4.12
2016.10.12 15:55:46.241,1.04476,1.04479,1.00,1.87
2016.10.12 15:55:47.134,1.04476,1.04479,1.00,1.37
2016.10.12 15:55:47.754,1.04477,1.0448,1.50,4.50
2016.10.12 15:55:47.805,1.04478,1.0448,1.00,1.12
2016.10.12 15:55:47.857,1.04478,1.0448,4.12,1.27
2016.10.12 15:55:48.201,1.04478,1.04481,2.25,2.40
2016.10.12 15:55:48.252,1.04479,1.04481,1.00,2.40
2016.10.12 15:55:48.662,1.04479,1.04481,1.00,2.02
2016.10.12 15:55:48.970,1.04479,1.04481,1.00,1.52
2016.10.12 15:55:50.094,1.04478,1.04481,2.25,2.21
2016.10.12 15:55:50.146,1.04478,1.0448,1.00,1.52
2016.10.12 15:55:50.198,1.04476,1.0448,7.12,1.87
2016.10.12 15:55:50.250,1.04476,1.0448,4.50,2.62
2016.10.12 15:55:50.690,1.04476,1.0448,1.12,4.87
2016.10.12 15:55:50.763,1.04476,1.0448,1.12,4.87
2016.10.12 15:55:50.818,1.04476,1.0448,1.87,4.87
2016.10.12 15:55:50.870,1.04476,1.0448,1.87,4.12
2016.10.12 15:55:50.922,1.04476,1.0448,2.62,4.12
2016.10.12 15:55:51.025,1.04476,1.0448,1.12,4.12
2016.10.12 15:55:51.076,1.04476,1.0448,2.62,1.87
2016.10.12 15:55:51.127,1.04476,1.0448,4.12,1.87
2016.10.12 15:55:51.179,1.04476,1.04479,2.62,1.20
2016.10.12 15:55:51.447,1.04476,1.04479,1.12,1.20
2016.10.12 15:55:51.754,1.04476,1.04479,1.12,1.65
2016.10.12 15:55:51.806,1.04476,1.04479,1.12,2.40
2016.10.12 15:55:51.858,1.04476,1.04479,1.12,1.65
2016.10.12 15:55:53.289,1.04476,1.04479,1.12,1.20
2016.10.12 15:55:53.340,1.04476,1.04479,2.62,1.20
2016.10.12 15:55:53.443,1.04476,1.04479,1.87,1.20
2016.10.12 15:55:53.596,1.04476,1.04479,1.87,2.40
2016.10.12 15:55:54.496,1.04476,1.04479,1.87,3.15
2016.10.12 15:55:54.599,1.04476,1.04479,1.87,1.87
2016.10.12 15:55:54.854,1.04476,1.04477,1.12,1.12
2016.10.12 15:55:55.752,1.04477,1.04479,1.00,1.00
2016.10.12 15:55:55.864,1.04476,1.04478,1.12,1.00
2016.10.12 15:55:56.018,1.04475,1.04478,5.14,1.00
2016.10.12 15:55:56.070,1.04475,1.04478,4.76,1.00
2016.10.12 15:55:56.121,1.04475,1.04478,4.50,1.00
2016.10.12 15:55:56.223,1.04475,1.04478,4.69,1.00
2016.10.12 15:55:56.274,1.04476,1.04478,1.12,1.00
2016.10.12 15:55:57.114,1.04476,1.04478,1.87,1.00
2016.10.12 15:55:57.419,1.04476,1.04478,1.95,1.00
2016.10.12 15:55:57.592,1.04476,1.04478,3.45,1.00
2016.10.12 15:55:57.643,1.04477,1.04478,1.00,1.00
2016.10.12 15:55:57.695,1.04477,1.04479,1.00,1.65
2016.10.12 15:55:58.153,1.04477,1.04479,1.50,1.65
2016.10.12 15:55:58.363,1.04477,1.04479,1.00,1.65
2016.10.12 15:55:58.465,1.04477,1.04479,1.50,1.65
2016.10.12 15:55:58.618,1.04477,1.04479,1.00,1.65
2016.10.12 15:55:58.670,1.04477,1.04478,1.00,1.00
2016.10.12 15:55:58.773,1.04476,1.04478,2.47,1.00
2016.10.12 15:55:58.926,1.04477,1.04478,1.00,1.00
2016.10.12 15:56:00.839,1.04476,1.04478,1.87,1.00
2016.10.12 15:56:01.313,1.04476,1.04478,1.12,1.00
2016.10.12 15:56:01.364,1.04475,1.04478,3.37,1.00
2016.10.12 15:56:01.466,1.04476,1.04478,1.12,1.00
2016.10.12 15:56:01.569,1.04475,1.04478,1.87,1.00
2016.10.12 15:56:02.074,1.04475,1.04477,1.87,1.00
2016.10.12 15:56:02.481,1.04475,1.04477,2.62,1.00
2016.10.12 15:56:03.061,1.04476,1.04477,1.12,1.00
2016.10.12 15:56:03.418,1.04476,1.04479,1.72,1.65
2016.10.12 15:56:03.469,1.04478,1.04479,1.00,1.20
2016.10.12 15:56:03.520,1.04478,1.0448,3.00,1.52
2016.10.12 15:56:03.571,1.04478,1.04479,2.25,1.27
2016.10.12 15:56:03.623,1.04477,1.04479,1.87,1.65
2016.10.12 15:56:03.674,1.04477,1.04479,1.12,1.65
2016.10.12 15:56:03.726,1.04476,1.04479,1.50,1.65
2016.10.12 15:56:03.777,1.04475,1.04479,4.12,1.65
2016.10.12 15:56:03.879,1.04475,1.04479,4.87,1.65
2016.10.12 15:56:04.563,1.04475,1.04479,5.29,1.65
2016.10.12 15:56:04.664,1.04476,1.04479,1.12,1.65
2016.10.12 15:56:04.716,1.04477,1.04479,1.00,1.20
2016.10.12 15:56:04.818,1.04476,1.04479,1.87,1.65
2016.10.12 15:56:04.869,1.04476,1.04478,1.87,1.00
2016.10.12 15:56:04.971,1.04477,1.04478,1.00,1.00
2016.10.12 15:56:05.022,1.04476,1.04477,1.87,1.00
2016.10.12 15:56:07.343,1.04476,1.04477,1.87,1.50
2016.10.12 15:56:07.394,1.04476,1.04477,1.12,1.50
2016.10.12 15:56:07.548,1.04475,1.04477,4.12,1.50
2016.10.12 15:56:07.702,1.04475,1.04476,3.37,1.00
2016.10.12 15:56:07.855,1.04475,1.04476,1.87,1.00
2016.10.12 15:56:08.166,1.04475,1.04476,2.62,1.00
2016.10.12 15:56:10.337,1.04475,1.04477,2.62,1.50
2016.10.12 15:56:10.693,1.04476,1.04477,1.12,1.50
2016.10.12 15:56:11.396,1.04475,1.04477,1.87,1.50
2016.10.12 15:56:11.548,1.04477,1.04478,2.25,1.00
2016.10.12 15:56:11.599,1.04477,1.04478,3.00,1.00
2016.10.12 15:56:11.651,1.04477,1.04478,1.50,1.00
2016.10.12 15:56:11.702,1.04477,1.04478,1.87,1.00
2016.10.12 15:56:11.753,1.04478,1.04479,1.00,1.27
2016.10.12 15:56:12.251,1.04475,1.04476,3.37,1.00
2016.10.12 15:56:12.456,1.04475,1.04477,3.37,1.50
2016.10.12 15:56:12.689,1.04475,1.04477,4.12,1.50
2016.10.12 15:56:12.741,1.04475,1.04477,2.62,1.50
2016.10.12 15:56:12.945,1.04475,1.04477,1.87,1.50
2016.10.12 15:56:13.189,1.04476,1.04477,1.00,1.50
2016.10.12 15:56:13.294,1.04476,1.04477,1.00,1.00
2016.10.12 15:56:13.346,1.04476,1.04478,1.00,1.87
2016.10.12 15:56:13.651,1.04476,1.04478,1.00,1.50
2016.10.12 15:56:14.487,1.04477,1.04478,2.32,1.00
2016.10.12 15:56:14.640,1.04478,1.04481,1.00,4.99
2016.10.12 15:56:14.946,1.04478,1.04479,1.00,1.24
2016.10.12 15:56:15.193,1.04474,1.04477,5.62,1.50
2016.10.12 15:56:15.244,1.04474,1.04477,4.12,1.50
2016.10.12 15:56:15.619,1.04474,1.04477,4.87,1.50
2016.10.12 15:56:15.671,1.04475,1.04477,1.12,1.50
2016.10.12 15:56:15.741,1.04475,1.04477,1.12,1.50
2016.10.12 15:56:15.945,1.04475,1.04477,1.12,1.50
2016.10.12 15:56:16.047,1.04475,1.04477,3.45,1.00
2016.10.12 15:56:16.098,1.04476,1.04477,1.00,1.00
2016.10.12 15:56:16.150,1.04476,1.04478,1.00,1.50
2016.10.12 15:56:17.108,1.04476,1.04478,1.50,1.00
2016.10.12 15:56:17.159,1.04477,1.04479,3.19,1.00
2016.10.12 15:56:17.211,1.04477,1.04479,3.94,1.00
2016.10.12 15:56:17.262,1.04478,1.0448,1.00,1.49
2016.10.12 15:56:18.540,1.04478,1.04479,1.00,1.16
2016.10.12 15:56:18.864,1.04476,1.04478,2.62,1.12
2016.10.12 15:56:18.915,1.04475,1.04477,2.62,1.87
2016.10.12 15:56:18.966,1.04475,1.04477,1.12,1.50
2016.10.12 15:56:19.017,1.04474,1.04477,4.12,1.50
2016.10.12 15:56:19.068,1.04474,1.04477,3.37,1.69
2016.10.12 15:56:19.119,1.04474,1.04477,2.62,1.69
2016.10.12 15:56:19.272,1.04474,1.04476,2.62,1.00
2016.10.12 15:56:20.335,1.04474,1.04476,3.60,1.00
2016.10.12 15:56:20.592,1.04474,1.04476,3.94,1.00
2016.10.12 15:56:20.796,1.04474,1.04476,3.60,1.00
2016.10.12 15:56:20.904,1.04474,1.04476,4.35,1.00
2016.10.12 15:56:21.057,1.04474,1.04477,4.35,1.25
2016.10.12 15:56:21.108,1.04475,1.04477,1.12,1.25
2016.10.12 15:56:22.599,1.04475,1.04477,1.54,1.25
2016.10.12 15:56:23.065,1.04475,1.04477,1.12,1.25
2016.10.12 15:56:23.989,1.04475,1.04477,1.31,1.25
2016.10.12 15:56:24.091,1.04475,1.04477,1.35,1.25
2016.10.12 15:56:24.142,1.04476,1.04477,1.00,1.25
2016.10.12 15:56:24.244,1.04475,1.04477,1.35,1.25
2016.10.12 15:56:24.397,1.04475,1.04477,1.31,1.25
2016.10.12 15:56:24.448,1.04475,1.04477,1.31,1.69
2016.10.12 15:56:24.664,1.04475,1.04477,1.12,1.69
2016.10.12 15:56:24.720,1.04474,1.04477,3.37,1.69
2016.10.12 15:56:25.230,1.04475,1.04477,1.12,1.69
2016.10.12 15:56:25.332,1.04474,1.04477,3.37,1.69
2016.10.12 15:56:26.798,1.04475,1.04477,1.12,1.69
2016.10.12 15:56:27.106,1.04478,1.04479,1.00,1.25
2016.10.12 15:56:27.158,1.04479,1.0448,1.25,1.00
2016.10.12 15:56:27.261,1.04478,1.0448,2.25,1.00
2016.10.12 15:56:27.312,1.04478,1.0448,1.50,1.00
2016.10.12 15:56:28.537,1.04478,1.0448,3.00,1.00
2016.10.12 15:56:29.047,1.04478,1.0448,2.25,1.00
2016.10.12 15:56:29.098,1.04479,1.04481,1.00,1.50
2016.10.12 15:56:29.200,1.04478,1.0448,2.47,1.00
2016.10.12 15:56:29.303,1.04478,1.0448,2.25,1.00
2016.10.12 15:56:29.354,1.04478,1.04479,1.50,1.00
2016.10.12 15:56:29.872,1.04478,1.0448,1.50,1.00
2016.10.12 15:56:30.325,1.04478,1.0448,2.25,1.00
2016.10.12 15:56:30.530,1.04478,1.0448,1.50,1.50
2016.10.12 15:56:30.582,1.04478,1.0448,1.50,1.00
2016.10.12 15:56:30.634,1.04478,1.0448,2.25,1.00
2016.10.12 15:56:30.922,1.04478,1.0448,1.50,1.00
2016.10.12 15:56:31.038,1.04478,1.0448,2.25,1.00
2016.10.12 15:56:32.625,1.04478,1.0448,1.50,1.00
2016.10.12 15:56:35.220,1.04478,1.0448,1.50,1.00
2016.10.12 15:56:35.272,1.04478,1.0448,2.25,1.00
2016.10.12 15:56:35.324,1.04478,1.0448,2.25,1.00
2016.10.12 15:56:35.377,1.04478,1.04481,2.25,1.50
2016.10.12 15:56:35.837,1.04478,1.04481,1.50,1.50
2016.10.12 15:56:36.270,1.04478,1.0448,1.50,1.00
2016.10.12 15:56:36.425,1.04478,1.04479,1.50,1.50
2016.10.12 15:56:36.527,1.04477,1.04479,9.79,1.00
2016.10.12 15:56:36.579,1.04478,1.04479,1.30,1.00
2016.10.12 15:56:36.786,1.04477,1.04479,4.31,1.00
2016.10.12 15:56:36.838,1.04475,1.04477,4.31,1.50
2016.10.12 15:56:36.889,1.04475,1.04477,4.12,1.00
2016.10.12 15:56:36.940,1.04475,1.04476,4.12,1.50
2016.10.12 15:56:37.412,1.04474,1.04476,5.25,1.00
2016.10.12 15:56:37.971,1.04474,1.04476,4.50,1.00
2016.10.12 15:56:38.516,1.04474,1.04476,4.12,1.00
2016.10.12 15:56:38.872,1.04476,1.04477,1.12,1.50
2016.10.12 15:56:38.923,1.04474,1.04476,4.12,1.00
2016.10.12 15:56:39.127,1.04476,1.04477,1.12,1.50
2016.10.12 15:56:39.228,1.04475,1.04476,3.00,1.00
2016.10.12 15:56:39.279,1.04475,1.04476,2.62,1.00
2016.10.12 15:56:39.533,1.04475,1.04477,2.87,1.50
2016.10.12 15:56:39.871,1.04474,1.04476,5.25,1.00
2016.10.12 15:56:39.923,1.04474,1.04476,4.50,1.00
2016.10.12 15:56:41.072,1.04474,1.04476,3.75,1.00
2016.10.12 15:56:42.248,1.04476,1.04477,1.00,1.50
2016.10.12 15:56:42.299,1.04475,1.04477,2.62,1.00
2016.10.12 15:56:42.351,1.04475,1.04476,1.87,1.00
2016.10.12 15:56:42.453,1.04475,1.04476,2.62,1.00
2016.10.12 15:56:42.686,1.04475,1.04477,2.87,1.50
2016.10.12 15:56:42.737,1.04475,1.04476,2.62,1.00
2016.10.12 15:56:42.992,1.04475,1.04476,3.37,1.00
2016.10.12 15:56:44.331,1.04476,1.04477,1.00,1.50
2016.10.12 15:56:44.382,1.04475,1.04477,2.87,1.50
2016.10.12 15:56:44.689,1.04475,1.04477,1.00,1.50
2016.10.12 15:56:44.740,1.04476,1.04477,1.50,1.50
2016.10.12 15:56:44.792,1.04476,1.04477,1.00,1.50
2016.10.12 15:56:44.844,1.04475,1.04476,1.87,1.00
2016.10.12 15:56:45.048,1.04476,1.04477,1.00,1.50
2016.10.12 15:56:45.201,1.04475,1.04477,1.00,1.50
2016.10.12 15:56:47.751,1.04475,1.04476,1.12,1.00
2016.10.12 15:56:48.005,1.04475,1.04477,1.12,1.50
2016.10.12 15:56:48.107,1.04475,1.04477,1.00,2.25
2016.10.12 15:56:48.719,1.04475,1.04477,1.00,2.25
2016.10.12 15:56:48.975,1.04474,1.04477,3.00,2.25
2016.10.12 15:56:49.077,1.04474,1.04477,3.75,2.25
2016.10.12 15:56:49.231,1.04474,1.04476,3.75,1.12
2016.10.12 15:56:49.889,1.04474,1.04476,3.75,1.12
2016.10.12 15:56:50.793,1.04474,1.04477,3.75,2.25
2016.10.12 15:56:51.720,1.04474,1.04477,3.37,2.25
2016.10.12 15:56:51.772,1.04474,1.04477,3.75,2.25
2016.10.12 15:56:52.419,1.04474,1.04477,4.50,2.25
2016.10.12 15:56:52.592,1.04474,1.04477,3.75,2.25
2016.10.12 15:56:52.846,1.04474,1.04477,3.37,2.25
2016.10.12 15:56:52.897,1.04474,1.04477,4.12,2.25
2016.10.12 15:56:52.949,1.04474,1.04477,3.75,2.25
2016.10.12 15:56:53.000,1.04474,1.04477,3.37,2.25
2016.10.12 15:56:53.341,1.04474,1.04477,3.75,2.25
2016.10.12 15:56:53.799,1.04474,1.04476,2.25,1.12
2016.10.12 15:56:53.851,1.04474,1.04476,1.87,1.12
2016.10.12 15:56:54.242,1.04474,1.04475,1.87,1.12
2016.10.12 15:56:55.006,1.04474,1.04475,1.87,1.12
2016.10.12 15:56:57.298,1.04474,1.04475,2.62,1.12
2016.10.12 15:56:58.411,1.04474,1.04475,2.62,1.12
2016.10.12 15:56:58.513,1.04474,1.04476,3.00,2.25
2016.10.12 15:57:00.832,1.04474,1.04476,1.50,2.25
2016.10.12 15:57:02.832,1.04473,1.04474,3.00,1.00
2016.10.12 15:57:02.952,1.04474,1.04475,1.12,1.87
2016.10.12 15:57:03.004,1.04474,1.04476,1.12,2.25
2016.10.12 15:57:03.106,1.04473,1.04476,2.62,2.25
2016.10.12 15:57:05.271,1.04473,1.04476,2.62,1.50
2016.10.12 15:57:06.235,1.04473,1.04476,2.62,3.00
2016.10.12 15:57:06.286,1.04473,1.04475,1.50,2.62
2016.10.12 15:57:06.337,1.04472,1.04473,4.87,1.12
2016.10.12 15:57:06.388,1.04472,1.04473,1.12,1.87
2016.10.12 15:57:06.440,1.04471,1.04473,1.00,2.25
2016.10.12 15:57:06.723,1.0447,1.04472,1.50,1.50
2016.10.12 15:57:06.775,1.0447,1.04472,1.00,1.50
2016.10.12 15:57:07.334,1.0447,1.04472,1.00,2.25
2016.10.12 15:57:07.498,1.04469,1.04472,2.25,2.25
2016.10.12 15:57:07.809,1.0447,1.04472,1.00,2.25
2016.10.12 15:57:07.860,1.0447,1.04472,1.00,1.50
2016.10.12 15:57:09.204,1.0447,1.04472,1.00,2.25
2016.10.12 15:57:15.344,1.04469,1.04472,1.87,2.25
2016.10.12 15:57:16.543,1.04469,1.04472,2.62,2.25
2016.10.12 15:57:18.402,1.04469,1.04472,3.00,2.25
2016.10.12 15:57:20.244,1.04469,1.04472,3.75,1.75
2016.10.12 15:57:20.296,1.04473,1.04474,1.00,3.37
2016.10.12 15:57:20.507,1.04474,1.04476,1.80,5.25
2016.10.12 15:57:20.559,1.04476,1.04477,2.18,1.50
2016.10.12 15:57:20.610,1.04475,1.04477,1.00,1.00
2016.10.12 15:57:21.288,1.04476,1.04477,1.00,1.00
2016.10.12 15:57:21.410,1.04476,1.04478,1.00,1.50
2016.10.12 15:57:23.312,1.04477,1.04478,1.00,1.00
2016.10.12 15:57:23.364,1.04478,1.04479,1.00,1.12
2016.10.12 15:57:23.416,1.04478,1.0448,1.00,2.06
2016.10.12 15:57:23.468,1.04478,1.0448,1.00,2.06
2016.10.12 15:57:23.921,1.04478,1.04479,1.00,1.00
2016.10.12 15:57:23.972,1.04478,1.04479,1.00,1.50
2016.10.12 15:57:25.296,1.04477,1.04478,1.00,1.00
2016.10.12 15:57:25.348,1.04476,1.04478,1.00,1.50
2016.10.12 15:57:25.451,1.04475,1.04478,2.25,1.50
2016.10.12 15:57:25.554,1.04475,1.04478,3.00,1.50
2016.10.12 15:57:26.234,1.04475,1.04478,2.25,1.50
2016.10.12 15:57:27.666,1.04475,1.04478,1.00,1.50
2016.10.12 15:57:27.852,1.04474,1.04478,4.87,1.50
2016.10.12 15:57:27.905,1.04474,1.04477,4.12,1.00
2016.10.12 15:57:27.956,1.04474,1.04477,4.12,1.50
2016.10.12 15:57:31.174,1.04474,1.04477,3.37,1.50
2016.10.12 15:57:31.725,1.04474,1.04477,2.62,1.50
2016.10.12 15:57:32.188,1.04474,1.04476,1.87,1.50
2016.10.12 15:57:32.239,1.04472,1.04474,3.75,1.50
2016.10.12 15:57:32.291,1.04472,1.04473,1.50,1.50
2016.10.12 15:57:32.343,1.04471,1.04473,1.87,1.87
2016.10.12 15:57:32.395,1.04471,1.04473,1.00,1.87
2016.10.12 15:57:32.447,1.04471,1.04473,1.00,1.87
2016.10.12 15:57:32.550,1.0447,1.04473,3.37,1.87
2016.10.12 15:57:32.958,1.04471,1.04473,1.00,1.87
2016.10.12 15:57:33.346,1.0447,1.04473,3.37,1.87
2016.10.12 15:57:33.704,1.04471,1.04473,1.50,1.12
2016.10.12 15:57:33.755,1.04472,1.04473,4.87,1.12
2016.10.12 15:57:33.807,1.04474,1.04476,3.00,1.50
2016.10.12 15:57:33.858,1.04475,1.04476,1.00,1.00
2016.10.12 15:57:33.909,1.04475,1.04477,1.00,1.00
2016.10.12 15:57:33.961,1.04475,1.04477,1.00,1.50
2016.10.12 15:57:34.063,1.04475,1.04477,1.00,1.50
2016.10.12 15:57:34.377,1.04474,1.04477,3.37,1.50
2016.10.12 15:57:34.789,1.04474,1.04477,3.60,1.50
2016.10.12 15:57:34.892,1.04474,1.04477,3.60,1.50
2016.10.12 15:57:34.943,1.04474,1.04477,3.60,1.00
2016.10.12 15:57:35.912,1.04474,1.04477,3.45,1.00
2016.10.12 15:57:36.116,1.04474,1.04477,3.60,1.00
2016.10.12 15:57:36.370,1.04474,1.04477,3.60,1.00
2016.10.12 15:57:36.421,1.04474,1.04477,3.37,1.00
2016.10.12 15:57:36.472,1.04474,1.04477,2.62,1.00
2016.10.12 15:57:36.728,1.04475,1.04477,1.00,1.00
2016.10.12 15:57:37.145,1.04475,1.04477,1.50,1.00
2016.10.12 15:57:37.325,1.04475,1.04477,1.50,1.12
2016.10.12 15:57:38.086,1.04476,1.04477,1.00,1.12
2016.10.12 15:57:38.445,1.04475,1.04477,1.00,1.12
2016.10.12 15:57:39.173,1.04476,1.04477,1.00,1.12
2016.10.12 15:57:39.480,1.04476,1.04478,1.00,1.50
2016.10.12 15:57:39.584,1.04476,1.04479,1.00,3.37
2016.10.12 15:57:39.841,1.04475,1.04479,1.50,3.37
2016.10.12 15:57:40.046,1.04476,1.04479,1.00,3.37
2016.10.12 15:57:40.148,1.04475,1.04479,2.47,3.37
2016.10.12 15:57:40.353,1.04476,1.04479,1.00,3.00
2016.10.12 15:57:40.404,1.04476,1.04479,1.50,3.00
2016.10.12 15:57:40.863,1.04475,1.04479,1.50,4.50
2016.10.12 15:57:40.965,1.04475,1.04478,1.50,1.50
2016.10.12 15:57:41.159,1.04475,1.04478,1.50,2.25
2016.10.12 15:57:41.676,1.04475,1.04478,2.25,1.50
2016.10.12 15:57:41.882,1.04476,1.04479,1.00,2.25
2016.10.12 15:57:43.236,1.04475,1.04479,2.25,2.25
2016.10.12 15:57:43.492,1.04476,1.04477,1.00,1.00
2016.10.12 15:57:43.579,1.04475,1.04477,1.50,1.50
2016.10.12 15:57:44.302,1.04475,1.04476,1.50,1.12
2016.10.12 15:57:44.744,1.04475,1.04476,1.00,1.12
2016.10.12 15:57:44.948,1.04474,1.04476,2.62,1.12
2016.10.12 15:57:45.000,1.04474,1.04476,1.12,1.12
2016.10.12 15:57:45.254,1.04474,1.04476,1.87,1.12
2016.10.12 15:57:46.413,1.04474,1.04477,1.87,3.00
2016.10.12 15:57:46.515,1.04474,1.04476,1.87,1.12
2016.10.12 15:57:47.179,1.04475,1.04477,1.00,1.50
2016.10.12 15:57:47.332,1.04476,1.04477,1.00,1.00
2016.10.12 15:57:47.618,1.04479,1.0448,1.00,1.12
2016.10.12 15:57:47.669,1.04479,1.0448,1.00,1.00
2016.10.12 15:57:47.738,1.04479,1.04482,1.00,5.25
2016.10.12 15:57:47.790,1.04479,1.04482,1.00,3.37
2016.10.12 15:57:47.841,1.04479,1.04482,1.00,3.00
2016.10.12 15:57:47.893,1.04478,1.04481,1.00,1.00
2016.10.12 15:57:47.944,1.04478,1.0448,1.00,1.35
2016.10.12 15:57:47.996,1.04476,1.0448,3.75,1.87
2016.10.12 15:57:48.047,1.04476,1.0448,1.12,3.37
2016.10.12 15:57:48.099,1.04476,1.04479,1.12,1.12
2016.10.12 15:57:48.150,1.04476,1.0448,1.12,4.12
2016.10.12 15:57:48.202,1.04476,1.0448,1.12,4.12
2016.10.12 15:57:49.318,1.04476,1.04479,1.12,1.87
2016.10.12 15:57:49.372,1.04475,1.04479,3.00,2.62
2016.10.12 15:57:49.826,1.04475,1.04478,2.25,1.00
2016.10.12 15:57:49.989,1.04475,1.04478,1.50,1.00
2016.10.12 15:57:50.090,1.04475,1.04478,2.25,1.00
2016.10.12 15:57:51.265,1.04475,1.04478,1.50,1.00
2016.10.12 15:57:52.105,1.04476,1.04478,1.12,1.00
2016.10.12 15:57:52.156,1.04475,1.04478,1.50,1.00
2016.10.12 15:57:54.596,1.04478,1.04479,1.00,2.25
2016.10.12 15:57:54.648,1.04478,1.0448,1.50,1.37
2016.10.12 15:57:54.699,1.04478,1.0448,2.25,1.37
2016.10.12 15:57:54.750,1.04478,1.0448,3.00,1.37
2016.10.12 15:57:55.020,1.04478,1.04482,3.00,7.50
2016.10.12 15:57:55.326,1.04478,1.04481,3.00,1.00
2016.10.12 15:57:56.225,1.04478,1.04481,3.00,1.12
2016.10.12 15:57:57.110,1.04478,1.0448,2.25,1.00
2016.10.12 15:57:57.161,1.04477,1.04479,1.87,1.00
2016.10.12 15:57:57.212,1.04476,1.04478,2.62,1.00
2016.10.12 15:57:57.263,1.04476,1.04478,2.25,1.00
2016.10.12 15:57:57.519,1.04476,1.04477,1.87,1.00
2016.10.12 15:57:58.136,1.04475,1.04477,3.00,1.00
2016.10.12 15:57:58.237,1.04475,1.04477,1.50,1.00
2016.10.12 15:57:59.211,1.04476,1.04477,1.12,1.00
2016.10.12 15:57:59.772,1.04476,1.04477,1.00,1.00
2016.10.12 15:58:01.195,1.04475,1.04477,1.12,1.00
2016.10.12 15:58:01.680,1.04477,1.04479,1.00,1.87
2016.10.12 15:58:01.732,1.04478,1.0448,1.00,1.42
2016.10.12 15:58:01.783,1.04478,1.04481,1.00,3.94
2016.10.12 15:58:01.837,1.04478,1.04481,1.50,3.19
2016.10.12 15:58:01.940,1.04478,1.04481,1.50,2.44
2016.10.12 15:58:01.994,1.04478,1.04479,1.00,1.00
2016.10.12 15:58:02.046,1.04476,1.04479,2.62,1.00
2016.10.12 15:58:02.149,1.04476,1.04479,1.12,1.00
2016.10.12 15:58:02.201,1.04475,1.04479,6.00,1.00
2016.10.12 15:58:02.405,1.04475,1.04479,6.00,1.50
2016.10.12 15:58:02.456,1.04475,1.04478,3.37,1.00
2016.10.12 15:58:02.541,1.04475,1.04478,3.00,1.00
2016.10.12 15:58:02.694,1.04476,1.04478,1.00,1.00
2016.10.12 15:58:02.797,1.04475,1.04478,3.00,1.00
2016.10.12 15:58:02.848,1.04475,1.04478,1.50,1.00
2016.10.12 15:58:03.706,1.04475,1.04478,1.00,1.00
2016.10.12 15:58:04.214,1.04475,1.04478,1.50,1.00
2016.10.12 15:58:04.266,1.04475,1.04478,2.62,1.00
2016.10.12 15:58:04.317,1.04476,1.04478,1.00,1.00
2016.10.12 15:58:04.368,1.04475,1.04478,2.62,1.75
2016.10.12 15:58:04.419,1.04476,1.04477,1.00,1.00
2016.10.12 15:58:04.471,1.04476,1.04477,1.00,1.00
2016.10.12 15:58:04.888,1.04475,1.04478,1.87,1.75
2016.10.12 15:58:05.246,1.04475,1.04478,2.62,1.00
2016.10.12 15:58:05.544,1.04475,1.04478,1.87,1.00
2016.10.12 15:58:05.646,1.04477,1.0448,3.37,1.87
2016.10.12 15:58:05.697,1.04478,1.04482,1.00,6.94
2016.10.12 15:58:05.748,1.04479,1.04482,1.00,8.62
2016.10.12 15:58:05.850,1.04479,1.04482,1.00,7.87
2016.10.12 15:58:05.952,1.04479,1.04482,1.00,8.62
2016.10.12 15:58:06.929,1.04479,1.04482,1.00,7.87
2016.10.12 15:58:06.980,1.04479,1.04482,1.00,8.10
2016.10.12 15:58:07.083,1.04479,1.04482,1.00,7.35
2016.10.12 15:58:07.893,1.04479,1.04482,1.00,6.60
2016.10.12 15:58:08.267,1.04478,1.04482,3.00,6.60
2016.10.12 15:58:08.318,1.04478,1.04482,2.25,7.35
2016.10.12 15:58:08.623,1.04478,1.04482,3.00,6.60
2016.10.12 15:58:08.789,1.04478,1.04482,3.00,7.35
2016.10.12 15:58:09.446,1.04479,1.04482,1.00,7.35
2016.10.12 15:58:10.560,1.04478,1.0448,2.25,1.00
2016.10.12 15:58:11.233,1.04478,1.0448,1.50,1.00
2016.10.12 15:58:11.334,1.04478,1.0448,1.50,1.37
2016.10.12 15:58:11.548,1.04478,1.04482,2.50,5.10
2016.10.12 15:58:11.650,1.04478,1.04482,2.50,5.85
2016.10.12 15:58:12.474,1.04478,1.04481,2.50,1.00
2016.10.12 15:58:14.428,1.04478,1.04481,2.50,1.00
2016.10.12 15:58:14.968,1.04478,1.04481,2.25,1.00
2016.10.12 15:58:15.071,1.04479,1.04482,1.00,2.25
2016.10.12 15:58:15.123,1.04479,1.04482,1.00,1.87
2016.10.12 15:58:15.196,1.04479,1.04482,1.00,2.85
2016.10.12 15:58:15.249,1.04478,1.0448,1.50,1.00
2016.10.12 15:58:15.510,1.04479,1.04482,1.00,3.60
2016.10.12 15:58:16.115,1.04478,1.0448,1.50,1.00
2016.10.12 15:58:16.218,1.04479,1.04481,1.00,1.12
2016.10.12 15:58:17.004,1.04479,1.04482,1.00,3.97
2016.10.12 15:58:17.107,1.04479,1.04482,1.00,3.82
2016.10.12 15:58:17.262,1.04478,1.04482,2.25,4.16
2016.10.12 15:58:17.315,1.04478,1.04482,2.25,4.16
2016.10.12 15:58:17.367,1.04478,1.04482,2.25,4.31
2016.10.12 15:58:17.418,1.04478,1.04481,2.25,1.31
2016.10.12 15:58:17.500,1.04478,1.04481,2.25,1.54
2016.10.12 15:58:17.861,1.04478,1.04481,2.25,2.29
2016.10.12 15:58:18.282,1.04478,1.04481,2.25,1.54
2016.10.12 15:58:18.336,1.04479,1.04481,1.00,1.30
2016.10.12 15:58:18.641,1.04478,1.04481,2.25,1.35
2016.10.12 15:58:18.744,1.04478,1.04481,2.25,2.10
2016.10.12 15:58:19.074,1.04479,1.04481,1.00,2.10
2016.10.12 15:58:19.320,1.04478,1.04481,1.50,1.72
2016.10.12 15:58:19.626,1.04478,1.04481,1.00,2.47
2016.10.12 15:58:19.829,1.04478,1.04481,1.50,1.72
2016.10.12 15:58:19.880,1.04478,1.04479,1.00,2.44
2016.10.12 15:58:19.932,1.04477,1.04479,1.00,2.44
2016.10.12 15:58:19.983,1.04476,1.04479,1.00,2.85
2016.10.12 15:58:20.034,1.04475,1.04479,1.87,4.35
2016.10.12 15:58:20.136,1.04475,1.04479,2.62,4.35
2016.10.12 15:58:20.187,1.04475,1.04479,2.62,4.12
2016.10.12 15:58:20.544,1.04475,1.04479,1.87,3.37
2016.10.12 15:58:20.650,1.04475,1.04479,2.62,4.12
2016.10.12 15:58:20.904,1.04475,1.04479,1.87,4.35
2016.10.12 15:58:21.006,1.04475,1.04479,2.62,3.60
2016.10.12 15:58:21.108,1.04475,1.04479,2.62,4.35
2016.10.12 15:58:21.209,1.04475,1.04479,1.87,3.60
2016.10.12 15:58:21.314,1.04475,1.04479,2.62,3.60
2016.10.12 15:58:21.548,1.04475,1.04479,2.25,3.60
2016.10.12 15:58:21.913,1.04475,1.04479,1.50,2.85
2016.10.12 15:58:22.165,1.04475,1.04479,2.25,2.85
2016.10.12 15:58:22.920,1.04475,1.04479,1.50,3.60
2016.10.12 15:58:23.022,1.04475,1.04479,2.25,3.60
2016.10.12 15:58:23.916,1.04475,1.04479,1.50,3.60
2016.10.12 15:58:24.018,1.04475,1.04479,2.25,3.60
2016.10.12 15:58:24.599,1.04475,1.04479,1.12,3.97
2016.10.12 15:58:24.657,1.04475,1.04479,1.87,3.97
2016.10.12 15:58:24.708,1.04475,1.04479,1.87,3.60
2016.10.12 15:58:24.811,1.04475,1.04479,2.62,3.60
2016.10.12 15:58:25.274,1.04475,1.04479,2.62,3.37
2016.10.12 15:58:25.470,1.04475,1.04479,2.62,3.60
2016.10.12 15:58:26.887,1.04475,1.04476,1.87,1.00
2016.10.12 15:58:28.372,1.04475,1.04476,2.62,1.00
2016.10.12 15:58:28.815,1.04475,1.04476,2.62,1.50
2016.10.12 15:58:29.225,1.04475,1.04476,1.87,1.50
2016.10.12 15:58:29.328,1.04475,1.04476,2.62,1.50
2016.10.12 15:58:29.585,1.04475,1.04476,1.87,1.50
2016.10.12 15:58:33.946,1.04475,1.04476,1.12,1.50
2016.10.12 15:58:33.997,1.04475,1.04476,1.87,1.50
2016.10.12 15:58:34.048,1.04475,1.04476,2.62,1.50
2016.10.12 15:58:34.252,1.04475,1.04476,2.62,1.00
2016.10.12 15:58:35.574,1.04475,1.04476,1.87,1.00
2016.10.12 15:58:37.018,1.04475,1.04477,1.87,1.00
2016.10.12 15:58:37.636,1.04475,1.04477,1.37,1.00
2016.10.12 15:58:37.738,1.04475,1.04477,1.87,1.00
2016.10.12 15:58:38.836,1.04475,1.04477,1.37,1.00
2016.10.12 15:58:38.939,1.04475,1.04477,1.87,1.00
2016.10.12 15:58:39.255,1.04475,1.04478,2.87,1.50
2016.10.12 15:58:39.307,1.04476,1.04478,4.91,1.00
2016.10.12 15:58:39.358,1.04478,1.04481,2.62,1.50
2016.10.12 15:58:39.409,1.04478,1.04481,3.74,1.00
2016.10.12 15:58:39.461,1.04478,1.04482,4.37,1.50
2016.10.12 15:58:39.564,1.04478,1.04482,5.12,1.50
2016.10.12 15:58:39.870,1.04478,1.04482,4.37,1.50
2016.10.12 15:58:40.228,1.04478,1.04482,5.12,1.50
2016.10.12 15:58:40.279,1.04478,1.04482,6.62,1.50
2016.10.12 15:58:40.331,1.04478,1.04482,6.25,1.50
2016.10.12 15:58:40.778,1.04478,1.04482,7.00,1.50
2016.10.12 15:58:40.984,1.04478,1.04482,7.12,1.50
2016.10.12 15:58:41.035,1.04478,1.04482,8.62,1.50
2016.10.12 15:58:41.558,1.0448,1.04482,1.50,1.50
2016.10.12 15:58:42.341,1.04481,1.04482,1.00,1.50
2016.10.12 15:58:43.829,1.04481,1.04482,1.00,1.00
2016.10.12 15:58:44.051,1.04481,1.04482,1.00,1.50
2016.10.12 15:58:44.153,1.0448,1.04481,1.00,1.00
2016.10.12 15:58:44.683,1.0448,1.04481,1.00,1.50
2016.10.12 15:58:44.734,1.04478,1.04479,2.25,1.00
2016.10.12 15:58:44.786,1.04476,1.04478,9.00,1.00
2016.10.12 15:58:44.838,1.04475,1.04477,3.37,1.00
2016.10.12 15:58:45.145,1.04475,1.04478,3.37,1.50
2016.10.12 15:58:45.759,1.04475,1.04478,1.87,1.50
2016.10.12 15:58:46.569,1.04475,1.04478,2.62,1.50
2016.10.12 15:58:46.775,1.04475,1.04478,1.37,1.50
2016.10.12 15:58:46.928,1.04475,1.04478,3.37,1.00
2016.10.12 15:58:47.316,1.04475,1.04478,4.12,1.50
2016.10.12 15:58:48.053,1.04476,1.04478,1.12,1.50
2016.10.12 15:58:49.941,1.04477,1.04478,3.00,1.00
2016.10.12 15:58:49.993,1.04477,1.04481,4.50,3.37
2016.10.12 15:58:50.044,1.04477,1.04481,4.50,2.62
2016.10.12 15:58:50.095,1.04477,1.04481,3.75,1.87
2016.10.12 15:58:50.146,1.04477,1.04481,4.12,1.87
2016.10.12 15:58:50.596,1.04477,1.04481,4.87,1.87
2016.10.12 15:58:50.648,1.04477,1.04481,6.37,1.87
2016.10.12 15:58:51.158,1.04477,1.0448,5.62,1.00
2016.10.12 15:58:51.260,1.04477,1.04479,4.12,1.00
2016.10.12 15:58:51.514,1.04477,1.04479,2.87,1.00
2016.10.12 15:58:51.567,1.04476,1.04478,1.50,1.50
2016.10.12 15:58:51.619,1.04475,1.04478,2.62,1.50
2016.10.12 15:58:51.722,1.04475,1.04478,1.87,1.87
2016.10.12 15:58:51.978,1.04475,1.04477,1.87,1.00
2016.10.12 15:58:57.537,1.04475,1.04477,1.87,1.50
2016.10.12 15:58:57.588,1.04475,1.04477,1.87,1.00
2016.10.12 15:59:00.556,1.04475,1.04478,1.87,1.50
2016.10.12 15:59:00.797,1.04476,1.04478,2.62,1.50
2016.10.12 15:59:01.198,1.04476,1.04478,1.12,1.00
2016.10.12 15:59:01.249,1.04476,1.04478,1.00,2.25
2016.10.12 15:59:01.387,1.04476,1.04477,1.00,1.12
2016.10.12 15:59:01.438,1.04474,1.04477,5.25,1.12
2016.10.12 15:59:01.489,1.04474,1.04477,5.24,1.12
2016.10.12 15:59:01.540,1.04474,1.04477,4.49,1.87
2016.10.12 15:59:01.592,1.04474,1.04477,4.49,2.25
2016.10.12 15:59:01.643,1.04474,1.04477,3.74,2.25
2016.10.12 15:59:02.627,1.04474,1.04477,4.49,1.50
2016.10.12 15:59:03.225,1.04475,1.04477,1.12,1.50
2016.10.12 15:59:03.633,1.04475,1.04477,1.12,1.12
2016.10.12 15:59:04.091,1.04474,1.04477,4.50,1.12
2016.10.12 15:59:04.143,1.04474,1.04477,3.75,1.12
2016.10.12 15:59:04.397,1.04475,1.04477,1.12,1.12
2016.10.12 15:59:05.731,1.04475,1.04477,1.12,1.12
2016.10.12 15:59:07.511,1.04475,1.04477,1.12,1.00
2016.10.12 15:59:09.375,1.04475,1.04478,1.12,1.87
2016.10.12 15:59:10.400,1.04476,1.04478,1.00,1.87
2016.10.12 15:59:11.022,1.04476,1.04478,1.00,1.50
2016.10.12 15:59:11.332,1.04475,1.04478,1.12,1.50
2016.10.12 15:59:11.404,1.04476,1.04478,1.00,1.50
2016.10.12 15:59:12.227,1.04475,1.04478,1.12,1.50
2016.10.12 15:59:12.709,1.04476,1.04478,1.00,1.50
2016.10.12 15:59:14.191,1.04475,1.04478,1.12,1.50
2016.10.12 15:59:14.293,1.04476,1.04478,1.00,1.50
2016.10.12 15:59:14.846,1.04477,1.04479,3.62,3.00
2016.10.12 15:59:14.897,1.04478,1.04479,1.00,1.50
2016.10.12 15:59:14.949,1.04478,1.04481,1.50,3.19
2016.10.12 15:59:15.000,1.04478,1.04481,1.00,3.19
2016.10.12 15:59:15.051,1.04478,1.0448,1.00,1.25
2016.10.12 15:59:15.149,1.04478,1.0448,1.50,1.25
2016.10.12 15:59:15.200,1.04478,1.0448,1.00,1.25
2016.10.12 15:59:15.491,1.04478,1.04481,1.00,2.06
2016.10.12 15:59:15.543,1.04478,1.0448,1.00,1.25
2016.10.12 15:59:15.801,1.04478,1.0448,1.50,1.25
2016.10.12 15:59:16.283,1.04474,1.04477,2.25,1.00
2016.10.12 15:59:16.347,1.04475,1.04477,1.12,1.00
2016.10.12 15:59:16.399,1.04474,1.04477,3.00,1.00
2016.10.12 15:59:16.606,1.04475,1.04477,1.12,1.00
2016.10.12 15:59:16.759,1.04475,1.04477,1.87,1.00
2016.10.12 15:59:19.373,1.04475,1.04477,1.12,1.00
2016.10.12 15:59:20.663,1.04475,1.04477,1.12,1.00
2016.10.12 15:59:23.300,1.04475,1.04478,1.12,1.50
2016.10.12 15:59:24.275,1.04476,1.04478,1.00,1.50
2016.10.12 15:59:24.352,1.04475,1.04478,1.12,1.50
2016.10.12 15:59:24.846,1.04476,1.04478,1.00,1.50
2016.10.12 15:59:25.324,1.04476,1.04477,1.00,1.12
2016.10.12 15:59:25.426,1.04474,1.04477,3.00,1.12
2016.10.12 15:59:25.477,1.04474,1.04477,2.25,1.12
2016.10.12 15:59:25.528,1.04475,1.04477,1.12,1.12
2016.10.12 15:59:26.190,1.04475,1.04477,1.12,1.12
2016.10.12 15:59:26.264,1.04476,1.04477,1.00,1.12
2016.10.12 15:59:27.759,1.04478,1.0448,1.50,1.87
2016.10.12 15:59:27.812,1.0448,1.04481,1.00,1.87
2016.10.12 15:59:27.864,1.0448,1.04482,1.00,3.00
2016.10.12 15:59:27.916,1.0448,1.04482,1.50,1.00
2016.10.12 15:59:27.967,1.0448,1.04484,2.62,4.50
2016.10.12 15:59:28.122,1.0448,1.04484,1.87,4.50
2016.10.12 15:59:28.619,1.04479,1.04482,2.62,1.53
2016.10.12 15:59:28.670,1.04479,1.04482,2.25,1.53
2016.10.12 15:59:28.722,1.04479,1.04482,1.50,2.28
2016.10.12 15:59:28.825,1.04479,1.04482,2.25,1.53
2016.10.12 15:59:28.931,1.0448,1.04481,1.12,1.53
2016.10.12 15:59:28.982,1.0448,1.04481,1.12,1.50
2016.10.12 15:59:29.035,1.0448,1.04482,1.12,1.00
2016.10.12 15:59:29.086,1.04479,1.04481,2.25,1.00
2016.10.12 15:59:29.189,1.0448,1.04483,1.12,5.25
2016.10.12 15:59:29.240,1.0448,1.04483,1.12,4.50
2016.10.12 15:59:29.291,1.0448,1.04482,1.12,1.00
2016.10.12 15:59:29.540,1.04479,1.04481,2.25,1.53
2016.10.12 15:59:30.296,1.04479,1.04481,1.50,1.53
2016.10.12 15:59:30.348,1.04479,1.04482,1.00,1.28
2016.10.12 15:59:30.399,1.0448,1.04481,1.12,1.00
2016.10.12 15:59:30.699,1.04478,1.04481,3.37,1.00
2016.10.12 15:59:30.798,1.04478,1.0448,2.62,1.00
2016.10.12 15:59:30.850,1.04478,1.04479,1.87,1.00
2016.10.12 15:59:30.901,1.04478,1.04479,1.12,1.87
2016.10.12 15:59:30.952,1.04475,1.04476,8.25,1.50
2016.10.12 15:59:31.003,1.04474,1.04476,4.12,2.25
2016.10.12 15:59:31.054,1.04473,1.04474,4.87,1.00
2016.10.12 15:59:31.106,1.04473,1.04475,1.50,2.25
2016.10.12 15:59:31.157,1.04474,1.04475,1.00,1.00
2016.10.12 15:59:31.208,1.04474,1.04477,1.00,3.00
2016.10.12 15:59:31.275,1.04474,1.04477,1.00,2.25
2016.10.12 15:59:31.597,1.04474,1.04477,1.50,1.50
2016.10.12 15:59:31.648,1.04474,1.04477,1.00,2.25
2016.10.12 15:59:31.699,1.04474,1.04477,2.50,2.25
2016.10.12 15:59:31.750,1.04474,1.04477,1.50,2.25
2016.10.12 15:59:31.852,1.04474,1.04477,3.00,1.50
2016.10.12 15:59:31.954,1.04474,1.04477,3.25,1.50
2016.10.12 15:59:32.005,1.04474,1.04477,3.00,1.50
2016.10.12 15:59:32.056,1.04474,1.04478,2.25,3.00
2016.10.12 15:59:32.158,1.04474,1.04478,3.00,3.00
2016.10.12 15:59:32.260,1.04474,1.04478,2.25,3.00
2016.10.12 15:59:32.487,1.04474,1.04478,3.00,2.25
2016.10.12 15:59:32.634,1.04474,1.04478,2.25,2.25
2016.10.12 15:59:32.940,1.04474,1.04478,3.00,1.50
2016.10.12 15:59:33.042,1.04474,1.04478,3.00,1.69
2016.10.12 15:59:33.246,1.04474,1.04479,3.00,3.56
2016.10.12 15:59:33.650,1.04474,1.04479,3.00,3.94
2016.10.12 15:59:33.854,1.04475,1.04479,1.87,3.19
2016.10.12 15:59:33.905,1.04475,1.04479,2.99,3.19
2016.10.12 15:59:34.059,1.04475,1.04479,2.99,3.00
2016.10.12 15:59:34.416,1.04475,1.04479,2.99,2.25
2016.10.12 15:59:34.784,1.04475,1.04479,2.99,1.87
2016.10.12 15:59:35.091,1.04475,1.04479,2.99,2.62
2016.10.12 15:59:35.645,1.04477,1.04479,3.37,1.12
2016.10.12 15:59:35.697,1.04477,1.0448,6.22,1.37
2016.10.12 15:59:35.748,1.04478,1.04481,6.56,1.00
2016.10.12 15:59:35.800,1.0448,1.04483,3.00,1.69
2016.10.12 15:59:35.851,1.04481,1.04483,1.12,1.50
2016.10.12 15:59:35.954,1.04482,1.04483,1.12,1.00
2016.10.12 15:59:36.057,1.04481,1.04482,1.50,1.00
2016.10.12 15:59:36.109,1.04481,1.04482,1.00,1.00
2016.10.12 15:59:36.160,1.04481,1.04482,1.00,1.12
2016.10.12 15:59:36.211,1.0448,1.04482,1.12,1.12
2016.10.12 15:59:36.572,1.04479,1.04482,2.25,1.12
2016.10.12 15:59:37.180,1.04479,1.04483,2.25,2.25
2016.10.12 15:59:37.231,1.04479,1.04483,3.00,2.25
2016.10.12 15:59:37.282,1.0448,1.04483,1.12,2.25
2016.10.12 15:59:37.649,1.0448,1.04483,1.00,2.25
2016.10.12 15:59:38.171,1.0448,1.04483,1.00,3.00
2016.10.12 15:59:38.429,1.0448,1.04483,1.00,2.62
2016.10.12 15:59:38.891,1.0448,1.04482,1.00,1.00
2016.10.12 15:59:39.852,1.0448,1.04482,1.50,1.00
2016.10.12 15:59:39.954,1.0448,1.04482,1.50,1.12
2016.10.12 15:59:40.005,1.04481,1.04482,1.00,1.12
2016.10.12 15:59:40.056,1.04481,1.04482,1.00,1.00
2016.10.12 15:59:40.819,1.04481,1.04483,1.00,1.00
2016.10.12 15:59:41.587,1.04482,1.04484,1.00,3.00
2016.10.12 15:59:41.638,1.04481,1.04482,1.00,1.50
2016.10.12 15:59:41.690,1.04479,1.04481,2.62,1.00
2016.10.12 15:59:41.741,1.04479,1.0448,1.50,1.00
2016.10.12 15:59:41.844,1.04479,1.0448,1.00,1.50
2016.10.12 15:59:42.356,1.04479,1.04481,1.00,1.50
2016.10.12 15:59:42.458,1.04479,1.04481,1.00,1.00
2016.10.12 15:59:42.663,1.04479,1.04481,1.00,1.50
2016.10.12 15:59:44.145,1.04479,1.04481,1.00,1.00
2016.10.12 15:59:44.751,1.04479,1.04481,1.00,1.50
2016.10.12 15:59:44.853,1.04479,1.04481,1.00,1.00
2016.10.12 15:59:44.955,1.04479,1.04482,1.00,1.50
2016.10.12 15:59:45.209,1.04479,1.04482,1.50,1.50
2016.10.12 15:59:45.520,1.04479,1.04482,1.50,1.00
2016.10.12 15:59:45.572,1.04479,1.04482,1.00,3.00
2016.10.12 15:59:45.674,1.04479,1.04481,1.00,1.50
2016.10.12 15:59:45.725,1.04478,1.04481,1.12,1.50
2016.10.12 15:59:45.776,1.04478,1.0448,1.12,1.00
2016.10.12 15:59:46.404,1.04478,1.04481,1.12,3.00
2016.10.12 15:59:46.476,1.04478,1.0448,1.00,1.00
2016.10.12 15:59:47.222,1.04478,1.04482,2.25,3.19
2016.10.12 15:59:47.273,1.04478,1.04482,3.00,2.25
2016.10.12 15:59:47.324,1.04479,1.04482,1.00,2.25
2016.10.12 15:59:47.376,1.04479,1.04482,1.00,3.00
2016.10.12 15:59:47.529,1.04481,1.04483,1.00,3.19
2016.10.12 15:59:47.580,1.04481,1.04483,1.00,1.50
2016.10.12 15:59:47.632,1.04481,1.04483,1.50,1.50
2016.10.12 15:59:47.683,1.04481,1.04484,1.00,4.12
2016.10.12 15:59:47.735,1.0448,1.04484,1.50,4.12
2016.10.12 15:59:48.156,1.0448,1.04483,1.00,1.50
2016.10.12 15:59:48.258,1.0448,1.04482,1.00,1.00
2016.10.12 15:59:48.565,1.0448,1.04483,1.00,1.50
2016.10.12 15:59:49.387,1.0448,1.04483,1.00,1.00
2016.10.12 15:59:49.869,1.0448,1.04483,1.00,1.00
2016.10.12 15:59:49.921,1.04479,1.04483,6.00,1.00
2016.10.12 15:59:49.972,1.04479,1.04483,6.00,1.10
2016.10.12 15:59:51.999,1.0448,1.04483,1.00,2.33
2016.10.12 15:59:53.099,1.0448,1.04482,1.00,1.10
2016.10.12 15:59:53.756,1.0448,1.04482,1.00,1.00
2016.10.12 15:59:53.808,1.04479,1.04482,2.62,1.00
2016.10.12 15:59:55.183,1.04479,1.04482,3.37,1.00
2016.10.12 15:59:55.285,1.04479,1.04482,2.62,1.00
2016.10.12 15:59:56.301,1.04479,1.04483,2.62,3.00
2016.10.12 15:59:56.516,1.04479,1.04482,2.62,1.50
2016.10.12 15:59:56.568,1.04479,1.04482,1.12,4.31
2016.10.12 15:59:56.619,1.04479,1.04481,1.00,1.56
2016.10.12 15:59:57.038,1.04479,1.04481,1.00,2.06
2016.10.12 15:59:57.090,1.04479,1.0448,1.00,1.31
2016.10.12 15:59:57.193,1.04478,1.0448,1.50,1.00
2016.10.12 15:59:57.467,1.04478,1.04479,1.00,1.00
2016.10.12 15:59:57.552,1.04477,1.04479,1.50,1.00
2016.10.12 15:59:57.857,1.04478,1.04479,1.00,1.00
2016.10.12 15:59:57.908,1.04478,1.0448,1.00,2.06
2016.10.12 15:59:58.011,1.04478,1.0448,1.00,1.31
2016.10.12 15:59:58.410,1.04478,1.0448,1.00,2.06
2016.10.12 15:59:58.818,1.04478,1.0448,1.00,1.31
2016.10.12 15:59:59.067,1.04477,1.0448,2.25,1.31
2016.10.12 15:59:59.680,1.04478,1.0448,1.00,1.31
