2014.03.06 23:00:00.579,1.03078,1.03086,1.50,1.00
2014.03.06 23:00:00.899,1.0308,1.03086,1.00,1.00
2014.03.06 23:00:01.253,1.03078,1.03086,1.50,2.63
2014.03.06 23:00:01.804,1.03078,1.03084,1.00,1.00
2014.03.06 23:00:07.710,1.03078,1.03085,1.00,1.88
2014.03.06 23:00:28.291,1.03078,1.03084,1.00,1.00
2014.03.06 23:00:28.342,1.03076,1.0308,1.00,1.00
2014.03.06 23:00:37.330,1.03075,1.0308,1.00,1.00
2014.03.06 23:00:37.432,1.03073,1.0308,1.88,1.00
2014.03.06 23:00:37.634,1.03072,1.03078,1.50,1.00
2014.03.06 23:00:40.432,1.03072,1.03078,1.00,1.00
2014.03.06 23:00:47.394,1.03072,1.03078,1.75,1.00
2014.03.06 23:00:51.410,1.03075,1.03078,1.00,1.00
2014.03.06 23:00:54.624,1.03071,1.03078,1.50,1.00
2014.03.06 23:00:58.006,1.03075,1.03078,1.00,1.00
2014.03.06 23:00:59.309,1.03071,1.03078,3.00,1.00
2014.03.06 23:01:00.795,1.03071,1.03078,1.50,1.00
2014.03.06 23:01:01.699,1.03072,1.03079,1.00,1.50
2014.03.06 23:01:29.528,1.03072,1.03078,1.00,1.00
2014.03.06 23:01:58.278,1.03073,1.03078,1.00,1.00
2014.03.06 23:02:03.371,1.03074,1.03081,1.00,2.25
2014.03.06 23:02:03.522,1.03076,1.03081,1.50,1.00
2014.03.06 23:02:05.038,1.03075,1.03081,1.13,1.00
2014.03.06 23:02:14.788,1.03075,1.03082,1.88,1.00
2014.03.06 23:02:25.458,1.03076,1.03083,1.00,1.00
2014.03.06 23:02:25.962,1.03076,1.03082,1.00,1.00
2014.03.06 23:02:27.848,1.03076,1.03083,1.00,1.00
2014.03.06 23:02:28.428,1.03075,1.03083,2.63,1.50
2014.03.06 23:02:40.240,1.03076,1.03083,1.00,1.00
2014.03.06 23:02:40.442,1.03077,1.03085,1.88,1.13
2014.03.06 23:02:47.984,1.03078,1.03085,1.00,1.00
2014.03.06 23:02:51.141,1.03078,1.03086,1.00,2.25
2014.03.06 23:02:52.792,1.03078,1.03085,1.00,1.00
2014.03.06 23:02:53.463,1.03078,1.03086,1.00,2.25
2014.03.06 23:02:55.080,1.03078,1.03085,1.00,1.00
2014.03.06 23:03:06.612,1.03077,1.03084,1.38,1.50
2014.03.06 23:03:06.713,1.03077,1.03079,1.00,1.00
2014.03.06 23:03:06.814,1.03072,1.03079,2.63,1.50
2014.03.06 23:03:06.865,1.03072,1.03078,1.50,1.88
2014.03.06 23:03:06.916,1.03069,1.03077,2.25,1.88
2014.03.06 23:03:07.528,1.03069,1.03076,2.25,1.00
2014.03.06 23:03:14.197,1.03069,1.03076,1.88,1.00
2014.03.06 23:03:17.765,1.03069,1.03076,1.88,1.00
2014.03.06 23:03:24.140,1.03072,1.03076,1.00,1.00
2014.03.06 23:03:24.743,1.03071,1.03076,1.13,1.00
2014.03.06 23:03:25.868,1.03071,1.03077,1.13,1.00
2014.03.06 23:03:30.316,1.03071,1.03077,1.38,1.00
2014.03.06 23:03:35.374,1.03071,1.03076,1.38,1.00
2014.03.06 23:03:37.944,1.03072,1.03076,1.00,1.00
2014.03.06 23:03:38.448,1.03071,1.03077,1.38,1.50
2014.03.06 23:03:38.701,1.03071,1.03077,1.00,1.50
2014.03.06 23:03:38.903,1.03073,1.03077,1.00,1.00
2014.03.06 23:03:40.167,1.03073,1.03079,1.50,1.00
2014.03.06 23:03:47.469,1.03072,1.03077,1.00,1.00
2014.03.06 23:03:47.974,1.03071,1.03076,1.00,1.00
2014.03.06 23:03:48.276,1.0307,1.03074,1.00,1.00
2014.03.06 23:03:48.377,1.03068,1.03074,1.00,1.00
2014.03.06 23:03:48.478,1.03067,1.0307,1.50,1.00
2014.03.06 23:03:48.579,1.03067,1.03074,1.50,1.50
2014.03.06 23:03:48.680,1.03067,1.03071,1.00,1.00
2014.03.06 23:03:48.882,1.03067,1.03074,1.00,1.00
2014.03.06 23:03:49.398,1.03067,1.03074,1.88,1.00
2014.03.06 23:03:50.210,1.03069,1.03074,1.00,1.00
2014.03.06 23:04:09.928,1.03071,1.03074,1.00,1.00
2014.03.06 23:04:10.130,1.03072,1.03077,1.38,1.50
2014.03.06 23:04:10.584,1.03072,1.03074,1.00,1.00
2014.03.06 23:04:13.275,1.03071,1.03074,1.00,1.00
2014.03.06 23:04:13.426,1.0307,1.03076,1.00,1.00
2014.03.06 23:04:14.438,1.0307,1.03077,1.88,1.00
2014.03.06 23:04:15.646,1.0307,1.03076,1.00,1.00
2014.03.06 23:04:19.360,1.03071,1.03076,1.00,1.00
2014.03.06 23:04:19.889,1.03072,1.03077,1.00,1.00
2014.03.06 23:04:20.394,1.03072,1.03076,1.00,1.50
2014.03.06 23:04:22.711,1.03071,1.03076,1.00,1.50
2014.03.06 23:04:23.433,1.0307,1.03076,1.00,1.50
2014.03.06 23:04:56.456,1.0307,1.03073,1.00,1.00
2014.03.06 23:04:56.761,1.03054,1.03058,1.00,1.00
2014.03.06 23:04:57.299,1.03053,1.03058,1.00,1.50
2014.03.06 23:04:58.791,1.03053,1.03057,1.00,1.00
2014.03.06 23:05:00.209,1.03053,1.03058,1.00,1.00
2014.03.06 23:05:03.074,1.03053,1.03059,1.00,1.00
2014.03.06 23:05:03.175,1.03054,1.03062,2.63,1.00
2014.03.06 23:05:04.108,1.03054,1.03062,2.50,1.00
2014.03.06 23:05:04.659,1.03054,1.03062,2.63,1.13
2014.03.06 23:05:04.911,1.03054,1.03062,2.50,1.00
2014.03.06 23:05:06.930,1.03055,1.03062,2.50,1.00
2014.03.06 23:05:07.456,1.03057,1.03062,1.00,1.00
2014.03.06 23:05:08.253,1.03056,1.03062,1.50,1.00
2014.03.06 23:05:09.052,1.03057,1.03062,1.00,1.00
2014.03.06 23:05:09.572,1.03057,1.03064,1.00,1.00
2014.03.06 23:05:11.698,1.03057,1.03065,1.00,3.38
2014.03.06 23:05:11.749,1.03059,1.03065,1.00,1.88
2014.03.06 23:05:13.856,1.03059,1.03066,1.50,1.13
2014.03.06 23:05:15.065,1.03059,1.03064,1.50,1.00
2014.03.06 23:05:15.896,1.0306,1.03064,1.00,1.00
2014.03.06 23:05:28.784,1.0306,1.03067,1.00,1.88
2014.03.06 23:05:28.835,1.03062,1.03067,1.00,1.38
2014.03.06 23:05:29.518,1.03062,1.03067,1.00,1.13
2014.03.06 23:05:30.053,1.03062,1.03066,1.00,1.00
2014.03.06 23:05:30.575,1.03062,1.03067,1.00,1.13
2014.03.06 23:05:30.878,1.03064,1.03068,1.00,1.13
2014.03.06 23:05:36.629,1.03064,1.03068,1.00,1.38
2014.03.06 23:05:36.730,1.03062,1.03068,1.00,1.38
2014.03.06 23:05:41.521,1.03062,1.03068,1.00,1.00
2014.03.06 23:05:41.672,1.03065,1.03071,1.00,1.88
2014.03.06 23:05:41.825,1.03067,1.03071,1.00,1.00
2014.03.06 23:05:41.876,1.03067,1.03074,1.00,1.50
2014.03.06 23:05:43.144,1.03067,1.03072,1.00,1.00
2014.03.06 23:05:43.951,1.03067,1.03074,1.50,1.50
2014.03.06 23:05:44.052,1.03067,1.03072,1.00,1.00
2014.03.06 23:05:48.191,1.03067,1.03074,1.50,1.50
2014.03.06 23:05:56.205,1.03067,1.03071,1.00,1.00
2014.03.06 23:05:58.405,1.03064,1.03071,1.50,1.00
2014.03.06 23:06:00.859,1.03065,1.03071,1.00,1.00
2014.03.06 23:06:01.465,1.03066,1.03071,1.00,1.00
2014.03.06 23:06:03.416,1.03064,1.03071,1.50,1.00
2014.03.06 23:06:04.176,1.03064,1.03072,1.50,2.25
2014.03.06 23:06:08.361,1.03064,1.03071,1.50,1.00
2014.03.06 23:06:22.085,1.03063,1.03071,1.50,1.50
2014.03.06 23:06:25.946,1.03063,1.0307,1.00,1.00
2014.03.06 23:06:41.224,1.03062,1.0307,1.50,1.50
2014.03.06 23:06:53.128,1.03065,1.0307,1.00,1.00
2014.03.06 23:06:53.506,1.03065,1.03072,2.25,1.13
2014.03.06 23:06:53.557,1.03067,1.03073,1.00,1.38
2014.03.06 23:07:19.793,1.03067,1.03073,1.00,1.13
2014.03.06 23:07:34.525,1.03065,1.03071,1.00,1.00
2014.03.06 23:07:35.029,1.03064,1.03071,1.88,1.00
2014.03.06 23:07:42.909,1.03064,1.0307,1.13,1.00
2014.03.06 23:07:50.022,1.03063,1.0307,2.25,1.00
2014.03.06 23:07:50.324,1.03063,1.03068,1.00,1.00
2014.03.06 23:08:23.623,1.03063,1.03069,1.00,1.00
2014.03.06 23:08:32.325,1.03063,1.03068,1.00,1.00
2014.03.06 23:08:36.660,1.03065,1.03068,1.00,1.00
2014.03.06 23:08:37.285,1.03063,1.03068,1.00,1.00
2014.03.06 23:08:37.787,1.03063,1.03069,1.00,1.00
2014.03.06 23:08:42.542,1.03063,1.03068,1.00,1.00
2014.03.06 23:08:44.380,1.03062,1.03068,1.50,1.00
2014.03.06 23:08:44.431,1.03062,1.03065,1.50,1.00
2014.03.06 23:08:44.583,1.03059,1.03065,1.00,1.00
2014.03.06 23:08:50.843,1.03059,1.03064,1.13,1.00
2014.03.06 23:08:59.329,1.03058,1.03064,1.00,1.13
2014.03.06 23:08:59.430,1.03055,1.03058,1.50,1.00
2014.03.06 23:08:59.934,1.03055,1.03058,1.00,1.00
2014.03.06 23:09:16.173,1.03055,1.03059,1.00,1.00
2014.03.06 23:09:19.157,1.03055,1.03061,1.00,1.00
2014.03.06 23:09:24.640,1.03055,1.03059,1.00,1.00
2014.03.06 23:09:24.741,1.03053,1.03059,1.00,1.00
2014.03.06 23:09:24.943,1.03053,1.03061,1.88,1.13
2014.03.06 23:09:26.152,1.03055,1.03061,1.00,1.13
2014.03.06 23:09:39.463,1.03055,1.03059,1.00,1.30
2014.03.06 23:09:39.816,1.03055,1.03062,1.00,1.38
2014.03.06 23:09:40.712,1.03054,1.03062,1.00,1.88
2014.03.06 23:09:41.259,1.03054,1.03062,1.00,1.88
2014.03.06 23:09:45.113,1.03054,1.0306,1.00,1.00
2014.03.06 23:09:46.105,1.03054,1.03061,1.00,1.00
2014.03.06 23:09:47.094,1.03055,1.03061,1.00,1.00
2014.03.06 23:09:50.847,1.03055,1.03062,1.00,1.88
2014.03.06 23:10:15.184,1.03055,1.03062,2.25,1.50
2014.03.06 23:10:15.386,1.03057,1.03065,1.88,1.88
2014.03.06 23:10:20.887,1.03057,1.03064,1.88,1.00
2014.03.06 23:10:26.503,1.03061,1.03064,1.00,1.00
2014.03.06 23:10:27.108,1.03061,1.03064,1.00,1.00
2014.03.06 23:10:28.123,1.03062,1.03065,1.00,1.13
2014.03.06 23:10:30.155,1.03059,1.03065,1.00,1.88
2014.03.06 23:10:30.257,1.03059,1.03062,1.00,1.00
2014.03.06 23:11:03.873,1.03059,1.03061,1.00,1.00
2014.03.06 23:11:35.543,1.0306,1.03063,1.00,2.25
2014.03.06 23:11:35.847,1.03062,1.03066,1.00,1.55
2014.03.06 23:11:35.948,1.03062,1.03064,1.00,1.50
2014.03.06 23:11:36.530,1.03062,1.03064,1.00,1.65
2014.03.06 23:11:43.143,1.03063,1.03065,1.00,2.18
2014.03.06 23:11:43.195,1.03063,1.03067,1.00,3.08
2014.03.06 23:11:44.325,1.03064,1.03067,1.00,3.00
2014.03.06 23:11:44.477,1.03064,1.03067,1.00,1.10
2014.03.06 23:11:45.286,1.03065,1.03068,4.01,1.58
2014.03.06 23:11:45.488,1.03065,1.0307,1.20,1.18
2014.03.06 23:12:02.283,1.03063,1.03068,2.33,1.00
2014.03.06 23:12:06.729,1.03062,1.03068,2.33,1.20
2014.03.06 23:12:07.243,1.03061,1.03065,3.08,1.00
2014.03.06 23:12:25.303,1.03061,1.03068,4.20,1.18
2014.03.06 23:12:27.600,1.03062,1.03068,3.45,1.10
2014.03.06 23:12:48.454,1.03062,1.03068,1.28,1.08
2014.03.06 23:13:09.549,1.03062,1.03068,3.45,1.10
2014.03.06 23:13:10.401,1.03064,1.03068,2.33,1.00
2014.03.06 23:13:25.481,1.03064,1.0307,2.70,1.10
2014.03.06 23:13:30.643,1.03063,1.0307,3.45,1.18
2014.03.06 23:14:00.945,1.03063,1.03066,3.00,1.00
2014.03.06 23:14:01.046,1.03063,1.03068,2.33,1.00
2014.03.06 23:14:05.302,1.03063,1.03069,2.70,1.10
2014.03.06 23:14:15.900,1.03063,1.03067,2.70,1.00
2014.03.06 23:14:17.307,1.03063,1.03066,2.63,1.00
2014.03.06 23:14:30.884,1.03061,1.03066,1.88,1.00
2014.03.06 23:14:31.927,1.03061,1.03066,1.88,1.00
2014.03.06 23:14:32.487,1.03061,1.03065,3.75,1.00
2014.03.06 23:14:32.640,1.03059,1.03063,3.08,1.00
2014.03.06 23:14:32.893,1.03057,1.03061,2.70,1.00
2014.03.06 23:14:33.095,1.03056,1.03059,2.03,1.00
2014.03.06 23:14:33.400,1.03053,1.03057,4.95,1.00
2014.03.06 23:14:34.974,1.03056,1.03057,1.00,1.00
2014.03.06 23:14:35.504,1.03056,1.03059,3.15,1.00
2014.03.06 23:14:36.024,1.03056,1.0306,3.15,1.00
2014.03.06 23:14:36.479,1.03057,1.0306,2.70,1.00
2014.03.06 23:14:39.104,1.03057,1.0306,2.55,1.00
2014.03.06 23:14:39.673,1.03056,1.0306,5.18,1.00
2014.03.06 23:14:40.450,1.03057,1.03061,2.63,1.00
2014.03.06 23:14:40.659,1.03056,1.0306,6.68,1.00
2014.03.06 23:14:41.769,1.03057,1.03063,2.70,1.10
2014.03.06 23:14:43.273,1.03057,1.03061,2.33,1.00
2014.03.06 23:14:43.577,1.03059,1.03061,2.25,1.00
2014.03.06 23:14:46.672,1.03059,1.03062,2.25,1.00
2014.03.06 23:14:48.750,1.03056,1.03061,1.58,2.58
2014.03.06 23:14:48.802,1.03056,1.03059,2.03,1.00
2014.03.06 23:14:49.307,1.03055,1.03059,2.63,1.00
2014.03.06 23:14:50.753,1.03057,1.03059,1.10,1.00
2014.03.06 23:14:50.804,1.03057,1.03059,2.93,1.00
2014.03.06 23:14:50.854,1.03057,1.0306,3.45,1.00
2014.03.06 23:14:52.570,1.03057,1.03062,3.08,1.00
2014.03.06 23:14:52.671,1.0306,1.03063,2.25,1.00
2014.03.06 23:14:55.187,1.0306,1.03064,2.33,1.50
2014.03.06 23:14:57.789,1.03056,1.0306,2.33,1.00
2014.03.06 23:14:58.989,1.03057,1.03061,1.28,1.00
2014.03.06 23:14:59.141,1.03058,1.03061,2.33,1.00
2014.03.06 23:15:02.069,1.03058,1.03062,2.33,1.50
2014.03.06 23:15:02.487,1.03058,1.03061,2.25,1.00
2014.03.06 23:15:02.537,1.03057,1.0306,1.00,1.10
2014.03.06 23:15:03.061,1.03055,1.03059,1.28,1.00
2014.03.06 23:15:07.819,1.03055,1.0306,1.18,1.10
2014.03.06 23:15:08.129,1.03057,1.0306,2.33,1.00
2014.03.06 23:15:10.686,1.03057,1.0306,2.18,1.14
2014.03.06 23:15:10.737,1.03055,1.03057,1.08,1.00
2014.03.06 23:15:10.889,1.03053,1.03056,1.28,1.00
2014.03.06 23:15:11.243,1.03054,1.03058,1.10,1.10
2014.03.06 23:15:11.293,1.03055,1.03058,1.18,1.00
2014.03.06 23:15:11.952,1.03055,1.03059,1.18,1.00
2014.03.06 23:15:12.519,1.03055,1.0306,1.28,1.10
2014.03.06 23:15:13.024,1.03054,1.03059,2.70,1.00
2014.03.06 23:15:27.451,1.03054,1.03058,2.33,1.00
2014.03.06 23:15:28.488,1.03054,1.03059,2.33,1.50
2014.03.06 23:15:30.049,1.03054,1.03059,2.25,1.95
2014.03.06 23:15:30.100,1.03051,1.03057,3.45,1.10
2014.03.06 23:15:35.136,1.03052,1.03059,2.70,3.38
2014.03.06 23:15:35.640,1.03053,1.03059,2.70,1.48
2014.03.06 23:15:36.669,1.03053,1.03059,2.70,1.10
2014.03.06 23:15:48.668,1.03053,1.0306,2.70,2.03
2014.03.06 23:15:48.769,1.03052,1.03059,2.03,2.70
2014.03.06 23:16:01.055,1.03052,1.03059,2.03,2.33
2014.03.06 23:16:01.106,1.03053,1.0306,2.70,2.78
2014.03.06 23:16:06.875,1.03053,1.0306,2.70,2.78
2014.03.06 23:16:07.413,1.03053,1.0306,2.70,2.78
2014.03.06 23:16:10.595,1.03053,1.0306,2.70,2.78
2014.03.06 23:16:12.732,1.03053,1.0306,2.70,2.78
2014.03.06 23:16:17.091,1.03053,1.0306,2.70,2.78
2014.03.06 23:16:17.202,1.03052,1.03059,2.03,2.70
2014.03.06 23:16:19.351,1.03052,1.03058,1.95,3.45
2014.03.06 23:16:19.855,1.03052,1.03057,1.88,2.70
2014.03.06 23:16:26.458,1.03051,1.03058,4.13,3.45
2014.03.06 23:16:27.081,1.03051,1.03058,4.20,1.55
2014.03.06 23:16:27.915,1.03051,1.03056,3.75,1.88
2014.03.06 23:16:28.067,1.03046,1.03052,1.20,3.45
2014.03.06 23:16:28.573,1.03044,1.03049,3.45,1.13
2014.03.06 23:16:29.106,1.03044,1.03048,3.45,1.00
2014.03.06 23:16:33.049,1.03044,1.03049,3.45,1.00
2014.03.06 23:16:45.072,1.03047,1.03049,1.50,1.00
2014.03.06 23:16:45.173,1.03049,1.03051,1.13,1.58
2014.03.06 23:16:45.274,1.0305,1.03055,1.13,3.45
2014.03.06 23:16:45.375,1.0305,1.03056,1.95,2.70
2014.03.06 23:16:45.527,1.03052,1.03057,3.45,2.25
2014.03.06 23:16:46.280,1.03052,1.03059,4.20,1.28
2014.03.06 23:16:47.884,1.03054,1.03061,2.25,3.08
2014.03.06 23:16:48.658,1.03054,1.03062,3.08,4.58
2014.03.06 23:16:54.750,1.03054,1.03059,3.45,1.00
2014.03.06 23:16:58.129,1.03058,1.03062,1.00,3.83
2014.03.06 23:16:58.331,1.03058,1.03064,1.58,6.83
2014.03.06 23:16:58.432,1.03058,1.03062,1.10,2.33
2014.03.06 23:16:58.483,1.03055,1.03062,1.08,5.25
2014.03.06 23:17:17.538,1.03056,1.03062,2.33,1.95
2014.03.06 23:17:35.374,1.03055,1.03061,1.18,1.28
2014.03.06 23:17:55.603,1.03055,1.03061,3.08,1.20
2014.03.06 23:19:02.367,1.03055,1.03061,1.38,1.00
2014.03.06 23:19:02.519,1.03057,1.03064,3.45,1.65
2014.03.06 23:19:44.159,1.03057,1.03063,1.95,2.70
2014.03.06 23:20:16.304,1.03056,1.03061,1.45,3.00
2014.03.06 23:20:16.868,1.03055,1.03061,1.95,3.08
2014.03.06 23:20:36.489,1.03055,1.03062,1.45,5.63
2014.03.06 23:20:49.422,1.03054,1.0306,4.13,1.28
2014.03.06 23:20:49.934,1.03054,1.0306,1.48,3.45
2014.03.06 23:21:09.510,1.03054,1.0306,1.55,1.28
2014.03.06 23:21:50.497,1.03054,1.03062,3.08,7.88
2014.03.06 23:21:52.386,1.03057,1.03063,2.25,3.45
2014.03.06 23:21:52.437,1.03057,1.03063,2.33,1.20
2014.03.06 23:22:04.657,1.03057,1.03063,2.33,1.48
2014.03.06 23:22:04.708,1.03056,1.0306,2.33,1.10
2014.03.06 23:22:04.809,1.03055,1.0306,1.18,1.10
2014.03.06 23:22:06.899,1.03057,1.0306,2.25,1.00
2014.03.06 23:22:07.000,1.03057,1.03062,2.33,1.00
2014.03.06 23:22:07.208,1.03057,1.0306,2.70,1.00
2014.03.06 23:22:09.447,1.03055,1.0306,3.45,1.00
2014.03.06 23:22:29.501,1.03055,1.0306,1.53,1.10
2014.03.06 23:22:40.052,1.03055,1.0306,1.00,2.70
2014.03.06 23:22:40.568,1.03052,1.03059,3.45,2.03
2014.03.06 23:23:16.259,1.03053,1.03059,1.55,1.28
2014.03.06 23:23:33.616,1.03053,1.03059,1.28,1.65
2014.03.06 23:23:40.189,1.03053,1.03059,1.13,1.50
2014.03.06 23:23:54.831,1.03053,1.03059,1.38,1.13
2014.03.06 23:24:00.612,1.03053,1.03059,1.38,1.13
2014.03.06 23:24:01.503,1.03053,1.03059,1.38,1.20
2014.03.06 23:24:02.072,1.03053,1.03059,1.48,3.45
2014.03.06 23:24:20.722,1.03053,1.03059,1.10,3.45
2014.03.06 23:24:28.962,1.03053,1.03059,1.48,3.08
2014.03.06 23:24:34.188,1.03053,1.03059,1.48,2.33
2014.03.06 23:24:43.172,1.03053,1.03059,1.48,2.33
2014.03.06 23:24:43.676,1.03055,1.0306,1.13,2.70
2014.03.06 23:24:46.167,1.03055,1.03061,1.20,3.08
2014.03.06 23:24:46.672,1.03054,1.03061,3.45,1.65
2014.03.06 23:25:05.274,1.03054,1.0306,3.66,1.10
2014.03.06 23:25:07.536,1.03056,1.03062,1.28,1.18
2014.03.06 23:25:07.839,1.03057,1.03062,3.45,1.00
2014.03.06 23:25:09.493,1.03056,1.03062,1.28,1.18
2014.03.06 23:25:09.594,1.03057,1.03062,2.33,1.00
2014.03.06 23:25:17.136,1.03059,1.03062,2.70,1.00
2014.03.06 23:25:17.289,1.0306,1.03065,2.70,2.25
2014.03.06 23:25:18.401,1.0306,1.03063,2.70,1.00
2014.03.06 23:25:18.502,1.03058,1.03063,3.45,1.00
2014.03.06 23:25:24.135,1.03058,1.03062,2.33,1.00
2014.03.06 23:25:24.236,1.03057,1.0306,1.18,1.13
2014.03.06 23:25:25.534,1.03056,1.03062,2.33,1.95
2014.03.06 23:25:26.284,1.03056,1.03063,4.20,1.18
2014.03.06 23:25:41.782,1.03057,1.03063,2.33,1.08
2014.03.06 23:25:41.990,1.03058,1.03064,2.33,1.95
2014.03.06 23:26:02.646,1.03057,1.03064,3.83,2.03
2014.03.06 23:26:06.681,1.03057,1.03063,1.58,2.33
2014.03.06 23:26:18.385,1.03058,1.03063,1.00,2.33
2014.03.06 23:26:27.653,1.03058,1.03064,1.10,2.33
2014.03.06 23:26:33.165,1.03058,1.03064,1.48,3.08
2014.03.06 23:26:35.097,1.03058,1.03065,4.20,2.03
2014.03.06 23:26:45.178,1.03058,1.03065,4.20,2.03
2014.03.06 23:26:45.229,1.03058,1.03063,1.88,2.70
2014.03.06 23:26:45.733,1.03058,1.03062,1.65,1.00
2014.03.06 23:26:46.530,1.03058,1.03065,1.65,4.58
2014.03.06 23:26:47.694,1.03058,1.03063,1.65,1.48
2014.03.06 23:26:47.795,1.03056,1.03062,3.14,2.03
2014.03.06 23:26:49.065,1.03056,1.03062,2.39,2.03
2014.03.06 23:26:49.570,1.03056,1.03062,2.01,2.03
2014.03.06 23:27:05.229,1.03055,1.03061,1.48,2.70
2014.03.06 23:27:05.756,1.03055,1.03061,1.20,2.70
2014.03.06 23:27:06.081,1.03055,1.03062,3.93,2.03
2014.03.06 23:27:16.074,1.03059,1.03063,1.38,4.13
2014.03.06 23:27:18.035,1.03059,1.03065,1.85,2.70
2014.03.06 23:27:21.895,1.0306,1.03065,1.00,2.70
2014.03.06 23:27:38.572,1.0306,1.03066,1.10,5.63
2014.03.06 23:27:51.243,1.03059,1.03065,2.40,1.28
2014.03.06 23:27:52.893,1.0306,1.03065,1.10,1.28
2014.03.06 23:27:59.635,1.0306,1.03065,1.18,1.20
2014.03.06 23:28:38.898,1.0306,1.03066,1.18,1.55
2014.03.06 23:28:39.863,1.03059,1.03065,1.10,4.20
2014.03.06 23:28:58.582,1.03058,1.03063,2.40,1.58
2014.03.06 23:28:58.734,1.03057,1.03062,2.25,1.55
2014.03.06 23:28:59.189,1.03058,1.03062,1.18,1.13
2014.03.06 23:28:59.381,1.03056,1.03062,2.62,2.03
2014.03.06 23:28:59.732,1.03057,1.03062,3.75,1.38
2014.03.06 23:28:59.903,1.03056,1.03061,1.80,1.28
2014.03.06 23:29:00.155,1.03058,1.03064,1.65,1.28
2014.03.06 23:29:07.033,1.03058,1.03064,2.03,1.18
2014.03.06 23:29:09.818,1.0306,1.03065,1.88,2.33
2014.03.06 23:29:15.152,1.0306,1.03066,2.03,1.65
2014.03.06 23:29:16.229,1.0306,1.03066,1.65,1.65
2014.03.06 23:29:16.280,1.0306,1.03062,1.18,1.88
2014.03.06 23:29:16.382,1.03058,1.03062,1.04,2.03
2014.03.06 23:29:16.894,1.03058,1.03062,1.94,1.00
2014.03.06 23:29:19.106,1.03058,1.03064,1.65,1.28
2014.03.06 23:29:28.143,1.03061,1.03065,1.00,3.00
2014.03.06 23:29:28.295,1.03061,1.03065,1.10,1.10
2014.03.06 23:29:44.334,1.03061,1.03065,1.20,1.48
2014.03.06 23:29:55.615,1.03061,1.03065,1.95,1.48
2014.03.06 23:29:55.665,1.03064,1.03065,1.00,1.20
2014.03.06 23:29:58.929,1.03064,1.03069,1.48,2.78
2014.03.06 23:29:59.182,1.03065,1.0307,1.28,1.58
2014.03.06 23:29:59.843,1.03065,1.0307,1.28,1.58
2014.03.06 23:30:01.414,1.03065,1.0307,1.55,1.10
2014.03.06 23:30:01.922,1.03065,1.0307,1.55,1.48
2014.03.06 23:30:03.890,1.03065,1.03071,2.03,1.65
2014.03.06 23:30:08.612,1.03065,1.03071,2.03,1.65
2014.03.06 23:30:14.312,1.03065,1.03071,2.03,1.65
2014.03.06 23:30:19.599,1.03065,1.0307,1.58,1.08
2014.03.06 23:30:27.714,1.03064,1.0307,2.03,1.28
2014.03.06 23:30:28.953,1.03064,1.03069,1.18,1.48
2014.03.06 23:30:29.054,1.03062,1.03068,1.65,1.28
2014.03.06 23:30:36.213,1.03062,1.03068,1.18,2.40
2014.03.06 23:30:44.360,1.03062,1.03068,1.18,2.40
2014.03.06 23:30:52.703,1.03062,1.03068,1.18,2.40
2014.03.06 23:30:56.123,1.03061,1.03067,1.10,3.45
2014.03.06 23:30:56.910,1.03061,1.03067,1.10,4.95
2014.03.06 23:31:00.213,1.03061,1.03065,1.10,1.48
2014.03.06 23:31:00.718,1.03061,1.03065,1.10,1.48
2014.03.06 23:31:06.252,1.03061,1.03065,1.10,1.20
2014.03.06 23:31:10.767,1.0306,1.03065,1.28,1.58
2014.03.06 23:31:16.549,1.0306,1.03066,2.03,3.83
2014.03.06 23:31:50.610,1.0306,1.03064,1.00,2.25
2014.03.06 23:31:56.125,1.03059,1.03064,1.88,2.33
2014.03.06 23:31:56.674,1.03059,1.03064,1.38,2.33
2014.03.06 23:31:57.801,1.03059,1.03064,1.00,2.33
2014.03.06 23:31:59.808,1.03062,1.03064,1.00,2.18
2014.03.06 23:31:59.859,1.03062,1.03065,1.00,1.18
2014.03.06 23:32:00.011,1.03061,1.03066,2.63,2.33
2014.03.06 23:32:03.255,1.03063,1.03067,1.00,2.93
2014.03.06 23:32:05.076,1.03063,1.03066,1.00,2.18
2014.03.06 23:32:06.379,1.03063,1.03066,1.38,2.18
2014.03.06 23:32:07.582,1.03064,1.03069,1.95,2.70
2014.03.06 23:32:08.090,1.03064,1.0307,1.95,4.20
2014.03.06 23:32:12.306,1.03064,1.0307,1.58,4.20
2014.03.06 23:32:14.819,1.03064,1.0307,1.95,4.20
2014.03.06 23:32:28.591,1.03064,1.0307,2.03,2.03
2014.03.06 23:32:35.069,1.03067,1.0307,1.00,2.40
2014.03.06 23:32:36.938,1.03067,1.0307,1.00,1.65
2014.03.06 23:32:39.389,1.03064,1.0307,1.55,2.40
2014.03.06 23:32:52.669,1.03066,1.0307,1.13,1.28
2014.03.06 23:32:52.720,1.03066,1.03072,2.03,1.65
2014.03.06 23:32:52.928,1.03069,1.03074,1.10,2.40
2014.03.06 23:33:04.719,1.03067,1.03072,1.08,2.63
2014.03.06 23:33:04.769,1.03066,1.03072,1.95,3.45
2014.03.06 23:33:24.389,1.03065,1.03071,1.28,2.40
2014.03.06 23:33:25.533,1.03065,1.03071,1.20,4.58
2014.03.06 23:33:29.682,1.03065,1.03071,1.48,4.20
2014.03.06 23:33:29.833,1.03067,1.03072,1.20,2.03
2014.03.06 23:33:46.182,1.03067,1.03073,3.15,3.75
2014.03.06 23:33:46.233,1.03068,1.03073,1.18,1.10
2014.03.06 23:34:06.527,1.03068,1.03074,1.20,3.45
2014.03.06 23:34:21.953,1.03067,1.03073,1.18,2.40
2014.03.06 23:34:26.091,1.03067,1.03073,1.18,2.40
2014.03.06 23:34:49.707,1.03067,1.0307,1.18,1.00
2014.03.06 23:34:49.810,1.03067,1.03073,1.18,2.40
2014.03.06 23:35:00.793,1.03067,1.03073,1.18,2.40
2014.03.06 23:35:06.535,1.03067,1.03073,1.10,2.33
2014.03.06 23:35:07.246,1.03067,1.03073,1.00,2.25
2014.03.06 23:35:07.599,1.03067,1.0307,1.10,1.00
2014.03.06 23:35:07.751,1.03065,1.0307,1.10,1.65
2014.03.06 23:36:09.171,1.03064,1.0307,2.25,1.88
2014.03.06 23:36:22.401,1.03064,1.0307,1.13,1.88
2014.03.06 23:36:31.094,1.03064,1.0307,1.13,1.88
2014.03.06 23:36:53.000,1.03064,1.0307,1.13,1.88
2014.03.06 23:36:53.507,1.03065,1.0307,1.00,1.13
2014.03.06 23:37:03.658,1.03064,1.0307,1.13,1.88
2014.03.06 23:37:05.745,1.03065,1.03071,1.88,1.38
2014.03.06 23:37:06.260,1.03066,1.03072,1.38,2.63
2014.03.06 23:37:13.889,1.03066,1.0307,1.00,2.70
2014.03.06 23:37:14.116,1.03066,1.03072,1.48,4.58
2014.03.06 23:37:14.321,1.03066,1.03071,1.20,1.55
2014.03.06 23:37:26.833,1.03065,1.0307,1.20,3.75
2014.03.06 23:37:28.829,1.03065,1.0307,3.38,4.58
2014.03.06 23:37:29.132,1.03072,1.03076,1.00,2.33
2014.03.06 23:37:29.693,1.03073,1.03077,1.00,4.20
2014.03.06 23:37:31.725,1.03072,1.03077,1.00,3.45
2014.03.06 23:37:32.268,1.03071,1.03077,2.25,3.45
2014.03.06 23:37:32.997,1.03071,1.03077,2.63,3.45
2014.03.06 23:37:33.511,1.03071,1.03077,1.50,3.45
2014.03.06 23:37:33.915,1.03073,1.03078,1.00,3.45
2014.03.06 23:37:34.117,1.03073,1.03078,1.10,1.10
2014.03.06 23:37:34.369,1.03076,1.03078,1.00,1.18
2014.03.06 23:37:34.470,1.03076,1.0308,1.00,1.18
2014.03.06 23:37:34.976,1.03076,1.03081,1.88,2.33
2014.03.06 23:37:38.619,1.03076,1.03081,1.00,2.70
2014.03.06 23:37:41.303,1.03078,1.03081,1.00,2.70
2014.03.06 23:37:41.871,1.03078,1.03082,1.00,1.65
2014.03.06 23:37:42.554,1.03077,1.03082,1.10,1.65
2014.03.06 23:37:43.523,1.03076,1.03081,1.58,2.63
2014.03.06 23:37:45.043,1.03075,1.03081,2.33,3.45
2014.03.06 23:37:52.217,1.03075,1.03077,1.20,1.00
2014.03.06 23:37:52.805,1.03075,1.03077,1.20,1.00
2014.03.06 23:38:03.562,1.03075,1.03077,1.28,1.00
2014.03.06 23:38:21.351,1.03076,1.03079,2.70,1.00
2014.03.06 23:38:21.503,1.03077,1.03084,1.65,5.40
2014.03.06 23:38:21.554,1.03077,1.0308,1.20,1.00
2014.03.06 23:38:21.756,1.03077,1.03081,2.03,1.00
2014.03.06 23:38:21.958,1.03076,1.0308,2.93,1.00
2014.03.06 23:38:22.457,1.03079,1.03083,4.76,1.00
2014.03.06 23:38:22.509,1.03081,1.03084,3.08,1.00
2014.03.06 23:38:22.560,1.03083,1.03086,1.00,1.00
2014.03.06 23:38:22.662,1.03083,1.03086,2.18,1.00
2014.03.06 23:38:22.713,1.03086,1.03091,1.00,3.08
2014.03.06 23:38:22.865,1.03082,1.03087,2.93,1.00
2014.03.06 23:38:22.916,1.03082,1.03084,1.10,1.00
2014.03.06 23:38:23.421,1.03082,1.03084,1.10,1.00
2014.03.06 23:38:25.865,1.03082,1.03085,1.48,1.00
2014.03.06 23:38:26.118,1.03082,1.03085,1.58,1.00
2014.03.06 23:38:26.622,1.03082,1.03085,1.48,1.00
2014.03.06 23:38:27.477,1.03081,1.03085,3.15,1.00
2014.03.06 23:38:27.629,1.03087,1.03091,2.28,1.00
2014.03.06 23:38:27.978,1.03086,1.03091,1.95,1.18
2014.03.06 23:38:28.080,1.03086,1.03092,4.58,1.58
2014.03.06 23:38:28.535,1.03089,1.03091,1.00,1.18
2014.03.06 23:38:28.738,1.03089,1.03092,1.00,1.10
2014.03.06 23:38:28.940,1.03086,1.03091,1.50,2.33
2014.03.06 23:38:29.193,1.03087,1.03093,4.20,1.10
2014.03.06 23:38:29.295,1.03087,1.0309,3.38,1.00
2014.03.06 23:38:29.396,1.03087,1.03091,3.83,1.00
2014.03.06 23:38:30.634,1.03088,1.03091,1.55,1.00
2014.03.06 23:38:30.735,1.03089,1.03093,3.45,1.00
2014.03.06 23:38:30.786,1.03091,1.03094,1.48,1.00
2014.03.06 23:38:31.038,1.03092,1.03095,3.75,1.00
2014.03.06 23:38:31.140,1.03092,1.03094,1.20,1.00
2014.03.06 23:38:31.644,1.0309,1.03093,4.20,1.00
2014.03.06 23:38:31.796,1.03088,1.03091,4.13,1.00
2014.03.06 23:38:32.301,1.03087,1.03092,1.65,1.10
2014.03.06 23:38:32.871,1.03087,1.03091,1.65,1.00
2014.03.06 23:38:33.883,1.03087,1.03091,1.65,1.00
2014.03.06 23:38:34.407,1.03087,1.03092,1.65,1.10
2014.03.06 23:38:34.951,1.03087,1.03092,1.65,1.10
2014.03.06 23:38:35.540,1.03087,1.03092,2.03,1.10
2014.03.06 23:38:36.072,1.03087,1.03092,2.03,1.10
2014.03.06 23:38:36.934,1.03087,1.03092,2.03,1.10
2014.03.06 23:38:37.469,1.0309,1.03094,1.38,2.33
2014.03.06 23:38:37.671,1.03089,1.03095,3.15,1.18
2014.03.06 23:38:38.183,1.03089,1.03095,3.15,1.28
2014.03.06 23:38:38.692,1.03089,1.03095,3.15,1.18
2014.03.06 23:38:39.471,1.03092,1.03096,1.00,3.45
2014.03.06 23:38:39.622,1.03092,1.03098,1.65,1.18
2014.03.06 23:38:39.825,1.03092,1.03096,1.00,1.28
2014.03.06 23:38:40.358,1.0309,1.03096,1.55,1.28
2014.03.06 23:38:41.080,1.03091,1.03097,1.20,3.45
2014.03.06 23:38:41.131,1.03095,1.03098,2.13,1.10
2014.03.06 23:38:41.232,1.03097,1.03099,1.13,1.00
2014.03.06 23:38:41.687,1.03097,1.03102,1.13,3.45
2014.03.06 23:38:42.524,1.03096,1.03102,1.95,3.45
2014.03.06 23:38:42.933,1.03096,1.03102,1.48,3.08
2014.03.06 23:38:42.984,1.03096,1.03102,3.45,1.10
2014.03.06 23:38:43.846,1.03096,1.03102,1.28,3.38
2014.03.06 23:38:44.149,1.03095,1.031,1.10,2.63
2014.03.06 23:38:44.604,1.03095,1.03101,1.18,1.28
2014.03.06 23:38:51.268,1.03097,1.03102,1.00,4.58
2014.03.06 23:38:51.319,1.03097,1.03102,1.50,2.33
2014.03.06 23:38:51.420,1.03097,1.03102,1.50,3.45
2014.03.06 23:38:51.521,1.03095,1.031,1.00,3.83
2014.03.06 23:38:53.211,1.03094,1.03099,1.10,2.03
2014.03.06 23:38:53.312,1.03094,1.03097,1.00,1.18
2014.03.06 23:38:53.615,1.03091,1.03094,1.88,1.10
2014.03.06 23:38:54.382,1.03089,1.03094,3.90,1.10
2014.03.06 23:38:57.569,1.0309,1.03096,3.45,1.10
2014.03.06 23:39:04.461,1.0309,1.03092,2.18,2.13
2014.03.06 23:39:04.514,1.03088,1.03091,1.10,1.00
2014.03.06 23:39:04.918,1.03084,1.0309,3.45,1.20
2014.03.06 23:39:12.097,1.03084,1.0309,1.48,3.08
2014.03.06 23:39:12.400,1.03083,1.03088,1.00,3.45
2014.03.06 23:39:12.957,1.03081,1.03086,1.18,1.10
2014.03.06 23:39:22.252,1.03081,1.03086,1.93,1.10
2014.03.06 23:39:22.353,1.03082,1.03088,3.08,1.10
2014.03.06 23:39:24.307,1.03082,1.03088,3.00,1.28
2014.03.06 23:39:24.408,1.03082,1.03088,1.10,3.45
2014.03.06 23:39:27.333,1.03082,1.03088,1.48,3.45
2014.03.06 23:39:27.535,1.03082,1.03088,3.83,1.20
2014.03.06 23:39:37.556,1.03083,1.03089,1.55,1.18
2014.03.06 23:39:47.597,1.03084,1.0309,1.55,1.28
2014.03.06 23:39:51.076,1.03085,1.03091,1.48,4.20
2014.03.06 23:39:51.177,1.03088,1.03092,1.20,2.25
2014.03.06 23:39:51.228,1.0309,1.03093,1.00,1.20
2014.03.06 23:39:55.857,1.0309,1.03094,1.20,1.10
2014.03.06 23:39:55.959,1.03092,1.03097,1.38,2.33
2014.03.06 23:39:56.009,1.03093,1.03098,1.55,2.33
2014.03.06 23:39:56.522,1.03095,1.03099,1.00,1.28
2014.03.06 23:40:16.568,1.03095,1.03099,1.58,1.20
2014.03.06 23:40:22.302,1.03095,1.03099,1.48,1.10
2014.03.06 23:40:22.404,1.03097,1.03101,1.65,1.00
2014.03.06 23:40:22.911,1.03097,1.03101,1.00,1.18
2014.03.06 23:40:25.707,1.03094,1.031,4.95,1.48
2014.03.06 23:40:26.229,1.03094,1.031,5.33,1.48
2014.03.06 23:40:32.695,1.03094,1.031,6.08,1.48
2014.03.06 23:40:35.683,1.03094,1.031,6.08,1.48
2014.03.06 23:40:37.634,1.03094,1.031,6.08,1.48
2014.03.06 23:40:43.636,1.03094,1.03099,5.33,1.13
2014.03.06 23:40:51.797,1.03094,1.03099,5.33,1.13
2014.03.06 23:40:57.530,1.03094,1.03099,5.33,1.00
2014.03.06 23:41:12.095,1.03094,1.03099,3.15,1.20
2014.03.06 23:41:29.647,1.03093,1.03098,3.45,1.13
2014.03.06 23:41:29.748,1.03092,1.03096,3.83,1.00
2014.03.06 23:41:29.900,1.0309,1.03095,1.28,1.10
2014.03.06 23:41:50.923,1.0309,1.03095,1.28,1.48
2014.03.06 23:41:57.713,1.0309,1.03093,1.18,1.00
2014.03.06 23:42:11.605,1.0309,1.03093,1.10,1.00
2014.03.06 23:42:29.677,1.0309,1.03095,1.58,1.55
2014.03.06 23:42:29.828,1.03091,1.03095,2.33,1.10
2014.03.06 23:42:30.131,1.03094,1.03097,2.33,1.13
2014.03.06 23:42:31.466,1.03091,1.03097,5.33,1.58
2014.03.06 23:42:31.517,1.03091,1.03094,2.25,1.00
2014.03.06 23:42:31.719,1.0309,1.03094,1.13,1.18
2014.03.06 23:42:32.669,1.03092,1.03093,1.00,1.00
2014.03.06 23:42:32.770,1.03093,1.03095,1.13,1.13
2014.03.06 23:42:32.821,1.03094,1.03097,1.00,1.10
2014.03.06 23:42:32.872,1.03094,1.03098,3.75,1.58
2014.03.06 23:42:32.922,1.03095,1.031,1.18,1.13
2014.03.06 23:42:33.024,1.03095,1.03099,1.10,1.08
2014.03.06 23:42:33.326,1.03098,1.031,1.00,1.20
2014.03.06 23:42:33.551,1.03096,1.031,1.20,1.20
2014.03.06 23:42:35.384,1.03095,1.03099,1.18,1.00
2014.03.06 23:42:36.133,1.03095,1.03099,1.10,1.08
2014.03.06 23:42:37.179,1.03096,1.031,1.88,2.70
2014.03.06 23:42:37.533,1.03098,1.031,1.00,1.00
2014.03.06 23:42:37.584,1.03096,1.03098,1.00,1.00
2014.03.06 23:42:37.685,1.03096,1.03099,1.00,1.10
2014.03.06 23:42:37.786,1.03098,1.03101,1.00,1.10
2014.03.06 23:42:39.782,1.03098,1.03101,1.13,1.48
2014.03.06 23:42:40.084,1.03096,1.031,1.88,3.45
2014.03.06 23:42:40.585,1.03098,1.03099,1.13,1.10
2014.03.06 23:42:40.635,1.03098,1.03101,1.13,1.10
2014.03.06 23:42:41.229,1.03098,1.03101,1.38,1.10
2014.03.06 23:42:41.762,1.03098,1.03101,1.38,1.10
2014.03.06 23:42:44.589,1.03098,1.03101,1.38,1.10
2014.03.06 23:42:45.373,1.03098,1.03101,1.13,1.48
2014.03.06 23:42:45.726,1.03096,1.03099,1.13,1.28
2014.03.06 23:42:46.262,1.03096,1.03099,1.13,1.20
2014.03.06 23:42:47.765,1.03095,1.03099,1.10,1.20
2014.03.06 23:42:52.191,1.03097,1.03099,1.00,1.10
2014.03.06 23:42:52.343,1.03098,1.03101,1.00,1.10
2014.03.06 23:42:56.841,1.03096,1.03102,3.53,1.55
2014.03.06 23:42:57.145,1.03095,1.03096,1.00,1.10
2014.03.06 23:42:57.246,1.03093,1.03095,1.00,1.00
2014.03.06 23:42:57.450,1.0309,1.03093,1.20,1.00
2014.03.06 23:42:57.551,1.03088,1.03092,1.20,1.10
2014.03.06 23:42:57.653,1.03085,1.03091,1.95,3.45
2014.03.06 23:43:01.806,1.03088,1.03091,1.00,3.45
2014.03.06 23:43:01.908,1.03088,1.03093,1.00,4.20
2014.03.06 23:43:02.276,1.03088,1.03091,1.00,3.83
2014.03.06 23:43:02.480,1.03085,1.03091,1.95,3.83
2014.03.06 23:43:06.440,1.03086,1.03091,1.00,3.83
2014.03.06 23:43:06.817,1.03084,1.03089,1.00,3.83
2014.03.06 23:43:07.965,1.03084,1.03087,1.00,2.25
2014.03.06 23:43:08.484,1.03085,1.03087,1.00,2.25
2014.03.06 23:43:09.041,1.0308,1.03086,2.40,1.65
2014.03.06 23:43:09.092,1.0308,1.03082,1.00,1.10
2014.03.06 23:43:09.611,1.03079,1.03081,1.00,1.00
2014.03.06 23:43:10.986,1.03079,1.03081,1.00,1.00
2014.03.06 23:43:11.567,1.03076,1.0308,3.53,1.00
2014.03.06 23:43:15.018,1.03078,1.0308,1.10,1.00
2014.03.06 23:43:15.421,1.03075,1.03078,1.10,1.00
2014.03.06 23:43:18.112,1.03074,1.03076,1.18,1.00
2014.03.06 23:43:18.364,1.03071,1.03075,3.08,1.50
2014.03.06 23:43:18.465,1.0307,1.03074,1.95,1.10
2014.03.06 23:43:20.552,1.0307,1.03074,1.28,1.10
2014.03.06 23:43:21.103,1.0307,1.03074,3.45,1.00
2014.03.06 23:43:23.701,1.0307,1.03073,3.45,1.00
2014.03.06 23:43:25.822,1.0307,1.03073,1.20,1.00
2014.03.06 23:43:27.544,1.0307,1.03074,1.95,1.10
2014.03.06 23:43:37.360,1.0307,1.03076,4.13,1.55
2014.03.06 23:43:37.847,1.0307,1.03076,1.95,3.45
2014.03.06 23:43:39.893,1.0307,1.03076,2.03,3.38
2014.03.06 23:43:40.517,1.0307,1.03076,4.20,1.20
2014.03.06 23:43:58.274,1.03071,1.03077,1.45,3.45
2014.03.06 23:43:58.865,1.03071,1.03076,1.38,2.33
2014.03.06 23:44:01.319,1.03071,1.03076,1.00,2.70
2014.03.06 23:44:02.069,1.03071,1.03076,1.38,2.33
2014.03.06 23:44:03.180,1.03071,1.03076,1.13,2.70
2014.03.06 23:44:03.382,1.03071,1.03077,3.45,1.58
2014.03.06 23:44:03.484,1.0307,1.03075,1.20,1.28
2014.03.06 23:44:44.531,1.0307,1.03075,1.13,4.20
2014.03.06 23:44:56.065,1.03069,1.03073,1.10,1.10
2014.03.06 23:44:59.542,1.03067,1.03073,3.45,1.48
2014.03.06 23:44:59.744,1.03067,1.0307,2.33,1.00
2014.03.06 23:44:59.895,1.03064,1.03069,3.45,1.00
2014.03.06 23:45:00.349,1.03064,1.03067,3.08,1.00
2014.03.06 23:45:00.450,1.03064,1.03066,1.10,1.00
2014.03.06 23:45:00.653,1.03061,1.03066,1.18,1.58
2014.03.06 23:45:01.172,1.03061,1.03065,1.18,1.00
2014.03.06 23:45:01.992,1.03061,1.03066,1.18,1.10
2014.03.06 23:45:04.027,1.03062,1.03067,3.45,1.08
2014.03.06 23:45:04.078,1.03065,1.03068,1.10,1.00
2014.03.06 23:45:04.280,1.03066,1.03071,1.88,3.83
2014.03.06 23:45:04.807,1.0307,1.03071,1.00,1.13
2014.03.06 23:45:04.909,1.0307,1.03072,1.00,1.10
2014.03.06 23:45:05.413,1.0307,1.03074,1.10,1.58
2014.03.06 23:45:12.713,1.0307,1.03074,1.10,1.55
2014.03.06 23:45:12.814,1.03067,1.03073,1.08,5.33
2014.03.06 23:45:12.966,1.03066,1.03072,1.10,3.45
2014.03.06 23:45:14.991,1.03065,1.03069,1.18,1.13
2014.03.06 23:45:15.244,1.03062,1.03069,4.95,1.55
2014.03.06 23:45:15.345,1.03062,1.03068,1.58,3.08
2014.03.06 23:45:15.648,1.03063,1.03068,2.33,1.00
2014.03.06 23:45:15.699,1.03063,1.03069,1.10,3.45
2014.03.06 23:45:15.800,1.03063,1.03069,3.08,1.48
2014.03.06 23:45:16.204,1.03065,1.03071,4.20,3.00
2014.03.06 23:45:16.255,1.03067,1.03071,1.18,1.00
2014.03.06 23:45:16.759,1.03067,1.03072,1.18,1.20
2014.03.06 23:45:20.852,1.03067,1.03072,1.18,1.48
2014.03.06 23:45:21.255,1.03065,1.03069,3.08,1.00
2014.03.06 23:45:21.760,1.03065,1.03069,1.18,1.00
2014.03.06 23:45:35.769,1.03066,1.0307,1.20,1.58
2014.03.06 23:45:38.169,1.03064,1.03069,2.70,1.00
2014.03.06 23:45:41.520,1.03063,1.03069,6.38,1.10
2014.03.06 23:45:47.075,1.03063,1.03068,2.63,1.10
2014.03.06 23:45:47.126,1.03062,1.03068,1.18,1.18
2014.03.06 23:45:47.784,1.03063,1.03068,1.48,1.18
2014.03.06 23:45:47.885,1.03063,1.03069,4.20,1.10
2014.03.06 23:45:48.037,1.03066,1.0307,1.38,1.65
2014.03.06 23:45:48.241,1.03066,1.03072,4.20,1.10
2014.03.06 23:45:51.315,1.03066,1.03071,2.25,1.20
2014.03.06 23:45:51.416,1.03066,1.03071,1.10,1.18
2014.03.06 23:46:11.559,1.03065,1.03071,3.83,1.28
2014.03.06 23:46:32.628,1.03065,1.03071,1.65,2.78
2014.03.06 23:46:32.830,1.03064,1.03069,1.10,1.65
2014.03.06 23:46:33.493,1.03064,1.03069,1.10,1.55
2014.03.06 23:46:34.009,1.03063,1.03069,1.65,1.18
2014.03.06 23:46:39.805,1.03066,1.0307,1.13,5.33
2014.03.06 23:46:39.906,1.03066,1.0307,1.18,2.25
2014.03.06 23:46:40.259,1.03067,1.03072,1.58,1.28
2014.03.06 23:46:40.567,1.0307,1.03076,3.83,3.00
2014.03.06 23:46:40.668,1.03073,1.03078,1.10,2.40
2014.03.06 23:46:49.827,1.03073,1.03076,1.10,1.00
2014.03.06 23:46:49.878,1.03071,1.03074,2.18,1.13
2014.03.06 23:46:49.929,1.03069,1.03072,1.00,2.30
2014.03.06 23:46:50.232,1.0307,1.03075,1.00,3.45
2014.03.06 23:46:50.384,1.0307,1.03076,1.65,1.65
2014.03.06 23:46:56.793,1.03073,1.03077,1.10,1.10
2014.03.06 23:46:57.096,1.03074,1.0308,1.28,4.28
2014.03.06 23:46:57.597,1.03074,1.0308,1.28,2.78
2014.03.06 23:47:03.963,1.03076,1.0308,1.13,1.65
2014.03.06 23:47:04.115,1.03076,1.03082,3.45,1.95
2014.03.06 23:47:10.853,1.03076,1.0308,3.45,1.00
2014.03.06 23:47:10.954,1.03076,1.0308,1.20,1.10
2014.03.06 23:47:16.726,1.03075,1.03079,1.10,2.25
2014.03.06 23:47:16.777,1.03073,1.03078,1.20,1.18
2014.03.06 23:47:21.196,1.03072,1.03077,1.48,3.00
2014.03.06 23:47:21.297,1.03071,1.03077,1.20,4.20
2014.03.06 23:47:21.449,1.0307,1.03075,2.63,2.33
2014.03.06 23:47:21.970,1.0307,1.03075,2.63,2.70
2014.03.06 23:47:28.571,1.03069,1.03075,1.20,4.20
2014.03.06 23:47:29.652,1.03069,1.03074,1.20,1.93
2014.03.06 23:47:29.981,1.03068,1.03071,1.10,2.25
2014.03.06 23:47:30.032,1.03068,1.03073,1.10,1.18
2014.03.06 23:47:47.962,1.03068,1.03073,1.48,1.18
2014.03.06 23:47:48.474,1.0307,1.03075,1.18,1.20
2014.03.06 23:48:14.495,1.0307,1.03075,1.28,1.58
2014.03.06 23:48:18.233,1.0307,1.03075,1.18,1.58
2014.03.06 23:48:24.771,1.03073,1.03075,1.00,1.20
2014.03.06 23:48:29.685,1.03073,1.03076,1.00,1.20
2014.03.06 23:48:33.955,1.03073,1.03076,1.00,1.48
2014.03.06 23:48:34.638,1.03073,1.03076,1.00,3.45
2014.03.06 23:48:42.582,1.03073,1.03076,1.00,1.20
2014.03.06 23:48:45.006,1.03073,1.03078,1.38,3.08
2014.03.06 23:48:45.057,1.03073,1.03078,4.20,1.00
2014.03.06 23:48:45.568,1.03075,1.03079,1.20,1.10
2014.03.06 23:48:50.326,1.03074,1.03079,1.18,1.48
2014.03.06 23:48:50.528,1.03073,1.03079,1.58,4.20
2014.03.06 23:48:53.690,1.03074,1.03079,1.00,3.45
2014.03.06 23:48:53.791,1.03075,1.03079,1.28,1.00
2014.03.06 23:48:54.919,1.03075,1.03079,1.00,1.18
2014.03.06 23:49:01.090,1.03074,1.03079,1.58,1.18
2014.03.06 23:49:03.284,1.03074,1.03079,1.48,1.55
2014.03.06 23:49:04.934,1.03074,1.03079,1.10,1.55
2014.03.06 23:49:05.999,1.03076,1.03079,1.00,1.55
2014.03.06 23:49:06.711,1.03076,1.03079,1.00,1.55
2014.03.06 23:49:08.249,1.03076,1.03079,1.00,1.55
2014.03.06 23:49:12.819,1.03076,1.03079,1.00,1.55
2014.03.06 23:49:15.817,1.03076,1.03079,1.00,1.55
2014.03.06 23:49:16.473,1.03076,1.03079,1.00,1.55
2014.03.06 23:49:17.828,1.03074,1.03079,1.10,1.55
2014.03.06 23:49:19.029,1.03075,1.03079,1.00,1.55
2014.03.06 23:49:20.303,1.03075,1.03079,1.00,1.55
2014.03.06 23:49:20.949,1.03074,1.03079,1.10,1.55
2014.03.06 23:49:24.126,1.03074,1.03079,1.10,1.65
2014.03.06 23:49:24.328,1.03075,1.03079,1.95,1.58
2014.03.06 23:49:28.563,1.03076,1.03081,1.10,2.40
2014.03.06 23:49:51.280,1.03074,1.03079,1.00,3.45
2014.03.06 23:49:51.855,1.03073,1.03079,1.10,3.45
2014.03.06 23:49:52.359,1.03073,1.03077,1.10,1.20
2014.03.06 23:49:53.084,1.03075,1.03077,1.00,1.20
2014.03.06 23:50:02.998,1.03074,1.03079,1.50,3.08
2014.03.06 23:50:04.915,1.03073,1.03078,1.10,2.70
2014.03.06 23:50:05.422,1.03072,1.03077,1.00,2.70
2014.03.06 23:50:15.720,1.0307,1.03075,1.48,2.25
2014.03.06 23:50:15.873,1.0307,1.03075,1.13,3.08
2014.03.06 23:50:36.524,1.0307,1.03075,1.10,1.28
2014.03.06 23:50:53.168,1.03069,1.03075,1.20,3.45
2014.03.06 23:50:53.689,1.03069,1.03074,1.13,2.33
2014.03.06 23:50:54.259,1.03069,1.03074,1.38,2.33
2014.03.06 23:50:54.361,1.0307,1.03076,1.20,4.20
2014.03.06 23:50:54.412,1.0307,1.03076,1.95,3.45
2014.03.06 23:50:54.513,1.03071,1.03076,1.38,2.33
2014.03.06 23:50:54.816,1.03069,1.03076,1.55,5.70
2014.03.06 23:50:59.438,1.03069,1.03075,1.45,3.45
2014.03.06 23:51:00.048,1.03069,1.03074,1.38,2.33
2014.03.06 23:51:07.683,1.03067,1.03073,2.40,1.18
2014.03.06 23:51:08.188,1.03067,1.03071,1.18,1.00
2014.03.06 23:51:09.970,1.03065,1.03071,2.40,1.18
2014.03.06 23:51:10.475,1.03064,1.0307,4.95,1.10
2014.03.06 23:51:12.333,1.03063,1.03069,4.20,1.45
2014.03.06 23:51:12.586,1.0306,1.03064,2.40,1.00
2014.03.06 23:51:13.040,1.03058,1.03063,2.40,1.10
2014.03.06 23:51:20.753,1.03058,1.03063,3.08,1.10
2014.03.06 23:51:21.502,1.03059,1.03063,2.70,1.00
2014.03.06 23:51:21.843,1.03057,1.03061,2.70,1.00
2014.03.06 23:51:22.048,1.03056,1.03061,1.55,1.10
2014.03.06 23:51:32.593,1.03057,1.03062,1.65,1.08
2014.03.06 23:51:32.644,1.03058,1.03064,2.03,3.15
2014.03.06 23:51:53.588,1.03058,1.03063,3.08,1.00
2014.03.06 23:51:55.639,1.03057,1.03062,1.28,1.10
2014.03.06 23:51:56.321,1.03057,1.03062,2.33,1.50
2014.03.06 23:51:57.207,1.03058,1.03063,1.28,1.10
2014.03.06 23:51:59.180,1.03058,1.03062,1.18,1.00
2014.03.06 23:52:14.050,1.03058,1.03063,1.18,1.58
2014.03.06 23:52:19.943,1.03059,1.03063,2.70,1.00
2014.03.06 23:52:22.252,1.03059,1.03065,2.70,1.95
2014.03.06 23:52:54.937,1.03059,1.03063,3.45,1.00
2014.03.06 23:53:03.928,1.03059,1.03065,3.45,1.95
2014.03.06 23:53:04.550,1.03059,1.03065,3.45,1.95
2014.03.06 23:53:19.951,1.03059,1.03065,1.88,1.13
2014.03.06 23:53:41.560,1.03059,1.03065,2.03,1.28
2014.03.06 23:53:52.520,1.03059,1.03063,1.28,1.00
2014.03.06 23:53:55.644,1.03059,1.03064,1.28,1.20
2014.03.06 23:54:00.581,1.03059,1.03061,1.18,1.00
2014.03.06 23:54:00.834,1.03058,1.03062,1.13,3.08
2014.03.06 23:54:00.935,1.03058,1.03062,1.65,1.00
2014.03.06 23:54:02.779,1.03058,1.03063,1.28,1.10
2014.03.06 23:54:16.671,1.03057,1.03062,1.00,2.33
2014.03.06 23:54:18.798,1.03056,1.03062,1.58,3.08
2014.03.06 23:54:25.197,1.03053,1.03059,2.78,1.18
2014.03.06 23:54:25.501,1.03053,1.03055,1.00,1.55
2014.03.06 23:54:25.551,1.03051,1.03055,1.00,1.55
2014.03.06 23:54:26.107,1.03051,1.03056,1.28,1.10
2014.03.06 23:54:26.613,1.03053,1.03057,1.00,1.18
2014.03.06 23:54:27.325,1.03053,1.03058,1.28,1.10
2014.03.06 23:54:41.559,1.03053,1.03058,1.18,1.48
2014.03.06 23:54:41.711,1.03051,1.03056,1.28,1.20
2014.03.06 23:54:41.812,1.03051,1.03056,1.00,3.45
2014.03.06 23:54:50.959,1.0305,1.03055,1.58,1.55
2014.03.06 23:54:54.284,1.03051,1.03055,1.00,1.55
2014.03.06 23:54:54.821,1.0305,1.03055,1.58,1.55
2014.03.06 23:54:56.178,1.03051,1.03055,1.00,1.55
2014.03.06 23:54:56.684,1.0305,1.03054,1.10,1.20
2014.03.06 23:54:58.784,1.0305,1.03053,1.10,1.00
2014.03.06 23:55:08.958,1.0305,1.03052,1.10,1.00
2014.03.06 23:55:36.221,1.03049,1.0305,1.00,1.00
2014.03.06 23:55:36.272,1.03045,1.0305,3.83,1.00
2014.03.06 23:55:36.323,1.03045,1.03048,3.45,1.00
2014.03.06 23:55:36.575,1.0304,1.03044,2.70,1.13
2014.03.06 23:55:36.676,1.03042,1.03045,2.70,1.00
2014.03.06 23:55:36.929,1.03044,1.03047,2.33,1.00
2014.03.06 23:55:37.030,1.03042,1.03047,3.83,1.00
2014.03.06 23:55:37.535,1.03042,1.03046,3.83,1.00
2014.03.06 23:55:38.085,1.03042,1.03047,2.33,1.50
2014.03.06 23:55:38.619,1.03041,1.03047,1.28,1.65
2014.03.06 23:55:40.631,1.0304,1.03046,4.58,1.48
2014.03.06 23:55:40.682,1.0304,1.03046,2.33,3.45
2014.03.06 23:55:40.883,1.03038,1.03043,1.10,1.18
2014.03.06 23:55:41.187,1.03038,1.03041,2.33,1.50
2014.03.06 23:55:41.238,1.03036,1.03041,3.08,1.50
2014.03.06 23:55:41.289,1.03036,1.03041,3.08,1.75
2014.03.06 23:55:42.268,1.03036,1.03042,3.08,2.33
2014.03.06 23:55:42.420,1.03037,1.03042,1.28,1.20
2014.03.06 23:55:42.471,1.0304,1.03043,1.00,1.65
2014.03.06 23:55:42.926,1.03037,1.03043,2.03,1.65
2014.03.06 23:55:43.128,1.03037,1.03043,2.03,1.65
2014.03.06 23:55:44.247,1.03037,1.03043,2.03,1.65
2014.03.06 23:55:44.550,1.0304,1.03044,1.00,3.83
2014.03.06 23:55:45.090,1.03039,1.03044,1.00,3.83
2014.03.06 23:55:46.096,1.03039,1.03044,1.18,1.48
2014.03.06 23:55:46.417,1.03041,1.03045,4.95,1.08
2014.03.06 23:55:46.570,1.03045,1.03049,4.20,1.00
2014.03.06 23:55:46.722,1.03048,1.03053,1.08,3.38
2014.03.06 23:55:46.772,1.03048,1.03053,3.08,1.00
2014.03.06 23:55:49.075,1.03047,1.03052,1.18,1.10
2014.03.06 23:55:49.975,1.03046,1.03051,2.70,1.00
2014.03.06 23:55:50.127,1.03045,1.03051,3.53,1.18
2014.03.06 23:55:51.630,1.03047,1.03051,1.50,1.18
2014.03.06 23:55:51.782,1.03047,1.03052,1.65,1.10
2014.03.06 23:55:58.699,1.03047,1.03051,1.95,3.00
2014.03.06 23:55:58.750,1.03047,1.0305,1.50,2.33
2014.03.06 23:55:58.851,1.03047,1.0305,1.00,1.20
2014.03.06 23:55:58.952,1.03045,1.03049,1.55,1.38
2014.03.06 23:55:59.103,1.03042,1.03048,2.40,1.28
2014.03.06 23:55:59.306,1.03041,1.03045,2.33,1.00
2014.03.06 23:55:59.407,1.0304,1.03045,1.18,1.10
2014.03.06 23:55:59.911,1.0304,1.03043,1.08,1.10
2014.03.06 23:55:59.962,1.03039,1.03043,1.50,1.18
2014.03.06 23:56:00.466,1.03037,1.03042,2.03,1.10
2014.03.06 23:56:00.618,1.03035,1.0304,2.18,1.50
2014.03.06 23:56:00.770,1.03033,1.03039,4.20,1.10
2014.03.06 23:56:00.972,1.03035,1.0304,2.70,1.13
2014.03.06 23:56:01.209,1.03034,1.0304,1.18,1.18
2014.03.06 23:56:01.984,1.03035,1.03039,1.00,3.83
2014.03.06 23:56:02.135,1.03034,1.0304,1.28,2.03
2014.03.06 23:56:02.338,1.03033,1.03039,1.10,4.20
2014.03.06 23:56:02.640,1.03033,1.03039,3.08,1.58
2014.03.06 23:56:03.296,1.03033,1.03039,3.45,1.48
2014.03.06 23:56:03.397,1.03033,1.03039,1.10,4.95
2014.03.06 23:56:03.859,1.03033,1.03039,3.83,1.10
2014.03.06 23:56:11.879,1.03033,1.0304,4.20,1.55
2014.03.06 23:56:12.080,1.03033,1.03039,1.10,3.45
2014.03.06 23:56:14.265,1.03032,1.03038,1.93,1.18
2014.03.06 23:56:14.467,1.03034,1.0304,1.55,1.65
2014.03.06 23:56:14.972,1.03034,1.0304,1.18,2.03
2014.03.06 23:56:15.490,1.03034,1.0304,1.18,2.03
2014.03.06 23:56:16.093,1.03033,1.03039,1.48,3.45
2014.03.06 23:56:16.693,1.03033,1.03039,1.10,3.45
2014.03.06 23:56:24.918,1.03032,1.03038,1.20,3.08
2014.03.06 23:56:25.422,1.03032,1.03037,1.88,2.33
2014.03.06 23:56:26.944,1.03031,1.03037,1.20,2.33
2014.03.06 23:56:27.196,1.03031,1.03037,3.83,1.10
2014.03.06 23:56:29.789,1.03031,1.03037,1.20,3.45
2014.03.06 23:56:36.617,1.0303,1.03036,2.78,1.28
2014.03.06 23:56:37.225,1.0303,1.03036,2.78,1.65
2014.03.06 23:56:38.499,1.03029,1.03035,1.18,3.38
2014.03.06 23:56:39.050,1.03028,1.03034,1.55,1.65
2014.03.06 23:56:40.671,1.03027,1.03033,1.55,3.38
2014.03.06 23:56:40.988,1.03027,1.03033,1.10,3.45
2014.03.06 23:56:41.039,1.0303,1.03033,1.00,3.38
2014.03.06 23:56:41.140,1.03029,1.03034,1.48,1.55
2014.03.06 23:56:41.241,1.03029,1.03034,1.10,1.55
2014.03.06 23:56:42.200,1.03028,1.03034,1.28,1.93
2014.03.06 23:56:42.704,1.03029,1.03033,1.10,1.10
2014.03.06 23:56:43.208,1.03029,1.03034,1.10,1.55
2014.03.06 23:56:46.073,1.03028,1.03034,1.28,1.55
2014.03.06 23:56:49.411,1.0303,1.03033,1.00,1.10
2014.03.06 23:56:50.668,1.03029,1.03034,2.33,1.28
2014.03.06 23:56:51.787,1.03029,1.03034,2.33,1.18
2014.03.06 23:56:53.501,1.03031,1.03034,1.38,1.10
2014.03.06 23:56:53.603,1.03032,1.03036,3.45,1.00
2014.03.06 23:56:53.704,1.03032,1.03036,1.10,1.10
2014.03.06 23:56:54.372,1.0303,1.03035,3.45,1.13
2014.03.06 23:56:54.473,1.0303,1.03033,3.00,1.00
2014.03.06 23:56:54.524,1.0303,1.03033,1.10,1.00
2014.03.06 23:56:54.575,1.0303,1.03034,1.48,1.10
2014.03.06 23:56:54.676,1.0303,1.03034,1.20,1.10
2014.03.06 23:56:59.684,1.03028,1.03033,2.70,1.00
2014.03.06 23:56:59.986,1.0303,1.03036,3.45,1.95
2014.03.06 23:57:00.491,1.03031,1.03037,1.28,1.18
2014.03.06 23:57:02.479,1.03032,1.03038,3.08,3.75
2014.03.06 23:57:02.530,1.03033,1.03038,2.33,1.50
2014.03.06 23:57:03.035,1.03035,1.0304,1.58,1.18
2014.03.06 23:57:03.540,1.03035,1.0304,1.48,1.18
2014.03.06 23:57:06.727,1.03035,1.0304,1.20,1.28
2014.03.06 23:57:07.232,1.03035,1.0304,1.55,1.10
2014.03.06 23:57:07.384,1.03037,1.03042,1.18,1.10
2014.03.06 23:57:09.077,1.03037,1.03043,3.15,1.18
2014.03.06 23:57:09.380,1.03039,1.03044,2.70,1.13
2014.03.06 23:57:10.646,1.03039,1.03045,3.45,1.20
2014.03.06 23:57:11.407,1.03039,1.03045,3.45,1.48
2014.03.06 23:57:14.234,1.03039,1.03045,3.45,1.20
2014.03.06 23:57:27.677,1.03041,1.03046,3.00,1.10
2014.03.06 23:57:27.980,1.03043,1.03049,3.08,2.33
2014.03.06 23:57:28.031,1.03043,1.03049,3.08,2.33
2014.03.06 23:57:28.362,1.03043,1.03049,1.48,4.20
2014.03.06 23:57:30.399,1.03043,1.03047,1.38,2.33
2014.03.06 23:57:30.550,1.03042,1.03048,1.55,2.03
2014.03.06 23:57:30.601,1.03042,1.03047,1.48,2.25
2014.03.06 23:57:30.652,1.03041,1.03047,1.20,3.45
2014.03.06 23:57:32.708,1.0304,1.03045,1.00,2.70
2014.03.06 23:57:33.328,1.03038,1.03044,1.18,1.28
2014.03.06 23:57:38.307,1.0304,1.03044,1.00,1.28
2014.03.06 23:57:40.391,1.0304,1.03045,1.28,1.10
2014.03.06 23:57:42.508,1.0304,1.03046,1.65,1.55
2014.03.06 23:57:45.337,1.0304,1.03045,1.28,1.10
2014.03.06 23:58:02.369,1.03039,1.03045,3.83,1.48
2014.03.06 23:58:02.470,1.03039,1.03045,1.10,3.45
2014.03.06 23:58:04.586,1.03038,1.03044,1.18,1.55
2014.03.06 23:58:05.090,1.03038,1.03044,1.55,1.28
2014.03.06 23:58:06.386,1.0304,1.03044,1.00,1.28
2014.03.06 23:58:12.395,1.03038,1.03044,2.03,1.28
2014.03.06 23:58:25.127,1.03038,1.03041,1.18,1.00
2014.03.06 23:58:25.279,1.03037,1.0304,1.10,1.13
2014.03.06 23:58:25.582,1.03035,1.0304,1.20,1.28
2014.03.06 23:58:27.071,1.03035,1.0304,3.08,1.28
2014.03.06 23:58:27.172,1.03037,1.03043,2.40,1.28
2014.03.06 23:58:27.324,1.03038,1.03044,3.38,1.55
2014.03.06 23:58:27.898,1.03038,1.03044,3.45,1.20
2014.03.06 23:58:38.538,1.03042,1.03046,1.38,3.83
2014.03.06 23:58:38.639,1.03043,1.03049,4.58,3.08
2014.03.06 23:58:38.740,1.03043,1.03048,1.00,3.45
2014.03.06 23:58:40.339,1.03042,1.03047,1.20,1.28
2014.03.06 23:58:43.533,1.03042,1.03048,1.48,4.95
2014.03.06 23:58:44.525,1.03042,1.03047,1.10,1.18
2014.03.06 23:58:45.040,1.03043,1.03047,1.00,1.18
2014.03.06 23:58:47.003,1.03043,1.03048,1.38,3.83
2014.03.06 23:58:47.054,1.03044,1.0305,1.28,2.40
2014.03.06 23:58:56.626,1.03048,1.0305,1.00,1.18
2014.03.06 23:58:56.727,1.03049,1.03054,1.00,3.08
2014.03.06 23:58:57.251,1.03048,1.03054,1.20,3.83
2014.03.06 23:59:05.863,1.03049,1.03054,1.00,2.70
2014.03.06 23:59:05.914,1.03049,1.03054,1.38,2.33
2014.03.06 23:59:06.015,1.0305,1.03056,2.03,1.65
2014.03.06 23:59:06.117,1.03053,1.03058,1.18,1.95
2014.03.06 23:59:06.422,1.03057,1.0306,1.00,1.10
2014.03.06 23:59:06.574,1.03057,1.03063,1.18,3.53
2014.03.06 23:59:10.277,1.03056,1.03062,3.08,1.48
2014.03.06 23:59:10.328,1.03056,1.03062,1.10,3.45
2014.03.06 23:59:13.726,1.03054,1.0306,3.45,1.95
2014.03.06 23:59:14.129,1.03053,1.03059,2.03,2.40
2014.03.06 23:59:14.634,1.03052,1.03056,2.25,1.20
2014.03.06 23:59:14.685,1.0305,1.03056,1.65,4.28
2014.03.06 23:59:14.735,1.0305,1.03054,1.10,1.50
2014.03.06 23:59:14.937,1.03045,1.03049,1.10,1.10
2014.03.06 23:59:15.392,1.03042,1.03048,2.03,1.18
2014.03.06 23:59:17.159,1.03041,1.03047,5.33,1.10
2014.03.06 23:59:25.079,1.03044,1.03049,3.38,1.58
2014.03.06 23:59:25.584,1.03045,1.03049,1.18,1.00
2014.03.06 23:59:27.323,1.03045,1.03049,1.00,1.18
2014.03.06 23:59:35.448,1.03045,1.03049,1.18,1.00
2014.03.06 23:59:35.953,1.03046,1.03052,1.20,4.20
2014.03.06 23:59:40.018,1.03046,1.03052,1.95,3.83
2014.03.06 23:59:40.271,1.03047,1.03052,1.55,1.58
2014.03.06 23:59:43.804,1.03047,1.03052,2.03,1.10
2014.03.06 23:59:44.313,1.0305,1.03054,1.88,2.33
2014.03.06 23:59:49.318,1.0305,1.03054,1.50,2.33
2014.03.06 23:59:49.470,1.03053,1.03057,3.08,1.00
2014.03.06 23:59:49.521,1.03054,1.03059,1.18,1.58
2014.03.06 23:59:49.622,1.03056,1.03058,1.00,1.00
2014.03.06 23:59:49.723,1.03056,1.0306,1.00,2.78
2014.03.06 23:59:53.386,1.03058,1.03061,1.00,2.70
2014.03.06 23:59:53.487,1.03058,1.03063,1.88,3.45
2014.03.06 23:59:53.841,1.03059,1.03065,1.48,4.58
