2017.03.31 17:00:00.216,1.11309,1.11311,3.56,1.12
2017.03.31 17:00:00.326,1.11311,1.11313,3.56,1.00
2017.03.31 17:00:00.580,1.11312,1.11313,3.56,1.00
2017.03.31 17:00:00.637,1.11312,1.11313,3.37,1.00
2017.03.31 17:00:00.816,1.11309,1.11311,6.37,1.12
2017.03.31 17:00:01.364,1.11307,1.11309,5.06,1.00
2017.03.31 17:00:01.633,1.11307,1.1131,5.81,2.25
2017.03.31 17:00:02.139,1.11307,1.11309,5.81,1.00
2017.03.31 17:00:02.686,1.11307,1.11309,5.06,1.00
2017.03.31 17:00:04.998,1.11307,1.11309,3.56,1.00
2017.03.31 17:00:05.529,1.11307,1.11309,3.56,1.00
2017.03.31 17:00:05.995,1.11307,1.11309,3.56,1.00
2017.03.31 17:00:06.147,1.11307,1.11309,4.69,1.00
2017.03.31 17:00:06.299,1.11309,1.1131,1.00,3.00
2017.03.31 17:00:06.576,1.11307,1.11309,4.31,1.00
2017.03.31 17:00:09.132,1.11307,1.11309,4.31,1.00
2017.03.31 17:00:09.690,1.11308,1.1131,2.44,2.62
2017.03.31 17:00:12.084,1.1131,1.11311,1.25,10.20
2017.03.31 17:00:12.540,1.11308,1.1131,2.06,3.37
2017.03.31 17:00:13.083,1.11309,1.11311,1.25,1.12
2017.03.31 17:00:13.609,1.1131,1.11312,2.62,1.00
2017.03.31 17:00:13.711,1.11311,1.11313,3.06,3.75
2017.03.31 17:00:13.863,1.11312,1.11315,1.87,2.62
2017.03.31 17:00:16.210,1.11313,1.11315,1.00,3.75
2017.03.31 17:00:16.844,1.11312,1.11315,2.44,3.00
2017.03.31 17:00:18.517,1.11312,1.11315,2.44,3.00
2017.03.31 17:00:19.338,1.11313,1.11315,1.00,2.25
2017.03.31 17:00:20.252,1.11313,1.11315,1.00,1.00
2017.03.31 17:00:21.065,1.11313,1.11315,1.00,1.50
2017.03.31 17:00:23.427,1.11316,1.11317,1.12,1.87
2017.03.31 17:00:23.537,1.11317,1.11319,2.44,4.12
2017.03.31 17:00:23.722,1.11319,1.1132,1.00,1.12
2017.03.31 17:00:24.229,1.11318,1.1132,1.25,1.12
2017.03.31 17:00:24.757,1.11319,1.1132,1.00,1.12
2017.03.31 17:00:26.590,1.11319,1.11321,2.81,1.50
2017.03.31 17:00:27.020,1.11322,1.11323,3.94,1.12
2017.03.31 17:00:27.172,1.11323,1.11327,3.94,7.87
2017.03.31 17:00:27.224,1.11323,1.11327,4.69,3.37
2017.03.31 17:00:27.276,1.11323,1.11325,3.00,10.59
2017.03.31 17:00:27.479,1.11319,1.11322,5.44,1.50
2017.03.31 17:00:27.833,1.11322,1.11324,1.31,4.12
2017.03.31 17:00:27.935,1.11323,1.11326,3.56,4.50
2017.03.31 17:00:28.120,1.11323,1.11326,3.56,1.00
2017.03.31 17:00:28.635,1.11323,1.11327,3.56,5.25
2017.03.31 17:00:29.012,1.11325,1.11327,1.00,3.75
2017.03.31 17:00:29.664,1.11325,1.11327,1.00,3.75
2017.03.31 17:00:30.251,1.11324,1.11326,1.00,4.12
2017.03.31 17:00:30.304,1.11323,1.11324,1.31,1.00
2017.03.31 17:00:30.405,1.11322,1.11323,1.50,1.50
2017.03.31 17:00:30.557,1.11322,1.11323,1.00,1.50
2017.03.31 17:00:31.013,1.11323,1.11326,2.44,1.50
2017.03.31 17:00:31.165,1.11323,1.11327,2.44,5.29
2017.03.31 17:00:31.541,1.11324,1.11325,1.00,1.00
2017.03.31 17:00:31.739,1.11321,1.11323,1.00,5.62
2017.03.31 17:00:31.891,1.11319,1.11322,3.19,2.62
2017.03.31 17:00:31.942,1.11321,1.11322,1.00,2.62
2017.03.31 17:00:32.530,1.1132,1.11321,1.00,1.50
2017.03.31 17:00:33.538,1.1132,1.11321,1.00,1.05
2017.03.31 17:00:34.073,1.1132,1.11322,1.00,2.62
2017.03.31 17:00:35.421,1.1132,1.11321,1.00,1.00
2017.03.31 17:00:35.946,1.11321,1.11322,1.00,1.50
2017.03.31 17:00:36.619,1.11321,1.11323,2.06,6.00
2017.03.31 17:00:36.772,1.11322,1.11324,1.25,1.12
2017.03.31 17:00:36.874,1.11321,1.11322,1.31,1.00
2017.03.31 17:00:37.178,1.11324,1.11326,1.00,4.87
2017.03.31 17:00:37.703,1.11325,1.11326,1.00,1.00
2017.03.31 17:00:39.180,1.11325,1.11326,1.25,1.00
2017.03.31 17:00:39.231,1.11324,1.11326,2.81,1.00
2017.03.31 17:00:39.282,1.11327,1.11328,1.00,2.25
2017.03.31 17:00:40.898,1.11325,1.11328,1.25,1.87
2017.03.31 17:00:43.040,1.11327,1.11329,1.00,3.79
2017.03.31 17:00:47.466,1.11326,1.11328,1.00,1.16
2017.03.31 17:00:47.618,1.11327,1.11328,1.00,1.12
2017.03.31 17:00:47.821,1.11327,1.11328,1.00,1.00
2017.03.31 17:00:48.328,1.11328,1.11329,1.00,1.87
2017.03.31 17:00:48.776,1.11332,1.11333,1.00,5.25
2017.03.31 17:00:48.828,1.1133,1.11331,3.00,1.00
2017.03.31 17:00:49.335,1.11331,1.11333,1.00,2.62
2017.03.31 17:00:49.740,1.11329,1.1133,1.31,1.00
2017.03.31 17:00:49.842,1.11327,1.11329,3.37,1.50
2017.03.31 17:00:51.419,1.11328,1.11329,1.00,4.12
2017.03.31 17:00:52.744,1.11328,1.1133,1.00,12.19
2017.03.31 17:00:53.268,1.11328,1.11329,1.00,2.62
2017.03.31 17:00:56.665,1.11327,1.11329,1.00,2.62
2017.03.31 17:00:57.275,1.11328,1.11329,1.00,3.00
2017.03.31 17:00:58.364,1.11328,1.1133,1.00,8.62
2017.03.31 17:00:58.465,1.11328,1.1133,2.37,3.37
2017.03.31 17:00:58.568,1.11332,1.11334,1.00,10.50
2017.03.31 17:00:58.619,1.11332,1.11333,1.25,6.37
2017.03.31 17:00:58.803,1.11332,1.11333,1.25,1.87
2017.03.31 17:00:59.332,1.11333,1.11335,1.00,6.75
2017.03.31 17:00:59.847,1.11333,1.11335,1.00,4.12
2017.03.31 17:01:01.240,1.11334,1.11335,1.00,3.75
2017.03.31 17:01:02.349,1.11333,1.11335,1.00,3.00
2017.03.31 17:01:02.706,1.11332,1.11333,1.00,1.12
2017.03.31 17:01:04.336,1.11333,1.11335,1.00,4.87
2017.03.31 17:01:05.070,1.11333,1.11335,1.12,3.75
2017.03.31 17:01:06.674,1.11331,1.11334,1.75,3.00
2017.03.31 17:01:07.783,1.11331,1.11332,1.12,1.00
2017.03.31 17:01:08.087,1.11333,1.11335,1.00,3.37
2017.03.31 17:01:08.620,1.11333,1.11334,1.00,1.00
2017.03.31 17:01:09.276,1.11333,1.11335,1.00,3.41
2017.03.31 17:01:10.089,1.11332,1.11334,1.31,1.00
2017.03.31 17:01:10.700,1.11332,1.11334,1.31,1.00
2017.03.31 17:01:11.995,1.11333,1.11334,1.00,1.00
2017.03.31 17:01:17.229,1.11332,1.11334,1.31,1.00
2017.03.31 17:01:18.418,1.11332,1.11333,1.31,1.00
2017.03.31 17:01:18.589,1.11332,1.11335,1.31,4.87
2017.03.31 17:01:19.540,1.11331,1.11333,3.37,3.00
2017.03.31 17:01:19.743,1.11327,1.11329,2.06,2.25
2017.03.31 17:01:21.823,1.11327,1.11328,1.12,1.00
2017.03.31 17:01:23.496,1.11326,1.11328,1.31,1.50
2017.03.31 17:01:23.721,1.11325,1.11327,1.69,1.37
2017.03.31 17:01:23.873,1.11326,1.11328,1.12,1.87
2017.03.31 17:01:25.031,1.11323,1.11324,1.50,1.12
2017.03.31 17:01:25.339,1.11325,1.11327,1.00,4.12
2017.03.31 17:01:26.759,1.11325,1.11328,1.12,1.87
2017.03.31 17:01:28.469,1.11326,1.11328,1.00,1.50
2017.03.31 17:01:30.939,1.11326,1.11329,1.25,4.87
2017.03.31 17:01:37.663,1.11325,1.11327,2.06,1.00
2017.03.31 17:01:40.947,1.11324,1.11327,5.06,1.00
2017.03.31 17:01:49.455,1.11323,1.11326,1.50,1.00
2017.03.31 17:01:49.965,1.11323,1.11325,1.37,1.00
2017.03.31 17:01:53.031,1.11322,1.11326,2.81,1.00
2017.03.31 17:01:53.389,1.11322,1.11326,1.87,2.44
2017.03.31 17:01:56.473,1.11321,1.11324,2.25,3.56
2017.03.31 17:01:56.574,1.11319,1.11322,2.25,1.50
2017.03.31 17:01:57.081,1.11319,1.11321,1.12,1.00
2017.03.31 17:01:57.588,1.11318,1.11321,9.26,1.00
2017.03.31 17:01:58.891,1.11318,1.11322,8.44,1.87
2017.03.31 17:01:59.413,1.11319,1.11322,1.00,1.12
2017.03.31 17:02:07.355,1.11319,1.11323,4.69,4.50
2017.03.31 17:02:07.889,1.11319,1.11323,4.69,4.50
2017.03.31 17:02:08.522,1.1132,1.11322,1.87,1.00
2017.03.31 17:02:10.172,1.11319,1.11321,3.56,1.50
2017.03.31 17:02:10.692,1.11319,1.11321,2.81,1.00
2017.03.31 17:02:13.792,1.11321,1.11323,1.37,3.75
2017.03.31 17:02:14.314,1.11322,1.11323,1.00,1.00
2017.03.31 17:02:17.425,1.11322,1.11324,1.12,1.00
2017.03.31 17:02:17.729,1.11324,1.11327,1.12,1.31
2017.03.31 17:02:18.133,1.11326,1.11327,1.00,1.25
2017.03.31 17:02:18.363,1.11323,1.11326,4.50,1.00
2017.03.31 17:02:18.872,1.11324,1.11327,1.12,1.69
2017.03.31 17:02:19.379,1.11325,1.11327,1.00,1.25
2017.03.31 17:02:21.055,1.11324,1.11327,2.25,1.69
2017.03.31 17:02:22.184,1.11324,1.11326,1.50,1.00
2017.03.31 17:02:22.388,1.11326,1.11327,1.12,1.20
2017.03.31 17:02:22.540,1.11331,1.11332,1.12,1.12
2017.03.31 17:02:23.046,1.11332,1.11333,1.00,1.00
2017.03.31 17:02:24.548,1.11333,1.11334,1.00,1.50
2017.03.31 17:02:25.055,1.11332,1.11333,1.00,1.00
2017.03.31 17:02:26.311,1.1133,1.11333,6.64,1.00
2017.03.31 17:02:26.766,1.1133,1.11331,4.58,1.50
2017.03.31 17:02:26.868,1.1133,1.11331,1.00,1.12
2017.03.31 17:02:28.558,1.1133,1.11332,4.12,1.00
2017.03.31 17:02:30.262,1.11331,1.11333,1.50,1.00
2017.03.31 17:02:31.296,1.11332,1.11333,1.00,1.00
2017.03.31 17:02:34.729,1.11332,1.11334,1.12,1.31
2017.03.31 17:02:35.627,1.11333,1.11335,1.50,2.81
2017.03.31 17:02:35.678,1.11336,1.11337,1.12,1.50
2017.03.31 17:02:35.729,1.11337,1.1134,1.87,3.37
2017.03.31 17:02:36.188,1.11337,1.1134,1.87,1.00
2017.03.31 17:02:36.594,1.11337,1.11338,2.25,1.50
2017.03.31 17:02:36.872,1.11332,1.11334,1.00,1.12
2017.03.31 17:02:39.757,1.11331,1.11334,4.87,1.00
2017.03.31 17:02:40.749,1.11332,1.11335,1.12,3.00
2017.03.31 17:02:42.764,1.11331,1.11335,4.69,3.37
2017.03.31 17:02:43.549,1.11331,1.11334,4.50,1.00
2017.03.31 17:02:44.054,1.11329,1.11331,9.19,4.20
2017.03.31 17:02:44.156,1.11328,1.11329,7.50,1.69
2017.03.31 17:02:44.207,1.11326,1.11328,2.62,1.50
2017.03.31 17:02:44.258,1.11325,1.11327,2.99,1.00
2017.03.31 17:02:44.714,1.11324,1.11326,1.31,1.00
2017.03.31 17:02:45.259,1.11324,1.11325,1.50,1.00
2017.03.31 17:02:48.724,1.11323,1.11325,2.25,1.00
2017.03.31 17:02:51.195,1.11323,1.11326,3.37,1.31
2017.03.31 17:02:51.701,1.11324,1.11326,1.12,1.00
2017.03.31 17:02:53.863,1.11324,1.11327,1.00,2.36
2017.03.31 17:02:53.914,1.11322,1.11323,3.37,1.00
2017.03.31 17:02:54.369,1.1132,1.11323,4.12,1.00
2017.03.31 17:02:54.773,1.11322,1.11325,2.25,2.44
2017.03.31 17:02:55.313,1.11323,1.11325,2.62,1.00
2017.03.31 17:02:55.414,1.11323,1.11327,5.25,4.69
2017.03.31 17:02:55.922,1.11324,1.11326,2.62,1.00
2017.03.31 17:02:56.428,1.11323,1.11325,1.00,1.00
2017.03.31 17:02:56.682,1.11324,1.11327,1.31,1.12
2017.03.31 17:02:57.191,1.11325,1.11328,3.00,1.12
2017.03.31 17:02:59.182,1.11325,1.11327,2.62,1.00
2017.03.31 17:03:00.145,1.11322,1.11323,4.31,1.00
2017.03.31 17:03:00.196,1.11321,1.11322,4.50,1.00
2017.03.31 17:03:00.349,1.11321,1.11323,2.25,2.25
2017.03.31 17:03:00.401,1.11322,1.11323,1.00,1.12
2017.03.31 17:03:00.554,1.11323,1.11325,1.00,1.31
2017.03.31 17:03:00.756,1.11322,1.11324,3.75,1.00
2017.03.31 17:03:00.859,1.1132,1.11322,3.37,1.00
2017.03.31 17:03:02.216,1.1132,1.11321,1.00,1.00
2017.03.31 17:03:02.731,1.11319,1.11322,3.37,1.87
2017.03.31 17:03:03.284,1.11319,1.11321,1.50,1.00
2017.03.31 17:03:03.812,1.1132,1.11322,1.00,1.24
2017.03.31 17:03:05.269,1.11318,1.11321,11.06,1.00
2017.03.31 17:03:05.811,1.11319,1.11322,1.00,1.99
2017.03.31 17:03:07.036,1.11319,1.11321,1.12,1.00
2017.03.31 17:03:08.299,1.11318,1.11321,2.81,1.50
2017.03.31 17:03:09.797,1.11315,1.11317,14.25,8.31
2017.03.31 17:03:09.898,1.11315,1.11316,2.25,1.31
2017.03.31 17:03:10.415,1.11314,1.11316,1.12,1.69
2017.03.31 17:03:10.960,1.11313,1.11316,3.37,1.80
2017.03.31 17:03:12.967,1.11315,1.11317,1.37,2.36
2017.03.31 17:03:13.220,1.11313,1.11316,3.37,1.50
2017.03.31 17:03:13.596,1.11312,1.11314,1.50,1.00
2017.03.31 17:03:14.989,1.11311,1.11313,3.37,1.00
2017.03.31 17:03:15.546,1.11311,1.11313,3.00,1.00
2017.03.31 17:03:16.331,1.11311,1.11312,2.62,1.00
2017.03.31 17:03:16.646,1.11305,1.11307,3.75,1.00
2017.03.31 17:03:18.700,1.11305,1.11307,3.75,1.00
2017.03.31 17:03:19.207,1.11305,1.11306,1.12,1.00
2017.03.31 17:03:20.118,1.11304,1.11306,2.25,1.00
2017.03.31 17:03:20.641,1.11305,1.11306,1.00,1.00
2017.03.31 17:03:23.178,1.11306,1.11307,1.00,1.12
2017.03.31 17:03:25.017,1.11306,1.11309,1.00,2.81
2017.03.31 17:03:28.582,1.11305,1.11309,1.50,2.17
2017.03.31 17:03:40.715,1.11306,1.11308,1.00,1.31
2017.03.31 17:03:47.091,1.11307,1.11308,1.00,1.12
2017.03.31 17:03:55.886,1.11307,1.11309,1.00,1.00
2017.03.31 17:03:56.365,1.11309,1.11311,2.25,6.53
2017.03.31 17:03:56.467,1.11311,1.11314,1.87,1.54
2017.03.31 17:03:57.026,1.11311,1.11314,3.75,1.87
2017.03.31 17:03:57.165,1.11311,1.11313,1.50,1.19
2017.03.31 17:03:57.268,1.1131,1.11311,1.00,2.81
2017.03.31 17:03:57.369,1.11307,1.11309,1.37,2.25
2017.03.31 17:03:57.903,1.11308,1.1131,1.00,1.00
2017.03.31 17:03:58.411,1.11307,1.1131,1.12,3.37
2017.03.31 17:03:59.087,1.11308,1.11311,2.25,1.12
2017.03.31 17:03:59.239,1.1131,1.11313,2.25,1.00
2017.03.31 17:04:02.160,1.1131,1.11312,1.50,1.00
2017.03.31 17:04:02.805,1.1131,1.11314,1.50,1.87
2017.03.31 17:04:04.960,1.11309,1.11311,4.87,1.00
2017.03.31 17:04:05.062,1.11307,1.1131,1.87,1.87
2017.03.31 17:04:05.580,1.11307,1.1131,3.75,1.12
2017.03.31 17:04:06.736,1.11308,1.11312,1.50,1.69
2017.03.31 17:04:07.040,1.11309,1.11313,3.37,1.35
2017.03.31 17:04:08.042,1.11308,1.1131,1.50,1.87
2017.03.31 17:04:08.768,1.11307,1.1131,1.00,1.87
2017.03.31 17:04:11.246,1.11307,1.1131,2.62,1.12
2017.03.31 17:04:11.753,1.11308,1.11311,1.00,1.12
2017.03.31 17:04:13.590,1.1131,1.11313,1.12,1.00
2017.03.31 17:04:15.531,1.1131,1.11314,3.75,2.44
2017.03.31 17:04:16.116,1.1131,1.11314,3.94,2.25
2017.03.31 17:04:25.107,1.11312,1.11314,1.00,1.00
2017.03.31 17:04:25.614,1.11311,1.11314,1.31,1.50
2017.03.31 17:04:30.224,1.11312,1.11314,1.00,1.00
2017.03.31 17:04:30.731,1.11311,1.11314,1.69,1.00
2017.03.31 17:04:33.916,1.11311,1.11313,1.00,1.00
2017.03.31 17:04:34.559,1.1131,1.11312,1.69,1.00
2017.03.31 17:04:39.022,1.11309,1.11311,1.87,1.00
2017.03.31 17:04:39.073,1.11307,1.11309,1.87,1.00
2017.03.31 17:04:39.579,1.11307,1.11309,1.12,1.00
2017.03.31 17:04:40.887,1.11307,1.11309,1.50,1.12
2017.03.31 17:04:42.367,1.11307,1.11309,1.12,1.00
2017.03.31 17:04:43.785,1.11307,1.11309,1.87,2.12
2017.03.31 17:04:43.837,1.11308,1.1131,2.44,1.12
2017.03.31 17:04:43.888,1.11309,1.11312,1.50,3.56
2017.03.31 17:04:44.394,1.1131,1.11312,1.00,1.00
2017.03.31 17:04:44.900,1.1131,1.11312,1.00,1.00
2017.03.31 17:04:45.446,1.11309,1.11311,3.75,1.00
2017.03.31 17:04:45.750,1.11308,1.1131,1.00,1.00
2017.03.31 17:04:46.157,1.11307,1.11309,1.50,1.00
2017.03.31 17:04:46.209,1.11308,1.1131,2.25,1.12
2017.03.31 17:04:46.310,1.1131,1.11312,1.50,1.50
2017.03.31 17:04:46.361,1.11311,1.11313,1.87,1.00
2017.03.31 17:04:46.868,1.11311,1.11313,1.00,1.50
2017.03.31 17:04:47.383,1.11311,1.11312,1.00,1.00
2017.03.31 17:04:48.773,1.1131,1.11312,1.87,1.00
2017.03.31 17:04:48.881,1.11308,1.1131,1.69,1.00
2017.03.31 17:04:49.425,1.11308,1.11311,2.06,1.00
2017.03.31 17:04:55.304,1.11309,1.11311,1.50,1.00
2017.03.31 17:05:00.762,1.11308,1.1131,2.25,1.00
2017.03.31 17:05:00.864,1.11308,1.11311,1.50,1.00
2017.03.31 17:05:01.405,1.11308,1.11311,2.44,1.00
2017.03.31 17:05:01.915,1.1131,1.11312,1.87,1.00
2017.03.31 17:05:05.930,1.11309,1.11311,2.44,1.00
2017.03.31 17:05:06.635,1.1131,1.11312,1.00,1.00
2017.03.31 17:05:11.675,1.1131,1.11312,3.75,1.00
2017.03.31 17:05:15.816,1.11314,1.11315,1.50,1.31
2017.03.31 17:05:15.867,1.11315,1.11316,2.06,9.19
2017.03.31 17:05:16.019,1.11316,1.11318,1.00,1.12
2017.03.31 17:05:16.121,1.11315,1.11317,4.87,1.00
2017.03.31 17:05:16.324,1.11311,1.11313,1.37,1.00
2017.03.31 17:05:17.457,1.11311,1.11313,1.00,1.00
2017.03.31 17:05:20.872,1.11312,1.11313,1.00,1.00
2017.03.31 17:05:21.418,1.11312,1.11314,1.50,1.00
2017.03.31 17:05:25.893,1.11312,1.11314,2.06,1.00
2017.03.31 17:05:26.046,1.11313,1.11316,3.19,1.00
2017.03.31 17:05:26.351,1.11312,1.11315,1.00,1.00
2017.03.31 17:05:26.873,1.11312,1.11314,1.00,1.00
2017.03.31 17:05:31.010,1.11311,1.11315,3.19,1.50
2017.03.31 17:05:31.516,1.11311,1.11314,3.94,1.00
2017.03.31 17:05:32.023,1.11311,1.11314,3.94,1.00
2017.03.31 17:05:33.796,1.11312,1.11313,1.00,5.10
2017.03.31 17:05:33.847,1.1131,1.11312,3.75,1.00
2017.03.31 17:05:33.949,1.11309,1.11311,1.50,1.00
2017.03.31 17:05:34.994,1.11309,1.11312,5.81,1.12
2017.03.31 17:05:35.407,1.11309,1.11312,1.69,1.50
2017.03.31 17:05:38.315,1.1131,1.11313,3.00,1.12
2017.03.31 17:05:38.976,1.11311,1.11314,1.69,1.20
2017.03.31 17:05:40.939,1.11312,1.11314,1.25,1.20
2017.03.31 17:05:41.139,1.11313,1.11316,1.69,1.00
2017.03.31 17:05:41.671,1.11312,1.11315,1.00,1.50
2017.03.31 17:05:41.827,1.11313,1.11316,1.69,1.00
2017.03.31 17:05:42.283,1.11315,1.11318,1.50,1.00
2017.03.31 17:05:44.509,1.11315,1.11317,1.12,1.00
2017.03.31 17:05:44.712,1.11312,1.11315,1.62,2.25
2017.03.31 17:05:45.235,1.11311,1.11315,3.19,1.87
2017.03.31 17:05:45.498,1.11314,1.11316,2.44,1.87
2017.03.31 17:05:45.601,1.11315,1.11318,1.31,1.12
2017.03.31 17:05:47.131,1.11314,1.11316,2.44,1.00
2017.03.31 17:05:47.540,1.11311,1.11315,4.69,1.87
2017.03.31 17:05:58.337,1.11311,1.11314,3.56,1.50
2017.03.31 17:05:58.873,1.11311,1.11314,3.19,1.37
2017.03.31 17:06:04.781,1.11312,1.11315,1.50,1.87
2017.03.31 17:06:04.832,1.11312,1.11315,1.50,1.12
2017.03.31 17:06:05.162,1.11314,1.11316,1.87,1.12
2017.03.31 17:06:05.415,1.11317,1.1132,1.50,1.87
2017.03.31 17:06:06.081,1.11317,1.1132,1.12,2.25
2017.03.31 17:06:06.778,1.11317,1.11321,3.37,2.62
2017.03.31 17:06:06.830,1.11321,1.11322,1.12,1.00
2017.03.31 17:06:06.932,1.11322,1.11325,1.69,2.25
2017.03.31 17:06:07.035,1.11322,1.11323,1.00,1.00
2017.03.31 17:06:07.238,1.1132,1.11322,1.12,1.00
2017.03.31 17:06:07.592,1.11318,1.11321,1.00,1.00
2017.03.31 17:06:12.486,1.11318,1.11322,2.81,2.62
2017.03.31 17:06:12.755,1.11325,1.11326,1.00,2.25
2017.03.31 17:06:12.857,1.11325,1.11328,2.06,1.87
2017.03.31 17:06:13.364,1.11324,1.11328,2.06,3.37
2017.03.31 17:06:13.415,1.11324,1.11326,1.69,1.00
2017.03.31 17:06:13.940,1.11324,1.11327,1.62,1.50
2017.03.31 17:06:14.447,1.11324,1.11328,2.06,4.12
2017.03.31 17:06:14.764,1.11327,1.11331,1.69,3.37
2017.03.31 17:06:15.067,1.11326,1.11327,7.50,1.00
2017.03.31 17:06:16.346,1.11324,1.11327,3.19,1.00
2017.03.31 17:06:16.911,1.11324,1.11327,1.87,1.00
2017.03.31 17:06:17.435,1.11324,1.11328,1.87,1.12
2017.03.31 17:06:17.973,1.11325,1.11328,1.00,1.12
2017.03.31 17:06:18.482,1.11324,1.11328,2.25,1.87
2017.03.31 17:06:19.041,1.11324,1.11327,1.50,1.12
2017.03.31 17:06:19.548,1.11325,1.11328,1.69,1.50
2017.03.31 17:06:20.067,1.11324,1.11328,1.50,3.00
2017.03.31 17:06:21.038,1.11324,1.11328,1.87,1.87
2017.03.31 17:06:21.544,1.11324,1.11327,1.12,1.12
2017.03.31 17:06:23.298,1.11325,1.11328,1.00,3.37
2017.03.31 17:06:23.602,1.11327,1.1133,1.00,2.25
2017.03.31 17:06:24.131,1.11327,1.1133,1.50,1.50
2017.03.31 17:06:26.118,1.11329,1.11331,3.37,1.62
2017.03.31 17:06:26.221,1.1133,1.11332,1.00,2.62
2017.03.31 17:06:26.525,1.1133,1.11334,1.87,2.06
2017.03.31 17:06:27.066,1.1133,1.11334,1.50,2.81
2017.03.31 17:06:27.573,1.1133,1.11333,1.50,1.00
2017.03.31 17:06:28.700,1.11331,1.11333,2.25,1.00
2017.03.31 17:06:31.731,1.1133,1.11334,2.44,3.37
2017.03.31 17:06:32.771,1.1133,1.11334,2.44,1.87
2017.03.31 17:06:33.316,1.11329,1.11333,9.94,1.87
2017.03.31 17:06:35.886,1.11329,1.11333,1.31,2.25
2017.03.31 17:06:36.424,1.11329,1.11333,1.31,3.00
2017.03.31 17:06:42.386,1.1133,1.11332,1.00,1.12
2017.03.31 17:06:46.986,1.11329,1.11332,5.06,1.00
2017.03.31 17:06:47.501,1.11329,1.11331,3.94,1.00
2017.03.31 17:06:49.610,1.11332,1.11334,1.00,3.00
2017.03.31 17:06:49.864,1.11333,1.11337,8.44,1.00
2017.03.31 17:06:50.480,1.11333,1.11336,5.25,1.00
2017.03.31 17:06:50.632,1.1133,1.11334,1.31,2.62
2017.03.31 17:06:50.734,1.11329,1.11332,3.56,1.00
2017.03.31 17:06:51.038,1.11333,1.11336,1.50,3.00
2017.03.31 17:06:51.140,1.11334,1.11337,1.00,1.00
2017.03.31 17:06:52.643,1.11334,1.11336,1.12,1.00
2017.03.31 17:06:52.795,1.11331,1.11333,4.35,1.00
2017.03.31 17:06:53.301,1.11331,1.11334,3.94,1.12
2017.03.31 17:06:53.554,1.11332,1.11336,1.50,3.75
2017.03.31 17:06:53.867,1.11334,1.11337,2.44,1.87
2017.03.31 17:06:53.969,1.11334,1.11338,3.94,1.12
2017.03.31 17:06:54.487,1.11335,1.11339,3.19,1.87
2017.03.31 17:06:55.009,1.11335,1.11338,1.69,1.00
2017.03.31 17:06:56.231,1.11336,1.11339,1.31,1.12
2017.03.31 17:06:56.434,1.11338,1.1134,1.12,2.62
2017.03.31 17:06:56.941,1.11338,1.11339,7.50,1.87
2017.03.31 17:06:57.524,1.11335,1.11339,2.06,1.12
2017.03.31 17:07:00.453,1.11335,1.11338,1.87,1.12
2017.03.31 17:07:00.961,1.11336,1.11339,1.00,1.12
2017.03.31 17:07:01.561,1.11334,1.11336,1.50,1.00
2017.03.31 17:07:02.067,1.11334,1.11337,2.44,1.00
2017.03.31 17:07:02.413,1.1133,1.11332,5.81,1.00
2017.03.31 17:07:02.922,1.1133,1.11333,1.54,1.50
2017.03.31 17:07:06.226,1.11329,1.11332,4.16,1.87
2017.03.31 17:07:06.733,1.11329,1.11333,7.16,1.50
2017.03.31 17:07:07.670,1.11329,1.11333,7.91,1.50
2017.03.31 17:07:08.175,1.11329,1.11333,8.29,1.12
2017.03.31 17:07:11.092,1.1133,1.11333,1.35,1.50
2017.03.31 17:07:14.346,1.11329,1.11333,3.04,1.50
2017.03.31 17:07:15.306,1.11329,1.11333,2.81,1.50
2017.03.31 17:07:15.852,1.1133,1.11333,1.37,1.12
2017.03.31 17:07:16.114,1.11329,1.11332,3.41,1.87
2017.03.31 17:07:16.165,1.11329,1.11332,2.44,1.12
2017.03.31 17:07:16.722,1.11329,1.11333,4.35,1.12
2017.03.31 17:07:17.226,1.11329,1.11333,4.35,1.12
2017.03.31 17:07:23.456,1.11329,1.11333,3.79,1.50
2017.03.31 17:07:24.069,1.11329,1.11333,2.81,1.50
2017.03.31 17:07:25.466,1.11329,1.11332,2.85,1.00
2017.03.31 17:07:25.972,1.11329,1.11333,3.56,1.12
2017.03.31 17:07:26.496,1.11329,1.11333,4.31,1.12
2017.03.31 17:07:29.612,1.11329,1.11333,5.06,1.12
2017.03.31 17:07:30.234,1.1133,1.11334,1.37,2.25
2017.03.31 17:07:30.756,1.1133,1.11333,2.06,1.00
2017.03.31 17:07:37.216,1.1133,1.11334,2.06,2.62
2017.03.31 17:07:38.175,1.11329,1.11332,6.79,3.75
2017.03.31 17:07:38.731,1.1133,1.11333,1.62,1.12
2017.03.31 17:07:40.206,1.1133,1.11334,3.19,2.25
2017.03.31 17:07:45.233,1.1133,1.11334,2.44,1.50
2017.03.31 17:07:48.222,1.1133,1.11334,2.29,1.50
2017.03.31 17:07:49.191,1.1133,1.11334,2.66,1.50
2017.03.31 17:07:49.738,1.11331,1.11335,1.37,4.69
2017.03.31 17:07:50.271,1.11332,1.11334,1.25,1.50
2017.03.31 17:07:50.834,1.11332,1.11335,1.00,6.00
2017.03.31 17:07:51.448,1.11335,1.11336,1.00,6.00
2017.03.31 17:07:51.651,1.11336,1.11339,1.62,1.12
2017.03.31 17:07:53.216,1.11336,1.1134,1.31,3.00
2017.03.31 17:07:54.084,1.11337,1.1134,1.12,1.87
2017.03.31 17:07:54.671,1.11337,1.1134,1.37,1.87
2017.03.31 17:07:55.180,1.11336,1.1134,1.69,3.00
2017.03.31 17:07:55.804,1.11336,1.1134,1.69,3.00
2017.03.31 17:07:56.308,1.11336,1.1134,1.69,3.00
2017.03.31 17:08:03.325,1.11336,1.1134,1.69,2.25
2017.03.31 17:08:14.888,1.11337,1.1134,1.12,1.37
2017.03.31 17:08:15.293,1.11338,1.1134,1.00,1.12
2017.03.31 17:08:15.796,1.11338,1.1134,1.00,1.37
2017.03.31 17:08:16.311,1.11337,1.1134,1.50,1.37
2017.03.31 17:08:19.227,1.11337,1.1134,1.50,1.12
2017.03.31 17:08:22.807,1.11337,1.11341,1.50,4.87
2017.03.31 17:08:25.577,1.11337,1.11341,1.50,4.87
2017.03.31 17:08:27.615,1.11337,1.11341,1.50,4.12
2017.03.31 17:08:28.129,1.11338,1.11341,1.12,3.37
2017.03.31 17:08:28.434,1.11342,1.11344,1.87,1.00
2017.03.31 17:08:28.532,1.11343,1.11346,1.00,3.37
2017.03.31 17:08:28.835,1.11342,1.11345,1.00,4.87
2017.03.31 17:08:29.341,1.11342,1.11345,1.12,1.87
2017.03.31 17:08:29.493,1.11342,1.11345,1.12,1.00
2017.03.31 17:08:30.028,1.11342,1.11346,1.87,4.12
2017.03.31 17:08:30.732,1.11342,1.11346,1.87,1.87
2017.03.31 17:08:31.238,1.11343,1.11346,1.12,2.25
2017.03.31 17:08:32.727,1.11344,1.11347,1.12,3.19
2017.03.31 17:08:33.242,1.11344,1.11347,1.12,2.25
2017.03.31 17:08:33.748,1.11344,1.11347,1.37,2.25
2017.03.31 17:08:33.850,1.11349,1.11351,1.37,8.62
2017.03.31 17:08:33.901,1.11349,1.1135,1.00,1.12
2017.03.31 17:08:34.003,1.11348,1.11352,1.50,3.00
2017.03.31 17:08:34.558,1.1135,1.11352,1.12,1.00
2017.03.31 17:08:35.075,1.11351,1.11353,1.00,1.25
2017.03.31 17:08:35.612,1.11351,1.11353,1.37,1.00
2017.03.31 17:08:36.172,1.11351,1.11354,1.50,3.75
2017.03.31 17:08:36.678,1.11351,1.11354,1.12,4.50
2017.03.31 17:08:37.203,1.11352,1.11354,1.12,2.62
2017.03.31 17:08:37.731,1.11351,1.11353,1.50,2.25
2017.03.31 17:08:38.237,1.11351,1.11353,1.00,1.50
2017.03.31 17:08:38.745,1.11351,1.11353,1.87,2.62
2017.03.31 17:08:39.306,1.11351,1.11352,1.87,1.00
2017.03.31 17:08:39.957,1.11351,1.11353,1.87,2.25
2017.03.31 17:08:41.120,1.11352,1.11354,1.37,2.62
2017.03.31 17:08:41.323,1.11354,1.11356,1.00,1.50
2017.03.31 17:08:41.831,1.11355,1.11357,1.00,1.50
2017.03.31 17:08:42.331,1.11355,1.11358,1.12,1.87
2017.03.31 17:08:42.483,1.11355,1.11356,1.12,1.00
2017.03.31 17:08:42.638,1.11355,1.11358,1.12,1.00
2017.03.31 17:08:43.145,1.11355,1.11357,1.12,1.00
2017.03.31 17:08:43.399,1.11354,1.11355,1.00,1.87
2017.03.31 17:08:43.579,1.11352,1.11354,3.75,1.12
2017.03.31 17:08:44.085,1.11353,1.11356,1.12,4.12
2017.03.31 17:08:45.194,1.11353,1.11355,1.12,1.00
2017.03.31 17:08:52.287,1.11354,1.11355,1.12,1.00
2017.03.31 17:08:52.338,1.11355,1.11357,1.37,2.25
2017.03.31 17:08:52.551,1.11356,1.1136,1.37,8.62
2017.03.31 17:08:52.753,1.11355,1.1136,2.06,9.37
2017.03.31 17:08:53.290,1.11355,1.1136,2.81,8.62
2017.03.31 17:08:53.442,1.11356,1.11357,1.12,1.12
2017.03.31 17:08:54.778,1.11356,1.1136,1.12,7.31
2017.03.31 17:08:55.310,1.11355,1.11358,2.44,1.00
2017.03.31 17:08:55.714,1.11358,1.1136,1.00,7.87
2017.03.31 17:08:55.766,1.11355,1.11358,5.25,1.87
2017.03.31 17:08:56.019,1.11358,1.11359,1.00,1.12
2017.03.31 17:08:56.568,1.11357,1.1136,1.12,6.75
2017.03.31 17:08:56.926,1.11354,1.11355,3.75,1.87
2017.03.31 17:08:57.432,1.11353,1.11354,6.37,3.75
2017.03.31 17:08:57.844,1.11356,1.11358,1.37,4.50
2017.03.31 17:08:58.097,1.11356,1.11359,1.50,1.00
2017.03.31 17:09:00.103,1.11358,1.1136,1.00,5.62
2017.03.31 17:09:00.626,1.11358,1.1136,1.00,3.75
2017.03.31 17:09:01.129,1.11356,1.1136,1.50,3.37
2017.03.31 17:09:01.898,1.11356,1.11359,1.50,1.00
2017.03.31 17:09:04.237,1.11357,1.1136,1.00,3.37
2017.03.31 17:09:04.490,1.11356,1.11358,5.06,1.00
2017.03.31 17:09:04.998,1.11356,1.1136,5.81,4.12
2017.03.31 17:09:05.706,1.11358,1.1136,1.00,3.37
2017.03.31 17:09:07.987,1.11358,1.1136,1.00,2.62
2017.03.31 17:09:08.291,1.11359,1.11361,1.00,6.75
2017.03.31 17:09:08.802,1.11359,1.1136,1.12,2.25
2017.03.31 17:09:09.501,1.11359,1.11361,1.00,6.00
2017.03.31 17:09:11.630,1.11359,1.1136,1.00,1.50
2017.03.31 17:09:12.201,1.11359,1.1136,1.00,1.50
2017.03.31 17:09:14.009,1.11362,1.11363,1.00,3.37
2017.03.31 17:09:14.060,1.11362,1.11363,1.00,1.12
2017.03.31 17:09:14.111,1.11362,1.11364,1.00,1.69
2017.03.31 17:09:14.263,1.1136,1.11362,5.62,4.75
2017.03.31 17:09:14.415,1.11358,1.1136,9.19,1.50
2017.03.31 17:09:14.927,1.11359,1.11361,2.44,1.50
2017.03.31 17:09:15.029,1.1136,1.11363,2.06,1.00
2017.03.31 17:09:15.485,1.11363,1.11364,1.00,1.31
2017.03.31 17:09:15.981,1.11364,1.11366,1.00,3.75
2017.03.31 17:09:17.010,1.11364,1.11366,2.44,1.50
2017.03.31 17:09:17.112,1.11369,1.1137,1.00,1.00
2017.03.31 17:09:17.620,1.1137,1.11371,1.00,1.87
2017.03.31 17:09:21.190,1.11369,1.11372,2.25,2.25
2017.03.31 17:09:21.695,1.11368,1.11372,4.12,4.12
2017.03.31 17:09:23.106,1.11369,1.11372,1.00,3.00
2017.03.31 17:09:23.631,1.1137,1.11371,1.00,1.50
2017.03.31 17:09:24.816,1.11367,1.11371,3.19,1.50
2017.03.31 17:09:26.070,1.11365,1.11367,16.12,2.50
2017.03.31 17:09:26.223,1.11364,1.11366,1.50,2.25
2017.03.31 17:09:26.325,1.11363,1.11365,1.00,1.12
2017.03.31 17:09:26.985,1.11362,1.11366,10.12,4.50
2017.03.31 17:09:27.361,1.11362,1.11364,9.00,1.00
2017.03.31 17:09:27.866,1.11362,1.11365,1.00,1.12
2017.03.31 17:09:28.726,1.11363,1.11366,1.00,4.50
2017.03.31 17:09:29.266,1.11363,1.11366,1.12,3.75
2017.03.31 17:09:29.781,1.11363,1.11365,1.12,1.50
2017.03.31 17:09:33.067,1.1136,1.11361,6.75,1.00
2017.03.31 17:09:33.270,1.11357,1.1136,4.69,3.00
2017.03.31 17:09:33.776,1.11357,1.1136,4.12,2.25
2017.03.31 17:09:35.620,1.11356,1.11357,4.42,1.50
2017.03.31 17:09:35.824,1.1135,1.11353,4.50,1.50
2017.03.31 17:09:36.364,1.1135,1.11353,1.00,1.12
2017.03.31 17:09:38.620,1.1135,1.11352,1.00,1.12
2017.03.31 17:09:43.215,1.11347,1.11348,7.50,7.31
2017.03.31 17:09:43.266,1.11347,1.11348,3.00,7.31
2017.03.31 17:09:43.772,1.11346,1.11347,9.56,1.00
2017.03.31 17:09:44.390,1.11347,1.11348,1.50,4.69
2017.03.31 17:09:44.542,1.11345,1.11348,1.12,4.31
2017.03.31 17:09:44.744,1.11345,1.11346,1.00,1.00
2017.03.31 17:09:45.287,1.11344,1.11347,5.02,1.12
2017.03.31 17:09:45.837,1.11344,1.11347,5.02,1.12
2017.03.31 17:09:49.483,1.11345,1.11347,1.00,1.12
2017.03.31 17:09:50.141,1.11344,1.11347,3.56,1.12
2017.03.31 17:09:51.759,1.11344,1.11347,4.65,1.12
2017.03.31 17:09:52.296,1.11344,1.11348,5.40,6.56
2017.03.31 17:09:52.819,1.11345,1.11348,1.00,6.56
2017.03.31 17:09:53.378,1.11345,1.11348,6.37,5.81
2017.03.31 17:09:53.582,1.11345,1.11348,3.37,3.00
2017.03.31 17:09:54.472,1.11345,1.11348,1.00,6.00
2017.03.31 17:09:54.574,1.11346,1.11348,1.62,4.50
2017.03.31 17:09:54.777,1.11348,1.11351,3.00,1.50
2017.03.31 17:09:55.283,1.11349,1.11352,1.00,1.37
2017.03.31 17:09:56.215,1.11348,1.11351,2.62,1.00
2017.03.31 17:09:58.744,1.11349,1.11351,1.12,1.12
2017.03.31 17:10:00.083,1.11349,1.11353,3.56,2.62
2017.03.31 17:10:00.134,1.11349,1.11353,3.94,2.25
2017.03.31 17:10:03.344,1.11351,1.11354,1.37,6.75
2017.03.31 17:10:03.395,1.1135,1.11354,3.75,6.00
2017.03.31 17:10:04.371,1.11351,1.11354,1.37,9.75
2017.03.31 17:10:04.573,1.11355,1.11357,1.12,1.87
2017.03.31 17:10:12.641,1.11356,1.11357,1.20,1.00
2017.03.31 17:10:12.742,1.11356,1.11359,1.31,1.87
2017.03.31 17:10:13.249,1.11355,1.11359,2.62,3.00
2017.03.31 17:10:19.159,1.11356,1.11359,1.00,1.87
2017.03.31 17:10:19.664,1.11355,1.11359,1.87,3.00
2017.03.31 17:10:22.060,1.11356,1.11359,1.00,3.00
2017.03.31 17:10:23.027,1.11356,1.11357,1.00,1.00
2017.03.31 17:10:23.544,1.11356,1.11359,1.00,2.25
2017.03.31 17:10:28.259,1.11353,1.11355,10.65,4.01
2017.03.31 17:10:28.468,1.11351,1.11354,2.44,1.50
2017.03.31 17:10:29.008,1.11352,1.11355,2.25,1.87
2017.03.31 17:10:29.333,1.11353,1.11356,3.56,1.50
2017.03.31 17:10:29.384,1.11353,1.11357,4.69,3.00
2017.03.31 17:10:29.890,1.11354,1.11357,1.50,1.00
2017.03.31 17:10:30.393,1.11354,1.11357,1.87,1.00
2017.03.31 17:10:31.560,1.11355,1.11358,1.12,1.12
2017.03.31 17:10:31.714,1.11353,1.11354,4.84,1.00
2017.03.31 17:10:31.816,1.11352,1.11354,1.87,4.12
2017.03.31 17:10:32.323,1.11351,1.11354,1.25,4.50
2017.03.31 17:10:35.693,1.11351,1.11354,4.27,4.50
2017.03.31 17:10:36.593,1.11351,1.11353,4.65,1.00
2017.03.31 17:10:37.101,1.11351,1.11354,1.69,7.12
2017.03.31 17:10:44.313,1.11351,1.11354,1.50,7.12
2017.03.31 17:10:44.818,1.1135,1.11354,2.62,9.04
2017.03.31 17:10:45.408,1.1135,1.11354,1.87,9.41
2017.03.31 17:10:46.409,1.1135,1.11354,2.62,9.04
2017.03.31 17:10:52.701,1.1135,1.11353,1.50,1.87
2017.03.31 17:11:01.279,1.11347,1.11348,10.31,2.63
2017.03.31 17:11:01.483,1.11344,1.11348,5.06,4.87
2017.03.31 17:11:03.798,1.11344,1.11348,1.31,6.75
2017.03.31 17:11:04.606,1.11344,1.11346,1.31,1.00
2017.03.31 17:11:12.032,1.11344,1.11346,2.40,1.00
2017.03.31 17:11:12.780,1.11344,1.11346,3.52,1.00
2017.03.31 17:11:26.917,1.11344,1.11347,1.69,1.12
2017.03.31 17:11:27.119,1.11345,1.11348,6.56,6.00
2017.03.31 17:11:31.449,1.11349,1.11351,2.06,6.37
2017.03.31 17:11:31.642,1.1135,1.11353,4.50,1.12
2017.03.31 17:11:32.149,1.1135,1.11354,3.37,9.38
2017.03.31 17:11:46.181,1.11349,1.11353,4.27,1.12
2017.03.31 17:11:48.666,1.1135,1.11353,1.46,1.12
2017.03.31 17:11:49.593,1.11351,1.11354,1.50,7.88
2017.03.31 17:11:57.693,1.11353,1.11354,4.12,4.87
2017.03.31 17:11:57.845,1.11355,1.11358,1.62,1.00
2017.03.31 17:12:00.426,1.11356,1.11359,1.31,1.12
2017.03.31 17:12:01.009,1.11357,1.1136,1.20,4.87
2017.03.31 17:12:02.618,1.11356,1.11358,2.81,1.00
2017.03.31 17:12:02.770,1.11355,1.11359,1.12,6.94
2017.03.31 17:12:03.309,1.11355,1.11359,1.87,6.56
2017.03.31 17:12:09.238,1.11357,1.1136,1.31,4.91
2017.03.31 17:12:09.744,1.11356,1.1136,4.27,3.75
2017.03.31 17:12:11.946,1.11359,1.1136,3.00,1.00
2017.03.31 17:12:11.998,1.11363,1.11364,1.25,1.00
2017.03.31 17:12:12.201,1.11364,1.11366,2.06,1.00
2017.03.31 17:12:12.555,1.11368,1.11371,2.25,7.50
2017.03.31 17:12:12.606,1.11368,1.11371,2.25,1.87
2017.03.31 17:12:13.116,1.11368,1.11371,2.59,1.12
2017.03.31 17:12:13.578,1.1137,1.11372,1.31,2.25
2017.03.31 17:12:14.096,1.1137,1.11372,1.31,1.50
2017.03.31 17:12:15.814,1.11372,1.11374,1.37,2.29
2017.03.31 17:12:15.915,1.11373,1.11375,2.44,1.50
2017.03.31 17:12:16.017,1.11374,1.11377,1.25,1.12
2017.03.31 17:12:16.533,1.11374,1.11377,2.40,1.12
2017.03.31 17:12:25.340,1.11373,1.11375,2.59,1.25
2017.03.31 17:12:25.878,1.11373,1.11377,1.87,5.10
2017.03.31 17:12:26.384,1.11374,1.11376,1.50,1.12
2017.03.31 17:12:27.347,1.11374,1.11377,2.25,1.69
2017.03.31 17:12:28.697,1.11374,1.11378,4.12,3.56
2017.03.31 17:12:29.558,1.11374,1.11378,2.21,5.44
2017.03.31 17:12:31.267,1.11374,1.11377,2.25,1.25
2017.03.31 17:12:34.461,1.11374,1.11377,2.62,1.69
2017.03.31 17:12:35.017,1.11374,1.11378,1.50,5.85
2017.03.31 17:12:37.567,1.11376,1.11378,1.37,2.81
2017.03.31 17:12:37.883,1.11381,1.11383,1.12,1.69
2017.03.31 17:12:38.390,1.1138,1.11383,1.00,1.31
2017.03.31 17:12:38.896,1.11381,1.11384,1.50,2.81
2017.03.31 17:12:49.716,1.11378,1.1138,13.09,4.70
2017.03.31 17:12:49.817,1.11378,1.11379,1.87,2.06
2017.03.31 17:12:49.868,1.11375,1.11378,6.07,1.12
2017.03.31 17:12:50.394,1.11375,1.11378,4.12,1.00
2017.03.31 17:12:50.902,1.11375,1.11378,3.00,2.44
2017.03.31 17:12:54.117,1.11374,1.11377,1.00,2.81
2017.03.31 17:13:10.317,1.11372,1.11373,5.14,2.25
2017.03.31 17:13:10.470,1.11371,1.11373,1.00,4.13
2017.03.31 17:13:11.870,1.1137,1.11372,2.62,1.00
2017.03.31 17:13:12.410,1.1137,1.11373,4.39,4.13
2017.03.31 17:13:13.522,1.11372,1.11373,1.00,4.12
2017.03.31 17:13:13.576,1.11373,1.11375,1.87,4.50
2017.03.31 17:13:13.678,1.11374,1.11378,2.62,8.25
2017.03.31 17:13:13.729,1.11374,1.11377,2.62,1.00
2017.03.31 17:13:14.754,1.11373,1.11375,5.44,1.00
2017.03.31 17:13:14.855,1.11373,1.11376,4.76,1.50
2017.03.31 17:13:15.058,1.11371,1.11373,13.31,1.00
2017.03.31 17:13:15.654,1.11372,1.11373,2.25,3.75
2017.03.31 17:13:16.193,1.1137,1.11372,2.44,1.12
2017.03.31 17:13:16.741,1.1137,1.11372,1.31,1.12
2017.03.31 17:13:20.057,1.1137,1.11372,2.44,1.12
2017.03.31 17:13:20.603,1.1137,1.11372,1.69,1.50
2017.03.31 17:13:22.471,1.11369,1.11371,3.94,1.00
2017.03.31 17:13:22.635,1.11368,1.1137,2.62,1.00
2017.03.31 17:13:23.142,1.11368,1.11371,4.31,1.00
2017.03.31 17:13:23.670,1.11369,1.11372,1.50,1.87
2017.03.31 17:13:26.777,1.11369,1.11371,1.00,1.00
2017.03.31 17:13:27.849,1.11368,1.11369,1.12,1.00
2017.03.31 17:13:27.985,1.11367,1.11369,1.12,1.12
2017.03.31 17:13:31.665,1.11366,1.11367,1.87,1.50
2017.03.31 17:13:31.767,1.11364,1.11366,1.69,1.88
2017.03.31 17:13:32.974,1.11364,1.11365,1.25,1.50
2017.03.31 17:13:54.259,1.11363,1.11365,1.69,1.50
2017.03.31 17:13:54.781,1.11362,1.11365,1.50,1.00
2017.03.31 17:13:57.027,1.11362,1.11366,2.25,3.37
2017.03.31 17:13:57.547,1.11363,1.11366,2.25,1.87
2017.03.31 17:13:57.598,1.11366,1.11368,4.31,6.75
2017.03.31 17:13:57.750,1.11367,1.1137,2.81,1.12
2017.03.31 17:13:58.055,1.11369,1.1137,1.00,1.12
2017.03.31 17:13:58.371,1.11374,1.11376,1.87,1.37
2017.03.31 17:13:58.423,1.11374,1.11376,1.50,1.00
2017.03.31 17:13:58.948,1.11374,1.11377,2.06,1.12
2017.03.31 17:13:59.050,1.11377,1.11378,1.00,3.37
2017.03.31 17:13:59.202,1.11378,1.11382,6.94,5.25
2017.03.31 17:13:59.253,1.1138,1.11382,1.87,1.12
2017.03.31 17:13:59.760,1.1138,1.11383,2.06,1.87
2017.03.31 17:14:00.217,1.11382,1.11384,1.00,1.37
2017.03.31 17:14:00.269,1.11382,1.11385,1.00,4.12
2017.03.31 17:14:01.103,1.11381,1.11384,2.81,1.00
2017.03.31 17:14:02.824,1.11381,1.11382,2.44,1.00
2017.03.31 17:14:03.326,1.11381,1.11383,1.12,1.00
2017.03.31 17:14:03.888,1.11382,1.11384,1.00,1.00
2017.03.31 17:14:05.622,1.11385,1.11386,2.62,2.25
2017.03.31 17:14:05.933,1.11394,1.11396,1.50,1.00
2017.03.31 17:14:05.984,1.11394,1.11397,1.87,1.12
2017.03.31 17:14:06.509,1.11393,1.11396,5.44,1.00
2017.03.31 17:14:11.024,1.11394,1.11397,2.06,2.62
2017.03.31 17:14:11.671,1.11395,1.11396,8.25,1.00
2017.03.31 17:14:12.650,1.11393,1.11396,1.69,1.00
2017.03.31 17:14:13.624,1.11393,1.11397,2.44,4.12
2017.03.31 17:14:14.065,1.11397,1.11398,2.06,2.62
2017.03.31 17:14:14.318,1.114,1.11403,1.12,3.00
2017.03.31 17:14:16.625,1.11399,1.11402,2.81,1.00
2017.03.31 17:14:19.212,1.11402,1.11403,1.50,2.25
2017.03.31 17:14:21.088,1.11402,1.11403,1.50,2.62
2017.03.31 17:14:25.758,1.114,1.11401,1.12,2.81
2017.03.31 17:14:25.911,1.11399,1.11401,1.00,1.50
2017.03.31 17:14:26.099,1.11401,1.11402,1.00,1.00
2017.03.31 17:14:26.453,1.11399,1.11401,1.50,1.87
2017.03.31 17:14:28.158,1.11397,1.11398,3.00,1.00
2017.03.31 17:14:28.210,1.11396,1.11397,1.87,1.12
2017.03.31 17:14:28.312,1.11394,1.11396,1.50,1.00
2017.03.31 17:14:28.465,1.11392,1.11393,12.37,4.50
2017.03.31 17:14:28.633,1.1139,1.11391,1.50,3.00
2017.03.31 17:14:29.511,1.11389,1.11391,1.00,1.50
2017.03.31 17:14:31.592,1.11389,1.11391,1.50,1.50
2017.03.31 17:14:32.097,1.11389,1.11391,1.00,2.25
2017.03.31 17:14:32.599,1.11389,1.11391,1.50,2.25
2017.03.31 17:14:33.146,1.11389,1.11391,2.25,7.50
2017.03.31 17:14:34.340,1.11393,1.11394,1.00,16.50
2017.03.31 17:14:34.442,1.11394,1.11396,1.50,1.00
2017.03.31 17:14:34.897,1.11395,1.11397,1.00,2.62
2017.03.31 17:14:35.758,1.11394,1.11396,1.87,1.00
2017.03.31 17:14:35.978,1.1139,1.11392,1.25,2.42
2017.03.31 17:14:36.282,1.11388,1.11391,4.69,5.25
2017.03.31 17:14:36.789,1.11388,1.1139,4.69,1.00
2017.03.31 17:14:37.598,1.11389,1.11391,1.00,4.87
2017.03.31 17:14:38.140,1.11388,1.11391,2.44,3.37
2017.03.31 17:14:40.109,1.11388,1.11391,3.19,4.87
2017.03.31 17:14:42.792,1.11393,1.11395,1.37,13.87
2017.03.31 17:14:42.915,1.11395,1.11396,1.87,1.00
2017.03.31 17:14:42.966,1.11398,1.114,3.56,4.87
2017.03.31 17:14:43.270,1.11406,1.11407,1.00,3.00
2017.03.31 17:14:43.726,1.11406,1.11407,1.00,1.50
2017.03.31 17:14:44.311,1.11406,1.11409,1.00,3.37
2017.03.31 17:14:47.432,1.11403,1.11404,7.87,3.75
2017.03.31 17:14:47.976,1.11403,1.11404,3.75,1.20
2017.03.31 17:14:48.712,1.11401,1.11404,3.56,1.20
2017.03.31 17:14:49.378,1.114,1.11403,2.81,1.00
2017.03.31 17:14:49.682,1.11399,1.11402,3.37,2.25
2017.03.31 17:14:50.508,1.11399,1.11401,2.25,3.75
2017.03.31 17:14:51.068,1.11398,1.11401,1.00,4.50
2017.03.31 17:14:51.580,1.11399,1.11401,1.00,1.50
2017.03.31 17:14:52.104,1.11398,1.11401,1.00,1.50
2017.03.31 17:14:55.214,1.11399,1.11402,1.12,1.90
2017.03.31 17:14:55.720,1.11399,1.11401,1.12,1.12
2017.03.31 17:14:56.624,1.11397,1.11399,1.87,3.76
2017.03.31 17:14:56.928,1.11395,1.11398,2.25,1.87
2017.03.31 17:14:57.233,1.11397,1.11399,1.00,1.00
2017.03.31 17:14:57.670,1.114,1.11401,1.00,2.25
2017.03.31 17:14:57.822,1.114,1.11402,1.00,1.00
2017.03.31 17:14:58.328,1.11399,1.11401,2.62,1.00
2017.03.31 17:14:58.684,1.114,1.11403,1.00,1.12
2017.03.31 17:15:01.795,1.114,1.11403,1.00,4.87
2017.03.31 17:15:05.466,1.114,1.11403,1.50,2.25
2017.03.31 17:15:06.919,1.11403,1.11404,1.00,1.24
2017.03.31 17:15:07.071,1.11404,1.11407,7.87,2.62
2017.03.31 17:15:07.616,1.11404,1.11408,1.25,2.25
2017.03.31 17:15:07.907,1.11403,1.11405,1.12,2.62
2017.03.31 17:15:08.110,1.114,1.11403,10.69,1.00
2017.03.31 17:15:08.868,1.11399,1.11403,2.25,3.75
2017.03.31 17:15:10.222,1.11399,1.11403,1.12,6.49
2017.03.31 17:15:21.456,1.114,1.11403,1.12,4.12
2017.03.31 17:15:22.030,1.11399,1.11403,3.00,4.12
2017.03.31 17:15:23.148,1.11398,1.114,1.87,1.00
2017.03.31 17:15:23.403,1.11399,1.11401,1.00,1.12
2017.03.31 17:15:23.909,1.11398,1.11401,1.00,1.12
2017.03.31 17:15:24.472,1.11397,1.11399,1.00,4.50
2017.03.31 17:15:24.675,1.11395,1.11398,8.81,1.12
2017.03.31 17:15:26.126,1.11395,1.11397,1.00,1.87
2017.03.31 17:15:26.430,1.11394,1.11396,1.87,1.00
2017.03.31 17:15:27.097,1.11393,1.11396,3.94,1.87
2017.03.31 17:15:27.402,1.11388,1.11392,6.75,4.96
2017.03.31 17:15:27.453,1.11388,1.1139,2.25,1.00
2017.03.31 17:15:27.606,1.11387,1.11389,8.62,1.00
2017.03.31 17:15:28.123,1.11386,1.11389,1.00,2.62
2017.03.31 17:15:28.629,1.11385,1.11388,1.69,1.19
2017.03.31 17:15:29.144,1.11386,1.11389,1.00,3.56
2017.03.31 17:15:30.028,1.11387,1.11389,1.00,2.06
2017.03.31 17:15:30.079,1.11387,1.1139,1.00,2.25
2017.03.31 17:15:32.297,1.11386,1.11388,1.00,1.12
2017.03.31 17:15:32.898,1.11386,1.11387,1.00,1.25
2017.03.31 17:15:34.002,1.11385,1.11387,1.00,1.50
2017.03.31 17:15:34.322,1.11385,1.11387,1.00,1.19
2017.03.31 17:15:35.693,1.11385,1.11387,1.00,1.25
2017.03.31 17:15:36.760,1.11386,1.11388,1.00,2.81
2017.03.31 17:15:37.267,1.11387,1.1139,1.12,3.56
2017.03.31 17:15:37.318,1.11387,1.1139,1.12,2.25
2017.03.31 17:15:37.824,1.11387,1.1139,1.00,1.31
2017.03.31 17:15:43.451,1.11388,1.11391,1.00,3.37
2017.03.31 17:15:43.962,1.1139,1.11391,1.31,5.44
2017.03.31 17:15:44.014,1.1139,1.11392,3.56,2.06
2017.03.31 17:15:44.116,1.11392,1.11395,1.00,6.37
2017.03.31 17:15:44.168,1.11392,1.11395,1.00,2.62
2017.03.31 17:15:44.674,1.11393,1.11395,1.00,1.87
2017.03.31 17:15:49.094,1.11391,1.11394,3.56,1.00
2017.03.31 17:15:50.585,1.11391,1.11395,4.69,1.12
2017.03.31 17:15:51.093,1.11391,1.11395,2.81,1.50
2017.03.31 17:15:52.353,1.11391,1.11393,2.81,3.25
2017.03.31 17:15:52.683,1.11387,1.11388,7.50,1.00
2017.03.31 17:15:53.192,1.11385,1.11388,5.06,1.00
2017.03.31 17:15:53.746,1.11385,1.11388,3.56,1.00
2017.03.31 17:15:55.584,1.11385,1.11387,2.81,1.00
2017.03.31 17:15:56.587,1.11385,1.11388,2.06,1.30
2017.03.31 17:16:06.295,1.11385,1.11387,1.25,1.00
2017.03.31 17:16:09.241,1.11384,1.11387,1.69,1.12
2017.03.31 17:16:12.287,1.11384,1.11387,3.19,1.12
2017.03.31 17:16:16.099,1.11384,1.11388,4.69,1.12
2017.03.31 17:16:19.993,1.11386,1.11388,1.00,1.12
2017.03.31 17:16:22.332,1.11385,1.11388,1.12,1.12
2017.03.31 17:16:27.458,1.11386,1.11388,1.00,1.12
2017.03.31 17:16:28.892,1.11385,1.11389,2.81,1.50
2017.03.31 17:16:29.831,1.11386,1.11389,1.00,1.50
2017.03.31 17:16:32.198,1.11385,1.11388,2.62,1.12
2017.03.31 17:16:36.188,1.11387,1.11389,1.00,1.50
2017.03.31 17:16:36.704,1.11386,1.11389,1.69,1.00
2017.03.31 17:16:50.955,1.11387,1.1139,1.00,2.44
2017.03.31 17:16:52.953,1.11389,1.1139,3.00,1.00
2017.03.31 17:16:53.206,1.11396,1.11399,1.87,1.04
2017.03.31 17:16:53.308,1.11395,1.11396,3.37,2.81
2017.03.31 17:16:53.460,1.11391,1.11393,1.50,6.29
2017.03.31 17:16:54.401,1.1139,1.11392,1.50,2.81
2017.03.31 17:16:54.452,1.11387,1.1139,1.00,1.23
2017.03.31 17:16:54.958,1.11386,1.11388,2.06,1.00
2017.03.31 17:16:58.186,1.11386,1.1139,2.71,1.50
2017.03.31 17:16:58.288,1.1139,1.11391,1.12,5.44
2017.03.31 17:16:58.389,1.1139,1.11392,1.50,1.00
2017.03.31 17:16:58.924,1.1139,1.11394,1.87,1.87
2017.03.31 17:16:59.766,1.11391,1.11394,1.25,1.12
2017.03.31 17:17:02.801,1.11392,1.11395,2.81,1.50
2017.03.31 17:17:02.922,1.11393,1.11397,2.44,1.50
2017.03.31 17:17:04.563,1.11394,1.11398,3.56,1.50
2017.03.31 17:17:04.716,1.11393,1.11397,1.25,6.75
2017.03.31 17:17:05.481,1.11393,1.11396,1.00,1.87
2017.03.31 17:17:10.232,1.11392,1.11395,1.00,1.12
2017.03.31 17:17:12.867,1.11391,1.11395,2.81,1.12
2017.03.31 17:17:15.258,1.11391,1.11394,1.69,1.00
2017.03.31 17:17:17.380,1.11393,1.11394,1.00,1.00
2017.03.31 17:17:20.114,1.11393,1.11395,1.00,1.87
2017.03.31 17:17:20.439,1.11394,1.11396,1.00,1.25
2017.03.31 17:17:22.495,1.11395,1.11396,1.00,1.00
2017.03.31 17:17:24.177,1.11395,1.11398,1.00,3.64
2017.03.31 17:17:24.626,1.11397,1.11398,1.00,1.25
2017.03.31 17:17:24.778,1.11398,1.11401,1.00,2.25
2017.03.31 17:17:25.363,1.11399,1.11401,1.00,2.44
2017.03.31 17:17:26.173,1.11399,1.11401,1.00,1.69
2017.03.31 17:17:26.682,1.114,1.11402,1.00,1.50
2017.03.31 17:17:28.023,1.11399,1.114,1.00,2.25
2017.03.31 17:17:28.529,1.11399,1.11401,1.00,3.19
2017.03.31 17:17:35.528,1.11399,1.114,1.00,1.00
2017.03.31 17:17:36.079,1.11399,1.11401,1.00,1.50
2017.03.31 17:17:36.589,1.11399,1.114,1.00,1.00
2017.03.31 17:17:39.499,1.11399,1.11401,1.00,1.12
2017.03.31 17:17:40.004,1.11399,1.114,1.00,1.00
2017.03.31 17:17:41.974,1.11397,1.11399,3.00,3.00
2017.03.31 17:17:42.085,1.11396,1.11398,2.62,2.62
2017.03.31 17:17:42.595,1.11396,1.11397,1.12,1.00
2017.03.31 17:17:43.141,1.11395,1.11396,1.12,1.00
2017.03.31 17:17:43.394,1.11396,1.11399,1.31,3.37
2017.03.31 17:17:43.939,1.11397,1.11398,1.00,1.00
2017.03.31 17:17:44.386,1.11394,1.11397,2.62,3.37
2017.03.31 17:17:44.437,1.11394,1.11396,1.12,1.00
2017.03.31 17:17:44.690,1.11394,1.11397,1.00,1.50
2017.03.31 17:17:45.219,1.11394,1.11396,1.00,1.00
2017.03.31 17:17:45.371,1.11394,1.11395,1.00,1.00
2017.03.31 17:17:45.885,1.11394,1.11395,1.12,1.00
2017.03.31 17:17:45.936,1.11394,1.11396,1.12,1.00
2017.03.31 17:17:47.074,1.11394,1.11397,1.87,2.62
2017.03.31 17:17:47.125,1.11396,1.11397,1.00,1.50
2017.03.31 17:17:47.226,1.11397,1.114,1.12,1.50
2017.03.31 17:17:47.731,1.11398,1.11399,1.00,1.00
2017.03.31 17:17:48.067,1.11396,1.11398,1.37,3.75
2017.03.31 17:17:48.219,1.11394,1.11396,1.37,1.00
2017.03.31 17:17:48.562,1.11393,1.11396,1.00,1.87
2017.03.31 17:17:50.499,1.11393,1.11394,1.00,1.00
2017.03.31 17:17:53.341,1.11393,1.11395,1.00,1.00
2017.03.31 17:17:55.684,1.11393,1.11396,1.00,3.75
2017.03.31 17:17:58.326,1.11391,1.11393,1.12,5.25
2017.03.31 17:17:58.428,1.1139,1.11393,1.12,4.12
2017.03.31 17:17:58.530,1.11389,1.11392,1.00,7.88
2017.03.31 17:17:58.687,1.11387,1.11391,1.12,8.81
2017.03.31 17:18:00.121,1.11385,1.1139,3.94,2.25
2017.03.31 17:18:00.854,1.11385,1.11389,3.37,1.00
2017.03.31 17:18:01.791,1.11385,1.11389,2.62,1.87
2017.03.31 17:18:03.792,1.11386,1.11389,1.00,1.12
2017.03.31 17:18:07.834,1.11387,1.1139,1.00,1.50
2017.03.31 17:18:08.718,1.11386,1.1139,1.69,1.50
2017.03.31 17:18:11.458,1.11385,1.11389,1.87,1.12
2017.03.31 17:18:19.241,1.11385,1.11386,1.00,2.34
2017.03.31 17:18:19.496,1.1138,1.11384,4.31,1.50
2017.03.31 17:18:23.843,1.1138,1.11384,3.19,1.87
2017.03.31 17:18:24.875,1.1138,1.11382,2.81,1.00
2017.03.31 17:18:29.937,1.11382,1.11383,2.62,1.00
2017.03.31 17:18:30.091,1.11383,1.11385,6.19,2.25
2017.03.31 17:18:30.142,1.11384,1.11388,1.50,3.75
2017.03.31 17:18:30.548,1.11385,1.11388,2.44,1.00
2017.03.31 17:18:31.067,1.11385,1.11389,3.94,1.87
2017.03.31 17:18:41.546,1.11385,1.11387,2.44,1.00
2017.03.31 17:18:42.355,1.11385,1.11388,2.44,1.00
2017.03.31 17:18:44.155,1.11385,1.11387,2.06,1.00
2017.03.31 17:18:48.559,1.11385,1.11387,1.31,1.00
2017.03.31 17:18:49.644,1.11385,1.11386,1.00,1.00
2017.03.31 17:18:52.127,1.11385,1.11387,1.00,1.25
2017.03.31 17:18:55.241,1.11385,1.11386,1.00,1.00
2017.03.31 17:18:57.440,1.11385,1.11387,1.00,1.25
2017.03.31 17:19:00.456,1.11384,1.11386,1.87,1.00
2017.03.31 17:19:02.506,1.11384,1.11386,1.87,1.00
2017.03.31 17:19:03.039,1.11384,1.11386,1.87,1.00
2017.03.31 17:19:05.680,1.11384,1.11388,2.62,4.69
2017.03.31 17:19:09.593,1.11384,1.11388,1.87,5.81
2017.03.31 17:19:10.355,1.11384,1.11388,1.87,5.81
2017.03.31 17:19:24.509,1.11384,1.11386,1.12,1.00
2017.03.31 17:19:24.713,1.11381,1.11384,1.87,1.69
2017.03.31 17:19:27.143,1.1138,1.11383,1.50,1.69
2017.03.31 17:19:27.244,1.11379,1.11382,1.50,1.25
2017.03.31 17:19:27.892,1.11378,1.11381,1.87,1.25
2017.03.31 17:19:29.677,1.11378,1.11381,2.25,1.25
2017.03.31 17:19:37.863,1.11378,1.11382,3.00,4.31
2017.03.31 17:19:39.205,1.11378,1.11382,3.00,5.06
2017.03.31 17:19:39.741,1.11383,1.11384,1.00,6.94
2017.03.31 17:19:39.893,1.11383,1.11385,1.50,1.56
2017.03.31 17:19:39.995,1.11381,1.11382,4.12,1.25
2017.03.31 17:19:40.046,1.1138,1.11382,1.50,1.31
2017.03.31 17:19:40.148,1.11378,1.11382,3.00,2.81
2017.03.31 17:19:40.659,1.11378,1.11382,3.75,2.81
2017.03.31 17:19:41.182,1.11378,1.11383,7.50,5.51
2017.03.31 17:19:41.724,1.11379,1.11381,1.00,1.25
2017.03.31 17:19:42.297,1.11378,1.1138,1.00,1.19
2017.03.31 17:19:42.803,1.11377,1.1138,1.87,3.19
2017.03.31 17:19:46.897,1.11376,1.11377,3.37,1.25
2017.03.31 17:19:47.049,1.11372,1.11376,4.50,1.31
2017.03.31 17:19:47.151,1.11372,1.11376,4.12,1.31
2017.03.31 17:19:48.054,1.11372,1.11376,3.37,3.56
2017.03.31 17:19:48.832,1.11374,1.11376,1.12,1.25
2017.03.31 17:19:49.339,1.11375,1.11377,1.00,1.19
2017.03.31 17:19:49.845,1.11373,1.11376,1.00,2.44
2017.03.31 17:19:50.464,1.11372,1.11375,2.62,1.19
2017.03.31 17:19:51.045,1.11373,1.11376,1.00,2.81
2017.03.31 17:19:52.099,1.11374,1.11376,1.50,1.31
2017.03.31 17:19:52.151,1.11374,1.11377,5.62,2.06
2017.03.31 17:19:52.657,1.11375,1.11377,1.12,1.19
2017.03.31 17:19:57.054,1.11374,1.11376,1.12,1.19
2017.03.31 17:19:57.105,1.11373,1.11376,2.62,1.31
2017.03.31 17:19:58.673,1.11373,1.11377,2.62,3.94
2017.03.31 17:20:01.057,1.11375,1.11378,1.00,2.06
2017.03.31 17:20:01.576,1.11375,1.11378,1.87,1.19
2017.03.31 17:20:01.980,1.11379,1.1138,1.00,2.06
2017.03.31 17:20:02.082,1.11379,1.11382,1.00,3.19
2017.03.31 17:20:02.590,1.11379,1.11383,1.50,6.19
2017.03.31 17:20:03.052,1.11381,1.11384,1.37,2.44
2017.03.31 17:20:03.578,1.11381,1.11385,1.50,12.19
2017.03.31 17:20:04.524,1.11384,1.11386,1.00,5.62
2017.03.31 17:20:04.679,1.11387,1.11389,1.00,2.44
2017.03.31 17:20:05.034,1.11391,1.11394,1.37,6.00
2017.03.31 17:20:05.136,1.11393,1.11394,1.00,1.12
2017.03.31 17:20:05.306,1.11393,1.11396,1.00,2.81
2017.03.31 17:20:06.183,1.11393,1.11397,1.50,5.81
2017.03.31 17:20:06.335,1.11394,1.11397,2.62,2.06
2017.03.31 17:20:06.640,1.11399,1.11401,1.00,3.94
2017.03.31 17:20:07.191,1.11398,1.11401,1.00,3.56
2017.03.31 17:20:10.976,1.11398,1.11402,2.25,2.06
2017.03.31 17:20:11.078,1.11398,1.11402,3.75,1.31
2017.03.31 17:20:11.604,1.11398,1.11402,3.75,2.06
2017.03.31 17:20:12.037,1.11398,1.114,1.00,1.12
2017.03.31 17:20:14.170,1.11397,1.114,3.75,1.12
2017.03.31 17:20:15.137,1.11398,1.11401,1.00,1.50
2017.03.31 17:20:18.474,1.11397,1.114,1.50,2.62
2017.03.31 17:20:19.417,1.11396,1.11397,1.87,1.12
2017.03.31 17:20:19.940,1.11396,1.11398,1.12,1.00
2017.03.31 17:20:20.447,1.11395,1.11398,3.00,2.06
2017.03.31 17:20:23.394,1.11394,1.11398,3.00,2.44
2017.03.31 17:20:27.840,1.11394,1.11395,1.50,1.00
2017.03.31 17:20:27.942,1.11392,1.11395,3.75,1.50
2017.03.31 17:20:29.930,1.11392,1.11394,3.00,1.00
2017.03.31 17:20:30.454,1.11392,1.11395,1.50,1.00
2017.03.31 17:20:35.051,1.11394,1.11395,1.00,1.00
2017.03.31 17:20:35.559,1.11393,1.11395,1.00,1.00
2017.03.31 17:20:36.398,1.11393,1.11396,1.00,1.69
2017.03.31 17:20:36.702,1.11398,1.11402,1.00,12.19
2017.03.31 17:20:37.628,1.11399,1.11402,1.00,2.81
2017.03.31 17:20:38.135,1.11399,1.11402,1.00,1.69
2017.03.31 17:20:39.843,1.114,1.11403,1.12,2.81
2017.03.31 17:20:40.397,1.11399,1.11403,2.62,2.44
2017.03.31 17:20:41.996,1.114,1.11403,1.00,2.44
2017.03.31 17:20:42.575,1.11399,1.11403,1.87,2.44
2017.03.31 17:20:43.098,1.11399,1.11403,1.87,2.44
2017.03.31 17:20:43.353,1.11398,1.11402,3.00,2.44
2017.03.31 17:20:43.881,1.11398,1.114,1.87,1.00
2017.03.31 17:20:46.211,1.11396,1.11399,2.25,1.00
2017.03.31 17:20:46.370,1.11395,1.11398,1.25,1.12
2017.03.31 17:20:46.913,1.11394,1.11399,1.87,4.69
2017.03.31 17:20:48.935,1.11394,1.11399,2.25,5.06
2017.03.31 17:20:50.426,1.11395,1.11397,1.12,1.00
2017.03.31 17:20:50.578,1.11395,1.11399,1.12,5.06
2017.03.31 17:20:53.483,1.11395,1.11399,1.50,4.31
2017.03.31 17:20:55.140,1.11396,1.114,3.19,2.62
2017.03.31 17:20:55.647,1.11397,1.114,4.87,1.00
2017.03.31 17:20:55.952,1.11396,1.11399,2.44,1.00
2017.03.31 17:20:56.003,1.11396,1.114,2.44,3.37
2017.03.31 17:20:56.536,1.11398,1.11401,1.12,2.06
2017.03.31 17:20:57.093,1.11397,1.11401,1.69,1.87
2017.03.31 17:20:57.599,1.11398,1.114,1.12,1.00
2017.03.31 17:20:58.105,1.11398,1.11401,1.50,1.12
2017.03.31 17:21:02.502,1.11397,1.114,1.87,1.00
2017.03.31 17:21:03.035,1.11398,1.11401,1.50,1.00
2017.03.31 17:21:03.571,1.11398,1.11401,2.25,1.00
2017.03.31 17:21:04.073,1.11398,1.11401,1.12,1.25
2017.03.31 17:21:12.241,1.11398,1.11402,2.25,1.25
2017.03.31 17:21:15.007,1.11402,1.11403,1.12,1.12
2017.03.31 17:21:15.109,1.11403,1.11404,1.12,1.00
2017.03.31 17:21:15.616,1.11403,1.11407,1.12,3.94
2017.03.31 17:21:16.696,1.11403,1.11407,1.50,3.94
2017.03.31 17:21:17.603,1.11404,1.11407,1.00,1.69
2017.03.31 17:21:20.637,1.11406,1.11408,1.12,2.25
2017.03.31 17:21:20.890,1.11404,1.11408,1.69,1.12
2017.03.31 17:21:25.711,1.11404,1.11407,1.50,1.25
2017.03.31 17:21:26.248,1.11404,1.11406,1.12,1.00
2017.03.31 17:21:26.751,1.11404,1.11407,1.12,1.25
2017.03.31 17:21:28.065,1.11404,1.11406,1.12,1.00
2017.03.31 17:21:28.641,1.11404,1.11407,1.12,1.25
2017.03.31 17:21:31.925,1.11404,1.11406,1.12,1.00
2017.03.31 17:21:39.887,1.11403,1.11406,1.87,1.25
2017.03.31 17:21:58.119,1.11405,1.11406,1.00,1.00
2017.03.31 17:21:58.658,1.11403,1.11406,5.81,1.00
2017.03.31 17:22:01.834,1.11403,1.11406,2.06,1.00
2017.03.31 17:22:02.813,1.11402,1.11403,1.50,1.87
2017.03.31 17:22:02.864,1.11402,1.11403,1.12,3.00
2017.03.31 17:22:03.169,1.11402,1.11405,1.00,1.31
2017.03.31 17:22:03.677,1.11402,1.11405,3.19,1.00
2017.03.31 17:22:04.123,1.11401,1.11403,2.06,1.00
2017.03.31 17:22:04.174,1.114,1.11403,1.12,1.00
2017.03.31 17:22:06.665,1.11401,1.11405,1.50,1.69
2017.03.31 17:22:07.167,1.11401,1.11405,3.00,1.31
2017.03.31 17:22:07.853,1.114,1.11402,2.25,1.00
2017.03.31 17:22:08.007,1.11398,1.11401,1.69,1.00
2017.03.31 17:22:08.664,1.11399,1.11401,2.25,1.00
2017.03.31 17:22:08.888,1.114,1.11403,1.50,1.00
2017.03.31 17:22:09.439,1.11401,1.11403,1.00,1.00
2017.03.31 17:22:09.949,1.114,1.11403,1.12,1.00
2017.03.31 17:22:10.904,1.114,1.11402,1.00,1.00
2017.03.31 17:22:11.409,1.11399,1.11401,1.00,1.00
2017.03.31 17:22:12.007,1.11399,1.11403,1.87,1.31
2017.03.31 17:22:13.790,1.11401,1.11405,2.25,3.56
2017.03.31 17:22:13.841,1.11401,1.11405,4.12,2.44
2017.03.31 17:22:14.415,1.11402,1.11405,1.37,1.69
2017.03.31 17:22:19.760,1.11402,1.11405,1.25,1.12
2017.03.31 17:22:20.595,1.11402,1.11405,3.19,1.00
2017.03.31 17:22:21.421,1.11402,1.11407,6.94,2.06
2017.03.31 17:22:21.934,1.11402,1.11405,1.87,1.00
2017.03.31 17:22:22.481,1.11402,1.11406,1.87,1.31
2017.03.31 17:22:25.101,1.11402,1.11406,2.25,1.31
2017.03.31 17:22:25.471,1.11401,1.11405,1.69,2.25
2017.03.31 17:22:26.565,1.114,1.11404,2.81,1.50
2017.03.31 17:22:27.907,1.11401,1.11403,1.25,1.00
2017.03.31 17:22:29.839,1.11401,1.11404,1.25,1.00
2017.03.31 17:22:30.339,1.11398,1.11403,7.69,4.31
2017.03.31 17:22:30.925,1.11398,1.11402,2.44,1.00
2017.03.31 17:22:34.110,1.11398,1.11403,2.06,5.06
2017.03.31 17:22:35.130,1.11398,1.11402,2.06,1.00
2017.03.31 17:22:35.659,1.11398,1.11402,1.50,1.31
2017.03.31 17:22:36.166,1.11398,1.11402,1.50,2.44
2017.03.31 17:22:36.695,1.11399,1.11402,1.00,1.31
2017.03.31 17:22:37.766,1.11401,1.11403,1.37,1.50
2017.03.31 17:22:37.868,1.11401,1.11405,5.62,2.06
2017.03.31 17:22:38.021,1.114,1.11402,4.12,1.00
2017.03.31 17:22:38.173,1.11397,1.114,8.06,1.00
2017.03.31 17:22:38.325,1.11397,1.114,1.31,1.00
2017.03.31 17:22:42.395,1.11397,1.11401,4.69,1.12
2017.03.31 17:22:45.536,1.114,1.11402,1.31,1.00
2017.03.31 17:22:46.041,1.114,1.11403,2.06,1.00
2017.03.31 17:22:47.173,1.11401,1.11404,2.81,1.12
2017.03.31 17:22:47.680,1.11401,1.11404,1.69,1.00
2017.03.31 17:22:50.448,1.114,1.11403,2.44,1.50
2017.03.31 17:22:50.590,1.11398,1.11401,3.19,1.00
2017.03.31 17:22:52.307,1.11397,1.11399,1.69,1.00
2017.03.31 17:22:52.409,1.11397,1.11401,1.69,1.87
2017.03.31 17:22:53.048,1.11397,1.11401,1.31,2.25
2017.03.31 17:22:53.597,1.11397,1.114,1.69,1.00
2017.03.31 17:22:56.255,1.11398,1.114,1.25,1.00
2017.03.31 17:22:56.407,1.11399,1.11403,2.44,2.62
2017.03.31 17:22:56.716,1.11397,1.11401,1.31,1.50
2017.03.31 17:22:57.222,1.11396,1.114,5.81,1.00
2017.03.31 17:23:02.926,1.11397,1.114,5.06,1.00
2017.03.31 17:23:03.471,1.11399,1.114,1.00,1.00
2017.03.31 17:23:03.977,1.11398,1.11401,3.19,1.00
2017.03.31 17:23:13.148,1.114,1.11404,1.69,3.82
2017.03.31 17:23:13.455,1.11398,1.114,1.50,1.00
2017.03.31 17:23:13.847,1.11397,1.114,3.19,1.00
2017.03.31 17:23:16.328,1.11397,1.11399,1.00,1.00
2017.03.31 17:23:16.874,1.11397,1.114,1.00,1.50
2017.03.31 17:23:18.428,1.11398,1.114,1.00,1.00
2017.03.31 17:23:18.958,1.11397,1.114,1.25,1.00
2017.03.31 17:23:24.192,1.11398,1.11402,4.69,2.62
2017.03.31 17:23:24.698,1.11398,1.11402,4.31,1.00
2017.03.31 17:23:26.362,1.11398,1.11401,2.06,1.00
2017.03.31 17:23:26.937,1.11399,1.11402,1.12,1.00
2017.03.31 17:23:27.485,1.11398,1.11401,2.44,1.00
2017.03.31 17:23:31.511,1.11398,1.11401,1.31,1.00
2017.03.31 17:23:32.062,1.11398,1.11402,1.25,2.62
2017.03.31 17:23:32.995,1.11401,1.11402,1.00,1.12
2017.03.31 17:23:33.147,1.11402,1.11406,2.81,1.12
2017.03.31 17:23:33.299,1.11402,1.11404,2.81,1.00
2017.03.31 17:23:33.402,1.114,1.11404,1.69,1.50
2017.03.31 17:23:33.936,1.114,1.11403,1.69,1.00
2017.03.31 17:23:34.457,1.114,1.11404,2.44,1.12
2017.03.31 17:23:36.087,1.11402,1.11406,1.69,2.25
2017.03.31 17:23:36.138,1.11403,1.11406,1.56,1.12
2017.03.31 17:23:36.392,1.11402,1.11406,1.69,2.25
2017.03.31 17:23:37.416,1.11403,1.11406,1.25,1.00
2017.03.31 17:23:38.097,1.11403,1.11406,2.44,1.00
2017.03.31 17:23:39.130,1.11404,1.11407,1.25,1.12
2017.03.31 17:23:40.977,1.11405,1.11407,1.00,1.00
2017.03.31 17:23:45.288,1.11404,1.11407,2.06,1.00
2017.03.31 17:23:51.018,1.11403,1.11405,4.69,2.50
2017.03.31 17:23:51.272,1.11403,1.11406,3.19,1.00
2017.03.31 17:23:51.806,1.11403,1.11407,2.44,1.50
2017.03.31 17:23:52.716,1.11402,1.11404,4.31,1.00
2017.03.31 17:23:53.253,1.11401,1.11403,1.19,1.00
2017.03.31 17:23:53.815,1.11401,1.11404,1.69,1.50
2017.03.31 17:23:54.122,1.11404,1.11405,1.00,1.00
2017.03.31 17:23:54.624,1.11404,1.11406,1.25,1.00
2017.03.31 17:23:56.969,1.11403,1.11406,1.31,1.00
2017.03.31 17:23:57.500,1.11402,1.11405,2.06,1.12
2017.03.31 17:24:01.633,1.11401,1.11402,3.56,1.00
2017.03.31 17:24:01.787,1.11405,1.11407,1.00,2.25
2017.03.31 17:24:02.369,1.11404,1.11407,1.50,1.12
2017.03.31 17:24:04.223,1.11405,1.11407,1.00,1.12
2017.03.31 17:24:11.896,1.11404,1.11407,2.25,1.12
2017.03.31 17:24:23.142,1.11404,1.11408,1.50,6.37
2017.03.31 17:24:23.194,1.11404,1.11405,1.00,4.50
2017.03.31 17:24:23.346,1.11403,1.11408,3.94,4.12
2017.03.31 17:24:27.825,1.11403,1.11407,2.06,2.25
2017.03.31 17:24:29.056,1.11403,1.11407,5.44,1.12
2017.03.31 17:24:31.934,1.11403,1.11406,3.56,1.00
2017.03.31 17:24:48.381,1.11404,1.11407,1.25,1.50
2017.03.31 17:24:52.286,1.11406,1.11407,2.25,1.87
2017.03.31 17:24:52.773,1.11406,1.11407,2.25,1.87
2017.03.31 17:24:59.755,1.11405,1.11406,4.50,1.00
2017.03.31 17:25:00.264,1.11406,1.11407,2.25,1.00
2017.03.31 17:25:03.945,1.11404,1.11405,7.31,1.00
2017.03.31 17:25:04.657,1.11405,1.11406,4.12,1.00
2017.03.31 17:25:10.737,1.11404,1.11405,4.31,1.00
2017.03.31 17:25:18.130,1.11403,1.11405,13.69,1.00
2017.03.31 17:25:18.585,1.11405,1.11407,2.25,1.12
2017.03.31 17:25:19.104,1.11406,1.11407,4.50,1.00
2017.03.31 17:25:19.453,1.11409,1.11411,15.56,1.50
2017.03.31 17:25:20.039,1.11413,1.11414,2.25,1.50
2017.03.31 17:25:23.270,1.11411,1.11412,2.62,1.50
2017.03.31 17:25:25.973,1.11413,1.11414,2.25,1.50
2017.03.31 17:25:33.689,1.11411,1.11412,4.12,1.00
2017.03.31 17:25:35.881,1.11412,1.11414,3.75,2.62
2017.03.31 17:25:43.424,1.1141,1.11412,9.75,1.00
2017.03.31 17:25:43.581,1.11409,1.1141,1.00,2.70
2017.03.31 17:25:43.632,1.11408,1.1141,1.37,1.50
2017.03.31 17:25:44.246,1.11407,1.11409,4.50,1.00
2017.03.31 17:25:44.664,1.11409,1.1141,2.25,1.31
2017.03.31 17:25:44.766,1.11405,1.11409,7.69,3.75
2017.03.31 17:25:45.310,1.11405,1.11408,6.19,1.00
2017.03.31 17:25:45.921,1.11405,1.11409,5.62,3.94
2017.03.31 17:25:46.164,1.11405,1.11406,6.37,1.00
2017.03.31 17:25:46.845,1.11405,1.11407,6.00,1.00
2017.03.31 17:25:47.148,1.11407,1.11408,4.12,1.00
2017.03.31 17:25:47.452,1.11411,1.11412,2.25,1.12
2017.03.31 17:25:49.117,1.11408,1.11409,6.37,1.00
2017.03.31 17:25:49.170,1.11409,1.1141,2.25,2.06
2017.03.31 17:25:49.272,1.11407,1.11408,5.25,1.00
2017.03.31 17:25:49.375,1.11408,1.1141,2.25,2.44
2017.03.31 17:25:49.587,1.11405,1.11408,2.25,1.12
2017.03.31 17:25:49.790,1.11404,1.11406,8.81,1.00
2017.03.31 17:25:50.296,1.11406,1.11407,4.50,1.00
2017.03.31 17:25:50.858,1.11406,1.11407,4.50,1.00
2017.03.31 17:25:51.635,1.11405,1.11406,4.87,1.00
2017.03.31 17:25:52.182,1.11405,1.11407,2.06,1.00
2017.03.31 17:25:53.261,1.11406,1.11407,4.50,1.00
2017.03.31 17:25:53.985,1.11403,1.11404,7.87,1.00
2017.03.31 17:25:54.086,1.11403,1.11404,4.50,1.31
2017.03.31 17:25:58.170,1.11402,1.11403,6.00,1.00
2017.03.31 17:25:58.373,1.11403,1.11405,4.50,2.25
2017.03.31 17:25:58.882,1.11403,1.11404,4.50,1.00
2017.03.31 17:26:01.696,1.11403,1.11406,2.62,2.32
2017.03.31 17:26:01.747,1.11404,1.11407,1.37,3.45
2017.03.31 17:26:02.151,1.11403,1.11405,7.87,3.44
2017.03.31 17:26:02.202,1.11403,1.11404,1.00,1.69
2017.03.31 17:26:03.527,1.11402,1.11403,6.00,1.12
2017.03.31 17:26:03.917,1.11401,1.11403,4.50,1.87
2017.03.31 17:26:04.424,1.11401,1.11402,4.50,1.12
2017.03.31 17:26:04.988,1.114,1.11401,3.75,1.00
2017.03.31 17:26:05.172,1.11399,1.11402,4.69,1.87
2017.03.31 17:26:05.687,1.11399,1.11401,4.69,1.00
2017.03.31 17:26:05.940,1.11397,1.11398,5.25,1.87
2017.03.31 17:26:05.991,1.11396,1.11397,3.75,1.00
2017.03.31 17:26:06.498,1.11395,1.11396,6.00,1.00
2017.03.31 17:26:07.108,1.11396,1.11397,4.87,1.00
2017.03.31 17:26:07.160,1.11398,1.114,2.25,10.50
2017.03.31 17:26:07.262,1.11398,1.114,2.25,1.87
2017.03.31 17:26:07.680,1.11396,1.11397,8.81,1.00
2017.03.31 17:26:07.732,1.11396,1.11398,2.81,1.00
2017.03.31 17:26:07.834,1.11396,1.114,3.19,1.87
2017.03.31 17:26:08.387,1.11396,1.11397,2.62,1.00
2017.03.31 17:26:08.897,1.11395,1.11396,6.00,1.00
2017.03.31 17:26:09.202,1.11392,1.11393,3.75,4.50
2017.03.31 17:26:09.388,1.11391,1.11393,4.87,4.12
2017.03.31 17:26:09.443,1.11393,1.11394,4.50,1.00
2017.03.31 17:26:09.949,1.11391,1.11392,6.37,1.50
2017.03.31 17:26:10.051,1.1139,1.11391,1.00,1.12
2017.03.31 17:26:10.102,1.11387,1.11391,19.05,5.02
2017.03.31 17:26:10.204,1.1139,1.11391,1.50,1.20
2017.03.31 17:26:10.732,1.1139,1.11393,3.22,1.12
2017.03.31 17:26:11.339,1.11391,1.11394,2.81,1.87
2017.03.31 17:26:12.150,1.11392,1.11395,3.56,1.12
2017.03.31 17:26:12.698,1.11392,1.11395,2.06,1.12
2017.03.31 17:26:13.291,1.11392,1.11395,2.81,1.12
2017.03.31 17:26:17.157,1.11396,1.11399,1.56,9.00
2017.03.31 17:26:17.259,1.11399,1.114,4.50,2.62
2017.03.31 17:26:17.361,1.11398,1.11401,2.81,1.87
2017.03.31 17:26:17.412,1.11401,1.11402,2.25,2.25
2017.03.31 17:26:21.767,1.11401,1.11402,2.25,1.12
2017.03.31 17:26:22.273,1.11402,1.11404,3.75,8.62
2017.03.31 17:26:25.979,1.114,1.11403,2.06,3.00
2017.03.31 17:26:26.510,1.114,1.11403,9.19,1.87
2017.03.31 17:26:26.561,1.11402,1.11404,3.19,1.50
2017.03.31 17:26:26.776,1.11406,1.11407,2.25,1.00
2017.03.31 17:26:27.418,1.11406,1.11408,2.25,1.50
2017.03.31 17:26:28.141,1.11407,1.11408,4.50,1.12
2017.03.31 17:26:28.245,1.11408,1.1141,2.31,6.00
2017.03.31 17:26:28.432,1.11411,1.11412,1.12,1.00
2017.03.31 17:26:28.636,1.11409,1.11412,6.19,2.62
2017.03.31 17:26:28.738,1.11408,1.1141,1.31,1.87
2017.03.31 17:26:28.993,1.11411,1.11412,1.00,8.70
2017.03.31 17:26:29.095,1.11411,1.11412,1.00,1.12
2017.03.31 17:26:29.502,1.11409,1.11411,5.25,2.12
2017.03.31 17:26:29.605,1.11407,1.1141,5.81,2.62
2017.03.31 17:26:29.777,1.11407,1.11409,3.75,1.87
2017.03.31 17:26:30.299,1.11408,1.11412,2.81,3.37
2017.03.31 17:26:30.350,1.11411,1.11412,1.00,2.25
2017.03.31 17:26:30.401,1.11411,1.11413,1.37,1.12
2017.03.31 17:26:30.452,1.1141,1.11414,2.06,5.62
2017.03.31 17:26:31.388,1.11409,1.1141,5.25,1.00
2017.03.31 17:26:33.238,1.11409,1.11413,1.31,7.12
2017.03.31 17:26:33.745,1.1141,1.11413,1.25,5.62
2017.03.31 17:26:34.692,1.11411,1.11413,1.00,3.00
2017.03.31 17:26:35.097,1.11409,1.11411,9.56,2.87
2017.03.31 17:26:35.249,1.11406,1.11409,1.69,7.88
2017.03.31 17:26:36.223,1.11409,1.1141,1.00,4.50
2017.03.31 17:26:36.375,1.11411,1.11414,1.25,6.37
2017.03.31 17:26:36.427,1.1141,1.11414,7.69,4.12
2017.03.31 17:26:36.987,1.1141,1.11413,6.56,1.00
2017.03.31 17:26:37.798,1.1141,1.11414,7.31,1.87
2017.03.31 17:26:38.304,1.11411,1.11413,1.25,1.00
2017.03.31 17:26:38.915,1.1141,1.11412,6.56,1.00
2017.03.31 17:26:39.120,1.11409,1.11411,9.56,1.00
2017.03.31 17:26:42.049,1.1141,1.11413,1.00,1.87
2017.03.31 17:26:42.556,1.11409,1.11412,7.50,1.00
2017.03.31 17:26:43.062,1.1141,1.11413,4.12,1.00
2017.03.31 17:26:43.598,1.1141,1.11412,4.12,1.00
2017.03.31 17:26:45.495,1.1141,1.11413,4.12,1.12
2017.03.31 17:26:46.082,1.11411,1.11414,4.12,1.69
2017.03.31 17:26:47.571,1.11413,1.11414,2.25,1.25
2017.03.31 17:26:48.584,1.11413,1.11415,3.75,5.25
2017.03.31 17:26:48.686,1.11413,1.11414,3.00,1.00
2017.03.31 17:26:52.152,1.11412,1.11413,4.12,1.12
2017.03.31 17:26:58.400,1.11413,1.11414,1.50,1.00
2017.03.31 17:27:03.762,1.11412,1.11413,6.37,1.00
2017.03.31 17:27:07.462,1.11409,1.1141,7.12,1.00
2017.03.31 17:27:07.514,1.11408,1.11409,1.50,1.12
2017.03.31 17:27:07.565,1.11407,1.11409,2.06,1.12
2017.03.31 17:27:07.616,1.11407,1.11409,4.87,1.37
2017.03.31 17:27:07.819,1.11407,1.11408,1.00,1.00
2017.03.31 17:27:12.130,1.11408,1.11409,1.69,1.15
2017.03.31 17:27:12.181,1.1141,1.11411,17.25,1.12
2017.03.31 17:27:12.232,1.11413,1.11414,1.00,2.55
2017.03.31 17:27:12.739,1.11413,1.11414,1.00,1.69
2017.03.31 17:27:14.655,1.11411,1.11413,1.50,1.00
2017.03.31 17:27:17.322,1.11411,1.11412,1.50,1.00
2017.03.31 17:27:17.830,1.1141,1.11411,1.87,1.00
2017.03.31 17:27:18.752,1.11409,1.11411,1.87,1.00
2017.03.31 17:27:19.628,1.1141,1.11413,1.00,3.30
2017.03.31 17:27:20.135,1.11411,1.11412,1.50,1.15
2017.03.31 17:27:20.440,1.11408,1.11409,1.12,1.00
2017.03.31 17:27:20.955,1.11407,1.11408,5.25,1.00
2017.03.31 17:27:21.532,1.11407,1.11408,1.50,1.00
2017.03.31 17:27:23.741,1.11408,1.11409,1.00,1.00
2017.03.31 17:27:24.083,1.11411,1.11413,1.00,1.00
2017.03.31 17:27:24.217,1.1141,1.11411,1.50,1.00
2017.03.31 17:27:24.320,1.11409,1.11413,3.56,3.37
2017.03.31 17:27:24.827,1.11411,1.11413,1.50,1.50
2017.03.31 17:27:28.003,1.1141,1.11411,1.50,1.00
2017.03.31 17:27:28.509,1.11411,1.11412,1.12,1.12
2017.03.31 17:27:30.275,1.1141,1.11411,1.50,1.00
2017.03.31 17:27:30.781,1.11411,1.11412,1.12,1.12
2017.03.31 17:27:33.196,1.1141,1.11411,1.50,1.00
2017.03.31 17:27:33.703,1.11411,1.11412,1.12,1.12
2017.03.31 17:27:34.211,1.11411,1.11412,4.87,1.00
2017.03.31 17:27:34.579,1.11411,1.11415,4.87,6.56
2017.03.31 17:27:35.137,1.11411,1.11414,1.12,3.19
2017.03.31 17:27:35.643,1.11411,1.11413,1.12,1.00
2017.03.31 17:27:36.199,1.11411,1.11413,1.12,1.25
2017.03.31 17:27:36.708,1.11411,1.11413,1.12,2.29
2017.03.31 17:27:36.759,1.11409,1.1141,4.50,1.00
2017.03.31 17:27:36.860,1.11409,1.11411,1.00,1.12
2017.03.31 17:27:36.962,1.11411,1.11413,1.12,1.87
2017.03.31 17:27:38.024,1.11411,1.11412,1.12,1.12
2017.03.31 17:27:38.534,1.11411,1.11413,1.12,3.00
2017.03.31 17:27:39.917,1.11411,1.11413,1.12,2.47
2017.03.31 17:27:40.466,1.11411,1.11413,1.12,2.47
2017.03.31 17:27:40.769,1.11409,1.1141,1.12,3.94
2017.03.31 17:27:40.871,1.11407,1.11409,1.50,1.50
2017.03.31 17:27:41.403,1.11407,1.11408,1.50,1.30
2017.03.31 17:27:45.570,1.11407,1.11409,1.50,4.54
2017.03.31 17:27:46.120,1.11407,1.11408,1.50,1.00
2017.03.31 17:27:52.060,1.11405,1.11408,5.25,1.00
2017.03.31 17:27:57.903,1.11405,1.11409,3.00,3.79
2017.03.31 17:27:58.434,1.11405,1.11408,3.00,1.00
2017.03.31 17:27:59.494,1.11405,1.11408,5.81,1.00
2017.03.31 17:28:00.363,1.11407,1.11409,1.00,2.10
2017.03.31 17:28:00.414,1.11409,1.1141,2.06,2.10
2017.03.31 17:28:00.466,1.1141,1.11413,1.12,3.00
2017.03.31 17:28:00.568,1.11411,1.11414,1.00,2.06
2017.03.31 17:28:03.300,1.1141,1.11411,1.50,1.00
2017.03.31 17:28:03.403,1.11408,1.11411,3.00,1.87
2017.03.31 17:28:03.960,1.11408,1.1141,2.62,1.00
2017.03.31 17:28:05.288,1.11408,1.11409,1.12,1.00
2017.03.31 17:28:05.390,1.11406,1.11408,3.37,1.00
2017.03.31 17:28:05.927,1.11405,1.11408,3.56,1.00
2017.03.31 17:28:07.104,1.11405,1.11408,1.00,1.87
2017.03.31 17:28:12.202,1.11406,1.11408,1.00,1.12
2017.03.31 17:28:13.475,1.11406,1.11407,1.00,1.00
2017.03.31 17:28:14.111,1.11405,1.11407,1.00,1.00
2017.03.31 17:28:14.726,1.11405,1.11408,1.00,1.87
2017.03.31 17:28:18.305,1.11408,1.1141,1.37,2.62
2017.03.31 17:28:18.356,1.11409,1.11411,1.37,1.72
2017.03.31 17:28:18.458,1.11409,1.11413,3.75,3.19
2017.03.31 17:28:19.052,1.11409,1.11413,3.00,2.66
2017.03.31 17:28:19.560,1.11409,1.11413,3.94,2.25
2017.03.31 17:28:20.327,1.1141,1.11412,1.00,1.00
2017.03.31 17:28:20.846,1.1141,1.11413,1.00,1.12
2017.03.31 17:28:22.186,1.11409,1.11412,3.37,1.00
2017.03.31 17:28:22.717,1.1141,1.11413,1.12,1.31
2017.03.31 17:28:24.685,1.11409,1.11413,3.75,1.31
2017.03.31 17:28:29.122,1.11408,1.11412,6.19,1.12
2017.03.31 17:28:31.834,1.1141,1.11413,1.00,1.54
2017.03.31 17:28:33.646,1.1141,1.11411,1.00,1.00
2017.03.31 17:28:34.051,1.1141,1.11413,1.00,1.12
2017.03.31 17:28:35.523,1.11409,1.11413,5.06,1.12
2017.03.31 17:28:38.307,1.11411,1.11413,1.00,1.12
2017.03.31 17:28:40.531,1.1141,1.11413,2.25,1.12
2017.03.31 17:28:41.055,1.11411,1.11414,1.00,1.69
2017.03.31 17:28:41.591,1.11411,1.11414,1.12,1.25
2017.03.31 17:28:45.385,1.11412,1.11414,1.00,1.91
2017.03.31 17:28:50.110,1.1141,1.11413,3.00,1.87
2017.03.31 17:28:50.616,1.11411,1.11414,1.00,2.06
2017.03.31 17:28:52.537,1.1141,1.11414,2.62,4.24
2017.03.31 17:28:53.044,1.11411,1.11414,1.00,1.25
2017.03.31 17:28:53.588,1.11412,1.11414,1.00,1.25
2017.03.31 17:28:54.783,1.11411,1.11414,1.00,1.31
2017.03.31 17:28:57.434,1.11411,1.11414,1.00,2.44
2017.03.31 17:28:57.977,1.11411,1.11414,1.00,1.25
2017.03.31 17:29:02.728,1.11411,1.11413,1.00,1.00
2017.03.31 17:29:03.033,1.11407,1.1141,1.87,2.06
2017.03.31 17:29:03.489,1.11405,1.11409,1.12,3.90
2017.03.31 17:29:05.434,1.11406,1.11408,1.00,1.00
2017.03.31 17:29:06.193,1.11406,1.11409,1.00,1.87
2017.03.31 17:29:06.763,1.11405,1.11409,1.12,2.44
2017.03.31 17:29:07.740,1.11406,1.11409,1.00,3.19
2017.03.31 17:29:10.705,1.11405,1.11409,1.87,2.44
2017.03.31 17:29:12.300,1.11405,1.11408,1.12,1.00
2017.03.31 17:29:14.729,1.11405,1.11407,1.12,1.00
2017.03.31 17:29:15.542,1.11405,1.11408,1.12,1.00
2017.03.31 17:29:16.067,1.11404,1.11408,2.44,1.87
2017.03.31 17:29:16.687,1.11404,1.11408,2.44,1.87
2017.03.31 17:29:18.831,1.11406,1.11408,1.00,1.12
2017.03.31 17:29:19.349,1.11405,1.11409,1.12,4.31
2017.03.31 17:29:19.875,1.11406,1.11408,1.00,1.12
2017.03.31 17:29:21.226,1.11407,1.11409,1.00,2.44
2017.03.31 17:29:21.957,1.11406,1.11409,3.75,2.62
2017.03.31 17:29:22.262,1.1141,1.11412,1.37,2.25
2017.03.31 17:29:22.432,1.11412,1.11414,1.00,2.06
2017.03.31 17:29:22.938,1.11411,1.11414,3.37,2.06
2017.03.31 17:29:23.242,1.11413,1.11414,1.69,1.87
2017.03.31 17:29:23.499,1.11416,1.1142,2.62,2.81
2017.03.31 17:29:24.032,1.11416,1.1142,6.37,1.69
2017.03.31 17:29:24.539,1.11416,1.11419,2.62,1.12
2017.03.31 17:29:25.197,1.11417,1.1142,1.00,2.06
2017.03.31 17:29:25.743,1.11416,1.1142,1.87,2.06
2017.03.31 17:29:26.300,1.11417,1.1142,1.12,2.06
2017.03.31 17:29:26.836,1.11417,1.1142,1.12,1.69
2017.03.31 17:29:27.994,1.11418,1.1142,1.00,1.31
2017.03.31 17:29:28.500,1.11417,1.1142,1.12,1.25
2017.03.31 17:29:30.183,1.11418,1.1142,1.00,1.25
2017.03.31 17:29:30.729,1.11417,1.1142,1.00,1.31
2017.03.31 17:29:31.502,1.11416,1.1142,1.87,1.31
2017.03.31 17:29:32.013,1.11415,1.1142,7.87,2.44
2017.03.31 17:29:33.316,1.11417,1.1142,1.12,4.31
2017.03.31 17:29:33.770,1.11415,1.11419,2.25,2.44
2017.03.31 17:29:34.276,1.11415,1.11419,3.19,1.50
2017.03.31 17:29:37.397,1.11417,1.1142,1.00,2.06
2017.03.31 17:29:39.391,1.11417,1.11418,1.00,1.50
2017.03.31 17:29:39.493,1.11415,1.11417,1.00,1.50
2017.03.31 17:29:40.085,1.11416,1.11419,1.50,1.50
2017.03.31 17:29:40.802,1.11416,1.1142,1.12,2.81
2017.03.31 17:29:41.606,1.11415,1.11419,3.19,3.00
2017.03.31 17:29:42.258,1.11415,1.11419,3.19,3.86
2017.03.31 17:29:43.088,1.11415,1.11416,1.12,1.00
2017.03.31 17:29:43.291,1.11412,1.11416,2.25,3.56
2017.03.31 17:29:43.343,1.11414,1.11416,1.87,1.87
2017.03.31 17:29:43.445,1.11415,1.11417,1.87,1.12
2017.03.31 17:29:43.496,1.11416,1.11419,1.12,2.81
2017.03.31 17:29:44.052,1.11415,1.11419,1.87,5.06
2017.03.31 17:29:47.009,1.11415,1.11419,3.94,3.00
2017.03.31 17:29:48.547,1.11417,1.1142,1.50,2.44
2017.03.31 17:29:49.123,1.11416,1.11419,1.87,1.12
2017.03.31 17:29:50.375,1.11415,1.11419,2.62,2.44
2017.03.31 17:29:50.529,1.11415,1.11417,3.00,1.37
2017.03.31 17:29:50.778,1.11414,1.11418,6.94,2.62
2017.03.31 17:29:53.041,1.11415,1.11418,2.25,1.00
2017.03.31 17:29:53.194,1.11417,1.1142,1.00,2.06
2017.03.31 17:29:53.729,1.11417,1.11421,3.37,2.44
2017.03.31 17:29:54.236,1.11417,1.1142,3.37,1.31
2017.03.31 17:29:54.781,1.11417,1.11419,1.87,1.00
2017.03.31 17:29:55.286,1.11417,1.1142,1.00,1.69
2017.03.31 17:29:55.825,1.11418,1.1142,1.00,1.25
2017.03.31 17:29:56.345,1.11417,1.1142,1.00,3.22
2017.03.31 17:29:57.169,1.11417,1.11419,1.50,1.00
2017.03.31 17:29:57.288,1.11419,1.11421,1.87,3.75
2017.03.31 17:29:57.390,1.11422,1.11423,1.50,1.50
2017.03.31 17:29:57.441,1.11422,1.11424,4.50,3.45
2017.03.31 17:29:57.988,1.11422,1.11426,4.50,2.85
2017.03.31 17:29:58.510,1.11423,1.11426,1.50,1.69
2017.03.31 17:30:01.737,1.11422,1.11426,3.19,2.25
2017.03.31 17:30:02.267,1.11422,1.11426,3.94,2.25
2017.03.31 17:30:03.864,1.11424,1.11427,2.06,1.87
2017.03.31 17:30:03.966,1.11424,1.11428,1.69,2.70
2017.03.31 17:30:04.372,1.11422,1.11426,7.31,1.00
2017.03.31 17:30:04.897,1.11422,1.11426,6.19,1.12
2017.03.31 17:30:07.051,1.11422,1.11426,2.44,1.87
2017.03.31 17:30:07.656,1.11422,1.11426,2.06,1.12
2017.03.31 17:30:22.802,1.11422,1.11426,5.44,1.12
2017.03.31 17:30:23.405,1.11427,1.11428,1.87,4.91
2017.03.31 17:30:23.506,1.11428,1.11431,2.25,1.50
2017.03.31 17:30:23.615,1.11428,1.11432,2.62,2.06
2017.03.31 17:30:24.137,1.11429,1.11433,1.12,3.19
2017.03.31 17:30:24.873,1.11429,1.11433,1.50,2.81
2017.03.31 17:30:26.155,1.11429,1.11432,1.87,1.12
2017.03.31 17:30:31.215,1.11429,1.11431,1.00,1.00
2017.03.31 17:30:32.030,1.1143,1.11432,1.62,1.12
2017.03.31 17:30:32.132,1.11431,1.11435,1.87,4.27
2017.03.31 17:30:32.233,1.11433,1.11435,1.00,1.25
2017.03.31 17:30:32.540,1.11435,1.11438,1.50,1.12
2017.03.31 17:30:33.458,1.11436,1.11439,1.00,2.06
2017.03.31 17:30:35.425,1.11436,1.1144,1.69,3.75
2017.03.31 17:30:35.747,1.11442,1.11443,1.50,1.12
2017.03.31 17:30:35.950,1.11449,1.11452,1.37,4.69
2017.03.31 17:30:36.304,1.11448,1.11451,1.00,1.00
2017.03.31 17:30:37.149,1.11447,1.11451,1.87,4.69
2017.03.31 17:30:37.656,1.11448,1.1145,1.00,1.62
2017.03.31 17:30:39.122,1.11447,1.11451,1.12,3.19
2017.03.31 17:30:40.222,1.11446,1.11449,1.00,7.65
2017.03.31 17:30:40.729,1.11445,1.11448,1.87,1.09
2017.03.31 17:30:41.391,1.11445,1.11448,1.12,2.25
2017.03.31 17:30:41.897,1.11446,1.11447,1.00,1.00
2017.03.31 17:30:42.302,1.11446,1.11449,1.12,1.50
2017.03.31 17:30:42.808,1.11445,1.11448,1.31,1.00
2017.03.31 17:30:43.061,1.11445,1.11447,1.31,1.00
2017.03.31 17:30:43.265,1.11445,1.11448,1.31,1.00
2017.03.31 17:30:43.870,1.11446,1.11448,1.00,1.00
2017.03.31 17:30:44.204,1.11445,1.11447,1.69,1.00
2017.03.31 17:30:44.509,1.11444,1.11447,1.69,1.00
2017.03.31 17:30:45.017,1.11444,1.11446,2.06,1.00
2017.03.31 17:30:45.967,1.11444,1.11445,1.50,1.00
2017.03.31 17:30:46.064,1.11442,1.11445,4.50,1.12
2017.03.31 17:30:46.266,1.11441,1.11443,1.69,1.00
2017.03.31 17:30:46.924,1.11441,1.11443,1.25,1.00
2017.03.31 17:30:47.439,1.11441,1.11444,1.62,1.09
2017.03.31 17:30:50.109,1.1144,1.11445,2.44,2.77
2017.03.31 17:30:50.787,1.1144,1.11445,2.25,3.52
2017.03.31 17:30:50.839,1.11439,1.1144,1.50,2.06
2017.03.31 17:30:50.991,1.11436,1.11439,3.37,2.25
2017.03.31 17:30:51.508,1.11436,1.1144,3.00,4.31
2017.03.31 17:30:51.610,1.11437,1.1144,1.87,3.00
2017.03.31 17:30:51.763,1.11439,1.11443,2.62,1.69
2017.03.31 17:30:52.598,1.1144,1.11443,1.00,1.31
2017.03.31 17:30:53.106,1.11441,1.11443,1.00,1.31
2017.03.31 17:30:54.146,1.1144,1.11443,1.00,1.69
2017.03.31 17:30:55.718,1.11441,1.11443,1.00,1.31
2017.03.31 17:30:56.228,1.1144,1.11444,1.00,2.06
2017.03.31 17:30:56.903,1.1144,1.11442,1.12,1.00
2017.03.31 17:30:57.055,1.11437,1.1144,1.12,6.37
2017.03.31 17:31:00.879,1.11436,1.11439,1.12,1.00
2017.03.31 17:31:01.601,1.11436,1.11438,1.00,1.00
2017.03.31 17:31:02.422,1.11437,1.1144,4.69,3.37
2017.03.31 17:31:02.635,1.1144,1.11443,1.00,1.50
2017.03.31 17:31:03.152,1.11439,1.11443,8.06,1.00
2017.03.31 17:31:03.904,1.11441,1.11443,1.00,1.00
2017.03.31 17:31:04.410,1.11442,1.11443,1.00,1.00
2017.03.31 17:31:05.571,1.1144,1.11443,3.56,1.00
2017.03.31 17:31:15.969,1.11443,1.11445,5.06,1.12
2017.03.31 17:31:16.171,1.11446,1.11449,2.62,1.00
2017.03.31 17:31:16.734,1.11447,1.11449,1.00,1.00
2017.03.31 17:31:17.236,1.11446,1.11449,3.37,1.00
2017.03.31 17:31:19.603,1.11446,1.11448,2.25,1.87
2017.03.31 17:31:20.214,1.11446,1.11449,1.00,1.00
2017.03.31 17:31:26.508,1.11446,1.11448,2.25,1.12
2017.03.31 17:31:27.018,1.11445,1.11448,1.12,1.00
2017.03.31 17:31:27.589,1.11445,1.11449,2.06,2.25
2017.03.31 17:31:28.751,1.11446,1.11448,2.62,1.12
2017.03.31 17:31:28.803,1.11445,1.11447,4.12,1.00
2017.03.31 17:31:28.955,1.11442,1.11445,4.31,1.00
2017.03.31 17:31:29.497,1.11442,1.11445,2.81,1.00
2017.03.31 17:31:30.436,1.11442,1.11444,1.87,1.00
2017.03.31 17:31:30.632,1.1144,1.11443,1.12,2.25
2017.03.31 17:31:30.937,1.11437,1.1144,2.06,1.00
2017.03.31 17:31:31.508,1.11437,1.11439,1.69,1.00
2017.03.31 17:31:31.559,1.11436,1.11438,2.25,1.00
2017.03.31 17:31:32.064,1.11435,1.11438,1.69,1.50
2017.03.31 17:31:32.645,1.11435,1.11439,2.81,1.12
2017.03.31 17:31:33.342,1.11437,1.1144,1.12,1.50
2017.03.31 17:31:33.647,1.11438,1.11443,5.25,2.44
2017.03.31 17:31:34.157,1.11438,1.11442,4.87,1.69
2017.03.31 17:31:36.936,1.11438,1.11442,3.00,1.25
2017.03.31 17:31:37.594,1.11439,1.11442,2.62,1.12
2017.03.31 17:31:38.101,1.1144,1.11443,1.31,1.12
2017.03.31 17:31:38.832,1.1144,1.11443,4.31,1.12
2017.03.31 17:31:39.339,1.11441,1.11444,2.44,1.12
2017.03.31 17:31:39.847,1.11441,1.11445,8.06,1.50
2017.03.31 17:31:40.151,1.11445,1.11449,4.12,1.31
2017.03.31 17:31:40.526,1.11444,1.11445,1.00,1.00
2017.03.31 17:31:40.578,1.11441,1.11445,3.94,1.50
2017.03.31 17:31:42.760,1.11441,1.11444,1.69,1.00
2017.03.31 17:31:43.281,1.11441,1.11443,1.00,1.00
2017.03.31 17:31:43.757,1.11438,1.1144,10.50,2.12
2017.03.31 17:31:43.808,1.11437,1.1144,3.75,2.81
2017.03.31 17:31:43.960,1.11436,1.11438,1.00,1.50
2017.03.31 17:31:44.466,1.11434,1.11437,4.69,1.00
2017.03.31 17:31:45.455,1.11434,1.11438,1.69,2.25
2017.03.31 17:31:46.646,1.11433,1.11437,6.56,1.09
2017.03.31 17:31:52.181,1.11433,1.11438,8.44,1.87
2017.03.31 17:32:24.336,1.11435,1.11437,1.00,1.00
2017.03.31 17:32:24.883,1.11435,1.11438,1.00,1.09
2017.03.31 17:32:34.544,1.11436,1.11438,1.31,1.09
2017.03.31 17:32:34.647,1.11439,1.1144,2.06,3.00
2017.03.31 17:32:34.799,1.1144,1.11444,1.69,2.62
2017.03.31 17:32:35.300,1.1144,1.11444,1.69,1.12
2017.03.31 17:32:50.491,1.1144,1.11444,8.06,1.50
2017.03.31 17:32:50.997,1.11441,1.11445,4.31,1.12
2017.03.31 17:32:52.611,1.11441,1.11444,2.06,1.00
2017.03.31 17:33:02.612,1.11441,1.11445,3.19,1.50
2017.03.31 17:33:05.714,1.11441,1.11444,2.81,1.00
2017.03.31 17:33:06.303,1.11441,1.11445,2.44,2.25
2017.03.31 17:33:09.680,1.1144,1.11445,2.81,3.37
2017.03.31 17:33:10.187,1.1144,1.11443,1.69,1.00
2017.03.31 17:33:10.702,1.1144,1.11443,1.31,1.26
2017.03.31 17:33:12.610,1.1144,1.11443,1.25,1.12
2017.03.31 17:33:13.601,1.1144,1.11444,1.25,1.50
2017.03.31 17:33:14.187,1.1144,1.11444,1.25,1.76
2017.03.31 17:33:21.463,1.1144,1.11444,1.25,1.50
2017.03.31 17:33:23.177,1.1144,1.11443,1.31,1.00
2017.03.31 17:33:27.217,1.11439,1.11442,2.81,1.00
2017.03.31 17:33:28.388,1.11439,1.11443,2.81,1.87
2017.03.31 17:33:28.894,1.11439,1.11443,2.06,2.62
2017.03.31 17:33:29.892,1.11438,1.11439,1.12,1.00
2017.03.31 17:33:29.993,1.11436,1.1144,1.25,2.62
2017.03.31 17:33:30.499,1.11436,1.11439,1.12,1.12
2017.03.31 17:33:30.933,1.11438,1.1144,1.12,2.25
2017.03.31 17:33:31.086,1.11439,1.11443,2.06,1.87
2017.03.31 17:33:31.693,1.11439,1.11442,3.19,1.00
2017.03.31 17:33:32.847,1.11439,1.11442,1.69,1.50
2017.03.31 17:33:33.878,1.1144,1.11443,1.25,1.50
2017.03.31 17:33:36.264,1.1144,1.11443,1.62,1.12
2017.03.31 17:33:36.840,1.1144,1.11443,1.31,1.12
2017.03.31 17:33:38.732,1.11439,1.11442,1.31,1.00
2017.03.31 17:33:41.203,1.11439,1.11443,2.81,1.87
2017.03.31 17:33:41.709,1.11439,1.11442,2.06,1.00
2017.03.31 17:33:42.256,1.11439,1.11443,2.81,1.87
2017.03.31 17:33:42.761,1.11439,1.11442,1.50,1.00
2017.03.31 17:33:44.935,1.11439,1.11441,1.00,1.00
2017.03.31 17:33:46.350,1.11437,1.11439,5.44,1.50
2017.03.31 17:33:46.856,1.11437,1.1144,1.50,1.25
2017.03.31 17:33:47.426,1.11437,1.11441,3.94,1.00
2017.03.31 17:33:47.933,1.11439,1.11442,1.00,1.00
2017.03.31 17:33:48.478,1.11437,1.11441,4.31,1.50
2017.03.31 17:33:48.817,1.11437,1.11439,4.31,1.00
2017.03.31 17:33:49.330,1.11437,1.11438,1.00,1.00
2017.03.31 17:33:49.382,1.11436,1.1144,1.75,4.69
2017.03.31 17:33:49.433,1.11435,1.11439,1.69,1.12
2017.03.31 17:33:49.803,1.11438,1.1144,2.06,1.37
2017.03.31 17:33:49.905,1.11438,1.11441,3.94,1.12
2017.03.31 17:33:50.439,1.11439,1.11442,1.50,1.00
2017.03.31 17:33:53.612,1.11439,1.11441,3.00,1.00
2017.03.31 17:33:54.118,1.11439,1.11442,1.50,1.00
2017.03.31 17:34:03.421,1.11439,1.1144,1.00,1.00
2017.03.31 17:34:03.601,1.11436,1.11438,1.12,1.00
2017.03.31 17:34:04.058,1.11437,1.1144,8.44,1.00
2017.03.31 17:34:04.767,1.11437,1.11439,2.62,1.00
2017.03.31 17:34:04.877,1.11436,1.11437,1.00,1.00
2017.03.31 17:34:05.537,1.11435,1.11437,1.00,4.69
2017.03.31 17:34:05.638,1.11433,1.11435,1.12,1.00
2017.03.31 17:34:06.195,1.11432,1.11435,9.19,1.00
2017.03.31 17:34:06.701,1.11433,1.11436,1.00,1.00
2017.03.31 17:34:07.623,1.11433,1.11435,1.00,1.00
2017.03.31 17:34:09.260,1.11433,1.11436,1.00,1.50
2017.03.31 17:34:10.188,1.11433,1.11434,1.00,1.00
2017.03.31 17:34:10.726,1.11433,1.11435,1.00,1.00
2017.03.31 17:34:18.558,1.11433,1.11436,2.25,1.00
2017.03.31 17:34:20.198,1.11433,1.11437,3.00,1.31
2017.03.31 17:34:20.502,1.11432,1.11435,1.37,2.81
2017.03.31 17:34:20.603,1.11431,1.11434,1.50,1.12
2017.03.31 17:34:20.908,1.1143,1.11432,2.25,1.00
2017.03.31 17:34:21.060,1.11427,1.11429,1.12,2.44
2017.03.31 17:34:21.162,1.11425,1.11428,2.25,3.19
2017.03.31 17:34:21.314,1.11424,1.11425,2.62,1.00
2017.03.31 17:34:21.696,1.11421,1.11424,5.25,1.00
2017.03.31 17:34:21.797,1.11421,1.11424,1.12,1.12
2017.03.31 17:34:22.313,1.1142,1.11425,9.19,2.06
2017.03.31 17:34:23.885,1.11421,1.11425,1.00,2.06
2017.03.31 17:34:31.947,1.11421,1.11425,3.19,1.87
2017.03.31 17:34:32.535,1.11421,1.11425,2.81,1.50
2017.03.31 17:34:34.681,1.11421,1.11424,2.44,1.00
2017.03.31 17:34:41.800,1.11421,1.11422,1.31,1.00
2017.03.31 17:34:42.141,1.11416,1.1142,2.44,1.00
2017.03.31 17:34:42.648,1.11416,1.1142,1.31,3.75
2017.03.31 17:34:43.935,1.11417,1.1142,1.00,1.23
2017.03.31 17:34:44.441,1.11419,1.1142,1.00,1.00
2017.03.31 17:34:44.695,1.11417,1.11422,5.81,1.69
2017.03.31 17:34:44.949,1.11417,1.11421,1.87,1.69
2017.03.31 17:34:45.455,1.11416,1.1142,3.94,1.10
2017.03.31 17:34:47.467,1.11416,1.11419,2.44,1.00
2017.03.31 17:34:49.126,1.11416,1.11419,1.69,2.32
2017.03.31 17:34:49.661,1.11416,1.11419,1.00,3.26
2017.03.31 17:34:50.319,1.11416,1.11419,1.00,1.25
2017.03.31 17:34:51.221,1.11415,1.11417,1.50,1.12
2017.03.31 17:34:51.323,1.11413,1.11417,5.44,1.00
2017.03.31 17:34:51.829,1.11414,1.11418,1.87,2.44
2017.03.31 17:34:53.493,1.11414,1.11418,2.62,1.31
2017.03.31 17:34:57.797,1.11415,1.11419,1.87,1.25
2017.03.31 17:35:01.628,1.11416,1.1142,1.50,2.44
2017.03.31 17:35:02.033,1.11419,1.11421,1.00,1.12
2017.03.31 17:35:02.388,1.11421,1.11423,1.12,1.00
2017.03.31 17:35:02.446,1.11421,1.11424,1.12,4.12
2017.03.31 17:35:02.864,1.11423,1.11424,1.00,1.00
2017.03.31 17:35:03.067,1.11423,1.11426,1.50,6.19
2017.03.31 17:35:09.216,1.11422,1.11425,1.50,4.31
2017.03.31 17:35:09.368,1.11421,1.11423,1.12,1.12
2017.03.31 17:35:09.875,1.11422,1.11424,1.00,1.50
2017.03.31 17:35:10.361,1.11419,1.11422,1.37,6.19
2017.03.31 17:35:10.868,1.11419,1.11422,1.12,6.94
2017.03.31 17:35:13.580,1.1142,1.11422,1.00,5.25
2017.03.31 17:35:13.785,1.11421,1.11424,1.00,1.69
2017.03.31 17:35:14.322,1.11422,1.11424,1.00,2.06
2017.03.31 17:35:14.828,1.11423,1.11425,1.00,1.25
2017.03.31 17:35:15.442,1.11421,1.11424,1.87,1.25
2017.03.31 17:35:15.999,1.11423,1.11425,1.00,3.19
2017.03.31 17:35:16.564,1.11422,1.11425,1.12,5.06
2017.03.31 17:35:17.329,1.11423,1.11425,1.00,1.69
2017.03.31 17:35:18.356,1.11423,1.11426,1.00,1.69
2017.03.31 17:35:19.275,1.11422,1.11426,1.50,1.62
2017.03.31 17:35:19.781,1.11423,1.11426,1.00,4.69
2017.03.31 17:35:20.287,1.11423,1.11426,1.00,5.44
2017.03.31 17:35:21.425,1.11423,1.11425,1.00,3.94
2017.03.31 17:35:21.932,1.11423,1.11425,1.00,1.25
2017.03.31 17:35:22.034,1.11421,1.11422,1.12,1.20
2017.03.31 17:35:22.187,1.1142,1.11424,1.12,8.06
2017.03.31 17:35:22.542,1.11422,1.11424,1.12,1.00
2017.03.31 17:35:23.047,1.11422,1.11425,1.12,1.69
2017.03.31 17:35:26.530,1.11423,1.11425,1.37,1.31
2017.03.31 17:35:27.064,1.11423,1.11426,1.50,1.25
2017.03.31 17:35:28.995,1.11425,1.11427,1.00,2.44
2017.03.31 17:35:29.148,1.11429,1.11431,1.00,1.25
2017.03.31 17:35:29.605,1.1143,1.11433,1.12,1.12
2017.03.31 17:35:30.112,1.11431,1.11434,1.00,5.06
2017.03.31 17:35:30.786,1.11435,1.11436,1.12,6.37
2017.03.31 17:35:30.837,1.11436,1.11437,1.12,2.81
2017.03.31 17:35:31.142,1.11436,1.11439,1.00,2.81
2017.03.31 17:35:31.693,1.11436,1.11439,1.00,1.25
2017.03.31 17:35:33.662,1.11437,1.11439,1.00,1.25
2017.03.31 17:35:34.648,1.11439,1.1144,2.62,3.00
2017.03.31 17:35:34.701,1.11438,1.1144,1.31,2.25
2017.03.31 17:35:34.861,1.1144,1.11443,1.50,1.31
2017.03.31 17:35:34.913,1.1144,1.11444,1.12,7.31
2017.03.31 17:35:35.110,1.11442,1.11444,1.12,2.81
2017.03.31 17:35:35.414,1.11439,1.1144,1.27,1.69
2017.03.31 17:35:35.920,1.11438,1.1144,1.50,2.81
2017.03.31 17:35:36.954,1.11437,1.1144,1.12,3.56
2017.03.31 17:35:47.295,1.11436,1.1144,1.87,5.06
2017.03.31 17:35:51.547,1.11436,1.1144,2.77,5.44
2017.03.31 17:35:53.797,1.11435,1.11439,1.50,5.81
2017.03.31 17:35:54.302,1.11435,1.11439,1.12,6.19
2017.03.31 17:35:56.817,1.11435,1.11439,2.25,1.69
2017.03.31 17:35:57.323,1.11436,1.11439,1.00,1.25
2017.03.31 17:36:12.247,1.11437,1.1144,1.00,3.19
2017.03.31 17:36:12.500,1.11439,1.11444,1.12,6.19
2017.03.31 17:36:13.187,1.11438,1.11441,3.52,2.44
2017.03.31 17:36:13.339,1.11436,1.1144,1.12,3.94
2017.03.31 17:36:19.685,1.11437,1.11441,1.12,3.19
2017.03.31 17:36:20.084,1.11439,1.11443,1.12,6.94
2017.03.31 17:36:21.403,1.11439,1.11443,1.50,1.31
2017.03.31 17:36:24.814,1.1144,1.11444,1.12,5.44
2017.03.31 17:36:25.320,1.11439,1.11444,1.12,8.06
2017.03.31 17:36:25.927,1.1144,1.11444,1.50,4.31
2017.03.31 17:36:26.433,1.11441,1.11445,1.87,3.19
2017.03.31 17:36:28.664,1.11443,1.11445,5.25,1.37
2017.03.31 17:36:28.867,1.11446,1.1145,1.50,8.06
2017.03.31 17:36:29.379,1.11446,1.1145,1.12,5.81
2017.03.31 17:36:29.890,1.11446,1.1145,1.50,3.56
2017.03.31 17:36:30.872,1.11446,1.1145,1.50,3.56
2017.03.31 17:36:31.972,1.11446,1.1145,2.25,3.19
2017.03.31 17:36:32.543,1.11447,1.1145,1.27,1.25
2017.03.31 17:36:33.983,1.11447,1.11452,2.59,11.81
2017.03.31 17:36:34.523,1.11447,1.1145,1.84,1.00
2017.03.31 17:36:34.840,1.11443,1.11446,1.00,2.06
2017.03.31 17:36:34.942,1.11441,1.11445,2.06,1.87
2017.03.31 17:36:38.391,1.11439,1.1144,2.40,1.00
2017.03.31 17:36:38.442,1.11438,1.11441,3.15,1.69
2017.03.31 17:36:38.544,1.11436,1.1144,2.62,1.62
2017.03.31 17:36:39.077,1.11436,1.1144,1.87,3.19
2017.03.31 17:36:43.366,1.11436,1.1144,3.00,3.19
2017.03.31 17:36:43.468,1.1144,1.11443,1.50,1.12
2017.03.31 17:36:44.329,1.11439,1.11443,2.62,3.19
2017.03.31 17:36:44.380,1.11439,1.11442,1.00,2.44
2017.03.31 17:36:44.890,1.11438,1.11442,1.12,2.06
2017.03.31 17:36:45.093,1.11439,1.11443,3.00,1.31
2017.03.31 17:36:48.740,1.11439,1.11443,3.94,1.12
2017.03.31 17:36:49.279,1.1144,1.11444,1.87,1.69
2017.03.31 17:36:57.634,1.1144,1.11444,2.62,1.69
2017.03.31 17:36:57.843,1.11438,1.11443,3.19,5.81
2017.03.31 17:36:59.992,1.11439,1.11443,2.25,2.81
2017.03.31 17:37:00.525,1.1144,1.11444,1.50,1.69
2017.03.31 17:37:01.031,1.1144,1.11444,1.50,1.69
2017.03.31 17:37:01.985,1.11441,1.11445,1.00,1.69
2017.03.31 17:37:14.185,1.11441,1.11444,1.00,1.69
2017.03.31 17:37:14.338,1.11439,1.1144,3.37,1.00
2017.03.31 17:37:14.541,1.11439,1.11443,1.12,2.81
2017.03.31 17:37:15.076,1.1144,1.11443,2.62,1.31
2017.03.31 17:37:16.217,1.11439,1.11443,5.25,2.06
2017.03.31 17:37:17.377,1.11439,1.11441,1.50,1.00
2017.03.31 17:37:17.529,1.11437,1.1144,1.30,1.69
2017.03.31 17:37:18.276,1.11436,1.1144,1.87,4.69
2017.03.31 17:37:23.078,1.11435,1.11439,1.00,2.06
2017.03.31 17:37:24.479,1.11436,1.11439,1.00,1.50
2017.03.31 17:37:28.762,1.11434,1.11439,4.16,3.19
2017.03.31 17:37:30.428,1.11437,1.11439,2.25,1.12
2017.03.31 17:37:31.257,1.11436,1.11439,1.00,1.31
2017.03.31 17:37:33.677,1.11437,1.1144,1.62,3.75
2017.03.31 17:37:33.779,1.11438,1.11442,1.00,2.06
2017.03.31 17:37:35.277,1.11437,1.1144,3.41,1.00
2017.03.31 17:37:35.530,1.11434,1.11438,3.56,1.12
2017.03.31 17:37:36.035,1.11434,1.11438,2.81,1.12
2017.03.31 17:37:37.494,1.11436,1.1144,5.44,6.75
2017.03.31 17:37:37.546,1.11437,1.1144,4.69,4.50
2017.03.31 17:37:37.967,1.11435,1.11438,2.25,1.00
2017.03.31 17:37:38.524,1.11436,1.11439,4.31,1.00
2017.03.31 17:37:39.030,1.11437,1.11438,1.00,1.00
2017.03.31 17:37:39.531,1.11435,1.11438,2.44,1.00
2017.03.31 17:37:40.195,1.11436,1.11439,1.62,1.12
2017.03.31 17:37:40.707,1.11437,1.1144,1.12,1.00
2017.03.31 17:37:41.011,1.11439,1.11442,2.25,1.00
2017.03.31 17:37:41.315,1.11437,1.11439,1.00,1.00
2017.03.31 17:37:45.157,1.11437,1.11439,3.37,1.00
2017.03.31 17:37:45.311,1.11439,1.11442,1.37,1.50
2017.03.31 17:37:45.716,1.11438,1.1144,4.50,1.12
2017.03.31 17:37:46.287,1.11437,1.11439,1.37,1.12
2017.03.31 17:37:46.761,1.11435,1.11439,5.06,1.12
2017.03.31 17:37:49.289,1.11439,1.11441,1.37,3.94
2017.03.31 17:37:49.441,1.11439,1.11443,5.25,1.25
2017.03.31 17:37:51.858,1.11439,1.11442,3.00,1.00
2017.03.31 17:37:52.425,1.11439,1.11442,3.00,1.00
2017.03.31 17:37:55.124,1.11439,1.11443,3.75,1.31
2017.03.31 17:37:55.641,1.1144,1.11443,1.87,1.31
2017.03.31 17:38:01.915,1.1144,1.11443,3.00,1.31
2017.03.31 17:38:02.949,1.1144,1.11443,3.00,1.31
2017.03.31 17:38:09.915,1.1144,1.11443,3.37,1.25
2017.03.31 17:38:11.926,1.11443,1.11445,4.50,1.00
2017.03.31 17:38:12.129,1.11445,1.11449,9.56,1.12
2017.03.31 17:38:12.712,1.11446,1.11449,1.37,1.12
2017.03.31 17:38:15.459,1.11447,1.11451,4.12,2.06
2017.03.31 17:38:15.999,1.11447,1.11451,5.47,1.31
2017.03.31 17:38:18.896,1.1145,1.11452,1.12,5.44
2017.03.31 17:38:19.071,1.11451,1.11454,2.62,3.00
2017.03.31 17:38:19.122,1.11451,1.11455,3.00,3.19
2017.03.31 17:38:19.526,1.11451,1.11453,1.00,1.12
2017.03.31 17:38:19.729,1.11449,1.11453,3.19,1.00
2017.03.31 17:38:20.234,1.1145,1.11454,1.87,2.81
2017.03.31 17:38:20.423,1.11452,1.11455,1.00,2.06
2017.03.31 17:38:23.485,1.11451,1.11453,1.37,1.00
2017.03.31 17:38:23.637,1.1145,1.11452,1.00,1.00
2017.03.31 17:38:24.932,1.11449,1.11453,1.37,1.31
2017.03.31 17:38:25.084,1.11449,1.11451,1.37,1.12
2017.03.31 17:38:25.280,1.11448,1.11451,1.25,1.12
2017.03.31 17:38:26.475,1.11446,1.1145,9.79,1.00
2017.03.31 17:38:28.027,1.11445,1.11448,3.22,1.25
2017.03.31 17:38:28.129,1.11445,1.11448,1.30,1.62
2017.03.31 17:38:28.231,1.11445,1.11449,1.87,1.31
2017.03.31 17:38:29.495,1.11445,1.11448,4.50,1.00
2017.03.31 17:38:30.773,1.11445,1.11449,3.60,1.31
2017.03.31 17:38:31.652,1.11445,1.11449,5.47,1.31
2017.03.31 17:38:31.805,1.11445,1.11447,1.12,1.12
2017.03.31 17:38:31.907,1.11443,1.11447,2.62,2.44
2017.03.31 17:38:32.414,1.11443,1.11446,1.12,1.00
2017.03.31 17:38:32.793,1.11442,1.11445,2.62,1.37
2017.03.31 17:38:32.945,1.11441,1.11445,3.04,2.25
2017.03.31 17:38:36.107,1.11441,1.11443,1.35,1.69
2017.03.31 17:38:36.317,1.11439,1.11442,1.50,1.31
2017.03.31 17:38:37.498,1.11438,1.11439,2.25,1.00
2017.03.31 17:38:37.600,1.11437,1.11438,1.72,1.00
2017.03.31 17:38:38.106,1.11435,1.11439,1.50,2.44
2017.03.31 17:38:40.972,1.11437,1.11439,1.00,1.00
2017.03.31 17:38:41.478,1.11435,1.11439,2.81,1.50
2017.03.31 17:38:41.984,1.11436,1.11439,2.44,1.00
2017.03.31 17:38:42.086,1.11435,1.11438,3.56,1.00
2017.03.31 17:38:43.896,1.11434,1.11437,2.44,1.00
2017.03.31 17:38:44.403,1.11433,1.11435,1.50,1.87
2017.03.31 17:38:44.556,1.1143,1.11432,1.25,1.00
2017.03.31 17:38:47.911,1.11429,1.11433,1.25,2.25
2017.03.31 17:38:49.466,1.11429,1.11433,3.56,2.62
2017.03.31 17:38:49.569,1.1143,1.11434,5.44,2.25
2017.03.31 17:38:49.670,1.11432,1.11435,1.00,1.00
2017.03.31 17:38:50.176,1.11432,1.11436,1.12,2.62
2017.03.31 17:38:51.251,1.11432,1.11436,1.00,1.87
2017.03.31 17:38:52.766,1.11431,1.11435,3.04,1.87
2017.03.31 17:38:53.271,1.1143,1.11435,3.19,3.37
2017.03.31 17:38:54.275,1.11431,1.11435,2.06,3.07
2017.03.31 17:38:54.818,1.11431,1.11435,4.16,1.50
2017.03.31 17:38:57.532,1.11431,1.11435,1.69,1.12
2017.03.31 17:38:57.978,1.11431,1.11435,1.00,8.44
2017.03.31 17:38:58.131,1.11429,1.11433,1.69,1.87
2017.03.31 17:38:58.661,1.11429,1.11433,1.12,3.37
2017.03.31 17:38:59.745,1.11428,1.11431,2.10,1.50
2017.03.31 17:38:59.847,1.11427,1.11431,2.44,3.37
2017.03.31 17:39:00.151,1.11426,1.11428,1.12,4.12
2017.03.31 17:39:00.303,1.11423,1.11427,2.06,2.62
2017.03.31 17:39:00.721,1.11425,1.11427,2.44,1.00
2017.03.31 17:39:00.822,1.11425,1.11429,2.06,1.50
2017.03.31 17:39:01.251,1.11426,1.1143,2.06,2.25
2017.03.31 17:39:01.796,1.11427,1.11431,2.29,1.87
2017.03.31 17:39:02.538,1.11428,1.11432,1.00,2.62
2017.03.31 17:39:04.096,1.11428,1.11432,1.69,1.50
2017.03.31 17:39:11.041,1.1143,1.11432,1.12,1.00
2017.03.31 17:39:11.549,1.11427,1.11432,3.19,7.87
2017.03.31 17:39:11.854,1.11427,1.11432,1.87,9.56
2017.03.31 17:39:12.396,1.11427,1.11432,2.25,2.06
2017.03.31 17:39:15.419,1.11428,1.11432,1.00,1.69
2017.03.31 17:39:15.960,1.11429,1.11433,1.00,4.69
2017.03.31 17:39:18.731,1.1143,1.11433,1.00,3.94
2017.03.31 17:39:19.251,1.11429,1.11433,1.50,6.19
2017.03.31 17:39:23.722,1.1143,1.11433,1.00,1.31
2017.03.31 17:39:23.773,1.1143,1.11433,1.00,1.25
2017.03.31 17:39:24.282,1.11431,1.11434,1.00,4.31
2017.03.31 17:39:35.852,1.1143,1.11434,1.00,5.44
2017.03.31 17:39:49.712,1.11429,1.11432,1.50,1.00
2017.03.31 17:39:50.218,1.11428,1.11433,3.00,5.81
2017.03.31 17:39:50.269,1.11428,1.11433,3.00,5.06
2017.03.31 17:39:52.115,1.11428,1.11431,3.00,1.00
2017.03.31 17:39:59.447,1.11431,1.11433,1.87,1.31
2017.03.31 17:39:59.751,1.11429,1.11432,1.12,1.31
2017.03.31 17:40:02.685,1.11428,1.11432,1.87,2.05
2017.03.31 17:40:02.940,1.11429,1.11433,1.00,2.06
2017.03.31 17:40:03.293,1.11428,1.11432,1.87,2.43
2017.03.31 17:40:06.653,1.11429,1.1143,1.00,1.48
2017.03.31 17:40:07.159,1.11428,1.11429,1.12,1.48
2017.03.31 17:40:09.192,1.11428,1.11433,2.10,2.81
2017.03.31 17:40:09.698,1.11429,1.11433,1.00,2.81
2017.03.31 17:40:10.297,1.11428,1.11432,1.12,2.44
2017.03.31 17:40:23.975,1.11428,1.11432,1.72,1.69
2017.03.31 17:40:24.513,1.11428,1.11432,1.12,2.06
2017.03.31 17:40:40.644,1.11427,1.1143,3.00,1.00
2017.03.31 17:40:41.150,1.11427,1.11432,5.10,2.44
2017.03.31 17:40:46.960,1.11427,1.11431,2.25,2.44
2017.03.31 17:40:47.468,1.11426,1.1143,1.50,2.44
2017.03.31 17:40:49.551,1.11426,1.1143,3.75,1.25
2017.03.31 17:40:49.604,1.11428,1.11431,1.37,2.81
2017.03.31 17:40:50.111,1.11428,1.11432,1.87,3.19
2017.03.31 17:40:55.606,1.11428,1.11432,3.37,2.44
2017.03.31 17:40:56.125,1.11428,1.11432,3.75,1.69
2017.03.31 17:40:56.632,1.11428,1.11432,4.35,1.31
2017.03.31 17:40:59.372,1.11428,1.11432,4.12,1.31
2017.03.31 17:41:00.017,1.11429,1.11432,1.00,1.31
2017.03.31 17:41:10.269,1.11429,1.11432,1.67,1.31
2017.03.31 17:41:13.454,1.1143,1.11433,1.12,2.06
2017.03.31 17:41:23.863,1.11429,1.11432,1.00,1.25
2017.03.31 17:41:34.824,1.11429,1.11432,1.00,1.31
2017.03.31 17:41:35.220,1.11427,1.11431,1.87,5.44
2017.03.31 17:41:35.271,1.11428,1.11431,1.00,1.31
2017.03.31 17:41:35.778,1.11428,1.11431,1.00,1.19
2017.03.31 17:41:36.285,1.11429,1.11432,1.00,2.06
2017.03.31 17:41:41.319,1.11427,1.11428,1.12,1.50
2017.03.31 17:41:41.625,1.11429,1.1143,1.00,2.81
2017.03.31 17:41:42.131,1.11429,1.11431,1.50,2.44
2017.03.31 17:41:51.631,1.11429,1.11431,1.00,1.62
2017.03.31 17:41:52.155,1.11428,1.11431,1.00,1.31
2017.03.31 17:41:52.785,1.11427,1.11429,1.00,2.06
2017.03.31 17:41:52.988,1.11423,1.11427,1.87,3.19
2017.03.31 17:41:56.324,1.11424,1.11427,1.00,3.19
2017.03.31 17:41:57.325,1.11423,1.11427,1.87,3.94
2017.03.31 17:42:02.857,1.11422,1.11427,2.62,5.06
2017.03.31 17:42:04.108,1.11422,1.11426,2.62,3.56
2017.03.31 17:42:04.614,1.11422,1.11426,2.62,1.69
2017.03.31 17:42:05.242,1.11423,1.11426,1.00,1.69
2017.03.31 17:42:12.829,1.11422,1.11426,1.50,2.44
2017.03.31 17:42:13.353,1.11422,1.11425,1.12,1.19
2017.03.31 17:42:28.436,1.11422,1.11425,1.27,1.25
2017.03.31 17:42:33.576,1.11423,1.11426,1.00,1.69
2017.03.31 17:42:33.943,1.11425,1.11427,1.87,7.50
2017.03.31 17:42:34.148,1.11429,1.11431,1.00,3.56
2017.03.31 17:42:34.654,1.11429,1.11431,1.00,2.44
2017.03.31 17:42:44.704,1.11429,1.11431,1.00,2.44
2017.03.31 17:42:45.235,1.11428,1.11431,1.12,3.19
2017.03.31 17:42:47.304,1.11428,1.11431,2.62,2.44
2017.03.31 17:42:49.046,1.1143,1.11431,1.00,2.06
2017.03.31 17:42:50.397,1.11429,1.11431,1.12,2.06
2017.03.31 17:42:53.080,1.1143,1.11431,1.00,2.44
2017.03.31 17:42:56.923,1.11429,1.11431,1.12,2.06
2017.03.31 17:43:12.548,1.11428,1.11429,1.00,6.37
2017.03.31 17:43:12.686,1.11427,1.11429,1.12,3.19
2017.03.31 17:43:13.246,1.11428,1.11429,1.00,1.25
2017.03.31 17:43:13.794,1.11427,1.1143,1.00,4.31
2017.03.31 17:43:14.719,1.11426,1.11429,1.12,2.25
2017.03.31 17:43:15.225,1.11426,1.11429,1.00,3.56
2017.03.31 17:43:17.841,1.11425,1.11428,1.00,1.76
2017.03.31 17:43:18.297,1.11426,1.11428,1.00,1.00
2017.03.31 17:43:18.449,1.11427,1.1143,1.00,2.81
2017.03.31 17:43:19.108,1.11427,1.11429,1.00,1.00
2017.03.31 17:43:22.409,1.11426,1.11429,1.50,1.00
2017.03.31 17:43:23.022,1.11425,1.11427,1.00,2.25
2017.03.31 17:43:23.529,1.11424,1.11426,1.00,1.12
2017.03.31 17:43:24.116,1.11425,1.11428,1.00,2.62
2017.03.31 17:43:24.268,1.11426,1.11429,1.00,1.31
2017.03.31 17:43:24.369,1.11424,1.11427,1.00,1.69
2017.03.31 17:43:24.673,1.11425,1.11427,1.00,1.00
2017.03.31 17:43:24.775,1.11424,1.11428,1.31,2.25
2017.03.31 17:43:25.296,1.11425,1.11427,1.00,1.25
2017.03.31 17:43:25.824,1.11424,1.11427,1.00,2.06
2017.03.31 17:43:28.955,1.11425,1.11427,1.00,1.12
2017.03.31 17:43:29.685,1.11425,1.11426,1.00,1.00
2017.03.31 17:43:30.196,1.11425,1.11427,1.00,3.56
2017.03.31 17:43:30.744,1.11425,1.11426,1.00,1.00
2017.03.31 17:43:31.277,1.11425,1.11427,1.00,3.19
2017.03.31 17:43:33.161,1.11425,1.11426,1.00,1.00
2017.03.31 17:43:33.703,1.11425,1.11427,1.00,1.31
2017.03.31 17:43:34.212,1.11425,1.11426,1.00,1.00
2017.03.31 17:43:34.654,1.11423,1.11426,1.00,4.69
2017.03.31 17:43:37.276,1.11423,1.11425,1.00,4.69
2017.03.31 17:43:39.828,1.11422,1.11424,1.00,1.31
2017.03.31 17:43:41.752,1.1142,1.11423,1.12,2.62
2017.03.31 17:43:42.257,1.11419,1.11422,1.00,4.31
2017.03.31 17:43:42.907,1.1142,1.11422,1.00,3.37
2017.03.31 17:43:45.234,1.11421,1.11423,1.00,1.62
2017.03.31 17:43:47.613,1.11419,1.11422,1.00,3.56
2017.03.31 17:43:48.119,1.11419,1.11421,1.00,1.69
2017.03.31 17:43:49.588,1.11418,1.11419,1.00,1.00
2017.03.31 17:43:50.090,1.11418,1.1142,1.00,1.31
2017.03.31 17:43:50.909,1.11418,1.11421,1.00,1.69
2017.03.31 17:43:55.069,1.11417,1.11419,1.20,1.00
2017.03.31 17:44:03.920,1.11415,1.11419,3.94,1.50
2017.03.31 17:44:04.581,1.11415,1.11418,2.81,1.00
2017.03.31 17:44:12.449,1.11414,1.11415,2.62,1.50
2017.03.31 17:44:12.602,1.11412,1.11414,1.50,1.00
2017.03.31 17:44:13.157,1.11411,1.11413,2.51,1.00
2017.03.31 17:44:22.569,1.11413,1.11415,1.87,1.87
2017.03.31 17:44:22.671,1.11414,1.11417,3.75,1.50
2017.03.31 17:44:23.177,1.11415,1.11417,1.00,1.00
2017.03.31 17:44:23.707,1.11414,1.11416,2.62,1.10
2017.03.31 17:44:24.213,1.11413,1.11415,3.75,1.00
2017.03.31 17:44:24.384,1.11411,1.11414,2.62,1.00
2017.03.31 17:44:24.946,1.11411,1.11414,1.76,1.00
2017.03.31 17:44:25.910,1.11411,1.11413,1.57,1.00
2017.03.31 17:44:41.324,1.1141,1.11413,2.25,1.50
2017.03.31 17:44:43.417,1.11406,1.11408,25.31,1.00
2017.03.31 17:44:43.469,1.11405,1.11407,19.87,1.00
2017.03.31 17:44:43.521,1.11404,1.11406,6.75,1.00
2017.03.31 17:44:44.023,1.11404,1.11406,1.50,1.00
2017.03.31 17:44:46.815,1.11403,1.11405,1.87,1.25
2017.03.31 17:44:46.917,1.11402,1.11405,1.50,1.69
2017.03.31 17:44:52.406,1.11404,1.11406,1.00,1.69
2017.03.31 17:44:54.234,1.11403,1.11406,1.00,2.06
2017.03.31 17:44:55.141,1.11402,1.11404,3.00,1.50
2017.03.31 17:44:55.193,1.11399,1.114,1.12,1.31
2017.03.31 17:44:55.244,1.11397,1.11398,1.00,1.25
2017.03.31 17:44:55.549,1.11388,1.11389,1.87,1.00
2017.03.31 17:44:55.600,1.11387,1.11389,1.12,1.25
2017.03.31 17:44:55.652,1.11387,1.11389,2.12,1.31
2017.03.31 17:44:55.906,1.11388,1.11392,6.75,2.06
2017.03.31 17:44:56.336,1.11388,1.11389,1.00,1.31
2017.03.31 17:44:56.388,1.11385,1.11387,2.25,1.00
2017.03.31 17:44:56.439,1.11384,1.11387,1.25,1.00
2017.03.31 17:44:56.950,1.11385,1.11388,1.00,1.25
2017.03.31 17:44:58.261,1.11383,1.11384,1.87,1.00
2017.03.31 17:44:58.312,1.11382,1.11384,2.25,1.00
2017.03.31 17:44:58.668,1.11379,1.11383,2.81,1.50
2017.03.31 17:44:59.624,1.11379,1.11383,1.69,1.50
2017.03.31 17:45:00.689,1.11379,1.11383,1.50,1.69
2017.03.31 17:45:01.398,1.11378,1.11381,6.75,1.19
2017.03.31 17:45:01.500,1.11374,1.11378,2.62,3.56
2017.03.31 17:45:01.652,1.11372,1.11377,3.56,4.69
2017.03.31 17:45:02.566,1.1137,1.11374,6.00,1.25
2017.03.31 17:45:02.711,1.11371,1.11374,1.12,2.81
2017.03.31 17:45:02.763,1.11371,1.11375,4.12,1.62
2017.03.31 17:45:03.290,1.11371,1.11376,3.75,1.69
2017.03.31 17:45:03.826,1.11371,1.11376,3.00,2.06
2017.03.31 17:45:06.367,1.11373,1.11376,1.00,1.56
2017.03.31 17:45:06.981,1.11376,1.11378,2.25,7.87
2017.03.31 17:45:07.133,1.11378,1.11379,1.12,1.00
2017.03.31 17:45:07.184,1.11379,1.11382,1.00,1.87
2017.03.31 17:45:09.221,1.11378,1.11382,1.50,1.00
2017.03.31 17:45:09.733,1.11379,1.11382,1.00,1.00
2017.03.31 17:45:10.256,1.11376,1.11382,8.81,7.12
2017.03.31 17:45:10.792,1.11378,1.11382,1.00,1.50
2017.03.31 17:45:11.344,1.11377,1.11381,3.19,1.12
2017.03.31 17:45:11.880,1.11378,1.11381,1.12,1.00
2017.03.31 17:45:12.746,1.11378,1.11382,1.50,1.50
2017.03.31 17:45:16.233,1.11379,1.11382,1.31,1.00
2017.03.31 17:45:16.795,1.11379,1.11383,2.81,1.87
2017.03.31 17:45:24.642,1.11378,1.1138,1.12,2.62
2017.03.31 17:45:24.794,1.11373,1.11377,2.44,1.12
2017.03.31 17:45:25.304,1.11373,1.11377,2.06,1.00
2017.03.31 17:45:25.406,1.11376,1.11377,1.12,1.00
2017.03.31 17:45:25.609,1.11377,1.11379,1.12,1.00
2017.03.31 17:45:25.785,1.11376,1.11377,1.00,1.00
2017.03.31 17:45:25.836,1.11373,1.11377,1.25,1.00
2017.03.31 17:45:27.041,1.11373,1.11377,3.19,1.00
2017.03.31 17:45:29.275,1.11373,1.11377,2.44,1.00
2017.03.31 17:45:31.994,1.11376,1.11377,1.00,1.00
2017.03.31 17:45:32.147,1.11378,1.11381,1.50,4.50
2017.03.31 17:45:32.709,1.11378,1.11383,3.94,3.00
2017.03.31 17:45:34.217,1.11378,1.11383,6.94,1.37
2017.03.31 17:45:35.989,1.11378,1.11382,2.06,1.87
2017.03.31 17:45:36.040,1.11377,1.11381,5.44,1.37
2017.03.31 17:45:36.345,1.11375,1.11377,2.25,1.00
2017.03.31 17:45:36.447,1.11373,1.11377,2.81,1.37
2017.03.31 17:45:37.736,1.11372,1.11376,2.06,1.50
2017.03.31 17:45:39.144,1.11373,1.11376,1.00,1.00
2017.03.31 17:45:40.504,1.11374,1.11377,1.00,1.50
2017.03.31 17:45:41.052,1.11374,1.11378,1.12,1.37
2017.03.31 17:45:41.499,1.11377,1.11379,2.81,2.25
2017.03.31 17:45:41.550,1.11379,1.11381,1.69,4.50
2017.03.31 17:45:41.765,1.11388,1.11389,1.50,2.06
2017.03.31 17:45:41.968,1.11391,1.11393,1.25,1.50
2017.03.31 17:45:42.322,1.11391,1.11396,2.06,2.62
2017.03.31 17:45:42.828,1.11392,1.11396,1.80,1.50
2017.03.31 17:45:43.731,1.11392,1.11396,1.80,1.50
2017.03.31 17:45:44.239,1.11392,1.11396,2.92,1.00
2017.03.31 17:45:44.745,1.11392,1.11396,1.69,2.25
2017.03.31 17:45:48.487,1.11393,1.11396,1.42,1.50
2017.03.31 17:45:48.588,1.11393,1.11397,2.06,2.62
2017.03.31 17:45:50.498,1.11397,1.11398,3.37,1.87
2017.03.31 17:45:50.697,1.11399,1.11403,1.87,3.75
2017.03.31 17:45:55.168,1.114,1.11403,1.00,3.75
2017.03.31 17:45:55.698,1.114,1.11404,1.25,4.57
2017.03.31 17:45:58.794,1.11399,1.11403,1.31,2.25
2017.03.31 17:45:58.947,1.11399,1.11403,1.15,11.06
2017.03.31 17:45:59.608,1.11398,1.11402,1.24,2.25
2017.03.31 17:46:00.113,1.11399,1.11403,1.31,4.12
2017.03.31 17:46:02.580,1.11398,1.11403,3.30,3.75
2017.03.31 17:46:04.568,1.11398,1.11402,2.92,1.00
2017.03.31 17:46:05.115,1.11398,1.11401,2.55,1.00
2017.03.31 17:46:05.877,1.11397,1.11398,2.36,1.00
2017.03.31 17:46:05.928,1.11396,1.11397,2.74,1.12
2017.03.31 17:46:06.030,1.11394,1.11395,2.25,1.00
2017.03.31 17:46:06.081,1.11392,1.11395,1.00,1.00
2017.03.31 17:46:06.501,1.11393,1.11396,1.31,1.87
2017.03.31 17:46:06.856,1.11394,1.11398,2.92,2.25
2017.03.31 17:46:07.058,1.11397,1.11399,1.25,1.37
2017.03.31 17:46:07.109,1.11397,1.114,1.69,1.87
2017.03.31 17:46:07.615,1.11397,1.11401,3.30,1.50
2017.03.31 17:46:10.977,1.11397,1.11401,4.80,1.12
2017.03.31 17:46:11.634,1.11402,1.11403,1.00,2.25
2017.03.31 17:46:11.849,1.11402,1.11405,1.00,1.50
2017.03.31 17:46:12.386,1.114,1.11403,1.00,2.62
2017.03.31 17:46:12.539,1.11397,1.114,3.19,1.00
2017.03.31 17:46:13.085,1.11397,1.11401,2.55,1.50
2017.03.31 17:46:17.582,1.11397,1.114,1.12,1.00
2017.03.31 17:46:18.070,1.11396,1.11397,1.15,1.12
2017.03.31 17:46:18.222,1.11391,1.11395,2.81,1.50
2017.03.31 17:46:18.324,1.11391,1.11393,1.31,1.00
2017.03.31 17:46:18.425,1.11391,1.11395,1.31,1.87
2017.03.31 17:46:23.967,1.11392,1.11395,1.00,1.87
2017.03.31 17:46:24.473,1.11391,1.11395,1.87,2.62
2017.03.31 17:46:24.994,1.11392,1.11395,1.00,1.87
2017.03.31 17:46:25.565,1.11391,1.11395,1.31,1.50
2017.03.31 17:46:27.345,1.11393,1.11395,1.00,1.00
2017.03.31 17:46:27.851,1.11393,1.11396,1.15,1.00
2017.03.31 17:46:28.497,1.11393,1.11397,4.05,1.87
2017.03.31 17:46:29.126,1.11395,1.11398,1.69,1.85
2017.03.31 17:46:29.228,1.11395,1.11399,3.56,1.50
2017.03.31 17:46:29.937,1.11397,1.114,1.69,1.37
2017.03.31 17:46:30.089,1.11398,1.11402,1.25,1.87
2017.03.31 17:46:31.761,1.11397,1.11401,2.55,1.87
2017.03.31 17:46:31.812,1.11397,1.11399,1.61,3.37
2017.03.31 17:46:31.913,1.11395,1.11397,1.37,1.12
2017.03.31 17:46:32.016,1.11394,1.11397,1.12,1.00
2017.03.31 17:46:32.521,1.11393,1.11396,3.30,1.12
2017.03.31 17:46:33.028,1.11392,1.11396,1.25,3.75
2017.03.31 17:46:34.525,1.11392,1.11396,2.06,1.50
2017.03.31 17:46:34.727,1.11393,1.11397,1.31,1.50
2017.03.31 17:46:35.235,1.11391,1.11396,5.06,2.62
2017.03.31 17:46:37.120,1.11391,1.11395,3.56,1.00
2017.03.31 17:46:38.118,1.11391,1.11395,1.12,2.81
2017.03.31 17:46:40.647,1.1139,1.11394,2.55,1.00
2017.03.31 17:46:41.154,1.11389,1.11393,4.31,1.00
2017.03.31 17:46:41.610,1.11391,1.11395,3.00,3.19
2017.03.31 17:46:42.380,1.11393,1.11395,1.00,1.50
2017.03.31 17:46:42.945,1.11392,1.11395,1.00,1.12
2017.03.31 17:46:45.417,1.11391,1.11395,1.42,1.12
2017.03.31 17:46:47.351,1.11394,1.11396,3.37,1.50
2017.03.31 17:46:47.507,1.11401,1.11402,1.69,10.12
2017.03.31 17:46:47.559,1.11407,1.11408,1.00,4.87
2017.03.31 17:46:47.815,1.11412,1.11413,1.00,1.12
2017.03.31 17:46:49.624,1.1141,1.11411,1.50,1.50
2017.03.31 17:46:49.675,1.11408,1.11411,1.61,2.81
2017.03.31 17:46:49.777,1.11406,1.11409,1.61,5.81
2017.03.31 17:46:49.828,1.11405,1.11409,1.87,8.06
2017.03.31 17:46:50.408,1.11405,1.11406,1.00,1.12
2017.03.31 17:46:50.537,1.11402,1.11404,1.15,2.81
2017.03.31 17:46:50.879,1.114,1.11401,1.00,1.00
2017.03.31 17:46:51.913,1.114,1.11401,1.00,1.00
2017.03.31 17:46:53.660,1.11399,1.114,1.00,1.00
2017.03.31 17:46:54.172,1.11399,1.114,1.00,1.00
2017.03.31 17:46:54.709,1.11397,1.114,1.12,3.94
2017.03.31 17:46:55.013,1.11399,1.114,1.00,1.00
2017.03.31 17:46:59.961,1.11398,1.114,1.00,1.00
2017.03.31 17:47:00.468,1.11398,1.11399,1.00,1.12
2017.03.31 17:47:01.103,1.11398,1.11401,1.00,2.81
2017.03.31 17:47:04.927,1.11399,1.11401,1.00,1.37
2017.03.31 17:47:05.130,1.11402,1.11404,1.87,1.20
2017.03.31 17:47:05.232,1.11401,1.11404,1.00,9.07
2017.03.31 17:47:05.637,1.11403,1.11405,1.25,5.62
2017.03.31 17:47:05.740,1.11403,1.11407,2.06,4.50
2017.03.31 17:47:05.893,1.11403,1.11406,1.87,5.06
2017.03.31 17:47:06.399,1.11402,1.11405,1.00,5.06
2017.03.31 17:47:06.961,1.11402,1.11405,1.00,5.81
2017.03.31 17:47:10.180,1.11403,1.11405,1.00,4.31
2017.03.31 17:47:10.333,1.11404,1.11406,1.50,1.00
2017.03.31 17:47:13.034,1.11405,1.11407,1.00,6.19
2017.03.31 17:47:22.500,1.11404,1.11407,1.61,1.69
2017.03.31 17:47:25.201,1.11405,1.11407,1.50,3.00
2017.03.31 17:47:25.303,1.11407,1.11408,1.00,1.00
2017.03.31 17:47:25.659,1.11408,1.11409,4.69,3.00
2017.03.31 17:47:25.761,1.1141,1.11411,1.00,1.50
2017.03.31 17:47:26.297,1.11409,1.11411,1.24,1.00
2017.03.31 17:47:27.304,1.1141,1.11411,1.00,1.00
2017.03.31 17:47:27.816,1.11409,1.11411,1.87,1.00
2017.03.31 17:47:28.348,1.11409,1.11411,3.37,1.19
2017.03.31 17:47:28.584,1.11409,1.11412,2.81,1.12
2017.03.31 17:47:28.636,1.1141,1.11412,1.87,1.12
2017.03.31 17:47:31.219,1.11411,1.11414,2.36,1.31
2017.03.31 17:47:31.371,1.11413,1.11415,1.00,3.19
2017.03.31 17:47:35.879,1.11411,1.11415,1.12,3.64
2017.03.31 17:47:36.519,1.1141,1.11413,2.74,1.10
2017.03.31 17:47:39.010,1.11411,1.11415,1.87,2.51
2017.03.31 17:47:39.633,1.11411,1.11415,1.37,5.44
2017.03.31 17:47:42.923,1.11412,1.11414,1.87,1.31
2017.03.31 17:47:43.444,1.11412,1.11415,1.12,4.69
2017.03.31 17:47:45.118,1.11414,1.11416,1.00,6.56
2017.03.31 17:47:45.324,1.11415,1.11417,2.25,1.00
2017.03.31 17:47:45.476,1.11414,1.11416,3.00,3.19
2017.03.31 17:47:45.628,1.11413,1.11416,1.24,1.69
2017.03.31 17:47:46.135,1.11416,1.11417,1.00,2.25
2017.03.31 17:47:46.236,1.11416,1.11419,1.00,3.56
2017.03.31 17:47:47.830,1.11415,1.11417,2.55,1.00
2017.03.31 17:47:48.498,1.11415,1.11417,1.31,1.00
2017.03.31 17:47:49.015,1.11414,1.11417,2.44,1.00
2017.03.31 17:47:49.217,1.11413,1.11415,3.67,1.00
2017.03.31 17:47:49.480,1.11411,1.11413,2.25,1.00
2017.03.31 17:47:49.986,1.11413,1.11414,1.00,1.00
2017.03.31 17:47:50.493,1.11413,1.11414,1.12,1.00
2017.03.31 17:47:51.006,1.11413,1.11415,1.24,1.00
2017.03.31 17:47:51.281,1.11415,1.11417,1.00,2.25
2017.03.31 17:47:51.788,1.11414,1.11417,3.30,1.00
2017.03.31 17:47:52.344,1.11414,1.11416,3.37,1.00
2017.03.31 17:47:53.443,1.11414,1.11416,3.49,1.00
2017.03.31 17:47:53.948,1.11414,1.11416,3.11,1.00
2017.03.31 17:47:54.455,1.11412,1.11415,3.37,1.00
2017.03.31 17:47:59.156,1.11415,1.11416,1.00,1.12
2017.03.31 17:47:59.663,1.11415,1.11417,5.06,1.00
2017.03.31 17:48:00.169,1.11414,1.11416,1.50,1.00
2017.03.31 17:48:00.675,1.11414,1.11416,2.36,1.00
2017.03.31 17:48:01.194,1.11414,1.11416,1.00,1.00
2017.03.31 17:48:01.711,1.11413,1.11415,3.67,1.00
2017.03.31 17:48:03.716,1.11413,1.11414,1.99,1.00
2017.03.31 17:48:03.868,1.11411,1.11413,2.62,1.00
2017.03.31 17:48:08.168,1.11413,1.11415,3.37,1.87
2017.03.31 17:48:09.719,1.11413,1.11415,1.99,1.00
2017.03.31 17:48:09.821,1.11415,1.11417,1.12,1.12
2017.03.31 17:48:12.448,1.11414,1.11416,3.75,1.00
2017.03.31 17:48:13.048,1.11415,1.11417,1.87,1.00
2017.03.31 17:48:13.604,1.11414,1.11417,4.87,1.00
2017.03.31 17:48:14.585,1.11414,1.11416,2.62,1.00
2017.03.31 17:48:15.093,1.11414,1.11416,1.00,1.00
2017.03.31 17:48:17.596,1.11415,1.11417,1.37,1.12
2017.03.31 17:48:18.101,1.11415,1.11417,1.87,1.00
2017.03.31 17:48:20.115,1.11416,1.11418,1.00,1.12
2017.03.31 17:48:20.390,1.11415,1.11417,1.50,1.00
2017.03.31 17:48:20.912,1.11414,1.11416,2.25,1.00
2017.03.31 17:48:22.860,1.11414,1.11416,1.50,1.00
2017.03.31 17:48:22.912,1.11414,1.11415,1.12,2.06
2017.03.31 17:48:22.965,1.11413,1.11415,2.62,3.56
2017.03.31 17:48:23.067,1.11411,1.11414,1.12,1.87
2017.03.31 17:48:23.220,1.11411,1.11412,1.12,1.00
2017.03.31 17:48:30.309,1.11412,1.11415,1.37,3.56
2017.03.31 17:48:30.714,1.11411,1.11413,1.87,1.00
2017.03.31 17:48:34.703,1.11411,1.11413,3.37,1.00
2017.03.31 17:48:35.209,1.1141,1.11413,5.62,1.50
2017.03.31 17:48:39.234,1.1141,1.11412,1.87,1.00
2017.03.31 17:48:41.263,1.11411,1.11413,1.50,1.25
2017.03.31 17:48:55.356,1.1141,1.11413,3.00,1.25
2017.03.31 17:48:58.819,1.11411,1.11413,1.00,1.25
2017.03.31 17:49:03.476,1.11411,1.11415,5.25,4.12
2017.03.31 17:49:03.849,1.11415,1.11416,1.00,2.25
2017.03.31 17:49:04.010,1.11416,1.11419,1.00,1.69
2017.03.31 17:49:04.560,1.11416,1.11419,1.00,1.31
2017.03.31 17:49:05.319,1.11414,1.11418,7.50,1.00
2017.03.31 17:49:05.982,1.11414,1.11417,1.87,1.00
2017.03.31 17:49:06.213,1.11412,1.11416,5.62,1.31
2017.03.31 17:49:06.352,1.11412,1.11416,4.87,5.81
2017.03.31 17:49:07.062,1.11412,1.11413,1.00,1.00
2017.03.31 17:49:07.571,1.11413,1.11414,1.00,1.00
2017.03.31 17:49:08.382,1.11412,1.11413,1.12,1.00
2017.03.31 17:49:08.886,1.11411,1.11412,1.00,1.00
2017.03.31 17:49:13.513,1.11413,1.11415,1.87,1.50
2017.03.31 17:49:13.627,1.11414,1.11416,1.00,6.37
2017.03.31 17:49:13.678,1.11415,1.11418,3.00,7.51
2017.03.31 17:49:14.229,1.11415,1.11417,3.00,1.00
2017.03.31 17:49:18.223,1.11414,1.11417,3.37,1.87
2017.03.31 17:49:18.375,1.11411,1.11412,5.62,1.00
2017.03.31 17:49:18.426,1.11411,1.11412,1.12,1.00
2017.03.31 17:49:18.941,1.1141,1.11412,1.12,1.00
2017.03.31 17:49:21.491,1.1141,1.11411,1.00,1.00
2017.03.31 17:49:21.593,1.11408,1.11412,1.87,5.44
2017.03.31 17:49:21.644,1.11407,1.11409,3.37,1.00
2017.03.31 17:49:22.149,1.11406,1.11408,1.50,1.00
2017.03.31 17:49:22.200,1.11407,1.1141,3.00,1.50
2017.03.31 17:49:22.302,1.11409,1.11411,1.50,2.62
2017.03.31 17:49:22.809,1.11409,1.11411,1.12,1.00
2017.03.31 17:49:23.150,1.11407,1.11409,2.62,1.00
2017.03.31 17:49:23.456,1.11405,1.11409,1.50,1.69
2017.03.31 17:49:23.557,1.11405,1.11407,2.25,1.00
2017.03.31 17:49:24.065,1.11406,1.11408,1.12,1.00
2017.03.31 17:49:25.186,1.11407,1.1141,1.50,2.06
2017.03.31 17:49:25.691,1.11407,1.11409,3.37,1.00
2017.03.31 17:49:26.197,1.11407,1.11408,1.00,1.00
2017.03.31 17:49:26.702,1.11406,1.11408,1.12,1.00
2017.03.31 17:49:27.874,1.11405,1.11406,1.87,1.00
2017.03.31 17:49:27.976,1.11403,1.11405,5.06,1.00
2017.03.31 17:49:28.128,1.11405,1.11407,1.00,1.50
2017.03.31 17:49:30.085,1.11404,1.11406,2.25,1.00
2017.03.31 17:49:30.697,1.11404,1.11405,1.12,1.00
2017.03.31 17:49:31.497,1.11405,1.11406,1.00,1.00
2017.03.31 17:49:32.018,1.11404,1.11405,1.12,1.00
2017.03.31 17:49:37.352,1.11404,1.11408,1.12,6.19
2017.03.31 17:49:40.563,1.11405,1.11408,1.00,3.19
2017.03.31 17:49:42.020,1.11404,1.11408,1.87,5.06
2017.03.31 17:49:42.428,1.11406,1.11408,1.00,2.06
2017.03.31 17:49:42.934,1.11405,1.11408,1.00,2.06
2017.03.31 17:49:43.288,1.11408,1.11409,1.00,2.25
2017.03.31 17:49:43.390,1.11409,1.11411,1.12,4.31
2017.03.31 17:49:43.491,1.1141,1.11413,1.12,1.25
2017.03.31 17:49:44.833,1.11412,1.11414,1.00,1.87
2017.03.31 17:49:45.340,1.11411,1.11414,1.50,1.00
2017.03.31 17:49:45.858,1.11411,1.11415,1.12,3.19
2017.03.31 17:49:46.364,1.11412,1.11415,1.00,1.69
2017.03.31 17:49:46.668,1.11417,1.11419,1.00,2.06
2017.03.31 17:49:47.046,1.11415,1.11416,1.00,1.00
2017.03.31 17:49:47.148,1.11413,1.11416,1.12,2.14
2017.03.31 17:49:47.199,1.11415,1.11417,1.00,3.64
2017.03.31 17:49:47.354,1.11416,1.11418,1.00,1.69
2017.03.31 17:49:47.860,1.11415,1.11419,1.12,5.06
2017.03.31 17:49:48.164,1.11414,1.11416,1.50,1.00
2017.03.31 17:49:48.597,1.11413,1.11414,1.00,1.00
2017.03.31 17:49:48.665,1.11411,1.11414,1.50,1.00
2017.03.31 17:49:52.818,1.11411,1.11415,5.62,1.00
2017.03.31 17:49:54.336,1.11411,1.11414,5.25,1.00
2017.03.31 17:49:55.849,1.11414,1.11417,2.25,7.87
2017.03.31 17:49:55.900,1.11416,1.11418,2.62,6.37
2017.03.31 17:49:56.104,1.11422,1.11425,1.12,1.50
2017.03.31 17:49:56.649,1.11422,1.11424,1.50,1.00
2017.03.31 17:49:57.526,1.11421,1.11423,1.00,1.00
2017.03.31 17:49:57.577,1.1142,1.11421,2.25,1.00
2017.03.31 17:49:57.678,1.1142,1.11423,1.12,2.25
2017.03.31 17:49:58.205,1.1142,1.11423,4.12,1.00
2017.03.31 17:49:58.712,1.11421,1.11424,1.37,1.25
2017.03.31 17:49:58.865,1.11421,1.11422,1.00,1.00
2017.03.31 17:49:58.967,1.11421,1.11424,1.50,1.25
2017.03.31 17:49:59.651,1.11423,1.11424,1.00,1.25
2017.03.31 17:50:00.165,1.11421,1.11423,2.25,1.00
2017.03.31 17:50:01.862,1.11421,1.11424,2.25,1.25
2017.03.31 17:50:02.419,1.1142,1.11423,7.12,1.00
2017.03.31 17:50:03.695,1.11419,1.11421,2.25,1.00
2017.03.31 17:50:04.186,1.11418,1.11422,2.25,11.44
2017.03.31 17:50:04.489,1.11416,1.11418,1.50,1.00
2017.03.31 17:50:04.996,1.11415,1.11418,2.25,1.00
2017.03.31 17:50:05.543,1.11415,1.11417,2.25,1.00
2017.03.31 17:50:06.051,1.11415,1.11418,1.87,1.00
2017.03.31 17:50:06.557,1.11416,1.11419,1.00,1.25
2017.03.31 17:50:07.094,1.11415,1.11418,4.87,1.00
2017.03.31 17:50:08.437,1.11415,1.11417,1.37,3.56
2017.03.31 17:50:08.540,1.11411,1.11413,3.37,1.00
2017.03.31 17:50:08.818,1.11409,1.11411,2.25,1.00
2017.03.31 17:50:10.518,1.11408,1.1141,3.75,1.00
2017.03.31 17:50:10.844,1.11404,1.11405,4.12,1.00
2017.03.31 17:50:10.945,1.11404,1.11405,1.00,1.00
2017.03.31 17:50:11.497,1.11403,1.11405,1.87,1.00
2017.03.31 17:50:14.400,1.11403,1.11406,1.00,1.00
2017.03.31 17:50:15.875,1.11403,1.11405,1.00,1.00
2017.03.31 17:50:18.028,1.11404,1.11406,1.00,1.00
2017.03.31 17:50:21.285,1.11403,1.11406,2.62,1.00
2017.03.31 17:50:28.340,1.11403,1.11405,1.00,1.00
2017.03.31 17:50:29.119,1.11402,1.11406,2.62,1.25
2017.03.31 17:50:30.609,1.11402,1.11405,1.37,1.00
2017.03.31 17:50:31.205,1.11401,1.11404,3.00,1.00
2017.03.31 17:50:31.648,1.11401,1.11402,1.12,1.12
2017.03.31 17:50:31.733,1.11399,1.11401,1.87,1.00
2017.03.31 17:50:32.240,1.11398,1.114,2.62,1.00
2017.03.31 17:50:33.029,1.11398,1.114,1.87,1.00
2017.03.31 17:50:33.131,1.11397,1.11399,1.87,1.00
2017.03.31 17:50:33.637,1.11396,1.11398,1.37,1.00
2017.03.31 17:50:34.867,1.11395,1.11399,3.37,1.00
2017.03.31 17:50:43.064,1.11397,1.11399,1.00,2.06
2017.03.31 17:50:43.469,1.11397,1.114,1.00,4.31
2017.03.31 17:50:44.442,1.11398,1.114,1.00,3.75
2017.03.31 17:50:45.607,1.11399,1.11401,1.00,2.44
2017.03.31 17:50:50.392,1.114,1.11401,1.00,1.00
2017.03.31 17:50:50.443,1.11401,1.11403,2.25,3.00
2017.03.31 17:50:50.494,1.11403,1.11405,1.00,3.75
2017.03.31 17:50:50.595,1.11405,1.11407,1.00,2.06
2017.03.31 17:50:54.520,1.11403,1.11407,1.12,4.31
2017.03.31 17:50:55.029,1.11403,1.11406,1.50,1.00
2017.03.31 17:50:56.780,1.11404,1.11406,1.00,1.00
2017.03.31 17:50:59.423,1.11404,1.11407,1.00,1.25
2017.03.31 17:51:00.774,1.11405,1.11408,1.00,1.69
2017.03.31 17:51:04.451,1.11403,1.11407,4.87,1.12
2017.03.31 17:51:10.318,1.11407,1.11408,1.00,1.50
2017.03.31 17:51:10.420,1.11409,1.1141,1.00,2.06
2017.03.31 17:51:10.522,1.1141,1.11412,1.12,1.31
2017.03.31 17:51:10.624,1.11409,1.11412,1.12,2.06
2017.03.31 17:51:10.827,1.11408,1.11412,1.12,10.31
2017.03.31 17:51:11.080,1.11409,1.11412,1.00,7.69
2017.03.31 17:51:11.759,1.1141,1.11412,1.00,4.50
2017.03.31 17:51:13.026,1.11411,1.11413,1.00,1.69
2017.03.31 17:51:13.539,1.11412,1.11413,1.00,1.31
2017.03.31 17:51:14.174,1.11414,1.11415,3.37,1.12
2017.03.31 17:51:14.278,1.11416,1.11418,1.00,2.44
2017.03.31 17:51:14.796,1.11415,1.11419,3.75,1.69
2017.03.31 17:51:17.561,1.11417,1.1142,1.00,4.69
2017.03.31 17:51:17.867,1.11418,1.11421,2.25,1.12
2017.03.31 17:51:18.393,1.11418,1.11422,1.87,1.87
2017.03.31 17:51:20.275,1.11418,1.1142,1.87,1.37
2017.03.31 17:51:20.376,1.11416,1.1142,3.75,1.50
2017.03.31 17:51:20.956,1.11416,1.1142,2.25,1.50
2017.03.31 17:51:23.013,1.11416,1.1142,1.87,1.50
2017.03.31 17:51:25.331,1.11416,1.1142,1.50,1.50
2017.03.31 17:51:26.642,1.11416,1.1142,1.50,1.50
2017.03.31 17:51:30.787,1.11417,1.11419,1.12,1.69
2017.03.31 17:51:31.292,1.11416,1.11419,1.87,1.25
2017.03.31 17:51:35.922,1.11415,1.11419,3.75,3.19
2017.03.31 17:51:36.428,1.11415,1.11419,1.12,2.44
2017.03.31 17:51:37.004,1.11416,1.11419,1.00,2.44
2017.03.31 17:51:39.449,1.11415,1.11418,1.12,2.44
2017.03.31 17:51:39.652,1.11415,1.11419,4.87,2.06
2017.03.31 17:51:40.295,1.11417,1.11419,1.00,1.00
2017.03.31 17:51:40.835,1.11415,1.11419,5.06,1.87
2017.03.31 17:51:42.747,1.11417,1.1142,1.00,1.87
2017.03.31 17:51:46.061,1.11417,1.11419,1.12,1.00
2017.03.31 17:51:46.567,1.11415,1.11419,3.37,2.06
2017.03.31 17:51:49.986,1.11415,1.11418,2.25,1.31
2017.03.31 17:51:50.088,1.11414,1.11418,2.25,3.56
2017.03.31 17:51:50.240,1.11415,1.11419,1.50,3.56
2017.03.31 17:51:50.784,1.11415,1.11419,3.00,2.06
2017.03.31 17:51:55.275,1.11415,1.11418,3.37,1.00
2017.03.31 17:51:59.373,1.11414,1.11415,12.75,1.12
2017.03.31 17:51:59.690,1.11407,1.11409,1.50,1.50
2017.03.31 17:51:59.894,1.11408,1.11411,1.00,1.12
2017.03.31 17:52:00.552,1.11408,1.11412,3.37,1.87
2017.03.31 17:52:01.059,1.11408,1.1141,1.12,1.00
2017.03.31 17:52:01.161,1.11408,1.11412,1.00,2.44
2017.03.31 17:52:01.707,1.11408,1.11411,1.00,1.00
2017.03.31 17:52:02.213,1.11407,1.1141,3.00,1.00
2017.03.31 17:52:02.568,1.11407,1.11408,1.12,1.50
2017.03.31 17:52:02.822,1.11404,1.11407,5.62,1.00
2017.03.31 17:52:03.332,1.11404,1.11408,4.12,1.87
2017.03.31 17:52:05.733,1.11405,1.11409,1.50,2.81
2017.03.31 17:52:06.160,1.11404,1.11405,2.25,1.50
2017.03.31 17:52:06.314,1.11402,1.11404,2.25,1.00
2017.03.31 17:52:06.816,1.11403,1.11405,1.12,1.00
2017.03.31 17:52:07.372,1.11403,1.11406,1.12,2.44
2017.03.31 17:52:12.485,1.11402,1.11407,3.00,4.69
2017.03.31 17:52:12.739,1.11406,1.11407,1.00,1.50
2017.03.31 17:52:12.841,1.11406,1.1141,1.12,3.19
2017.03.31 17:52:14.440,1.11406,1.1141,5.62,1.69
2017.03.31 17:52:15.069,1.11408,1.11411,1.00,1.50
2017.03.31 17:52:15.171,1.11409,1.11413,1.00,4.31
2017.03.31 17:52:16.136,1.11409,1.11412,1.12,2.44
2017.03.31 17:52:16.407,1.11411,1.11413,1.12,1.50
2017.03.31 17:52:16.954,1.11411,1.11415,3.00,2.81
2017.03.31 17:52:17.944,1.11414,1.11416,1.00,2.70
2017.03.31 17:52:18.047,1.11414,1.11418,3.00,2.06
2017.03.31 17:52:18.648,1.11414,1.11416,1.50,1.12
2017.03.31 17:52:18.801,1.11415,1.11419,1.12,3.19
2017.03.31 17:52:19.206,1.11415,1.11418,1.50,1.69
2017.03.31 17:52:19.257,1.11415,1.11418,1.12,2.44
2017.03.31 17:52:19.762,1.11415,1.11419,1.12,3.94
2017.03.31 17:52:19.914,1.11414,1.11417,2.25,1.00
2017.03.31 17:52:20.066,1.11413,1.11416,1.87,1.00
2017.03.31 17:52:20.118,1.11415,1.11418,1.00,1.50
2017.03.31 17:52:20.270,1.11415,1.11419,2.25,2.44
2017.03.31 17:52:20.794,1.11417,1.11419,1.00,1.25
2017.03.31 17:52:21.744,1.11417,1.11418,1.00,1.00
2017.03.31 17:52:22.251,1.11417,1.11419,1.00,1.31
2017.03.31 17:52:31.526,1.11418,1.1142,1.00,3.94
2017.03.31 17:52:32.505,1.11417,1.1142,1.00,2.44
2017.03.31 17:52:33.451,1.11418,1.1142,1.00,2.44
2017.03.31 17:52:38.414,1.11417,1.1142,1.00,2.44
2017.03.31 17:52:42.251,1.11416,1.1142,1.00,3.19
2017.03.31 17:52:42.798,1.11416,1.11418,1.00,1.12
2017.03.31 17:52:43.486,1.11417,1.11419,1.00,1.87
2017.03.31 17:52:44.029,1.11417,1.1142,1.00,2.81
2017.03.31 17:52:46.367,1.11416,1.11418,1.00,1.00
2017.03.31 17:52:49.055,1.11415,1.11417,1.12,1.00
2017.03.31 17:52:49.360,1.11412,1.11415,1.00,3.94
2017.03.31 17:52:50.735,1.11412,1.11414,1.00,2.81
2017.03.31 17:52:52.094,1.11412,1.11414,1.00,1.25
2017.03.31 17:52:52.599,1.11411,1.11413,1.00,1.69
2017.03.31 17:52:56.627,1.11411,1.11412,1.00,1.00
2017.03.31 17:52:57.230,1.11411,1.11413,1.00,1.25
2017.03.31 17:52:58.975,1.1141,1.11412,1.00,1.31
2017.03.31 17:52:59.713,1.1141,1.11412,1.00,2.81
2017.03.31 17:52:59.764,1.11411,1.11413,1.00,2.44
2017.03.31 17:53:01.549,1.11412,1.11414,1.00,3.19
2017.03.31 17:53:01.853,1.11414,1.11416,1.00,5.25
2017.03.31 17:53:02.107,1.11415,1.11417,1.00,1.25
2017.03.31 17:53:02.461,1.11417,1.11419,1.00,1.69
2017.03.31 17:53:02.512,1.11416,1.11418,1.00,1.69
2017.03.31 17:53:03.019,1.11415,1.11417,1.00,2.06
2017.03.31 17:53:03.608,1.11412,1.11415,3.37,1.00
2017.03.31 17:53:03.710,1.11413,1.11415,1.00,5.81
2017.03.31 17:53:04.064,1.11414,1.11416,1.00,2.44
2017.03.31 17:53:14.160,1.11413,1.11415,1.00,2.81
2017.03.31 17:53:14.313,1.11411,1.11413,1.12,1.31
2017.03.31 17:53:16.681,1.11411,1.11413,1.00,1.25
2017.03.31 17:53:16.833,1.1141,1.11412,1.12,2.06
2017.03.31 17:53:17.357,1.11409,1.11411,1.00,1.31
2017.03.31 17:53:17.894,1.1141,1.11412,1.00,1.31
2017.03.31 17:53:19.126,1.11409,1.11411,1.12,1.69
2017.03.31 17:53:19.654,1.1141,1.11412,1.00,1.31
2017.03.31 17:53:21.933,1.1141,1.11412,1.00,1.31
2017.03.31 17:53:26.585,1.1141,1.11412,1.00,1.69
2017.03.31 17:53:27.102,1.11409,1.11411,1.00,2.44
2017.03.31 17:53:27.643,1.1141,1.11412,1.00,2.06
2017.03.31 17:53:29.365,1.1141,1.11412,1.00,2.44
2017.03.31 17:53:29.872,1.11409,1.11411,1.00,1.31
2017.03.31 17:53:30.537,1.1141,1.11412,1.00,2.06
2017.03.31 17:53:31.064,1.11411,1.11413,1.00,2.44
2017.03.31 17:53:33.548,1.1141,1.11412,1.00,1.69
2017.03.31 17:53:34.093,1.11409,1.11411,1.00,1.31
2017.03.31 17:53:36.732,1.1141,1.11411,1.00,1.31
2017.03.31 17:53:37.556,1.1141,1.11412,1.00,1.31
2017.03.31 17:53:40.427,1.1141,1.11412,1.00,1.25
2017.03.31 17:53:41.396,1.1141,1.11412,1.00,1.25
2017.03.31 17:53:42.907,1.11412,1.11413,1.00,1.69
2017.03.31 17:53:43.059,1.11413,1.11415,1.00,1.62
2017.03.31 17:53:43.565,1.11414,1.11416,1.00,2.44
2017.03.31 17:53:47.759,1.11412,1.11415,1.00,3.94
2017.03.31 17:53:48.349,1.11412,1.11414,1.00,1.69
2017.03.31 17:53:48.896,1.11411,1.11413,1.00,1.25
2017.03.31 17:53:50.131,1.1141,1.11413,1.00,2.44
2017.03.31 17:53:50.183,1.11408,1.11411,1.50,2.06
2017.03.31 17:53:51.145,1.1141,1.11411,1.00,1.12
2017.03.31 17:53:51.196,1.11408,1.11412,1.50,2.25
2017.03.31 17:53:51.247,1.1141,1.11412,1.00,1.00
2017.03.31 17:53:51.753,1.1141,1.11412,1.00,1.25
2017.03.31 17:53:58.855,1.11408,1.11411,1.12,1.37
2017.03.31 17:53:58.907,1.11409,1.11411,1.00,1.12
2017.03.31 17:53:59.059,1.1141,1.11412,1.00,2.06
2017.03.31 17:53:59.565,1.1141,1.11412,1.00,1.31
2017.03.31 17:54:01.504,1.11411,1.11413,1.00,2.25
2017.03.31 17:54:02.010,1.11411,1.11413,1.00,1.25
2017.03.31 17:54:04.675,1.1141,1.11414,1.12,3.94
2017.03.31 17:54:05.199,1.11411,1.11414,1.00,4.69
2017.03.31 17:54:07.691,1.11412,1.11414,1.00,1.69
2017.03.31 17:54:08.023,1.11414,1.11416,1.00,1.25
2017.03.31 17:54:08.327,1.11411,1.11413,1.00,1.00
2017.03.31 17:54:36.356,1.11412,1.11414,1.00,2.06
2017.03.31 17:54:36.905,1.11412,1.11415,1.00,2.44
2017.03.31 17:54:39.197,1.11413,1.11415,1.12,1.00
2017.03.31 17:54:39.502,1.11412,1.11413,1.00,1.00
2017.03.31 17:54:41.551,1.11412,1.11413,1.00,1.00
2017.03.31 17:54:41.804,1.11411,1.11414,1.00,1.31
2017.03.31 17:54:43.768,1.11411,1.11413,1.00,1.00
2017.03.31 17:54:48.095,1.11412,1.11413,1.00,1.00
2017.03.31 17:54:48.146,1.11413,1.11414,4.12,1.00
2017.03.31 17:54:48.299,1.11415,1.11417,1.00,1.62
2017.03.31 17:54:48.806,1.11415,1.11417,1.00,1.69
2017.03.31 17:54:49.974,1.11416,1.11418,1.00,3.19
2017.03.31 17:54:50.480,1.11417,1.11419,1.00,2.06
2017.03.31 17:54:51.144,1.11416,1.11419,1.00,2.06
2017.03.31 17:54:51.673,1.11417,1.11419,1.00,1.69
2017.03.31 17:55:00.800,1.11417,1.11419,1.00,1.31
2017.03.31 17:55:13.555,1.11416,1.1142,1.12,2.81
2017.03.31 17:55:14.068,1.11417,1.11419,1.00,1.25
2017.03.31 17:55:20.133,1.11415,1.11417,1.50,1.70
2017.03.31 17:55:20.336,1.11413,1.11415,1.00,1.31
2017.03.31 17:55:20.842,1.11414,1.11416,1.00,1.62
2017.03.31 17:55:20.943,1.11412,1.11415,1.12,4.69
2017.03.31 17:55:22.084,1.11412,1.11413,1.00,1.00
2017.03.31 17:55:23.322,1.11412,1.11414,1.00,1.25
2017.03.31 17:55:24.645,1.11411,1.11414,1.00,5.81
2017.03.31 17:55:25.224,1.11411,1.11412,1.00,1.00
2017.03.31 17:55:25.737,1.11411,1.11413,1.00,1.25
2017.03.31 17:55:30.251,1.1141,1.11414,1.12,4.69
2017.03.31 17:55:32.651,1.11409,1.11412,1.12,1.25
2017.03.31 17:55:33.258,1.11408,1.11413,4.50,2.44
2017.03.31 17:55:33.806,1.11409,1.11413,1.12,2.06
2017.03.31 17:55:34.060,1.1141,1.11414,1.87,2.81
2017.03.31 17:55:34.599,1.1141,1.11414,1.12,2.44
2017.03.31 17:55:41.358,1.11411,1.11414,1.00,1.62
2017.03.31 17:55:44.306,1.1141,1.11414,1.12,2.06
2017.03.31 17:55:50.437,1.11409,1.11413,2.25,2.06
2017.03.31 17:55:53.061,1.11409,1.11412,1.37,1.50
2017.03.31 17:55:54.869,1.11409,1.1141,1.00,1.00
2017.03.31 17:55:55.123,1.11406,1.11409,2.62,2.25
2017.03.31 17:55:55.629,1.11406,1.11409,1.50,3.94
2017.03.31 17:55:56.367,1.11405,1.11408,1.87,1.00
2017.03.31 17:55:56.470,1.11403,1.11408,8.06,4.50
2017.03.31 17:55:56.521,1.11403,1.11406,5.44,1.00
2017.03.31 17:55:57.115,1.11403,1.11406,1.50,1.00
2017.03.31 17:55:59.390,1.11403,1.11407,1.50,2.81
2017.03.31 17:56:00.588,1.11404,1.11407,1.00,1.31
2017.03.31 17:56:01.600,1.11407,1.11408,1.12,3.37
2017.03.31 17:56:01.820,1.11408,1.11411,1.50,1.69
2017.03.31 17:56:02.328,1.11408,1.1141,1.00,3.56
2017.03.31 17:56:04.845,1.11409,1.1141,1.00,4.31
2017.03.31 17:56:13.236,1.11407,1.1141,1.50,4.31
2017.03.31 17:56:14.753,1.11408,1.11409,1.00,1.25
2017.03.31 17:56:15.378,1.11408,1.1141,1.00,3.00
2017.03.31 17:56:16.085,1.11408,1.1141,1.00,3.19
2017.03.31 17:56:16.615,1.11409,1.1141,1.00,3.19
2017.03.31 17:56:17.143,1.11407,1.1141,1.12,3.94
2017.03.31 17:56:18.291,1.11408,1.1141,1.00,5.06
2017.03.31 17:56:20.038,1.11408,1.1141,1.12,2.06
2017.03.31 17:56:20.543,1.11409,1.1141,1.00,1.69
2017.03.31 17:56:21.094,1.11408,1.1141,1.12,1.69
2017.03.31 17:56:21.636,1.11407,1.1141,1.00,8.06
2017.03.31 17:56:22.142,1.11406,1.11408,1.12,1.12
2017.03.31 17:56:22.194,1.11405,1.11406,2.25,1.31
2017.03.31 17:56:22.245,1.11404,1.11406,1.00,2.06
2017.03.31 17:56:22.669,1.11403,1.11405,1.00,1.19
2017.03.31 17:56:22.973,1.11397,1.114,1.00,2.06
2017.03.31 17:56:23.479,1.11398,1.114,1.12,1.69
2017.03.31 17:56:23.985,1.11399,1.114,1.00,1.25
2017.03.31 17:56:24.256,1.11399,1.114,3.00,1.00
2017.03.31 17:56:24.308,1.11403,1.11405,1.12,3.94
2017.03.31 17:56:24.460,1.11404,1.11406,1.00,2.06
2017.03.31 17:56:26.485,1.11402,1.11403,1.12,1.00
2017.03.31 17:56:26.738,1.11398,1.11401,1.87,1.19
2017.03.31 17:56:26.992,1.11397,1.114,1.50,1.19
2017.03.31 17:56:27.498,1.11397,1.11399,1.12,1.19
2017.03.31 17:56:29.271,1.11397,1.114,1.50,2.81
2017.03.31 17:56:29.576,1.11403,1.11405,1.12,2.44
2017.03.31 17:56:30.178,1.11401,1.11405,1.87,2.06
2017.03.31 17:56:30.281,1.114,1.11401,1.50,1.00
2017.03.31 17:56:30.332,1.11399,1.11401,1.12,1.00
2017.03.31 17:56:30.853,1.11397,1.11401,6.75,1.00
2017.03.31 17:56:30.904,1.11401,1.11402,1.00,2.44
2017.03.31 17:56:31.056,1.11401,1.11405,1.00,6.56
2017.03.31 17:56:31.705,1.11399,1.11402,7.20,1.00
2017.03.31 17:56:31.756,1.11399,1.11402,6.07,1.25
2017.03.31 17:56:33.371,1.11398,1.11401,2.25,1.19
2017.03.31 17:56:33.899,1.11398,1.11401,1.50,1.69
2017.03.31 17:56:36.720,1.11399,1.11401,1.50,1.00
2017.03.31 17:56:37.024,1.11406,1.11407,1.00,1.00
2017.03.31 17:56:37.076,1.11407,1.11408,1.00,1.50
2017.03.31 17:56:37.482,1.11405,1.11408,7.12,1.19
2017.03.31 17:56:37.534,1.11404,1.11407,2.62,1.31
2017.03.31 17:56:38.067,1.11403,1.11406,1.50,1.25
2017.03.31 17:56:40.622,1.11403,1.11407,1.87,5.81
2017.03.31 17:56:40.674,1.11407,1.11408,1.12,4.69
2017.03.31 17:56:40.827,1.11407,1.11409,1.12,1.25
2017.03.31 17:56:40.979,1.11408,1.1141,1.00,2.62
2017.03.31 17:56:41.233,1.11409,1.11413,1.00,10.31
2017.03.31 17:56:44.157,1.11408,1.11412,1.00,5.06
2017.03.31 17:56:44.311,1.11406,1.1141,2.25,2.06
2017.03.31 17:56:44.514,1.11405,1.11408,1.50,2.81
2017.03.31 17:56:44.667,1.11407,1.11408,1.12,1.00
2017.03.31 17:56:44.820,1.11408,1.11411,1.12,5.06
2017.03.31 17:56:45.670,1.11407,1.1141,1.00,5.06
2017.03.31 17:56:46.176,1.11406,1.11409,1.12,1.69
2017.03.31 17:56:48.288,1.11407,1.11409,1.50,1.69
2017.03.31 17:56:48.390,1.11408,1.11411,3.00,2.25
2017.03.31 17:56:48.644,1.11405,1.11408,2.62,1.25
2017.03.31 17:56:49.150,1.11405,1.11408,1.87,1.25
2017.03.31 17:56:50.134,1.11404,1.11406,1.12,1.00
2017.03.31 17:56:50.669,1.11402,1.11406,3.37,1.69
2017.03.31 17:56:51.312,1.11402,1.11405,1.50,1.69
2017.03.31 17:56:51.849,1.11401,1.11404,1.87,1.25
2017.03.31 17:56:59.245,1.11402,1.11403,1.00,1.00
2017.03.31 17:56:59.550,1.114,1.11401,2.62,1.00
2017.03.31 17:56:59.601,1.11399,1.114,6.37,1.25
2017.03.31 17:56:59.754,1.11397,1.11398,1.12,1.00
2017.03.31 17:56:59.805,1.11395,1.11398,3.00,1.00
2017.03.31 17:57:00.311,1.11396,1.11399,1.37,1.50
2017.03.31 17:57:00.470,1.11395,1.11397,1.12,1.31
2017.03.31 17:57:00.986,1.11395,1.11398,2.25,1.25
2017.03.31 17:57:01.695,1.11395,1.11396,1.00,1.00
2017.03.31 17:57:01.796,1.11393,1.11396,1.12,1.25
2017.03.31 17:57:02.101,1.11394,1.11397,3.37,1.87
2017.03.31 17:57:02.560,1.11394,1.11397,2.25,1.69
2017.03.31 17:57:02.688,1.11393,1.11395,1.37,1.00
2017.03.31 17:57:03.197,1.11392,1.11394,1.37,1.25
2017.03.31 17:57:03.702,1.11392,1.11394,1.00,1.25
2017.03.31 17:57:04.233,1.1139,1.11393,2.25,1.00
2017.03.31 17:57:04.818,1.11391,1.11392,1.00,1.00
2017.03.31 17:57:05.241,1.11389,1.11391,1.50,1.91
2017.03.31 17:57:05.343,1.11386,1.11387,2.62,2.06
2017.03.31 17:57:05.496,1.11383,1.11386,1.00,2.81
2017.03.31 17:57:06.002,1.11382,1.11386,12.37,1.31
2017.03.31 17:57:06.205,1.11385,1.11387,4.50,1.00
2017.03.31 17:57:06.578,1.11387,1.1139,5.62,2.06
2017.03.31 17:57:06.910,1.11389,1.11391,1.50,1.00
2017.03.31 17:57:07.062,1.1139,1.11393,1.12,1.31
2017.03.31 17:57:11.298,1.11391,1.11393,1.00,1.12
2017.03.31 17:57:11.485,1.11394,1.11396,3.37,5.81
2017.03.31 17:57:11.537,1.11396,1.11398,1.00,1.50
2017.03.31 17:57:11.792,1.11398,1.114,1.00,1.50
2017.03.31 17:57:12.298,1.11398,1.11401,2.62,1.25
2017.03.31 17:57:12.943,1.11398,1.114,2.62,1.00
2017.03.31 17:57:14.242,1.11397,1.11399,1.50,1.00
2017.03.31 17:57:14.748,1.11396,1.114,5.62,1.31
2017.03.31 17:57:15.328,1.11398,1.114,1.37,1.00
2017.03.31 17:57:16.089,1.11397,1.114,2.25,1.25
2017.03.31 17:57:17.757,1.11398,1.11401,1.00,1.31
2017.03.31 17:57:18.263,1.11399,1.11402,1.50,1.25
2017.03.31 17:57:18.726,1.11399,1.114,1.12,1.00
2017.03.31 17:57:18.828,1.11397,1.114,4.12,1.00
2017.03.31 17:57:21.961,1.11398,1.11401,1.00,4.69
2017.03.31 17:57:26.186,1.11397,1.11401,1.00,5.06
2017.03.31 17:57:26.961,1.11397,1.114,1.00,1.31
2017.03.31 17:57:28.917,1.11396,1.11399,1.00,1.31
2017.03.31 17:57:28.968,1.11395,1.11398,1.50,1.19
2017.03.31 17:57:30.200,1.11396,1.11398,1.00,1.25
2017.03.31 17:57:30.251,1.11395,1.11399,1.00,3.26
2017.03.31 17:57:30.606,1.11399,1.114,3.75,1.12
2017.03.31 17:57:30.910,1.11404,1.11405,1.00,1.25
2017.03.31 17:57:34.040,1.11403,1.11406,1.00,4.31
2017.03.31 17:57:35.494,1.11406,1.11408,2.50,8.44
2017.03.31 17:57:35.596,1.11407,1.1141,1.00,6.94
2017.03.31 17:57:36.101,1.11406,1.1141,1.12,2.81
2017.03.31 17:57:36.607,1.11407,1.11411,1.00,7.31
2017.03.31 17:57:37.567,1.11407,1.1141,1.37,1.31
2017.03.31 17:57:37.822,1.11406,1.1141,1.87,1.31
2017.03.31 17:57:38.408,1.11407,1.11411,1.00,5.06
2017.03.31 17:57:39.023,1.11409,1.11411,1.50,2.06
2017.03.31 17:57:39.327,1.11407,1.1141,3.75,1.56
2017.03.31 17:57:39.428,1.11406,1.11408,1.12,1.69
2017.03.31 17:57:39.581,1.11404,1.11408,1.87,3.19
2017.03.31 17:57:40.095,1.11405,1.11408,1.12,2.06
2017.03.31 17:57:40.419,1.11407,1.11409,1.00,2.06
2017.03.31 17:57:40.722,1.11405,1.11408,1.50,2.44
2017.03.31 17:57:41.076,1.11407,1.11409,1.00,2.44
2017.03.31 17:57:41.582,1.11407,1.1141,1.87,1.25
2017.03.31 17:57:43.037,1.11408,1.1141,1.00,1.25
2017.03.31 17:57:44.437,1.1141,1.11412,1.00,2.06
2017.03.31 17:57:44.943,1.11409,1.1141,1.00,1.00
2017.03.31 17:57:45.146,1.11409,1.11412,1.12,2.06
2017.03.31 17:57:45.653,1.11409,1.11411,1.12,1.00
2017.03.31 17:57:48.063,1.11409,1.11412,1.50,1.31
2017.03.31 17:57:48.607,1.11409,1.11411,1.00,1.25
2017.03.31 17:57:49.154,1.11408,1.11412,2.25,2.06
2017.03.31 17:57:50.429,1.11408,1.11412,1.12,1.31
2017.03.31 17:57:50.481,1.11407,1.11409,4.12,1.00
2017.03.31 17:57:50.682,1.11404,1.11407,3.00,1.50
2017.03.31 17:57:51.195,1.11404,1.11407,1.00,2.06
2017.03.31 17:57:52.129,1.11404,1.11408,1.50,3.56
2017.03.31 17:57:52.678,1.11405,1.11408,1.00,1.00
2017.03.31 17:57:53.222,1.11405,1.11407,1.00,1.31
2017.03.31 17:57:53.677,1.11403,1.11406,1.12,2.81
2017.03.31 17:57:54.181,1.11404,1.11406,1.00,1.31
2017.03.31 17:58:00.623,1.11402,1.11405,1.00,1.00
2017.03.31 17:58:01.079,1.11401,1.11403,2.62,1.00
2017.03.31 17:58:01.587,1.11402,1.11405,1.50,1.19
2017.03.31 17:58:03.378,1.11403,1.11406,2.25,1.00
2017.03.31 17:58:03.530,1.11404,1.11408,4.87,1.00
2017.03.31 17:58:03.684,1.11406,1.11409,2.62,2.06
2017.03.31 17:58:03.981,1.11408,1.11413,3.00,2.81
2017.03.31 17:58:05.822,1.11408,1.11412,3.00,3.56
2017.03.31 17:58:06.384,1.11408,1.1141,1.87,1.00
2017.03.31 17:58:07.422,1.11407,1.11409,3.37,1.00
2017.03.31 17:58:07.523,1.11405,1.11407,2.25,1.25
2017.03.31 17:58:08.701,1.11404,1.11406,3.00,1.00
2017.03.31 17:58:09.208,1.11404,1.11405,1.50,1.00
2017.03.31 17:58:09.310,1.11402,1.11404,3.75,1.00
2017.03.31 17:58:09.833,1.11402,1.11405,3.00,1.12
2017.03.31 17:58:10.339,1.11402,1.11405,3.00,1.12
2017.03.31 17:58:12.468,1.11403,1.11407,1.00,2.44
2017.03.31 17:58:13.063,1.11406,1.11407,1.50,1.00
2017.03.31 17:58:13.367,1.11409,1.11412,1.00,1.19
2017.03.31 17:58:14.434,1.11409,1.11413,1.50,2.81
2017.03.31 17:58:18.243,1.11408,1.11411,1.50,1.69
2017.03.31 17:58:18.820,1.11408,1.1141,1.37,1.00
2017.03.31 17:58:18.922,1.11407,1.1141,1.87,1.00
2017.03.31 17:58:19.429,1.11408,1.11411,1.50,1.00
2017.03.31 17:58:19.935,1.11408,1.11412,1.50,1.31
2017.03.31 17:58:22.919,1.11404,1.11406,7.31,3.00
2017.03.31 17:58:23.223,1.11399,1.11401,2.25,1.00
2017.03.31 17:58:23.426,1.11399,1.11403,5.62,2.62
2017.03.31 17:58:24.084,1.114,1.11404,1.12,1.31
2017.03.31 17:58:25.019,1.11399,1.11401,3.37,1.00
2017.03.31 17:58:25.525,1.11399,1.11401,1.50,1.00
2017.03.31 17:58:26.041,1.11399,1.11401,1.50,1.00
2017.03.31 17:58:28.330,1.11399,1.11401,1.12,1.00
2017.03.31 17:58:28.636,1.11401,1.11404,4.31,1.00
2017.03.31 17:58:30.336,1.11402,1.11405,1.31,1.12
2017.03.31 17:58:33.138,1.114,1.11402,3.37,1.00
2017.03.31 17:58:33.240,1.11399,1.11401,1.12,1.00
2017.03.31 17:58:33.735,1.11401,1.11403,5.06,1.87
2017.03.31 17:58:33.815,1.11403,1.11406,4.87,2.25
2017.03.31 17:58:34.335,1.11403,1.11406,4.50,1.00
2017.03.31 17:58:35.576,1.11403,1.11407,6.75,1.69
2017.03.31 17:58:36.976,1.11403,1.11406,6.37,1.00
2017.03.31 17:58:38.064,1.11403,1.11407,6.37,1.69
2017.03.31 17:58:40.721,1.11404,1.11408,4.12,3.19
2017.03.31 17:58:44.513,1.11404,1.11408,1.12,2.81
2017.03.31 17:58:45.929,1.11403,1.11408,2.44,3.94
2017.03.31 17:58:54.516,1.11404,1.11406,1.12,1.00
2017.03.31 17:58:55.022,1.11404,1.11407,1.00,2.06
2017.03.31 17:59:04.535,1.11403,1.11407,1.12,3.19
2017.03.31 17:59:05.036,1.11404,1.11407,1.00,2.44
2017.03.31 17:59:06.962,1.11405,1.11407,1.00,2.44
2017.03.31 17:59:07.554,1.11405,1.11407,1.00,2.06
2017.03.31 17:59:08.283,1.11404,1.11407,1.50,1.25
2017.03.31 17:59:08.789,1.11404,1.11407,1.00,1.32
2017.03.31 17:59:10.921,1.11403,1.11407,1.69,1.57
2017.03.31 17:59:11.434,1.11404,1.11407,1.00,1.12
2017.03.31 17:59:11.940,1.11401,1.11405,5.06,1.12
2017.03.31 17:59:12.441,1.11402,1.11406,1.12,2.44
2017.03.31 17:59:12.950,1.11403,1.11406,1.00,2.44
2017.03.31 17:59:14.534,1.11404,1.11406,1.00,2.44
2017.03.31 17:59:16.683,1.11403,1.11406,1.12,1.50
2017.03.31 17:59:17.184,1.11402,1.11406,1.12,1.69
2017.03.31 17:59:17.774,1.11403,1.11406,1.00,1.87
2017.03.31 17:59:18.578,1.11404,1.11406,1.00,1.50
2017.03.31 17:59:19.654,1.11403,1.11406,1.12,1.50
2017.03.31 17:59:25.725,1.11404,1.11406,1.00,1.50
2017.03.31 17:59:27.452,1.11404,1.11406,1.00,1.12
2017.03.31 17:59:30.370,1.11406,1.11408,1.25,2.12
2017.03.31 17:59:30.648,1.11409,1.11413,4.69,1.12
2017.03.31 17:59:31.315,1.11411,1.11414,1.00,2.44
2017.03.31 17:59:31.417,1.11409,1.11413,3.94,1.12
2017.03.31 17:59:31.923,1.1141,1.11414,1.87,2.44
2017.03.31 17:59:33.491,1.1141,1.11414,1.50,1.76
2017.03.31 17:59:35.851,1.11411,1.11415,1.12,2.06
2017.03.31 17:59:37.578,1.11411,1.11414,1.00,1.50
2017.03.31 17:59:37.784,1.11409,1.11413,1.50,2.36
2017.03.31 17:59:37.912,1.1141,1.11413,1.37,1.24
2017.03.31 17:59:38.449,1.11411,1.11414,1.12,1.80
2017.03.31 17:59:39.678,1.1141,1.11414,1.12,2.17
2017.03.31 17:59:40.139,1.1141,1.11411,1.00,1.00
2017.03.31 17:59:40.726,1.1141,1.11413,1.00,2.17
2017.03.31 17:59:41.238,1.11409,1.11412,1.00,1.52
2017.03.31 17:59:42.323,1.11407,1.1141,3.19,1.00
2017.03.31 17:59:42.477,1.11406,1.11409,2.62,1.00
2017.03.31 17:59:43.015,1.11405,1.11408,1.00,1.12
2017.03.31 17:59:43.268,1.11404,1.11406,1.69,1.00
2017.03.31 17:59:43.673,1.11405,1.11408,1.87,1.42
2017.03.31 17:59:43.724,1.11406,1.1141,2.25,2.44
2017.03.31 17:59:43.876,1.11407,1.11411,1.87,1.69
2017.03.31 17:59:44.282,1.11407,1.11409,2.25,1.00
2017.03.31 17:59:44.572,1.11406,1.11408,1.50,1.00
2017.03.31 17:59:45.116,1.11406,1.11409,1.00,1.12
2017.03.31 17:59:46.063,1.11406,1.11408,1.12,1.00
2017.03.31 17:59:46.569,1.11406,1.11409,1.12,1.12
2017.03.31 17:59:47.799,1.11406,1.11408,1.00,1.00
2017.03.31 17:59:48.153,1.11407,1.11411,2.25,2.06
2017.03.31 17:59:48.805,1.11406,1.1141,3.37,1.25
2017.03.31 17:59:50.385,1.11407,1.11411,5.25,1.99
2017.03.31 17:59:50.907,1.11409,1.11411,1.00,1.12
2017.03.31 17:59:52.253,1.1141,1.11411,1.00,1.12
2017.03.31 17:59:52.792,1.11409,1.11413,2.06,1.61
2017.03.31 17:59:53.303,1.11408,1.11413,2.06,4.05
2017.03.31 17:59:54.716,1.11408,1.11411,1.50,1.00
2017.03.31 17:59:55.229,1.11408,1.11413,2.81,3.30
2017.03.31 17:59:55.734,1.11408,1.11413,2.81,3.49
2017.03.31 17:59:56.239,1.11408,1.11412,2.06,1.05
2017.03.31 17:59:58.295,1.11408,1.11411,1.87,1.00
2017.03.31 17:59:59.057,1.11408,1.11412,1.50,1.42
2017.03.31 17:59:59.434,1.11407,1.1141,1.50,2.81
2017.03.31 17:59:59.689,1.11408,1.11412,1.00,3.30
