2014.11.24 15:00:00.150,1.18417,1.18419,1.00,1.00
2014.11.24 15:00:00.201,1.18415,1.18418,1.00,1.00
2014.11.24 15:00:00.252,1.18413,1.18416,3.00,1.50
2014.11.24 15:00:00.506,1.18407,1.18412,1.00,2.25
2014.11.24 15:00:00.607,1.18406,1.1841,1.00,1.00
2014.11.24 15:00:01.081,1.18405,1.18409,1.00,3.94
2014.11.24 15:00:01.182,1.18403,1.18407,1.00,1.25
2014.11.24 15:00:01.587,1.18401,1.18403,1.00,1.00
2014.11.24 15:00:01.688,1.18399,1.18402,1.00,1.25
2014.11.24 15:00:02.195,1.184,1.18405,1.50,1.00
2014.11.24 15:00:02.301,1.184,1.18403,1.50,1.00
2014.11.24 15:00:02.706,1.18397,1.18402,1.50,1.00
2014.11.24 15:00:02.757,1.18397,1.184,1.00,2.44
2014.11.24 15:00:02.993,1.18393,1.18397,1.00,1.00
2014.11.24 15:00:03.884,1.18393,1.18398,1.00,2.44
2014.11.24 15:00:04.086,1.18392,1.18396,1.00,1.00
2014.11.24 15:00:04.607,1.18391,1.18395,3.94,1.00
2014.11.24 15:00:05.172,1.18391,1.18396,1.00,2.44
2014.11.24 15:00:05.904,1.18393,1.18396,1.00,1.69
2014.11.24 15:00:06.409,1.18393,1.18398,2.25,2.44
2014.11.24 15:00:07.065,1.18394,1.18398,1.00,1.69
2014.11.24 15:00:07.318,1.18396,1.184,1.00,1.50
2014.11.24 15:00:07.621,1.18398,1.18401,1.00,1.25
2014.11.24 15:00:07.824,1.18396,1.184,1.69,1.00
2014.11.24 15:00:08.228,1.18396,1.18398,1.00,1.00
2014.11.24 15:00:08.430,1.18394,1.18398,1.00,2.44
2014.11.24 15:00:09.470,1.18394,1.18397,1.00,1.00
2014.11.24 15:00:10.036,1.18394,1.18398,1.00,3.19
2014.11.24 15:00:12.778,1.18395,1.18398,1.00,1.00
2014.11.24 15:00:13.042,1.18396,1.184,1.00,2.44
2014.11.24 15:00:13.964,1.18396,1.18399,1.00,1.00
2014.11.24 15:00:14.484,1.18395,1.18399,1.50,1.00
2014.11.24 15:00:15.003,1.18395,1.184,1.50,2.44
2014.11.24 15:00:15.517,1.18395,1.18399,1.50,1.00
2014.11.24 15:00:16.022,1.18395,1.18398,1.50,1.00
2014.11.24 15:00:16.528,1.18395,1.18399,1.50,1.25
2014.11.24 15:00:17.032,1.18396,1.184,1.00,2.44
2014.11.24 15:00:17.296,1.18395,1.18398,1.50,1.00
2014.11.24 15:00:17.801,1.18395,1.18399,1.50,1.69
2014.11.24 15:00:18.925,1.18396,1.184,1.00,3.94
2014.11.24 15:00:19.430,1.18395,1.184,1.50,1.69
2014.11.24 15:00:19.844,1.18398,1.184,1.00,1.69
2014.11.24 15:00:19.946,1.18398,1.18402,1.50,1.00
2014.11.24 15:00:19.996,1.184,1.18402,1.00,1.00
2014.11.24 15:00:20.047,1.184,1.18404,1.00,1.00
2014.11.24 15:00:20.300,1.18402,1.18404,1.00,1.00
2014.11.24 15:00:20.402,1.18399,1.18402,2.25,1.00
2014.11.24 15:00:20.655,1.18397,1.18401,1.00,2.44
2014.11.24 15:00:21.190,1.18396,1.18401,1.50,2.44
2014.11.24 15:00:21.241,1.18398,1.18401,1.00,1.69
2014.11.24 15:00:21.392,1.18401,1.18406,1.50,4.69
2014.11.24 15:00:21.897,1.18402,1.18406,1.00,3.94
2014.11.24 15:00:22.441,1.18402,1.18406,1.00,2.44
2014.11.24 15:00:27.874,1.18403,1.18406,1.00,1.00
2014.11.24 15:00:28.419,1.18402,1.18406,1.50,1.00
2014.11.24 15:00:29.084,1.18403,1.18406,1.00,1.00
2014.11.24 15:00:29.288,1.18404,1.18408,1.00,1.69
2014.11.24 15:00:29.793,1.18403,1.18408,1.50,1.00
2014.11.24 15:00:30.755,1.18404,1.18408,1.00,1.00
2014.11.24 15:00:30.806,1.18405,1.1841,1.00,2.44
2014.11.24 15:00:31.849,1.18406,1.1841,1.50,1.50
2014.11.24 15:00:31.951,1.18407,1.18412,1.00,2.44
2014.11.24 15:00:32.255,1.18408,1.1841,1.50,1.00
2014.11.24 15:00:32.407,1.18406,1.18409,1.50,1.00
2014.11.24 15:00:32.944,1.18405,1.18408,2.25,1.00
2014.11.24 15:00:33.628,1.18405,1.18407,2.25,1.00
2014.11.24 15:00:34.246,1.18406,1.18407,1.00,1.00
2014.11.24 15:00:34.398,1.18406,1.18409,1.00,1.00
2014.11.24 15:00:34.499,1.18404,1.18407,1.50,1.00
2014.11.24 15:00:35.005,1.18405,1.18408,1.00,1.50
2014.11.24 15:00:35.309,1.18403,1.18407,2.25,1.00
2014.11.24 15:00:35.827,1.18404,1.18408,1.50,1.50
2014.11.24 15:00:37.925,1.18404,1.18407,1.50,1.00
2014.11.24 15:00:39.029,1.18404,1.18408,1.00,1.50
2014.11.24 15:00:39.538,1.18404,1.18407,1.50,1.00
2014.11.24 15:00:40.043,1.18404,1.18408,1.50,1.00
2014.11.24 15:00:40.549,1.18403,1.18408,2.25,1.25
2014.11.24 15:00:41.029,1.18402,1.18406,2.44,1.00
2014.11.24 15:00:41.757,1.18401,1.18406,3.19,1.50
2014.11.24 15:00:42.061,1.184,1.18404,1.69,1.00
2014.11.24 15:00:42.881,1.18399,1.18401,1.00,1.00
2014.11.24 15:00:42.932,1.18397,1.184,1.00,1.69
2014.11.24 15:00:43.040,1.18395,1.18399,1.00,1.50
2014.11.24 15:00:43.243,1.18393,1.18398,1.00,4.69
2014.11.24 15:00:45.893,1.18394,1.18398,1.00,1.50
2014.11.24 15:00:46.398,1.18395,1.18399,1.50,1.00
2014.11.24 15:00:46.852,1.18397,1.184,1.00,1.00
2014.11.24 15:00:47.362,1.18397,1.18399,1.00,1.00
2014.11.24 15:00:47.463,1.18395,1.18399,1.00,1.00
2014.11.24 15:00:50.436,1.18395,1.184,1.50,2.25
2014.11.24 15:00:50.638,1.18397,1.184,1.00,1.00
2014.11.24 15:00:50.689,1.18398,1.18402,1.50,1.00
2014.11.24 15:00:51.043,1.18399,1.18404,1.50,1.50
2014.11.24 15:00:53.188,1.18399,1.18403,1.00,1.00
2014.11.24 15:00:54.748,1.18398,1.184,1.00,1.00
2014.11.24 15:00:54.850,1.18395,1.18399,2.25,1.00
2014.11.24 15:00:55.356,1.18395,1.18398,1.00,1.69
2014.11.24 15:00:55.942,1.18395,1.18397,1.00,1.00
2014.11.24 15:00:56.044,1.18393,1.18397,1.25,1.50
2014.11.24 15:00:56.752,1.18392,1.18396,4.69,1.00
2014.11.24 15:00:57.260,1.18392,1.18396,1.69,1.00
2014.11.24 15:00:57.775,1.18391,1.18395,1.25,1.50
2014.11.24 15:01:00.193,1.1839,1.18394,5.44,1.00
2014.11.24 15:01:00.697,1.1839,1.18395,5.44,1.50
2014.11.24 15:01:01.202,1.18391,1.18395,2.44,1.50
2014.11.24 15:01:01.843,1.18391,1.18395,1.69,1.00
2014.11.24 15:01:06.821,1.1839,1.18395,5.44,1.50
2014.11.24 15:01:07.845,1.18391,1.18395,1.25,1.50
2014.11.24 15:01:11.383,1.1839,1.18395,5.44,1.50
2014.11.24 15:01:11.892,1.1839,1.18394,4.69,1.00
2014.11.24 15:01:13.141,1.18391,1.18394,1.00,1.00
2014.11.24 15:01:13.796,1.18392,1.18394,1.00,1.00
2014.11.24 15:01:15.405,1.18392,1.18394,1.00,1.00
2014.11.24 15:01:15.506,1.18387,1.18388,1.00,1.00
2014.11.24 15:01:15.557,1.18385,1.18387,1.00,3.44
2014.11.24 15:01:15.608,1.18382,1.18385,1.00,1.00
2014.11.24 15:01:16.572,1.1838,1.18384,1.50,1.50
2014.11.24 15:01:18.540,1.18383,1.18385,1.00,1.00
2014.11.24 15:01:18.590,1.18383,1.18387,1.00,2.25
2014.11.24 15:01:19.095,1.18382,1.18386,1.50,1.00
2014.11.24 15:01:19.631,1.18382,1.18385,1.00,1.00
2014.11.24 15:01:20.145,1.18381,1.18385,1.25,1.50
2014.11.24 15:01:20.709,1.1838,1.18385,4.69,1.50
2014.11.24 15:01:21.252,1.1838,1.18384,2.44,1.00
2014.11.24 15:01:24.613,1.18379,1.18383,1.50,1.50
2014.11.24 15:01:24.815,1.18376,1.1838,1.50,1.25
2014.11.24 15:01:25.119,1.18375,1.18378,1.00,1.00
2014.11.24 15:01:25.826,1.18374,1.18378,1.00,1.00
2014.11.24 15:01:26.340,1.18375,1.18378,1.00,1.00
2014.11.24 15:01:26.914,1.18376,1.18378,1.00,1.00
2014.11.24 15:01:27.121,1.18376,1.1838,1.00,3.19
2014.11.24 15:01:29.396,1.18377,1.1838,1.00,1.00
2014.11.24 15:01:29.599,1.18377,1.18382,1.50,1.69
2014.11.24 15:01:29.851,1.1838,1.18382,1.00,1.00
2014.11.24 15:01:32.599,1.1838,1.18384,1.00,2.25
2014.11.24 15:01:33.256,1.18383,1.18386,1.00,4.50
2014.11.24 15:01:33.307,1.18384,1.18386,1.00,1.50
2014.11.24 15:01:33.459,1.18384,1.18388,1.69,1.50
2014.11.24 15:01:34.064,1.18385,1.18388,1.00,1.00
2014.11.24 15:01:34.267,1.18383,1.18387,2.25,1.00
2014.11.24 15:01:34.418,1.18381,1.18386,4.69,1.50
2014.11.24 15:01:34.520,1.1838,1.18384,4.69,1.00
2014.11.24 15:01:35.026,1.18379,1.18384,2.44,1.00
2014.11.24 15:01:36.978,1.18379,1.18383,1.00,1.00
2014.11.24 15:01:37.518,1.18378,1.18382,3.94,1.00
2014.11.24 15:01:38.583,1.1838,1.18382,1.00,1.00
2014.11.24 15:01:39.861,1.18377,1.18382,4.69,1.50
2014.11.24 15:01:40.387,1.18377,1.18382,2.44,2.25
2014.11.24 15:01:41.154,1.18379,1.18382,1.00,1.50
2014.11.24 15:01:41.837,1.1838,1.18382,1.00,1.00
2014.11.24 15:01:42.555,1.18381,1.18383,1.00,1.00
2014.11.24 15:01:42.657,1.1838,1.18385,3.19,2.25
2014.11.24 15:01:43.972,1.1838,1.18384,1.50,1.00
2014.11.24 15:01:44.522,1.1838,1.18383,1.00,1.00
2014.11.24 15:01:48.186,1.18379,1.18383,1.69,1.00
2014.11.24 15:01:48.338,1.18378,1.18381,1.69,1.00
2014.11.24 15:01:49.155,1.18377,1.18381,1.69,1.00
2014.11.24 15:01:49.761,1.18376,1.18381,2.44,1.50
2014.11.24 15:01:50.912,1.18378,1.18381,1.00,1.50
2014.11.24 15:01:51.166,1.18379,1.18383,1.50,1.00
2014.11.24 15:01:51.714,1.18379,1.18382,1.00,1.00
2014.11.24 15:01:51.815,1.18377,1.18382,3.00,1.00
2014.11.24 15:01:53.378,1.18379,1.18382,1.00,1.00
2014.11.24 15:01:53.913,1.1838,1.18382,1.00,1.00
2014.11.24 15:01:54.441,1.18379,1.18382,1.00,1.00
2014.11.24 15:01:55.183,1.18378,1.18382,1.00,1.00
2014.11.24 15:01:56.157,1.18377,1.18382,3.19,1.50
2014.11.24 15:01:56.825,1.18377,1.1838,1.25,1.00
2014.11.24 15:01:57.334,1.18375,1.1838,4.69,1.00
2014.11.24 15:01:57.869,1.18375,1.1838,2.44,1.00
2014.11.24 15:01:58.509,1.18377,1.1838,1.00,1.00
2014.11.24 15:01:58.561,1.18381,1.18384,2.44,1.50
2014.11.24 15:01:58.611,1.18383,1.18384,1.00,1.00
2014.11.24 15:01:58.763,1.18383,1.18387,1.50,1.00
2014.11.24 15:01:58.915,1.18385,1.18387,1.00,1.00
2014.11.24 15:01:59.217,1.18385,1.18389,2.44,1.00
2014.11.24 15:01:59.722,1.18385,1.1839,1.50,1.00
2014.11.24 15:02:01.639,1.18386,1.18388,1.00,1.00
2014.11.24 15:02:02.166,1.18385,1.18388,1.50,1.50
2014.11.24 15:02:02.318,1.1838,1.18385,2.44,1.00
2014.11.24 15:02:02.621,1.18382,1.18385,1.00,1.00
2014.11.24 15:02:02.672,1.18382,1.18387,2.25,1.50
2014.11.24 15:02:02.773,1.18385,1.18387,1.00,1.00
2014.11.24 15:02:03.278,1.18386,1.18388,1.00,1.00
2014.11.24 15:02:03.581,1.18379,1.18383,1.50,1.00
2014.11.24 15:02:03.683,1.18376,1.1838,1.00,1.00
2014.11.24 15:02:04.164,1.18374,1.18378,1.00,1.50
2014.11.24 15:02:04.668,1.18373,1.18378,1.00,1.69
2014.11.24 15:02:04.971,1.18373,1.18376,1.00,1.00
2014.11.24 15:02:05.478,1.18372,1.18376,1.69,1.50
2014.11.24 15:02:05.987,1.18373,1.18376,1.00,1.00
2014.11.24 15:02:06.493,1.18372,1.18376,1.69,1.50
2014.11.24 15:02:08.270,1.18373,1.18377,1.00,1.00
2014.11.24 15:02:08.796,1.18373,1.18376,1.00,1.00
2014.11.24 15:02:09.308,1.18372,1.18376,3.19,2.25
2014.11.24 15:02:12.322,1.18373,1.18376,1.00,1.00
2014.11.24 15:02:13.358,1.18372,1.18376,1.69,1.00
2014.11.24 15:02:14.699,1.18372,1.18375,1.00,1.00
2014.11.24 15:02:15.229,1.18372,1.18376,1.00,1.50
2014.11.24 15:02:15.738,1.18373,1.18377,1.50,1.69
2014.11.24 15:02:16.243,1.18373,1.18378,2.25,3.19
2014.11.24 15:02:16.831,1.18373,1.18377,2.25,1.00
2014.11.24 15:02:19.472,1.18374,1.18377,1.00,1.00
2014.11.24 15:02:19.992,1.18374,1.18378,1.50,2.25
2014.11.24 15:02:22.966,1.18373,1.18378,3.19,2.25
2014.11.24 15:02:24.575,1.18374,1.18378,1.00,2.25
2014.11.24 15:02:27.480,1.18374,1.18376,1.00,1.00
2014.11.24 15:02:27.682,1.18367,1.18372,1.00,1.69
2014.11.24 15:02:27.733,1.18366,1.1837,3.19,1.00
2014.11.24 15:02:28.036,1.18365,1.18369,1.00,3.19
2014.11.24 15:02:28.554,1.18365,1.18369,1.00,1.50
2014.11.24 15:02:29.477,1.18365,1.18368,1.00,1.00
2014.11.24 15:02:30.002,1.18365,1.18369,1.00,1.00
2014.11.24 15:02:30.305,1.18367,1.18371,1.00,1.50
2014.11.24 15:02:30.608,1.18373,1.18375,1.00,1.50
2014.11.24 15:02:30.710,1.18368,1.18372,1.00,1.00
2014.11.24 15:02:30.811,1.18367,1.1837,1.00,1.00
2014.11.24 15:02:31.210,1.18369,1.18373,1.00,2.25
2014.11.24 15:02:31.564,1.18368,1.18371,1.00,1.00
2014.11.24 15:02:31.614,1.18366,1.1837,1.25,1.00
2014.11.24 15:02:31.836,1.18362,1.18367,3.19,1.00
2014.11.24 15:02:31.887,1.18362,1.18365,3.19,1.00
2014.11.24 15:02:32.403,1.18361,1.18366,1.00,1.50
2014.11.24 15:02:32.706,1.18359,1.18364,1.00,1.00
2014.11.24 15:02:33.262,1.18359,1.18363,1.00,1.00
2014.11.24 15:02:34.019,1.18359,1.18364,2.25,1.50
2014.11.24 15:02:35.228,1.18359,1.18361,1.00,1.00
2014.11.24 15:02:35.329,1.18357,1.18361,4.69,1.00
2014.11.24 15:02:35.531,1.18357,1.18359,2.44,1.00
2014.11.24 15:02:36.223,1.18355,1.18358,1.50,1.50
2014.11.24 15:02:36.324,1.18354,1.18356,1.00,1.50
2014.11.24 15:02:36.425,1.18352,1.18356,1.00,1.50
2014.11.24 15:02:36.527,1.18351,1.18353,1.69,1.00
2014.11.24 15:02:37.031,1.18349,1.18353,3.94,1.00
2014.11.24 15:02:38.444,1.1835,1.18354,1.25,1.50
2014.11.24 15:02:38.948,1.18351,1.18354,1.00,1.50
2014.11.24 15:02:40.284,1.18351,1.18355,1.50,1.50
2014.11.24 15:02:40.588,1.18355,1.18356,1.00,1.00
2014.11.24 15:02:40.740,1.18357,1.18361,1.00,3.94
2014.11.24 15:02:41.094,1.18359,1.18363,1.00,1.50
2014.11.24 15:02:41.599,1.1836,1.18364,1.00,1.00
2014.11.24 15:02:42.104,1.1836,1.18363,1.00,1.00
2014.11.24 15:02:42.609,1.1836,1.18362,1.00,1.00
2014.11.24 15:02:42.861,1.18358,1.18362,2.44,1.00
2014.11.24 15:02:43.372,1.18358,1.18363,2.44,3.00
2014.11.24 15:02:44.668,1.18358,1.18362,2.44,1.00
2014.11.24 15:02:45.356,1.18358,1.18363,2.44,3.00
2014.11.24 15:02:46.775,1.18359,1.18363,1.25,1.50
2014.11.24 15:02:47.078,1.1836,1.18365,1.69,3.00
2014.11.24 15:02:47.230,1.18362,1.18365,1.00,1.50
2014.11.24 15:02:48.140,1.1836,1.18364,1.00,1.00
2014.11.24 15:02:48.242,1.18358,1.18362,3.19,1.00
2014.11.24 15:02:49.036,1.18358,1.18361,1.00,1.00
2014.11.24 15:02:49.340,1.18356,1.18359,3.19,1.00
2014.11.24 15:02:49.442,1.18353,1.18356,2.44,1.00
2014.11.24 15:02:49.595,1.18351,1.18355,1.69,1.00
2014.11.24 15:02:53.745,1.18351,1.18354,1.00,1.00
2014.11.24 15:02:56.893,1.18351,1.18355,1.50,1.00
2014.11.24 15:02:57.413,1.18351,1.18354,1.00,1.00
2014.11.24 15:02:57.914,1.18351,1.18355,1.50,2.25
2014.11.24 15:02:58.444,1.18351,1.18353,1.50,1.00
2014.11.24 15:02:59.210,1.18351,1.18354,1.50,1.00
2014.11.24 15:03:00.096,1.18351,1.18355,1.50,1.50
2014.11.24 15:03:00.651,1.18351,1.18356,1.50,3.19
2014.11.24 15:03:01.055,1.18351,1.18353,1.00,1.00
2014.11.24 15:03:01.156,1.18351,1.18355,1.00,2.25
2014.11.24 15:03:01.681,1.18351,1.18354,1.00,1.00
2014.11.24 15:03:01.985,1.18349,1.18353,1.69,2.25
2014.11.24 15:03:02.155,1.18349,1.1835,1.00,1.00
2014.11.24 15:03:02.256,1.18349,1.18352,1.00,1.00
2014.11.24 15:03:02.912,1.18349,1.18351,1.00,1.00
2014.11.24 15:03:03.418,1.18347,1.1835,1.00,1.00
2014.11.24 15:03:03.922,1.18346,1.1835,1.00,1.00
2014.11.24 15:03:04.428,1.18346,1.18349,1.50,1.00
2014.11.24 15:03:04.939,1.18346,1.18348,1.00,1.00
2014.11.24 15:03:05.697,1.18346,1.18349,1.50,1.50
2014.11.24 15:03:07.509,1.18344,1.18348,1.00,1.00
2014.11.24 15:03:07.915,1.18344,1.18345,1.00,1.00
2014.11.24 15:03:08.128,1.18337,1.18341,3.00,1.00
2014.11.24 15:03:08.638,1.18337,1.1834,1.00,1.00
2014.11.24 15:03:09.144,1.18337,1.18341,1.50,1.50
2014.11.24 15:03:09.749,1.1834,1.18341,1.00,1.50
2014.11.24 15:03:09.800,1.18341,1.18343,1.00,1.00
2014.11.24 15:03:10.153,1.18339,1.18343,1.50,1.00
2014.11.24 15:03:11.616,1.18341,1.18343,1.00,1.00
2014.11.24 15:03:11.718,1.18343,1.18347,1.50,5.44
2014.11.24 15:03:11.768,1.18345,1.18347,1.50,2.25
2014.11.24 15:03:11.819,1.18346,1.18349,1.00,1.00
2014.11.24 15:03:12.149,1.18348,1.1835,1.00,1.50
2014.11.24 15:03:12.252,1.18349,1.18353,1.50,1.00
2014.11.24 15:03:12.303,1.18351,1.18353,1.00,1.00
2014.11.24 15:03:12.405,1.18353,1.18357,1.00,3.94
2014.11.24 15:03:12.912,1.18354,1.18357,1.00,2.44
2014.11.24 15:03:13.064,1.18355,1.18359,3.94,1.00
2014.11.24 15:03:13.166,1.18358,1.18359,3.19,1.00
2014.11.24 15:03:13.217,1.18359,1.18363,1.00,2.44
2014.11.24 15:03:14.277,1.18359,1.18362,1.00,1.00
2014.11.24 15:03:14.378,1.18357,1.1836,2.25,1.00
2014.11.24 15:03:14.903,1.18357,1.1836,1.50,1.00
2014.11.24 15:03:15.408,1.18356,1.18359,3.94,1.00
2014.11.24 15:03:15.941,1.18357,1.18359,1.00,1.00
2014.11.24 15:03:16.524,1.18357,1.1836,1.50,1.00
2014.11.24 15:03:17.443,1.18358,1.18361,1.00,1.50
2014.11.24 15:03:17.948,1.18359,1.18361,1.00,1.00
2014.11.24 15:03:18.686,1.18359,1.18362,1.00,1.50
2014.11.24 15:03:19.192,1.18358,1.18361,1.00,1.00
2014.11.24 15:03:20.940,1.18357,1.18361,1.50,1.50
2014.11.24 15:03:21.445,1.18358,1.18361,1.00,1.69
2014.11.24 15:03:21.949,1.18355,1.18358,1.50,2.50
2014.11.24 15:03:22.050,1.18351,1.18355,1.50,2.25
2014.11.24 15:03:22.101,1.18351,1.18353,1.50,1.00
2014.11.24 15:03:22.354,1.18348,1.18351,1.00,1.69
2014.11.24 15:03:22.456,1.18346,1.1835,1.00,1.00
2014.11.24 15:03:24.207,1.18346,1.18349,1.00,1.00
2014.11.24 15:03:25.073,1.18346,1.1835,1.00,1.50
2014.11.24 15:03:26.183,1.18347,1.1835,1.00,1.00
2014.11.24 15:03:26.637,1.18346,1.18348,1.00,1.00
2014.11.24 15:03:30.075,1.18347,1.18348,1.00,1.00
2014.11.24 15:03:30.611,1.18346,1.18348,1.00,1.00
2014.11.24 15:03:32.500,1.18345,1.18348,1.00,1.00
2014.11.24 15:03:33.322,1.18347,1.18349,1.00,1.00
2014.11.24 15:03:33.373,1.18348,1.18352,1.00,3.00
2014.11.24 15:03:33.878,1.18348,1.18351,1.00,1.00
2014.11.24 15:03:34.411,1.18348,1.18352,1.50,2.25
2014.11.24 15:03:34.714,1.1835,1.18351,1.00,1.00
2014.11.24 15:03:34.765,1.1835,1.18353,1.50,1.00
2014.11.24 15:03:35.291,1.1835,1.18354,1.50,2.25
2014.11.24 15:03:35.842,1.18351,1.18354,1.00,1.50
2014.11.24 15:03:38.539,1.18354,1.18358,5.50,1.00
2014.11.24 15:03:38.591,1.18357,1.18358,2.25,1.00
2014.11.24 15:03:38.642,1.18358,1.18361,2.50,1.00
2014.11.24 15:03:38.693,1.1836,1.18361,1.00,1.00
2014.11.24 15:03:38.794,1.18359,1.18363,1.69,1.00
2014.11.24 15:03:38.945,1.18361,1.18365,1.50,1.00
2014.11.24 15:03:40.763,1.18362,1.18365,1.00,1.69
2014.11.24 15:03:41.973,1.18361,1.18365,1.50,1.00
2014.11.24 15:03:45.495,1.18361,1.18364,1.00,1.00
2014.11.24 15:03:46.208,1.18361,1.18362,1.00,1.00
2014.11.24 15:03:47.293,1.18358,1.18362,1.50,3.94
2014.11.24 15:03:47.495,1.18358,1.18359,1.50,1.00
2014.11.24 15:03:48.000,1.18358,1.1836,1.00,1.00
2014.11.24 15:03:48.530,1.18358,1.18361,1.00,1.25
2014.11.24 15:03:50.842,1.18358,1.18362,1.00,3.94
2014.11.24 15:03:55.422,1.18358,1.18361,1.50,1.00
2014.11.24 15:03:55.927,1.18358,1.1836,1.50,1.00
2014.11.24 15:03:56.475,1.18358,1.18361,1.00,1.69
2014.11.24 15:03:57.233,1.18358,1.18362,1.50,2.44
2014.11.24 15:04:00.387,1.18358,1.18361,1.00,1.00
2014.11.24 15:04:01.777,1.18358,1.18362,1.00,3.19
2014.11.24 15:04:02.602,1.18358,1.18361,1.00,1.00
2014.11.24 15:04:03.115,1.18358,1.18362,1.00,3.19
2014.11.24 15:04:04.101,1.18357,1.1836,1.69,1.00
2014.11.24 15:04:04.609,1.18358,1.1836,1.00,1.00
2014.11.24 15:04:07.468,1.18357,1.1836,1.69,1.00
2014.11.24 15:04:09.799,1.18356,1.1836,1.69,1.00
2014.11.24 15:04:16.233,1.18359,1.18361,1.00,1.00
2014.11.24 15:04:16.738,1.18359,1.18362,1.00,1.69
2014.11.24 15:04:19.396,1.18359,1.18361,1.00,1.00
2014.11.24 15:04:19.548,1.18357,1.18361,1.25,2.25
2014.11.24 15:04:29.460,1.18357,1.1836,1.00,1.25
2014.11.24 15:04:29.561,1.18355,1.18357,1.00,3.25
2014.11.24 15:04:29.662,1.1835,1.18354,1.00,3.25
2014.11.24 15:04:29.865,1.18347,1.18351,1.50,1.69
2014.11.24 15:04:30.369,1.18347,1.1835,1.00,1.25
2014.11.24 15:04:30.954,1.18347,1.18351,1.00,2.44
2014.11.24 15:04:31.521,1.18347,1.1835,1.00,1.00
2014.11.24 15:04:31.975,1.18345,1.18349,1.00,1.50
2014.11.24 15:04:33.965,1.18344,1.18345,1.00,1.50
2014.11.24 15:04:34.066,1.18342,1.18344,1.00,1.00
2014.11.24 15:04:34.369,1.18342,1.18346,1.50,3.19
2014.11.24 15:04:34.676,1.18344,1.18347,1.00,1.25
2014.11.24 15:04:35.181,1.18344,1.18348,1.00,2.44
2014.11.24 15:04:35.988,1.18344,1.18347,1.00,1.00
2014.11.24 15:04:37.023,1.18344,1.18348,1.00,4.69
2014.11.24 15:04:37.527,1.18344,1.18347,1.00,1.00
2014.11.24 15:04:38.035,1.18344,1.18348,1.00,5.44
2014.11.24 15:04:38.338,1.18344,1.18346,1.00,1.00
2014.11.24 15:04:38.842,1.18344,1.18347,1.00,1.00
2014.11.24 15:04:41.414,1.18344,1.18346,1.00,1.00
2014.11.24 15:04:42.147,1.18344,1.18347,1.00,2.44
2014.11.24 15:04:42.670,1.18344,1.18346,1.00,1.00
2014.11.24 15:04:43.514,1.18344,1.18347,1.00,1.69
2014.11.24 15:04:46.017,1.18344,1.18348,1.00,2.44
2014.11.24 15:04:47.972,1.18345,1.18348,1.00,1.00
2014.11.24 15:04:48.073,1.18347,1.18351,1.00,1.00
2014.11.24 15:04:48.880,1.18348,1.18351,1.00,1.00
2014.11.24 15:04:49.889,1.18347,1.1835,1.50,1.00
2014.11.24 15:04:50.305,1.18348,1.18352,1.00,2.44
2014.11.24 15:04:53.708,1.18349,1.18352,1.00,1.00
2014.11.24 15:04:53.809,1.18351,1.18353,1.00,1.00
2014.11.24 15:04:53.961,1.18351,1.18355,1.50,3.19
2014.11.24 15:04:55.181,1.18354,1.18356,1.00,1.50
2014.11.24 15:04:55.282,1.18353,1.18356,1.50,1.00
2014.11.24 15:04:55.787,1.18353,1.18355,1.00,1.00
2014.11.24 15:04:56.325,1.18353,1.18356,1.00,1.50
2014.11.24 15:04:56.935,1.18353,1.18355,1.00,1.00
2014.11.24 15:04:57.440,1.18353,1.18356,1.00,2.44
2014.11.24 15:04:57.944,1.18353,1.18355,1.00,1.00
2014.11.24 15:04:58.298,1.18354,1.18358,2.50,1.69
2014.11.24 15:04:58.450,1.18358,1.18359,1.50,1.00
2014.11.24 15:04:58.551,1.1836,1.18364,1.50,1.69
2014.11.24 15:04:59.567,1.1836,1.18363,1.00,1.00
2014.11.24 15:05:00.073,1.1836,1.18364,2.25,1.00
2014.11.24 15:05:08.071,1.18359,1.18362,1.00,1.50
2014.11.24 15:05:08.374,1.18358,1.1836,1.00,1.25
2014.11.24 15:05:08.880,1.18358,1.18361,1.00,1.25
2014.11.24 15:05:09.637,1.18358,1.18362,1.00,5.44
2014.11.24 15:05:10.142,1.18358,1.18361,1.00,1.00
2014.11.24 15:05:13.306,1.18358,1.18362,1.50,3.19
2014.11.24 15:05:14.837,1.18358,1.18361,1.50,1.00
2014.11.24 15:05:15.291,1.1836,1.18361,1.00,1.00
2014.11.24 15:05:15.797,1.1836,1.18362,1.00,1.00
2014.11.24 15:05:16.203,1.18361,1.18364,1.00,2.25
2014.11.24 15:05:16.706,1.1836,1.18364,1.50,1.00
2014.11.24 15:05:19.717,1.1836,1.18363,1.00,1.00
2014.11.24 15:05:19.920,1.18358,1.18362,1.69,1.50
2014.11.24 15:05:20.425,1.18358,1.1836,1.00,1.00
2014.11.24 15:05:20.945,1.18358,1.18361,1.00,1.50
2014.11.24 15:05:21.449,1.18358,1.18362,1.50,3.19
2014.11.24 15:05:22.309,1.18359,1.18362,1.00,1.00
2014.11.24 15:05:22.613,1.18361,1.18364,1.50,1.50
2014.11.24 15:05:24.530,1.18361,1.18363,1.00,1.00
2014.11.24 15:05:24.870,1.18358,1.1836,1.50,1.00
2014.11.24 15:05:25.413,1.18358,1.18361,1.00,1.50
2014.11.24 15:05:25.918,1.18358,1.18362,1.00,3.19
2014.11.24 15:05:26.423,1.18358,1.18361,1.00,1.00
2014.11.24 15:05:26.928,1.18358,1.1836,1.00,1.00
2014.11.24 15:05:26.979,1.18357,1.18359,1.50,1.00
2014.11.24 15:05:27.737,1.18358,1.18359,1.00,1.50
2014.11.24 15:05:28.191,1.18358,1.18361,1.00,2.25
2014.11.24 15:05:28.293,1.18358,1.18359,1.00,1.00
2014.11.24 15:05:28.495,1.18358,1.18361,1.00,1.50
2014.11.24 15:05:29.827,1.18358,1.18362,1.00,3.94
2014.11.24 15:05:29.928,1.18357,1.1836,1.00,1.00
2014.11.24 15:05:30.433,1.18358,1.1836,1.00,1.00
2014.11.24 15:05:30.534,1.18358,1.18362,1.00,2.44
2014.11.24 15:05:31.493,1.18359,1.18362,1.00,2.25
2014.11.24 15:05:31.997,1.18359,1.18361,1.00,1.00
2014.11.24 15:05:32.357,1.1836,1.18363,2.25,1.00
2014.11.24 15:05:32.559,1.18362,1.18364,1.50,1.50
2014.11.24 15:05:32.912,1.18363,1.18366,1.50,1.50
2014.11.24 15:05:33.014,1.18365,1.18366,1.00,1.00
2014.11.24 15:05:33.065,1.18365,1.18369,1.50,2.25
2014.11.24 15:05:33.407,1.18367,1.18369,1.00,1.00
2014.11.24 15:05:33.458,1.18369,1.18372,1.50,1.50
2014.11.24 15:05:33.559,1.18372,1.18376,1.00,1.50
2014.11.24 15:05:33.611,1.18373,1.18376,1.00,1.50
2014.11.24 15:05:34.116,1.18374,1.18377,1.50,1.00
2014.11.24 15:05:34.620,1.18374,1.18378,1.50,1.50
2014.11.24 15:05:35.127,1.18374,1.18376,1.50,1.00
2014.11.24 15:05:35.986,1.18374,1.18375,1.50,1.00
2014.11.24 15:05:36.427,1.18374,1.18377,1.50,1.50
2014.11.24 15:05:37.251,1.18374,1.18377,1.00,2.44
2014.11.24 15:05:37.453,1.18368,1.18369,1.50,1.00
2014.11.24 15:05:38.186,1.18369,1.18371,1.00,1.69
2014.11.24 15:05:38.287,1.18371,1.18372,1.00,1.00
2014.11.24 15:05:38.641,1.18369,1.18371,1.00,8.50
2014.11.24 15:05:39.098,1.18367,1.1837,1.00,1.00
2014.11.24 15:05:40.171,1.18366,1.1837,1.50,1.00
2014.11.24 15:05:40.373,1.18368,1.18371,1.00,1.00
2014.11.24 15:05:40.943,1.18368,1.1837,1.00,1.00
2014.11.24 15:05:41.246,1.18366,1.18367,1.00,1.00
2014.11.24 15:05:41.297,1.18364,1.18367,1.50,1.00
2014.11.24 15:05:42.055,1.18364,1.18368,1.00,2.25
2014.11.24 15:05:42.761,1.18364,1.18367,1.00,1.00
2014.11.24 15:05:43.268,1.18364,1.18368,2.25,1.50
2014.11.24 15:05:43.370,1.18366,1.18368,1.00,1.00
2014.11.24 15:05:43.876,1.18366,1.18369,1.00,1.00
2014.11.24 15:05:44.858,1.18366,1.18368,1.00,1.00
2014.11.24 15:05:45.111,1.18364,1.18367,1.50,1.00
2014.11.24 15:05:45.617,1.18364,1.18368,1.50,2.25
2014.11.24 15:05:46.342,1.18365,1.18368,1.00,1.50
2014.11.24 15:05:46.847,1.18366,1.18368,1.00,1.50
2014.11.24 15:05:47.376,1.18364,1.18368,1.50,1.50
2014.11.24 15:05:48.264,1.18365,1.18368,1.00,1.50
2014.11.24 15:05:48.768,1.18366,1.18368,1.00,1.00
2014.11.24 15:05:49.276,1.18366,1.18369,1.50,1.00
2014.11.24 15:05:50.134,1.18366,1.18368,1.50,1.00
2014.11.24 15:05:50.588,1.18364,1.18367,1.50,1.50
2014.11.24 15:05:51.122,1.18364,1.18366,1.00,1.00
2014.11.24 15:05:51.626,1.18364,1.18365,1.00,1.00
2014.11.24 15:05:54.034,1.18364,1.18366,1.00,1.00
2014.11.24 15:05:54.135,1.18364,1.18368,1.50,2.44
2014.11.24 15:05:54.186,1.18366,1.18368,1.00,1.69
2014.11.24 15:05:54.691,1.18366,1.18369,1.00,1.00
2014.11.24 15:05:57.671,1.18366,1.18368,1.00,1.00
2014.11.24 15:05:58.176,1.18365,1.18367,1.00,1.50
2014.11.24 15:05:59.874,1.18366,1.18368,1.00,1.00
2014.11.24 15:06:00.583,1.18366,1.18369,1.00,2.44
2014.11.24 15:06:00.735,1.18364,1.18365,1.00,1.00
2014.11.24 15:06:01.594,1.18364,1.18366,1.00,1.00
2014.11.24 15:06:01.645,1.18362,1.18366,1.50,1.50
2014.11.24 15:06:01.696,1.18364,1.18367,1.00,1.00
2014.11.24 15:06:02.200,1.18364,1.18366,1.00,1.00
2014.11.24 15:06:03.008,1.18364,1.18365,1.00,1.00
2014.11.24 15:06:03.614,1.18364,1.18366,1.00,1.00
2014.11.24 15:06:04.850,1.18363,1.18365,1.00,1.00
2014.11.24 15:06:08.048,1.18363,1.18366,1.00,1.50
2014.11.24 15:06:08.452,1.18364,1.18366,4.00,1.00
2014.11.24 15:06:08.755,1.18365,1.18368,7.00,1.00
2014.11.24 15:06:09.881,1.18366,1.18367,3.00,1.00
2014.11.24 15:06:10.234,1.18366,1.18368,1.00,1.00
2014.11.24 15:06:11.323,1.18365,1.18367,1.00,1.00
2014.11.24 15:06:11.576,1.18365,1.18366,1.00,1.00
2014.11.24 15:06:12.095,1.18365,1.18367,2.50,1.50
2014.11.24 15:06:12.448,1.18365,1.18369,7.75,1.69
2014.11.24 15:06:12.650,1.18366,1.18368,1.00,2.25
2014.11.24 15:06:13.869,1.18367,1.18369,1.00,1.50
2014.11.24 15:06:20.601,1.18367,1.18368,1.00,1.00
2014.11.24 15:06:21.595,1.18367,1.18371,1.00,1.69
2014.11.24 15:06:22.099,1.18367,1.18368,1.00,1.00
2014.11.24 15:06:22.453,1.18365,1.18367,1.00,1.00
2014.11.24 15:06:22.958,1.18364,1.18366,2.50,1.00
2014.11.24 15:06:23.765,1.18364,1.18366,1.00,1.00
2014.11.24 15:06:24.432,1.18364,1.18366,1.00,1.00
2014.11.24 15:06:25.016,1.18364,1.18365,1.00,1.00
2014.11.24 15:06:25.846,1.18364,1.18366,1.00,1.00
2014.11.24 15:06:27.166,1.18364,1.18365,1.00,1.00
2014.11.24 15:06:27.819,1.18364,1.18366,1.00,1.00
2014.11.24 15:06:28.711,1.18364,1.18365,1.00,1.00
2014.11.24 15:06:29.284,1.18365,1.18367,1.00,1.69
2014.11.24 15:06:29.957,1.18363,1.18364,1.50,1.00
2014.11.24 15:06:31.238,1.18363,1.18365,1.00,3.19
2014.11.24 15:06:36.714,1.18361,1.18365,1.50,1.00
2014.11.24 15:06:38.161,1.18361,1.18366,1.00,4.69
2014.11.24 15:06:40.690,1.18363,1.18366,1.00,1.00
2014.11.24 15:06:44.353,1.18363,1.18365,1.00,1.00
2014.11.24 15:06:44.858,1.18363,1.18366,1.00,1.25
2014.11.24 15:06:46.381,1.18363,1.18365,1.00,1.00
2014.11.24 15:06:46.634,1.18361,1.18365,2.25,1.00
2014.11.24 15:06:53.159,1.18361,1.18366,1.50,3.19
2014.11.24 15:06:53.464,1.18363,1.18366,1.00,1.00
2014.11.24 15:06:54.796,1.18363,1.18367,2.25,1.00
2014.11.24 15:06:55.310,1.18363,1.18366,1.50,1.00
2014.11.24 15:06:55.898,1.18363,1.18367,1.00,2.44
2014.11.24 15:06:56.218,1.18363,1.18365,1.00,1.00
2014.11.24 15:06:56.369,1.18363,1.18367,1.00,1.25
2014.11.24 15:06:57.584,1.18363,1.18366,1.00,1.00
2014.11.24 15:06:58.710,1.18363,1.18367,1.00,1.69
2014.11.24 15:06:59.215,1.18363,1.18366,1.00,1.00
2014.11.24 15:06:59.745,1.18363,1.18365,1.00,1.00
2014.11.24 15:07:00.706,1.18363,1.18366,1.00,1.00
2014.11.24 15:07:01.212,1.18361,1.18365,1.50,1.00
2014.11.24 15:07:11.255,1.18362,1.18366,1.00,1.50
2014.11.24 15:07:11.356,1.18364,1.18366,1.00,1.00
2014.11.24 15:07:11.457,1.18364,1.18368,1.50,1.00
2014.11.24 15:07:11.963,1.18365,1.18369,1.50,1.00
2014.11.24 15:07:13.866,1.18365,1.18367,1.00,1.00
2014.11.24 15:07:14.169,1.18363,1.18365,1.00,1.00
2014.11.24 15:07:14.321,1.18361,1.18365,1.50,1.00
2014.11.24 15:07:14.856,1.18361,1.18364,1.00,1.00
2014.11.24 15:07:15.371,1.18361,1.18363,1.00,1.00
2014.11.24 15:07:15.523,1.18359,1.18363,3.19,1.00
2014.11.24 15:07:15.574,1.18359,1.1836,2.25,1.00
2014.11.24 15:07:15.776,1.18353,1.18357,2.25,3.19
2014.11.24 15:07:15.827,1.18353,1.18355,1.50,1.00
2014.11.24 15:07:16.989,1.1835,1.18355,2.25,2.44
2014.11.24 15:07:17.234,1.1835,1.18353,1.50,1.00
2014.11.24 15:07:17.790,1.18348,1.18352,1.50,1.50
2014.11.24 15:07:18.874,1.18347,1.18352,3.19,1.50
2014.11.24 15:07:19.076,1.18349,1.18352,1.00,1.00
2014.11.24 15:07:19.228,1.1835,1.18354,1.00,1.50
2014.11.24 15:07:19.747,1.18351,1.18354,1.00,1.00
2014.11.24 15:07:20.284,1.1835,1.18354,1.50,1.00
2014.11.24 15:07:21.370,1.18351,1.18354,1.00,1.00
2014.11.24 15:07:22.768,1.18352,1.18354,1.00,1.00
2014.11.24 15:07:23.273,1.18352,1.18355,1.00,1.00
2014.11.24 15:07:27.635,1.18351,1.18355,2.25,1.00
2014.11.24 15:07:28.469,1.18351,1.18354,1.50,1.00
2014.11.24 15:07:29.229,1.18351,1.18353,1.50,1.00
2014.11.24 15:07:34.038,1.18352,1.18353,1.00,1.00
2014.11.24 15:07:35.390,1.18352,1.18355,1.00,1.00
2014.11.24 15:07:36.228,1.18353,1.18355,1.00,1.00
2014.11.24 15:07:36.734,1.18354,1.18356,1.00,1.00
2014.11.24 15:07:37.088,1.18355,1.18357,1.00,1.00
2014.11.24 15:07:37.594,1.18356,1.18359,1.00,5.44
2014.11.24 15:07:38.099,1.18356,1.18358,1.50,1.00
2014.11.24 15:07:38.352,1.1836,1.18365,2.50,1.50
2014.11.24 15:07:38.454,1.18364,1.18366,1.00,1.00
2014.11.24 15:07:38.707,1.18364,1.18368,1.00,1.00
2014.11.24 15:07:38.859,1.18366,1.1837,1.00,2.25
2014.11.24 15:07:40.226,1.18367,1.18369,1.00,1.00
2014.11.24 15:07:41.454,1.18367,1.18368,1.00,1.00
2014.11.24 15:07:41.555,1.18365,1.18368,1.00,1.00
2014.11.24 15:07:42.061,1.18365,1.18369,1.50,1.50
2014.11.24 15:07:43.613,1.18365,1.18368,1.00,1.00
2014.11.24 15:07:44.119,1.18366,1.18368,1.00,1.00
2014.11.24 15:07:44.625,1.18365,1.18368,1.00,1.00
2014.11.24 15:07:45.474,1.18365,1.18367,1.00,1.00
2014.11.24 15:07:46.145,1.18365,1.18368,1.00,1.50
2014.11.24 15:07:46.348,1.18363,1.18367,1.50,1.00
2014.11.24 15:07:46.399,1.18363,1.18365,1.50,1.00
2014.11.24 15:07:46.550,1.18361,1.18365,1.50,2.25
2014.11.24 15:07:46.601,1.18361,1.18365,1.50,1.50
2014.11.24 15:07:46.703,1.1836,1.18362,2.25,1.00
2014.11.24 15:07:46.804,1.18361,1.18364,1.00,1.00
2014.11.24 15:07:46.905,1.18359,1.18363,2.44,1.00
2014.11.24 15:07:47.007,1.18361,1.18362,1.00,1.00
2014.11.24 15:07:47.369,1.18361,1.18364,1.50,1.00
2014.11.24 15:07:47.754,1.18363,1.18365,1.00,1.00
2014.11.24 15:07:47.905,1.18363,1.18367,1.00,1.50
2014.11.24 15:07:48.411,1.18363,1.18366,1.50,1.00
2014.11.24 15:07:48.915,1.18364,1.18367,1.00,1.00
2014.11.24 15:07:49.492,1.18363,1.18367,1.00,1.50
2014.11.24 15:07:49.806,1.18361,1.18365,3.94,1.00
2014.11.24 15:07:49.907,1.18362,1.18366,1.50,1.50
2014.11.24 15:07:50.008,1.1836,1.18363,1.00,1.00
2014.11.24 15:07:50.160,1.18361,1.18363,1.00,1.00
2014.11.24 15:07:50.211,1.18361,1.18365,1.00,1.50
2014.11.24 15:07:51.282,1.1836,1.18364,1.00,1.00
2014.11.24 15:07:51.332,1.1836,1.18361,1.00,1.00
2014.11.24 15:07:51.600,1.18361,1.18365,1.00,2.25
2014.11.24 15:07:52.309,1.18362,1.18365,1.00,1.00
2014.11.24 15:07:52.814,1.18361,1.18365,1.50,1.50
2014.11.24 15:07:53.320,1.18362,1.18365,1.00,1.50
2014.11.24 15:07:54.028,1.18361,1.18365,1.00,1.50
2014.11.24 15:07:54.534,1.18362,1.18365,1.00,1.50
2014.11.24 15:07:55.346,1.18361,1.18365,1.00,1.00
2014.11.24 15:07:55.878,1.18362,1.18365,1.00,1.50
2014.11.24 15:07:57.007,1.18361,1.18365,1.00,1.50
2014.11.24 15:07:57.533,1.18361,1.18364,1.00,1.00
2014.11.24 15:07:57.938,1.1836,1.18362,1.00,1.00
2014.11.24 15:07:57.989,1.18358,1.18362,1.50,1.50
2014.11.24 15:07:58.040,1.18357,1.18359,1.50,1.00
2014.11.24 15:07:58.091,1.18355,1.18358,2.25,1.50
2014.11.24 15:07:58.293,1.18353,1.18357,2.25,1.50
2014.11.24 15:07:58.582,1.18352,1.18355,2.44,1.00
2014.11.24 15:08:00.008,1.18352,1.18354,1.50,1.00
2014.11.24 15:08:00.210,1.18352,1.18356,1.50,1.50
2014.11.24 15:08:00.885,1.18356,1.18357,1.00,1.00
2014.11.24 15:08:00.986,1.18356,1.18359,1.50,1.00
2014.11.24 15:08:01.088,1.18358,1.18361,1.00,1.00
2014.11.24 15:08:01.492,1.18358,1.18363,1.50,1.50
2014.11.24 15:08:02.002,1.18359,1.18363,1.50,1.00
2014.11.24 15:08:02.507,1.1836,1.18364,1.50,1.00
2014.11.24 15:08:06.995,1.1836,1.18363,1.50,1.00
2014.11.24 15:08:07.147,1.18358,1.18362,1.50,1.50
2014.11.24 15:08:07.682,1.18357,1.18359,1.50,1.00
2014.11.24 15:08:08.037,1.18358,1.18362,1.00,1.00
2014.11.24 15:08:08.642,1.1836,1.18364,1.00,1.00
2014.11.24 15:08:09.248,1.1836,1.18365,1.50,1.00
2014.11.24 15:08:09.703,1.1836,1.18363,1.50,1.00
2014.11.24 15:08:10.006,1.18359,1.18362,1.50,1.00
2014.11.24 15:08:10.511,1.1836,1.18362,1.50,1.00
2014.11.24 15:08:10.815,1.18353,1.18354,1.00,1.50
2014.11.24 15:08:10.866,1.18351,1.18354,1.50,1.00
2014.11.24 15:08:11.371,1.18351,1.18355,1.69,1.00
2014.11.24 15:08:11.909,1.1835,1.18352,3.75,1.00
2014.11.24 15:08:12.011,1.1835,1.18355,3.00,1.00
2014.11.24 15:08:12.517,1.1835,1.18354,2.25,1.00
2014.11.24 15:08:13.022,1.1835,1.18355,2.25,1.50
2014.11.24 15:08:13.538,1.18351,1.18355,1.00,1.00
2014.11.24 15:08:13.860,1.18353,1.18357,1.00,3.94
2014.11.24 15:08:14.566,1.18353,1.18357,1.00,1.25
2014.11.24 15:08:15.580,1.18356,1.18358,1.00,2.25
2014.11.24 15:08:15.833,1.18361,1.18364,1.00,1.00
2014.11.24 15:08:16.339,1.1836,1.18363,1.00,1.00
2014.11.24 15:08:16.440,1.18358,1.18363,3.00,1.00
2014.11.24 15:08:16.743,1.1836,1.18364,1.00,1.00
2014.11.24 15:08:17.249,1.18361,1.18365,1.00,2.44
2014.11.24 15:08:17.838,1.18362,1.18366,1.00,1.00
2014.11.24 15:08:18.377,1.18362,1.18367,1.50,3.94
2014.11.24 15:08:18.882,1.18362,1.18365,1.50,1.00
2014.11.24 15:08:19.286,1.1836,1.18363,3.75,1.00
2014.11.24 15:08:19.388,1.1836,1.18362,1.00,1.50
2014.11.24 15:08:19.439,1.18358,1.18362,2.25,1.50
2014.11.24 15:08:19.945,1.18358,1.18363,3.00,2.44
2014.11.24 15:08:20.243,1.1836,1.18363,1.00,1.25
2014.11.24 15:08:20.298,1.1836,1.18365,1.00,4.69
2014.11.24 15:08:20.349,1.1836,1.18363,1.50,1.00
2014.11.24 15:08:20.603,1.1836,1.18365,2.25,3.94
2014.11.24 15:08:22.405,1.1836,1.18365,1.50,4.19
2014.11.24 15:08:22.910,1.1836,1.18365,1.00,3.94
2014.11.24 15:08:23.450,1.1836,1.18365,1.00,4.19
2014.11.24 15:08:23.962,1.1836,1.18365,1.00,2.25
2014.11.24 15:08:24.541,1.1836,1.18364,1.00,1.50
2014.11.24 15:08:24.895,1.18358,1.18363,1.50,2.25
2014.11.24 15:08:25.399,1.18358,1.18363,1.50,3.25
2014.11.24 15:08:25.929,1.18358,1.18362,1.50,1.50
2014.11.24 15:08:29.578,1.18358,1.18361,1.50,1.00
2014.11.24 15:08:30.110,1.18358,1.18362,1.50,2.25
2014.11.24 15:08:30.468,1.18358,1.1836,1.00,1.00
2014.11.24 15:08:30.722,1.18354,1.18356,1.00,1.00
2014.11.24 15:08:30.823,1.18352,1.18357,1.50,1.50
2014.11.24 15:08:31.329,1.18352,1.18356,1.00,1.00
2014.11.24 15:08:31.802,1.18356,1.18357,1.00,1.50
2014.11.24 15:08:32.004,1.18357,1.1836,1.50,1.00
2014.11.24 15:08:32.105,1.18358,1.18362,1.00,1.69
2014.11.24 15:08:32.458,1.18357,1.18361,1.00,2.44
2014.11.24 15:08:32.509,1.18355,1.18361,1.50,5.44
2014.11.24 15:08:32.611,1.18354,1.18359,1.00,1.69
2014.11.24 15:08:33.015,1.18356,1.1836,1.00,1.00
2014.11.24 15:08:33.419,1.18358,1.18363,1.00,2.44
2014.11.24 15:08:34.127,1.18359,1.18363,1.00,1.00
2014.11.24 15:08:34.648,1.18358,1.18363,1.00,1.50
2014.11.24 15:08:36.413,1.18359,1.18363,1.00,1.50
2014.11.24 15:08:38.762,1.18358,1.1836,1.00,1.00
2014.11.24 15:08:38.812,1.18356,1.18359,1.00,2.25
2014.11.24 15:08:38.914,1.18354,1.18357,1.00,1.00
2014.11.24 15:08:39.419,1.18353,1.18356,1.00,1.00
2014.11.24 15:08:41.563,1.18353,1.18357,1.00,2.44
2014.11.24 15:08:42.103,1.18352,1.18357,1.50,2.44
2014.11.24 15:08:44.073,1.18352,1.18356,1.50,1.00
2014.11.24 15:08:46.704,1.18352,1.18355,1.50,1.00
2014.11.24 15:08:46.805,1.1835,1.18354,1.50,1.00
2014.11.24 15:08:47.311,1.18348,1.18353,1.00,2.44
2014.11.24 15:08:47.829,1.18348,1.18352,1.00,1.00
2014.11.24 15:08:48.334,1.18348,1.18353,1.50,2.44
2014.11.24 15:08:51.320,1.18348,1.18352,1.50,1.00
2014.11.24 15:08:51.868,1.18349,1.18352,1.00,1.00
2014.11.24 15:08:52.373,1.18349,1.18353,1.00,2.44
2014.11.24 15:08:53.454,1.1835,1.18353,1.00,1.00
2014.11.24 15:08:53.556,1.18352,1.18355,1.00,1.00
2014.11.24 15:08:53.658,1.18352,1.18357,1.50,1.69
2014.11.24 15:08:54.064,1.18355,1.18357,1.00,1.00
2014.11.24 15:08:54.167,1.18358,1.18361,1.00,1.50
2014.11.24 15:08:54.269,1.18358,1.18363,2.25,1.50
2014.11.24 15:08:54.573,1.18357,1.18359,1.00,1.00
2014.11.24 15:08:54.674,1.18355,1.18359,1.00,1.69
2014.11.24 15:08:54.927,1.18354,1.18357,1.00,1.00
2014.11.24 15:08:55.686,1.18353,1.18357,1.50,1.50
2014.11.24 15:08:57.250,1.18353,1.18355,1.50,1.00
2014.11.24 15:08:57.567,1.18351,1.18355,1.50,1.50
2014.11.24 15:08:58.833,1.18351,1.18354,1.00,1.00
2014.11.24 15:08:59.337,1.1835,1.18354,2.25,1.00
2014.11.24 15:08:59.590,1.18352,1.18355,1.00,1.00
2014.11.24 15:09:00.095,1.18353,1.18355,1.00,1.00
2014.11.24 15:09:00.616,1.18351,1.18355,1.50,1.50
2014.11.24 15:09:00.820,1.18353,1.18355,1.00,1.00
2014.11.24 15:09:01.124,1.18357,1.1836,1.50,1.00
2014.11.24 15:09:01.175,1.18358,1.18362,1.50,1.50
2014.11.24 15:09:02.338,1.18359,1.18362,1.00,1.00
2014.11.24 15:09:03.712,1.1836,1.18362,1.00,1.00
2014.11.24 15:09:03.763,1.18361,1.18364,1.00,1.00
2014.11.24 15:09:03.865,1.18361,1.18366,1.50,3.19
2014.11.24 15:09:04.369,1.18362,1.18366,1.50,2.44
2014.11.24 15:09:04.894,1.18363,1.18366,1.50,1.00
2014.11.24 15:09:06.486,1.18365,1.18366,1.00,1.00
2014.11.24 15:09:06.599,1.18366,1.18369,1.00,1.00
2014.11.24 15:09:06.653,1.18368,1.1837,1.50,1.00
2014.11.24 15:09:06.705,1.1837,1.18373,1.50,1.50
2014.11.24 15:09:07.211,1.18371,1.18374,1.00,1.00
2014.11.24 15:09:07.464,1.1837,1.18372,1.00,1.00
2014.11.24 15:09:07.515,1.18368,1.18372,2.25,1.50
2014.11.24 15:09:07.566,1.18368,1.1837,1.00,1.00
2014.11.24 15:09:08.072,1.18367,1.1837,1.00,1.00
2014.11.24 15:09:08.679,1.18366,1.1837,1.00,1.50
2014.11.24 15:09:10.877,1.1837,1.18372,1.00,1.00
2014.11.24 15:09:10.978,1.18371,1.18375,1.00,3.75
2014.11.24 15:09:11.181,1.18372,1.18377,2.25,2.44
2014.11.24 15:09:11.687,1.18373,1.18377,1.00,1.00
2014.11.24 15:09:12.192,1.18374,1.18378,2.25,1.00
2014.11.24 15:09:12.784,1.18374,1.18379,1.50,2.25
2014.11.24 15:09:13.288,1.18374,1.18378,2.25,1.00
2014.11.24 15:09:15.097,1.18374,1.18377,1.00,1.00
2014.11.24 15:09:16.108,1.18374,1.18378,1.00,1.00
2014.11.24 15:09:16.613,1.18373,1.18378,1.00,2.50
2014.11.24 15:09:18.815,1.18373,1.18378,1.00,3.25
2014.11.24 15:09:18.917,1.18372,1.18378,1.50,4.94
2014.11.24 15:09:19.069,1.18369,1.18373,1.00,2.44
2014.11.24 15:09:19.120,1.18367,1.18372,1.00,3.00
2014.11.24 15:09:19.575,1.18369,1.18373,1.00,1.69
2014.11.24 15:09:20.130,1.1837,1.18374,1.00,2.25
2014.11.24 15:09:20.635,1.1837,1.18375,3.94,1.00
2014.11.24 15:09:20.988,1.1837,1.18373,1.00,1.69
2014.11.24 15:09:21.039,1.18368,1.18373,1.00,2.44
2014.11.24 15:09:21.140,1.18367,1.1837,1.00,1.00
2014.11.24 15:09:21.646,1.18368,1.18371,1.00,1.00
2014.11.24 15:09:22.152,1.18367,1.18371,1.00,1.50
2014.11.24 15:09:22.682,1.18366,1.1837,2.25,1.00
2014.11.24 15:09:23.701,1.18366,1.18369,1.00,1.00
2014.11.24 15:09:24.206,1.18365,1.18369,1.00,1.00
2014.11.24 15:09:24.511,1.18369,1.18372,3.25,1.50
2014.11.24 15:09:24.562,1.1837,1.18375,1.50,1.50
2014.11.24 15:09:24.613,1.18372,1.18377,1.00,1.00
2014.11.24 15:09:25.546,1.18372,1.18376,1.50,1.00
2014.11.24 15:09:26.701,1.18373,1.18377,1.00,2.44
2014.11.24 15:09:29.017,1.18373,1.18375,1.00,1.00
2014.11.24 15:09:29.118,1.18373,1.18377,1.00,1.50
2014.11.24 15:09:30.920,1.18374,1.18377,1.00,1.00
2014.11.24 15:09:31.514,1.18376,1.18377,1.00,1.00
2014.11.24 15:09:31.666,1.18376,1.18379,1.00,1.00
2014.11.24 15:09:32.221,1.18376,1.1838,1.50,1.50
2014.11.24 15:09:32.726,1.18376,1.18379,1.00,1.00
2014.11.24 15:09:33.395,1.18376,1.1838,1.50,1.50
2014.11.24 15:09:33.901,1.18377,1.1838,1.50,1.00
2014.11.24 15:09:36.627,1.18376,1.1838,1.50,1.50
2014.11.24 15:09:37.054,1.18376,1.18378,1.00,1.00
2014.11.24 15:09:38.032,1.18375,1.18378,2.25,1.00
2014.11.24 15:09:39.565,1.18375,1.18379,2.25,1.00
2014.11.24 15:09:40.103,1.18376,1.18379,1.00,1.00
2014.11.24 15:09:40.983,1.18376,1.1838,1.50,1.50
2014.11.24 15:09:41.287,1.18379,1.18382,1.00,1.50
2014.11.24 15:09:41.792,1.18378,1.18382,1.50,1.50
2014.11.24 15:09:42.096,1.18377,1.1838,1.50,1.00
2014.11.24 15:09:42.499,1.18375,1.18379,1.69,1.50
2014.11.24 15:09:45.002,1.18374,1.18379,2.25,1.50
2014.11.24 15:09:45.927,1.18375,1.18379,1.00,1.50
2014.11.24 15:09:48.358,1.18376,1.1838,1.00,1.50
2014.11.24 15:09:49.115,1.18376,1.18379,1.00,1.00
2014.11.24 15:09:49.318,1.18376,1.18377,1.00,1.00
2014.11.24 15:09:49.419,1.18373,1.18376,1.00,1.00
2014.11.24 15:09:49.934,1.18374,1.18376,1.00,1.00
2014.11.24 15:09:50.502,1.18374,1.18377,1.00,1.50
2014.11.24 15:09:51.176,1.18374,1.18378,1.50,1.69
2014.11.24 15:09:51.882,1.18374,1.18377,1.00,1.00
2014.11.24 15:09:54.956,1.18374,1.18378,1.50,2.44
2014.11.24 15:09:55.684,1.18374,1.18377,1.50,1.00
2014.11.24 15:09:58.244,1.18375,1.18377,1.00,1.00
2014.11.24 15:09:58.752,1.18374,1.18378,2.25,1.00
2014.11.24 15:09:59.268,1.18374,1.18377,2.25,1.00
2014.11.24 15:09:59.884,1.18374,1.18378,2.25,1.00
2014.11.24 15:10:00.397,1.18375,1.18379,1.00,1.00
2014.11.24 15:10:00.921,1.18374,1.18379,1.50,3.44
2014.11.24 15:10:01.438,1.18374,1.18379,1.00,3.94
2014.11.24 15:10:01.793,1.18374,1.18377,1.00,1.50
2014.11.24 15:10:01.894,1.18372,1.18377,1.50,3.75
2014.11.24 15:10:02.984,1.18372,1.18374,1.00,1.00
2014.11.24 15:10:03.531,1.18372,1.18375,1.00,1.50
2014.11.24 15:10:06.135,1.18372,1.18376,1.50,1.25
2014.11.24 15:10:07.862,1.18374,1.18377,1.00,2.44
2014.11.24 15:10:08.368,1.18375,1.18377,1.00,1.00
2014.11.24 15:10:08.913,1.18374,1.18377,1.50,1.00
2014.11.24 15:10:10.500,1.18374,1.18378,2.25,1.00
2014.11.24 15:10:11.025,1.18375,1.18377,1.00,1.00
2014.11.24 15:10:11.586,1.18375,1.18378,1.00,1.00
2014.11.24 15:10:12.199,1.18375,1.18377,1.00,1.00
2014.11.24 15:10:12.714,1.18374,1.18377,1.50,1.00
2014.11.24 15:10:14.321,1.18374,1.18378,1.50,1.00
2014.11.24 15:10:15.219,1.18375,1.18378,1.00,1.00
2014.11.24 15:10:15.759,1.18376,1.18379,1.00,1.00
2014.11.24 15:10:19.314,1.18375,1.18379,1.50,1.00
2014.11.24 15:10:20.349,1.18376,1.18379,1.00,1.00
2014.11.24 15:10:20.652,1.18378,1.18381,1.00,1.00
2014.11.24 15:10:24.041,1.18378,1.1838,1.00,1.00
2014.11.24 15:10:24.648,1.18378,1.18379,1.00,1.00
2014.11.24 15:10:25.052,1.18377,1.18381,1.00,1.50
2014.11.24 15:10:25.557,1.18376,1.18379,1.00,1.00
2014.11.24 15:10:25.860,1.18369,1.18372,2.25,1.00
2014.11.24 15:10:28.546,1.18369,1.18371,1.00,1.00
2014.11.24 15:10:28.748,1.18367,1.18371,1.50,1.50
2014.11.24 15:10:30.056,1.18368,1.18371,1.00,1.00
2014.11.24 15:10:30.584,1.18368,1.18373,1.50,2.44
2014.11.24 15:10:30.786,1.18372,1.18373,1.00,1.00
2014.11.24 15:10:30.837,1.18372,1.18377,2.44,1.50
2014.11.24 15:10:31.645,1.18373,1.18377,1.00,1.00
2014.11.24 15:10:32.251,1.18372,1.18377,1.50,1.50
2014.11.24 15:10:32.453,1.18372,1.18375,1.50,1.00
2014.11.24 15:10:32.604,1.18369,1.18374,1.50,2.25
2014.11.24 15:10:32.655,1.18369,1.18372,1.00,1.00
2014.11.24 15:10:32.706,1.18367,1.18372,3.19,1.50
2014.11.24 15:10:32.757,1.18367,1.1837,1.50,1.00
2014.11.24 15:10:33.132,1.18365,1.1837,1.69,1.00
2014.11.24 15:10:37.061,1.18366,1.1837,1.00,1.00
2014.11.24 15:10:37.162,1.18369,1.18372,1.50,3.00
2014.11.24 15:10:37.213,1.18372,1.18375,1.00,1.50
2014.11.24 15:10:37.664,1.18373,1.18378,1.50,2.44
2014.11.24 15:10:37.866,1.18373,1.18376,1.50,1.00
2014.11.24 15:10:38.170,1.18372,1.18374,1.50,1.00
2014.11.24 15:10:38.474,1.1837,1.18372,1.00,1.00
2014.11.24 15:10:38.575,1.1837,1.18374,2.25,1.00
2014.11.24 15:10:38.676,1.18371,1.18376,1.50,4.69
2014.11.24 15:10:38.979,1.18373,1.18376,1.00,1.50
2014.11.24 15:10:39.484,1.18372,1.18376,1.00,1.50
2014.11.24 15:10:39.787,1.1837,1.18373,1.00,1.00
2014.11.24 15:10:40.191,1.18368,1.18372,1.00,1.50
2014.11.24 15:10:42.035,1.18369,1.18372,1.00,1.50
2014.11.24 15:10:42.541,1.1837,1.18373,1.00,1.00
2014.11.24 15:10:42.794,1.18372,1.18376,1.00,2.25
2014.11.24 15:10:42.845,1.18374,1.18376,1.00,1.00
2014.11.24 15:10:42.997,1.18375,1.1838,1.50,1.50
2014.11.24 15:10:43.149,1.18378,1.1838,1.00,1.50
2014.11.24 15:10:43.665,1.18379,1.18381,1.00,1.25
2014.11.24 15:10:44.182,1.18379,1.18382,1.50,1.00
2014.11.24 15:10:44.539,1.18381,1.18382,1.00,1.00
2014.11.24 15:10:44.590,1.18379,1.18382,1.00,1.00
2014.11.24 15:10:44.691,1.18381,1.18382,1.00,1.00
2014.11.24 15:10:44.894,1.18379,1.18382,1.50,1.00
2014.11.24 15:10:45.104,1.18381,1.18382,1.00,1.00
2014.11.24 15:10:45.609,1.1838,1.18382,1.00,1.00
2014.11.24 15:10:47.014,1.1838,1.18383,1.00,1.69
2014.11.24 15:10:47.570,1.18379,1.18383,1.00,1.69
2014.11.24 15:10:48.226,1.1838,1.18382,1.00,1.00
2014.11.24 15:10:48.731,1.1838,1.18383,1.00,1.00
2014.11.24 15:10:49.265,1.18381,1.18383,1.00,1.00
2014.11.24 15:10:50.812,1.18381,1.18384,1.00,2.44
2014.11.24 15:10:54.269,1.18382,1.18384,1.00,1.50
2014.11.24 15:10:54.838,1.18381,1.18384,1.00,1.00
2014.11.24 15:10:57.823,1.18383,1.18384,1.00,1.00
2014.11.24 15:10:57.975,1.18385,1.18388,1.50,1.00
2014.11.24 15:10:58.077,1.18387,1.18391,1.00,1.50
2014.11.24 15:10:58.128,1.18389,1.18392,1.00,3.19
2014.11.24 15:10:58.381,1.18391,1.18395,1.50,1.25
2014.11.24 15:10:58.887,1.18392,1.18394,1.00,2.44
2014.11.24 15:10:59.422,1.18391,1.18394,1.50,2.44
2014.11.24 15:10:59.776,1.18391,1.18396,3.00,1.00
2014.11.24 15:10:59.827,1.18393,1.18396,1.00,1.00
2014.11.24 15:11:00.282,1.18391,1.18395,2.25,1.00
2014.11.24 15:11:00.736,1.18395,1.18397,1.00,1.00
2014.11.24 15:11:01.066,1.18397,1.18401,2.25,3.00
2014.11.24 15:11:01.117,1.18399,1.18403,1.69,1.00
2014.11.24 15:11:02.143,1.184,1.18403,1.00,1.00
2014.11.24 15:11:02.497,1.18401,1.18405,1.00,3.19
2014.11.24 15:11:03.001,1.18402,1.18406,1.50,2.44
2014.11.24 15:11:03.052,1.18404,1.18406,1.00,2.44
2014.11.24 15:11:03.585,1.18403,1.18407,1.50,3.19
2014.11.24 15:11:04.645,1.18402,1.18407,1.50,3.19
2014.11.24 15:11:05.151,1.18402,1.18406,1.50,1.00
2014.11.24 15:11:05.656,1.18401,1.18405,1.00,1.00
2014.11.24 15:11:06.869,1.184,1.18405,1.50,1.25
2014.11.24 15:11:10.605,1.18401,1.18405,1.00,1.00
2014.11.24 15:11:13.284,1.184,1.18405,3.19,1.50
2014.11.24 15:11:13.790,1.18401,1.18405,1.00,1.50
2014.11.24 15:11:15.455,1.184,1.18405,4.69,1.00
2014.11.24 15:11:16.223,1.18401,1.18405,1.00,1.00
2014.11.24 15:11:16.729,1.18402,1.18405,1.00,1.00
2014.11.24 15:11:17.255,1.18401,1.18405,1.69,1.00
2014.11.24 15:11:18.564,1.18402,1.18405,1.00,1.00
2014.11.24 15:11:19.090,1.18401,1.18405,2.44,1.00
2014.11.24 15:11:20.685,1.18402,1.18405,1.00,1.50
2014.11.24 15:11:20.786,1.184,1.18405,1.00,2.25
2014.11.24 15:11:21.473,1.18399,1.18401,1.50,1.00
2014.11.24 15:11:21.575,1.18398,1.18399,1.00,1.00
2014.11.24 15:11:21.626,1.18395,1.18398,3.94,1.00
2014.11.24 15:11:21.727,1.18395,1.18397,1.00,1.00
2014.11.24 15:11:21.778,1.18391,1.18396,2.25,1.50
2014.11.24 15:11:22.233,1.18393,1.18397,1.00,3.19
2014.11.24 15:11:22.284,1.18393,1.18398,1.00,1.50
2014.11.24 15:11:22.335,1.18396,1.18398,1.00,1.00
2014.11.24 15:11:22.386,1.18397,1.18401,1.00,1.00
2014.11.24 15:11:22.437,1.18399,1.18403,1.50,2.44
2014.11.24 15:11:22.942,1.18399,1.18404,1.00,1.69
2014.11.24 15:11:23.497,1.18401,1.18404,1.00,1.00
2014.11.24 15:11:23.773,1.18399,1.18404,3.19,1.00
2014.11.24 15:11:23.924,1.18401,1.18404,1.00,1.00
2014.11.24 15:11:23.975,1.18402,1.18406,1.00,1.69
2014.11.24 15:11:24.500,1.18401,1.18406,1.50,1.00
2014.11.24 15:11:25.677,1.18401,1.18403,1.00,1.00
2014.11.24 15:11:26.255,1.18396,1.18398,1.00,1.00
2014.11.24 15:11:26.458,1.18394,1.18398,1.00,1.00
2014.11.24 15:11:27.169,1.18397,1.18398,1.00,1.00
2014.11.24 15:11:27.270,1.18397,1.18401,1.50,1.00
2014.11.24 15:11:27.523,1.18398,1.18403,2.25,2.44
2014.11.24 15:11:27.877,1.18397,1.184,1.50,1.00
2014.11.24 15:11:28.079,1.18395,1.184,1.50,3.19
2014.11.24 15:11:28.584,1.18393,1.18398,1.50,1.50
2014.11.24 15:11:28.988,1.18396,1.18398,1.00,1.00
2014.11.24 15:11:29.141,1.18399,1.18403,1.00,1.00
2014.11.24 15:11:29.191,1.18401,1.18405,1.00,2.25
2014.11.24 15:11:29.698,1.18401,1.18404,1.00,2.44
2014.11.24 15:11:32.040,1.18401,1.18405,1.00,2.44
2014.11.24 15:11:32.343,1.18403,1.18406,1.50,3.19
2014.11.24 15:11:33.120,1.18403,1.18407,1.00,1.25
2014.11.24 15:11:36.265,1.18403,1.18406,1.00,1.69
2014.11.24 15:11:36.366,1.18401,1.18405,1.50,1.25
2014.11.24 15:11:36.619,1.18403,1.18406,1.00,1.69
2014.11.24 15:11:37.584,1.18404,1.18406,1.00,3.19
2014.11.24 15:11:37.686,1.18406,1.18409,1.50,1.00
2014.11.24 15:11:37.787,1.18407,1.18411,1.00,1.50
2014.11.24 15:11:38.296,1.18406,1.18411,2.25,2.44
2014.11.24 15:11:39.215,1.18406,1.1841,2.25,1.00
2014.11.24 15:11:39.929,1.18405,1.18409,1.50,1.50
2014.11.24 15:11:40.435,1.18406,1.18409,1.00,1.00
2014.11.24 15:11:40.738,1.18404,1.18409,2.25,1.50
2014.11.24 15:11:40.990,1.18404,1.18407,1.00,1.00
2014.11.24 15:11:41.495,1.18403,1.18407,1.50,1.00
2014.11.24 15:11:41.811,1.18405,1.18409,1.00,3.19
2014.11.24 15:11:42.346,1.18405,1.18408,1.00,1.00
2014.11.24 15:11:42.852,1.18404,1.18408,1.00,1.00
2014.11.24 15:11:43.600,1.18405,1.18408,1.00,1.00
2014.11.24 15:11:43.802,1.18408,1.18412,1.00,1.50
2014.11.24 15:11:46.499,1.18407,1.18412,3.94,1.00
2014.11.24 15:11:47.307,1.18407,1.18411,1.50,1.00
2014.11.24 15:11:47.812,1.18406,1.1841,1.00,1.00
2014.11.24 15:11:48.602,1.18405,1.1841,1.50,1.00
2014.11.24 15:11:49.107,1.18406,1.1841,1.00,1.50
2014.11.24 15:11:49.712,1.18405,1.1841,1.50,1.69
2014.11.24 15:11:49.813,1.18404,1.18408,1.00,1.50
2014.11.24 15:11:52.051,1.18405,1.1841,1.50,2.44
2014.11.24 15:11:53.317,1.18405,1.18409,1.00,1.00
2014.11.24 15:11:54.510,1.18405,1.18408,1.00,1.00
2014.11.24 15:11:54.923,1.18403,1.18408,2.25,1.50
2014.11.24 15:11:55.428,1.18403,1.18407,1.00,1.00
2014.11.24 15:11:55.948,1.18403,1.18406,1.00,1.00
2014.11.24 15:11:58.551,1.18403,1.18408,1.00,3.19
2014.11.24 15:11:59.347,1.18405,1.18408,1.00,1.00
2014.11.24 15:11:59.650,1.18408,1.18411,1.00,1.50
2014.11.24 15:11:59.801,1.18406,1.1841,3.00,1.00
2014.11.24 15:11:59.852,1.18408,1.1841,1.00,1.00
2014.11.24 15:11:59.954,1.18405,1.1841,3.75,1.50
2014.11.24 15:12:00.748,1.18406,1.1841,1.00,1.00
2014.11.24 15:12:00.951,1.1841,1.18412,1.50,3.00
2014.11.24 15:12:01.052,1.18413,1.18416,1.00,2.25
2014.11.24 15:12:01.557,1.18413,1.18417,1.50,1.00
2014.11.24 15:12:01.810,1.18412,1.18414,1.00,1.00
2014.11.24 15:12:01.861,1.18411,1.18414,1.00,3.94
2014.11.24 15:12:01.962,1.18409,1.18414,1.00,5.44
2014.11.24 15:12:02.096,1.18411,1.18414,1.50,1.50
2014.11.24 15:12:02.147,1.18411,1.18416,3.00,1.00
2014.11.24 15:12:02.451,1.1841,1.18414,1.00,3.19
2014.11.24 15:12:02.553,1.18407,1.18412,1.50,1.00
2014.11.24 15:12:02.755,1.18405,1.1841,2.44,1.00
2014.11.24 15:12:03.969,1.18406,1.1841,1.00,2.25
2014.11.24 15:12:04.978,1.18405,1.18409,3.00,1.00
2014.11.24 15:12:06.439,1.18405,1.18407,1.00,1.00
2014.11.24 15:12:06.641,1.18403,1.18407,1.00,1.50
2014.11.24 15:12:07.184,1.18402,1.18407,3.94,1.50
2014.11.24 15:12:07.488,1.184,1.18403,2.25,3.25
2014.11.24 15:12:07.640,1.18396,1.18399,1.00,1.00
2014.11.24 15:12:08.174,1.18397,1.18399,1.50,1.00
2014.11.24 15:12:08.225,1.18398,1.18401,1.00,1.00
2014.11.24 15:12:08.326,1.18399,1.18403,1.69,1.00
2014.11.24 15:12:08.428,1.184,1.18405,1.50,2.44
2014.11.24 15:12:08.934,1.18401,1.18405,1.00,1.00
2014.11.24 15:12:09.086,1.184,1.18401,1.00,1.00
2014.11.24 15:12:09.137,1.18397,1.18401,1.50,1.50
2014.11.24 15:12:09.188,1.18397,1.184,1.00,3.19
2014.11.24 15:12:09.289,1.18398,1.18401,1.00,1.00
2014.11.24 15:12:09.442,1.184,1.18402,1.00,1.25
2014.11.24 15:12:09.493,1.184,1.18404,1.00,3.19
2014.11.24 15:12:09.947,1.184,1.18401,1.00,1.00
2014.11.24 15:12:09.998,1.18397,1.18401,1.50,1.00
2014.11.24 15:12:10.049,1.18396,1.18399,2.25,1.00
2014.11.24 15:12:10.355,1.18397,1.184,1.00,1.00
2014.11.24 15:12:10.861,1.18396,1.18399,1.00,1.25
2014.11.24 15:12:10.962,1.18398,1.184,1.00,1.00
2014.11.24 15:12:11.063,1.18399,1.18403,1.00,1.25
2014.11.24 15:12:14.064,1.184,1.18403,1.00,1.25
2014.11.24 15:12:14.574,1.18401,1.18403,1.00,1.25
2014.11.24 15:12:15.041,1.18402,1.18405,1.00,1.50
2014.11.24 15:12:15.142,1.18403,1.18407,1.00,1.50
2014.11.24 15:12:15.647,1.18404,1.18408,1.00,3.19
2014.11.24 15:12:16.164,1.18408,1.18411,1.00,3.19
2014.11.24 15:12:16.367,1.18407,1.18411,1.00,1.69
2014.11.24 15:12:16.468,1.18407,1.18409,1.00,1.00
2014.11.24 15:12:16.569,1.18407,1.18411,1.00,1.25
2014.11.24 15:12:17.074,1.18407,1.18412,1.00,1.00
2014.11.24 15:12:18.077,1.18407,1.18409,1.00,1.00
2014.11.24 15:12:18.179,1.18404,1.18409,2.25,1.50
2014.11.24 15:12:18.684,1.18404,1.18408,1.00,1.50
2014.11.24 15:12:19.188,1.18403,1.18408,1.50,1.50
2014.11.24 15:12:20.197,1.18404,1.18408,1.00,1.50
2014.11.24 15:12:20.551,1.18402,1.18406,3.94,1.00
2014.11.24 15:12:21.242,1.18402,1.18407,2.25,2.44
2014.11.24 15:12:21.697,1.18404,1.18408,1.00,3.19
2014.11.24 15:12:22.206,1.18405,1.18408,1.00,1.00
2014.11.24 15:12:22.927,1.18405,1.18409,1.00,1.00
2014.11.24 15:12:23.433,1.18404,1.18408,1.50,1.00
2014.11.24 15:12:24.150,1.18404,1.18407,1.50,1.00
2014.11.24 15:12:24.503,1.18406,1.18408,1.50,1.00
2014.11.24 15:12:24.806,1.18408,1.18409,1.00,1.00
2014.11.24 15:12:24.958,1.18408,1.18411,1.00,1.50
2014.11.24 15:12:25.059,1.1841,1.18412,1.00,1.69
2014.11.24 15:12:25.160,1.18412,1.18416,1.00,2.25
2014.11.24 15:12:25.262,1.18413,1.18418,1.50,1.00
2014.11.24 15:12:25.766,1.18414,1.18419,3.19,1.00
2014.11.24 15:12:26.119,1.18411,1.18416,2.25,1.50
2014.11.24 15:12:26.423,1.18414,1.18418,1.00,1.50
2014.11.24 15:12:26.575,1.18414,1.1842,1.50,2.25
2014.11.24 15:12:27.952,1.18416,1.1842,1.00,3.19
2014.11.24 15:12:28.218,1.18417,1.18422,1.50,1.00
2014.11.24 15:12:28.755,1.18418,1.18423,1.00,1.00
2014.11.24 15:12:28.856,1.18418,1.18421,1.00,1.00
2014.11.24 15:12:28.958,1.18416,1.18421,2.25,1.00
2014.11.24 15:12:29.059,1.18418,1.18422,1.00,1.69
2014.11.24 15:12:29.161,1.18419,1.18424,1.00,1.50
2014.11.24 15:12:29.666,1.1842,1.18424,1.00,1.25
2014.11.24 15:12:30.181,1.1842,1.18425,1.00,2.44
2014.11.24 15:12:30.687,1.18421,1.18425,1.50,1.00
2014.11.24 15:12:32.192,1.18422,1.18426,1.00,1.00
2014.11.24 15:12:32.242,1.18425,1.18426,1.00,1.00
2014.11.24 15:12:32.344,1.18427,1.18429,1.00,1.50
2014.11.24 15:12:32.395,1.18427,1.18431,1.00,1.50
2014.11.24 15:12:32.497,1.18427,1.18433,1.00,2.25
2014.11.24 15:12:32.901,1.18429,1.18434,1.00,1.00
2014.11.24 15:12:33.205,1.18426,1.18428,1.00,1.00
2014.11.24 15:12:33.256,1.18423,1.18427,1.00,1.00
2014.11.24 15:12:33.761,1.18422,1.18427,1.69,1.00
2014.11.24 15:12:33.862,1.18424,1.18427,1.00,1.00
2014.11.24 15:12:33.913,1.18425,1.18429,1.50,1.00
2014.11.24 15:12:33.964,1.18426,1.18431,2.44,2.25
2014.11.24 15:12:34.267,1.18429,1.18433,1.00,1.25
2014.11.24 15:12:34.570,1.18429,1.1843,1.00,1.00
2014.11.24 15:12:34.722,1.18429,1.18432,1.00,1.25
2014.11.24 15:12:34.773,1.18429,1.1843,1.00,1.25
2014.11.24 15:12:34.823,1.18427,1.1843,1.00,1.69
2014.11.24 15:12:34.874,1.18425,1.1843,1.25,2.44
2014.11.24 15:12:35.347,1.18427,1.18432,1.00,1.00
2014.11.24 15:12:36.512,1.18428,1.18432,1.00,1.00
2014.11.24 15:12:37.017,1.18429,1.18432,1.00,1.00
2014.11.24 15:12:37.270,1.18429,1.18434,1.00,1.50
2014.11.24 15:12:37.774,1.18429,1.18433,1.00,1.00
2014.11.24 15:12:37.825,1.18429,1.18435,1.50,2.44
2014.11.24 15:12:38.331,1.18429,1.18434,1.69,1.00
2014.11.24 15:12:38.382,1.18429,1.18432,1.00,1.00
2014.11.24 15:12:38.433,1.18427,1.18431,1.50,1.50
2014.11.24 15:12:38.635,1.1843,1.18432,1.00,1.00
2014.11.24 15:12:38.837,1.1843,1.18435,2.25,1.25
2014.11.24 15:12:38.938,1.18432,1.18436,1.00,1.00
2014.11.24 15:12:39.242,1.1843,1.18436,2.25,1.50
2014.11.24 15:12:39.343,1.18432,1.18436,1.00,1.00
2014.11.24 15:12:39.546,1.18433,1.18438,1.00,2.44
2014.11.24 15:12:40.050,1.18434,1.18438,1.00,1.69
2014.11.24 15:12:40.992,1.18436,1.18438,1.00,1.00
2014.11.24 15:12:41.876,1.18435,1.18438,1.00,1.00
2014.11.24 15:12:42.397,1.18434,1.18438,3.19,1.00
2014.11.24 15:12:42.769,1.18436,1.1844,1.00,2.25
2014.11.24 15:12:43.124,1.18434,1.18439,2.44,2.25
2014.11.24 15:12:43.174,1.18434,1.18437,2.44,1.00
2014.11.24 15:12:43.326,1.18432,1.18437,1.25,1.00
2014.11.24 15:12:43.630,1.18431,1.18435,1.69,1.00
2014.11.24 15:12:43.781,1.18428,1.18434,1.25,1.50
2014.11.24 15:12:44.249,1.18428,1.18432,2.44,1.00
2014.11.24 15:12:44.757,1.18426,1.1843,3.94,1.00
2014.11.24 15:12:44.909,1.18421,1.18426,1.50,1.00
2014.11.24 15:12:44.960,1.18423,1.18429,7.75,1.25
2014.11.24 15:12:45.061,1.18419,1.18424,2.25,1.00
2014.11.24 15:12:45.737,1.18419,1.18423,3.19,1.00
2014.11.24 15:12:46.400,1.18419,1.18421,1.69,1.00
2014.11.24 15:12:46.451,1.18417,1.18421,1.50,1.50
2014.11.24 15:12:47.936,1.18417,1.18422,3.94,1.00
2014.11.24 15:12:47.987,1.18419,1.18422,1.00,1.00
2014.11.24 15:12:48.501,1.1842,1.18425,1.50,1.00
2014.11.24 15:12:48.905,1.18422,1.18425,1.00,1.00
2014.11.24 15:12:49.259,1.18422,1.18427,1.50,2.44
2014.11.24 15:12:49.794,1.18423,1.18427,1.00,2.44
2014.11.24 15:12:50.296,1.18422,1.18426,1.50,1.00
2014.11.24 15:12:50.801,1.18422,1.18427,1.50,2.25
2014.11.24 15:12:51.710,1.18422,1.18426,1.00,1.50
2014.11.24 15:12:51.812,1.1842,1.18424,3.94,1.00
2014.11.24 15:12:52.015,1.18418,1.18423,3.00,1.00
2014.11.24 15:12:52.521,1.18418,1.18422,2.25,1.00
2014.11.24 15:12:53.901,1.18419,1.18423,1.00,2.44
2014.11.24 15:12:54.730,1.18418,1.18422,1.50,1.00
2014.11.24 15:12:54.983,1.18418,1.1842,1.50,1.00
2014.11.24 15:12:55.085,1.18415,1.18418,1.50,1.00
2014.11.24 15:12:55.590,1.18414,1.18418,1.00,1.25
2014.11.24 15:12:55.792,1.18412,1.18417,1.50,1.25
2014.11.24 15:12:56.248,1.18414,1.18417,1.00,1.25
2014.11.24 15:12:56.401,1.18414,1.18419,1.50,2.44
2014.11.24 15:12:56.754,1.18416,1.18419,1.00,1.25
2014.11.24 15:12:57.007,1.18416,1.18421,1.00,2.44
2014.11.24 15:12:57.260,1.18419,1.18423,1.00,2.44
2014.11.24 15:12:58.352,1.18419,1.18422,1.00,1.00
2014.11.24 15:12:58.656,1.18421,1.18423,1.00,1.00
2014.11.24 15:12:59.718,1.18421,1.18425,1.00,1.50
2014.11.24 15:13:00.224,1.18421,1.18424,1.00,1.00
2014.11.24 15:13:01.251,1.18422,1.18424,1.00,1.00
2014.11.24 15:13:01.762,1.18422,1.18425,1.00,1.00
2014.11.24 15:13:02.689,1.18423,1.18425,1.50,1.00
2014.11.24 15:13:03.195,1.18423,1.18426,1.00,1.00
2014.11.24 15:13:03.785,1.18423,1.18425,1.00,1.00
2014.11.24 15:13:06.108,1.18421,1.18424,1.50,1.00
2014.11.24 15:13:06.990,1.18421,1.18425,1.50,1.00
2014.11.24 15:13:09.113,1.18421,1.18424,1.00,1.00
2014.11.24 15:13:09.416,1.18421,1.18422,1.00,1.00
2014.11.24 15:13:09.518,1.18419,1.18422,1.00,1.00
2014.11.24 15:13:09.720,1.18417,1.18419,1.00,1.00
2014.11.24 15:13:09.923,1.18412,1.18415,1.00,1.00
2014.11.24 15:13:10.479,1.18411,1.18413,1.00,1.00
2014.11.24 15:13:11.404,1.1841,1.18413,1.00,1.00
2014.11.24 15:13:11.920,1.18409,1.18413,1.25,1.00
2014.11.24 15:13:12.693,1.18409,1.18414,1.00,3.94
2014.11.24 15:13:13.198,1.1841,1.18415,1.50,3.94
2014.11.24 15:13:13.349,1.18412,1.18415,1.00,1.00
2014.11.24 15:13:13.699,1.18416,1.18417,1.00,1.00
2014.11.24 15:13:14.203,1.18416,1.1842,1.00,2.44
2014.11.24 15:13:14.733,1.18416,1.18419,1.50,1.00
2014.11.24 15:13:15.086,1.18416,1.18421,1.50,1.50
2014.11.24 15:13:15.292,1.18418,1.18422,1.00,1.00
2014.11.24 15:13:15.443,1.18419,1.18424,1.50,2.44
2014.11.24 15:13:15.696,1.18421,1.18426,1.00,3.94
2014.11.24 15:13:16.201,1.18421,1.18425,1.00,1.00
2014.11.24 15:13:16.706,1.18421,1.18426,1.00,1.00
2014.11.24 15:13:17.110,1.1842,1.18424,1.50,1.00
2014.11.24 15:13:17.918,1.1842,1.18423,1.00,1.00
2014.11.24 15:13:18.450,1.18419,1.18423,1.00,1.00
2014.11.24 15:13:19.858,1.18418,1.18422,1.00,1.00
2014.11.24 15:13:20.313,1.18416,1.18421,2.25,1.50
2014.11.24 15:13:20.566,1.18414,1.18417,3.19,5.50
2014.11.24 15:13:20.667,1.18412,1.18415,1.00,1.50
2014.11.24 15:13:20.869,1.18408,1.18413,1.50,1.00
2014.11.24 15:13:21.071,1.1841,1.18413,1.00,1.00
2014.11.24 15:13:21.775,1.18409,1.18413,2.44,1.00
2014.11.24 15:13:22.583,1.1841,1.18413,1.00,1.00
2014.11.24 15:13:23.088,1.18408,1.18413,3.19,2.25
2014.11.24 15:13:23.593,1.18409,1.18413,1.00,1.50
2014.11.24 15:13:24.704,1.18408,1.18411,1.00,1.00
2014.11.24 15:13:24.906,1.18408,1.18413,1.69,2.25
2014.11.24 15:13:25.561,1.18409,1.18413,1.00,1.50
2014.11.24 15:13:25.662,1.1841,1.18416,1.50,2.25
2014.11.24 15:13:25.713,1.18412,1.18416,1.00,1.50
2014.11.24 15:13:26.016,1.18413,1.18418,3.19,1.50
2014.11.24 15:13:26.541,1.18416,1.1842,1.00,3.00
2014.11.24 15:13:26.845,1.18421,1.18422,1.25,1.00
2014.11.24 15:13:27.098,1.18422,1.18426,1.25,1.50
2014.11.24 15:13:27.604,1.18422,1.18427,1.00,3.00
2014.11.24 15:13:28.110,1.18421,1.18427,3.19,2.25
2014.11.24 15:13:28.564,1.18424,1.18427,2.25,1.00
2014.11.24 15:13:28.906,1.18429,1.18434,1.25,1.00
2014.11.24 15:13:29.058,1.18431,1.18434,1.25,1.00
2014.11.24 15:13:29.563,1.1843,1.18434,1.25,1.00
2014.11.24 15:13:30.471,1.1843,1.18435,1.00,1.00
2014.11.24 15:13:30.977,1.18431,1.18436,1.69,1.00
2014.11.24 15:13:31.735,1.18432,1.18436,1.00,1.00
2014.11.24 15:13:32.240,1.18433,1.18436,1.00,1.00
2014.11.24 15:13:32.291,1.18433,1.18438,1.50,1.00
2014.11.24 15:13:33.306,1.18432,1.18437,1.00,1.00
2014.11.24 15:13:33.862,1.18431,1.18436,4.69,1.00
2014.11.24 15:13:36.439,1.18432,1.18436,1.00,1.00
2014.11.24 15:13:37.189,1.18431,1.18436,1.69,1.50
2014.11.24 15:13:37.701,1.18434,1.18438,1.00,3.19
2014.11.24 15:13:38.207,1.18433,1.18438,1.69,2.25
2014.11.24 15:13:38.712,1.18434,1.18438,1.00,1.50
2014.11.24 15:13:39.024,1.18433,1.18436,1.00,1.00
2014.11.24 15:13:39.378,1.18431,1.18436,1.50,1.00
2014.11.24 15:13:39.883,1.18432,1.18436,1.00,1.00
2014.11.24 15:13:40.388,1.18431,1.18436,1.25,1.00
2014.11.24 15:13:40.563,1.18432,1.18438,2.25,3.94
2014.11.24 15:13:41.361,1.18433,1.18438,1.00,2.44
2014.11.24 15:13:41.765,1.18433,1.18436,1.00,1.00
2014.11.24 15:13:42.270,1.18432,1.18438,2.25,2.44
2014.11.24 15:13:42.474,1.18432,1.18436,1.00,1.00
2014.11.24 15:13:42.627,1.1843,1.18436,3.94,1.50
2014.11.24 15:13:42.778,1.1843,1.18434,3.19,1.00
2014.11.24 15:13:44.280,1.18431,1.18434,1.00,1.00
2014.11.24 15:13:44.786,1.1843,1.18434,2.25,1.00
2014.11.24 15:13:45.493,1.18429,1.18432,2.25,1.00
2014.11.24 15:13:45.797,1.18421,1.18426,2.44,2.50
2014.11.24 15:13:47.272,1.18422,1.18425,1.00,1.00
2014.11.24 15:13:47.883,1.18423,1.18425,1.50,1.00
2014.11.24 15:13:47.984,1.18423,1.18427,2.25,1.00
2014.11.24 15:13:48.287,1.18423,1.18425,1.00,1.00
2014.11.24 15:13:48.337,1.18421,1.18425,2.44,1.00
2014.11.24 15:13:51.712,1.18419,1.18423,2.25,1.50
2014.11.24 15:13:52.419,1.18419,1.18421,1.00,1.00
2014.11.24 15:13:53.036,1.18418,1.18421,1.50,1.00
2014.11.24 15:13:54.200,1.18419,1.18421,1.00,1.00
2014.11.24 15:13:57.232,1.18417,1.18421,3.19,1.50
2014.11.24 15:13:58.853,1.18417,1.1842,2.44,1.00
2014.11.24 15:13:59.359,1.18417,1.18421,1.50,1.50
2014.11.24 15:14:00.680,1.18417,1.18419,1.00,1.00
2014.11.24 15:14:00.882,1.18415,1.18419,1.50,2.25
2014.11.24 15:14:02.096,1.18416,1.18419,1.00,1.50
2014.11.24 15:14:02.348,1.18418,1.18421,1.00,1.50
2014.11.24 15:14:02.988,1.18418,1.18422,1.00,3.19
2014.11.24 15:14:03.392,1.1842,1.18422,1.00,1.00
2014.11.24 15:14:03.443,1.1842,1.18424,1.50,3.00
2014.11.24 15:14:04.099,1.18421,1.18424,1.00,1.00
2014.11.24 15:14:04.353,1.18422,1.18426,1.50,2.25
2014.11.24 15:14:04.888,1.18423,1.18426,1.00,1.50
2014.11.24 15:14:05.406,1.18424,1.18426,1.00,1.00
2014.11.24 15:14:06.021,1.18426,1.18428,1.00,1.69
2014.11.24 15:14:06.123,1.18427,1.18431,1.50,1.50
2014.11.24 15:14:06.936,1.18425,1.18427,1.00,1.50
2014.11.24 15:14:06.991,1.18423,1.18427,1.00,2.25
2014.11.24 15:14:08.975,1.18423,1.18426,1.00,1.00
2014.11.24 15:14:09.127,1.18421,1.18425,2.44,1.00
2014.11.24 15:14:15.447,1.18421,1.18423,3.19,1.00
2014.11.24 15:14:15.498,1.18419,1.18423,3.19,1.00
2014.11.24 15:14:17.502,1.18419,1.18423,3.19,2.50
2014.11.24 15:14:18.007,1.18419,1.18423,1.50,2.25
2014.11.24 15:14:18.538,1.18419,1.18423,1.00,2.25
2014.11.24 15:14:19.415,1.18419,1.18422,1.00,1.50
2014.11.24 15:14:19.569,1.18417,1.18422,3.94,3.75
2014.11.24 15:14:21.460,1.18418,1.18422,1.00,3.25
2014.11.24 15:14:21.813,1.18419,1.18423,3.00,1.50
2014.11.24 15:14:22.170,1.18421,1.18423,1.00,1.00
2014.11.24 15:14:23.520,1.18421,1.18425,1.50,2.25
2014.11.24 15:14:24.033,1.18422,1.18425,1.00,1.00
2014.11.24 15:14:24.336,1.18424,1.18426,1.50,1.00
2014.11.24 15:14:24.387,1.18424,1.18428,2.25,3.00
2014.11.24 15:14:24.892,1.18424,1.18427,1.00,1.00
2014.11.24 15:14:25.398,1.18427,1.18429,1.00,1.00
2014.11.24 15:14:25.450,1.18428,1.18432,1.50,1.00
2014.11.24 15:14:25.500,1.1843,1.18433,1.00,1.00
2014.11.24 15:14:26.005,1.1843,1.18434,1.00,1.00
2014.11.24 15:14:26.511,1.1843,1.18433,1.00,1.00
2014.11.24 15:14:27.047,1.18429,1.18432,1.50,1.00
2014.11.24 15:14:28.648,1.18428,1.18432,3.19,1.00
2014.11.24 15:14:29.153,1.18429,1.18432,1.00,1.00
2014.11.24 15:14:30.880,1.18428,1.18432,2.44,1.50
2014.11.24 15:14:31.224,1.18425,1.18428,1.00,3.19
2014.11.24 15:14:31.275,1.18422,1.18426,1.00,1.50
2014.11.24 15:14:31.477,1.18425,1.18426,1.00,1.00
2014.11.24 15:14:31.578,1.18425,1.18428,3.94,1.00
2014.11.24 15:14:31.882,1.18428,1.18431,1.00,1.00
2014.11.24 15:14:32.393,1.18428,1.18432,1.00,1.50
2014.11.24 15:14:32.770,1.1843,1.18432,1.00,1.50
2014.11.24 15:14:32.871,1.18428,1.18432,1.50,3.00
2014.11.24 15:14:33.275,1.18427,1.18431,1.00,1.50
2014.11.24 15:14:34.386,1.18426,1.1843,2.25,1.50
2014.11.24 15:14:34.690,1.18421,1.18425,1.00,1.50
2014.11.24 15:14:34.994,1.18425,1.18429,2.44,1.00
2014.11.24 15:14:35.297,1.18428,1.18431,1.00,1.00
2014.11.24 15:14:35.802,1.18428,1.18432,2.44,1.00
2014.11.24 15:14:36.307,1.18429,1.18432,1.00,1.00
2014.11.24 15:14:37.620,1.18428,1.18432,3.94,1.50
2014.11.24 15:14:37.923,1.18428,1.1843,1.50,1.00
2014.11.24 15:14:38.420,1.18423,1.18427,6.94,2.25
2014.11.24 15:14:38.947,1.18424,1.18427,1.00,1.00
2014.11.24 15:14:39.704,1.18426,1.18427,1.00,1.00
2014.11.24 15:14:39.805,1.18427,1.18429,1.00,1.00
2014.11.24 15:14:39.906,1.18428,1.18431,1.00,1.50
2014.11.24 15:14:40.210,1.1843,1.18433,1.00,1.00
2014.11.24 15:14:40.715,1.18431,1.18434,1.50,1.00
2014.11.24 15:14:41.228,1.18431,1.18435,1.50,1.50
2014.11.24 15:14:41.987,1.18432,1.18435,1.00,1.00
2014.11.24 15:14:42.695,1.18433,1.18435,1.00,1.00
2014.11.24 15:14:43.437,1.18432,1.18435,1.00,1.00
2014.11.24 15:14:43.944,1.18433,1.18435,1.00,1.00
2014.11.24 15:14:44.702,1.18432,1.18435,1.00,1.00
2014.11.24 15:14:45.235,1.18431,1.18435,2.25,1.00
2014.11.24 15:14:46.009,1.18432,1.18435,1.00,1.00
2014.11.24 15:14:46.312,1.18434,1.18437,1.00,1.69
2014.11.24 15:14:46.844,1.18435,1.18438,1.00,1.00
2014.11.24 15:14:47.350,1.18435,1.18439,1.50,2.44
2014.11.24 15:14:48.221,1.18435,1.18437,1.00,1.00
2014.11.24 15:14:48.575,1.18435,1.18439,1.00,1.69
2014.11.24 15:14:48.726,1.18437,1.18438,1.00,1.00
2014.11.24 15:14:48.801,1.18437,1.1844,1.00,1.69
2014.11.24 15:14:49.003,1.18437,1.18438,1.00,1.00
2014.11.24 15:14:49.105,1.18435,1.18439,4.69,1.50
2014.11.24 15:14:49.660,1.18435,1.18438,3.94,1.00
2014.11.24 15:14:50.168,1.18435,1.18439,2.44,1.00
2014.11.24 15:14:50.961,1.18435,1.18438,2.44,1.00
2014.11.24 15:14:51.988,1.18435,1.18439,1.00,2.25
2014.11.24 15:14:52.521,1.18435,1.18438,1.00,1.00
2014.11.24 15:14:53.293,1.18435,1.18437,1.50,1.00
2014.11.24 15:14:54.080,1.18435,1.18438,1.00,1.50
2014.11.24 15:14:54.181,1.18435,1.18436,1.00,1.00
2014.11.24 15:14:55.072,1.18435,1.18438,1.00,1.50
2014.11.24 15:14:55.577,1.18435,1.18437,1.00,1.00
2014.11.24 15:14:56.038,1.18433,1.18437,1.00,1.00
2014.11.24 15:14:59.752,1.18433,1.18436,1.00,1.00
2014.11.24 15:15:00.055,1.18431,1.18435,3.19,1.00
2014.11.24 15:15:00.358,1.18429,1.18432,1.00,1.00
2014.11.24 15:15:00.561,1.18427,1.1843,1.00,1.50
2014.11.24 15:15:01.902,1.18428,1.1843,1.69,1.00
2014.11.24 15:15:02.508,1.18429,1.18431,1.00,1.00
2014.11.24 15:15:02.559,1.18429,1.18432,1.50,1.00
2014.11.24 15:15:03.680,1.1843,1.18432,1.00,1.50
2014.11.24 15:15:04.084,1.18431,1.18434,1.00,1.00
2014.11.24 15:15:05.570,1.18432,1.18434,1.00,1.00
2014.11.24 15:15:05.773,1.18433,1.18436,1.69,1.00
2014.11.24 15:15:06.288,1.18434,1.18436,1.00,1.00
2014.11.24 15:15:06.651,1.18434,1.18438,4.69,1.50
2014.11.24 15:15:06.803,1.18436,1.18438,1.00,1.50
2014.11.24 15:15:07.317,1.18435,1.18438,3.94,1.50
2014.11.24 15:15:08.285,1.18436,1.18439,3.94,1.00
2014.11.24 15:15:08.689,1.18439,1.18442,1.00,1.00
2014.11.24 15:15:08.904,1.18442,1.18443,3.19,1.50
2014.11.24 15:15:08.956,1.18442,1.18445,3.19,1.00
2014.11.24 15:15:09.261,1.18442,1.18443,2.44,3.00
2014.11.24 15:15:09.312,1.1844,1.18442,1.00,1.00
2014.11.24 15:15:09.363,1.18437,1.18441,2.25,1.00
2014.11.24 15:15:12.819,1.18438,1.18441,1.00,1.50
2014.11.24 15:15:13.282,1.18436,1.18439,1.69,1.00
2014.11.24 15:15:14.296,1.18435,1.18439,4.69,1.00
2014.11.24 15:15:14.700,1.18437,1.1844,1.00,1.50
2014.11.24 15:15:15.236,1.18437,1.18441,1.00,1.00
2014.11.24 15:15:15.540,1.1844,1.18443,1.00,1.00
2014.11.24 15:15:16.621,1.18439,1.18443,1.69,1.00
2014.11.24 15:15:17.046,1.18438,1.18441,3.19,1.00
2014.11.24 15:15:17.551,1.18437,1.18441,2.44,1.00
2014.11.24 15:15:19.344,1.18439,1.18442,1.00,1.50
2014.11.24 15:15:19.445,1.18437,1.18442,2.44,1.50
2014.11.24 15:15:20.000,1.18437,1.18441,1.69,1.00
2014.11.24 15:15:20.505,1.18437,1.1844,1.00,1.00
2014.11.24 15:15:20.758,1.18435,1.18439,1.69,1.50
2014.11.24 15:15:21.263,1.18435,1.18438,1.00,1.00
2014.11.24 15:15:21.365,1.18433,1.18437,2.44,1.50
2014.11.24 15:15:23.227,1.18435,1.18438,1.00,2.44
2014.11.24 15:15:23.329,1.18435,1.1844,1.50,3.00
2014.11.24 15:15:24.232,1.18435,1.18439,2.44,1.00
2014.11.24 15:15:24.888,1.18435,1.18438,1.69,1.00
2014.11.24 15:15:26.349,1.18434,1.18437,1.00,1.00
2014.11.24 15:15:26.400,1.18432,1.18437,1.00,3.19
2014.11.24 15:15:26.905,1.18432,1.18436,1.00,1.00
2014.11.24 15:15:28.015,1.18432,1.18435,1.00,1.00
2014.11.24 15:15:28.520,1.18431,1.18436,3.19,2.44
2014.11.24 15:15:28.772,1.18433,1.18437,1.00,3.19
2014.11.24 15:15:29.302,1.18432,1.18437,3.19,3.94
2014.11.24 15:15:31.010,1.18432,1.18434,1.69,1.00
2014.11.24 15:15:32.123,1.18432,1.18435,1.00,1.00
2014.11.24 15:15:32.957,1.18431,1.18435,4.69,1.00
2014.11.24 15:15:33.474,1.18431,1.18436,4.69,2.44
2014.11.24 15:15:33.992,1.18432,1.18436,1.25,1.50
2014.11.24 15:15:34.968,1.18433,1.18436,1.00,1.50
2014.11.24 15:15:39.641,1.18433,1.18435,1.00,1.00
2014.11.24 15:15:39.692,1.18431,1.18435,1.00,1.00
2014.11.24 15:15:39.894,1.18429,1.18434,2.44,1.50
2014.11.24 15:15:39.995,1.18427,1.1843,2.25,1.00
2014.11.24 15:15:40.298,1.18421,1.18425,1.00,1.00
2014.11.24 15:15:40.349,1.1842,1.18423,2.25,1.00
2014.11.24 15:15:40.806,1.18418,1.18422,1.50,1.00
2014.11.24 15:15:41.314,1.18418,1.18421,1.00,1.00
2014.11.24 15:15:42.073,1.18417,1.18421,1.50,1.50
2014.11.24 15:15:43.439,1.18417,1.18422,1.69,1.50
2014.11.24 15:15:43.641,1.18419,1.18424,1.00,2.25
2014.11.24 15:15:44.191,1.1842,1.18424,1.00,1.50
2014.11.24 15:15:44.697,1.18421,1.18424,1.00,1.00
2014.11.24 15:15:45.304,1.1842,1.18424,1.00,1.50
2014.11.24 15:15:47.045,1.18419,1.18424,2.44,1.50
2014.11.24 15:15:48.587,1.1842,1.18424,1.00,2.25
2014.11.24 15:15:49.108,1.18419,1.18423,1.50,1.00
2014.11.24 15:15:49.411,1.18417,1.18422,3.19,1.50
2014.11.24 15:15:49.916,1.18416,1.1842,3.00,1.00
2014.11.24 15:15:51.632,1.18416,1.18419,2.25,1.00
2014.11.24 15:15:52.238,1.18415,1.18419,3.19,1.00
2014.11.24 15:15:55.233,1.18414,1.18418,1.50,1.00
2014.11.24 15:15:55.740,1.18415,1.18419,1.00,1.50
2014.11.24 15:15:58.257,1.18415,1.1842,1.50,1.50
2014.11.24 15:15:58.964,1.18416,1.1842,1.00,1.50
2014.11.24 15:15:59.486,1.18415,1.1842,1.50,1.50
2014.11.24 15:16:02.272,1.18415,1.18419,1.00,1.00
2014.11.24 15:16:02.776,1.18415,1.1842,1.00,2.25
2014.11.24 15:16:03.292,1.18414,1.18419,1.69,1.50
2014.11.24 15:16:03.595,1.18411,1.18413,1.00,1.00
2014.11.24 15:16:03.697,1.18404,1.18409,2.25,2.44
2014.11.24 15:16:04.101,1.18402,1.18408,2.25,1.50
2014.11.24 15:16:04.656,1.18403,1.18408,1.00,1.00
2014.11.24 15:16:05.188,1.18402,1.18408,1.50,1.50
2014.11.24 15:16:07.246,1.18402,1.18407,1.69,1.00
2014.11.24 15:16:07.751,1.18402,1.18406,1.00,1.00
2014.11.24 15:16:08.559,1.18402,1.18408,1.50,1.50
2014.11.24 15:16:08.862,1.18404,1.18409,1.50,1.00
2014.11.24 15:16:09.594,1.18405,1.1841,1.00,3.94
2014.11.24 15:16:10.705,1.18406,1.1841,1.00,1.00
2014.11.24 15:16:12.182,1.18405,1.1841,1.50,1.00
2014.11.24 15:16:12.644,1.18407,1.18412,1.50,1.69
2014.11.24 15:16:12.947,1.18414,1.18419,1.00,1.00
2014.11.24 15:16:13.099,1.18415,1.18421,2.44,2.25
2014.11.24 15:16:13.628,1.18415,1.1842,1.00,1.00
2014.11.24 15:16:14.135,1.18415,1.18421,1.50,2.44
2014.11.24 15:16:14.438,1.18415,1.18419,1.00,1.00
2014.11.24 15:16:15.808,1.18415,1.1842,2.25,1.25
2014.11.24 15:16:16.971,1.18418,1.1842,1.00,1.00
2014.11.24 15:16:17.123,1.1842,1.18423,1.00,3.94
2014.11.24 15:16:17.293,1.18417,1.18421,1.25,2.25
2014.11.24 15:16:17.445,1.18415,1.1842,3.00,1.00
2014.11.24 15:16:18.425,1.18415,1.18421,3.00,2.44
2014.11.24 15:16:19.255,1.18415,1.1842,2.25,1.00
2014.11.24 15:16:19.774,1.18416,1.18421,1.00,3.19
2014.11.24 15:16:21.456,1.18417,1.18421,1.50,1.00
2014.11.24 15:16:21.994,1.18417,1.18422,1.50,2.44
2014.11.24 15:16:22.361,1.18419,1.18423,1.00,2.25
2014.11.24 15:16:22.866,1.18419,1.18424,1.00,2.44
2014.11.24 15:16:23.378,1.18419,1.18423,2.25,1.00
2014.11.24 15:16:24.551,1.18419,1.18423,1.50,3.94
2014.11.24 15:16:24.803,1.18417,1.18422,1.50,1.69
2014.11.24 15:16:25.761,1.18417,1.18421,1.50,1.00
2014.11.24 15:16:26.266,1.18417,1.1842,1.00,1.00
2014.11.24 15:16:27.806,1.18417,1.18421,1.00,1.00
2014.11.24 15:16:28.337,1.18417,1.1842,1.00,1.00
2014.11.24 15:16:28.692,1.18415,1.1842,3.19,1.00
2014.11.24 15:16:28.995,1.18413,1.18417,1.69,1.50
2014.11.24 15:16:29.147,1.18409,1.18414,1.00,1.00
2014.11.24 15:16:29.197,1.18408,1.18412,1.00,1.69
2014.11.24 15:16:29.400,1.18406,1.18411,2.25,1.25
2014.11.24 15:16:29.911,1.18407,1.18412,1.50,1.00
2014.11.24 15:16:30.012,1.18407,1.1841,1.00,1.50
2014.11.24 15:16:30.518,1.18407,1.18412,1.00,2.25
2014.11.24 15:16:30.619,1.18409,1.18412,1.00,2.25
2014.11.24 15:16:31.124,1.18409,1.18412,1.00,1.50
2014.11.24 15:16:31.427,1.18408,1.18412,1.00,1.00
2014.11.24 15:16:31.932,1.18408,1.18411,1.00,1.00
2014.11.24 15:16:32.437,1.18407,1.1841,1.00,1.00
2014.11.24 15:16:32.964,1.18406,1.18411,1.50,1.50
2014.11.24 15:16:33.216,1.18404,1.18409,1.00,1.50
2014.11.24 15:16:33.732,1.18405,1.18409,1.00,1.50
2014.11.24 15:16:34.248,1.18405,1.18408,1.00,1.00
2014.11.24 15:16:34.757,1.18404,1.18409,1.00,1.50
2014.11.24 15:16:36.461,1.18405,1.18409,1.00,1.00
2014.11.24 15:16:38.160,1.18403,1.18408,2.44,1.00
2014.11.24 15:16:38.665,1.18404,1.18409,1.00,3.00
2014.11.24 15:16:39.221,1.18404,1.18408,1.00,1.00
2014.11.24 15:16:39.725,1.18403,1.18408,1.50,1.00
2014.11.24 15:16:40.230,1.18404,1.18408,1.00,1.50
2014.11.24 15:16:40.735,1.18403,1.18408,1.50,1.00
2014.11.24 15:16:41.643,1.18402,1.18407,1.00,1.50
2014.11.24 15:16:42.178,1.18401,1.18407,2.44,2.25
2014.11.24 15:16:42.984,1.18401,1.18406,1.00,1.00
2014.11.24 15:16:43.533,1.18401,1.18407,1.50,1.69
2014.11.24 15:16:44.038,1.18402,1.18407,1.00,1.50
2014.11.24 15:16:44.543,1.18401,1.18407,2.25,1.50
2014.11.24 15:16:44.593,1.18401,1.18407,1.50,3.25
2014.11.24 15:16:44.644,1.18397,1.18403,2.25,1.50
2014.11.24 15:16:44.695,1.18399,1.18402,1.00,2.25
2014.11.24 15:16:44.796,1.18395,1.18401,3.19,2.25
2014.11.24 15:16:45.049,1.18391,1.18398,2.44,3.75
2014.11.24 15:16:45.516,1.18392,1.18398,3.94,2.25
2014.11.24 15:16:45.567,1.18394,1.18398,2.44,2.25
2014.11.24 15:16:45.668,1.18395,1.184,2.25,1.00
2014.11.24 15:16:45.719,1.18398,1.18402,1.00,1.00
2014.11.24 15:16:46.050,1.18396,1.18402,1.25,6.25
2014.11.24 15:16:46.555,1.18394,1.18402,3.94,6.75
2014.11.24 15:16:46.859,1.18399,1.18404,3.19,1.00
2014.11.24 15:16:47.162,1.184,1.18405,3.19,1.00
2014.11.24 15:16:47.616,1.18401,1.18407,3.19,1.00
2014.11.24 15:16:47.667,1.18402,1.18407,2.44,1.00
2014.11.24 15:16:48.677,1.18402,1.18407,2.44,1.00
2014.11.24 15:16:49.675,1.18403,1.18407,2.44,1.00
2014.11.24 15:16:49.979,1.184,1.18406,3.19,4.50
2014.11.24 15:16:50.439,1.18401,1.18406,3.19,1.50
2014.11.24 15:16:50.944,1.18401,1.18405,3.19,1.00
2014.11.24 15:16:51.874,1.184,1.18404,4.69,1.00
2014.11.24 15:16:51.925,1.184,1.18402,3.94,1.00
2014.11.24 15:16:52.078,1.18398,1.18403,3.94,1.50
2014.11.24 15:16:52.331,1.18398,1.18401,2.44,1.00
2014.11.24 15:16:52.533,1.18396,1.184,1.25,2.25
2014.11.24 15:16:52.584,1.18394,1.184,3.00,3.00
2014.11.24 15:16:52.786,1.18398,1.184,2.44,1.00
2014.11.24 15:16:52.837,1.18398,1.18402,2.44,1.50
2014.11.24 15:16:53.161,1.18398,1.184,2.44,1.00
2014.11.24 15:16:53.212,1.18396,1.184,1.50,1.00
2014.11.24 15:16:53.314,1.18394,1.184,1.00,1.50
2014.11.24 15:16:53.467,1.18393,1.18398,1.25,1.00
2014.11.24 15:16:54.086,1.18392,1.18398,3.19,1.00
2014.11.24 15:16:54.592,1.18393,1.18398,3.19,1.00
2014.11.24 15:16:54.896,1.18399,1.18404,3.19,1.50
2014.11.24 15:16:55.401,1.184,1.18405,2.44,2.25
2014.11.24 15:16:55.905,1.18401,1.18405,1.00,1.00
2014.11.24 15:16:58.005,1.18401,1.18406,2.44,1.00
2014.11.24 15:16:58.510,1.18402,1.18407,1.00,1.50
2014.11.24 15:16:59.015,1.18401,1.18406,1.69,1.50
2014.11.24 15:16:59.519,1.18401,1.18405,2.25,1.00
2014.11.24 15:17:00.735,1.18401,1.18404,1.00,1.00
2014.11.24 15:17:01.267,1.18401,1.18405,1.00,1.50
2014.11.24 15:17:02.024,1.18401,1.18404,1.00,1.00
2014.11.24 15:17:02.529,1.18401,1.18403,1.00,1.00
2014.11.24 15:17:02.832,1.18401,1.18405,1.00,1.00
2014.11.24 15:17:03.136,1.18403,1.18406,1.00,1.00
2014.11.24 15:17:03.237,1.18404,1.18408,1.00,1.00
2014.11.24 15:17:03.742,1.18403,1.18408,1.00,1.00
2014.11.24 15:17:04.247,1.18403,1.18409,2.25,2.25
2014.11.24 15:17:04.752,1.18403,1.18408,1.69,1.50
2014.11.24 15:17:05.257,1.18403,1.18407,1.25,1.00
2014.11.24 15:17:05.762,1.18402,1.18406,1.00,1.50
2014.11.24 15:17:06.297,1.18401,1.18405,1.00,1.00
2014.11.24 15:17:07.309,1.184,1.18406,1.69,1.00
2014.11.24 15:17:07.855,1.184,1.18405,2.44,1.00
2014.11.24 15:17:08.361,1.184,1.18406,1.69,1.50
2014.11.24 15:17:09.435,1.184,1.18404,2.25,1.00
2014.11.24 15:17:09.738,1.18398,1.18402,1.00,1.00
2014.11.24 15:17:10.266,1.18396,1.18401,3.94,1.50
2014.11.24 15:17:10.771,1.18398,1.18401,1.00,1.00
2014.11.24 15:17:11.276,1.18397,1.18401,3.94,1.00
2014.11.24 15:17:11.579,1.18399,1.18403,3.19,1.00
2014.11.24 15:17:11.629,1.184,1.18405,1.00,3.00
2014.11.24 15:17:12.134,1.18401,1.18405,1.00,1.00
2014.11.24 15:17:12.650,1.18402,1.18406,1.00,1.00
2014.11.24 15:17:13.926,1.18402,1.18407,1.50,1.50
2014.11.24 15:17:14.434,1.18401,1.18406,2.25,1.00
2014.11.24 15:17:15.241,1.18401,1.18407,2.25,2.44
2014.11.24 15:17:15.749,1.18402,1.18407,1.00,2.44
2014.11.24 15:17:16.256,1.18403,1.18407,1.00,1.69
2014.11.24 15:17:19.251,1.18403,1.18408,1.50,1.00
2014.11.24 15:17:19.756,1.18404,1.18408,1.00,1.69
2014.11.24 15:17:20.171,1.18402,1.18407,1.50,1.50
2014.11.24 15:17:21.687,1.18401,1.18406,3.19,1.00
2014.11.24 15:17:22.192,1.18401,1.18405,1.69,1.00
2014.11.24 15:17:22.697,1.184,1.18405,1.00,2.25
2014.11.24 15:17:25.812,1.18401,1.18405,1.00,1.00
2014.11.24 15:17:26.449,1.18399,1.18403,3.19,1.00
2014.11.24 15:17:26.752,1.18401,1.18405,1.00,1.69
2014.11.24 15:17:27.156,1.18399,1.18403,1.50,1.00
2014.11.24 15:17:27.459,1.18399,1.18405,2.25,1.69
2014.11.24 15:17:28.320,1.18401,1.18405,1.00,1.50
2014.11.24 15:17:28.824,1.18401,1.18407,2.25,1.69
2014.11.24 15:17:29.329,1.18402,1.18407,1.00,1.69
2014.11.24 15:17:30.363,1.18402,1.18406,1.00,1.00
2014.11.24 15:17:31.272,1.18403,1.18406,1.00,1.00
2014.11.24 15:17:31.675,1.18403,1.18408,2.17,2.25
2014.11.24 15:17:32.180,1.18404,1.18408,1.42,1.00
2014.11.24 15:17:33.139,1.18403,1.18408,3.19,1.00
2014.11.24 15:17:33.687,1.18404,1.18408,1.00,1.00
2014.11.24 15:17:34.197,1.18405,1.18408,1.00,1.00
2014.11.24 15:17:34.299,1.18407,1.1841,1.00,1.00
2014.11.24 15:17:34.602,1.18411,1.18412,1.00,1.00
2014.11.24 15:17:34.703,1.18413,1.18419,5.44,1.50
2014.11.24 15:17:34.754,1.18415,1.18419,1.50,1.50
2014.11.24 15:17:34.805,1.18415,1.18421,1.50,2.25
2014.11.24 15:17:34.906,1.18417,1.18421,1.00,2.25
2014.11.24 15:17:35.361,1.18415,1.1842,1.00,2.25
2014.11.24 15:17:35.462,1.18414,1.18418,1.00,1.00
2014.11.24 15:17:35.563,1.18412,1.18418,1.00,4.00
2014.11.24 15:17:36.096,1.18413,1.18418,1.00,2.25
2014.11.24 15:17:36.500,1.18411,1.18417,1.50,3.00
2014.11.24 15:17:37.005,1.18411,1.18416,1.00,1.69
2014.11.24 15:17:37.308,1.18409,1.18415,2.25,4.69
2014.11.24 15:17:37.611,1.18407,1.18413,1.50,6.19
2014.11.24 15:17:37.713,1.18405,1.18412,2.44,1.69
2014.11.24 15:17:38.016,1.18407,1.18412,1.00,3.94
2014.11.24 15:17:38.520,1.18406,1.18411,1.50,1.50
2014.11.24 15:17:39.732,1.18407,1.1841,1.00,1.00
2014.11.24 15:17:40.314,1.18407,1.18411,1.00,2.25
2014.11.24 15:17:42.031,1.18406,1.18411,1.00,2.25
2014.11.24 15:17:42.536,1.18406,1.1841,1.00,1.50
2014.11.24 15:17:43.041,1.18405,1.18409,1.50,1.50
2014.11.24 15:17:43.584,1.18405,1.18408,1.00,1.00
2014.11.24 15:17:43.887,1.18405,1.18406,1.00,1.00
2014.11.24 15:17:43.937,1.18405,1.18408,1.00,1.50
2014.11.24 15:17:45.149,1.18405,1.18409,2.25,2.25
2014.11.24 15:17:46.563,1.18405,1.18408,1.50,1.00
2014.11.24 15:17:47.067,1.18406,1.18409,1.00,1.00
2014.11.24 15:17:49.580,1.18405,1.18409,1.50,2.25
2014.11.24 15:17:50.249,1.18405,1.18408,1.00,1.50
2014.11.24 15:17:51.632,1.18404,1.18408,1.69,1.00
2014.11.24 15:17:51.682,1.18407,1.18409,1.00,1.00
2014.11.24 15:17:51.884,1.1841,1.18414,1.00,1.00
2014.11.24 15:17:52.390,1.18411,1.18415,1.00,2.44
2014.11.24 15:17:52.894,1.1841,1.18414,3.94,1.00
2014.11.24 15:17:53.299,1.18412,1.18415,3.19,1.00
2014.11.24 15:17:53.451,1.18413,1.18417,1.00,1.00
2014.11.24 15:17:53.956,1.18413,1.18418,1.69,4.69
2014.11.24 15:17:54.181,1.18415,1.18418,1.00,2.44
2014.11.24 15:17:54.687,1.18414,1.18417,1.25,1.00
2014.11.24 15:17:55.091,1.18412,1.18416,3.19,1.00
2014.11.24 15:17:55.596,1.18413,1.18417,2.25,1.00
2014.11.24 15:17:56.000,1.18415,1.18417,1.00,1.00
2014.11.24 15:17:56.101,1.18415,1.18419,1.00,3.19
2014.11.24 15:17:57.800,1.18416,1.1842,1.00,2.25
2014.11.24 15:17:58.002,1.18414,1.18418,3.19,1.00
2014.11.24 15:17:58.306,1.18414,1.18416,1.00,1.00
2014.11.24 15:17:58.669,1.18412,1.18416,2.25,1.50
2014.11.24 15:17:59.081,1.18412,1.18414,1.00,1.00
2014.11.24 15:17:59.131,1.1841,1.18413,1.00,1.00
2014.11.24 15:18:00.736,1.18409,1.18413,1.69,1.00
2014.11.24 15:18:01.039,1.18406,1.1841,3.94,1.00
2014.11.24 15:18:02.054,1.18408,1.18411,1.00,1.50
2014.11.24 15:18:02.576,1.18408,1.18412,1.00,1.00
2014.11.24 15:18:04.349,1.18407,1.18411,1.00,1.50
2014.11.24 15:18:04.856,1.18406,1.1841,1.50,1.00
2014.11.24 15:18:05.160,1.18403,1.18407,4.69,1.50
2014.11.24 15:18:05.514,1.18402,1.18407,2.25,1.50
2014.11.24 15:18:06.765,1.18403,1.18407,1.00,2.25
2014.11.24 15:18:07.271,1.18402,1.18407,1.69,2.25
2014.11.24 15:18:07.878,1.18403,1.18407,1.00,2.25
2014.11.24 15:18:08.406,1.18402,1.18406,1.00,1.00
2014.11.24 15:18:08.913,1.18403,1.18406,1.00,1.00
2014.11.24 15:18:09.425,1.18403,1.18407,1.50,1.00
2014.11.24 15:18:11.692,1.18405,1.18408,1.00,1.00
2014.11.24 15:18:12.747,1.18405,1.18409,1.00,2.25
2014.11.24 15:18:13.625,1.18404,1.18408,1.00,1.50
2014.11.24 15:18:14.130,1.18405,1.18409,1.00,3.00
2014.11.24 15:18:14.659,1.18405,1.18408,1.00,1.00
2014.11.24 15:18:15.114,1.18403,1.18408,2.25,1.00
2014.11.24 15:18:15.619,1.18403,1.18407,1.50,1.00
2014.11.24 15:18:16.342,1.18402,1.18407,1.00,2.25
2014.11.24 15:18:16.949,1.18402,1.18405,1.00,1.00
2014.11.24 15:18:17.453,1.18402,1.18406,1.00,1.50
2014.11.24 15:18:17.961,1.18402,1.18407,1.00,1.69
2014.11.24 15:18:18.668,1.18402,1.18406,1.00,1.00
2014.11.24 15:18:18.971,1.18402,1.18406,1.00,1.00
2014.11.24 15:18:19.123,1.18402,1.18404,1.00,1.00
2014.11.24 15:18:19.375,1.18401,1.18405,1.50,1.50
2014.11.24 15:18:21.321,1.18401,1.18404,1.50,1.00
2014.11.24 15:18:21.927,1.18401,1.18402,1.00,1.00
2014.11.24 15:18:22.231,1.18392,1.18397,1.00,1.50
2014.11.24 15:18:22.627,1.18393,1.18399,1.00,2.25
2014.11.24 15:18:23.538,1.18395,1.18399,1.00,2.25
2014.11.24 15:18:23.841,1.18399,1.184,1.00,1.00
2014.11.24 15:18:23.943,1.184,1.18403,1.00,1.00
2014.11.24 15:18:24.095,1.18401,1.18405,1.00,1.50
2014.11.24 15:18:24.247,1.18402,1.18407,1.00,1.00
2014.11.24 15:18:24.752,1.18403,1.18408,1.50,1.00
2014.11.24 15:18:25.256,1.18403,1.18409,1.50,2.25
2014.11.24 15:18:29.044,1.18406,1.1841,1.50,1.00
2014.11.24 15:18:29.146,1.18407,1.18412,1.00,1.69
2014.11.24 15:18:29.652,1.18409,1.18413,1.00,1.69
2014.11.24 15:18:29.753,1.18407,1.18413,1.00,1.50
2014.11.24 15:18:29.855,1.18405,1.18411,1.69,1.50
2014.11.24 15:18:30.309,1.18402,1.18408,1.00,3.75
2014.11.24 15:18:30.363,1.18403,1.18408,1.00,1.00
2014.11.24 15:18:30.869,1.18403,1.18408,1.00,1.00
2014.11.24 15:18:31.071,1.18404,1.18409,1.00,1.50
2014.11.24 15:18:31.223,1.18404,1.18409,1.00,1.00
2014.11.24 15:18:31.324,1.18404,1.18409,1.00,2.25
2014.11.24 15:18:31.527,1.18404,1.18407,1.00,1.00
2014.11.24 15:18:31.830,1.18403,1.18405,1.50,1.00
2014.11.24 15:18:32.083,1.18403,1.18407,1.50,1.50
2014.11.24 15:18:32.765,1.18404,1.18407,1.00,1.00
2014.11.24 15:18:33.879,1.18403,1.18407,1.50,1.50
2014.11.24 15:18:35.811,1.18404,1.18407,1.00,1.00
2014.11.24 15:18:36.316,1.18404,1.18408,1.00,1.69
2014.11.24 15:18:37.952,1.18404,1.18407,1.00,1.00
2014.11.24 15:18:38.466,1.18403,1.18408,1.50,1.00
2014.11.24 15:18:38.719,1.18405,1.18408,1.00,1.00
2014.11.24 15:18:39.225,1.18404,1.18408,1.00,1.00
2014.11.24 15:18:41.180,1.18406,1.18408,1.00,1.00
2014.11.24 15:18:41.433,1.18407,1.18412,1.50,1.00
2014.11.24 15:18:41.887,1.18407,1.1841,1.00,1.00
2014.11.24 15:18:42.090,1.18405,1.18409,1.69,1.00
2014.11.24 15:18:45.919,1.18403,1.18408,1.50,1.00
2014.11.24 15:18:47.656,1.18405,1.18408,1.00,1.00
2014.11.24 15:18:48.162,1.18403,1.18408,1.50,1.00
2014.11.24 15:18:49.474,1.18403,1.18407,1.50,1.00
2014.11.24 15:18:51.183,1.18403,1.18406,1.00,1.00
2014.11.24 15:18:51.688,1.18402,1.18405,1.00,1.00
2014.11.24 15:18:52.192,1.18402,1.18406,1.00,1.00
2014.11.24 15:18:52.590,1.18403,1.18408,1.00,3.19
2014.11.24 15:18:54.207,1.18404,1.18408,1.00,1.00
2014.11.24 15:18:54.736,1.18405,1.18408,1.00,1.00
2014.11.24 15:18:56.281,1.18405,1.18409,1.00,1.50
2014.11.24 15:18:56.383,1.18407,1.18411,7.50,2.44
2014.11.24 15:18:56.543,1.18413,1.18414,1.25,1.00
2014.11.24 15:18:56.594,1.18413,1.18418,1.69,2.25
2014.11.24 15:18:56.847,1.18413,1.18416,1.25,1.00
2014.11.24 15:18:56.999,1.18408,1.18413,2.44,1.00
2014.11.24 15:18:57.101,1.18411,1.18415,1.00,1.69
2014.11.24 15:18:57.405,1.18413,1.18416,1.00,1.00
2014.11.24 15:18:57.910,1.1841,1.18415,1.25,1.50
2014.11.24 15:18:58.011,1.18412,1.18415,1.00,1.00
2014.11.24 15:18:58.162,1.18412,1.18417,1.50,1.50
2014.11.24 15:18:58.668,1.18413,1.18417,1.00,1.50
2014.11.24 15:18:59.794,1.18412,1.18415,1.69,1.00
2014.11.24 15:19:00.139,1.1841,1.18413,1.00,1.00
2014.11.24 15:19:00.341,1.18408,1.18412,1.69,1.00
2014.11.24 15:19:00.874,1.18407,1.18413,1.50,1.50
2014.11.24 15:19:01.437,1.18407,1.18412,1.00,1.00
2014.11.24 15:19:01.943,1.18406,1.18411,1.69,1.00
2014.11.24 15:19:02.296,1.18408,1.18411,1.00,1.50
2014.11.24 15:19:02.448,1.1841,1.18416,5.44,2.44
2014.11.24 15:19:02.826,1.1841,1.18414,1.69,1.00
2014.11.24 15:19:03.130,1.18408,1.18412,1.69,1.50
2014.11.24 15:19:03.889,1.18407,1.18412,1.25,1.50
2014.11.24 15:19:04.394,1.18408,1.18412,1.50,1.50
2014.11.24 15:19:04.647,1.18411,1.18416,1.25,1.50
2014.11.24 15:19:04.748,1.1841,1.18414,1.00,1.00
2014.11.24 15:19:05.202,1.18408,1.18413,1.00,1.00
2014.11.24 15:19:05.555,1.18408,1.18411,1.00,1.00
2014.11.24 15:19:06.060,1.18407,1.18411,1.69,2.25
2014.11.24 15:19:06.593,1.18406,1.1841,1.25,1.00
2014.11.24 15:19:07.646,1.18409,1.18411,1.00,1.50
2014.11.24 15:19:07.747,1.18411,1.18413,1.00,1.00
2014.11.24 15:19:07.848,1.1841,1.18416,4.69,2.25
2014.11.24 15:19:08.060,1.18408,1.18411,1.00,2.50
2014.11.24 15:19:08.110,1.18405,1.18409,1.00,1.00
2014.11.24 15:19:08.615,1.18404,1.1841,3.94,3.00
2014.11.24 15:19:08.868,1.18406,1.1841,1.00,3.00
2014.11.24 15:19:11.372,1.18406,1.18409,1.00,1.00
2014.11.24 15:19:11.888,1.18406,1.1841,1.00,2.25
2014.11.24 15:19:12.394,1.18407,1.18411,1.00,1.50
2014.11.24 15:19:12.916,1.18406,1.1841,1.00,1.50
2014.11.24 15:19:13.674,1.18406,1.18408,1.00,1.00
2014.11.24 15:19:14.431,1.18406,1.18409,1.00,1.00
2014.11.24 15:19:15.654,1.18406,1.1841,1.00,2.25
2014.11.24 15:19:16.521,1.18406,1.18409,1.00,1.00
2014.11.24 15:19:17.048,1.18406,1.18408,1.00,1.00
2014.11.24 15:19:17.603,1.18406,1.18409,1.00,1.00
2014.11.24 15:19:18.158,1.18406,1.1841,1.00,1.50
2014.11.24 15:19:18.815,1.18406,1.18409,1.00,1.00
2014.11.24 15:19:19.118,1.18408,1.1841,1.00,1.50
2014.11.24 15:19:19.269,1.18408,1.18412,1.00,5.44
2014.11.24 15:19:19.774,1.18407,1.18411,1.00,1.00
2014.11.24 15:19:21.193,1.18408,1.18412,1.00,3.19
2014.11.24 15:19:23.844,1.18407,1.18412,2.44,2.25
2014.11.24 15:19:23.996,1.1841,1.18412,1.00,1.50
2014.11.24 15:19:24.249,1.18416,1.18419,1.00,1.00
2014.11.24 15:19:24.451,1.18417,1.18421,3.19,1.00
2014.11.24 15:19:25.037,1.18418,1.18421,1.00,1.00
2014.11.24 15:19:25.644,1.18419,1.18421,1.00,1.00
2014.11.24 15:19:27.044,1.18418,1.18421,2.44,1.00
2014.11.24 15:19:28.053,1.18418,1.18422,1.69,1.50
2014.11.24 15:19:29.071,1.18418,1.18421,2.44,1.00
2014.11.24 15:19:29.727,1.18418,1.18422,1.69,1.00
2014.11.24 15:19:30.233,1.18418,1.18421,1.25,1.00
2014.11.24 15:19:31.025,1.18418,1.18422,1.69,1.00
2014.11.24 15:19:31.914,1.18418,1.18421,1.69,1.00
2014.11.24 15:19:32.470,1.18418,1.18419,1.25,1.00
2014.11.24 15:19:33.480,1.18418,1.1842,1.50,1.00
2014.11.24 15:19:33.985,1.18418,1.18421,1.00,1.00
2014.11.24 15:19:34.779,1.18418,1.1842,1.00,1.00
2014.11.24 15:19:35.334,1.18418,1.18419,1.00,1.00
2014.11.24 15:19:35.839,1.18417,1.1842,3.19,1.00
2014.11.24 15:19:36.355,1.18418,1.1842,1.69,1.00
2014.11.24 15:19:36.657,1.18421,1.18422,1.00,1.00
2014.11.24 15:19:36.860,1.18422,1.18424,3.19,1.00
2014.11.24 15:19:37.365,1.18422,1.18425,3.19,1.00
2014.11.24 15:19:37.881,1.18423,1.18425,1.25,1.00
2014.11.24 15:19:39.401,1.18423,1.18426,1.25,1.00
2014.11.24 15:19:39.704,1.18425,1.18427,1.00,1.50
2014.11.24 15:19:39.856,1.18427,1.1843,1.00,1.50
2014.11.24 15:19:39.907,1.18429,1.1843,1.50,1.50
2014.11.24 15:19:39.957,1.18429,1.18433,1.50,2.25
2014.11.24 15:19:40.059,1.18429,1.18431,1.50,1.00
2014.11.24 15:19:40.715,1.18429,1.18432,1.00,1.00
2014.11.24 15:19:41.697,1.18429,1.18431,1.00,1.00
2014.11.24 15:19:42.208,1.18429,1.18432,1.00,1.00
2014.11.24 15:19:43.033,1.18428,1.18432,2.50,1.69
2014.11.24 15:19:43.134,1.18424,1.18427,1.00,1.00
2014.11.24 15:19:43.640,1.18422,1.18426,1.69,1.00
2014.11.24 15:19:44.045,1.18424,1.18426,1.00,1.00
2014.11.24 15:19:44.197,1.18426,1.1843,1.69,1.50
2014.11.24 15:19:44.450,1.18426,1.18428,1.00,1.00
2014.11.24 15:19:44.501,1.18424,1.18428,1.25,1.00
2014.11.24 15:19:45.036,1.18424,1.18427,1.69,1.00
2014.11.24 15:19:45.138,1.18426,1.1843,3.19,1.00
2014.11.24 15:19:45.441,1.18429,1.18431,2.44,1.00
2014.11.24 15:19:45.744,1.18426,1.18431,2.44,1.50
2014.11.24 15:19:45.846,1.18425,1.18428,1.00,1.00
2014.11.24 15:19:45.948,1.18422,1.18426,3.19,1.50
2014.11.24 15:19:46.200,1.1842,1.18425,2.44,1.50
2014.11.24 15:19:46.708,1.18421,1.18425,1.25,2.25
2014.11.24 15:19:47.273,1.18421,1.18424,1.25,1.00
2014.11.24 15:19:47.822,1.18421,1.18425,1.25,1.00
2014.11.24 15:19:49.311,1.18422,1.18425,1.00,1.00
2014.11.24 15:19:49.816,1.18421,1.18425,2.44,1.00
2014.11.24 15:19:51.559,1.18423,1.18426,1.69,1.00
2014.11.24 15:19:51.863,1.18426,1.18428,1.00,1.00
2014.11.24 15:19:52.369,1.18425,1.18428,2.25,1.00
2014.11.24 15:19:52.874,1.18425,1.18429,1.00,1.00
2014.11.24 15:19:53.480,1.18425,1.18428,2.44,1.00
2014.11.24 15:19:54.035,1.18425,1.18427,2.44,1.00
2014.11.24 15:19:54.489,1.18423,1.18427,2.44,1.00
2014.11.24 15:19:55.033,1.18422,1.18426,2.44,1.50
2014.11.24 15:19:55.548,1.18422,1.18425,2.44,1.00
2014.11.24 15:19:56.409,1.18421,1.18424,2.44,1.00
2014.11.24 15:19:57.397,1.1842,1.18424,5.44,2.25
2014.11.24 15:19:58.063,1.18421,1.18424,1.00,1.00
2014.11.24 15:19:58.569,1.18421,1.18425,3.19,1.00
2014.11.24 15:19:58.720,1.18423,1.18427,1.25,1.50
2014.11.24 15:19:59.023,1.18424,1.18429,2.44,1.50
2014.11.24 15:19:59.074,1.18426,1.18429,1.25,1.00
2014.11.24 15:19:59.478,1.18427,1.18431,1.25,1.00
2014.11.24 15:20:00.638,1.18427,1.1843,1.25,1.00
2014.11.24 15:20:01.184,1.18427,1.18431,1.69,1.50
2014.11.24 15:20:01.966,1.18427,1.1843,1.00,1.00
2014.11.24 15:20:02.472,1.18427,1.18431,1.69,1.00
2014.11.24 15:20:02.724,1.1843,1.18432,1.00,2.25
2014.11.24 15:20:03.387,1.18428,1.18431,3.19,1.50
2014.11.24 15:20:03.893,1.1843,1.18432,1.00,1.50
2014.11.24 15:20:06.841,1.1843,1.18433,1.00,1.50
2014.11.24 15:20:07.347,1.18431,1.18434,1.00,2.25
2014.11.24 15:20:07.851,1.18431,1.18432,1.00,1.00
2014.11.24 15:20:07.953,1.18431,1.18434,1.00,2.25
2014.11.24 15:20:08.821,1.18431,1.18432,1.00,1.00
2014.11.24 15:20:09.325,1.1843,1.18433,1.00,1.00
2014.11.24 15:20:09.830,1.18431,1.18434,1.00,1.50
2014.11.24 15:20:10.234,1.18432,1.18435,1.00,1.00
2014.11.24 15:20:10.740,1.18433,1.18437,1.00,1.50
2014.11.24 15:20:11.176,1.18432,1.18434,1.50,1.00
2014.11.24 15:20:11.681,1.18433,1.18437,1.00,1.00
2014.11.24 15:20:12.187,1.18433,1.18436,1.00,1.00
2014.11.24 15:20:12.389,1.18433,1.18435,1.00,1.00
2014.11.24 15:20:12.490,1.18433,1.18437,1.00,1.50
2014.11.24 15:20:13.029,1.18433,1.18436,1.00,1.00
2014.11.24 15:20:13.599,1.18433,1.18435,1.00,1.00
2014.11.24 15:20:13.952,1.18431,1.18435,2.44,1.50
2014.11.24 15:20:15.590,1.18432,1.18436,1.00,2.25
2014.11.24 15:20:16.552,1.18431,1.18435,1.00,1.00
2014.11.24 15:20:17.064,1.18431,1.18434,1.00,1.00
2014.11.24 15:20:18.613,1.18431,1.18435,1.00,2.25
2014.11.24 15:20:19.133,1.18432,1.18434,1.50,1.00
2014.11.24 15:20:19.336,1.18433,1.18436,1.00,2.25
2014.11.24 15:20:19.862,1.18433,1.18434,1.50,1.00
2014.11.24 15:20:20.370,1.18434,1.18436,1.00,1.00
2014.11.24 15:20:20.876,1.18434,1.18437,1.00,1.00
2014.11.24 15:20:21.317,1.18431,1.18434,1.50,1.00
2014.11.24 15:20:21.469,1.18431,1.18434,1.00,1.50
2014.11.24 15:20:21.975,1.18431,1.18434,1.00,1.00
2014.11.24 15:20:22.479,1.18431,1.18434,1.00,2.50
2014.11.24 15:20:22.984,1.18431,1.18434,1.00,2.50
2014.11.24 15:20:23.714,1.1843,1.18434,1.00,3.75
2014.11.24 15:20:25.102,1.18429,1.18433,2.44,1.50
2014.11.24 15:20:26.365,1.18429,1.18431,1.69,1.00
2014.11.24 15:20:27.046,1.18429,1.18432,1.25,1.00
2014.11.24 15:20:27.358,1.18428,1.1843,1.00,1.00
2014.11.24 15:20:27.611,1.18429,1.18433,1.69,2.25
2014.11.24 15:20:28.138,1.18429,1.18432,1.69,1.00
2014.11.24 15:20:28.648,1.1843,1.18432,1.00,1.00
2014.11.24 15:20:29.165,1.1843,1.18433,1.00,1.00
2014.11.24 15:20:30.578,1.18431,1.18434,1.00,1.50
2014.11.24 15:20:32.216,1.18431,1.18435,1.50,2.25
2014.11.24 15:20:35.238,1.18431,1.18434,2.44,1.00
2014.11.24 15:20:36.343,1.18432,1.18434,1.00,1.00
2014.11.24 15:20:36.847,1.18432,1.18435,1.25,2.25
2014.11.24 15:20:37.876,1.18431,1.18434,3.94,1.00
2014.11.24 15:20:38.381,1.18431,1.18434,1.00,1.50
2014.11.24 15:20:38.886,1.1843,1.18433,1.25,1.50
2014.11.24 15:20:39.392,1.18429,1.18432,1.00,2.25
2014.11.24 15:20:41.179,1.18428,1.18431,1.25,1.00
2014.11.24 15:20:44.284,1.18427,1.18431,3.94,1.50
2014.11.24 15:20:44.639,1.18427,1.18428,1.00,1.00
2014.11.24 15:20:44.791,1.18427,1.1843,1.00,2.44
2014.11.24 15:20:44.994,1.18427,1.18428,1.00,1.00
2014.11.24 15:20:45.095,1.18427,1.1843,1.00,1.69
2014.11.24 15:20:45.906,1.18427,1.18431,2.25,1.50
2014.11.24 15:20:49.110,1.18428,1.18431,1.00,1.00
2014.11.24 15:20:49.605,1.18429,1.18433,1.50,1.50
2014.11.24 15:20:50.110,1.18429,1.18432,1.50,1.00
2014.11.24 15:20:50.615,1.18429,1.18433,1.50,1.50
2014.11.24 15:20:51.120,1.18429,1.18432,1.00,1.00
2014.11.24 15:20:51.626,1.18429,1.18433,1.00,3.00
2014.11.24 15:20:54.096,1.1843,1.18433,1.00,1.50
2014.11.24 15:20:54.147,1.18432,1.18433,1.00,1.00
2014.11.24 15:20:54.652,1.18431,1.18433,1.25,1.00
2014.11.24 15:20:55.237,1.1843,1.18433,4.69,1.00
2014.11.24 15:20:55.753,1.18431,1.18433,1.00,1.00
2014.11.24 15:20:56.604,1.18431,1.18435,1.69,1.50
2014.11.24 15:20:57.195,1.18432,1.18435,1.00,1.50
2014.11.24 15:20:58.902,1.18431,1.18435,2.44,1.50
2014.11.24 15:20:59.409,1.18432,1.18435,1.00,1.50
2014.11.24 15:21:00.015,1.18433,1.18435,1.00,1.00
2014.11.24 15:21:00.117,1.18434,1.18438,1.00,2.25
2014.11.24 15:21:00.521,1.18436,1.18438,1.00,1.00
2014.11.24 15:21:00.622,1.18438,1.18442,3.00,1.50
2014.11.24 15:21:00.723,1.18441,1.18443,1.00,1.00
2014.11.24 15:21:01.380,1.1844,1.18443,1.50,1.00
2014.11.24 15:21:01.532,1.18436,1.1844,3.94,1.00
2014.11.24 15:21:01.734,1.18439,1.18442,1.00,1.00
2014.11.24 15:21:02.038,1.18442,1.18446,1.00,2.25
2014.11.24 15:21:03.529,1.18443,1.18446,1.00,1.00
2014.11.24 15:21:04.461,1.18442,1.18446,3.19,1.50
2014.11.24 15:21:06.858,1.18442,1.18445,1.00,1.00
2014.11.24 15:21:07.010,1.18441,1.18443,3.19,1.00
2014.11.24 15:21:07.314,1.18438,1.18441,1.00,7.00
2014.11.24 15:21:07.365,1.18435,1.18439,2.25,1.50
2014.11.24 15:21:07.415,1.18435,1.18437,1.00,1.00
2014.11.24 15:21:07.668,1.18433,1.18437,1.69,1.00
2014.11.24 15:21:07.718,1.18432,1.18435,1.00,1.00
2014.11.24 15:21:08.223,1.18431,1.18435,1.00,1.00
2014.11.24 15:21:09.504,1.18433,1.18435,1.00,1.00
2014.11.24 15:21:09.555,1.18434,1.18438,1.00,2.44
2014.11.24 15:21:11.890,1.18434,1.18437,1.00,1.00
2014.11.24 15:21:11.941,1.18432,1.18436,1.25,1.00
2014.11.24 15:21:14.948,1.18434,1.18437,1.00,1.00
2014.11.24 15:21:15.452,1.18434,1.18438,1.00,1.50
2014.11.24 15:21:16.104,1.18435,1.18438,1.00,1.00
2014.11.24 15:21:16.155,1.18436,1.1844,1.00,1.50
2014.11.24 15:21:16.205,1.18438,1.1844,1.00,1.00
2014.11.24 15:21:16.509,1.18442,1.18445,1.00,1.00
2014.11.24 15:21:16.761,1.18443,1.18447,1.00,1.50
2014.11.24 15:21:17.345,1.18443,1.18446,1.50,1.00
2014.11.24 15:21:17.851,1.18443,1.18447,1.50,2.25
2014.11.24 15:21:18.104,1.18445,1.18447,1.00,1.00
2014.11.24 15:21:18.205,1.18443,1.18447,1.50,1.00
2014.11.24 15:21:18.770,1.18443,1.18447,1.69,1.00
2014.11.24 15:21:18.974,1.18445,1.18447,1.00,1.00
2014.11.24 15:21:19.204,1.18443,1.18447,1.69,1.00
2014.11.24 15:21:19.855,1.18443,1.18447,1.50,1.00
2014.11.24 15:21:19.956,1.18443,1.18447,1.50,1.50
2014.11.24 15:21:20.411,1.18443,1.18447,2.25,1.00
2014.11.24 15:21:20.664,1.18445,1.18448,1.50,1.00
2014.11.24 15:21:20.714,1.18447,1.18448,1.00,1.00
2014.11.24 15:21:21.067,1.18445,1.18447,1.50,1.00
2014.11.24 15:21:25.049,1.18444,1.18447,1.50,1.50
2014.11.24 15:21:25.151,1.18444,1.18445,1.00,1.00
2014.11.24 15:21:25.689,1.18443,1.18445,1.00,1.00
2014.11.24 15:21:25.942,1.18437,1.1844,2.25,1.00
2014.11.24 15:21:26.044,1.18435,1.18438,1.50,1.00
2014.11.24 15:21:26.246,1.18436,1.1844,1.50,1.00
2014.11.24 15:21:26.297,1.18438,1.18441,1.00,1.00
2014.11.24 15:21:26.348,1.18441,1.18444,1.50,1.00
2014.11.24 15:21:26.854,1.18441,1.18445,2.44,1.50
2014.11.24 15:21:27.359,1.18442,1.18445,1.00,1.50
2014.11.24 15:21:28.470,1.18443,1.18445,1.00,1.00
2014.11.24 15:21:28.975,1.18443,1.18446,1.00,1.50
2014.11.24 15:21:29.505,1.18443,1.18447,1.00,2.25
2014.11.24 15:21:31.725,1.18443,1.18446,1.00,1.00
2014.11.24 15:21:32.230,1.18443,1.18447,1.00,2.25
2014.11.24 15:21:32.745,1.18443,1.18446,1.00,1.00
2014.11.24 15:21:33.613,1.18443,1.18445,1.00,1.00
2014.11.24 15:21:34.068,1.18441,1.18443,2.25,1.00
2014.11.24 15:21:34.271,1.18436,1.1844,2.25,1.50
2014.11.24 15:21:34.424,1.18438,1.1844,1.00,1.50
2014.11.24 15:21:34.727,1.18441,1.18443,1.69,1.00
2014.11.24 15:21:34.828,1.18441,1.18445,1.69,1.50
2014.11.24 15:21:35.950,1.18442,1.18445,1.00,1.00
2014.11.24 15:21:37.777,1.18443,1.18447,1.00,3.94
2014.11.24 15:21:38.345,1.18443,1.18446,1.00,1.00
2014.11.24 15:21:39.069,1.18442,1.18445,1.00,1.00
2014.11.24 15:21:41.718,1.18441,1.18445,1.50,1.50
2014.11.24 15:21:41.819,1.18441,1.18442,1.00,1.00
2014.11.24 15:21:41.920,1.18438,1.18441,1.00,1.00
2014.11.24 15:21:42.440,1.18437,1.18441,1.50,1.50
2014.11.24 15:21:42.901,1.18436,1.18439,1.25,1.00
2014.11.24 15:21:43.421,1.18435,1.18439,1.50,1.00
2014.11.24 15:21:43.983,1.18435,1.18438,1.50,1.00
2014.11.24 15:21:45.406,1.18433,1.18437,3.94,1.50
2014.11.24 15:21:45.912,1.18433,1.18437,1.00,1.50
2014.11.24 15:21:47.443,1.18433,1.18436,1.00,1.00
2014.11.24 15:21:50.252,1.18433,1.18435,1.00,1.50
2014.11.24 15:21:50.354,1.18431,1.18434,1.00,1.00
2014.11.24 15:21:51.262,1.1843,1.18434,1.50,1.50
2014.11.24 15:21:51.767,1.18431,1.18434,1.00,1.00
2014.11.24 15:21:54.681,1.18432,1.18434,1.00,1.00
2014.11.24 15:21:54.983,1.18432,1.18436,1.50,1.50
2014.11.24 15:21:56.007,1.18433,1.18436,1.00,1.00
2014.11.24 15:22:06.332,1.18433,1.18437,1.50,1.00
2014.11.24 15:22:06.433,1.18435,1.18438,1.00,1.00
2014.11.24 15:22:11.040,1.18434,1.18438,1.00,1.50
2014.11.24 15:22:11.343,1.18434,1.18436,1.00,1.00
2014.11.24 15:22:12.135,1.18432,1.18436,3.19,1.00
2014.11.24 15:22:12.791,1.18432,1.18436,1.69,1.00
2014.11.24 15:22:14.346,1.18433,1.18436,1.00,1.00
2014.11.24 15:22:16.039,1.18432,1.18436,1.00,1.50
2014.11.24 15:22:16.544,1.18431,1.18435,3.19,1.00
2014.11.24 15:22:17.747,1.18431,1.18434,1.25,2.25
2014.11.24 15:22:18.051,1.18429,1.18432,1.00,1.50
2014.11.24 15:22:19.162,1.18429,1.18431,1.50,1.00
2014.11.24 15:22:19.667,1.18429,1.18432,1.50,1.00
2014.11.24 15:22:21.289,1.18428,1.18432,1.50,2.44
2014.11.24 15:22:24.567,1.18428,1.18431,1.00,1.00
2014.11.24 15:22:25.109,1.18427,1.18431,3.94,1.50
2014.11.24 15:22:26.412,1.18427,1.1843,1.69,1.00
2014.11.24 15:22:26.564,1.18423,1.18427,1.00,2.25
2014.11.24 15:22:26.614,1.18422,1.18425,1.00,1.50
2014.11.24 15:22:26.968,1.1842,1.18423,1.00,1.00
2014.11.24 15:22:27.422,1.18422,1.18423,1.00,1.00
2014.11.24 15:22:27.473,1.18423,1.18425,2.44,1.00
2014.11.24 15:22:27.600,1.18424,1.18429,1.50,1.69
2014.11.24 15:22:27.904,1.18424,1.18427,1.00,1.00
2014.11.24 15:22:28.005,1.18422,1.18426,2.44,1.00
2014.11.24 15:22:28.510,1.18421,1.18426,1.69,1.50
2014.11.24 15:22:29.019,1.18421,1.18425,1.00,1.00
2014.11.24 15:22:29.760,1.18421,1.18424,1.00,1.00
2014.11.24 15:22:30.266,1.1842,1.18423,1.00,1.00
2014.11.24 15:22:31.135,1.18418,1.18422,3.19,1.00
2014.11.24 15:22:31.670,1.18418,1.18421,1.00,1.00
2014.11.24 15:22:32.175,1.18419,1.18422,1.00,1.50
2014.11.24 15:22:33.983,1.18418,1.18422,1.25,1.50
2014.11.24 15:22:34.518,1.18417,1.18422,1.69,1.50
2014.11.24 15:22:35.642,1.18417,1.18419,1.50,1.00
2014.11.24 15:22:36.658,1.18418,1.1842,1.00,1.00
2014.11.24 15:22:36.961,1.1842,1.18422,1.00,1.00
2014.11.24 15:22:37.113,1.1842,1.18424,1.00,1.50
2014.11.24 15:22:37.658,1.18421,1.18424,1.00,1.50
2014.11.24 15:22:38.409,1.18421,1.18425,1.50,1.50
2014.11.24 15:22:40.016,1.18422,1.18425,1.00,1.50
2014.11.24 15:22:40.067,1.18425,1.18426,1.00,1.00
2014.11.24 15:22:40.219,1.18427,1.18431,1.00,2.25
2014.11.24 15:22:40.724,1.18428,1.18432,2.25,1.00
2014.11.24 15:22:41.229,1.18429,1.18433,1.00,3.19
2014.11.24 15:22:41.885,1.18428,1.18433,1.50,1.69
2014.11.24 15:22:42.899,1.1843,1.18433,1.00,1.00
2014.11.24 15:22:43.203,1.18428,1.18431,1.25,1.00
2014.11.24 15:22:43.722,1.18427,1.1843,2.44,1.00
2014.11.24 15:22:45.732,1.18427,1.18429,1.69,1.00
2014.11.24 15:22:56.840,1.18426,1.18429,1.69,1.00
2014.11.24 15:22:57.347,1.18427,1.18429,1.00,1.00
2014.11.24 15:22:57.852,1.18428,1.18429,1.00,1.00
2014.11.24 15:22:58.357,1.18428,1.18431,1.00,1.00
2014.11.24 15:22:58.854,1.1843,1.18431,1.00,1.00
2014.11.24 15:22:59.370,1.18428,1.18431,2.44,1.00
2014.11.24 15:22:59.522,1.18427,1.18429,1.00,1.00
2014.11.24 15:22:59.705,1.18421,1.18425,1.50,2.50
2014.11.24 15:23:00.217,1.18421,1.18423,1.00,1.00
2014.11.24 15:23:00.723,1.1842,1.18423,1.00,1.00
2014.11.24 15:23:02.166,1.18419,1.18422,1.25,1.00
2014.11.24 15:23:03.176,1.18418,1.18421,1.25,1.00
2014.11.24 15:23:04.672,1.18417,1.18421,1.00,1.00
2014.11.24 15:23:12.391,1.18418,1.18421,1.00,1.00
2014.11.24 15:23:14.128,1.18419,1.18421,1.00,1.00
2014.11.24 15:23:14.636,1.1842,1.18421,1.00,1.00
2014.11.24 15:23:15.791,1.1842,1.18422,1.00,1.00
2014.11.24 15:23:16.296,1.18421,1.18423,1.00,1.00
2014.11.24 15:23:17.362,1.18421,1.18425,1.00,2.25
2014.11.24 15:23:17.413,1.18424,1.18427,1.00,3.75
2014.11.24 15:23:17.514,1.18426,1.18427,1.00,1.00
2014.11.24 15:23:17.616,1.18427,1.18431,1.00,1.50
2014.11.24 15:23:18.147,1.18426,1.18431,1.50,2.25
2014.11.24 15:23:18.299,1.18426,1.18429,1.00,1.00
2014.11.24 15:23:18.450,1.18424,1.18429,1.25,1.50
2014.11.24 15:23:18.804,1.18422,1.18427,2.25,1.50
2014.11.24 15:23:19.107,1.18421,1.18425,1.25,1.00
2014.11.24 15:23:19.757,1.18422,1.18425,1.00,1.00
2014.11.24 15:23:21.156,1.18421,1.18425,1.00,1.00
2014.11.24 15:23:21.661,1.1842,1.18424,1.00,1.50
2014.11.24 15:23:22.166,1.1842,1.18423,1.00,1.00
2014.11.24 15:23:22.672,1.18419,1.18423,1.00,1.50
2014.11.24 15:23:23.188,1.18419,1.18422,1.00,1.00
2014.11.24 15:23:23.693,1.1842,1.18423,1.00,1.50
2014.11.24 15:23:24.230,1.18421,1.18423,1.00,1.00
2014.11.24 15:23:39.125,1.18421,1.18424,1.50,1.00
2014.11.24 15:23:39.644,1.18422,1.18425,1.00,1.00
2014.11.24 15:23:40.101,1.18424,1.18426,1.00,1.50
2014.11.24 15:23:40.354,1.18429,1.18433,1.00,1.00
2014.11.24 15:23:40.860,1.18428,1.18432,1.00,1.00
2014.11.24 15:23:42.929,1.18429,1.18432,1.00,1.00
2014.11.24 15:23:43.436,1.18428,1.18432,1.50,1.00
2014.11.24 15:23:45.924,1.18429,1.18433,1.00,1.50
2014.11.24 15:23:46.835,1.18428,1.18431,1.00,1.00
2014.11.24 15:23:49.620,1.18428,1.1843,1.00,1.00
2014.11.24 15:23:49.772,1.18424,1.18427,1.00,2.25
2014.11.24 15:23:49.823,1.18423,1.18425,1.00,1.50
2014.11.24 15:23:49.874,1.18421,1.18425,1.50,2.25
2014.11.24 15:23:49.954,1.18421,1.18423,1.00,1.00
2014.11.24 15:23:50.460,1.1842,1.18423,1.50,1.50
2014.11.24 15:23:50.813,1.1842,1.18422,1.50,1.00
2014.11.24 15:23:51.167,1.18418,1.18421,1.00,1.00
2014.11.24 15:23:51.899,1.18417,1.18421,2.44,1.00
2014.11.24 15:23:52.012,1.18417,1.18419,1.00,1.00
2014.11.24 15:23:52.517,1.18416,1.18419,1.50,1.00
2014.11.24 15:23:53.325,1.18417,1.18419,1.00,1.00
2014.11.24 15:23:53.832,1.18418,1.18419,1.00,1.00
2014.11.24 15:23:55.313,1.18416,1.18419,3.94,1.00
2014.11.24 15:23:56.435,1.18418,1.1842,1.00,1.00
2014.11.24 15:23:56.939,1.18418,1.18421,1.00,1.00
2014.11.24 15:23:57.552,1.18417,1.18421,1.25,1.00
2014.11.24 15:23:58.732,1.18418,1.18421,1.00,1.00
2014.11.24 15:23:59.135,1.1842,1.18421,1.00,1.00
2014.11.24 15:23:59.741,1.1842,1.18422,1.00,1.00
2014.11.24 15:24:00.253,1.18421,1.18422,1.00,1.00
2014.11.24 15:24:02.661,1.18421,1.18424,1.00,1.00
2014.11.24 15:24:04.071,1.18422,1.18424,1.00,1.00
2014.11.24 15:24:04.275,1.1842,1.18423,3.19,1.00
2014.11.24 15:24:04.781,1.1842,1.18422,1.00,1.00
2014.11.24 15:24:05.424,1.18418,1.18422,2.44,1.50
2014.11.24 15:24:05.576,1.18418,1.1842,1.25,1.00
2014.11.24 15:24:06.385,1.18419,1.1842,1.00,1.00
2014.11.24 15:24:06.890,1.18418,1.1842,1.25,1.00
2014.11.24 15:24:07.396,1.18419,1.1842,1.00,1.00
2014.11.24 15:24:07.901,1.1842,1.18421,1.00,1.00
2014.11.24 15:24:08.356,1.1842,1.18422,1.00,1.00
2014.11.24 15:24:09.415,1.18418,1.18421,2.44,1.00
2014.11.24 15:24:09.516,1.18418,1.18419,1.00,1.00
2014.11.24 15:24:09.820,1.18416,1.18418,3.19,1.00
2014.11.24 15:24:10.394,1.18415,1.18418,1.69,1.00
2014.11.24 15:24:11.227,1.18416,1.18418,1.00,1.00
2014.11.24 15:24:13.057,1.18417,1.1842,1.00,1.50
2014.11.24 15:24:14.178,1.18416,1.18419,1.00,1.00
2014.11.24 15:24:14.709,1.18415,1.18419,1.69,1.00
2014.11.24 15:24:15.733,1.18417,1.18419,1.00,1.00
2014.11.24 15:24:16.140,1.18418,1.18421,1.00,1.00
2014.11.24 15:24:16.443,1.1842,1.18422,1.00,1.00
2014.11.24 15:24:16.494,1.1842,1.18424,1.50,2.25
2014.11.24 15:24:16.948,1.18422,1.18424,1.00,1.50
2014.11.24 15:24:17.454,1.18422,1.18425,1.50,1.00
2014.11.24 15:24:17.986,1.18422,1.18426,1.50,2.25
2014.11.24 15:24:18.538,1.18422,1.18425,1.50,1.00
2014.11.24 15:24:19.532,1.18422,1.18426,1.50,2.25
2014.11.24 15:24:20.375,1.18422,1.18425,1.00,1.00
2014.11.24 15:24:23.624,1.18423,1.18425,1.00,1.00
2014.11.24 15:24:24.078,1.18424,1.18427,1.00,2.44
2014.11.24 15:24:24.601,1.18424,1.18426,1.00,1.00
2014.11.24 15:24:24.804,1.18421,1.18425,1.50,1.00
2014.11.24 15:24:25.810,1.18422,1.18425,1.00,1.00
2014.11.24 15:24:26.336,1.18423,1.18426,1.00,1.00
2014.11.24 15:24:26.992,1.18425,1.18427,1.00,1.69
2014.11.24 15:24:27.093,1.18426,1.18429,1.00,1.00
2014.11.24 15:24:27.195,1.18428,1.18431,1.00,1.00
2014.11.24 15:24:27.613,1.1843,1.18433,1.00,1.69
2014.11.24 15:24:29.008,1.1843,1.18432,1.00,1.00
2014.11.24 15:24:29.211,1.18428,1.18432,1.50,1.50
2014.11.24 15:24:29.514,1.18427,1.18429,2.44,1.00
2014.11.24 15:24:29.615,1.18425,1.18428,1.00,1.00
2014.11.24 15:24:29.716,1.18423,1.18427,1.25,1.50
2014.11.24 15:24:30.524,1.18423,1.18426,1.00,1.00
2014.11.24 15:24:30.625,1.18421,1.18425,3.19,1.00
2014.11.24 15:24:32.265,1.18421,1.18424,1.00,1.00
2014.11.24 15:24:33.656,1.18421,1.18425,1.50,3.19
2014.11.24 15:24:34.174,1.18421,1.18423,1.00,1.00
2014.11.24 15:24:34.276,1.18419,1.18423,1.50,2.25
2014.11.24 15:24:34.479,1.18419,1.18421,1.00,1.00
2014.11.24 15:24:34.580,1.18417,1.18421,1.50,1.00
2014.11.24 15:24:36.403,1.18418,1.18421,1.00,1.00
2014.11.24 15:24:37.699,1.18419,1.18421,1.00,1.00
2014.11.24 15:24:37.850,1.18419,1.18423,1.50,1.00
2014.11.24 15:24:37.901,1.18421,1.18424,1.00,1.69
2014.11.24 15:24:38.407,1.18423,1.18425,1.00,1.25
2014.11.24 15:24:40.924,1.18422,1.18425,1.50,1.50
2014.11.24 15:24:41.433,1.18423,1.18425,1.00,1.00
2014.11.24 15:24:46.088,1.18422,1.18425,1.00,1.50
2014.11.24 15:24:46.391,1.18421,1.18423,1.00,1.00
2014.11.24 15:24:46.593,1.18419,1.18422,1.69,1.50
2014.11.24 15:24:47.506,1.18418,1.18422,2.25,1.50
2014.11.24 15:24:49.681,1.18418,1.18421,1.00,1.00
2014.11.24 15:24:51.893,1.18419,1.18421,1.00,1.00
2014.11.24 15:24:52.713,1.18418,1.18421,1.50,1.00
2014.11.24 15:24:53.944,1.18418,1.18422,1.00,2.25
2014.11.24 15:24:54.410,1.1842,1.18422,1.00,1.00
2014.11.24 15:24:54.713,1.1842,1.18424,1.50,1.50
2014.11.24 15:24:55.672,1.1842,1.18422,1.50,1.00
2014.11.24 15:24:55.823,1.18418,1.18422,2.44,1.50
2014.11.24 15:24:56.328,1.18419,1.18422,1.00,1.00
2014.11.24 15:24:57.542,1.1842,1.18422,1.00,1.00
2014.11.24 15:24:57.643,1.1842,1.18424,1.50,1.00
2014.11.24 15:24:58.047,1.18422,1.18424,1.00,1.00
2014.11.24 15:24:59.580,1.18422,1.18425,1.50,1.00
2014.11.24 15:25:00.108,1.18422,1.18426,1.50,3.19
2014.11.24 15:25:01.020,1.18424,1.18427,1.00,2.25
2014.11.24 15:25:01.122,1.18426,1.18428,1.00,1.50
2014.11.24 15:25:01.224,1.18427,1.1843,1.00,1.00
2014.11.24 15:25:01.376,1.18429,1.18431,1.00,1.00
2014.11.24 15:25:01.882,1.18429,1.18432,1.00,1.00
2014.11.24 15:25:02.361,1.18429,1.1843,1.00,1.00
2014.11.24 15:25:02.412,1.18429,1.18432,1.00,1.00
2014.11.24 15:25:03.741,1.18429,1.18431,1.00,1.00
2014.11.24 15:25:04.246,1.18429,1.18432,1.00,1.00
2014.11.24 15:25:08.936,1.18429,1.18433,1.00,4.69
2014.11.24 15:25:09.037,1.18428,1.18431,1.50,1.50
2014.11.24 15:25:09.565,1.18427,1.18431,3.19,1.50
2014.11.24 15:25:10.079,1.18428,1.18431,1.00,1.69
2014.11.24 15:25:10.393,1.18423,1.18426,1.50,1.00
2014.11.24 15:25:10.595,1.18425,1.18429,1.00,1.00
2014.11.24 15:25:10.646,1.18427,1.18431,1.00,3.94
2014.11.24 15:25:11.160,1.18427,1.18431,1.00,1.50
2014.11.24 15:25:14.322,1.18426,1.18429,1.50,1.50
2014.11.24 15:25:14.872,1.18427,1.18431,1.50,1.69
2014.11.24 15:25:15.377,1.18428,1.18431,1.00,1.69
2014.11.24 15:25:15.781,1.1843,1.18431,1.00,1.00
2014.11.24 15:25:15.832,1.1843,1.18433,1.00,1.00
2014.11.24 15:25:16.340,1.18429,1.18433,1.50,1.00
2014.11.24 15:25:19.262,1.18429,1.18432,1.00,1.00
2014.11.24 15:25:27.640,1.18429,1.18431,1.00,1.00
2014.11.24 15:25:30.902,1.18429,1.18432,1.00,1.00
2014.11.24 15:25:31.407,1.18429,1.18433,1.00,1.69
2014.11.24 15:25:31.952,1.18429,1.18432,1.00,1.00
2014.11.24 15:25:33.213,1.18429,1.18433,1.00,5.44
2014.11.24 15:25:33.566,1.18429,1.18431,1.00,1.00
2014.11.24 15:25:34.090,1.18429,1.18432,1.00,1.69
2014.11.24 15:25:35.822,1.18429,1.18431,1.00,1.00
2014.11.24 15:25:37.776,1.1843,1.18431,1.00,1.00
2014.11.24 15:25:37.827,1.1843,1.18433,1.00,1.00
2014.11.24 15:25:38.337,1.18429,1.18433,1.50,1.00
2014.11.24 15:25:38.872,1.1843,1.18433,1.00,1.00
2014.11.24 15:25:39.276,1.18432,1.18433,1.00,1.00
2014.11.24 15:25:39.326,1.18432,1.18435,1.00,1.00
2014.11.24 15:25:39.528,1.18434,1.18438,1.00,1.00
2014.11.24 15:25:40.184,1.18436,1.18439,1.00,1.00
2014.11.24 15:25:40.692,1.18434,1.18438,1.00,1.50
2014.11.24 15:25:44.255,1.18435,1.18438,1.00,1.00
2014.11.24 15:25:44.799,1.18434,1.18437,1.50,1.00
2014.11.24 15:25:45.001,1.18431,1.18435,3.00,1.00
2014.11.24 15:25:45.254,1.18429,1.18432,1.50,1.00
2014.11.24 15:25:45.507,1.18427,1.1843,1.50,1.00
2014.11.24 15:25:45.781,1.18426,1.18427,1.25,1.00
2014.11.24 15:25:45.835,1.18423,1.18427,1.00,2.44
2014.11.24 15:25:45.936,1.18421,1.18425,1.00,1.00
2014.11.24 15:25:46.824,1.18423,1.18425,1.00,1.00
2014.11.24 15:25:47.026,1.18427,1.18431,1.50,2.25
2014.11.24 15:25:47.228,1.1843,1.18433,1.00,1.69
2014.11.24 15:25:47.330,1.1843,1.18432,1.00,1.00
2014.11.24 15:25:47.834,1.1843,1.18431,1.00,1.00
2014.11.24 15:25:47.886,1.1843,1.18433,1.00,1.00
2014.11.24 15:25:48.391,1.1843,1.18434,1.00,1.50
2014.11.24 15:25:48.897,1.1843,1.18433,1.50,1.00
2014.11.24 15:25:49.253,1.18432,1.18434,1.00,1.00
2014.11.24 15:25:49.606,1.18432,1.18436,1.50,2.25
2014.11.24 15:25:50.848,1.18434,1.18437,1.00,2.25
2014.11.24 15:25:53.138,1.18434,1.18435,1.00,1.00
2014.11.24 15:25:53.849,1.18432,1.18435,1.00,1.00
2014.11.24 15:25:53.951,1.18434,1.18436,1.00,1.00
2014.11.24 15:25:54.310,1.18435,1.18438,4.75,1.50
2014.11.24 15:25:56.820,1.18436,1.18438,1.00,1.00
2014.11.24 15:25:57.361,1.18435,1.18439,1.00,3.00
2014.11.24 15:25:58.193,1.18435,1.18438,1.00,1.00
2014.11.24 15:25:58.511,1.18435,1.18436,1.00,1.00
2014.11.24 15:25:59.310,1.18435,1.18437,1.00,1.00
2014.11.24 15:25:59.950,1.18435,1.18436,1.00,1.00
2014.11.24 15:26:00.642,1.18435,1.18437,1.00,1.00
2014.11.24 15:26:01.199,1.18434,1.18437,1.00,1.00
2014.11.24 15:26:01.401,1.18434,1.18436,1.00,1.00
2014.11.24 15:26:01.918,1.18434,1.18436,1.00,1.50
2014.11.24 15:26:02.280,1.18434,1.18436,1.00,1.00
2014.11.24 15:26:02.815,1.18434,1.18435,1.00,1.00
2014.11.24 15:26:03.172,1.18435,1.18439,1.00,2.44
2014.11.24 15:26:03.374,1.18435,1.18438,1.00,1.00
2014.11.24 15:26:03.476,1.18435,1.18436,1.00,1.00
2014.11.24 15:26:03.729,1.18435,1.18438,1.00,1.00
2014.11.24 15:26:04.184,1.18438,1.1844,1.00,1.00
2014.11.24 15:26:04.488,1.18442,1.18446,1.00,3.00
2014.11.24 15:26:04.914,1.18443,1.18445,3.19,1.00
2014.11.24 15:26:06.589,1.18444,1.18445,1.00,1.00
2014.11.24 15:26:06.892,1.1844,1.18443,1.00,3.25
2014.11.24 15:26:07.094,1.18437,1.18441,1.00,2.25
2014.11.24 15:26:07.599,1.18438,1.1844,1.00,1.00
2014.11.24 15:26:08.104,1.18437,1.1844,1.50,1.00
2014.11.24 15:26:08.631,1.18437,1.18441,1.69,1.00
2014.11.24 15:26:08.985,1.18439,1.18443,1.00,2.25
2014.11.24 15:26:09.996,1.18439,1.18442,1.00,1.00
2014.11.24 15:26:10.300,1.18441,1.18445,1.00,3.19
2014.11.24 15:26:10.961,1.18441,1.18443,1.00,1.00
2014.11.24 15:26:11.667,1.18441,1.18444,1.00,1.00
2014.11.24 15:26:11.971,1.18443,1.18446,1.00,1.00
2014.11.24 15:26:12.280,1.18441,1.18443,1.50,1.00
2014.11.24 15:26:12.431,1.18439,1.18443,1.50,1.50
2014.11.24 15:26:12.807,1.18438,1.18441,1.00,1.00
2014.11.24 15:26:13.111,1.18435,1.18439,2.25,1.00
2014.11.24 15:26:13.767,1.18435,1.18438,1.00,1.00
2014.11.24 15:26:14.272,1.18435,1.18439,1.00,2.25
2014.11.24 15:26:19.387,1.18435,1.18438,1.00,1.00
2014.11.24 15:26:19.489,1.18433,1.18437,1.00,1.00
2014.11.24 15:26:22.759,1.18433,1.18436,1.00,1.00
2014.11.24 15:26:23.264,1.18433,1.18437,1.00,1.50
2014.11.24 15:26:23.989,1.18434,1.18437,1.00,1.00
2014.11.24 15:26:24.493,1.18433,1.18437,1.50,1.50
2014.11.24 15:26:25.325,1.18434,1.18437,1.50,1.00
2014.11.24 15:26:25.426,1.18435,1.18439,1.00,1.69
2014.11.24 15:26:27.621,1.18437,1.1844,1.00,1.69
2014.11.24 15:26:36.064,1.18437,1.18441,1.00,3.94
2014.11.24 15:26:36.368,1.18439,1.18443,1.50,1.50
2014.11.24 15:26:38.220,1.1844,1.18443,1.00,1.50
2014.11.24 15:26:38.372,1.18441,1.18445,2.25,1.00
2014.11.24 15:26:38.575,1.18443,1.18446,1.00,1.69
2014.11.24 15:26:39.130,1.18443,1.18447,1.50,1.69
2014.11.24 15:26:39.487,1.18445,1.18448,1.00,1.25
2014.11.24 15:26:40.345,1.18445,1.18447,1.00,1.00
2014.11.24 15:26:40.597,1.18445,1.18449,1.00,3.19
2014.11.24 15:26:41.273,1.18447,1.18449,1.00,2.44
2014.11.24 15:26:41.576,1.1845,1.18454,1.50,1.50
2014.11.24 15:26:42.435,1.1845,1.18453,1.00,1.00
2014.11.24 15:26:42.889,1.18448,1.18452,4.69,1.00
2014.11.24 15:26:44.540,1.18448,1.1845,2.25,1.00
2014.11.24 15:26:45.070,1.18449,1.1845,1.00,1.00
2014.11.24 15:26:45.393,1.1845,1.18454,1.00,2.44
2014.11.24 15:26:49.466,1.1845,1.18451,1.50,1.00
2014.11.24 15:26:49.769,1.1845,1.18452,1.00,1.00
2014.11.24 15:26:49.820,1.18448,1.18452,2.44,1.50
2014.11.24 15:26:49.921,1.18448,1.1845,2.44,1.00
2014.11.24 15:26:50.023,1.18449,1.18452,1.00,1.00
2014.11.24 15:26:50.478,1.1845,1.18451,1.50,1.00
2014.11.24 15:26:50.580,1.1845,1.18454,1.50,1.50
2014.11.24 15:26:50.783,1.1845,1.18452,1.50,1.00
2014.11.24 15:26:51.310,1.18451,1.18452,1.00,1.00
2014.11.24 15:26:51.361,1.18451,1.18454,1.00,1.69
2014.11.24 15:26:51.781,1.1845,1.18453,1.50,1.00
2014.11.24 15:26:52.303,1.1845,1.18451,1.00,1.00
2014.11.24 15:26:52.821,1.18449,1.18452,1.50,1.00
2014.11.24 15:26:53.125,1.1845,1.18454,1.00,3.19
2014.11.24 15:26:53.227,1.1845,1.18452,1.00,1.00
2014.11.24 15:26:54.116,1.1845,1.18454,1.00,3.94
2014.11.24 15:26:56.656,1.1845,1.18452,1.50,1.00
2014.11.24 15:26:56.757,1.1845,1.18454,1.50,1.50
2014.11.24 15:26:57.616,1.1845,1.18452,1.50,1.00
2014.11.24 15:26:57.919,1.1845,1.18453,1.00,3.94
2014.11.24 15:26:58.373,1.1845,1.18451,1.00,1.00
2014.11.24 15:26:58.878,1.18449,1.18451,1.00,1.00
2014.11.24 15:26:59.544,1.1845,1.18453,1.00,1.50
2014.11.24 15:26:59.595,1.1845,1.18451,1.00,1.00
2014.11.24 15:26:59.696,1.1845,1.18453,1.00,1.50
2014.11.24 15:27:00.454,1.18451,1.18454,1.00,2.44
2014.11.24 15:27:00.808,1.18452,1.18453,1.00,1.00
2014.11.24 15:27:00.960,1.1845,1.18452,1.50,1.00
2014.11.24 15:27:01.061,1.18451,1.18454,1.00,1.00
2014.11.24 15:27:01.566,1.18452,1.18455,1.00,1.00
2014.11.24 15:27:01.819,1.18452,1.18453,1.00,1.00
2014.11.24 15:27:02.323,1.18451,1.18453,1.50,1.00
2014.11.24 15:27:03.694,1.18452,1.18454,1.00,1.00
2014.11.24 15:27:04.806,1.1845,1.18452,1.00,1.00
2014.11.24 15:27:05.486,1.1845,1.18452,1.00,1.00
2014.11.24 15:27:05.790,1.1845,1.18454,1.50,2.25
2014.11.24 15:27:06.314,1.1845,1.18453,1.50,1.00
2014.11.24 15:27:06.872,1.1845,1.18454,1.50,2.25
2014.11.24 15:27:07.572,1.1845,1.18453,2.25,1.00
2014.11.24 15:27:08.221,1.1845,1.18452,2.25,1.00
2014.11.24 15:27:09.556,1.1845,1.18452,2.25,1.00
2014.11.24 15:27:10.064,1.1845,1.18452,2.25,1.00
2014.11.24 15:27:11.176,1.18451,1.18452,1.00,1.00
2014.11.24 15:27:11.832,1.18451,1.18453,2.25,1.00
2014.11.24 15:27:12.408,1.18451,1.18454,1.50,1.00
2014.11.24 15:27:12.948,1.18451,1.18453,1.50,1.00
2014.11.24 15:27:13.473,1.18451,1.18454,2.25,1.00
2014.11.24 15:27:14.576,1.18451,1.18452,1.00,1.00
2014.11.24 15:27:15.773,1.1845,1.18452,1.50,1.00
2014.11.24 15:27:16.608,1.18451,1.18452,1.00,1.00
2014.11.24 15:27:17.545,1.18451,1.18454,1.00,1.00
2014.11.24 15:27:18.562,1.18451,1.18452,1.00,1.00
2014.11.24 15:27:18.663,1.18451,1.18454,1.00,2.44
2014.11.24 15:27:19.320,1.18451,1.18452,1.00,1.00
2014.11.24 15:27:19.898,1.18451,1.18453,1.00,1.00
2014.11.24 15:27:21.081,1.18451,1.18452,1.00,1.00
2014.11.24 15:27:21.516,1.18452,1.18455,1.00,1.69
2014.11.24 15:27:21.870,1.18455,1.18457,3.75,1.00
2014.11.24 15:27:21.971,1.18456,1.18459,1.69,3.19
2014.11.24 15:27:22.476,1.18456,1.18458,1.25,1.00
2014.11.24 15:27:22.627,1.18455,1.18457,1.00,1.00
2014.11.24 15:27:23.637,1.18455,1.18459,2.44,3.19
2014.11.24 15:27:24.142,1.18454,1.18457,3.00,1.00
2014.11.24 15:27:26.039,1.18455,1.18459,1.50,3.94
2014.11.24 15:27:26.942,1.18454,1.18457,1.69,1.00
2014.11.24 15:27:28.868,1.18456,1.18459,1.00,1.25
2014.11.24 15:27:29.322,1.18456,1.18457,1.00,1.00
2014.11.24 15:27:30.904,1.18456,1.18458,1.00,1.00
2014.11.24 15:27:34.271,1.18456,1.18458,1.69,1.00
2014.11.24 15:27:35.403,1.18455,1.18458,2.44,1.00
2014.11.24 15:27:35.917,1.18456,1.18458,1.00,1.00
2014.11.24 15:27:36.827,1.18455,1.18458,1.69,1.00
2014.11.24 15:27:37.360,1.18456,1.18457,1.00,1.00
2014.11.24 15:27:38.104,1.18455,1.18458,1.69,1.00
2014.11.24 15:27:39.127,1.18455,1.18457,3.19,1.00
2014.11.24 15:27:41.129,1.18453,1.18455,3.00,1.00
2014.11.24 15:27:41.180,1.18452,1.18455,1.50,1.00
2014.11.24 15:27:41.779,1.18451,1.18455,1.50,1.00
2014.11.24 15:27:44.282,1.18451,1.18454,2.25,1.00
2014.11.24 15:27:44.389,1.18451,1.18453,1.50,1.00
2014.11.24 15:27:45.276,1.18451,1.18454,1.50,1.00
2014.11.24 15:27:45.789,1.18451,1.18453,1.50,1.00
2014.11.24 15:27:46.300,1.18451,1.18454,1.50,1.00
2014.11.24 15:27:46.811,1.18452,1.18454,1.00,1.00
2014.11.24 15:27:48.059,1.18452,1.18453,1.00,1.00
2014.11.24 15:27:48.564,1.18452,1.18454,1.00,1.00
2014.11.24 15:27:49.277,1.18452,1.18453,1.00,1.00
2014.11.24 15:27:49.805,1.18452,1.18454,1.00,1.00
2014.11.24 15:27:50.266,1.18452,1.18456,1.00,2.25
2014.11.24 15:27:51.081,1.18452,1.18456,1.00,1.50
2014.11.24 15:27:51.233,1.18453,1.18457,1.50,1.50
2014.11.24 15:27:52.135,1.18453,1.18455,1.00,1.00
2014.11.24 15:27:52.236,1.18451,1.18455,2.44,1.50
2014.11.24 15:27:52.438,1.18451,1.18453,1.69,1.00
2014.11.24 15:27:52.993,1.1845,1.18453,1.69,1.00
2014.11.24 15:27:53.505,1.18448,1.18452,6.19,1.00
2014.11.24 15:27:54.119,1.1845,1.18453,1.00,1.50
2014.11.24 15:27:54.321,1.18448,1.1845,1.00,1.00
2014.11.24 15:27:54.423,1.18446,1.18449,2.25,1.00
2014.11.24 15:27:54.524,1.18445,1.18449,1.69,1.00
2014.11.24 15:27:55.030,1.18445,1.18447,1.00,1.00
2014.11.24 15:27:55.540,1.18445,1.18449,1.00,1.50
2014.11.24 15:27:55.641,1.18445,1.18447,1.00,1.00
2014.11.24 15:27:56.159,1.18446,1.18448,1.00,1.00
2014.11.24 15:27:56.664,1.18444,1.18448,2.44,1.00
2014.11.24 15:27:57.170,1.18446,1.18447,1.00,1.00
2014.11.24 15:27:58.647,1.18445,1.18447,1.00,1.00
2014.11.24 15:27:58.799,1.18444,1.18449,2.44,3.00
2014.11.24 15:27:59.303,1.18445,1.18449,1.00,2.25
2014.11.24 15:27:59.858,1.18444,1.18449,1.69,2.25
2014.11.24 15:28:00.161,1.18444,1.18447,1.69,1.00
2014.11.24 15:28:01.335,1.18444,1.18446,1.00,1.00
2014.11.24 15:28:01.486,1.18443,1.18447,1.00,2.25
2014.11.24 15:28:01.664,1.18442,1.18443,2.25,1.00
2014.11.24 15:28:01.715,1.18439,1.18443,1.50,1.50
2014.11.24 15:28:01.766,1.18439,1.18441,1.00,1.00
2014.11.24 15:28:01.816,1.18437,1.18441,2.25,1.50
2014.11.24 15:28:01.968,1.18435,1.1844,1.50,1.50
2014.11.24 15:28:03.794,1.18438,1.1844,1.00,1.00
2014.11.24 15:28:03.895,1.1844,1.18442,1.00,1.00
2014.11.24 15:28:03.997,1.1844,1.18444,1.50,1.00
2014.11.24 15:28:04.501,1.1844,1.18442,1.50,1.00
2014.11.24 15:28:04.602,1.18437,1.18441,2.44,1.50
2014.11.24 15:28:04.754,1.18436,1.18438,3.19,1.00
2014.11.24 15:28:05.299,1.18436,1.18438,1.00,1.00
2014.11.24 15:28:05.803,1.18435,1.18438,1.00,1.00
2014.11.24 15:28:06.321,1.18436,1.18439,1.00,1.00
2014.11.24 15:28:06.523,1.18435,1.18437,1.00,1.00
2014.11.24 15:28:06.987,1.18433,1.18437,3.19,1.00
2014.11.24 15:28:07.519,1.18433,1.18436,3.19,1.00
2014.11.24 15:28:08.059,1.18433,1.18438,1.69,3.00
2014.11.24 15:28:08.564,1.18434,1.18437,1.50,1.00
2014.11.24 15:28:09.140,1.18434,1.18438,1.50,1.50
2014.11.24 15:28:09.804,1.18434,1.18437,1.00,1.00
2014.11.24 15:28:10.057,1.18433,1.18436,2.25,1.00
2014.11.24 15:28:10.259,1.18433,1.18437,1.50,1.00
2014.11.24 15:28:10.764,1.18433,1.18436,1.50,1.00
2014.11.24 15:28:11.274,1.18434,1.18436,1.00,1.00
2014.11.24 15:28:11.563,1.18434,1.18437,1.00,1.00
2014.11.24 15:28:11.884,1.18436,1.18437,1.50,1.00
2014.11.24 15:28:11.935,1.18436,1.1844,2.25,2.25
2014.11.24 15:28:12.456,1.18436,1.18438,1.00,1.00
2014.11.24 15:28:13.112,1.18436,1.18437,1.00,1.00
2014.11.24 15:28:13.673,1.18436,1.18438,1.00,1.00
2014.11.24 15:28:14.285,1.18435,1.18438,1.50,1.00
2014.11.24 15:28:14.790,1.18434,1.18437,1.69,1.00
2014.11.24 15:28:15.337,1.18434,1.18438,1.50,1.50
2014.11.24 15:28:15.840,1.18434,1.18437,1.00,1.00
2014.11.24 15:28:16.346,1.18434,1.18436,1.00,1.00
2014.11.24 15:28:16.851,1.18433,1.18437,1.69,2.25
2014.11.24 15:28:17.609,1.18436,1.18438,1.00,1.50
2014.11.24 15:28:17.761,1.18437,1.1844,1.00,1.25
2014.11.24 15:28:18.266,1.18437,1.18441,1.00,1.50
2014.11.24 15:28:18.721,1.18436,1.18438,1.50,1.00
2014.11.24 15:28:19.225,1.18436,1.18439,1.50,1.00
2014.11.24 15:28:21.170,1.18436,1.18437,1.00,1.00
2014.11.24 15:28:21.473,1.18434,1.18438,1.00,1.50
2014.11.24 15:28:21.998,1.18434,1.18437,1.00,1.00
2014.11.24 15:28:22.513,1.18434,1.18438,1.00,2.25
2014.11.24 15:28:23.792,1.18434,1.18437,1.00,1.00
2014.11.24 15:28:24.334,1.18434,1.18438,1.00,2.25
2014.11.24 15:28:24.839,1.18433,1.18437,1.50,1.50
2014.11.24 15:28:25.729,1.18435,1.18438,1.00,2.25
2014.11.24 15:28:26.235,1.18435,1.18437,1.00,1.00
2014.11.24 15:28:26.740,1.18435,1.18438,1.00,1.50
2014.11.24 15:28:26.942,1.18433,1.18437,1.69,1.00
2014.11.24 15:28:27.851,1.18434,1.18437,1.00,1.00
2014.11.24 15:28:28.356,1.18434,1.18438,1.00,2.25
2014.11.24 15:28:29.670,1.18433,1.18436,1.00,1.00
2014.11.24 15:28:29.973,1.18434,1.18438,1.00,2.25
2014.11.24 15:28:30.478,1.18433,1.18437,1.50,1.00
2014.11.24 15:28:31.387,1.18434,1.18435,1.00,1.00
2014.11.24 15:28:31.917,1.18433,1.18437,1.50,2.25
2014.11.24 15:28:32.422,1.18434,1.18438,1.00,3.00
2014.11.24 15:28:32.472,1.18433,1.18436,1.50,1.00
2014.11.24 15:28:32.926,1.18434,1.18438,1.00,1.00
2014.11.24 15:28:33.381,1.18434,1.18436,1.00,1.00
2014.11.24 15:28:33.583,1.18434,1.18438,1.00,1.50
2014.11.24 15:28:35.067,1.18437,1.1844,1.00,3.75
2014.11.24 15:28:35.117,1.18439,1.1844,1.50,1.00
2014.11.24 15:28:35.269,1.18441,1.18442,1.00,1.00
2014.11.24 15:28:35.371,1.18442,1.18445,1.00,1.00
2014.11.24 15:28:38.368,1.18441,1.18445,1.69,2.25
2014.11.24 15:28:38.470,1.18441,1.18443,1.00,1.00
2014.11.24 15:28:39.007,1.18441,1.18444,1.00,1.00
2014.11.24 15:28:39.319,1.18438,1.18442,5.25,1.00
2014.11.24 15:28:39.369,1.18438,1.1844,1.50,1.00
2014.11.24 15:28:39.420,1.18436,1.18439,3.75,1.00
2014.11.24 15:28:39.471,1.18436,1.18438,1.50,1.00
2014.11.24 15:28:40.641,1.18436,1.18439,1.50,1.50
2014.11.24 15:28:40.989,1.18436,1.18437,1.00,1.00
2014.11.24 15:28:41.292,1.18436,1.18439,5.44,1.00
2014.11.24 15:28:41.544,1.1844,1.18442,1.00,1.00
2014.11.24 15:28:42.066,1.18441,1.18442,1.00,1.00
2014.11.24 15:28:42.268,1.18439,1.18442,1.50,1.00
2014.11.24 15:28:42.521,1.18439,1.18441,1.50,1.00
2014.11.24 15:28:42.824,1.18437,1.18438,1.00,1.00
2014.11.24 15:28:42.926,1.18435,1.18438,1.50,1.00
2014.11.24 15:28:43.431,1.18435,1.18437,1.00,1.50
2014.11.24 15:28:44.338,1.18435,1.18438,1.00,1.50
2014.11.24 15:28:45.493,1.18436,1.18438,1.00,1.00
2014.11.24 15:28:45.594,1.18436,1.1844,1.50,1.00
2014.11.24 15:28:45.746,1.18438,1.1844,1.00,1.00
2014.11.24 15:28:45.949,1.18436,1.18439,1.00,1.00
2014.11.24 15:28:49.450,1.18436,1.18438,1.00,1.00
2014.11.24 15:28:50.354,1.18436,1.18439,1.00,1.50
2014.11.24 15:28:51.316,1.18436,1.18437,1.00,1.00
2014.11.24 15:28:51.821,1.18436,1.18438,1.00,1.50
2014.11.24 15:28:53.097,1.18434,1.18438,1.50,1.50
2014.11.24 15:28:53.400,1.18434,1.18436,1.50,1.00
2014.11.24 15:28:53.921,1.18434,1.18437,1.00,2.25
2014.11.24 15:28:54.852,1.18434,1.18436,1.00,1.00
2014.11.24 15:28:55.358,1.18434,1.18437,1.00,1.69
2014.11.24 15:28:55.928,1.18433,1.18436,1.00,1.00
2014.11.24 15:28:56.448,1.18433,1.18437,1.00,1.69
2014.11.24 15:28:57.016,1.18433,1.18436,1.00,1.00
2014.11.24 15:28:57.535,1.18433,1.18437,1.00,2.44
2014.11.24 15:29:01.597,1.18433,1.18436,1.00,1.00
2014.11.24 15:29:02.104,1.18433,1.18437,1.00,3.19
2014.11.24 15:29:04.698,1.18435,1.18437,1.00,1.69
2014.11.24 15:29:05.102,1.18433,1.18437,1.00,1.69
2014.11.24 15:29:06.717,1.18432,1.18437,1.50,3.94
2014.11.24 15:29:07.222,1.18433,1.18436,1.00,2.44
2014.11.24 15:29:08.370,1.18434,1.18436,1.00,1.25
2014.11.24 15:29:08.522,1.18436,1.18437,1.00,2.44
2014.11.24 15:29:08.774,1.18436,1.18439,1.00,2.44
2014.11.24 15:29:09.127,1.18434,1.18439,1.50,2.44
2014.11.24 15:29:09.229,1.18436,1.18439,1.50,3.19
2014.11.24 15:29:09.734,1.18435,1.18438,1.00,1.00
2014.11.24 15:29:10.239,1.18436,1.18439,1.00,3.19
2014.11.24 15:29:10.779,1.18435,1.18439,1.00,2.44
2014.11.24 15:29:12.358,1.18436,1.18439,1.00,3.19
2014.11.24 15:29:12.461,1.18434,1.18439,1.50,3.19
2014.11.24 15:29:12.706,1.18434,1.18438,1.50,3.19
2014.11.24 15:29:13.565,1.18435,1.18437,1.00,1.00
2014.11.24 15:29:14.070,1.18434,1.18438,1.00,3.94
2014.11.24 15:29:14.603,1.18434,1.18437,1.00,1.25
2014.11.24 15:29:15.106,1.18434,1.18438,1.00,1.25
2014.11.24 15:29:15.611,1.18434,1.18436,1.00,1.00
2014.11.24 15:29:15.662,1.18432,1.18436,1.00,2.25
2014.11.24 15:29:16.167,1.18431,1.18435,1.50,1.50
2014.11.24 15:29:19.533,1.18431,1.18436,1.50,2.44
2014.11.24 15:29:20.847,1.18431,1.18435,1.50,1.00
2014.11.24 15:29:21.520,1.18431,1.18436,1.50,3.19
2014.11.24 15:29:22.026,1.18431,1.18435,1.00,1.00
2014.11.24 15:29:22.543,1.18431,1.18434,1.00,1.00
2014.11.24 15:29:25.399,1.18432,1.18434,1.00,1.00
2014.11.24 15:29:25.903,1.18432,1.18435,1.00,1.00
2014.11.24 15:29:26.429,1.18432,1.18436,1.00,1.50
2014.11.24 15:29:26.934,1.18433,1.18436,1.00,1.50
2014.11.24 15:29:27.443,1.18433,1.18435,1.00,1.00
2014.11.24 15:29:27.958,1.18433,1.18436,1.50,1.00
2014.11.24 15:29:29.975,1.18433,1.18435,1.50,1.00
2014.11.24 15:29:30.480,1.18433,1.18436,1.50,1.00
2014.11.24 15:29:31.642,1.18433,1.18437,1.50,2.44
2014.11.24 15:29:32.147,1.18434,1.18438,1.00,3.19
2014.11.24 15:29:32.652,1.18433,1.18437,1.50,1.00
2014.11.24 15:29:33.157,1.18433,1.18436,1.50,1.00
2014.11.24 15:29:35.907,1.18433,1.18437,1.50,1.50
2014.11.24 15:29:36.810,1.18433,1.18436,1.50,1.00
2014.11.24 15:29:37.656,1.18433,1.18435,1.00,1.50
2014.11.24 15:29:38.362,1.18431,1.18435,1.50,1.50
2014.11.24 15:29:38.877,1.1843,1.18434,1.50,1.00
2014.11.24 15:29:38.979,1.18429,1.18431,1.00,1.00
2014.11.24 15:29:39.484,1.18429,1.18433,1.50,1.00
2014.11.24 15:29:40.007,1.1843,1.18434,1.00,3.19
2014.11.24 15:29:40.683,1.18431,1.18434,1.00,1.50
2014.11.24 15:29:40.886,1.18433,1.18436,1.00,1.50
2014.11.24 15:29:41.391,1.18433,1.18437,1.50,3.19
2014.11.24 15:29:42.613,1.18433,1.18436,1.00,1.00
2014.11.24 15:29:43.118,1.18434,1.18436,1.00,1.00
2014.11.24 15:29:43.623,1.18433,1.18436,1.00,1.50
2014.11.24 15:29:45.108,1.18431,1.18436,3.00,1.00
2014.11.24 15:29:47.131,1.18431,1.18435,3.19,1.00
2014.11.24 15:29:47.636,1.18431,1.18436,3.94,1.00
2014.11.24 15:29:52.897,1.18432,1.18436,1.00,1.00
2014.11.24 15:29:53.404,1.18433,1.18437,1.00,1.00
2014.11.24 15:29:53.910,1.18433,1.18438,1.00,1.50
2014.11.24 15:29:55.170,1.18432,1.18438,1.50,1.00
2014.11.24 15:29:58.447,1.18436,1.18439,1.00,1.50
2014.11.24 15:29:58.549,1.18439,1.18442,1.00,1.00
2014.11.24 15:29:58.675,1.18439,1.18447,1.00,2.25
2014.11.24 15:29:58.777,1.18441,1.18446,1.00,1.00
2014.11.24 15:29:58.879,1.18439,1.18445,1.00,1.50
2014.11.24 15:29:59.334,1.18439,1.18443,2.25,1.00
2014.11.24 15:29:59.438,1.18439,1.18445,2.25,1.00
2014.11.24 15:29:59.947,1.1844,1.18446,1.00,1.50
2014.11.24 15:30:00.199,1.18439,1.18444,2.25,1.00
2014.11.24 15:30:00.738,1.18439,1.18445,2.25,1.00
2014.11.24 15:30:01.608,1.18439,1.18444,2.25,1.00
2014.11.24 15:30:01.912,1.18434,1.1844,1.00,1.00
2014.11.24 15:30:02.114,1.18432,1.18438,1.50,1.50
2014.11.24 15:30:02.419,1.18432,1.18436,1.00,1.00
2014.11.24 15:30:02.571,1.18429,1.18435,1.00,1.00
2014.11.24 15:30:02.951,1.18427,1.18432,1.50,1.00
2014.11.24 15:30:03.255,1.18423,1.18428,1.00,1.00
2014.11.24 15:30:03.407,1.18424,1.1843,1.00,1.50
2014.11.24 15:30:03.913,1.18425,1.18431,1.50,1.00
2014.11.24 15:30:04.064,1.18421,1.18427,3.00,1.00
2014.11.24 15:30:04.823,1.18418,1.18423,1.00,1.00
2014.11.24 15:30:04.975,1.18416,1.18422,1.00,1.00
2014.11.24 15:30:05.485,1.18416,1.18421,1.00,1.00
2014.11.24 15:30:06.473,1.18417,1.18421,1.00,1.50
2014.11.24 15:30:06.993,1.18416,1.18421,1.00,1.50
2014.11.24 15:30:08.438,1.18417,1.18421,1.00,1.25
2014.11.24 15:30:08.945,1.18416,1.18422,1.50,3.94
2014.11.24 15:30:09.265,1.18417,1.18423,1.50,3.19
2014.11.24 15:30:09.771,1.18416,1.18421,3.19,1.00
2014.11.24 15:30:10.277,1.18416,1.1842,1.50,1.00
2014.11.24 15:30:10.783,1.18415,1.18421,3.19,1.00
2014.11.24 15:30:11.237,1.18418,1.18421,1.00,1.00
2014.11.24 15:30:11.439,1.18416,1.1842,1.69,1.00
2014.11.24 15:30:11.541,1.18416,1.18422,1.25,2.44
2014.11.24 15:30:11.642,1.18415,1.1842,3.94,1.00
2014.11.24 15:30:11.998,1.18414,1.18416,1.00,1.00
2014.11.24 15:30:12.049,1.18414,1.18416,1.00,1.50
2014.11.24 15:30:12.100,1.18412,1.18416,1.00,2.25
2014.11.24 15:30:12.605,1.18413,1.18415,1.00,1.00
2014.11.24 15:30:13.012,1.18411,1.18414,2.44,1.00
2014.11.24 15:30:13.541,1.18412,1.18414,1.00,1.00
2014.11.24 15:30:14.031,1.18413,1.18416,1.00,1.25
2014.11.24 15:30:14.132,1.18413,1.18418,1.00,2.44
2014.11.24 15:30:14.638,1.18413,1.18417,1.50,1.00
2014.11.24 15:30:15.097,1.18413,1.18419,1.50,3.19
2014.11.24 15:30:16.132,1.18413,1.18418,1.50,1.25
2014.11.24 15:30:16.762,1.18413,1.18417,1.00,1.00
2014.11.24 15:30:16.864,1.18412,1.18415,2.44,1.00
2014.11.24 15:30:16.965,1.18412,1.18417,3.19,1.00
2014.11.24 15:30:17.268,1.18414,1.18419,1.00,4.69
2014.11.24 15:30:17.621,1.18415,1.18421,2.44,1.25
2014.11.24 15:30:17.722,1.18417,1.18421,1.00,1.00
2014.11.24 15:30:18.279,1.18417,1.18422,1.00,1.25
2014.11.24 15:30:18.936,1.18416,1.18421,2.44,1.50
2014.11.24 15:30:20.277,1.18417,1.1842,1.00,1.00
2014.11.24 15:30:20.802,1.18418,1.18422,1.00,1.00
2014.11.24 15:30:21.306,1.18417,1.18421,1.50,1.00
2014.11.24 15:30:21.811,1.18417,1.1842,1.00,1.00
2014.11.24 15:30:22.339,1.18417,1.18421,1.00,1.00
2014.11.24 15:30:23.009,1.18416,1.18418,1.25,1.00
2014.11.24 15:30:23.061,1.18412,1.18417,1.50,1.50
2014.11.24 15:30:23.569,1.18413,1.18417,1.50,1.50
2014.11.24 15:30:24.074,1.18413,1.18416,1.50,1.00
2014.11.24 15:30:24.581,1.18413,1.18417,1.00,1.00
2014.11.24 15:30:25.260,1.18413,1.18416,1.00,1.00
2014.11.24 15:30:25.766,1.18411,1.18415,1.69,1.00
2014.11.24 15:30:26.170,1.18409,1.18413,1.50,1.00
2014.11.24 15:30:26.473,1.18406,1.1841,1.00,1.50
2014.11.24 15:30:27.180,1.18405,1.1841,1.50,1.00
2014.11.24 15:30:28.875,1.18404,1.18408,1.50,1.00
2014.11.24 15:30:29.381,1.18403,1.18408,1.50,1.00
2014.11.24 15:30:29.684,1.18405,1.18409,1.00,1.00
2014.11.24 15:30:30.096,1.18403,1.18408,1.50,1.00
2014.11.24 15:30:31.764,1.18403,1.18407,1.00,1.00
2014.11.24 15:30:31.865,1.18401,1.18406,3.19,1.00
2014.11.24 15:30:32.017,1.184,1.18404,1.50,1.00
2014.11.24 15:30:32.755,1.18401,1.18404,1.00,1.00
2014.11.24 15:30:33.275,1.184,1.18404,1.69,1.00
2014.11.24 15:30:33.931,1.18401,1.18404,1.00,1.00
2014.11.24 15:30:33.982,1.18401,1.18406,1.50,1.00
2014.11.24 15:30:34.133,1.18401,1.18404,1.00,1.00
2014.11.24 15:30:34.285,1.18399,1.18404,2.44,1.50
2014.11.24 15:30:34.803,1.184,1.18404,1.00,1.50
2014.11.24 15:30:35.308,1.18401,1.18404,1.00,1.00
2014.11.24 15:30:35.863,1.18401,1.18405,1.00,1.00
2014.11.24 15:30:36.015,1.18403,1.18405,1.00,1.00
2014.11.24 15:30:36.420,1.18401,1.18406,1.50,1.00
2014.11.24 15:30:36.874,1.18403,1.18406,1.00,1.50
2014.11.24 15:30:37.076,1.18401,1.18405,1.00,1.00
2014.11.24 15:30:38.786,1.18401,1.18406,1.50,1.50
2014.11.24 15:30:38.888,1.18404,1.18406,1.00,1.50
2014.11.24 15:30:39.191,1.18401,1.18405,2.44,1.00
2014.11.24 15:30:40.990,1.18401,1.18406,1.50,1.00
2014.11.24 15:30:41.041,1.18403,1.18406,1.00,1.00
2014.11.24 15:30:41.445,1.18404,1.18408,1.00,2.25
2014.11.24 15:30:41.950,1.18405,1.18408,1.00,1.50
2014.11.24 15:30:42.152,1.18403,1.18408,1.50,1.00
2014.11.24 15:30:42.254,1.18403,1.18406,1.00,1.00
2014.11.24 15:30:43.276,1.18404,1.18406,1.00,1.00
2014.11.24 15:30:43.816,1.18404,1.18408,1.00,1.00
2014.11.24 15:30:44.706,1.18403,1.18408,2.25,1.50
2014.11.24 15:30:44.807,1.18406,1.18408,1.00,1.50
2014.11.24 15:30:45.110,1.18402,1.18405,1.25,1.00
2014.11.24 15:30:45.615,1.18401,1.18405,1.50,1.00
2014.11.24 15:30:46.622,1.18401,1.18404,1.00,1.00
2014.11.24 15:30:52.154,1.18401,1.18406,1.00,3.19
2014.11.24 15:30:52.700,1.18401,1.18405,2.25,1.00
2014.11.24 15:30:54.759,1.18402,1.18405,1.00,1.00
2014.11.24 15:30:55.307,1.18401,1.18405,1.50,1.00
2014.11.24 15:30:56.082,1.18401,1.18406,1.50,1.69
2014.11.24 15:30:56.591,1.18401,1.18405,2.25,1.00
2014.11.24 15:30:58.375,1.184,1.18406,1.50,1.69
2014.11.24 15:30:58.883,1.18401,1.18405,1.00,1.00
2014.11.24 15:30:59.388,1.184,1.18405,1.25,1.00
2014.11.24 15:31:00.932,1.18399,1.18402,1.69,1.00
2014.11.24 15:31:00.983,1.18397,1.18401,3.19,1.00
2014.11.24 15:31:01.034,1.18397,1.18399,1.50,1.00
2014.11.24 15:31:01.136,1.18394,1.18398,1.50,1.00
2014.11.24 15:31:01.389,1.18392,1.18397,1.00,1.69
2014.11.24 15:31:01.896,1.18391,1.18397,1.00,1.00
2014.11.24 15:31:01.946,1.18393,1.18398,1.00,1.00
2014.11.24 15:31:02.149,1.18395,1.18401,1.50,2.44
2014.11.24 15:31:02.503,1.18392,1.184,3.19,1.50
2014.11.24 15:31:02.604,1.18394,1.184,1.00,1.50
2014.11.24 15:31:03.109,1.18393,1.18399,1.00,1.00
2014.11.24 15:31:04.017,1.18394,1.184,1.00,1.69
2014.11.24 15:31:04.371,1.18394,1.18398,1.50,1.00
2014.11.24 15:31:04.675,1.18397,1.18401,1.50,1.00
2014.11.24 15:31:04.954,1.18399,1.18404,1.00,2.44
2014.11.24 15:31:06.018,1.18399,1.18403,1.69,1.00
2014.11.24 15:31:06.624,1.184,1.18404,1.00,1.50
2014.11.24 15:31:07.129,1.18401,1.18405,1.50,1.00
2014.11.24 15:31:07.509,1.18403,1.18406,1.00,1.00
2014.11.24 15:31:08.016,1.18403,1.18405,1.00,1.00
2014.11.24 15:31:08.637,1.18402,1.18405,1.00,1.50
2014.11.24 15:31:09.315,1.18403,1.18405,1.00,1.50
2014.11.24 15:31:09.418,1.18399,1.18403,1.00,1.00
2014.11.24 15:31:09.519,1.18398,1.184,1.00,1.00
2014.11.24 15:31:09.772,1.18393,1.18396,1.50,1.25
2014.11.24 15:31:10.279,1.18391,1.18395,1.50,2.44
2014.11.24 15:31:10.785,1.18389,1.18392,1.00,1.00
2014.11.24 15:31:10.937,1.18387,1.18391,1.50,1.00
2014.11.24 15:31:11.090,1.18389,1.18391,1.00,1.00
2014.11.24 15:31:11.602,1.18389,1.18392,1.00,2.44
2014.11.24 15:31:12.060,1.18387,1.1839,1.00,1.00
2014.11.24 15:31:12.617,1.18386,1.1839,1.00,1.69
2014.11.24 15:31:13.148,1.18385,1.18389,1.50,1.00
2014.11.24 15:31:13.451,1.18385,1.18386,1.00,1.00
2014.11.24 15:31:13.553,1.1838,1.18385,2.25,1.50
2014.11.24 15:31:14.006,1.18382,1.18386,1.00,3.94
2014.11.24 15:31:14.474,1.18384,1.18387,1.00,3.19
2014.11.24 15:31:14.575,1.18384,1.18389,1.00,5.44
2014.11.24 15:31:15.106,1.18384,1.18388,1.00,1.00
2014.11.24 15:31:15.310,1.18383,1.18385,1.00,1.00
2014.11.24 15:31:15.361,1.18381,1.18385,1.00,1.00
2014.11.24 15:31:16.690,1.1838,1.18385,2.25,1.69
2014.11.24 15:31:17.214,1.1838,1.18384,1.50,1.25
2014.11.24 15:31:17.365,1.18382,1.18385,1.00,1.00
2014.11.24 15:31:17.669,1.18385,1.18388,1.00,2.44
2014.11.24 15:31:17.770,1.18383,1.18387,1.50,2.44
2014.11.24 15:31:17.821,1.18383,1.18385,1.00,1.00
2014.11.24 15:31:17.872,1.18381,1.18385,1.00,1.00
2014.11.24 15:31:18.378,1.18382,1.18386,1.00,3.94
2014.11.24 15:31:18.882,1.18382,1.18385,1.00,1.25
2014.11.24 15:31:19.288,1.18381,1.18383,1.50,1.00
2014.11.24 15:31:19.793,1.18381,1.18384,1.50,1.00
2014.11.24 15:31:20.096,1.18385,1.18388,1.00,1.00
2014.11.24 15:31:20.298,1.18385,1.1839,3.19,1.00
2014.11.24 15:31:20.703,1.18387,1.18391,1.00,2.44
2014.11.24 15:31:21.037,1.18385,1.18389,1.00,1.00
2014.11.24 15:31:21.584,1.18386,1.1839,1.00,1.00
2014.11.24 15:31:22.311,1.18387,1.18391,1.00,2.25
2014.11.24 15:31:22.884,1.18387,1.18392,1.00,3.19
2014.11.24 15:31:23.510,1.18388,1.18392,1.00,1.00
2014.11.24 15:31:25.324,1.18387,1.18392,4.69,1.00
2014.11.24 15:31:25.830,1.18387,1.18391,1.00,2.44
2014.11.24 15:31:32.255,1.18387,1.1839,1.00,1.00
2014.11.24 15:31:33.849,1.18388,1.18391,1.00,1.00
2014.11.24 15:31:34.366,1.18388,1.18392,1.00,1.00
2014.11.24 15:31:35.324,1.18387,1.18392,2.25,1.69
2014.11.24 15:31:35.627,1.1839,1.18392,1.00,1.50
2014.11.24 15:31:35.830,1.18391,1.18395,1.50,1.50
2014.11.24 15:31:36.133,1.18393,1.18396,1.00,2.25
2014.11.24 15:31:38.638,1.18392,1.18396,1.50,1.50
2014.11.24 15:31:39.188,1.18393,1.18396,1.00,1.00
2014.11.24 15:31:39.340,1.18391,1.18396,1.50,1.50
2014.11.24 15:31:39.593,1.18391,1.18394,2.25,1.00
2014.11.24 15:31:39.795,1.18391,1.18396,3.00,2.25
2014.11.24 15:31:40.200,1.18391,1.18393,1.00,1.00
2014.11.24 15:31:40.320,1.18389,1.18392,1.00,1.50
2014.11.24 15:31:40.372,1.18389,1.18391,1.00,1.00
2014.11.24 15:31:40.423,1.18387,1.18389,1.00,1.00
2014.11.24 15:31:40.474,1.18386,1.18389,1.00,2.50
2014.11.24 15:31:40.525,1.18384,1.18386,1.00,1.00
2014.11.24 15:31:40.628,1.18382,1.18385,1.00,1.50
2014.11.24 15:31:40.882,1.18382,1.18387,1.50,1.50
2014.11.24 15:31:41.034,1.18384,1.18387,1.00,1.00
2014.11.24 15:31:41.135,1.18384,1.18389,1.69,1.50
2014.11.24 15:31:41.337,1.18386,1.1839,1.00,2.25
2014.11.24 15:31:41.842,1.18386,1.18391,1.69,1.00
2014.11.24 15:31:42.348,1.18387,1.18391,1.25,1.00
2014.11.24 15:31:42.652,1.18388,1.18393,1.00,3.94
2014.11.24 15:31:43.309,1.18388,1.18392,1.00,1.00
2014.11.24 15:31:44.471,1.18388,1.18393,1.00,3.19
2014.11.24 15:31:45.709,1.18388,1.18392,1.00,1.50
2014.11.24 15:31:45.810,1.18388,1.1839,1.00,1.50
2014.11.24 15:31:46.156,1.18381,1.18384,1.00,1.00
2014.11.24 15:31:46.661,1.18381,1.18385,1.00,1.00
2014.11.24 15:31:46.965,1.1838,1.18383,1.69,1.00
2014.11.24 15:31:47.975,1.18379,1.18383,1.69,1.00
2014.11.24 15:31:48.278,1.18382,1.18383,1.00,1.00
2014.11.24 15:31:48.379,1.18384,1.18387,1.00,2.25
2014.11.24 15:31:48.581,1.18382,1.18385,1.00,1.00
2014.11.24 15:31:49.087,1.18381,1.18385,1.00,1.50
2014.11.24 15:31:49.491,1.18384,1.18386,1.00,1.50
2014.11.24 15:31:49.592,1.18385,1.18388,1.00,1.00
2014.11.24 15:31:49.895,1.18387,1.1839,1.00,1.00
2014.11.24 15:31:50.408,1.18387,1.18391,1.00,2.44
2014.11.24 15:31:51.124,1.18387,1.1839,1.00,1.00
2014.11.24 15:31:51.641,1.18387,1.18391,1.00,2.25
2014.11.24 15:31:51.944,1.18385,1.18389,2.25,1.00
2014.11.24 15:31:54.936,1.18386,1.18389,1.00,1.00
2014.11.24 15:31:55.252,1.18385,1.18387,1.50,1.00
2014.11.24 15:31:55.353,1.18382,1.18385,1.50,1.50
2014.11.24 15:31:55.858,1.18381,1.18385,1.00,1.50
2014.11.24 15:31:56.580,1.18383,1.18385,1.00,1.00
2014.11.24 15:31:56.682,1.18383,1.18387,1.50,1.50
2014.11.24 15:31:56.784,1.18385,1.18387,1.00,1.00
2014.11.24 15:31:56.886,1.18383,1.18387,2.25,1.50
2014.11.24 15:31:57.037,1.18381,1.18385,1.50,1.00
2014.11.24 15:31:57.964,1.18383,1.18385,1.00,1.00
2014.11.24 15:31:58.065,1.18384,1.18387,1.50,1.00
2014.11.24 15:31:58.570,1.18384,1.18388,1.50,1.00
2014.11.24 15:31:58.878,1.18384,1.18386,1.00,1.00
2014.11.24 15:31:59.081,1.18381,1.18385,1.00,1.00
2014.11.24 15:32:00.200,1.18382,1.18385,1.00,1.00
2014.11.24 15:32:00.251,1.18383,1.18387,1.00,1.00
2014.11.24 15:32:01.007,1.18384,1.18387,1.00,1.69
2014.11.24 15:32:01.058,1.18386,1.1839,1.00,1.50
2014.11.24 15:32:01.590,1.18387,1.1839,1.00,1.00
2014.11.24 15:32:01.692,1.18388,1.18392,1.00,1.00
2014.11.24 15:32:03.963,1.1839,1.18394,1.00,3.19
2014.11.24 15:32:04.368,1.18392,1.18395,1.00,1.00
2014.11.24 15:32:05.456,1.1839,1.18394,1.50,1.50
2014.11.24 15:32:06.328,1.1839,1.18393,1.00,1.00
2014.11.24 15:32:09.758,1.18389,1.18392,1.00,1.50
2014.11.24 15:32:10.285,1.18388,1.18392,1.00,1.50
2014.11.24 15:32:13.004,1.1839,1.18394,1.00,1.50
2014.11.24 15:32:13.314,1.18392,1.18396,1.00,3.94
2014.11.24 15:32:13.819,1.18392,1.18396,1.00,1.50
2014.11.24 15:32:15.719,1.18392,1.18395,1.00,1.00
2014.11.24 15:32:16.022,1.1839,1.18394,1.00,1.50
2014.11.24 15:32:16.123,1.18389,1.18392,1.00,1.00
2014.11.24 15:32:16.628,1.18388,1.18392,1.69,1.00
2014.11.24 15:32:17.537,1.18388,1.1839,1.00,1.00
2014.11.24 15:32:17.840,1.18386,1.1839,2.44,1.00
2014.11.24 15:32:23.785,1.18388,1.1839,1.00,1.00
2014.11.24 15:32:24.290,1.18387,1.1839,1.00,1.50
2014.11.24 15:32:24.845,1.18386,1.1839,2.44,1.50
2014.11.24 15:32:25.363,1.18386,1.18389,1.00,1.00
2014.11.24 15:32:27.033,1.18386,1.1839,1.00,2.25
2014.11.24 15:32:27.363,1.18388,1.18391,1.00,1.00
2014.11.24 15:32:27.872,1.18388,1.1839,1.00,1.00
2014.11.24 15:32:28.226,1.18386,1.18389,1.50,1.00
2014.11.24 15:32:30.190,1.18386,1.1839,1.00,1.00
2014.11.24 15:32:30.241,1.18388,1.18391,1.00,1.00
2014.11.24 15:32:30.897,1.18388,1.18392,1.00,2.44
2014.11.24 15:32:31.313,1.1839,1.18393,1.00,1.00
2014.11.24 15:32:31.827,1.1839,1.18394,1.00,2.25
2014.11.24 15:32:37.766,1.18392,1.18394,1.00,1.50
2014.11.24 15:32:38.271,1.1839,1.18393,1.00,1.50
2014.11.24 15:32:38.321,1.18389,1.18391,1.69,1.00
2014.11.24 15:32:38.675,1.18387,1.18391,1.25,1.50
2014.11.24 15:32:38.928,1.18387,1.18389,1.00,1.00
2014.11.24 15:32:42.022,1.18387,1.1839,1.00,3.19
2014.11.24 15:32:42.779,1.18387,1.18391,1.00,2.44
2014.11.24 15:32:43.770,1.18388,1.18391,1.00,1.50
2014.11.24 15:32:43.872,1.18389,1.18393,1.00,1.50
2014.11.24 15:32:45.012,1.18391,1.18394,1.00,1.50
2014.11.24 15:32:48.917,1.18391,1.18395,1.50,2.25
2014.11.24 15:32:50.000,1.18392,1.18395,1.00,1.00
2014.11.24 15:32:50.304,1.18394,1.18397,1.00,1.50
2014.11.24 15:32:53.262,1.18394,1.18396,1.00,1.00
2014.11.24 15:32:53.819,1.18391,1.18395,2.25,1.00
2014.11.24 15:32:56.784,1.18392,1.18395,1.00,1.00
2014.11.24 15:32:56.986,1.18393,1.18397,1.00,1.50
2014.11.24 15:32:57.515,1.18393,1.18396,1.00,1.00
2014.11.24 15:32:58.777,1.18393,1.18397,1.50,2.44
2014.11.24 15:33:06.276,1.18395,1.18397,1.00,1.00
2014.11.24 15:33:06.529,1.18402,1.18406,1.00,1.50
2014.11.24 15:33:06.681,1.18404,1.18406,1.25,1.00
2014.11.24 15:33:06.782,1.18405,1.18409,1.00,1.00
2014.11.24 15:33:07.518,1.18405,1.18408,1.00,1.00
2014.11.24 15:33:07.569,1.18403,1.18407,2.25,1.00
2014.11.24 15:33:07.721,1.18403,1.18404,1.00,1.00
2014.11.24 15:33:07.772,1.18401,1.18404,1.50,1.50
2014.11.24 15:33:08.278,1.18402,1.18405,1.00,1.00
2014.11.24 15:33:09.674,1.18402,1.18406,1.50,3.00
2014.11.24 15:33:10.988,1.18402,1.18405,1.00,1.00
2014.11.24 15:33:11.089,1.184,1.18404,1.00,1.50
2014.11.24 15:33:11.190,1.18399,1.18402,1.00,3.00
2014.11.24 15:33:11.264,1.18396,1.184,2.44,2.25
2014.11.24 15:33:11.468,1.18394,1.18398,1.50,1.00
2014.11.24 15:33:12.377,1.18395,1.18398,1.00,1.00
2014.11.24 15:33:12.680,1.18398,1.18399,1.00,1.50
2014.11.24 15:33:12.731,1.18398,1.18401,1.00,1.00
2014.11.24 15:33:13.085,1.18399,1.18403,1.50,3.19
2014.11.24 15:33:13.187,1.18401,1.18404,1.00,2.44
2014.11.24 15:33:13.720,1.18401,1.18405,1.50,1.50
2014.11.24 15:33:14.024,1.18403,1.18406,1.00,1.50
2014.11.24 15:33:14.535,1.18403,1.18405,1.00,1.00
2014.11.24 15:33:16.712,1.18403,1.18406,1.00,1.69
2014.11.24 15:33:17.269,1.18403,1.18407,1.00,2.25
2014.11.24 15:33:19.626,1.18403,1.18406,1.00,1.00
2014.11.24 15:33:19.780,1.18401,1.18405,1.00,1.00
2014.11.24 15:33:20.033,1.18401,1.18402,1.00,1.00
2014.11.24 15:33:20.083,1.18397,1.18401,2.25,1.00
2014.11.24 15:33:20.489,1.18399,1.18402,1.00,1.00
2014.11.24 15:33:21.247,1.18399,1.18403,1.00,1.50
2014.11.24 15:33:21.550,1.18397,1.18401,1.00,1.00
2014.11.24 15:33:22.055,1.18397,1.184,1.00,1.50
2014.11.24 15:33:22.106,1.18395,1.18399,1.50,1.00
2014.11.24 15:33:23.025,1.18395,1.18398,1.00,1.00
2014.11.24 15:33:23.397,1.18393,1.18397,1.50,1.00
2014.11.24 15:33:25.554,1.18394,1.18397,1.00,1.00
2014.11.24 15:33:25.756,1.18397,1.18399,1.00,1.50
2014.11.24 15:33:25.908,1.184,1.18404,6.25,1.00
2014.11.24 15:33:26.060,1.18402,1.18406,1.50,3.19
2014.11.24 15:33:26.211,1.18404,1.18406,1.00,1.00
2014.11.24 15:33:26.725,1.18404,1.18407,1.00,1.69
2014.11.24 15:33:27.315,1.18404,1.18406,1.00,1.00
2014.11.24 15:33:28.127,1.18402,1.18406,1.00,1.50
2014.11.24 15:33:29.982,1.18402,1.18407,1.00,2.44
2014.11.24 15:33:30.494,1.18403,1.18407,1.00,1.00
2014.11.24 15:33:30.797,1.18404,1.18409,1.00,1.69
2014.11.24 15:33:35.712,1.18404,1.18408,1.50,1.00
2014.11.24 15:33:37.415,1.18403,1.18408,1.50,1.50
2014.11.24 15:33:37.920,1.18402,1.18407,3.00,1.00
2014.11.24 15:33:43.352,1.18402,1.18406,2.25,1.00
2014.11.24 15:33:43.858,1.184,1.18404,1.00,1.00
2014.11.24 15:33:44.314,1.184,1.18401,1.00,1.00
2014.11.24 15:33:44.365,1.18397,1.18401,1.00,1.00
2014.11.24 15:33:44.618,1.18399,1.18402,1.00,1.00
2014.11.24 15:33:45.960,1.18399,1.184,1.00,1.00
2014.11.24 15:33:46.011,1.18397,1.184,1.00,1.00
2014.11.24 15:33:47.567,1.18399,1.18403,1.00,1.50
2014.11.24 15:33:47.720,1.18401,1.18404,1.00,1.00
2014.11.24 15:33:48.075,1.18401,1.18406,1.50,2.44
2014.11.24 15:33:48.580,1.18401,1.18405,1.50,1.00
2014.11.24 15:33:49.111,1.18401,1.18406,1.50,2.44
2014.11.24 15:33:49.667,1.18402,1.18406,1.00,1.25
2014.11.24 15:33:50.172,1.18401,1.18405,1.50,1.00
2014.11.24 15:33:50.696,1.18402,1.18406,1.00,1.50
2014.11.24 15:33:51.202,1.18401,1.18406,1.50,1.50
2014.11.24 15:33:51.435,1.184,1.18404,1.50,1.00
2014.11.24 15:33:51.688,1.18397,1.18402,1.00,1.50
2014.11.24 15:33:51.991,1.184,1.18404,1.00,1.00
2014.11.24 15:33:52.296,1.18402,1.18406,1.00,1.50
2014.11.24 15:33:52.852,1.18402,1.18407,1.00,1.25
2014.11.24 15:33:53.358,1.18402,1.18406,1.00,1.50
2014.11.24 15:33:53.864,1.18403,1.18406,1.00,1.00
2014.11.24 15:33:54.066,1.18403,1.18408,1.00,2.44
2014.11.24 15:33:54.589,1.18402,1.18407,1.50,1.00
2014.11.24 15:33:55.096,1.18402,1.18406,1.00,1.50
2014.11.24 15:33:55.703,1.18402,1.18408,1.50,3.94
2014.11.24 15:33:56.309,1.18403,1.18407,1.00,1.50
2014.11.24 15:33:56.962,1.18404,1.18407,1.00,1.50
2014.11.24 15:33:57.366,1.18406,1.18408,1.00,1.00
2014.11.24 15:33:57.670,1.18409,1.18411,1.00,1.50
2014.11.24 15:33:57.923,1.18412,1.18416,1.00,1.50
2014.11.24 15:33:58.226,1.18409,1.18415,3.19,2.44
2014.11.24 15:33:58.832,1.18409,1.18414,2.44,1.00
2014.11.24 15:33:59.337,1.1841,1.18414,1.00,1.50
2014.11.24 15:33:59.843,1.1841,1.18413,1.00,1.00
2014.11.24 15:34:00.366,1.18409,1.18413,1.50,1.50
2014.11.24 15:34:01.349,1.18409,1.18412,1.50,1.00
2014.11.24 15:34:01.971,1.18409,1.18413,1.50,1.50
2014.11.24 15:34:02.640,1.18409,1.18412,1.50,1.00
2014.11.24 15:34:03.462,1.18409,1.18413,1.00,1.69
2014.11.24 15:34:03.872,1.18409,1.18411,1.00,1.00
2014.11.24 15:34:04.023,1.18407,1.18412,1.00,1.50
2014.11.24 15:34:05.547,1.18407,1.1841,1.00,1.00
2014.11.24 15:34:06.457,1.18406,1.1841,1.00,2.25
2014.11.24 15:34:07.373,1.18406,1.18411,1.50,1.00
2014.11.24 15:34:07.878,1.18407,1.1841,1.00,1.00
2014.11.24 15:34:08.383,1.18408,1.1841,1.00,1.00
2014.11.24 15:34:08.786,1.18406,1.1841,1.50,1.00
2014.11.24 15:34:09.190,1.18408,1.1841,1.00,1.00
2014.11.24 15:34:09.292,1.18408,1.18412,1.00,1.00
2014.11.24 15:34:10.291,1.18408,1.18411,1.00,1.00
2014.11.24 15:34:10.796,1.18407,1.1841,1.00,1.00
2014.11.24 15:34:10.948,1.18405,1.1841,1.00,1.50
2014.11.24 15:34:11.453,1.18405,1.18408,1.00,1.00
2014.11.24 15:34:11.957,1.18405,1.18409,1.00,1.00
2014.11.24 15:34:12.462,1.18406,1.1841,1.00,2.25
2014.11.24 15:34:13.476,1.18408,1.18411,1.00,1.00
2014.11.24 15:34:13.791,1.18413,1.18416,1.00,1.00
2014.11.24 15:34:14.144,1.18413,1.18418,2.44,1.50
2014.11.24 15:34:14.649,1.18413,1.18417,1.00,1.50
2014.11.24 15:34:15.412,1.18414,1.18417,1.25,1.00
2014.11.24 15:34:15.917,1.18414,1.18419,1.25,2.25
2014.11.24 15:34:16.422,1.18415,1.18419,1.00,2.25
2014.11.24 15:34:17.223,1.18414,1.18418,1.00,1.50
2014.11.24 15:34:17.828,1.18415,1.18419,1.00,1.50
2014.11.24 15:34:18.333,1.18416,1.1842,1.00,1.50
2014.11.24 15:34:18.788,1.18414,1.18419,1.50,2.25
2014.11.24 15:34:19.624,1.18414,1.18418,1.00,1.00
2014.11.24 15:34:20.129,1.18413,1.18417,2.25,1.00
2014.11.24 15:34:21.051,1.18413,1.18418,1.69,1.50
2014.11.24 15:34:21.355,1.18415,1.18419,1.00,3.19
2014.11.24 15:34:23.274,1.18414,1.18419,3.19,1.00
2014.11.24 15:34:23.762,1.18416,1.18419,1.00,1.00
2014.11.24 15:34:24.217,1.18416,1.18421,2.25,1.00
2014.11.24 15:34:26.518,1.18417,1.18421,1.00,1.00
2014.11.24 15:34:27.729,1.18416,1.1842,2.25,1.00
2014.11.24 15:34:28.385,1.18415,1.1842,1.69,2.25
2014.11.24 15:34:29.157,1.18415,1.18419,1.00,1.00
2014.11.24 15:34:31.647,1.18414,1.18418,3.19,1.00
2014.11.24 15:34:32.658,1.18415,1.18418,1.00,1.00
2014.11.24 15:34:33.162,1.18415,1.18419,1.00,1.00
2014.11.24 15:34:33.849,1.18415,1.1842,1.00,2.25
2014.11.24 15:34:34.473,1.18415,1.18419,1.00,1.00
2014.11.24 15:34:35.489,1.18414,1.18418,1.69,1.00
2014.11.24 15:34:36.008,1.18414,1.18417,1.00,1.00
2014.11.24 15:34:37.018,1.18413,1.18417,1.00,1.50
2014.11.24 15:34:41.202,1.18414,1.18418,1.00,1.00
2014.11.24 15:34:41.732,1.18415,1.18419,1.00,1.00
2014.11.24 15:34:44.621,1.18414,1.18418,1.50,1.00
2014.11.24 15:34:45.614,1.18414,1.18419,1.50,2.25
2014.11.24 15:34:49.156,1.18415,1.18419,1.00,1.00
2014.11.24 15:34:49.726,1.18414,1.18419,2.25,1.00
2014.11.24 15:34:50.345,1.18414,1.18418,1.50,1.00
2014.11.24 15:34:51.082,1.18413,1.18417,1.00,1.00
2014.11.24 15:34:59.382,1.18412,1.18416,5.44,1.00
2014.11.24 15:35:00.507,1.18413,1.18417,1.00,1.69
2014.11.24 15:35:03.307,1.18414,1.18418,1.00,3.19
2014.11.24 15:35:03.862,1.18414,1.18419,1.50,1.69
2014.11.24 15:35:04.618,1.18415,1.18419,1.00,1.25
2014.11.24 15:35:05.150,1.18414,1.18418,2.25,1.00
2014.11.24 15:35:05.656,1.18415,1.18419,1.00,1.00
2014.11.24 15:35:05.916,1.18414,1.18417,1.50,1.00
2014.11.24 15:35:06.118,1.18408,1.18414,3.19,1.00
2014.11.24 15:35:06.169,1.18408,1.18412,1.50,1.50
2014.11.24 15:35:06.320,1.18405,1.1841,1.50,1.00
2014.11.24 15:35:06.422,1.18405,1.18408,1.50,1.00
2014.11.24 15:35:06.927,1.18404,1.18408,2.44,1.00
2014.11.24 15:35:07.543,1.18405,1.18408,1.00,1.00
2014.11.24 15:35:09.494,1.18405,1.18409,1.00,3.00
2014.11.24 15:35:10.124,1.18404,1.18409,2.44,2.25
2014.11.24 15:35:10.657,1.18405,1.18409,1.00,1.00
2014.11.24 15:35:11.270,1.18406,1.1841,1.00,2.44
2014.11.24 15:35:11.777,1.18407,1.18411,1.00,11.44
2014.11.24 15:35:12.288,1.18407,1.1841,1.00,1.00
2014.11.24 15:35:13.142,1.18406,1.1841,1.25,2.25
2014.11.24 15:35:15.398,1.18405,1.1841,3.94,2.44
2014.11.24 15:35:16.411,1.18406,1.1841,1.25,1.50
2014.11.24 15:35:16.950,1.18406,1.18411,2.44,2.25
2014.11.24 15:35:17.253,1.18412,1.18416,1.00,1.50
2014.11.24 15:35:17.758,1.18412,1.18417,3.19,1.00
2014.11.24 15:35:19.294,1.18413,1.18417,1.25,1.00
2014.11.24 15:35:19.597,1.18414,1.18419,1.69,2.25
2014.11.24 15:35:20.232,1.18414,1.1842,2.44,3.19
2014.11.24 15:35:20.737,1.18414,1.18418,1.69,1.00
2014.11.24 15:35:21.720,1.18413,1.18418,2.44,1.50
2014.11.24 15:35:22.241,1.18414,1.18418,1.00,1.50
2014.11.24 15:35:22.909,1.18413,1.18418,2.44,1.50
2014.11.24 15:35:23.514,1.18414,1.18418,1.00,1.00
2014.11.24 15:35:23.818,1.18415,1.1842,1.50,1.50
2014.11.24 15:35:24.202,1.18417,1.18421,1.50,1.00
2014.11.24 15:35:24.707,1.18417,1.18422,1.50,1.50
2014.11.24 15:35:25.216,1.18418,1.18422,1.00,1.50
2014.11.24 15:35:27.913,1.18417,1.18421,2.44,1.00
2014.11.24 15:35:29.129,1.18417,1.18422,1.69,2.25
2014.11.24 15:35:30.448,1.18417,1.1842,1.00,1.00
2014.11.24 15:35:30.600,1.18415,1.18419,3.19,1.00
2014.11.24 15:35:31.105,1.18416,1.1842,1.00,1.00
2014.11.24 15:35:33.647,1.18417,1.1842,1.00,1.00
2014.11.24 15:35:33.799,1.18418,1.18422,1.50,1.50
2014.11.24 15:35:34.909,1.18418,1.18421,1.50,1.00
2014.11.24 15:35:35.767,1.18418,1.1842,1.00,1.00
2014.11.24 15:35:35.869,1.18416,1.1842,1.00,2.25
2014.11.24 15:35:36.373,1.18415,1.1842,1.69,2.25
2014.11.24 15:35:36.878,1.18414,1.18419,3.19,1.00
2014.11.24 15:35:37.080,1.18416,1.18419,1.00,1.00
2014.11.24 15:35:37.585,1.18415,1.18418,1.00,1.50
2014.11.24 15:35:37.888,1.18412,1.18415,1.69,2.25
2014.11.24 15:35:38.121,1.18413,1.18418,1.50,3.19
2014.11.24 15:35:38.425,1.18413,1.18416,1.00,1.00
2014.11.24 15:35:38.776,1.18408,1.18413,2.44,1.00
2014.11.24 15:35:39.079,1.18408,1.18411,1.00,1.00
2014.11.24 15:35:39.383,1.18413,1.18416,1.00,1.00
2014.11.24 15:35:39.888,1.18413,1.18417,1.00,1.00
2014.11.24 15:35:40.393,1.18413,1.18418,1.00,2.44
2014.11.24 15:35:42.157,1.18413,1.18417,1.50,1.00
2014.11.24 15:35:42.696,1.18413,1.18416,1.50,1.00
2014.11.24 15:35:43.251,1.18413,1.18417,1.50,1.50
2014.11.24 15:35:43.604,1.18413,1.18414,1.00,1.00
2014.11.24 15:35:43.655,1.1841,1.18414,1.50,1.50
2014.11.24 15:35:43.807,1.18408,1.18413,4.69,1.50
2014.11.24 15:35:44.061,1.1841,1.18415,2.25,1.50
2014.11.24 15:35:44.465,1.1841,1.18413,1.00,1.00
2014.11.24 15:35:44.567,1.18408,1.18413,2.44,1.00
2014.11.24 15:35:45.388,1.18409,1.18413,1.00,1.00
2014.11.24 15:35:45.902,1.18409,1.18414,1.00,1.50
2014.11.24 15:35:46.430,1.18409,1.18413,1.00,1.00
2014.11.24 15:35:46.884,1.18411,1.18415,1.50,1.00
2014.11.24 15:35:47.389,1.18412,1.18416,1.00,1.00
2014.11.24 15:35:54.108,1.18412,1.18415,1.25,1.00
2014.11.24 15:35:54.411,1.18409,1.18413,2.44,1.00
2014.11.24 15:35:54.512,1.18412,1.18415,1.00,3.19
2014.11.24 15:35:55.168,1.18411,1.18415,1.50,1.00
2014.11.24 15:35:55.706,1.18411,1.18414,1.00,1.00
2014.11.24 15:35:56.215,1.18412,1.18415,1.00,1.00
2014.11.24 15:35:57.438,1.18411,1.18414,1.00,1.00
2014.11.24 15:35:57.943,1.1841,1.18414,1.00,3.00
2014.11.24 15:35:58.467,1.1841,1.18413,1.00,1.00
2014.11.24 15:35:59.003,1.1841,1.18414,1.00,1.50
2014.11.24 15:36:00.223,1.18409,1.18412,1.00,1.00
2014.11.24 15:36:02.087,1.1841,1.18412,1.25,1.00
2014.11.24 15:36:02.290,1.18413,1.18416,1.00,1.00
2014.11.24 15:36:03.501,1.18413,1.18417,1.00,2.25
2014.11.24 15:36:06.319,1.18412,1.18416,2.44,1.00
2014.11.24 15:36:06.521,1.18411,1.18414,1.00,1.00
2014.11.24 15:36:06.723,1.18409,1.18413,2.44,1.50
2014.11.24 15:36:07.228,1.18408,1.18412,1.00,2.25
2014.11.24 15:36:07.732,1.18407,1.18411,1.00,1.00
2014.11.24 15:36:08.035,1.18405,1.1841,2.25,1.00
2014.11.24 15:36:08.572,1.18405,1.18409,1.00,1.00
2014.11.24 15:36:08.839,1.18405,1.18407,1.00,1.00
2014.11.24 15:36:08.941,1.18402,1.18406,1.00,1.00
2014.11.24 15:36:09.193,1.18404,1.18407,1.00,1.00
2014.11.24 15:36:09.244,1.18405,1.18409,1.00,1.25
2014.11.24 15:36:09.750,1.18406,1.18409,1.50,1.00
2014.11.24 15:36:10.281,1.18406,1.1841,1.50,1.50
2014.11.24 15:36:11.354,1.18407,1.18411,1.00,1.50
2014.11.24 15:36:11.879,1.18406,1.1841,1.50,1.00
2014.11.24 15:36:12.963,1.18406,1.18409,1.00,1.00
2014.11.24 15:36:14.388,1.18406,1.1841,1.50,1.50
2014.11.24 15:36:15.555,1.18406,1.18409,1.00,1.00
2014.11.24 15:36:15.859,1.18403,1.18408,3.19,1.00
2014.11.24 15:36:16.365,1.18403,1.18404,1.00,1.00
2014.11.24 15:36:16.415,1.184,1.18404,4.69,1.00
2014.11.24 15:36:17.627,1.18401,1.18405,1.00,1.50
2014.11.24 15:36:18.563,1.184,1.18404,2.25,1.00
2014.11.24 15:36:20.001,1.18401,1.18405,1.00,1.00
2014.11.24 15:36:22.085,1.184,1.18405,2.25,1.00
2014.11.24 15:36:24.592,1.184,1.18404,1.50,1.00
2014.11.24 15:36:25.511,1.18401,1.18405,1.00,1.00
2014.11.24 15:36:26.017,1.184,1.18404,3.19,1.00
2014.11.24 15:36:27.700,1.184,1.18405,1.50,1.50
2014.11.24 15:36:29.510,1.184,1.18406,2.25,3.19
2014.11.24 15:36:30.035,1.18401,1.18405,1.00,1.00
2014.11.24 15:36:30.570,1.18401,1.18406,1.00,2.25
2014.11.24 15:36:31.090,1.18402,1.18406,1.50,1.00
2014.11.24 15:36:31.544,1.18402,1.18408,1.00,1.50
2014.11.24 15:36:32.434,1.18402,1.18407,1.50,1.00
2014.11.24 15:36:32.939,1.18402,1.18406,1.00,1.00
2014.11.24 15:36:33.243,1.18401,1.18403,1.00,1.50
2014.11.24 15:36:33.546,1.18394,1.18398,2.25,2.44
2014.11.24 15:36:34.605,1.18394,1.18397,1.50,1.00
2014.11.24 15:36:35.110,1.18394,1.18396,1.00,1.00
2014.11.24 15:36:36.781,1.18393,1.18396,1.50,1.00
2014.11.24 15:36:38.262,1.18394,1.18398,1.00,1.69
2014.11.24 15:36:38.313,1.18397,1.18399,1.00,2.25
2014.11.24 15:36:38.415,1.18398,1.18401,1.50,1.00
2014.11.24 15:36:38.617,1.18396,1.18399,1.25,1.00
2014.11.24 15:36:38.719,1.18394,1.18399,1.50,2.25
2014.11.24 15:36:38.871,1.18394,1.18397,1.50,1.00
2014.11.24 15:36:40.546,1.18394,1.18396,1.00,1.00
2014.11.24 15:36:41.051,1.18393,1.18397,1.00,1.50
2014.11.24 15:36:42.170,1.18392,1.18397,1.50,1.00
2014.11.24 15:36:42.772,1.18393,1.18397,1.00,1.50
2014.11.24 15:36:43.338,1.18393,1.18396,1.00,1.00
2014.11.24 15:36:44.351,1.18394,1.18397,1.00,1.00
2014.11.24 15:36:44.855,1.18394,1.18398,1.00,1.50
2014.11.24 15:36:45.653,1.18396,1.18398,1.00,1.00
2014.11.24 15:36:45.704,1.18396,1.184,1.50,1.00
2014.11.24 15:36:46.158,1.18396,1.18402,5.44,2.25
2014.11.24 15:36:46.780,1.18396,1.18399,1.69,1.50
2014.11.24 15:36:46.881,1.18393,1.18397,2.44,1.00
2014.11.24 15:36:48.499,1.18393,1.18396,1.00,1.00
2014.11.24 15:36:48.852,1.18394,1.18397,1.50,1.00
2014.11.24 15:36:48.903,1.18397,1.18399,1.00,1.00
2014.11.24 15:36:49.004,1.18398,1.18402,1.00,2.25
2014.11.24 15:36:49.257,1.18398,1.184,1.00,1.00
2014.11.24 15:36:49.358,1.18395,1.18398,1.00,1.00
2014.11.24 15:36:49.862,1.18394,1.18398,1.00,1.50
2014.11.24 15:36:52.348,1.18397,1.18398,1.00,1.00
2014.11.24 15:36:52.500,1.18399,1.18403,3.25,1.50
2014.11.24 15:36:53.005,1.184,1.18404,1.00,2.44
2014.11.24 15:36:53.661,1.18398,1.18401,3.19,1.00
2014.11.24 15:36:53.813,1.18397,1.18399,1.00,1.00
2014.11.24 15:36:53.915,1.18395,1.18398,1.50,1.00
2014.11.24 15:36:54.067,1.18393,1.18397,2.25,1.00
2014.11.24 15:36:56.872,1.18394,1.18398,1.00,2.44
2014.11.24 15:36:57.378,1.18395,1.18399,1.00,1.50
2014.11.24 15:36:57.896,1.18394,1.18399,2.44,1.50
2014.11.24 15:36:59.183,1.18397,1.18399,1.00,1.50
2014.11.24 15:36:59.284,1.18398,1.18401,1.00,1.00
2014.11.24 15:36:59.486,1.184,1.18403,1.00,1.00
2014.11.24 15:37:01.032,1.184,1.18404,1.00,2.44
2014.11.24 15:37:03.794,1.18401,1.18404,1.00,1.69
2014.11.24 15:37:04.300,1.18398,1.18402,3.94,1.00
2014.11.24 15:37:05.116,1.18398,1.18401,1.69,1.00
2014.11.24 15:37:05.776,1.18397,1.18401,1.50,1.50
2014.11.24 15:37:05.827,1.18396,1.18399,1.00,1.00
2014.11.24 15:37:05.928,1.18394,1.18398,1.50,1.50
2014.11.24 15:37:06.456,1.18393,1.18397,1.00,1.00
2014.11.24 15:37:06.608,1.18396,1.184,1.00,6.00
2014.11.24 15:37:06.762,1.18397,1.18402,3.00,1.50
2014.11.24 15:37:07.268,1.18398,1.18402,1.00,1.25
2014.11.24 15:37:07.526,1.18398,1.184,1.00,1.00
2014.11.24 15:37:07.627,1.18395,1.18398,1.50,1.00
2014.11.24 15:37:08.031,1.18393,1.18397,3.19,1.50
2014.11.24 15:37:09.320,1.18396,1.18399,1.00,1.00
2014.11.24 15:37:09.624,1.18396,1.18401,1.69,2.44
2014.11.24 15:37:10.145,1.18396,1.18398,1.00,1.00
2014.11.24 15:37:10.195,1.18394,1.18398,1.69,1.00
2014.11.24 15:37:10.726,1.18393,1.18397,1.00,1.00
2014.11.24 15:37:12.055,1.18392,1.18397,2.44,1.50
2014.11.24 15:37:12.585,1.18392,1.18396,1.25,1.50
2014.11.24 15:37:13.195,1.18391,1.18396,2.44,1.50
2014.11.24 15:37:16.263,1.18392,1.18396,1.00,1.50
2014.11.24 15:37:16.567,1.18394,1.18398,2.44,1.00
2014.11.24 15:37:17.072,1.18394,1.18399,1.25,1.50
2014.11.24 15:37:17.679,1.18394,1.18398,3.19,1.00
2014.11.24 15:37:18.240,1.18393,1.18398,3.19,1.00
2014.11.24 15:37:18.558,1.18392,1.18396,4.69,1.50
2014.11.24 15:37:19.063,1.18392,1.18396,1.69,1.00
2014.11.24 15:37:21.588,1.18391,1.18396,3.00,1.50
2014.11.24 15:37:21.891,1.1839,1.18393,1.00,1.00
2014.11.24 15:37:22.408,1.1839,1.18392,1.00,1.00
2014.11.24 15:37:22.582,1.18388,1.18392,1.69,1.00
2014.11.24 15:37:23.091,1.18388,1.18393,1.69,1.50
2014.11.24 15:37:23.596,1.18389,1.18393,1.00,1.50
2014.11.24 15:37:24.130,1.18388,1.18393,2.44,1.50
2014.11.24 15:37:25.517,1.18389,1.18393,1.00,1.00
2014.11.24 15:37:26.574,1.18388,1.18393,2.44,1.00
2014.11.24 15:37:27.129,1.18389,1.18393,1.00,1.00
2014.11.24 15:37:27.685,1.1839,1.18393,1.00,1.00
2014.11.24 15:37:28.199,1.18389,1.18394,1.00,2.44
2014.11.24 15:37:28.718,1.18389,1.18393,1.00,1.00
2014.11.24 15:37:29.227,1.18389,1.18394,1.50,3.19
2014.11.24 15:37:29.788,1.18389,1.18393,1.00,1.00
2014.11.24 15:37:32.316,1.18388,1.18393,3.94,1.50
2014.11.24 15:37:32.968,1.18388,1.18392,2.44,1.00
2014.11.24 15:37:33.987,1.18389,1.18393,1.00,1.00
2014.11.24 15:37:34.907,1.18392,1.18394,1.00,1.25
2014.11.24 15:37:34.957,1.18393,1.18395,2.50,1.00
2014.11.24 15:37:35.008,1.18394,1.18396,1.00,1.00
2014.11.24 15:37:35.160,1.18397,1.184,5.69,1.00
2014.11.24 15:37:35.614,1.18399,1.18403,3.94,1.00
2014.11.24 15:37:38.405,1.184,1.18404,1.00,2.44
2014.11.24 15:37:38.917,1.18399,1.18403,3.19,1.00
2014.11.24 15:37:39.739,1.18401,1.18403,1.00,1.00
2014.11.24 15:37:40.276,1.18401,1.18404,1.00,1.69
2014.11.24 15:37:40.377,1.18399,1.18404,3.19,1.69
2014.11.24 15:37:41.034,1.18399,1.18403,2.44,1.00
2014.11.24 15:37:41.539,1.184,1.18403,1.00,1.00
2014.11.24 15:37:42.051,1.18399,1.18403,1.69,1.00
2014.11.24 15:37:42.735,1.184,1.18404,1.00,3.19
2014.11.24 15:37:42.937,1.18402,1.18406,1.00,1.00
2014.11.24 15:37:43.442,1.18401,1.18406,1.69,1.00
2014.11.24 15:37:44.750,1.18401,1.18407,2.25,3.19
2014.11.24 15:37:45.937,1.18403,1.18407,1.00,1.50
2014.11.24 15:37:46.443,1.18404,1.18408,1.00,1.00
2014.11.24 15:37:47.228,1.18404,1.18407,1.00,1.00
2014.11.24 15:37:47.379,1.18402,1.18407,2.44,1.50
2014.11.24 15:37:48.036,1.18402,1.18406,1.25,1.00
2014.11.24 15:37:48.568,1.18401,1.18406,3.94,1.00
2014.11.24 15:37:49.425,1.18401,1.18405,1.69,1.00
2014.11.24 15:37:51.048,1.18401,1.18406,3.19,1.00
2014.11.24 15:37:51.553,1.18402,1.18407,1.25,2.25
2014.11.24 15:37:52.086,1.18402,1.18406,1.25,1.00
2014.11.24 15:37:52.593,1.18401,1.18406,3.19,1.00
2014.11.24 15:37:53.781,1.18402,1.18407,1.00,2.25
2014.11.24 15:37:54.454,1.18401,1.18407,3.19,1.50
2014.11.24 15:37:54.999,1.18402,1.18407,1.00,2.25
2014.11.24 15:37:55.985,1.18401,1.18406,3.19,1.00
2014.11.24 15:37:56.660,1.18402,1.18406,1.00,1.00
2014.11.24 15:37:57.165,1.18404,1.18408,1.00,2.25
2014.11.24 15:37:58.507,1.18407,1.18409,1.00,1.00
2014.11.24 15:37:58.712,1.18409,1.18412,1.00,1.00
2014.11.24 15:37:58.763,1.18407,1.18412,2.44,1.50
2014.11.24 15:37:58.914,1.18407,1.18409,1.69,1.00
2014.11.24 15:37:59.016,1.18407,1.18411,1.00,1.50
2014.11.24 15:37:59.067,1.18405,1.18411,1.50,2.25
2014.11.24 15:37:59.118,1.18407,1.1841,1.00,1.00
2014.11.24 15:37:59.219,1.18408,1.18413,1.00,3.19
2014.11.24 15:37:59.724,1.18408,1.18412,1.00,1.50
2014.11.24 15:38:00.992,1.18408,1.18411,1.00,1.00
2014.11.24 15:38:02.131,1.18408,1.1841,1.00,1.00
2014.11.24 15:38:02.640,1.18407,1.1841,1.00,1.00
2014.11.24 15:38:03.345,1.18407,1.18411,2.25,1.00
2014.11.24 15:38:04.225,1.18407,1.18412,2.44,1.00
2014.11.24 15:38:04.761,1.18408,1.18412,1.00,1.00
2014.11.24 15:38:06.258,1.18407,1.18412,2.25,1.25
2014.11.24 15:38:06.360,1.18407,1.1841,1.00,1.00
2014.11.24 15:38:07.072,1.18407,1.18411,1.00,1.50
2014.11.24 15:38:07.778,1.18406,1.18411,1.00,1.50
2014.11.24 15:38:09.860,1.18407,1.18411,1.00,1.50
2014.11.24 15:38:10.517,1.18406,1.18411,1.50,1.00
2014.11.24 15:38:11.513,1.18405,1.18411,2.44,2.25
2014.11.24 15:38:11.816,1.18404,1.18409,3.94,1.00
2014.11.24 15:38:12.580,1.18404,1.18409,1.69,1.00
2014.11.24 15:38:16.559,1.18405,1.18411,1.50,3.94
2014.11.24 15:38:16.862,1.18405,1.18409,1.25,1.00
2014.11.24 15:38:22.640,1.18405,1.18407,1.00,1.00
2014.11.24 15:38:22.692,1.18403,1.18407,1.69,1.00
2014.11.24 15:38:23.197,1.18403,1.18408,1.69,1.00
2014.11.24 15:38:24.084,1.18401,1.18407,3.94,1.00
2014.11.24 15:38:24.945,1.18401,1.18405,1.00,1.00
2014.11.24 15:38:25.453,1.184,1.18405,1.69,1.50
2014.11.24 15:38:26.071,1.18399,1.18405,3.19,2.25
2014.11.24 15:38:26.640,1.18399,1.18404,2.44,1.00
2014.11.24 15:38:27.170,1.18399,1.18405,3.19,2.25
2014.11.24 15:38:27.674,1.18399,1.18404,2.44,1.50
2014.11.24 15:38:29.235,1.18399,1.18402,1.69,1.00
2014.11.24 15:38:29.387,1.18393,1.18398,1.00,1.50
2014.11.24 15:38:29.438,1.18392,1.18396,1.00,1.00
2014.11.24 15:38:29.939,1.18391,1.18395,1.50,1.50
2014.11.24 15:38:33.237,1.18391,1.18397,2.44,3.94
2014.11.24 15:38:33.539,1.18393,1.18397,1.00,2.25
2014.11.24 15:38:34.083,1.18394,1.18397,1.00,2.25
2014.11.24 15:38:36.538,1.18395,1.18397,1.50,1.00
2014.11.24 15:38:36.589,1.18396,1.184,1.00,2.44
2014.11.24 15:38:36.690,1.18398,1.18401,1.00,1.50
2014.11.24 15:38:37.006,1.18401,1.18404,1.00,1.50
2014.11.24 15:38:40.883,1.18401,1.18402,1.00,1.00
2014.11.24 15:38:40.984,1.18399,1.18402,1.00,1.00
2014.11.24 15:38:41.086,1.18397,1.18399,1.00,1.00
2014.11.24 15:38:41.187,1.18394,1.18399,2.44,1.00
2014.11.24 15:38:41.693,1.18394,1.18398,1.69,1.00
2014.11.24 15:38:42.819,1.18394,1.18399,1.50,3.19
2014.11.24 15:38:42.941,1.18396,1.18399,1.00,1.25
2014.11.24 15:38:43.246,1.184,1.18403,1.00,1.69
2014.11.24 15:38:43.348,1.18398,1.18403,1.50,1.69
2014.11.24 15:38:44.107,1.18398,1.18402,3.19,1.00
2014.11.24 15:38:44.411,1.18398,1.184,1.00,1.00
2014.11.24 15:38:44.564,1.18396,1.18399,1.50,1.00
2014.11.24 15:38:44.997,1.18398,1.18401,1.00,1.00
2014.11.24 15:38:45.098,1.18398,1.18404,2.44,2.44
2014.11.24 15:38:46.081,1.18398,1.18402,1.69,1.00
2014.11.24 15:38:46.393,1.18398,1.184,1.50,1.00
2014.11.24 15:38:46.596,1.18394,1.18398,1.00,1.50
2014.11.24 15:38:46.697,1.18392,1.18398,3.19,2.25
2014.11.24 15:38:47.224,1.18392,1.18397,2.44,1.00
2014.11.24 15:38:47.730,1.18393,1.18398,1.00,2.44
2014.11.24 15:38:50.606,1.18393,1.18397,1.00,1.00
2014.11.24 15:38:51.127,1.18392,1.18397,1.50,1.00
2014.11.24 15:38:52.559,1.18393,1.18397,1.00,1.00
2014.11.24 15:38:53.094,1.18394,1.18398,1.50,1.00
2014.11.24 15:38:53.397,1.18396,1.18398,1.00,1.00
2014.11.24 15:38:53.498,1.18398,1.18401,1.00,2.25
2014.11.24 15:38:53.650,1.18399,1.18404,2.25,1.50
2014.11.24 15:38:53.701,1.18401,1.18404,1.00,1.00
2014.11.24 15:38:54.698,1.18402,1.18404,1.00,1.00
2014.11.24 15:38:55.226,1.18401,1.18404,1.50,1.00
2014.11.24 15:38:55.580,1.18399,1.18402,1.69,1.00
2014.11.24 15:38:55.883,1.18397,1.184,1.00,1.00
2014.11.24 15:38:56.185,1.184,1.18402,1.00,1.00
2014.11.24 15:38:56.892,1.18398,1.18401,1.50,1.00
2014.11.24 15:38:57.094,1.18398,1.18402,1.00,1.50
2014.11.24 15:38:57.246,1.184,1.18402,1.00,1.00
2014.11.24 15:38:58.227,1.18399,1.18401,1.00,1.00
2014.11.24 15:38:58.530,1.18398,1.184,1.00,1.00
2014.11.24 15:38:58.684,1.18397,1.184,1.00,1.00
2014.11.24 15:38:58.785,1.18399,1.18403,1.50,1.25
2014.11.24 15:38:59.290,1.184,1.18402,1.00,1.00
2014.11.24 15:39:00.205,1.18399,1.18402,1.69,1.00
2014.11.24 15:39:00.714,1.18399,1.18403,1.69,1.50
2014.11.24 15:39:01.341,1.184,1.18403,1.00,1.00
2014.11.24 15:39:01.919,1.184,1.18404,1.00,2.44
2014.11.24 15:39:02.428,1.18401,1.18405,1.00,1.69
2014.11.24 15:39:05.466,1.18402,1.18405,1.00,1.00
2014.11.24 15:39:05.971,1.18401,1.18406,2.25,1.25
2014.11.24 15:39:06.387,1.18405,1.18406,1.00,1.25
2014.11.24 15:39:06.438,1.18405,1.18409,1.00,4.69
2014.11.24 15:39:06.952,1.18404,1.18409,1.50,4.69
2014.11.24 15:39:07.475,1.18404,1.18409,1.50,2.44
2014.11.24 15:39:08.450,1.18404,1.18408,1.00,1.00
2014.11.24 15:39:08.602,1.18401,1.18407,2.25,3.19
2014.11.24 15:39:08.804,1.18403,1.18406,1.00,1.00
2014.11.24 15:39:09.309,1.18402,1.18407,1.50,2.44
2014.11.24 15:39:09.840,1.18403,1.18407,1.00,1.50
2014.11.24 15:39:10.347,1.18402,1.18407,1.50,1.50
2014.11.24 15:39:11.224,1.18402,1.18405,1.50,1.00
2014.11.24 15:39:11.749,1.18401,1.18405,1.00,1.00
2014.11.24 15:39:12.304,1.184,1.18405,3.94,1.50
2014.11.24 15:39:13.061,1.184,1.18404,2.44,1.00
2014.11.24 15:39:14.827,1.184,1.18403,1.00,1.00
2014.11.24 15:39:15.131,1.18397,1.184,1.00,1.00
2014.11.24 15:39:15.334,1.18393,1.18397,1.00,1.25
2014.11.24 15:39:15.515,1.18391,1.18396,1.00,1.00
2014.11.24 15:39:16.278,1.18391,1.18395,1.00,1.00
2014.11.24 15:39:16.783,1.1839,1.18393,1.50,1.00
2014.11.24 15:39:17.288,1.18389,1.18393,1.25,1.00
2014.11.24 15:39:19.663,1.18388,1.18393,4.69,1.00
2014.11.24 15:39:20.823,1.18388,1.18391,1.25,1.00
2014.11.24 15:39:20.874,1.18386,1.18391,3.00,1.00
2014.11.24 15:39:20.925,1.18386,1.18389,1.50,1.00
2014.11.24 15:39:20.976,1.18384,1.18389,5.44,1.00
2014.11.24 15:39:21.491,1.18385,1.18389,1.00,1.00
2014.11.24 15:39:23.511,1.18385,1.1839,1.50,1.50
2014.11.24 15:39:29.290,1.18385,1.18388,1.00,1.00
2014.11.24 15:39:29.758,1.18385,1.1839,1.00,2.25
2014.11.24 15:39:32.210,1.18384,1.18387,1.00,1.00
2014.11.24 15:39:32.261,1.18382,1.18386,1.00,1.50
2014.11.24 15:39:32.412,1.1838,1.18385,3.94,1.00
2014.11.24 15:39:32.917,1.1838,1.18384,1.00,1.00
2014.11.24 15:39:33.322,1.18382,1.18386,1.00,1.00
2014.11.24 15:39:33.607,1.18384,1.18389,1.50,3.94
2014.11.24 15:39:33.658,1.18382,1.18387,1.00,1.50
2014.11.24 15:39:33.961,1.1838,1.18385,1.00,1.00
2014.11.24 15:39:34.466,1.1838,1.18386,1.50,2.44
2014.11.24 15:39:34.975,1.1838,1.18385,1.00,1.00
2014.11.24 15:39:35.490,1.1838,1.18386,1.50,1.69
2014.11.24 15:39:36.008,1.18381,1.18385,1.00,1.00
2014.11.24 15:39:36.159,1.18383,1.18388,1.50,3.94
2014.11.24 15:39:36.514,1.18385,1.18389,1.00,1.00
2014.11.24 15:39:37.019,1.18384,1.18387,2.44,1.00
2014.11.24 15:39:37.272,1.18381,1.18384,1.00,1.00
2014.11.24 15:39:37.928,1.18381,1.18385,1.00,1.00
2014.11.24 15:39:38.232,1.18383,1.18386,1.00,1.00
2014.11.24 15:39:38.282,1.18384,1.18388,1.00,1.50
2014.11.24 15:39:38.384,1.18384,1.1839,3.19,2.25
2014.11.24 15:39:38.485,1.18386,1.1839,1.00,1.00
2014.11.24 15:39:40.038,1.18386,1.18391,1.50,1.69
2014.11.24 15:39:40.341,1.18389,1.18392,1.00,1.69
2014.11.24 15:39:40.849,1.1839,1.18393,1.00,1.25
2014.11.24 15:39:41.354,1.18389,1.18393,1.50,1.00
2014.11.24 15:39:41.859,1.1839,1.18394,1.50,1.69
2014.11.24 15:39:42.011,1.18391,1.18396,1.50,1.25
2014.11.24 15:39:42.465,1.18396,1.18398,1.00,1.00
2014.11.24 15:39:42.567,1.18399,1.18402,5.00,1.50
2014.11.24 15:39:42.618,1.184,1.18404,1.25,1.50
2014.11.24 15:39:42.946,1.18401,1.18406,1.25,1.50
2014.11.24 15:39:43.299,1.184,1.18404,1.00,1.00
2014.11.24 15:39:43.401,1.18398,1.18403,1.00,2.25
2014.11.24 15:39:43.502,1.18396,1.184,1.50,1.00
2014.11.24 15:39:43.653,1.18394,1.184,1.69,3.19
2014.11.24 15:39:43.906,1.18393,1.18398,3.19,1.00
2014.11.24 15:39:44.613,1.18393,1.18398,1.00,1.00
2014.11.24 15:39:45.174,1.18392,1.18396,3.94,1.00
2014.11.24 15:39:50.492,1.18392,1.18398,2.44,2.25
2014.11.24 15:39:50.593,1.18395,1.18398,1.00,1.00
2014.11.24 15:39:50.694,1.18396,1.18401,1.50,1.25
2014.11.24 15:39:51.343,1.18395,1.184,1.00,1.00
2014.11.24 15:39:51.846,1.18395,1.18399,1.00,1.00
2014.11.24 15:39:52.584,1.18394,1.18399,2.25,1.00
2014.11.24 15:39:53.652,1.18395,1.18399,1.00,1.00
2014.11.24 15:39:53.705,1.18397,1.18401,1.00,3.19
2014.11.24 15:39:54.009,1.18398,1.18403,2.25,2.44
2014.11.24 15:39:54.565,1.18399,1.18403,1.00,1.00
2014.11.24 15:39:55.070,1.184,1.18404,1.50,1.00
2014.11.24 15:39:56.016,1.18401,1.18405,1.00,1.00
2014.11.24 15:39:56.980,1.18401,1.18406,1.50,2.44
2014.11.24 15:39:57.485,1.184,1.18406,2.25,3.19
2014.11.24 15:39:57.889,1.184,1.18402,1.00,1.50
2014.11.24 15:39:57.991,1.18398,1.18402,1.00,2.25
2014.11.24 15:39:58.498,1.18399,1.18403,1.50,1.00
2014.11.24 15:39:59.014,1.18399,1.18404,1.50,1.50
2014.11.24 15:40:01.463,1.184,1.18404,1.00,1.50
2014.11.24 15:40:02.110,1.18399,1.18404,1.69,1.50
2014.11.24 15:40:02.616,1.18399,1.18403,1.50,1.00
2014.11.24 15:40:02.717,1.18398,1.18401,1.69,1.00
2014.11.24 15:40:02.818,1.18396,1.18398,1.00,1.00
2014.11.24 15:40:02.920,1.18392,1.18397,2.25,1.00
2014.11.24 15:40:03.021,1.18389,1.18395,2.25,1.00
2014.11.24 15:40:03.324,1.18391,1.18395,1.00,1.00
2014.11.24 15:40:03.475,1.18389,1.18395,3.19,1.00
2014.11.24 15:40:03.577,1.1839,1.18395,3.19,1.00
2014.11.24 15:40:03.628,1.18391,1.18397,1.25,1.00
2014.11.24 15:40:04.159,1.18391,1.18396,1.25,1.00
2014.11.24 15:40:04.707,1.18391,1.18395,1.00,1.00
2014.11.24 15:40:05.504,1.18391,1.18396,1.00,1.50
2014.11.24 15:40:06.759,1.18391,1.18397,1.50,1.50
2014.11.24 15:40:07.314,1.18391,1.18396,1.50,1.00
2014.11.24 15:40:07.826,1.18391,1.18395,1.00,1.00
2014.11.24 15:40:08.533,1.18391,1.18397,2.25,2.44
2014.11.24 15:40:11.056,1.18391,1.18396,1.50,1.00
2014.11.24 15:40:11.562,1.18392,1.18397,1.00,1.00
2014.11.24 15:40:12.067,1.18393,1.18397,1.00,1.00
2014.11.24 15:40:12.868,1.18392,1.18397,1.00,1.00
2014.11.24 15:40:13.373,1.18393,1.18397,1.00,1.50
2014.11.24 15:40:13.810,1.18398,1.18401,1.00,1.00
2014.11.24 15:40:13.913,1.184,1.18403,1.00,1.00
2014.11.24 15:40:13.964,1.184,1.18405,1.00,2.25
2014.11.24 15:40:14.501,1.18401,1.18405,1.50,1.50
2014.11.24 15:40:15.586,1.18401,1.18404,1.00,1.00
2014.11.24 15:40:15.819,1.184,1.18402,1.00,1.00
2014.11.24 15:40:15.870,1.18398,1.184,1.50,1.00
2014.11.24 15:40:15.921,1.18396,1.184,3.75,1.50
2014.11.24 15:40:16.225,1.18398,1.18402,1.00,1.50
2014.11.24 15:40:17.390,1.18398,1.18401,1.50,1.00
2014.11.24 15:40:18.558,1.18397,1.18399,1.00,1.00
2014.11.24 15:40:18.659,1.18394,1.18398,2.44,1.00
2014.11.24 15:40:19.063,1.18392,1.18396,1.50,1.00
2014.11.24 15:40:19.568,1.18392,1.18397,1.00,1.50
2014.11.24 15:40:22.245,1.18394,1.18397,1.00,1.00
2014.11.24 15:40:22.599,1.184,1.18404,1.00,1.50
2014.11.24 15:40:27.179,1.184,1.18405,1.00,2.25
2014.11.24 15:40:28.571,1.18401,1.18405,1.00,1.00
2014.11.24 15:40:30.304,1.184,1.18405,1.00,1.50
2014.11.24 15:40:30.655,1.18402,1.18405,1.00,1.00
2014.11.24 15:40:31.159,1.18402,1.18406,1.00,1.69
2014.11.24 15:40:33.575,1.18401,1.18406,1.50,1.69
2014.11.24 15:40:34.106,1.18402,1.18406,1.00,1.25
2014.11.24 15:40:34.611,1.18401,1.18406,1.50,1.69
2014.11.24 15:40:35.145,1.18401,1.18405,1.00,1.50
2014.11.24 15:40:35.650,1.184,1.18404,1.00,1.00
2014.11.24 15:40:36.167,1.18401,1.18404,1.00,1.00
2014.11.24 15:40:36.674,1.18402,1.18405,1.00,1.00
2014.11.24 15:40:42.425,1.18403,1.18405,1.00,1.00
2014.11.24 15:40:44.007,1.18403,1.18406,1.00,2.44
2014.11.24 15:40:44.612,1.18402,1.18405,1.00,1.00
2014.11.24 15:40:45.122,1.18401,1.18405,2.44,1.00
2014.11.24 15:40:45.630,1.18403,1.18406,1.50,2.44
2014.11.24 15:40:45.933,1.18406,1.18409,1.00,1.00
2014.11.24 15:40:46.942,1.18407,1.1841,1.50,1.50
2014.11.24 15:40:47.463,1.18407,1.18411,1.50,2.25
2014.11.24 15:40:47.984,1.18407,1.1841,1.50,1.00
2014.11.24 15:40:49.324,1.18407,1.18409,1.00,1.00
2014.11.24 15:40:49.375,1.18405,1.18409,1.50,1.50
2014.11.24 15:40:50.246,1.18405,1.18408,1.00,1.00
2014.11.24 15:40:53.154,1.18405,1.18407,1.00,1.00
2014.11.24 15:40:53.206,1.18403,1.18407,2.25,1.50
2014.11.24 15:40:53.560,1.18403,1.18405,1.00,1.00
2014.11.24 15:40:53.611,1.18401,1.18405,3.19,1.50
2014.11.24 15:40:54.649,1.18403,1.18405,1.00,1.00
2014.11.24 15:40:54.700,1.18404,1.18407,1.00,1.50
2014.11.24 15:40:55.204,1.18404,1.18408,1.00,2.44
2014.11.24 15:40:55.709,1.18404,1.18407,1.00,1.00
2014.11.24 15:40:56.220,1.18404,1.18408,1.00,1.50
2014.11.24 15:40:56.731,1.18404,1.18407,1.00,1.00
2014.11.24 15:40:57.276,1.18404,1.18408,1.00,2.25
2014.11.24 15:40:58.435,1.18405,1.18408,1.00,1.00
2014.11.24 15:40:58.946,1.18404,1.18408,1.50,1.50
2014.11.24 15:41:02.465,1.18405,1.18408,1.50,1.00
2014.11.24 15:41:02.566,1.18406,1.1841,1.00,2.25
2014.11.24 15:41:05.509,1.18408,1.1841,1.00,1.50
2014.11.24 15:41:05.762,1.18416,1.18419,1.00,1.00
2014.11.24 15:41:06.569,1.18415,1.18419,2.25,2.44
2014.11.24 15:41:07.081,1.18415,1.18418,1.00,1.00
2014.11.24 15:41:07.597,1.18416,1.18419,1.00,1.00
2014.11.24 15:41:08.126,1.18417,1.18419,1.00,1.00
2014.11.24 15:41:08.630,1.18417,1.18421,1.50,2.25
2014.11.24 15:41:09.761,1.18417,1.1842,1.00,1.00
2014.11.24 15:41:10.291,1.18416,1.18419,1.00,1.00
2014.11.24 15:41:11.160,1.18415,1.18419,2.25,1.50
2014.11.24 15:41:12.093,1.18416,1.18419,1.00,1.00
2014.11.24 15:41:15.776,1.18415,1.18419,1.69,2.25
2014.11.24 15:41:29.513,1.18415,1.18418,1.00,1.00
2014.11.24 15:41:30.018,1.18414,1.18418,1.50,2.25
2014.11.24 15:41:37.908,1.18414,1.18417,1.50,1.00
2014.11.24 15:41:39.158,1.18414,1.18416,1.00,1.00
2014.11.24 15:41:43.777,1.18415,1.18417,1.00,2.44
2014.11.24 15:41:43.929,1.18418,1.18421,1.69,1.00
2014.11.24 15:41:44.455,1.18418,1.1842,1.00,1.00
2014.11.24 15:41:45.995,1.18415,1.18419,1.50,1.50
2014.11.24 15:41:52.241,1.18415,1.18418,1.00,1.00
2014.11.24 15:41:54.810,1.18415,1.18419,1.50,2.25
2014.11.24 15:41:55.518,1.18415,1.18418,1.00,1.00
2014.11.24 15:41:56.557,1.18414,1.18417,1.00,1.00
2014.11.24 15:41:57.816,1.18413,1.18417,2.25,1.50
2014.11.24 15:41:58.775,1.18414,1.18417,1.00,2.44
2014.11.24 15:42:04.969,1.18413,1.18417,2.25,2.44
2014.11.24 15:42:06.484,1.18416,1.18418,1.00,1.25
2014.11.24 15:42:06.586,1.18417,1.18421,1.50,1.50
2014.11.24 15:42:07.798,1.18418,1.18421,1.00,1.00
2014.11.24 15:42:08.303,1.18417,1.18421,1.50,1.50
2014.11.24 15:42:08.760,1.18416,1.18419,2.25,1.00
2014.11.24 15:42:10.002,1.18418,1.18419,2.44,1.00
2014.11.24 15:42:10.104,1.18424,1.18427,3.50,2.25
2014.11.24 15:42:10.155,1.18425,1.18426,1.25,1.00
2014.11.24 15:42:10.256,1.18426,1.18428,2.44,1.00
2014.11.24 15:42:10.408,1.18427,1.1843,3.94,1.00
2014.11.24 15:42:10.661,1.1843,1.18433,1.69,1.00
2014.11.24 15:42:11.166,1.18429,1.18432,1.69,1.00
2014.11.24 15:42:11.368,1.18431,1.18433,1.00,1.00
2014.11.24 15:42:11.873,1.1843,1.18434,1.69,1.00
2014.11.24 15:42:12.176,1.18428,1.18432,1.00,1.00
2014.11.24 15:42:12.763,1.18427,1.18431,2.44,1.00
2014.11.24 15:42:13.294,1.18427,1.18431,3.19,1.00
2014.11.24 15:42:15.191,1.18428,1.18431,1.50,1.00
2014.11.24 15:42:15.707,1.1843,1.18432,1.00,1.00
2014.11.24 15:42:16.212,1.18429,1.18432,1.00,1.00
2014.11.24 15:42:18.158,1.18428,1.18432,1.50,1.00
2014.11.24 15:42:21.383,1.18428,1.1843,1.00,1.00
2014.11.24 15:42:24.867,1.18429,1.18431,1.00,1.00
2014.11.24 15:42:24.968,1.1843,1.18432,1.00,1.00
2014.11.24 15:42:28.988,1.18428,1.18432,3.19,1.00
2014.11.24 15:42:29.496,1.18429,1.18432,1.00,1.00
2014.11.24 15:42:30.748,1.18428,1.18432,1.50,1.50
2014.11.24 15:42:31.393,1.18428,1.1843,1.00,1.00
2014.11.24 15:42:32.302,1.18429,1.1843,1.00,1.00
2014.11.24 15:42:32.706,1.18429,1.18432,1.00,1.00
2014.11.24 15:42:33.211,1.18428,1.18432,1.50,1.00
2014.11.24 15:42:33.464,1.18426,1.18429,3.00,4.75
2014.11.24 15:42:33.514,1.18425,1.18427,1.00,1.00
2014.11.24 15:42:33.565,1.18424,1.18426,1.00,1.00
2014.11.24 15:42:33.616,1.18421,1.18424,1.00,1.00
2014.11.24 15:42:33.818,1.18419,1.18422,1.69,1.00
2014.11.24 15:42:33.920,1.1842,1.18424,1.00,1.00
2014.11.24 15:42:35.829,1.18419,1.18422,1.50,1.00
2014.11.24 15:42:38.486,1.1842,1.18422,1.00,1.00
2014.11.24 15:42:40.107,1.1842,1.18424,2.25,1.50
2014.11.24 15:42:43.699,1.18422,1.18424,1.00,1.00
2014.11.24 15:42:43.851,1.18425,1.18429,1.50,3.75
2014.11.24 15:42:44.356,1.18426,1.1843,2.44,1.50
2014.11.24 15:42:45.197,1.18426,1.18429,1.00,1.00
2014.11.24 15:42:48.027,1.18426,1.18428,1.00,1.00
2014.11.24 15:42:48.129,1.18424,1.18427,1.00,1.00
2014.11.24 15:42:48.635,1.18423,1.18427,1.00,1.50
2014.11.24 15:42:49.140,1.18423,1.18426,1.00,1.00
2014.11.24 15:42:49.645,1.18423,1.18427,1.00,1.50
2014.11.24 15:42:50.149,1.18425,1.18427,1.00,1.00
2014.11.24 15:42:50.301,1.18427,1.18431,1.50,2.25
2014.11.24 15:42:51.260,1.18428,1.18431,1.25,1.00
2014.11.24 15:42:51.554,1.1843,1.18434,1.00,1.00
2014.11.24 15:42:53.458,1.18431,1.18434,1.00,1.00
2014.11.24 15:42:54.211,1.18432,1.18434,1.00,1.00
2014.11.24 15:42:54.262,1.18433,1.18436,1.00,1.25
2014.11.24 15:42:54.768,1.18433,1.18437,1.50,1.50
2014.11.24 15:42:55.325,1.18435,1.18437,1.00,1.00
2014.11.24 15:42:55.832,1.18435,1.18437,1.00,1.00
2014.11.24 15:42:56.135,1.18435,1.18438,1.00,1.69
2014.11.24 15:42:56.236,1.18432,1.18436,1.50,1.50
2014.11.24 15:42:57.547,1.18433,1.18436,1.00,1.00
2014.11.24 15:42:58.334,1.18434,1.18437,1.00,1.50
2014.11.24 15:43:00.239,1.18432,1.18435,1.00,1.00
2014.11.24 15:43:01.956,1.18431,1.18435,1.50,1.50
2014.11.24 15:43:02.462,1.18431,1.18434,1.00,1.00
2014.11.24 15:43:02.973,1.18429,1.18432,1.50,1.00
2014.11.24 15:43:03.479,1.18428,1.18431,1.50,1.00
2014.11.24 15:43:04.476,1.18428,1.18432,1.00,1.50
2014.11.24 15:43:05.006,1.18428,1.18431,1.00,1.00
2014.11.24 15:43:05.766,1.18428,1.1843,1.00,1.00
2014.11.24 15:43:06.169,1.18427,1.18428,1.50,1.00
2014.11.24 15:43:06.472,1.18419,1.18423,1.50,1.69
2014.11.24 15:43:07.533,1.18419,1.18422,1.50,1.00
2014.11.24 15:43:08.038,1.18418,1.18421,1.50,1.00
2014.11.24 15:43:08.551,1.18417,1.1842,2.25,1.00
2014.11.24 15:43:10.282,1.18418,1.18421,1.00,3.19
2014.11.24 15:43:11.870,1.18417,1.18421,3.00,1.00
2014.11.24 15:43:11.972,1.1842,1.18422,1.00,1.25
2014.11.24 15:43:12.325,1.1842,1.18424,1.50,3.75
2014.11.24 15:43:12.675,1.18422,1.18425,1.00,1.25
2014.11.24 15:43:13.180,1.18422,1.18424,1.00,1.00
2014.11.24 15:43:13.685,1.18422,1.18425,1.00,1.69
2014.11.24 15:43:16.317,1.18422,1.18424,1.00,1.00
2014.11.24 15:43:19.111,1.1842,1.18423,1.00,1.00
2014.11.24 15:43:19.314,1.18422,1.18423,1.00,1.00
2014.11.24 15:43:20.094,1.1842,1.18423,1.00,1.25
2014.11.24 15:43:20.611,1.1842,1.18422,1.00,1.00
2014.11.24 15:43:22.308,1.1842,1.18423,1.00,3.94
2014.11.24 15:43:27.703,1.1842,1.18422,1.00,1.00
2014.11.24 15:43:28.107,1.18419,1.18421,1.00,1.00
2014.11.24 15:43:28.568,1.18418,1.18421,1.00,1.00
2014.11.24 15:43:32.108,1.18418,1.18422,1.00,3.00
2014.11.24 15:43:32.210,1.18418,1.1842,1.00,1.00
2014.11.24 15:43:32.418,1.18416,1.1842,1.50,1.50
2014.11.24 15:43:33.952,1.18416,1.18419,1.00,1.00
2014.11.24 15:43:34.937,1.18416,1.18418,1.00,1.00
2014.11.24 15:43:35.140,1.18414,1.18417,1.00,1.00
2014.11.24 15:43:35.670,1.18414,1.18418,1.00,1.50
2014.11.24 15:43:36.181,1.18414,1.18417,1.00,1.00
2014.11.24 15:43:36.724,1.18414,1.18416,1.00,1.00
2014.11.24 15:43:36.826,1.18413,1.18415,1.00,1.00
2014.11.24 15:43:36.927,1.1841,1.18413,1.00,1.00
2014.11.24 15:43:37.129,1.18409,1.18413,1.50,1.50
2014.11.24 15:43:37.432,1.18407,1.18411,1.00,1.00
2014.11.24 15:43:38.443,1.18408,1.18411,1.00,1.00
2014.11.24 15:43:38.747,1.18412,1.18415,4.94,1.50
2014.11.24 15:43:38.798,1.18414,1.18417,1.00,2.44
2014.11.24 15:43:39.320,1.18415,1.18418,1.00,1.00
2014.11.24 15:43:39.834,1.18415,1.18419,1.00,3.19
2014.11.24 15:43:40.362,1.18415,1.18418,1.00,1.00
2014.11.24 15:43:43.611,1.18415,1.18419,1.50,2.25
2014.11.24 15:43:44.872,1.18415,1.18418,1.00,1.00
2014.11.24 15:43:45.681,1.18415,1.18419,1.50,2.44
2014.11.24 15:43:46.589,1.18415,1.18418,1.00,1.00
2014.11.24 15:43:47.859,1.18415,1.18419,1.50,3.94
2014.11.24 15:43:48.465,1.18415,1.18418,1.00,1.00
2014.11.24 15:43:49.490,1.18415,1.18417,1.00,1.00
2014.11.24 15:43:49.995,1.18415,1.18418,1.00,1.69
2014.11.24 15:43:55.271,1.18415,1.18417,1.00,1.00
2014.11.24 15:43:56.038,1.18415,1.18418,1.00,3.19
2014.11.24 15:43:56.543,1.18415,1.18417,1.00,1.00
2014.11.24 15:43:59.056,1.18414,1.18417,1.00,1.50
2014.11.24 15:43:59.568,1.18414,1.18418,1.50,3.19
2014.11.24 15:44:00.183,1.18414,1.18417,1.00,1.00
2014.11.24 15:44:00.731,1.18414,1.18418,1.00,2.44
2014.11.24 15:44:06.324,1.18414,1.18417,1.50,1.69
2014.11.24 15:44:06.829,1.18413,1.18416,1.00,1.00
2014.11.24 15:44:11.319,1.18412,1.18416,2.44,1.50
2014.11.24 15:44:14.014,1.18413,1.18416,1.00,1.25
2014.11.24 15:44:23.583,1.18414,1.18416,1.00,1.00
2014.11.24 15:44:23.684,1.18415,1.18418,1.00,2.44
2014.11.24 15:44:27.658,1.18416,1.18419,1.00,2.25
2014.11.24 15:44:28.278,1.18416,1.18418,1.00,1.00
2014.11.24 15:44:29.602,1.18416,1.18419,1.50,1.50
2014.11.24 15:44:32.146,1.18416,1.18418,1.00,1.00
2014.11.24 15:44:32.449,1.18414,1.18418,2.44,1.50
2014.11.24 15:44:33.740,1.18415,1.18418,1.00,1.50
2014.11.24 15:44:36.453,1.18414,1.18418,1.00,1.50
2014.11.24 15:44:40.125,1.18416,1.18419,1.00,2.44
2014.11.24 15:44:40.882,1.18416,1.1842,1.00,4.69
2014.11.24 15:44:41.904,1.18416,1.1842,1.00,6.19
2014.11.24 15:44:46.190,1.18416,1.18418,1.00,1.00
2014.11.24 15:44:46.698,1.18416,1.18419,1.00,2.44
2014.11.24 15:44:47.224,1.18416,1.1842,2.44,1.00
2014.11.24 15:44:47.478,1.18427,1.1843,1.00,1.25
2014.11.24 15:44:47.579,1.18425,1.18429,1.00,2.25
2014.11.24 15:44:48.085,1.18427,1.1843,1.00,1.50
2014.11.24 15:44:48.590,1.18426,1.1843,1.00,1.00
2014.11.24 15:44:49.236,1.18427,1.1843,1.00,1.00
2014.11.24 15:44:49.743,1.18428,1.18431,1.00,1.69
2014.11.24 15:44:51.359,1.18428,1.1843,1.00,1.00
2014.11.24 15:44:52.142,1.18428,1.18431,1.00,1.69
2014.11.24 15:44:53.725,1.18427,1.1843,1.00,1.00
2014.11.24 15:44:54.280,1.18428,1.1843,1.00,1.00
2014.11.24 15:44:56.985,1.18429,1.1843,1.00,1.00
2014.11.24 15:44:58.487,1.18428,1.1843,1.00,1.00
2014.11.24 15:45:03.051,1.18427,1.1843,1.50,1.00
2014.11.24 15:45:03.102,1.18428,1.18432,1.00,1.50
2014.11.24 15:45:05.916,1.18429,1.18432,1.00,1.50
2014.11.24 15:45:08.240,1.18428,1.18432,1.50,2.25
2014.11.24 15:45:08.443,1.18427,1.1843,1.69,1.00
2014.11.24 15:45:11.126,1.18428,1.18431,1.00,1.50
2014.11.24 15:45:11.445,1.18427,1.18429,1.00,1.00
2014.11.24 15:45:13.655,1.18428,1.1843,1.00,1.69
2014.11.24 15:45:13.707,1.18424,1.18425,1.00,1.50
2014.11.24 15:45:13.758,1.18422,1.18424,1.00,1.00
2014.11.24 15:45:13.859,1.1842,1.18422,1.00,1.50
2014.11.24 15:45:13.910,1.18418,1.18422,1.50,1.50
2014.11.24 15:45:13.961,1.18418,1.1842,1.00,1.00
2014.11.24 15:45:14.474,1.18417,1.1842,3.94,1.00
2014.11.24 15:45:18.590,1.18418,1.1842,1.00,1.00
2014.11.24 15:45:18.692,1.18419,1.18422,1.00,1.00
2014.11.24 15:45:19.196,1.1842,1.18423,1.50,1.00
2014.11.24 15:45:19.701,1.1842,1.18424,1.50,2.25
2014.11.24 15:45:23.119,1.18424,1.18427,4.75,1.00
2014.11.24 15:45:23.170,1.18426,1.18428,2.25,1.50
2014.11.24 15:45:23.221,1.18426,1.1843,2.25,1.50
2014.11.24 15:45:24.230,1.18426,1.18429,1.00,1.00
2014.11.24 15:45:24.331,1.18424,1.18427,1.50,1.00
2014.11.24 15:45:24.636,1.1842,1.18423,1.69,1.00
2014.11.24 15:45:26.758,1.18422,1.18423,1.00,1.00
2014.11.24 15:45:26.859,1.18422,1.18426,1.50,1.50
2014.11.24 15:45:27.162,1.18421,1.18424,1.00,1.00
2014.11.24 15:45:29.794,1.1842,1.18424,1.50,1.50
2014.11.24 15:45:30.098,1.1842,1.18422,1.00,1.00
2014.11.24 15:45:30.811,1.18418,1.18422,1.50,1.00
2014.11.24 15:45:30.963,1.18417,1.1842,3.19,1.00
2014.11.24 15:45:31.918,1.18418,1.1842,1.00,1.00
2014.11.24 15:45:32.290,1.1842,1.18421,1.00,1.00
2014.11.24 15:45:32.391,1.1842,1.18422,1.00,1.00
2014.11.24 15:45:36.651,1.18419,1.18422,1.69,1.00
2014.11.24 15:45:37.156,1.18418,1.18422,1.50,2.25
2014.11.24 15:45:37.963,1.18419,1.18422,1.00,1.00
2014.11.24 15:45:39.526,1.18418,1.18422,1.00,1.00
2014.11.24 15:45:40.136,1.18419,1.18422,1.00,1.00
2014.11.24 15:45:40.642,1.18418,1.18422,2.44,1.00
2014.11.24 15:45:43.330,1.18419,1.18422,1.00,1.50
2014.11.24 15:45:43.836,1.1842,1.18422,1.00,1.00
2014.11.24 15:45:44.392,1.1842,1.18424,1.50,1.50
2014.11.24 15:45:44.493,1.1842,1.18422,1.00,1.00
2014.11.24 15:45:45.755,1.18419,1.18422,1.00,1.00
2014.11.24 15:45:46.411,1.18419,1.1842,1.00,1.00
2014.11.24 15:45:46.915,1.18418,1.1842,1.00,1.00
2014.11.24 15:45:48.144,1.18417,1.1842,1.69,1.00
2014.11.24 15:45:48.654,1.18418,1.1842,1.00,1.00
2014.11.24 15:45:49.958,1.18419,1.1842,1.00,1.00
2014.11.24 15:45:50.111,1.18419,1.18422,1.00,1.00
2014.11.24 15:45:53.092,1.18418,1.18422,3.19,1.00
2014.11.24 15:45:53.752,1.18418,1.18421,2.44,1.00
2014.11.24 15:45:54.321,1.18419,1.1842,1.00,1.00
2014.11.24 15:45:55.813,1.1842,1.18421,1.00,1.00
2014.11.24 15:45:56.318,1.1842,1.18422,1.00,1.50
2014.11.24 15:45:56.823,1.18417,1.1842,1.50,1.00
2014.11.24 15:45:56.924,1.18417,1.18419,1.00,1.00
2014.11.24 15:45:57.448,1.18416,1.18418,1.00,1.00
2014.11.24 15:45:57.952,1.18415,1.18418,1.00,1.00
2014.11.24 15:45:58.356,1.18415,1.18417,1.00,1.00
2014.11.24 15:45:58.857,1.18412,1.18415,6.19,1.00
2014.11.24 15:45:58.959,1.18411,1.18413,1.00,1.50
2014.11.24 15:45:59.263,1.18406,1.1841,2.25,1.00
2014.11.24 15:45:59.364,1.18406,1.18408,1.00,1.00
2014.11.24 15:45:59.869,1.18405,1.18408,1.00,1.00
2014.11.24 15:46:00.375,1.18406,1.18407,1.00,1.00
2014.11.24 15:46:00.678,1.18404,1.18406,1.00,1.00
2014.11.24 15:46:00.880,1.18406,1.18408,2.25,1.00
2014.11.24 15:46:00.982,1.18412,1.18415,1.00,1.00
2014.11.24 15:46:01.336,1.1841,1.18413,1.00,1.00
2014.11.24 15:46:01.417,1.18408,1.18412,1.50,1.50
2014.11.24 15:46:01.468,1.18408,1.1841,1.00,1.00
2014.11.24 15:46:01.620,1.18406,1.1841,4.69,1.00
2014.11.24 15:46:01.873,1.18408,1.18412,1.00,1.50
2014.11.24 15:46:02.175,1.18406,1.1841,4.69,1.00
2014.11.24 15:46:02.479,1.18414,1.18418,1.00,1.50
2014.11.24 15:46:03.136,1.18416,1.18419,1.00,1.00
2014.11.24 15:46:03.641,1.18416,1.1842,1.50,1.00
2014.11.24 15:46:06.022,1.18417,1.1842,1.00,1.00
2014.11.24 15:46:06.275,1.18418,1.18422,1.00,1.50
2014.11.24 15:46:11.273,1.18419,1.18422,1.00,1.00
2014.11.24 15:46:11.778,1.18418,1.18422,1.69,1.50
2014.11.24 15:46:12.789,1.18416,1.1842,3.19,1.50
2014.11.24 15:46:13.091,1.18415,1.18418,1.00,1.00
2014.11.24 15:46:15.922,1.18414,1.18418,1.50,1.50
2014.11.24 15:46:17.657,1.18414,1.18416,1.00,1.00
2014.11.24 15:46:18.265,1.18414,1.18417,1.50,1.00
2014.11.24 15:46:18.770,1.18414,1.18418,1.50,1.00
2014.11.24 15:46:20.464,1.18415,1.18418,1.00,1.00
2014.11.24 15:46:27.300,1.18417,1.1842,1.00,1.00
2014.11.24 15:46:27.815,1.18418,1.1842,1.00,1.00
2014.11.24 15:46:28.322,1.1842,1.18423,1.00,1.25
2014.11.24 15:46:28.423,1.18424,1.18426,2.50,1.50
2014.11.24 15:46:28.575,1.18425,1.18428,1.00,1.50
2014.11.24 15:46:28.929,1.18425,1.18427,1.69,1.00
2014.11.24 15:46:28.980,1.18423,1.18426,1.00,1.00
2014.11.24 15:46:29.183,1.18425,1.18427,1.00,1.50
2014.11.24 15:46:29.704,1.18425,1.18426,1.00,1.00
2014.11.24 15:46:29.755,1.18423,1.18426,1.00,1.00
2014.11.24 15:46:29.806,1.18424,1.18428,1.00,3.19
2014.11.24 15:46:29.907,1.18426,1.1843,1.00,3.94
2014.11.24 15:46:30.210,1.18426,1.18427,1.00,1.00
2014.11.24 15:46:31.065,1.18426,1.18429,1.00,1.25
2014.11.24 15:46:31.842,1.18426,1.18428,1.50,1.00
2014.11.24 15:46:32.923,1.18426,1.18429,1.50,1.69
2014.11.24 15:46:33.495,1.18426,1.18428,1.50,1.00
2014.11.24 15:46:34.993,1.18426,1.18429,2.44,1.00
2014.11.24 15:46:36.757,1.18425,1.18427,3.19,1.00
2014.11.24 15:46:36.808,1.18422,1.18425,1.00,1.00
2014.11.24 15:46:37.011,1.1842,1.18422,1.00,1.00
2014.11.24 15:46:37.062,1.18418,1.18422,3.19,1.00
2014.11.24 15:46:37.594,1.1842,1.18422,1.00,1.00
2014.11.24 15:46:38.200,1.18418,1.1842,1.25,1.00
2014.11.24 15:46:38.503,1.18416,1.18418,1.00,1.00
2014.11.24 15:46:38.554,1.18414,1.18418,3.19,1.00
2014.11.24 15:46:38.655,1.18416,1.18418,1.00,1.00
2014.11.24 15:46:39.664,1.18415,1.18418,1.00,1.00
2014.11.24 15:46:40.775,1.18414,1.18418,2.44,1.50
2014.11.24 15:46:43.210,1.18416,1.18418,1.00,1.00
2014.11.24 15:46:43.727,1.18415,1.18418,1.00,1.00
2014.11.24 15:46:48.486,1.18416,1.18418,1.00,1.00
2014.11.24 15:46:49.028,1.18415,1.18418,1.00,1.00
2014.11.24 15:46:49.533,1.18416,1.1842,1.00,5.44
2014.11.24 15:46:54.820,1.18416,1.18418,1.00,1.00
2014.11.24 15:46:55.325,1.18416,1.18419,1.00,3.94
2014.11.24 15:46:58.154,1.18416,1.18418,1.00,1.00
2014.11.24 15:46:58.690,1.18416,1.18419,1.00,3.94
2014.11.24 15:47:03.176,1.18416,1.18418,1.00,1.00
2014.11.24 15:47:04.357,1.18415,1.18418,1.00,1.69
2014.11.24 15:47:05.229,1.18414,1.18418,4.69,2.44
2014.11.24 15:47:08.502,1.18415,1.18418,1.00,1.00
2014.11.24 15:47:09.012,1.18414,1.18418,2.44,1.00
2014.11.24 15:47:09.626,1.18415,1.18418,1.00,1.69
2014.11.24 15:47:10.446,1.18414,1.18418,2.44,1.50
2014.11.24 15:47:11.326,1.18414,1.18417,1.00,1.69
2014.11.24 15:47:11.869,1.18413,1.18416,2.44,1.00
2014.11.24 15:47:12.338,1.18414,1.18418,1.00,3.19
2014.11.24 15:47:14.524,1.18415,1.18418,1.00,3.19
2014.11.24 15:47:16.181,1.18416,1.18418,1.00,1.69
2014.11.24 15:47:16.646,1.18414,1.18418,2.44,1.69
2014.11.24 15:47:29.188,1.18415,1.18418,1.00,2.44
2014.11.24 15:47:29.738,1.18414,1.18418,2.25,2.44
2014.11.24 15:47:30.840,1.18415,1.18418,1.00,2.44
2014.11.24 15:47:31.345,1.18416,1.18418,1.00,2.44
2014.11.24 15:47:31.496,1.18414,1.18418,3.00,1.69
2014.11.24 15:47:32.042,1.18415,1.18418,1.00,1.69
2014.11.24 15:47:33.845,1.18414,1.18418,2.25,1.69
2014.11.24 15:47:34.349,1.18415,1.18418,1.50,1.00
2014.11.24 15:47:35.530,1.18417,1.18419,1.00,1.00
2014.11.24 15:47:35.632,1.18419,1.18421,1.50,1.00
2014.11.24 15:47:35.733,1.1842,1.18423,1.00,2.25
2014.11.24 15:47:36.237,1.18419,1.18423,3.94,2.44
2014.11.24 15:47:36.540,1.18418,1.18421,1.50,1.00
2014.11.24 15:47:37.211,1.18417,1.18421,3.94,1.00
2014.11.24 15:47:39.954,1.18417,1.1842,1.00,1.00
2014.11.24 15:47:40.157,1.18415,1.18419,2.25,1.00
2014.11.24 15:47:44.082,1.18416,1.18419,1.00,1.00
2014.11.24 15:47:50.515,1.18415,1.18419,1.50,1.50
2014.11.24 15:47:52.549,1.18415,1.18418,1.50,1.00
2014.11.24 15:47:53.975,1.18415,1.18419,1.50,2.25
2014.11.24 15:47:57.523,1.18415,1.18418,1.00,1.00
2014.11.24 15:47:58.045,1.18414,1.18417,1.25,1.00
2014.11.24 15:48:01.443,1.18415,1.18417,1.00,1.00
2014.11.24 15:48:02.326,1.18415,1.18418,1.50,1.00
2014.11.24 15:48:02.847,1.18415,1.18419,2.25,1.50
2014.11.24 15:48:03.302,1.18417,1.18419,1.00,1.00
2014.11.24 15:48:03.810,1.18417,1.1842,1.00,1.00
2014.11.24 15:48:06.284,1.18417,1.18421,1.50,1.69
2014.11.24 15:48:06.587,1.18419,1.18423,1.00,4.69
2014.11.24 15:48:07.432,1.18419,1.18423,1.00,4.69
2014.11.24 15:48:07.735,1.18417,1.18421,1.00,2.44
2014.11.24 15:48:08.256,1.18417,1.1842,1.00,1.00
2014.11.24 15:48:10.626,1.18417,1.18421,1.00,1.69
2014.11.24 15:48:11.161,1.18417,1.1842,1.00,1.00
2014.11.24 15:48:11.704,1.18417,1.18421,1.50,1.69
2014.11.24 15:48:12.418,1.18418,1.18421,1.00,1.00
2014.11.24 15:48:16.844,1.18417,1.18421,2.25,1.00
2014.11.24 15:48:17.450,1.18418,1.18421,1.00,1.00
2014.11.24 15:48:17.551,1.18419,1.18423,1.50,3.19
2014.11.24 15:48:17.955,1.18417,1.18421,2.44,1.50
2014.11.24 15:48:18.459,1.18418,1.18421,1.00,1.00
2014.11.24 15:48:19.747,1.18417,1.18421,1.50,1.00
2014.11.24 15:48:23.334,1.18417,1.1842,1.50,1.00
2014.11.24 15:48:23.848,1.18417,1.18421,1.50,3.19
2014.11.24 15:48:24.374,1.18417,1.1842,1.50,1.00
2014.11.24 15:48:24.983,1.18417,1.18421,1.50,3.19
2014.11.24 15:48:25.649,1.18417,1.1842,1.50,1.00
2014.11.24 15:48:29.581,1.18419,1.18421,1.00,2.44
2014.11.24 15:48:30.605,1.18419,1.1842,1.00,1.00
2014.11.24 15:48:30.808,1.18417,1.1842,1.50,1.00
2014.11.24 15:48:31.313,1.18417,1.18419,1.50,1.00
2014.11.24 15:48:32.222,1.18417,1.1842,1.00,2.44
2014.11.24 15:48:32.777,1.18417,1.18419,1.00,1.00
2014.11.24 15:48:34.879,1.18417,1.1842,1.00,2.44
2014.11.24 15:48:37.003,1.18418,1.18421,4.75,2.25
2014.11.24 15:48:37.154,1.1842,1.18422,1.00,1.00
2014.11.24 15:48:37.256,1.18418,1.18422,1.00,2.25
2014.11.24 15:48:37.872,1.18418,1.18421,1.00,3.19
2014.11.24 15:48:38.400,1.18418,1.1842,1.00,1.00
2014.11.24 15:48:38.904,1.18418,1.18421,1.00,1.00
2014.11.24 15:48:39.582,1.18418,1.1842,1.00,1.00
2014.11.24 15:48:39.734,1.18416,1.1842,1.69,2.25
2014.11.24 15:48:45.540,1.18416,1.18419,1.50,1.00
2014.11.24 15:48:46.144,1.18416,1.1842,1.50,4.69
2014.11.24 15:48:47.006,1.18416,1.18419,1.50,1.00
2014.11.24 15:48:47.644,1.18416,1.1842,1.50,4.69
2014.11.24 15:48:48.210,1.18416,1.18419,1.50,1.00
2014.11.24 15:48:49.530,1.18416,1.1842,1.50,4.69
2014.11.24 15:48:50.824,1.18416,1.18419,1.50,1.00
2014.11.24 15:48:51.606,1.18416,1.1842,1.50,4.69
2014.11.24 15:48:52.170,1.18416,1.18419,1.50,1.25
2014.11.24 15:48:53.572,1.18416,1.18418,1.50,1.00
2014.11.24 15:48:54.078,1.18415,1.18418,1.00,1.50
2014.11.24 15:48:58.292,1.18415,1.18417,1.00,1.00
2014.11.24 15:49:00.012,1.18415,1.18419,1.00,4.69
2014.11.24 15:49:00.517,1.18415,1.18418,1.00,1.00
2014.11.24 15:49:01.021,1.18415,1.18417,1.00,1.00
2014.11.24 15:49:01.852,1.18414,1.18417,1.00,1.00
2014.11.24 15:49:06.336,1.18416,1.18418,1.69,1.00
2014.11.24 15:49:06.437,1.18415,1.1842,2.25,1.00
2014.11.24 15:49:06.695,1.18414,1.18417,1.50,1.00
2014.11.24 15:49:09.340,1.18413,1.18417,1.50,1.00
2014.11.24 15:49:09.643,1.18406,1.18408,1.00,1.00
2014.11.24 15:49:09.745,1.18402,1.18407,2.25,1.00
2014.11.24 15:49:09.896,1.18401,1.18405,1.50,1.00
2014.11.24 15:49:11.058,1.18402,1.18404,1.00,1.00
2014.11.24 15:49:11.935,1.18401,1.18404,2.44,1.00
2014.11.24 15:49:12.092,1.18401,1.18406,3.19,1.50
2014.11.24 15:49:13.476,1.18402,1.18406,1.00,1.00
2014.11.24 15:49:14.283,1.18401,1.18406,2.44,1.50
2014.11.24 15:49:16.414,1.18402,1.18406,1.00,1.00
2014.11.24 15:49:19.787,1.18401,1.18406,2.44,1.50
2014.11.24 15:49:20.461,1.18402,1.18406,1.00,1.00
2014.11.24 15:49:20.966,1.18401,1.18406,2.25,1.00
2014.11.24 15:49:22.835,1.18401,1.18403,1.00,1.00
2014.11.24 15:49:23.340,1.184,1.18403,1.00,1.00
2014.11.24 15:49:24.047,1.18401,1.18403,1.00,1.50
2014.11.24 15:49:24.249,1.18404,1.18409,1.00,1.50
2014.11.24 15:49:24.350,1.18405,1.18407,1.00,1.00
2014.11.24 15:49:24.578,1.18403,1.18407,1.00,1.00
2014.11.24 15:49:24.932,1.18406,1.18411,1.50,1.00
2014.11.24 15:49:25.516,1.18407,1.18411,1.00,1.50
2014.11.24 15:49:26.021,1.18406,1.1841,2.25,1.50
2014.11.24 15:49:26.324,1.1841,1.18411,1.00,1.00
2014.11.24 15:49:26.375,1.1841,1.18413,1.00,3.75
2014.11.24 15:49:26.534,1.18412,1.18417,1.50,1.50
2014.11.24 15:49:26.838,1.18411,1.18415,2.44,1.00
2014.11.24 15:49:27.141,1.18409,1.18413,1.69,1.00
2014.11.24 15:49:27.444,1.18412,1.18416,1.00,1.00
2014.11.24 15:49:27.948,1.18412,1.18417,1.00,2.44
2014.11.24 15:49:29.210,1.18413,1.18417,1.00,1.25
2014.11.24 15:49:29.714,1.18414,1.18417,1.00,1.00
2014.11.24 15:49:30.370,1.18415,1.18417,1.00,1.00
2014.11.24 15:49:30.893,1.18413,1.18417,3.19,1.50
2014.11.24 15:49:31.398,1.18413,1.18417,1.25,1.50
2014.11.24 15:49:31.975,1.18413,1.18416,1.00,1.00
2014.11.24 15:49:32.480,1.18413,1.18417,1.00,2.25
2014.11.24 15:49:32.833,1.18415,1.18417,1.00,1.50
2014.11.24 15:49:33.085,1.18415,1.18419,1.50,2.44
2014.11.24 15:49:37.067,1.18415,1.18418,1.00,1.00
2014.11.24 15:49:38.566,1.18415,1.18419,1.50,1.00
2014.11.24 15:49:38.971,1.18417,1.18419,1.00,1.00
2014.11.24 15:49:39.072,1.18417,1.18421,1.50,1.50
2014.11.24 15:49:39.173,1.1842,1.18422,1.00,3.94
2014.11.24 15:49:39.678,1.18418,1.18422,1.00,1.50
2014.11.24 15:49:40.182,1.18418,1.18423,1.50,1.69
2014.11.24 15:49:40.704,1.18419,1.18423,1.25,1.50
2014.11.24 15:49:41.365,1.18418,1.18423,2.44,1.50
2014.11.24 15:49:41.878,1.1842,1.18423,1.00,1.50
2014.11.24 15:49:48.831,1.18419,1.18423,3.19,2.44
2014.11.24 15:49:50.798,1.1842,1.18423,1.00,1.00
2014.11.24 15:49:51.051,1.18418,1.18422,1.50,1.50
2014.11.24 15:49:51.557,1.18417,1.18421,1.50,1.50
2014.11.24 15:49:51.607,1.18419,1.18422,1.00,1.50
2014.11.24 15:49:52.113,1.18418,1.18422,1.00,2.25
2014.11.24 15:49:53.224,1.18419,1.18423,1.00,3.00
2014.11.24 15:49:53.728,1.1842,1.18423,1.00,1.00
2014.11.24 15:49:54.266,1.18421,1.18423,1.00,1.00
2014.11.24 15:49:55.550,1.1842,1.18423,1.69,1.00
2014.11.24 15:49:59.216,1.1842,1.18424,2.44,1.50
2014.11.24 15:49:59.738,1.18421,1.18425,1.00,4.69
2014.11.24 15:50:01.263,1.18423,1.18425,1.00,1.00
2014.11.24 15:50:01.466,1.18426,1.1843,1.50,1.00
2014.11.24 15:50:03.034,1.18427,1.1843,1.00,2.44
2014.11.24 15:50:06.358,1.18426,1.1843,2.44,2.44
2014.11.24 15:50:13.173,1.18425,1.18427,1.00,1.00
2014.11.24 15:50:13.274,1.18423,1.18426,1.00,1.50
2014.11.24 15:50:13.325,1.18421,1.18426,2.25,1.50
2014.11.24 15:50:13.376,1.1842,1.18424,3.19,1.00
2014.11.24 15:50:15.886,1.18419,1.18423,3.94,1.00
2014.11.24 15:50:16.189,1.18421,1.18429,8.69,1.50
2014.11.24 15:50:16.240,1.18427,1.18429,1.00,1.00
2014.11.24 15:50:16.291,1.18428,1.18431,1.00,1.00
2014.11.24 15:50:16.392,1.1843,1.18433,1.25,1.00
2014.11.24 15:50:16.897,1.1843,1.18434,3.94,1.00
2014.11.24 15:50:17.428,1.1843,1.18434,1.69,1.00
2014.11.24 15:50:18.070,1.18431,1.18434,1.00,1.00
2014.11.24 15:50:27.834,1.18431,1.18436,1.50,2.44
2014.11.24 15:50:28.695,1.18432,1.18436,1.00,2.44
2014.11.24 15:50:28.847,1.18434,1.18438,1.25,3.19
2014.11.24 15:50:29.351,1.18435,1.18438,1.00,2.44
2014.11.24 15:50:29.873,1.18435,1.18439,1.00,3.19
2014.11.24 15:50:30.380,1.18436,1.18439,1.00,3.19
2014.11.24 15:50:30.683,1.18441,1.18443,1.50,1.00
2014.11.24 15:50:30.756,1.18441,1.18445,2.25,1.00
2014.11.24 15:50:31.160,1.18443,1.18446,1.00,2.44
2014.11.24 15:50:31.664,1.18443,1.18447,1.50,1.69
2014.11.24 15:50:32.219,1.18445,1.18447,1.00,1.00
2014.11.24 15:50:32.320,1.18443,1.18447,1.50,1.00
2014.11.24 15:50:32.422,1.18445,1.18447,1.00,1.00
2014.11.24 15:50:32.776,1.18445,1.1845,1.50,1.50
2014.11.24 15:50:38.259,1.18445,1.18449,1.00,1.25
2014.11.24 15:50:38.512,1.18443,1.18448,1.50,1.00
2014.11.24 15:50:40.461,1.18445,1.18449,1.50,1.00
2014.11.24 15:50:40.765,1.18449,1.18453,1.00,2.44
2014.11.24 15:50:41.269,1.18449,1.18454,3.94,2.44
2014.11.24 15:50:41.572,1.18456,1.18458,1.00,1.00
2014.11.24 15:50:41.977,1.18457,1.1846,1.00,1.69
2014.11.24 15:50:42.179,1.18456,1.18458,1.69,1.00
2014.11.24 15:50:43.160,1.18456,1.18459,1.69,1.50
2014.11.24 15:50:43.665,1.18456,1.1846,2.44,3.19
2014.11.24 15:50:44.120,1.18458,1.18461,1.00,1.00
2014.11.24 15:50:44.625,1.18458,1.18462,1.00,1.00
2014.11.24 15:50:44.929,1.18456,1.1846,1.69,1.00
2014.11.24 15:50:45.233,1.18452,1.18454,1.00,1.00
2014.11.24 15:50:45.745,1.18451,1.18455,1.69,1.50
2014.11.24 15:50:47.724,1.18453,1.18455,1.00,1.50
2014.11.24 15:50:47.826,1.18453,1.18457,1.25,1.50
2014.11.24 15:50:48.348,1.18453,1.18456,1.00,1.00
2014.11.24 15:50:48.853,1.18453,1.18455,1.00,1.00
2014.11.24 15:50:50.064,1.18454,1.18456,1.00,1.00
2014.11.24 15:50:50.166,1.18455,1.18459,1.50,2.25
2014.11.24 15:50:50.216,1.18456,1.18459,1.00,2.25
2014.11.24 15:50:50.419,1.18455,1.1846,3.94,2.25
2014.11.24 15:50:50.924,1.18456,1.1846,1.00,1.50
2014.11.24 15:50:51.429,1.18455,1.18459,3.19,1.00
2014.11.24 15:50:51.933,1.18455,1.1846,2.44,2.25
2014.11.24 15:50:55.580,1.18455,1.18457,2.44,1.00
2014.11.24 15:50:55.884,1.18452,1.18455,1.00,1.00
2014.11.24 15:50:55.987,1.18452,1.18456,1.00,1.00
2014.11.24 15:50:56.037,1.18455,1.18456,1.00,1.00
2014.11.24 15:50:56.088,1.18455,1.18458,1.00,1.00
2014.11.24 15:50:56.240,1.18455,1.1846,1.00,3.19
2014.11.24 15:50:59.367,1.18455,1.18459,2.44,1.00
2014.11.24 15:51:01.268,1.18455,1.18457,1.00,1.00
2014.11.24 15:51:01.369,1.18452,1.18456,3.94,1.00
2014.11.24 15:51:01.874,1.18452,1.18456,1.69,1.50
2014.11.24 15:51:02.917,1.18452,1.18455,1.00,1.00
2014.11.24 15:51:03.458,1.18451,1.18455,2.44,1.50
2014.11.24 15:51:06.501,1.18451,1.18454,2.44,1.00
2014.11.24 15:51:06.905,1.18449,1.18453,3.19,1.00
2014.11.24 15:51:07.914,1.1845,1.18453,1.25,1.00
2014.11.24 15:51:08.418,1.1845,1.18454,2.44,1.00
2014.11.24 15:51:09.099,1.1845,1.18454,2.44,1.00
2014.11.24 15:51:10.114,1.1845,1.18454,3.19,1.00
2014.11.24 15:51:12.106,1.18451,1.18454,1.25,1.00
2014.11.24 15:51:12.958,1.18449,1.18454,3.94,1.00
2014.11.24 15:51:13.584,1.1845,1.18454,1.25,1.00
2014.11.24 15:51:14.668,1.18451,1.18454,1.00,1.00
2014.11.24 15:51:15.174,1.1845,1.18454,2.44,1.69
2014.11.24 15:51:17.137,1.1845,1.18455,3.94,2.44
2014.11.24 15:51:17.993,1.18451,1.18455,1.00,1.69
2014.11.24 15:51:18.863,1.18451,1.18456,2.44,2.44
2014.11.24 15:51:22.139,1.18451,1.18455,3.94,1.25
2014.11.24 15:51:24.177,1.18451,1.18456,3.94,2.44
2014.11.24 15:51:26.149,1.18451,1.18456,3.94,1.50
2014.11.24 15:51:27.077,1.18451,1.18455,3.94,1.00
2014.11.24 15:51:27.598,1.18449,1.18454,1.25,1.50
2014.11.24 15:51:28.102,1.18449,1.18453,1.69,1.00
2014.11.24 15:51:29.305,1.18449,1.18454,1.00,1.50
2014.11.24 15:51:29.814,1.1845,1.18454,1.00,1.50
2014.11.24 15:51:30.334,1.18451,1.18454,1.00,1.50
2014.11.24 15:51:30.855,1.18452,1.18454,1.00,1.00
2014.11.24 15:51:31.315,1.1845,1.18454,1.69,1.00
2014.11.24 15:51:31.820,1.18451,1.18454,1.00,1.50
2014.11.24 15:51:32.325,1.1845,1.18454,1.00,2.25
2014.11.24 15:51:33.624,1.18449,1.18452,1.00,1.00
2014.11.24 15:51:33.725,1.18449,1.18452,1.25,1.00
2014.11.24 15:51:34.699,1.18448,1.18452,2.44,1.00
2014.11.24 15:51:36.121,1.18452,1.18455,1.00,1.00
2014.11.24 15:51:36.172,1.18452,1.18454,1.00,1.00
2014.11.24 15:51:36.273,1.18453,1.18457,1.00,1.00
2014.11.24 15:51:36.728,1.18454,1.18459,1.00,3.19
2014.11.24 15:51:37.538,1.18455,1.18459,1.00,3.94
2014.11.24 15:51:38.047,1.18455,1.18459,1.00,3.94
2014.11.24 15:51:38.560,1.18453,1.18458,2.25,2.44
2014.11.24 15:51:39.066,1.18454,1.18458,1.50,1.69
2014.11.24 15:51:39.654,1.18453,1.18457,1.00,1.00
2014.11.24 15:51:40.159,1.18454,1.18458,1.00,1.00
2014.11.24 15:51:41.665,1.18455,1.18458,1.00,1.25
2014.11.24 15:51:42.183,1.18455,1.18459,1.00,1.50
2014.11.24 15:51:42.645,1.18457,1.18459,1.00,1.00
2014.11.24 15:51:42.746,1.18457,1.18461,1.50,1.69
2014.11.24 15:51:43.726,1.18457,1.18462,4.69,1.25
2014.11.24 15:51:44.665,1.18458,1.18462,1.00,1.25
2014.11.24 15:51:45.173,1.18457,1.18463,3.19,2.44
2014.11.24 15:51:45.683,1.1846,1.18463,1.50,1.25
2014.11.24 15:51:47.008,1.1846,1.18464,1.25,1.00
2014.11.24 15:51:47.511,1.18459,1.18463,1.00,1.00
2014.11.24 15:51:47.916,1.18458,1.18461,1.00,1.00
2014.11.24 15:51:48.421,1.18458,1.18462,2.25,1.25
2014.11.24 15:51:49.148,1.18458,1.18463,2.25,2.44
2014.11.24 15:51:51.971,1.18459,1.18463,1.00,1.50
2014.11.24 15:51:52.275,1.18461,1.18465,1.00,5.44
2014.11.24 15:51:52.906,1.1846,1.18464,1.00,1.00
2014.11.24 15:51:55.828,1.18461,1.18465,1.00,5.44
2014.11.24 15:51:56.659,1.18462,1.18466,1.00,1.00
2014.11.24 15:51:57.663,1.18463,1.18466,1.00,1.00
2014.11.24 15:51:58.028,1.18468,1.18471,5.44,1.50
2014.11.24 15:51:58.079,1.1847,1.18474,2.44,1.00
2014.11.24 15:51:58.282,1.18469,1.18471,1.50,1.00
2014.11.24 15:51:58.333,1.18466,1.18471,1.00,1.50
2014.11.24 15:51:58.839,1.18465,1.1847,3.94,1.00
2014.11.24 15:51:58.890,1.18467,1.1847,1.00,1.00
2014.11.24 15:51:58.941,1.18468,1.18473,1.00,3.19
2014.11.24 15:51:59.497,1.18468,1.18472,2.25,1.00
2014.11.24 15:52:00.002,1.18468,1.18473,1.50,1.69
2014.11.24 15:52:00.204,1.18468,1.1847,1.00,1.00
2014.11.24 15:52:00.357,1.18465,1.18471,4.69,3.94
2014.11.24 15:52:00.458,1.18467,1.18471,1.00,1.25
2014.11.24 15:52:00.660,1.18465,1.1847,2.25,1.50
2014.11.24 15:52:00.963,1.18467,1.1847,1.00,1.00
2014.11.24 15:52:01.215,1.18467,1.18472,1.00,2.44
2014.11.24 15:52:01.822,1.18467,1.18473,3.19,4.69
2014.11.24 15:52:02.092,1.18467,1.18471,3.19,1.00
2014.11.24 15:52:02.398,1.1847,1.18474,1.00,1.50
2014.11.24 15:52:02.608,1.1847,1.18473,1.00,1.50
2014.11.24 15:52:03.119,1.1847,1.18474,1.50,1.00
2014.11.24 15:52:03.524,1.18471,1.18476,1.00,3.19
2014.11.24 15:52:04.415,1.18472,1.18476,1.00,1.50
2014.11.24 15:52:06.624,1.18473,1.18477,1.00,1.00
2014.11.24 15:52:07.140,1.18473,1.18478,1.50,2.44
2014.11.24 15:52:08.412,1.18474,1.18478,1.00,1.69
2014.11.24 15:52:08.918,1.18474,1.18479,1.00,3.94
2014.11.24 15:52:09.450,1.18474,1.18478,1.00,1.69
2014.11.24 15:52:09.956,1.18474,1.18479,2.44,3.19
2014.11.24 15:52:10.512,1.18474,1.18478,1.69,1.00
2014.11.24 15:52:11.016,1.18473,1.18478,1.25,4.69
2014.11.24 15:52:11.521,1.18473,1.18477,1.25,1.00
2014.11.24 15:52:12.025,1.18472,1.18476,1.50,1.00
2014.11.24 15:52:13.099,1.18471,1.18476,2.25,1.69
2014.11.24 15:52:14.965,1.18471,1.18477,2.25,3.19
2014.11.24 15:52:15.872,1.18471,1.18476,1.50,1.00
2014.11.24 15:52:16.397,1.18471,1.18474,1.00,1.00
2014.11.24 15:52:17.998,1.18471,1.18476,1.50,1.25
2014.11.24 15:52:19.490,1.18472,1.18476,1.00,1.69
2014.11.24 15:52:20.002,1.18473,1.18477,1.50,1.25
2014.11.24 15:52:20.864,1.18473,1.18476,1.00,1.00
2014.11.24 15:52:21.397,1.18472,1.18476,2.44,1.00
2014.11.24 15:52:21.549,1.18471,1.18473,3.75,1.00
2014.11.24 15:52:21.600,1.18469,1.18471,1.00,1.00
2014.11.24 15:52:21.701,1.18467,1.18469,1.50,1.00
2014.11.24 15:52:21.802,1.18465,1.18469,1.50,1.00
2014.11.24 15:52:22.316,1.18468,1.1847,1.00,1.00
2014.11.24 15:52:22.670,1.18465,1.1847,1.69,1.50
2014.11.24 15:52:23.175,1.18464,1.1847,2.25,3.19
2014.11.24 15:52:23.428,1.18464,1.18468,1.00,1.50
2014.11.24 15:52:23.939,1.18463,1.18468,3.94,1.50
2014.11.24 15:52:24.452,1.18463,1.18467,1.50,1.00
2014.11.24 15:52:25.633,1.18463,1.18466,1.00,1.00
2014.11.24 15:52:26.361,1.18462,1.18466,3.19,1.00
2014.11.24 15:52:27.410,1.18462,1.18467,2.25,1.00
2014.11.24 15:52:28.007,1.18462,1.18466,1.50,1.00
2014.11.24 15:52:29.533,1.18463,1.18466,1.00,1.00
2014.11.24 15:52:31.364,1.18463,1.18468,4.69,1.00
2014.11.24 15:52:31.870,1.18463,1.18468,4.69,1.00
2014.11.24 15:52:32.475,1.18464,1.18469,1.00,2.44
2014.11.24 15:52:32.576,1.18463,1.18467,1.50,1.00
2014.11.24 15:52:34.489,1.18462,1.18467,2.44,1.00
2014.11.24 15:52:36.966,1.18463,1.18468,1.00,1.00
2014.11.24 15:52:38.706,1.18462,1.18468,2.44,2.50
2014.11.24 15:52:39.217,1.18463,1.18468,1.00,1.00
2014.11.24 15:52:40.004,1.18465,1.18468,1.00,2.50
2014.11.24 15:52:40.106,1.18465,1.18471,2.25,3.75
2014.11.24 15:52:40.409,1.18465,1.1847,1.00,1.50
2014.11.24 15:52:40.913,1.18464,1.18469,3.19,2.44
2014.11.24 15:52:41.418,1.18464,1.18469,1.00,2.25
2014.11.24 15:52:43.817,1.18464,1.18469,1.00,2.50
2014.11.24 15:52:44.341,1.18463,1.18469,2.44,2.50
2014.11.24 15:52:46.591,1.18463,1.18469,2.44,2.25
2014.11.24 15:52:47.267,1.18463,1.18468,1.69,1.00
2014.11.24 15:52:47.859,1.18464,1.18468,1.00,1.00
2014.11.24 15:52:48.364,1.18463,1.18468,1.50,1.00
2014.11.24 15:52:49.337,1.18463,1.18469,1.69,3.19
2014.11.24 15:52:49.841,1.18464,1.18469,1.00,3.19
2014.11.24 15:52:50.365,1.18463,1.18469,1.50,2.44
2014.11.24 15:52:50.719,1.18462,1.18467,1.50,1.00
2014.11.24 15:52:51.175,1.18465,1.18467,1.00,1.00
2014.11.24 15:52:51.287,1.18463,1.18468,2.25,1.00
2014.11.24 15:52:51.846,1.18463,1.18469,1.50,3.94
2014.11.24 15:52:51.948,1.18463,1.18466,1.00,1.00
2014.11.24 15:52:52.049,1.18463,1.18468,1.00,1.00
2014.11.24 15:52:52.978,1.18465,1.18468,1.00,1.00
2014.11.24 15:52:53.483,1.18465,1.18469,1.00,3.19
2014.11.24 15:52:54.529,1.18464,1.18469,1.69,2.25
2014.11.24 15:52:54.833,1.18463,1.18467,1.69,1.00
2014.11.24 15:52:55.137,1.18465,1.18468,1.00,1.00
2014.11.24 15:52:55.692,1.18465,1.18469,1.50,1.00
2014.11.24 15:52:55.997,1.18464,1.18467,1.50,1.00
2014.11.24 15:52:56.351,1.18464,1.18469,1.00,2.44
2014.11.24 15:52:56.922,1.18467,1.18469,1.00,1.50
2014.11.24 15:52:57.074,1.18466,1.18471,1.25,1.50
2014.11.24 15:52:57.361,1.18466,1.18467,1.00,1.00
2014.11.24 15:52:57.413,1.18464,1.18467,1.25,1.00
2014.11.24 15:52:58.329,1.18463,1.18467,1.50,1.00
2014.11.24 15:52:58.632,1.18467,1.18468,1.00,1.00
2014.11.24 15:52:58.683,1.18467,1.18471,1.00,1.50
2014.11.24 15:52:58.885,1.18468,1.18473,2.44,1.69
2014.11.24 15:52:59.265,1.18469,1.18475,3.19,3.94
2014.11.24 15:53:00.080,1.1847,1.18475,1.00,3.19
2014.11.24 15:53:00.596,1.18469,1.18474,3.94,1.25
2014.11.24 15:53:01.107,1.1847,1.18474,1.00,1.25
2014.11.24 15:53:02.257,1.1847,1.18475,1.69,4.69
2014.11.24 15:53:03.729,1.18471,1.18475,1.00,2.44
2014.11.24 15:53:04.355,1.18472,1.18475,1.00,1.00
2014.11.24 15:53:04.861,1.18471,1.18476,1.50,1.25
2014.11.24 15:53:10.977,1.18471,1.18475,1.00,1.00
2014.11.24 15:53:11.483,1.1847,1.18474,1.69,1.00
2014.11.24 15:53:12.093,1.1847,1.18474,1.00,3.94
2014.11.24 15:53:12.619,1.18469,1.18473,1.00,1.25
2014.11.24 15:53:13.281,1.18468,1.18474,5.44,3.19
2014.11.24 15:53:13.952,1.18468,1.18473,4.69,1.00
2014.11.24 15:53:14.607,1.18468,1.18474,5.44,3.19
2014.11.24 15:53:15.156,1.18469,1.18474,1.00,3.19
2014.11.24 15:53:16.584,1.18469,1.18473,1.00,1.00
2014.11.24 15:53:20.392,1.18468,1.1847,3.19,1.00
2014.11.24 15:53:20.543,1.18465,1.18468,1.00,1.00
2014.11.24 15:53:20.645,1.18463,1.18468,4.69,2.44
2014.11.24 15:53:21.151,1.18463,1.18467,3.19,1.50
2014.11.24 15:53:21.893,1.18463,1.18466,1.25,1.00
2014.11.24 15:53:22.617,1.18462,1.18466,1.69,1.00
2014.11.24 15:53:23.331,1.18463,1.18466,1.00,1.00
2014.11.24 15:53:23.887,1.18463,1.18467,1.00,3.19
2014.11.24 15:53:24.391,1.18462,1.18466,3.94,1.00
2014.11.24 15:53:27.265,1.18461,1.18466,4.69,2.44
2014.11.24 15:53:28.932,1.18461,1.18465,3.94,1.00
2014.11.24 15:53:29.712,1.18462,1.18465,1.00,1.00
2014.11.24 15:53:30.469,1.18462,1.18466,1.00,2.44
2014.11.24 15:53:33.263,1.18461,1.18465,1.50,1.00
2014.11.24 15:53:36.050,1.1846,1.18464,3.94,1.50
2014.11.24 15:53:36.252,1.18458,1.18463,1.00,2.25
2014.11.24 15:53:36.757,1.18457,1.18462,3.19,1.00
2014.11.24 15:53:37.515,1.18457,1.18463,3.94,4.69
2014.11.24 15:53:38.172,1.18458,1.18463,1.50,3.94
2014.11.24 15:53:40.023,1.18458,1.18462,1.69,1.00
2014.11.24 15:53:40.570,1.18458,1.18463,1.00,3.19
2014.11.24 15:53:41.581,1.18458,1.18462,1.00,1.00
2014.11.24 15:53:42.420,1.18457,1.18461,3.19,1.00
2014.11.24 15:53:42.925,1.18456,1.18461,1.69,2.25
2014.11.24 15:53:43.531,1.18457,1.18461,1.00,1.00
2014.11.24 15:53:50.036,1.18456,1.1846,1.00,1.00
2014.11.24 15:53:50.935,1.18454,1.18458,2.25,1.00
2014.11.24 15:53:51.138,1.18445,1.18449,1.50,1.00
2014.11.24 15:53:51.674,1.18444,1.18449,1.50,1.25
2014.11.24 15:53:52.184,1.18445,1.18449,1.00,3.00
2014.11.24 15:53:52.285,1.18444,1.18447,1.00,1.00
2014.11.24 15:53:52.690,1.18442,1.18446,2.44,1.00
2014.11.24 15:53:53.207,1.18442,1.18447,1.69,2.25
2014.11.24 15:53:53.690,1.18442,1.18445,1.00,1.00
2014.11.24 15:53:54.195,1.18441,1.18445,3.19,1.00
2014.11.24 15:53:54.702,1.18442,1.18446,1.00,1.50
2014.11.24 15:53:55.006,1.18436,1.18441,1.00,1.50
2014.11.24 15:53:55.158,1.18439,1.18442,1.00,1.50
2014.11.24 15:53:55.358,1.1844,1.18444,1.00,1.00
2014.11.24 15:53:55.763,1.18438,1.18443,2.25,1.00
2014.11.24 15:53:56.268,1.1844,1.18444,2.44,1.00
2014.11.24 15:53:56.774,1.18441,1.18444,1.00,1.50
2014.11.24 15:53:58.356,1.18441,1.18445,1.00,5.44
2014.11.24 15:53:59.012,1.1844,1.18444,3.19,1.00
2014.11.24 15:53:59.315,1.18439,1.18442,1.50,1.00
2014.11.24 15:53:59.466,1.18437,1.18442,3.00,2.44
2014.11.24 15:53:59.820,1.18439,1.18442,1.50,1.69
2014.11.24 15:54:00.122,1.18442,1.18445,1.00,1.69
2014.11.24 15:54:00.628,1.18442,1.18445,1.00,1.00
2014.11.24 15:54:01.586,1.18441,1.18446,2.44,3.19
2014.11.24 15:54:01.889,1.18441,1.18444,1.25,1.00
2014.11.24 15:54:02.394,1.1844,1.18444,3.19,1.25
2014.11.24 15:54:02.899,1.18441,1.18445,1.00,3.19
2014.11.24 15:54:03.425,1.18441,1.18445,1.25,1.69
2014.11.24 15:54:03.942,1.1844,1.18444,3.94,1.00
2014.11.24 15:54:04.448,1.1844,1.18443,1.69,1.00
2014.11.24 15:54:04.650,1.18437,1.18442,3.94,1.00
2014.11.24 15:54:05.182,1.18437,1.18441,1.00,1.00
2014.11.24 15:54:06.040,1.18437,1.18442,3.19,1.00
2014.11.24 15:54:06.090,1.18437,1.1844,2.44,1.00
2014.11.24 15:54:06.826,1.18438,1.18442,1.00,1.69
2014.11.24 15:54:07.889,1.18438,1.18441,1.00,1.00
2014.11.24 15:54:08.345,1.1844,1.18441,1.69,1.00
2014.11.24 15:54:08.446,1.18442,1.18446,1.00,6.19
2014.11.24 15:54:09.508,1.18442,1.18447,1.69,3.19
2014.11.24 15:54:10.940,1.18443,1.18447,1.00,3.19
2014.11.24 15:54:11.467,1.18445,1.18447,1.00,1.00
2014.11.24 15:54:11.972,1.18445,1.18448,1.00,1.25
2014.11.24 15:54:12.486,1.18445,1.18449,1.00,3.19
2014.11.24 15:54:14.657,1.18446,1.18449,1.00,1.50
2014.11.24 15:54:15.322,1.18445,1.18449,1.50,2.25
2014.11.24 15:54:15.837,1.18444,1.18449,1.50,1.50
2014.11.24 15:54:16.343,1.18444,1.18448,1.00,1.00
2014.11.24 15:54:16.849,1.18444,1.18447,1.00,1.00
2014.11.24 15:54:17.444,1.18443,1.18448,1.69,2.25
2014.11.24 15:54:17.957,1.18443,1.18447,1.00,1.00
2014.11.24 15:54:18.463,1.18443,1.18448,1.00,2.44
2014.11.24 15:54:19.173,1.18443,1.18447,1.69,1.00
2014.11.24 15:54:19.711,1.18444,1.18448,1.00,1.50
2014.11.24 15:54:19.864,1.18442,1.18448,4.69,3.19
2014.11.24 15:54:19.966,1.18444,1.18448,1.00,2.44
2014.11.24 15:54:20.571,1.18442,1.18445,1.00,1.00
2014.11.24 15:54:20.723,1.18439,1.18443,2.25,1.25
2014.11.24 15:54:21.228,1.18438,1.18443,3.94,1.69
2014.11.24 15:54:21.483,1.18438,1.18441,1.00,1.00
2014.11.24 15:54:21.686,1.18438,1.18443,1.50,3.94
2014.11.24 15:54:21.888,1.1844,1.18444,1.00,1.69
2014.11.24 15:54:22.395,1.1844,1.18445,1.00,1.69
2014.11.24 15:54:22.972,1.1844,1.18444,1.00,1.25
2014.11.24 15:54:23.275,1.1844,1.18442,1.00,1.00
2014.11.24 15:54:23.376,1.18438,1.18443,1.50,1.50
2014.11.24 15:54:23.427,1.18438,1.1844,1.50,1.00
2014.11.24 15:54:23.680,1.18436,1.1844,1.25,1.00
2014.11.24 15:54:24.186,1.18435,1.1844,1.50,1.00
2014.11.24 15:54:28.811,1.18435,1.18441,3.94,3.19
2014.11.24 15:54:28.862,1.18438,1.18441,1.00,3.19
2014.11.24 15:54:29.165,1.18441,1.18443,1.00,1.00
2014.11.24 15:54:29.424,1.18442,1.18445,1.00,2.44
2014.11.24 15:54:29.981,1.18441,1.18445,2.44,1.00
2014.11.24 15:54:30.486,1.18441,1.18443,1.25,1.00
2014.11.24 15:54:30.537,1.18439,1.18442,1.00,1.00
2014.11.24 15:54:30.639,1.18437,1.18441,2.25,1.00
2014.11.24 15:54:31.617,1.18437,1.18442,1.50,2.25
2014.11.24 15:54:32.122,1.18437,1.18441,1.00,1.00
2014.11.24 15:54:32.917,1.18436,1.18441,3.19,1.00
2014.11.24 15:54:33.423,1.18437,1.1844,1.00,1.00
2014.11.24 15:54:34.483,1.18436,1.1844,2.44,1.00
2014.11.24 15:54:34.990,1.18436,1.18441,2.44,5.25
2014.11.24 15:54:35.343,1.18438,1.18441,1.00,5.25
2014.11.24 15:54:36.224,1.18436,1.18441,3.94,4.50
2014.11.24 15:54:36.955,1.18436,1.1844,2.25,1.00
2014.11.24 15:54:37.560,1.18437,1.1844,1.00,1.00
2014.11.24 15:54:38.084,1.18436,1.1844,3.19,1.00
2014.11.24 15:54:38.589,1.18437,1.1844,1.00,1.00
2014.11.24 15:54:39.093,1.18436,1.1844,4.69,1.00
2014.11.24 15:54:39.659,1.18437,1.1844,1.25,1.00
2014.11.24 15:54:40.079,1.18437,1.18442,1.25,5.44
2014.11.24 15:54:40.593,1.18437,1.18441,1.25,1.00
2014.11.24 15:54:42.300,1.18436,1.18441,3.19,1.50
2014.11.24 15:54:42.506,1.1844,1.18442,1.00,1.00
2014.11.24 15:54:42.607,1.18442,1.18444,1.50,1.00
2014.11.24 15:54:42.658,1.18443,1.18446,1.00,1.50
2014.11.24 15:54:42.911,1.18441,1.18446,3.94,1.00
2014.11.24 15:54:43.417,1.18442,1.18447,1.00,2.44
2014.11.24 15:54:44.471,1.18441,1.18442,1.00,1.50
2014.11.24 15:54:44.573,1.18438,1.18442,1.50,1.50
2014.11.24 15:54:44.674,1.1844,1.18443,1.00,1.25
2014.11.24 15:54:44.826,1.18441,1.18445,1.00,2.25
2014.11.24 15:54:45.331,1.18441,1.18446,4.69,1.00
2014.11.24 15:54:45.896,1.18441,1.18447,5.44,3.94
2014.11.24 15:54:46.402,1.18443,1.18447,1.00,1.69
2014.11.24 15:54:48.008,1.18443,1.18448,1.69,1.69
2014.11.24 15:54:52.470,1.18444,1.18448,1.00,1.69
2014.11.24 15:54:53.997,1.18443,1.18448,2.44,1.00
2014.11.24 15:54:54.199,1.18443,1.18446,1.00,1.00
2014.11.24 15:54:55.482,1.18442,1.18444,2.44,1.00
2014.11.24 15:54:55.690,1.18438,1.18441,1.50,1.00
2014.11.24 15:54:56.197,1.18437,1.18441,3.19,1.00
2014.11.24 15:54:59.083,1.18438,1.18442,1.00,3.94
2014.11.24 15:54:59.185,1.1844,1.18442,1.00,1.00
2014.11.24 15:54:59.236,1.1844,1.18444,1.00,2.44
2014.11.24 15:54:59.438,1.18442,1.18445,1.00,1.00
2014.11.24 15:54:59.539,1.18441,1.18446,2.44,1.25
2014.11.24 15:55:00.078,1.18442,1.18447,3.94,1.69
2014.11.24 15:55:00.854,1.18443,1.18447,1.00,1.69
2014.11.24 15:55:01.391,1.18443,1.18448,3.19,3.19
2014.11.24 15:55:06.635,1.18445,1.18448,1.00,1.25
2014.11.24 15:55:11.420,1.18445,1.18449,1.00,3.19
2014.11.24 15:55:11.723,1.18445,1.18447,1.00,1.00
2014.11.24 15:55:12.379,1.18445,1.18448,1.00,1.00
2014.11.24 15:55:12.833,1.18443,1.18448,4.69,1.00
2014.11.24 15:55:13.355,1.18443,1.18447,2.25,1.00
2014.11.24 15:55:13.880,1.18443,1.18448,2.25,1.69
2014.11.24 15:55:17.073,1.18443,1.18449,3.19,5.44
2014.11.24 15:55:17.588,1.18444,1.18449,1.50,3.19
2014.11.24 15:55:19.533,1.18445,1.18449,1.00,1.25
2014.11.24 15:55:20.062,1.18446,1.1845,1.00,3.94
2014.11.24 15:55:20.586,1.18446,1.1845,1.00,2.44
2014.11.24 15:55:21.091,1.18446,1.18449,1.00,1.00
2014.11.24 15:55:21.596,1.18445,1.18449,1.00,1.25
2014.11.24 15:55:22.172,1.18445,1.1845,1.00,3.94
2014.11.24 15:55:23.828,1.18444,1.18449,2.44,1.00
2014.11.24 15:55:24.365,1.18445,1.18449,1.00,1.00
2014.11.24 15:55:25.664,1.18446,1.18449,1.00,1.00
2014.11.24 15:55:26.778,1.18446,1.18451,2.44,4.69
2014.11.24 15:55:26.879,1.18448,1.18452,1.00,3.94
2014.11.24 15:55:26.981,1.18449,1.18454,1.00,3.75
2014.11.24 15:55:27.082,1.18451,1.18454,1.00,1.00
2014.11.24 15:55:27.335,1.18456,1.1846,1.00,1.00
2014.11.24 15:55:27.386,1.18457,1.18462,1.00,1.50
2014.11.24 15:55:27.895,1.18457,1.18463,1.50,1.69
2014.11.24 15:55:28.400,1.18459,1.18462,1.00,1.25
2014.11.24 15:55:29.093,1.18458,1.18462,1.00,1.25
2014.11.24 15:55:29.597,1.18457,1.18462,1.50,1.25
2014.11.24 15:55:30.174,1.18457,1.18461,1.50,1.00
2014.11.24 15:55:31.692,1.18457,1.18462,1.50,1.69
2014.11.24 15:55:34.855,1.18457,1.1846,1.50,1.00
2014.11.24 15:55:35.057,1.18458,1.18462,1.00,1.69
2014.11.24 15:55:35.511,1.1846,1.18461,1.00,1.00
2014.11.24 15:55:35.562,1.1846,1.18463,1.00,3.19
2014.11.24 15:55:35.714,1.1846,1.18465,1.00,1.69
2014.11.24 15:55:35.841,1.18462,1.18465,1.00,1.25
2014.11.24 15:55:35.943,1.18462,1.18467,1.00,1.69
2014.11.24 15:55:37.068,1.18462,1.18466,1.50,1.00
2014.11.24 15:55:37.897,1.18462,1.18465,1.00,1.00
2014.11.24 15:55:40.185,1.18461,1.18465,1.00,1.00
2014.11.24 15:55:42.191,1.18461,1.18466,1.50,1.50
2014.11.24 15:55:42.713,1.18462,1.18466,1.00,1.00
2014.11.24 15:55:43.504,1.18462,1.18467,1.50,1.69
2014.11.24 15:55:44.033,1.18463,1.18467,1.00,1.00
2014.11.24 15:55:45.295,1.18462,1.18467,3.00,1.25
2014.11.24 15:55:46.371,1.18463,1.18467,1.00,1.00
2014.11.24 15:55:46.876,1.18463,1.18466,1.00,1.00
2014.11.24 15:55:47.531,1.18463,1.18467,1.00,1.69
2014.11.24 15:55:48.911,1.18463,1.18468,1.00,4.69
2014.11.24 15:55:49.641,1.18464,1.18468,1.00,3.19
2014.11.24 15:55:50.212,1.18464,1.18467,1.50,1.00
2014.11.24 15:55:51.247,1.18463,1.18466,1.00,1.00
2014.11.24 15:55:53.112,1.18463,1.18465,1.00,1.00
2014.11.24 15:55:53.617,1.18462,1.18464,1.00,1.00
2014.11.24 15:55:54.120,1.18461,1.18464,1.00,1.00
2014.11.24 15:55:54.626,1.18461,1.18465,1.50,1.00
2014.11.24 15:55:55.300,1.18462,1.18465,1.00,1.00
2014.11.24 15:55:55.817,1.18462,1.18467,1.00,3.94
2014.11.24 15:55:56.343,1.18462,1.18465,1.00,1.00
2014.11.24 15:55:57.073,1.18461,1.18465,2.25,1.00
2014.11.24 15:55:57.818,1.18461,1.18466,3.00,1.00
2014.11.24 15:55:58.351,1.18461,1.18465,3.00,1.00
2014.11.24 15:55:58.856,1.18461,1.18464,2.25,1.00
2014.11.24 15:56:00.162,1.18461,1.18463,2.25,1.00
2014.11.24 15:56:00.666,1.1846,1.18463,1.50,1.00
2014.11.24 15:56:01.171,1.18459,1.18463,3.19,1.00
2014.11.24 15:56:02.482,1.18459,1.18461,1.00,1.00
2014.11.24 15:56:02.686,1.18454,1.18457,1.50,1.50
2014.11.24 15:56:03.135,1.18452,1.18457,1.69,1.69
2014.11.24 15:56:03.642,1.18452,1.18456,1.25,1.00
2014.11.24 15:56:03.995,1.18455,1.18457,1.00,1.50
2014.11.24 15:56:04.046,1.18455,1.18459,1.00,1.50
2014.11.24 15:56:04.552,1.18455,1.18458,1.00,1.00
2014.11.24 15:56:06.659,1.18455,1.18456,1.00,1.00
2014.11.24 15:56:06.760,1.18453,1.18457,2.44,1.00
2014.11.24 15:56:10.156,1.18453,1.18455,1.00,1.00
2014.11.24 15:56:10.258,1.18451,1.18455,3.94,1.00
2014.11.24 15:56:10.766,1.18451,1.18453,1.00,1.00
2014.11.24 15:56:11.069,1.18443,1.18445,1.00,1.00
2014.11.24 15:56:11.170,1.18436,1.1844,1.50,1.00
2014.11.24 15:56:11.322,1.18435,1.18438,1.00,1.25
2014.11.24 15:56:11.840,1.18434,1.18439,1.00,1.25
2014.11.24 15:56:12.271,1.18436,1.1844,1.50,1.00
2014.11.24 15:56:13.955,1.18438,1.1844,1.00,1.00
2014.11.24 15:56:14.228,1.18443,1.18447,1.00,1.00
2014.11.24 15:56:16.290,1.18442,1.18444,1.69,1.00
2014.11.24 15:56:16.340,1.1844,1.18444,1.00,1.50
2014.11.24 15:56:16.391,1.18439,1.18442,1.50,1.00
2014.11.24 15:56:16.896,1.18438,1.18441,1.00,2.25
2014.11.24 15:56:17.401,1.18437,1.18441,3.94,2.25
2014.11.24 15:56:17.889,1.18439,1.18442,1.00,1.00
2014.11.24 15:56:18.399,1.18438,1.18442,2.44,1.50
2014.11.24 15:56:21.426,1.18439,1.18442,1.00,1.00
2014.11.24 15:56:21.930,1.1844,1.18442,1.00,1.00
2014.11.24 15:56:22.434,1.1844,1.18443,1.00,3.19
2014.11.24 15:56:22.637,1.18441,1.18445,1.00,2.44
2014.11.24 15:56:22.789,1.18444,1.18445,1.00,1.00
2014.11.24 15:56:22.840,1.18444,1.18449,1.00,1.50
2014.11.24 15:56:23.953,1.18444,1.18448,3.94,1.00
2014.11.24 15:56:24.734,1.18444,1.18449,2.44,1.69
2014.11.24 15:56:25.239,1.18444,1.18448,3.19,1.00
2014.11.24 15:56:26.445,1.18444,1.18449,3.94,1.25
2014.11.24 15:56:27.465,1.18444,1.1845,1.50,3.00
2014.11.24 15:56:27.971,1.18444,1.18449,1.69,1.25
2014.11.24 15:56:28.493,1.18445,1.18449,1.00,1.69
2014.11.24 15:56:29.655,1.18446,1.18449,1.00,1.25
2014.11.24 15:56:30.160,1.18445,1.18449,1.69,1.00
2014.11.24 15:56:32.083,1.18446,1.1845,1.00,3.94
2014.11.24 15:56:32.899,1.18445,1.18449,1.50,1.69
2014.11.24 15:56:35.113,1.18444,1.18448,2.44,1.00
2014.11.24 15:56:35.820,1.18444,1.18447,1.50,1.00
2014.11.24 15:56:37.128,1.18444,1.18448,1.50,3.19
2014.11.24 15:56:37.733,1.18444,1.18449,2.25,3.19
2014.11.24 15:56:39.396,1.18444,1.18448,1.50,1.00
2014.11.24 15:56:39.446,1.18442,1.18444,1.50,1.00
2014.11.24 15:56:39.598,1.18438,1.18441,1.00,1.25
2014.11.24 15:56:40.103,1.18437,1.1844,1.00,1.25
2014.11.24 15:56:40.356,1.18437,1.18442,1.50,1.69
2014.11.24 15:56:40.863,1.18438,1.18443,1.00,2.44
2014.11.24 15:56:41.368,1.18437,1.18442,1.50,1.69
2014.11.24 15:56:41.874,1.18437,1.18441,1.50,1.00
2014.11.24 15:56:42.378,1.18438,1.18442,1.00,1.69
2014.11.24 15:56:42.883,1.18438,1.18441,1.00,1.50
2014.11.24 15:56:45.119,1.18437,1.18441,2.44,1.00
2014.11.24 15:56:45.631,1.18439,1.18442,1.00,1.00
2014.11.24 15:56:46.843,1.18438,1.18442,3.19,1.00
2014.11.24 15:56:47.701,1.18438,1.18441,1.25,1.00
2014.11.24 15:56:48.055,1.18436,1.1844,1.00,1.00
2014.11.24 15:56:48.560,1.18436,1.18439,1.00,1.00
2014.11.24 15:56:50.358,1.18436,1.18438,1.50,1.00
2014.11.24 15:56:52.015,1.18436,1.18439,1.50,1.00
2014.11.24 15:56:52.527,1.18436,1.1844,1.50,3.94
2014.11.24 15:56:53.041,1.18436,1.18439,1.50,1.00
2014.11.24 15:56:53.583,1.18436,1.1844,1.50,3.94
2014.11.24 15:56:54.228,1.18436,1.18439,1.00,1.25
2014.11.24 15:56:54.279,1.18434,1.18439,2.25,1.69
2014.11.24 15:56:55.290,1.18434,1.18438,1.50,1.00
2014.11.24 15:56:55.795,1.18434,1.18439,1.50,3.94
2014.11.24 15:56:56.299,1.18435,1.18439,1.00,1.00
2014.11.24 15:56:57.450,1.18434,1.18439,3.19,1.69
2014.11.24 15:56:58.951,1.18435,1.18439,1.00,1.69
2014.11.24 15:57:00.724,1.18436,1.18439,1.00,1.00
2014.11.24 15:57:00.825,1.18436,1.18441,1.00,2.44
2014.11.24 15:57:00.977,1.18438,1.18441,1.00,2.44
2014.11.24 15:57:01.482,1.18439,1.18441,1.00,1.00
2014.11.24 15:57:02.313,1.18438,1.18441,1.50,1.00
2014.11.24 15:57:04.126,1.18438,1.18442,1.50,1.00
2014.11.24 15:57:05.072,1.18441,1.18442,1.00,1.00
2014.11.24 15:57:05.224,1.18442,1.18445,1.50,1.00
2014.11.24 15:57:05.275,1.18445,1.18448,1.00,1.00
2014.11.24 15:57:05.780,1.18445,1.18449,2.44,1.00
2014.11.24 15:57:06.134,1.18447,1.1845,1.00,1.25
2014.11.24 15:57:06.917,1.18448,1.1845,1.00,1.25
2014.11.24 15:57:07.431,1.18447,1.1845,1.00,1.25
2014.11.24 15:57:07.684,1.18445,1.1845,1.50,1.69
2014.11.24 15:57:08.195,1.18445,1.18449,1.00,1.69
2014.11.24 15:57:09.718,1.18444,1.18449,1.00,2.44
2014.11.24 15:57:10.404,1.18444,1.18448,1.00,1.00
2014.11.24 15:57:10.952,1.18445,1.18449,1.00,1.00
2014.11.24 15:57:12.113,1.18445,1.1845,1.50,1.50
2014.11.24 15:57:13.588,1.18445,1.18449,1.50,1.25
2014.11.24 15:57:15.453,1.18445,1.18448,1.00,1.00
2014.11.24 15:57:17.668,1.18445,1.18449,1.00,1.69
2014.11.24 15:57:23.113,1.18446,1.18449,1.00,1.69
2014.11.24 15:57:24.266,1.18445,1.18449,2.25,1.25
2014.11.24 15:57:25.549,1.18446,1.18449,1.00,1.00
2014.11.24 15:57:26.053,1.18446,1.1845,1.00,1.25
2014.11.24 15:57:27.085,1.18447,1.1845,1.00,1.25
2014.11.24 15:57:27.590,1.18446,1.18449,1.00,1.25
2014.11.24 15:57:28.095,1.18446,1.1845,3.94,1.25
2014.11.24 15:57:29.249,1.18447,1.1845,1.50,1.25
2014.11.24 15:57:29.451,1.1845,1.18452,1.00,1.00
2014.11.24 15:57:29.553,1.18451,1.18456,1.69,2.44
2014.11.24 15:57:30.968,1.18451,1.18455,1.00,1.00
2014.11.24 15:57:31.960,1.18451,1.18454,1.00,1.00
2014.11.24 15:57:34.579,1.18449,1.18454,1.50,2.25
2014.11.24 15:57:35.083,1.18449,1.18453,1.00,1.00
2014.11.24 15:57:35.620,1.18448,1.18452,1.00,1.00
2014.11.24 15:57:39.209,1.18449,1.18452,1.00,1.25
2014.11.24 15:57:40.199,1.18449,1.18453,1.00,2.44
2014.11.24 15:57:40.705,1.18448,1.18452,1.25,1.50
2014.11.24 15:57:41.209,1.18447,1.18452,3.19,2.44
2014.11.24 15:57:49.124,1.18447,1.1845,1.69,1.00
2014.11.24 15:57:49.628,1.18447,1.18451,1.25,1.00
2014.11.24 15:57:50.234,1.18447,1.18452,1.25,3.19
2014.11.24 15:57:51.415,1.18448,1.18452,1.00,1.69
2014.11.24 15:57:53.179,1.18449,1.18452,1.00,1.00
2014.11.24 15:57:53.330,1.1845,1.18454,1.00,2.44
2014.11.24 15:57:59.101,1.1845,1.18453,1.00,1.00
2014.11.24 15:57:59.152,1.18448,1.18452,1.50,1.00
2014.11.24 15:57:59.657,1.18447,1.18452,2.25,2.44
2014.11.24 15:58:01.998,1.18447,1.18451,1.00,1.00
2014.11.24 15:58:02.150,1.18446,1.18449,2.25,1.00
2014.11.24 15:58:02.619,1.18444,1.18449,1.50,4.69
2014.11.24 15:58:03.281,1.18444,1.18448,1.50,2.44
2014.11.24 15:58:05.399,1.18444,1.18447,1.00,1.25
2014.11.24 15:58:05.702,1.18445,1.18449,1.00,3.19
2014.11.24 15:58:05.752,1.18443,1.18446,1.50,1.00
2014.11.24 15:58:05.853,1.18441,1.18445,1.50,1.00
2014.11.24 15:58:06.841,1.18443,1.18445,1.00,1.00
2014.11.24 15:58:08.058,1.18443,1.18446,1.00,1.25
2014.11.24 15:58:09.007,1.18443,1.18447,1.00,3.94
2014.11.24 15:58:09.997,1.18443,1.18446,1.00,1.25
2014.11.24 15:58:12.126,1.18443,1.18445,1.00,1.00
2014.11.24 15:58:12.278,1.18437,1.1844,1.00,1.00
2014.11.24 15:58:12.429,1.18436,1.18438,1.50,1.25
2014.11.24 15:58:12.480,1.18434,1.18438,1.50,1.25
2014.11.24 15:58:12.582,1.18431,1.18436,1.50,1.00
2014.11.24 15:58:13.089,1.18432,1.18436,1.00,1.00
2014.11.24 15:58:13.292,1.18435,1.18438,1.00,3.94
2014.11.24 15:58:14.513,1.18435,1.18438,1.50,1.25
2014.11.24 15:58:15.084,1.18436,1.18438,2.50,1.25
2014.11.24 15:58:15.445,1.18437,1.18441,1.00,4.69
2014.11.24 15:58:15.496,1.18439,1.18441,1.00,3.19
2014.11.24 15:58:16.531,1.18439,1.18442,1.50,3.19
2014.11.24 15:58:17.644,1.18439,1.18441,1.00,1.00
2014.11.24 15:58:17.695,1.18437,1.18441,2.25,1.00
2014.11.24 15:58:18.532,1.18437,1.1844,2.25,2.44
2014.11.24 15:58:19.711,1.18437,1.18439,1.00,3.19
2014.11.24 15:58:20.825,1.18437,1.1844,1.50,1.00
2014.11.24 15:58:20.926,1.18439,1.18442,1.00,1.00
2014.11.24 15:58:21.431,1.18441,1.18443,1.00,2.44
2014.11.24 15:58:21.733,1.18439,1.18443,2.25,2.44
2014.11.24 15:58:21.835,1.18437,1.18442,1.00,2.44
2014.11.24 15:58:21.885,1.18435,1.18439,1.50,1.00
2014.11.24 15:58:22.390,1.18434,1.18439,1.00,3.19
2014.11.24 15:58:22.923,1.18434,1.18438,1.00,2.44
2014.11.24 15:58:25.551,1.18434,1.18439,1.00,2.25
2014.11.24 15:58:31.514,1.18436,1.1844,1.00,1.69
2014.11.24 15:58:32.025,1.18436,1.18439,1.00,1.00
2014.11.24 15:58:32.529,1.18436,1.1844,1.00,1.50
2014.11.24 15:58:34.298,1.18436,1.18441,1.00,3.00
2014.11.24 15:58:34.602,1.18441,1.18444,1.00,2.44
2014.11.24 15:58:35.455,1.1844,1.18445,1.50,3.19
2014.11.24 15:58:36.109,1.1844,1.18444,1.00,1.25
2014.11.24 15:58:36.618,1.1844,1.18443,1.00,1.25
2014.11.24 15:58:37.131,1.18437,1.18441,3.00,1.50
2014.11.24 15:58:37.334,1.18435,1.1844,1.50,1.00
2014.11.24 15:58:38.645,1.18437,1.1844,1.00,1.50
2014.11.24 15:58:38.949,1.18438,1.18442,1.50,1.00
2014.11.24 15:58:39.051,1.1844,1.18443,1.00,2.44
2014.11.24 15:58:39.708,1.1844,1.18441,1.00,1.25
2014.11.24 15:58:39.758,1.18436,1.18441,3.00,1.69
2014.11.24 15:58:40.062,1.18434,1.18439,1.00,1.00
2014.11.24 15:58:41.073,1.18435,1.18439,1.00,1.00
2014.11.24 15:58:45.379,1.18434,1.18439,1.50,3.19
2014.11.24 15:58:46.085,1.18435,1.18439,1.00,1.50
2014.11.24 15:58:47.297,1.18434,1.18439,1.50,1.50
2014.11.24 15:58:47.754,1.18433,1.18437,1.00,1.00
2014.11.24 15:58:48.512,1.18432,1.18437,1.50,1.50
2014.11.24 15:58:49.017,1.18432,1.18436,1.00,1.00
2014.11.24 15:58:49.521,1.18432,1.18437,1.50,1.50
2014.11.24 15:58:49.976,1.18432,1.18435,1.00,1.00
2014.11.24 15:58:50.733,1.18432,1.18436,1.00,1.50
2014.11.24 15:58:51.300,1.18431,1.18435,1.00,1.00
2014.11.24 15:58:52.057,1.18431,1.18434,1.00,1.00
2014.11.24 15:58:52.687,1.18431,1.18435,1.00,1.50
2014.11.24 15:58:53.221,1.18431,1.18434,1.00,1.00
2014.11.24 15:58:55.224,1.18431,1.18435,1.00,1.50
2014.11.24 15:58:57.365,1.1843,1.18435,1.00,3.19
2014.11.24 15:58:57.669,1.18429,1.18432,1.00,1.50
2014.11.24 15:58:57.972,1.1843,1.18434,1.00,1.50
2014.11.24 15:58:58.477,1.18431,1.18434,1.50,1.00
2014.11.24 15:58:58.578,1.18432,1.18436,1.00,1.69
2014.11.24 15:58:59.083,1.18433,1.18436,1.00,3.19
2014.11.24 15:58:59.587,1.18434,1.18436,1.00,3.19
2014.11.24 15:59:00.124,1.18433,1.18436,1.00,1.50
2014.11.24 15:59:00.692,1.18431,1.18436,3.94,1.00
2014.11.24 15:59:01.209,1.18432,1.18436,1.00,1.00
2014.11.24 15:59:01.742,1.18433,1.18437,1.50,1.69
2014.11.24 15:59:02.248,1.18433,1.18436,1.00,1.00
2014.11.24 15:59:02.601,1.18433,1.18438,2.25,6.19
2014.11.24 15:59:03.561,1.18434,1.18438,1.50,1.69
2014.11.24 15:59:03.662,1.18436,1.18438,1.00,1.00
2014.11.24 15:59:04.167,1.18435,1.1844,2.25,6.19
2014.11.24 15:59:05.228,1.18436,1.18439,1.00,1.25
2014.11.24 15:59:05.774,1.18435,1.18439,1.50,1.25
2014.11.24 15:59:07.809,1.18434,1.18438,1.25,1.00
2014.11.24 15:59:09.155,1.18435,1.18438,1.00,1.00
2014.11.24 15:59:09.479,1.18437,1.18438,1.00,1.00
2014.11.24 15:59:09.732,1.18434,1.18438,1.69,1.00
2014.11.24 15:59:10.237,1.18433,1.18438,3.19,1.00
2014.11.24 15:59:10.541,1.18432,1.18436,2.25,1.00
2014.11.24 15:59:11.438,1.18433,1.18436,1.00,1.00
2014.11.24 15:59:12.320,1.18431,1.18436,3.19,1.50
2014.11.24 15:59:12.824,1.18432,1.18436,1.00,1.00
2014.11.24 15:59:13.329,1.18431,1.18436,2.25,1.00
2014.11.24 15:59:13.851,1.18432,1.18436,1.00,1.00
2014.11.24 15:59:14.357,1.18431,1.18435,1.50,1.00
2014.11.24 15:59:15.824,1.18431,1.18434,1.50,1.00
2014.11.24 15:59:16.334,1.18431,1.18435,1.50,1.00
2014.11.24 15:59:17.586,1.18431,1.18434,1.50,1.00
2014.11.24 15:59:18.417,1.1843,1.18434,1.00,1.00
2014.11.24 15:59:18.620,1.18428,1.18432,1.25,1.00
2014.11.24 15:59:19.027,1.18427,1.1843,1.69,1.00
2014.11.24 15:59:19.528,1.18427,1.18431,1.69,1.00
2014.11.24 15:59:20.234,1.18428,1.18431,1.00,1.00
2014.11.24 15:59:20.740,1.18428,1.18432,1.00,1.50
2014.11.24 15:59:21.245,1.18427,1.18432,2.44,1.50
2014.11.24 15:59:21.757,1.18428,1.18431,1.00,1.00
2014.11.24 15:59:22.452,1.18429,1.18431,1.00,1.00
2014.11.24 15:59:22.613,1.18427,1.18431,1.50,1.00
2014.11.24 15:59:25.475,1.18427,1.18432,1.50,3.19
2014.11.24 15:59:25.994,1.18427,1.18431,1.50,1.00
2014.11.24 15:59:26.420,1.18427,1.18429,1.00,1.25
2014.11.24 15:59:26.572,1.18422,1.18425,1.69,1.00
2014.11.24 15:59:26.775,1.18419,1.18424,2.25,1.50
2014.11.24 15:59:27.337,1.18419,1.18423,1.00,1.00
2014.11.24 15:59:27.518,1.18418,1.1842,1.50,1.00
2014.11.24 15:59:27.670,1.18413,1.18415,1.00,1.00
2014.11.24 15:59:27.771,1.18411,1.18415,1.00,3.19
2014.11.24 15:59:28.125,1.18415,1.18416,1.00,1.00
2014.11.24 15:59:28.176,1.18415,1.18418,1.00,1.00
2014.11.24 15:59:28.479,1.18416,1.18421,1.50,1.00
2014.11.24 15:59:29.547,1.18416,1.1842,1.50,1.00
2014.11.24 15:59:30.257,1.18416,1.18419,1.00,1.00
2014.11.24 15:59:31.066,1.18416,1.1842,1.00,1.50
2014.11.24 15:59:31.585,1.18417,1.18421,1.00,2.25
2014.11.24 15:59:32.295,1.18416,1.18418,1.00,1.00
2014.11.24 15:59:32.599,1.18406,1.18408,1.00,1.50
2014.11.24 15:59:32.801,1.18404,1.18407,1.50,2.25
2014.11.24 15:59:33.964,1.18401,1.18406,3.00,2.50
2014.11.24 15:59:34.065,1.18399,1.18402,1.50,1.50
2014.11.24 15:59:34.267,1.18401,1.18402,1.00,1.00
2014.11.24 15:59:34.419,1.18402,1.18406,1.50,1.00
2014.11.24 15:59:35.127,1.18402,1.18405,1.00,1.00
2014.11.24 15:59:35.751,1.18399,1.18401,1.00,2.50
2014.11.24 15:59:36.257,1.18398,1.184,3.94,1.00
2014.11.24 15:59:37.014,1.18399,1.184,1.00,1.00
2014.11.24 15:59:37.520,1.18398,1.18401,3.19,1.69
2014.11.24 15:59:38.024,1.18399,1.18402,1.50,1.50
2014.11.24 15:59:38.177,1.18403,1.18407,1.00,3.00
2014.11.24 15:59:38.581,1.18402,1.18405,1.00,1.00
2014.11.24 15:59:38.884,1.184,1.18403,1.00,1.50
2014.11.24 15:59:39.389,1.18399,1.18403,1.50,3.94
2014.11.24 15:59:39.793,1.18396,1.184,1.50,1.00
2014.11.24 15:59:40.299,1.18394,1.18398,1.50,1.69
2014.11.24 15:59:40.602,1.18393,1.18396,1.50,1.00
2014.11.24 15:59:41.585,1.18394,1.18397,1.00,3.19
2014.11.24 15:59:42.101,1.18396,1.18397,1.50,2.44
2014.11.24 15:59:42.152,1.18397,1.184,1.00,1.50
2014.11.24 15:59:42.505,1.18395,1.18398,1.00,1.00
2014.11.24 15:59:43.547,1.18395,1.18399,1.00,3.19
2014.11.24 15:59:43.650,1.18395,1.18398,1.00,2.44
2014.11.24 15:59:44.662,1.18394,1.18396,1.00,1.25
2014.11.24 15:59:45.671,1.18395,1.18397,1.00,2.44
2014.11.24 15:59:45.722,1.18393,1.18397,1.69,3.19
2014.11.24 15:59:45.825,1.18395,1.18397,1.00,3.19
2014.11.24 15:59:45.927,1.18396,1.184,1.00,3.19
2014.11.24 15:59:46.182,1.18396,1.18398,1.00,1.00
2014.11.24 15:59:46.486,1.18387,1.18391,2.25,1.00
2014.11.24 15:59:46.587,1.18389,1.18391,1.00,1.00
2014.11.24 15:59:47.042,1.18389,1.18393,1.50,3.19
2014.11.24 15:59:47.917,1.18389,1.18392,1.00,1.00
2014.11.24 15:59:48.920,1.18388,1.1839,1.00,1.50
2014.11.24 15:59:49.173,1.18386,1.18389,3.19,1.00
2014.11.24 15:59:49.679,1.18386,1.1839,3.19,3.19
2014.11.24 15:59:50.186,1.18386,1.18389,1.50,1.25
2014.11.24 15:59:50.944,1.18385,1.18388,3.19,1.00
2014.11.24 15:59:51.451,1.18384,1.18388,5.44,3.19
2014.11.24 15:59:52.364,1.18385,1.18388,1.00,3.19
2014.11.24 15:59:52.870,1.18386,1.18389,1.25,3.19
2014.11.24 15:59:53.598,1.18386,1.18389,1.00,3.19
2014.11.24 15:59:54.309,1.18387,1.1839,1.25,3.94
2014.11.24 15:59:54.633,1.18388,1.18391,1.00,4.69
2014.11.24 15:59:54.734,1.18387,1.1839,1.25,3.19
2014.11.24 15:59:55.341,1.18386,1.18389,3.19,2.44
2014.11.24 15:59:55.860,1.18388,1.18389,1.00,2.44
2014.11.24 15:59:55.962,1.18386,1.18388,1.00,2.44
2014.11.24 15:59:56.467,1.18385,1.18388,2.44,2.44
2014.11.24 15:59:57.024,1.18385,1.18389,3.94,1.00
2014.11.24 15:59:57.176,1.18387,1.18391,1.00,2.44
2014.11.24 15:59:58.337,1.18387,1.1839,1.00,1.00
2014.11.24 15:59:59.643,1.1839,1.18392,1.00,1.50
2014.11.24 15:59:59.694,1.18391,1.18394,1.00,1.69
2014.11.24 15:59:59.796,1.18392,1.18396,1.00,1.50
2014.11.24 15:59:59.847,1.18394,1.18396,1.00,1.00
2014.11.24 15:59:59.948,1.18395,1.18398,1.00,1.69
