2012.01.13 15:00:00.109,0.76953,0.76959,1.13,2.25
2012.01.13 15:00:00.512,0.76954,0.7696,2.25,2.25
2012.01.13 15:00:01.403,0.76957,0.76963,1.88,1.13
2012.01.13 15:00:01.487,0.76957,0.76961,1.13,1.50
2012.01.13 15:00:01.974,0.76952,0.76959,3.38,1.50
2012.01.13 15:00:02.783,0.76952,0.76959,1.13,2.25
2012.01.13 15:00:03.426,0.76952,0.76959,1.88,1.50
2012.01.13 15:00:04.433,0.76952,0.76959,1.88,1.50
2012.01.13 15:00:04.577,0.76947,0.76952,3.75,2.10
2012.01.13 15:00:04.949,0.7694,0.76944,1.50,1.13
2012.01.13 15:00:05.818,0.7694,0.76944,1.50,3.38
2012.01.13 15:00:05.997,0.76936,0.76945,2.85,2.25
2012.01.13 15:00:06.141,0.76941,0.76947,1.50,3.38
2012.01.13 15:00:06.564,0.76941,0.76947,1.50,3.38
2012.01.13 15:00:07.343,0.76941,0.76946,1.50,1.50
2012.01.13 15:00:07.431,0.76939,0.76946,1.50,1.50
2012.01.13 15:00:07.516,0.76941,0.76947,1.50,2.63
2012.01.13 15:00:08.075,0.76941,0.76947,1.50,3.38
2012.01.13 15:00:08.921,0.76941,0.76947,1.50,2.63
2012.01.13 15:00:09.143,0.76946,0.7695,1.50,1.13
2012.01.13 15:00:10.243,0.76946,0.76952,2.25,1.50
2012.01.13 15:00:10.324,0.76944,0.7695,2.63,3.38
2012.01.13 15:00:11.314,0.76944,0.76949,1.13,1.50
2012.01.13 15:00:11.409,0.76941,0.76946,2.25,1.13
2012.01.13 15:00:12.290,0.76941,0.76946,1.50,1.13
2012.01.13 15:00:16.028,0.76938,0.76942,1.50,1.13
2012.01.13 15:00:16.174,0.7694,0.76945,1.13,1.50
2012.01.13 15:00:16.391,0.76942,0.76946,2.10,1.13
2012.01.13 15:00:17.160,0.76944,0.76951,2.25,1.13
2012.01.13 15:00:17.380,0.76944,0.7695,2.63,1.50
2012.01.13 15:00:17.742,0.76946,0.76952,1.50,2.63
2012.01.13 15:00:18.640,0.76946,0.76952,2.25,2.63
2012.01.13 15:00:19.178,0.76946,0.76952,1.50,2.63
2012.01.13 15:00:19.728,0.76946,0.76952,2.25,2.63
2012.01.13 15:00:20.290,0.76944,0.76951,1.88,1.50
2012.01.13 15:00:20.964,0.76944,0.76951,1.88,1.50
2012.01.13 15:00:21.514,0.76944,0.76951,1.13,2.25
2012.01.13 15:00:22.007,0.76944,0.76948,1.13,1.50
2012.01.13 15:00:22.177,0.76944,0.7695,2.63,2.25
2012.01.13 15:00:22.329,0.76947,0.76953,1.13,2.63
2012.01.13 15:00:25.590,0.76947,0.76953,1.88,2.63
2012.01.13 15:00:26.168,0.76947,0.76953,1.13,2.63
2012.01.13 15:00:28.029,0.76945,0.76953,2.63,3.38
2012.01.13 15:00:28.549,0.76945,0.76953,2.63,3.38
2012.01.13 15:00:29.632,0.76945,0.76953,2.63,4.13
2012.01.13 15:00:29.830,0.76945,0.76953,3.38,4.13
2012.01.13 15:00:31.179,0.76945,0.76953,3.38,2.63
2012.01.13 15:00:31.638,0.76945,0.76953,2.63,3.38
2012.01.13 15:00:32.388,0.76943,0.76953,1.50,4.13
2012.01.13 15:00:32.905,0.76944,0.7695,2.63,3.38
2012.01.13 15:00:33.716,0.76944,0.7695,2.63,3.38
2012.01.13 15:00:40.935,0.76944,0.76949,1.13,1.50
2012.01.13 15:00:41.679,0.76944,0.7695,2.63,4.13
2012.01.13 15:00:41.820,0.76946,0.7695,1.50,1.13
2012.01.13 15:00:43.671,0.76944,0.7695,4.88,2.63
2012.01.13 15:00:49.151,0.76945,0.76952,2.25,1.13
2012.01.13 15:00:51.819,0.76945,0.76952,1.50,1.88
2012.01.13 15:00:56.825,0.76944,0.7695,2.63,1.50
2012.01.13 15:01:05.106,0.76946,0.76952,1.50,3.38
2012.01.13 15:01:06.648,0.7695,0.76955,1.13,3.00
2012.01.13 15:01:06.987,0.76952,0.76956,1.50,1.13
2012.01.13 15:01:13.389,0.76952,0.76958,1.50,2.63
2012.01.13 15:01:15.239,0.76952,0.76958,2.25,2.63
2012.01.13 15:01:15.750,0.76952,0.76958,1.50,2.63
2012.01.13 15:01:16.620,0.76951,0.76956,1.13,1.50
2012.01.13 15:01:17.289,0.76946,0.76953,1.13,1.50
2012.01.13 15:01:19.336,0.76946,0.76953,1.13,2.25
2012.01.13 15:01:20.239,0.76946,0.76953,1.13,2.25
2012.01.13 15:01:20.969,0.76945,0.7695,1.50,1.13
2012.01.13 15:01:21.569,0.76942,0.7695,2.63,2.48
2012.01.13 15:01:21.898,0.76941,0.76949,1.50,1.50
2012.01.13 15:01:22.034,0.76941,0.76949,1.50,2.25
2012.01.13 15:01:22.115,0.76944,0.7695,1.13,1.88
2012.01.13 15:01:22.456,0.76946,0.7695,1.50,1.13
2012.01.13 15:01:23.430,0.76946,0.7695,1.50,1.13
2012.01.13 15:01:25.392,0.76944,0.7695,1.88,3.23
2012.01.13 15:01:25.613,0.76947,0.76952,1.50,1.88
2012.01.13 15:01:26.608,0.76947,0.76951,1.50,1.13
2012.01.13 15:01:26.697,0.76945,0.76951,1.88,1.88
2012.01.13 15:01:29.001,0.76945,0.76949,1.13,1.50
2012.01.13 15:01:29.204,0.76943,0.76948,2.25,1.13
2012.01.13 15:01:29.773,0.76942,0.76948,1.13,2.63
2012.01.13 15:01:40.953,0.76942,0.76948,1.88,2.63
2012.01.13 15:01:42.528,0.76942,0.76948,1.13,2.63
2012.01.13 15:01:44.712,0.76942,0.76949,2.63,2.25
2012.01.13 15:01:45.251,0.76942,0.7695,3.38,2.63
2012.01.13 15:01:46.400,0.76942,0.7695,3.38,2.63
2012.01.13 15:01:46.961,0.76942,0.7695,3.38,2.63
2012.01.13 15:01:47.788,0.76942,0.7695,2.63,2.63
2012.01.13 15:01:49.482,0.76942,0.76947,1.13,1.50
2012.01.13 15:01:52.228,0.76942,0.76947,1.88,1.50
2012.01.13 15:01:53.103,0.76942,0.76947,1.13,1.50
2012.01.13 15:02:01.621,0.76941,0.76947,1.50,1.50
2012.01.13 15:02:02.751,0.76943,0.76948,1.50,1.13
2012.01.13 15:02:04.353,0.76943,0.76949,2.25,1.50
2012.01.13 15:02:05.604,0.76943,0.76948,2.25,1.13
2012.01.13 15:02:06.243,0.76943,0.76948,2.25,1.13
2012.01.13 15:02:06.777,0.76943,0.76949,2.25,1.50
2012.01.13 15:02:07.159,0.76943,0.76948,2.25,1.13
2012.01.13 15:02:09.225,0.76943,0.76948,2.25,1.13
2012.01.13 15:02:09.909,0.76943,0.76948,1.50,1.13
2012.01.13 15:02:11.789,0.76943,0.76949,2.63,2.63
2012.01.13 15:02:13.479,0.76943,0.76947,1.13,2.25
2012.01.13 15:02:17.690,0.76941,0.76947,2.63,3.38
2012.01.13 15:02:18.868,0.76941,0.76947,2.63,3.38
2012.01.13 15:02:19.352,0.76941,0.76947,2.63,3.38
2012.01.13 15:02:20.598,0.76941,0.76945,1.13,2.25
2012.01.13 15:02:22.759,0.76941,0.76947,2.63,3.38
2012.01.13 15:02:22.833,0.76941,0.76949,3.38,1.50
2012.01.13 15:02:23.381,0.76942,0.7695,3.38,1.50
2012.01.13 15:02:24.376,0.76942,0.76948,3.38,1.13
2012.01.13 15:02:24.588,0.7694,0.76945,1.88,1.50
2012.01.13 15:02:28.317,0.76942,0.76947,1.13,2.25
2012.01.13 15:02:28.839,0.76941,0.76947,1.50,2.25
2012.01.13 15:02:29.741,0.76943,0.76948,1.50,1.88
2012.01.13 15:02:35.226,0.76943,0.76949,2.63,3.38
2012.01.13 15:02:38.400,0.76945,0.76949,1.50,1.13
2012.01.13 15:02:38.657,0.76946,0.76953,1.50,1.88
2012.01.13 15:02:39.169,0.76945,0.76952,1.13,1.50
2012.01.13 15:02:51.943,0.76947,0.76952,1.88,1.50
2012.01.13 15:02:52.576,0.76947,0.76953,3.38,2.63
2012.01.13 15:02:54.468,0.7695,0.76956,2.63,1.13
2012.01.13 15:02:54.538,0.7695,0.76958,3.38,2.63
2012.01.13 15:02:55.048,0.7695,0.76958,2.63,2.63
2012.01.13 15:02:56.993,0.76946,0.76954,7.13,2.63
2012.01.13 15:02:57.080,0.76946,0.76954,7.13,3.38
2012.01.13 15:02:59.058,0.76946,0.76954,7.13,2.63
2012.01.13 15:02:59.597,0.76946,0.76954,6.38,3.38
2012.01.13 15:03:00.595,0.76946,0.76954,2.63,3.98
2012.01.13 15:03:01.067,0.76946,0.76951,1.13,2.25
2012.01.13 15:03:02.077,0.76945,0.76951,1.50,3.38
2012.01.13 15:03:03.137,0.76945,0.76951,1.50,3.38
2012.01.13 15:03:03.283,0.76943,0.7695,1.13,2.25
2012.01.13 15:03:04.386,0.76943,0.7695,1.13,2.25
2012.01.13 15:03:10.886,0.76943,0.7695,1.88,1.50
2012.01.13 15:03:11.227,0.76943,0.76956,2.63,17.46
2012.01.13 15:03:11.955,0.76943,0.76953,2.63,1.50
2012.01.13 15:03:13.218,0.76943,0.76953,1.88,1.50
2012.01.13 15:03:13.288,0.76943,0.76953,1.88,2.25
2012.01.13 15:03:13.535,0.76943,0.76953,1.88,1.50
2012.01.13 15:03:14.038,0.76943,0.76953,2.63,2.25
2012.01.13 15:03:14.797,0.76943,0.76953,1.88,2.25
2012.01.13 15:03:15.305,0.76943,0.76953,1.88,3.60
2012.01.13 15:03:15.375,0.76943,0.76953,1.88,2.85
2012.01.13 15:03:17.934,0.76943,0.76953,1.88,5.10
2012.01.13 15:03:18.006,0.76943,0.76953,1.13,5.10
2012.01.13 15:03:18.666,0.76943,0.76953,1.13,3.60
2012.01.13 15:03:19.316,0.76943,0.76953,1.13,5.10
2012.01.13 15:03:19.825,0.76943,0.76953,1.13,3.60
2012.01.13 15:03:23.714,0.76943,0.76953,1.88,2.85
2012.01.13 15:03:24.532,0.76943,0.76953,1.88,2.85
2012.01.13 15:03:24.644,0.76943,0.76953,1.88,3.60
2012.01.13 15:03:25.219,0.76943,0.76953,1.88,2.85
2012.01.13 15:03:26.610,0.76943,0.76953,1.88,3.60
2012.01.13 15:03:26.747,0.76943,0.76953,1.88,3.60
2012.01.13 15:03:27.305,0.76943,0.76953,1.88,2.85
2012.01.13 15:03:27.953,0.76943,0.76953,1.88,3.60
2012.01.13 15:03:28.635,0.76943,0.76953,1.88,3.60
2012.01.13 15:03:29.285,0.76943,0.76953,1.88,3.60
2012.01.13 15:03:29.805,0.76943,0.76953,1.88,1.50
2012.01.13 15:03:31.924,0.76943,0.76954,2.63,3.00
2012.01.13 15:03:32.404,0.76947,0.76955,2.25,5.10
2012.01.13 15:03:32.752,0.76948,0.76956,2.25,2.63
2012.01.13 15:03:32.971,0.76953,0.76959,1.88,3.38
2012.01.13 15:03:33.041,0.76953,0.76959,3.38,2.63
2012.01.13 15:03:33.560,0.76953,0.76959,3.38,2.63
2012.01.13 15:03:34.076,0.76953,0.76959,3.38,2.63
2012.01.13 15:03:34.636,0.76953,0.76959,3.38,2.63
2012.01.13 15:03:35.781,0.76953,0.76958,1.13,1.50
2012.01.13 15:03:37.910,0.76953,0.76959,1.88,1.13
2012.01.13 15:03:42.305,0.76953,0.76959,1.13,1.88
2012.01.13 15:03:44.368,0.76951,0.76958,1.88,2.63
2012.01.13 15:03:44.886,0.76951,0.76958,1.88,2.63
2012.01.13 15:03:45.445,0.76951,0.76958,1.88,2.63
2012.01.13 15:03:47.864,0.76951,0.76958,1.88,2.63
2012.01.13 15:03:48.398,0.76951,0.76958,1.13,2.63
2012.01.13 15:03:57.293,0.76953,0.76959,1.50,3.38
2012.01.13 15:03:57.862,0.76953,0.76959,1.50,2.63
2012.01.13 15:04:00.330,0.76953,0.76959,1.50,3.38
2012.01.13 15:04:01.843,0.76953,0.76959,1.50,3.38
2012.01.13 15:04:02.203,0.76956,0.76961,1.50,1.88
2012.01.13 15:04:04.729,0.76957,0.76962,1.13,1.50
2012.01.13 15:04:05.353,0.76958,0.76964,1.50,2.25
2012.01.13 15:04:05.909,0.76957,0.76963,1.13,2.25
2012.01.13 15:04:10.016,0.76955,0.76961,3.53,1.13
2012.01.13 15:04:11.739,0.76955,0.76961,3.53,1.13
2012.01.13 15:04:14.657,0.76955,0.76961,3.38,1.13
2012.01.13 15:04:15.098,0.76955,0.76963,4.73,1.50
2012.01.13 15:04:15.169,0.76957,0.76963,2.25,1.13
2012.01.13 15:04:15.740,0.76956,0.76962,2.25,1.50
2012.01.13 15:04:16.526,0.76956,0.76962,2.25,1.50
2012.01.13 15:04:16.774,0.76956,0.76963,2.25,1.13
2012.01.13 15:04:18.844,0.76956,0.76962,2.25,1.50
2012.01.13 15:04:21.922,0.76956,0.76962,2.25,1.50
2012.01.13 15:04:22.408,0.76956,0.76962,2.25,1.50
2012.01.13 15:04:25.532,0.76957,0.76962,1.13,1.50
2012.01.13 15:04:26.663,0.76957,0.76962,1.88,1.50
2012.01.13 15:04:27.858,0.76957,0.76962,1.88,1.50
2012.01.13 15:04:30.735,0.76958,0.76963,1.50,1.13
2012.01.13 15:04:32.468,0.76957,0.76962,1.13,1.50
2012.01.13 15:04:34.889,0.76957,0.76962,1.88,1.50
2012.01.13 15:04:35.392,0.76955,0.7696,1.50,2.63
2012.01.13 15:04:35.577,0.76954,0.7696,2.63,2.63
2012.01.13 15:04:35.650,0.76954,0.76958,1.13,1.50
2012.01.13 15:04:38.183,0.76954,0.7696,1.88,1.13
2012.01.13 15:04:38.267,0.76955,0.7696,2.25,1.13
2012.01.13 15:04:38.779,0.76955,0.7696,2.25,1.13
2012.01.13 15:04:40.136,0.76954,0.76961,1.88,1.50
2012.01.13 15:04:41.750,0.76954,0.7696,1.88,3.23
2012.01.13 15:04:42.035,0.76952,0.76957,1.50,1.13
2012.01.13 15:04:42.531,0.76952,0.76959,2.25,3.75
2012.01.13 15:04:44.600,0.76952,0.7696,3.00,1.50
2012.01.13 15:04:44.678,0.76955,0.7696,1.88,1.50
2012.01.13 15:04:44.910,0.76958,0.76962,1.88,1.50
2012.01.13 15:04:44.990,0.76958,0.76964,1.88,1.50
2012.01.13 15:04:45.067,0.7696,0.76966,2.25,2.63
2012.01.13 15:04:45.999,0.76958,0.76964,3.38,1.50
2012.01.13 15:04:46.480,0.76958,0.76964,3.38,1.50
2012.01.13 15:04:49.813,0.76956,0.76962,2.63,1.13
2012.01.13 15:04:50.359,0.76956,0.76961,1.13,1.50
2012.01.13 15:04:53.613,0.76956,0.76962,2.63,3.38
2012.01.13 15:04:54.719,0.76956,0.7696,1.13,1.50
2012.01.13 15:04:55.248,0.76955,0.7696,1.13,1.50
2012.01.13 15:04:56.336,0.76955,0.76961,2.63,1.13
2012.01.13 15:05:01.187,0.76955,0.7696,1.13,1.50
2012.01.13 15:05:03.991,0.76955,0.76959,1.13,1.50
2012.01.13 15:05:05.501,0.76952,0.76959,1.88,1.50
2012.01.13 15:05:06.041,0.76954,0.7696,1.50,2.63
2012.01.13 15:05:07.320,0.76957,0.76962,1.13,1.50
2012.01.13 15:05:07.963,0.7696,0.76964,1.13,1.50
2012.01.13 15:05:08.650,0.7696,0.76967,1.13,6.00
2012.01.13 15:05:08.901,0.76962,0.76968,1.50,2.63
2012.01.13 15:05:09.186,0.76958,0.76964,1.50,1.88
2012.01.13 15:05:10.227,0.76959,0.76963,3.75,1.50
2012.01.13 15:05:10.618,0.7696,0.76968,3.89,2.63
2012.01.13 15:05:11.735,0.76962,0.76968,2.25,1.13
2012.01.13 15:05:12.287,0.76965,0.7697,1.13,1.50
2012.01.13 15:05:12.570,0.76962,0.76968,3.38,1.13
2012.01.13 15:05:12.648,0.76959,0.76965,1.50,1.50
2012.01.13 15:05:14.003,0.76959,0.76964,2.25,1.13
2012.01.13 15:05:14.152,0.76956,0.76964,5.05,1.88
2012.01.13 15:05:14.231,0.76959,0.76964,1.50,1.13
2012.01.13 15:05:14.770,0.76956,0.76964,8.25,1.88
2012.01.13 15:05:15.325,0.76959,0.76964,1.50,1.13
2012.01.13 15:05:15.423,0.76957,0.76963,4.35,1.50
2012.01.13 15:05:15.511,0.76959,0.76964,1.50,1.13
2012.01.13 15:05:15.792,0.76962,0.76968,1.50,3.38
2012.01.13 15:05:16.016,0.76964,0.7697,1.13,2.63
2012.01.13 15:05:16.768,0.76966,0.7697,2.25,1.13
2012.01.13 15:05:17.071,0.76966,0.76974,2.25,1.50
2012.01.13 15:05:17.353,0.76968,0.76974,1.88,2.63
2012.01.13 15:05:18.206,0.76968,0.76975,1.88,1.50
2012.01.13 15:05:18.561,0.76968,0.76972,1.13,1.50
2012.01.13 15:05:19.477,0.76972,0.76977,1.88,5.25
2012.01.13 15:05:19.572,0.76972,0.76978,1.13,1.13
2012.01.13 15:05:19.666,0.76972,0.76979,1.88,1.50
2012.01.13 15:05:19.998,0.76972,0.76978,1.88,1.13
2012.01.13 15:05:21.092,0.76966,0.76974,6.00,2.85
2012.01.13 15:05:21.283,0.76966,0.76974,2.25,4.50
2012.01.13 15:05:21.429,0.76964,0.76972,3.38,3.00
2012.01.13 15:05:22.041,0.76966,0.76974,1.50,3.75
2012.01.13 15:05:22.984,0.76966,0.76974,1.50,2.25
2012.01.13 15:05:23.505,0.76966,0.76974,2.26,2.25
2012.01.13 15:05:24.263,0.76966,0.76974,2.25,2.25
2012.01.13 15:05:24.615,0.76964,0.76972,2.63,2.25
2012.01.13 15:05:24.907,0.76964,0.76972,2.63,2.25
2012.01.13 15:05:25.184,0.76964,0.76972,3.39,1.50
2012.01.13 15:05:25.761,0.76964,0.76972,3.38,2.25
2012.01.13 15:05:26.734,0.76964,0.7697,4.14,1.13
2012.01.13 15:05:27.360,0.76969,0.76975,1.50,4.88
2012.01.13 15:05:27.436,0.76969,0.76974,1.50,1.13
2012.01.13 15:05:28.131,0.76969,0.76978,2.25,2.25
2012.01.13 15:05:29.245,0.7697,0.76978,2.25,1.50
2012.01.13 15:05:30.633,0.7697,0.76978,2.25,1.50
2012.01.13 15:05:30.706,0.7697,0.76978,2.25,1.50
2012.01.13 15:05:30.786,0.76973,0.76979,2.25,2.63
2012.01.13 15:05:30.861,0.76973,0.76979,2.25,2.63
2012.01.13 15:05:32.118,0.76974,0.76979,1.50,1.13
2012.01.13 15:05:32.331,0.76972,0.76979,2.25,1.13
2012.01.13 15:05:32.877,0.76971,0.76978,1.88,1.50
2012.01.13 15:05:33.678,0.76971,0.76978,1.13,1.50
2012.01.13 15:05:34.212,0.76972,0.76978,1.88,1.50
2012.01.13 15:05:35.350,0.76972,0.76978,1.88,1.50
2012.01.13 15:05:35.431,0.76972,0.7698,3.38,3.23
2012.01.13 15:05:35.506,0.76972,0.76976,2.63,2.10
2012.01.13 15:05:35.993,0.76969,0.76975,2.25,3.23
2012.01.13 15:05:36.542,0.7697,0.76975,1.13,2.10
2012.01.13 15:05:37.108,0.76971,0.76977,1.50,2.25
2012.01.13 15:05:39.483,0.76971,0.76977,2.25,2.63
2012.01.13 15:05:43.580,0.76971,0.76977,1.13,1.88
2012.01.13 15:05:44.115,0.76971,0.76977,1.13,1.88
2012.01.13 15:05:44.718,0.76971,0.76977,1.13,1.88
2012.01.13 15:05:45.432,0.76971,0.76977,1.13,1.88
2012.01.13 15:05:45.995,0.76971,0.76977,1.13,1.88
2012.01.13 15:05:47.131,0.76971,0.76977,1.13,1.13
2012.01.13 15:05:50.086,0.76971,0.76977,1.88,1.13
2012.01.13 15:05:51.333,0.76971,0.76977,1.88,1.13
2012.01.13 15:05:51.941,0.76971,0.76977,1.88,1.13
2012.01.13 15:05:52.457,0.76971,0.76977,1.88,1.13
2012.01.13 15:05:53.053,0.76968,0.76973,2.25,1.13
2012.01.13 15:05:53.142,0.76965,0.76973,2.63,3.38
2012.01.13 15:05:53.224,0.76968,0.76973,1.50,1.13
2012.01.13 15:05:53.572,0.7697,0.76976,1.50,2.63
2012.01.13 15:05:55.193,0.76971,0.76976,1.50,1.13
2012.01.13 15:05:57.799,0.76969,0.76975,2.25,1.50
2012.01.13 15:05:59.290,0.76969,0.76973,1.50,1.13
2012.01.13 15:05:59.631,0.76971,0.76976,1.50,1.35
2012.01.13 15:06:00.339,0.76971,0.76977,1.50,3.38
2012.01.13 15:06:02.877,0.76971,0.76977,2.25,2.63
2012.01.13 15:06:03.272,0.76972,0.76977,1.50,1.88
2012.01.13 15:06:03.493,0.76969,0.76975,1.13,2.25
2012.01.13 15:06:04.196,0.76969,0.76977,2.63,4.73
2012.01.13 15:06:04.282,0.76969,0.76975,1.88,1.50
2012.01.13 15:06:04.834,0.7697,0.76976,2.25,1.50
2012.01.13 15:06:05.415,0.76972,0.76977,1.50,1.13
2012.01.13 15:06:08.213,0.76974,0.76979,3.00,1.13
2012.01.13 15:06:13.338,0.76977,0.76983,2.63,2.63
2012.01.13 15:06:14.239,0.76977,0.76983,3.38,2.63
2012.01.13 15:06:14.322,0.7698,0.76986,1.13,2.25
2012.01.13 15:06:14.884,0.76981,0.76987,2.25,1.50
2012.01.13 15:06:15.682,0.76982,0.76988,1.50,1.13
2012.01.13 15:06:17.125,0.76987,0.76991,1.50,1.13
2012.01.13 15:06:17.280,0.76985,0.76991,1.13,1.13
2012.01.13 15:06:17.574,0.76987,0.76994,1.13,3.00
2012.01.13 15:06:18.530,0.76987,0.76992,1.13,2.25
2012.01.13 15:06:18.751,0.76982,0.76988,1.89,1.88
2012.01.13 15:06:18.840,0.76977,0.76985,3.00,3.38
2012.01.13 15:06:19.059,0.76977,0.76985,3.00,3.38
2012.01.13 15:06:19.532,0.76979,0.76985,1.50,1.13
2012.01.13 15:06:20.312,0.76979,0.76985,1.50,1.88
2012.01.13 15:06:20.878,0.76979,0.76985,1.50,1.13
2012.01.13 15:06:23.318,0.76978,0.76984,3.75,1.50
2012.01.13 15:06:25.469,0.7698,0.76985,1.50,1.13
2012.01.13 15:06:27.077,0.76981,0.76986,1.13,1.50
2012.01.13 15:06:27.880,0.76981,0.76987,3.38,1.13
2012.01.13 15:06:28.173,0.76986,0.76992,1.88,1.13
2012.01.13 15:06:28.711,0.76987,0.76992,2.25,1.13
2012.01.13 15:06:29.744,0.76987,0.76992,2.25,1.13
2012.01.13 15:06:30.161,0.76986,0.76992,1.88,1.13
2012.01.13 15:06:31.112,0.76987,0.76992,1.50,1.88
2012.01.13 15:06:35.072,0.76987,0.76995,2.63,2.63
2012.01.13 15:06:37.405,0.76987,0.76995,2.63,3.38
2012.01.13 15:06:38.695,0.76987,0.76995,2.63,3.38
2012.01.13 15:06:38.780,0.76987,0.76995,2.63,3.38
2012.01.13 15:06:39.209,0.76989,0.76995,1.50,1.88
2012.01.13 15:06:40.067,0.76989,0.76995,1.50,1.88
2012.01.13 15:06:40.362,0.76985,0.76991,2.63,1.88
2012.01.13 15:06:42.179,0.76985,0.76991,3.38,1.13
2012.01.13 15:06:42.870,0.76985,0.76991,3.38,1.13
2012.01.13 15:06:43.475,0.76985,0.76991,3.38,1.13
2012.01.13 15:06:44.561,0.76985,0.76991,3.38,1.13
2012.01.13 15:06:45.420,0.76985,0.76991,3.38,1.13
2012.01.13 15:06:46.193,0.76986,0.76992,1.88,1.13
2012.01.13 15:06:46.551,0.76986,0.76992,1.88,1.13
2012.01.13 15:06:46.693,0.76986,0.76992,1.88,1.13
2012.01.13 15:06:46.917,0.76988,0.76992,1.50,1.13
2012.01.13 15:06:47.690,0.76986,0.76992,1.13,2.63
2012.01.13 15:06:49.713,0.76983,0.76991,1.50,1.50
2012.01.13 15:06:50.230,0.76982,0.76989,1.12,1.50
2012.01.13 15:06:50.768,0.76983,0.7699,1.50,1.50
2012.01.13 15:06:51.441,0.76987,0.76993,3.38,3.38
2012.01.13 15:06:51.746,0.76989,0.76993,1.50,1.13
2012.01.13 15:06:52.298,0.76987,0.76993,3.00,2.63
2012.01.13 15:06:52.639,0.76987,0.76993,2.25,1.88
2012.01.13 15:06:53.228,0.76988,0.76993,2.25,1.88
2012.01.13 15:06:55.151,0.76987,0.76993,1.88,1.13
2012.01.13 15:06:56.027,0.76989,0.76995,2.25,2.63
2012.01.13 15:06:56.773,0.76987,0.76994,1.88,1.50
2012.01.13 15:07:01.047,0.76987,0.76994,1.88,1.50
2012.01.13 15:07:01.598,0.76989,0.76995,2.25,2.63
2012.01.13 15:07:02.840,0.76989,0.76995,1.50,3.38
2012.01.13 15:07:03.783,0.76989,0.76994,1.50,1.50
2012.01.13 15:07:04.277,0.76989,0.76995,1.50,4.13
2012.01.13 15:07:04.833,0.76989,0.76995,1.50,3.38
2012.01.13 15:07:05.554,0.76989,0.76995,2.25,3.38
2012.01.13 15:07:05.889,0.76983,0.76987,2.25,1.50
2012.01.13 15:07:06.442,0.76983,0.76989,1.50,1.88
2012.01.13 15:07:06.778,0.76982,0.7699,1.50,1.50
2012.01.13 15:07:07.653,0.76987,0.76993,1.50,2.25
2012.01.13 15:07:07.799,0.76985,0.76991,1.50,2.63
2012.01.13 15:07:08.329,0.76985,0.76989,1.05,2.25
2012.01.13 15:07:08.886,0.76984,0.76988,1.05,2.25
2012.01.13 15:07:09.602,0.76981,0.76986,2.25,1.13
2012.01.13 15:07:09.682,0.76983,0.76989,1.50,1.50
2012.01.13 15:07:10.245,0.76984,0.76988,1.50,1.50
2012.01.13 15:07:11.551,0.76983,0.76988,1.80,1.50
2012.01.13 15:07:12.096,0.76983,0.76989,1.50,1.13
2012.01.13 15:07:12.648,0.76984,0.76989,1.50,1.13
2012.01.13 15:07:13.255,0.76983,0.76989,2.25,1.13
2012.01.13 15:07:13.462,0.76986,0.7699,1.88,1.50
2012.01.13 15:07:13.539,0.76987,0.76992,1.50,1.88
2012.01.13 15:07:14.163,0.76987,0.76993,1.50,2.25
2012.01.13 15:07:15.019,0.76988,0.76994,1.50,1.88
2012.01.13 15:07:15.531,0.76986,0.76994,2.63,3.38
2012.01.13 15:07:16.088,0.76986,0.76993,2.63,1.50
2012.01.13 15:07:16.720,0.76986,0.76993,2.63,1.50
2012.01.13 15:07:16.800,0.76986,0.76992,1.43,2.25
2012.01.13 15:07:17.341,0.76986,0.76993,2.93,1.50
2012.01.13 15:07:18.593,0.76986,0.76994,2.63,4.13
2012.01.13 15:07:18.949,0.76988,0.76993,1.50,1.50
2012.01.13 15:07:19.467,0.76987,0.76993,1.50,1.50
2012.01.13 15:07:19.893,0.76988,0.76994,2.25,1.88
2012.01.13 15:07:20.462,0.76987,0.76993,1.50,2.25
2012.01.13 15:07:21.014,0.76987,0.76993,1.50,2.25
2012.01.13 15:07:21.091,0.76987,0.76993,1.50,2.25
2012.01.13 15:07:21.891,0.76987,0.76993,1.50,2.25
2012.01.13 15:07:22.551,0.76986,0.76993,1.13,2.25
2012.01.13 15:07:23.058,0.76987,0.76993,2.25,2.25
2012.01.13 15:07:23.399,0.76986,0.76994,1.88,1.88
2012.01.13 15:07:23.738,0.76989,0.76994,1.50,1.88
2012.01.13 15:07:23.810,0.76986,0.76994,1.88,1.88
2012.01.13 15:07:24.551,0.76987,0.76991,1.50,1.50
2012.01.13 15:07:26.472,0.76987,0.76992,1.50,1.50
2012.01.13 15:07:27.041,0.76988,0.76994,1.50,3.38
2012.01.13 15:07:27.908,0.7699,0.76994,1.50,3.38
2012.01.13 15:07:28.398,0.76987,0.76993,3.00,3.75
2012.01.13 15:07:31.884,0.76985,0.76989,2.16,1.50
2012.01.13 15:07:32.170,0.76987,0.76991,2.63,1.50
2012.01.13 15:07:32.900,0.76985,0.76992,2.16,1.50
2012.01.13 15:07:33.439,0.76987,0.76991,2.63,1.50
2012.01.13 15:07:34.297,0.76985,0.76991,2.16,1.50
2012.01.13 15:07:35.212,0.76987,0.76992,2.63,1.50
2012.01.13 15:07:35.794,0.76987,0.76991,2.63,1.50
2012.01.13 15:07:36.023,0.76984,0.7699,1.13,1.13
2012.01.13 15:07:36.763,0.76987,0.76992,1.13,2.25
2012.01.13 15:07:37.260,0.76987,0.76993,1.13,3.38
2012.01.13 15:07:37.334,0.76987,0.76993,1.13,2.63
2012.01.13 15:07:38.610,0.76987,0.76993,1.88,3.38
2012.01.13 15:07:38.981,0.76985,0.76989,3.00,1.13
2012.01.13 15:07:39.331,0.76985,0.76989,1.50,1.88
2012.01.13 15:07:39.405,0.76978,0.76987,7.64,2.25
2012.01.13 15:07:39.483,0.76982,0.76987,1.50,1.50
2012.01.13 15:07:40.220,0.76983,0.76987,1.50,1.50
2012.01.13 15:07:40.317,0.76983,0.76987,1.50,1.50
2012.01.13 15:07:40.874,0.76983,0.76987,1.50,1.50
2012.01.13 15:07:41.296,0.76983,0.76987,2.25,2.25
2012.01.13 15:07:41.855,0.76981,0.76987,1.50,2.25
2012.01.13 15:07:42.410,0.76982,0.76988,1.50,1.50
2012.01.13 15:07:42.979,0.76984,0.76988,1.50,1.50
2012.01.13 15:07:43.689,0.76984,0.76989,1.50,1.88
2012.01.13 15:07:44.602,0.76983,0.76989,1.50,1.88
2012.01.13 15:07:45.499,0.76983,0.76989,1.50,1.88
2012.01.13 15:07:45.730,0.76984,0.76989,1.50,1.88
2012.01.13 15:07:46.240,0.76983,0.76989,1.50,1.88
2012.01.13 15:07:48.840,0.76983,0.76989,1.80,1.88
2012.01.13 15:07:48.923,0.76982,0.7699,1.80,2.25
2012.01.13 15:07:49.070,0.76984,0.7699,1.88,2.25
2012.01.13 15:07:49.147,0.76982,0.7699,1.50,2.25
2012.01.13 15:07:49.287,0.76984,0.7699,1.88,2.25
2012.01.13 15:07:49.958,0.76984,0.7699,1.88,2.25
2012.01.13 15:07:50.227,0.76982,0.76989,1.50,1.50
2012.01.13 15:07:50.370,0.76984,0.76989,1.88,1.50
2012.01.13 15:07:51.249,0.76984,0.7699,1.88,2.25
2012.01.13 15:07:51.792,0.76984,0.76989,1.88,1.50
2012.01.13 15:07:52.762,0.76984,0.7699,1.88,3.00
2012.01.13 15:07:52.927,0.76984,0.76992,3.38,3.38
2012.01.13 15:07:53.353,0.76988,0.76992,1.13,2.25
2012.01.13 15:07:54.147,0.76988,0.76994,1.13,5.63
2012.01.13 15:07:54.669,0.76988,0.76994,1.88,4.13
2012.01.13 15:07:55.517,0.76986,0.76992,1.50,1.50
2012.01.13 15:07:56.025,0.76987,0.76992,1.50,1.50
2012.01.13 15:07:56.314,0.76988,0.76993,1.88,2.25
2012.01.13 15:07:57.144,0.76988,0.77,1.88,6.75
2012.01.13 15:07:57.392,0.76988,0.76996,1.88,2.25
2012.01.13 15:07:57.475,0.76988,0.76994,1.13,1.50
2012.01.13 15:07:57.848,0.76988,0.76996,1.88,2.25
2012.01.13 15:07:58.580,0.7699,0.76996,3.38,3.75
2012.01.13 15:07:58.924,0.76988,0.76996,1.50,2.25
2012.01.13 15:07:59.844,0.76987,0.76996,2.77,2.25
2012.01.13 15:08:01.091,0.76985,0.76991,3.23,2.63
2012.01.13 15:08:01.230,0.76983,0.7699,1.88,1.50
2012.01.13 15:08:01.530,0.76985,0.76991,1.50,3.38
2012.01.13 15:08:02.384,0.76983,0.76989,4.88,2.25
2012.01.13 15:08:02.481,0.76983,0.76989,4.13,2.25
2012.01.13 15:08:02.562,0.76983,0.76989,4.13,2.25
2012.01.13 15:08:03.129,0.76983,0.76989,4.13,1.50
2012.01.13 15:08:03.812,0.76983,0.76988,1.13,1.50
2012.01.13 15:08:04.016,0.76983,0.76988,1.13,1.50
2012.01.13 15:08:04.303,0.76983,0.7699,1.88,1.50
2012.01.13 15:08:05.295,0.76985,0.76991,1.50,4.88
2012.01.13 15:08:05.384,0.76985,0.76991,1.50,4.13
2012.01.13 15:08:05.536,0.76986,0.76994,2.25,2.25
2012.01.13 15:08:05.683,0.76986,0.76991,2.25,1.88
2012.01.13 15:08:06.183,0.76987,0.76993,1.13,2.63
2012.01.13 15:08:06.817,0.76987,0.76993,3.38,2.63
2012.01.13 15:08:07.343,0.76987,0.76993,2.63,3.38
2012.01.13 15:08:08.221,0.76987,0.76993,3.38,3.38
2012.01.13 15:08:08.463,0.76985,0.76991,1.50,2.25
2012.01.13 15:08:08.898,0.76983,0.76989,2.63,2.25
2012.01.13 15:08:09.639,0.76983,0.76989,4.13,2.25
2012.01.13 15:08:09.935,0.7698,0.76989,3.38,2.25
2012.01.13 15:08:10.380,0.76983,0.76989,4.73,2.25
2012.01.13 15:08:10.459,0.76979,0.76989,1.55,2.25
2012.01.13 15:08:11.060,0.76981,0.76991,10.27,2.25
2012.01.13 15:08:11.143,0.76984,0.76992,1.50,2.25
2012.01.13 15:08:11.235,0.76986,0.76993,3.00,1.50
2012.01.13 15:08:11.781,0.76987,0.76993,2.25,1.50
2012.01.13 15:08:12.522,0.76987,0.76993,1.80,1.50
2012.01.13 15:08:12.815,0.76987,0.76993,1.50,4.35
2012.01.13 15:08:13.382,0.76984,0.76992,3.75,2.25
2012.01.13 15:08:14.196,0.76985,0.76992,2.25,1.50
2012.01.13 15:08:14.699,0.76986,0.76992,2.85,1.50
2012.01.13 15:08:14.780,0.7699,0.76995,1.13,1.50
2012.01.13 15:08:15.583,0.7699,0.76995,1.13,2.25
2012.01.13 15:08:15.811,0.76988,0.76993,1.88,1.50
2012.01.13 15:08:17.227,0.7699,0.76996,1.13,2.63
2012.01.13 15:08:17.597,0.76991,0.77,2.25,5.10
2012.01.13 15:08:17.953,0.76991,0.77004,2.25,3.75
2012.01.13 15:08:18.898,0.7699,0.77,2.63,6.00
2012.01.13 15:08:18.979,0.7699,0.76999,3.38,1.50
2012.01.13 15:08:19.126,0.7699,0.76997,4.88,1.50
2012.01.13 15:08:19.206,0.76993,0.76999,2.25,2.25
2012.01.13 15:08:19.357,0.7699,0.76996,4.88,1.50
2012.01.13 15:08:19.573,0.76993,0.77001,2.25,2.48
2012.01.13 15:08:19.654,0.76992,0.77002,2.25,7.13
2012.01.13 15:08:20.206,0.76992,0.76998,2.63,2.63
2012.01.13 15:08:20.423,0.76992,0.76998,3.38,2.63
2012.01.13 15:08:20.508,0.76991,0.76997,1.88,3.00
2012.01.13 15:08:21.154,0.7699,0.76995,1.88,1.50
2012.01.13 15:08:21.699,0.76992,0.76998,1.13,3.38
2012.01.13 15:08:22.277,0.7699,0.76998,1.80,3.38
2012.01.13 15:08:23.682,0.76989,0.76993,1.50,1.50
2012.01.13 15:08:24.244,0.7699,0.76997,1.50,1.50
2012.01.13 15:08:24.918,0.76991,0.76995,1.88,1.50
2012.01.13 15:08:25.143,0.76991,0.76996,1.88,1.50
2012.01.13 15:08:25.358,0.7699,0.76996,1.50,2.25
2012.01.13 15:08:25.642,0.76991,0.76996,1.88,1.50
2012.01.13 15:08:25.783,0.7699,0.76996,1.50,2.25
2012.01.13 15:08:26.511,0.76989,0.76996,1.13,3.00
2012.01.13 15:08:26.582,0.76991,0.76996,1.13,2.25
2012.01.13 15:08:27.633,0.7699,0.76996,2.25,2.25
2012.01.13 15:08:28.165,0.76991,0.76996,1.88,1.50
2012.01.13 15:08:28.461,0.76992,0.76997,1.50,1.88
2012.01.13 15:08:28.884,0.76991,0.76997,1.88,4.13
2012.01.13 15:08:29.313,0.76988,0.76997,1.13,3.38
2012.01.13 15:08:29.881,0.76989,0.76996,2.25,1.88
2012.01.13 15:08:30.140,0.76989,0.76996,1.50,1.88
2012.01.13 15:08:30.685,0.76989,0.76996,1.50,1.88
2012.01.13 15:08:31.184,0.7699,0.76996,2.25,1.88
2012.01.13 15:08:31.907,0.76992,0.76999,2.25,1.13
2012.01.13 15:08:32.122,0.76992,0.76998,2.25,2.25
2012.01.13 15:08:32.334,0.7699,0.76998,1.50,3.00
2012.01.13 15:08:32.902,0.76991,0.76996,1.13,1.50
2012.01.13 15:08:33.753,0.76987,0.76995,5.62,2.25
2012.01.13 15:08:34.311,0.76988,0.76994,1.50,1.50
2012.01.13 15:08:34.850,0.76987,0.76995,1.87,1.50
2012.01.13 15:08:35.775,0.76988,0.76994,1.50,2.25
2012.01.13 15:08:35.851,0.76987,0.76994,1.88,2.25
2012.01.13 15:08:36.616,0.76989,0.76993,1.13,3.00
2012.01.13 15:08:38.412,0.76989,0.76994,1.88,1.50
2012.01.13 15:08:39.162,0.76989,0.76993,1.13,1.50
2012.01.13 15:08:40.763,0.76987,0.76993,3.38,1.50
2012.01.13 15:08:40.914,0.76987,0.76993,4.13,1.50
2012.01.13 15:08:40.990,0.76987,0.76993,3.38,1.50
2012.01.13 15:08:41.830,0.76987,0.76993,3.98,1.50
2012.01.13 15:08:42.483,0.76987,0.76996,3.98,1.50
2012.01.13 15:08:42.847,0.76987,0.76992,1.13,1.50
2012.01.13 15:08:43.203,0.76987,0.76994,1.73,4.50
2012.01.13 15:08:43.862,0.76985,0.76992,1.35,3.00
2012.01.13 15:08:43.943,0.76987,0.76991,1.88,1.50
2012.01.13 15:08:44.480,0.76985,0.7699,1.35,1.50
2012.01.13 15:08:44.906,0.76982,0.76992,2.64,2.25
2012.01.13 15:08:45.050,0.76987,0.76992,1.13,1.50
2012.01.13 15:08:45.622,0.76987,0.76992,1.88,1.50
2012.01.13 15:08:45.766,0.76984,0.76991,1.50,4.35
2012.01.13 15:08:46.038,0.76982,0.76986,1.13,1.50
2012.01.13 15:08:46.936,0.76982,0.76988,1.88,2.63
2012.01.13 15:08:47.016,0.76984,0.76988,1.35,2.63
2012.01.13 15:08:47.527,0.76984,0.76991,1.50,2.85
2012.01.13 15:08:47.671,0.76984,0.76989,1.35,1.50
2012.01.13 15:08:48.463,0.76984,0.76991,1.20,2.85
2012.01.13 15:08:48.667,0.76985,0.76989,1.35,1.50
2012.01.13 15:08:48.897,0.76986,0.76992,1.13,4.13
2012.01.13 15:08:50.103,0.76986,0.76992,2.48,3.38
2012.01.13 15:08:50.541,0.76986,0.76992,3.23,2.63
2012.01.13 15:08:51.303,0.76987,0.76992,1.35,2.63
2012.01.13 15:08:52.834,0.76987,0.76992,1.35,2.63
2012.01.13 15:08:53.338,0.76987,0.76992,1.35,2.63
2012.01.13 15:08:54.346,0.76988,0.76992,1.50,2.63
2012.01.13 15:08:54.435,0.76991,0.76998,1.35,6.75
2012.01.13 15:08:55.002,0.76987,0.76993,2.63,1.13
2012.01.13 15:08:55.267,0.76989,0.76996,1.35,1.50
2012.01.13 15:08:55.342,0.76987,0.76993,2.63,1.13
2012.01.13 15:08:56.760,0.76991,0.76997,2.10,3.60
2012.01.13 15:08:57.478,0.76989,0.76993,2.10,1.88
2012.01.13 15:08:58.295,0.76987,0.76992,1.13,2.25
2012.01.13 15:08:58.800,0.76989,0.76993,1.35,1.13
2012.01.13 15:08:59.609,0.76987,0.76993,1.73,1.13
2012.01.13 15:08:59.711,0.76987,0.76994,1.88,2.25
2012.01.13 15:09:00.072,0.76987,0.76992,2.48,1.50
2012.01.13 15:09:00.629,0.76987,0.76992,1.73,1.50
2012.01.13 15:09:01.285,0.76988,0.76992,1.35,2.25
2012.01.13 15:09:01.715,0.76987,0.76994,1.88,2.25
2012.01.13 15:09:02.072,0.76987,0.76992,1.73,1.50
2012.01.13 15:09:02.975,0.76987,0.76992,1.13,2.25
2012.01.13 15:09:03.342,0.76989,0.76995,1.13,4.13
2012.01.13 15:09:03.638,0.7699,0.76995,1.50,1.88
2012.01.13 15:09:04.536,0.7699,0.76995,2.25,1.88
2012.01.13 15:09:05.097,0.76989,0.76995,1.13,1.88
2012.01.13 15:09:05.511,0.7699,0.76995,2.85,1.13
2012.01.13 15:09:06.244,0.7699,0.76995,2.85,1.13
2012.01.13 15:09:06.332,0.76989,0.76995,1.13,1.88
2012.01.13 15:09:07.030,0.76987,0.76994,7.13,1.50
2012.01.13 15:09:07.315,0.76991,0.76995,1.50,1.88
2012.01.13 15:09:08.009,0.76991,0.76995,2.25,1.13
2012.01.13 15:09:08.089,0.76991,0.76999,2.25,2.25
2012.01.13 15:09:08.232,0.76991,0.76995,2.25,1.13
2012.01.13 15:09:08.720,0.76991,0.76998,2.25,1.88
2012.01.13 15:09:09.561,0.76991,0.76998,2.25,2.63
2012.01.13 15:09:09.842,0.7699,0.76997,1.13,1.50
2012.01.13 15:09:09.912,0.76991,0.76998,2.25,1.88
2012.01.13 15:09:10.244,0.76991,0.76996,1.50,1.50
2012.01.13 15:09:11.487,0.76991,0.76997,2.25,1.50
2012.01.13 15:09:11.577,0.7699,0.76995,1.13,2.25
2012.01.13 15:09:12.078,0.76991,0.76998,2.25,1.13
2012.01.13 15:09:12.154,0.76991,0.76995,1.50,1.50
2012.01.13 15:09:13.008,0.76989,0.76994,1.88,1.50
2012.01.13 15:09:13.089,0.76991,0.76998,1.50,1.88
2012.01.13 15:09:13.644,0.76991,0.76996,2.77,1.50
2012.01.13 15:09:13.792,0.76989,0.76997,1.88,1.50
2012.01.13 15:09:14.002,0.76991,0.76997,2.63,1.50
2012.01.13 15:09:14.838,0.76989,0.76997,3.38,1.50
2012.01.13 15:09:15.395,0.76989,0.76996,2.63,1.50
2012.01.13 15:09:15.472,0.76991,0.76999,2.63,4.13
2012.01.13 15:09:16.000,0.76991,0.76999,3.38,4.13
2012.01.13 15:09:16.074,0.76988,0.76996,1.35,1.50
2012.01.13 15:09:16.622,0.76992,0.76997,1.27,1.50
2012.01.13 15:09:18.295,0.76991,0.76999,2.63,3.38
2012.01.13 15:09:19.136,0.76994,0.76999,1.27,2.63
2012.01.13 15:09:19.903,0.76991,0.76999,8.49,2.63
2012.01.13 15:09:20.001,0.76993,0.77001,3.89,3.38
2012.01.13 15:09:20.221,0.76993,0.76999,1.88,1.50
2012.01.13 15:09:20.373,0.76993,0.77001,3.38,3.38
2012.01.13 15:09:21.152,0.76993,0.77,3.38,1.50
2012.01.13 15:09:21.648,0.76993,0.76999,3.38,1.50
2012.01.13 15:09:21.997,0.76992,0.76999,1.88,2.25
2012.01.13 15:09:22.581,0.76993,0.77,3.89,1.50
2012.01.13 15:09:23.283,0.76992,0.77,2.02,1.50
2012.01.13 15:09:23.966,0.76993,0.77001,2.63,4.88
2012.01.13 15:09:24.482,0.76989,0.76999,7.73,1.50
2012.01.13 15:09:24.629,0.76991,0.76999,2.63,1.50
2012.01.13 15:09:25.429,0.76993,0.77,3.38,2.25
2012.01.13 15:09:25.520,0.7699,0.77001,1.27,3.38
2012.01.13 15:09:25.812,0.76991,0.76999,1.13,1.13
2012.01.13 15:09:25.888,0.76992,0.76999,2.25,1.13
2012.01.13 15:09:26.032,0.76989,0.76995,7.88,1.50
2012.01.13 15:09:27.047,0.76987,0.76996,5.25,1.50
2012.01.13 15:09:27.129,0.76992,0.76998,2.25,1.50
2012.01.13 15:09:27.205,0.76992,0.76998,2.25,2.25
2012.01.13 15:09:27.498,0.76989,0.76998,8.63,2.25
2012.01.13 15:09:27.784,0.76991,0.76998,1.64,2.25
2012.01.13 15:09:28.928,0.76991,0.76998,2.39,2.25
2012.01.13 15:09:30.159,0.76991,0.76999,3.89,1.88
2012.01.13 15:09:31.494,0.76989,0.76998,9.30,1.50
2012.01.13 15:09:31.586,0.76991,0.76999,3.52,1.88
2012.01.13 15:09:32.352,0.76991,0.76999,3.52,1.88
2012.01.13 15:09:33.088,0.76991,0.76999,4.27,1.88
2012.01.13 15:09:33.323,0.76994,0.76998,1.50,1.50
2012.01.13 15:09:33.879,0.76994,0.76999,1.50,1.88
2012.01.13 15:09:35.152,0.76994,0.76999,1.50,1.88
2012.01.13 15:09:35.782,0.76993,0.76997,1.88,1.50
2012.01.13 15:09:36.706,0.76994,0.76998,1.50,1.50
2012.01.13 15:09:37.219,0.76994,0.76999,2.25,1.13
2012.01.13 15:09:37.737,0.76994,0.76999,1.50,1.13
2012.01.13 15:09:38.978,0.76993,0.76998,3.38,1.50
2012.01.13 15:09:39.512,0.76994,0.76999,2.25,1.13
2012.01.13 15:09:39.789,0.76995,0.77,1.50,1.50
2012.01.13 15:09:40.568,0.76994,0.76999,1.50,1.13
2012.01.13 15:09:43.942,0.76995,0.77,3.23,1.50
2012.01.13 15:09:44.031,0.76996,0.77003,4.50,1.13
2012.01.13 15:09:44.111,0.76999,0.77003,1.50,1.88
2012.01.13 15:09:44.789,0.76996,0.77003,3.52,2.63
2012.01.13 15:09:44.932,0.76999,0.77003,2.25,1.88
2012.01.13 15:09:45.728,0.76999,0.77005,2.25,3.00
2012.01.13 15:09:45.816,0.76999,0.77004,2.25,1.50
2012.01.13 15:09:46.382,0.76999,0.77004,1.50,1.50
2012.01.13 15:09:46.726,0.77001,0.77006,1.50,1.88
2012.01.13 15:09:46.803,0.76999,0.77004,1.50,1.50
2012.01.13 15:09:47.675,0.76999,0.77004,1.43,1.50
2012.01.13 15:09:48.233,0.76999,0.77005,1.43,3.75
2012.01.13 15:09:49.473,0.76998,0.77003,1.13,3.00
2012.01.13 15:09:49.775,0.76994,0.77,2.55,2.63
2012.01.13 15:09:55.353,0.76995,0.77,1.13,1.50
2012.01.13 15:09:56.791,0.76995,0.77,1.13,2.25
2012.01.13 15:09:58.331,0.76995,0.77003,2.63,5.48
2012.01.13 15:09:58.553,0.76995,0.77,1.13,2.25
2012.01.13 15:09:58.913,0.76992,0.76999,1.13,2.25
2012.01.13 15:10:00.069,0.76992,0.76999,1.13,2.25
2012.01.13 15:10:00.621,0.76992,0.76999,1.88,2.25
2012.01.13 15:10:01.603,0.76992,0.76999,1.13,2.25
2012.01.13 15:10:01.696,0.76993,0.76999,1.50,2.25
2012.01.13 15:10:01.979,0.76994,0.77,1.50,1.13
2012.01.13 15:10:02.401,0.76992,0.76999,2.63,2.25
2012.01.13 15:10:03.270,0.76992,0.76999,2.63,1.50
2012.01.13 15:10:03.381,0.76994,0.77,1.50,2.63
2012.01.13 15:10:03.839,0.76994,0.77,2.25,3.38
2012.01.13 15:10:04.370,0.76994,0.77,2.25,2.63
2012.01.13 15:10:05.422,0.76992,0.77,3.38,3.38
2012.01.13 15:10:05.860,0.76994,0.77,1.50,3.38
2012.01.13 15:10:06.357,0.76994,0.77,1.50,3.38
2012.01.13 15:10:07.419,0.76994,0.77,1.50,3.38
2012.01.13 15:10:14.587,0.76992,0.76998,3.38,1.50
2012.01.13 15:10:15.001,0.76993,0.77,2.25,2.63
2012.01.13 15:10:16.022,0.76993,0.77,1.50,1.88
2012.01.13 15:10:16.100,0.76993,0.77,1.50,1.88
2012.01.13 15:10:16.659,0.76993,0.77,1.50,1.88
2012.01.13 15:10:17.371,0.76993,0.77,1.50,1.88
2012.01.13 15:10:17.493,0.76993,0.77,1.50,1.88
2012.01.13 15:10:19.435,0.76993,0.77,1.50,1.88
2012.01.13 15:10:19.741,0.76995,0.77001,1.13,1.50
2012.01.13 15:10:20.973,0.76994,0.77002,1.50,3.00
2012.01.13 15:10:21.475,0.76993,0.77,1.51,2.25
2012.01.13 15:10:22.222,0.76991,0.77,1.50,2.25
2012.01.13 15:10:23.711,0.7699,0.77,1.88,2.25
2012.01.13 15:10:24.158,0.76989,0.77,8.48,3.38
2012.01.13 15:10:24.523,0.7699,0.76998,1.50,2.25
2012.01.13 15:10:25.177,0.7699,0.76998,1.50,1.50
2012.01.13 15:10:25.383,0.7699,0.76998,1.50,2.25
2012.01.13 15:10:27.779,0.76993,0.77,1.50,1.13
2012.01.13 15:10:28.662,0.76992,0.77,2.63,1.88
2012.01.13 15:10:29.190,0.76991,0.77,1.50,1.88
2012.01.13 15:10:29.738,0.76989,0.76998,7.49,2.25
2012.01.13 15:10:31.322,0.76992,0.76998,2.63,2.25
2012.01.13 15:10:33.009,0.76994,0.76998,1.50,1.50
2012.01.13 15:10:35.891,0.76992,0.76998,1.50,2.25
2012.01.13 15:10:37.374,0.76991,0.76997,1.13,2.25
2012.01.13 15:10:38.946,0.76991,0.76999,3.38,1.50
2012.01.13 15:10:41.230,0.76991,0.76999,3.38,2.63
2012.01.13 15:10:42.819,0.76994,0.76999,1.50,1.13
2012.01.13 15:10:43.034,0.76996,0.77002,3.38,1.13
2012.01.13 15:10:44.105,0.76996,0.77001,1.13,2.25
2012.01.13 15:10:48.140,0.76993,0.76999,3.38,1.13
2012.01.13 15:11:01.600,0.76993,0.76999,1.13,2.63
2012.01.13 15:11:01.970,0.76993,0.77001,2.63,3.38
2012.01.13 15:11:02.652,0.76993,0.77001,2.63,3.38
2012.01.13 15:11:02.901,0.76991,0.76997,1.50,1.88
2012.01.13 15:11:03.342,0.76991,0.76997,2.25,1.13
2012.01.13 15:11:04.148,0.76995,0.77,1.13,3.75
2012.01.13 15:11:05.794,0.76995,0.77001,3.38,1.88
2012.01.13 15:11:06.215,0.76992,0.76998,2.25,2.63
2012.01.13 15:11:07.065,0.7699,0.76997,1.88,2.25
2012.01.13 15:11:07.570,0.7699,0.76997,1.88,1.50
2012.01.13 15:11:07.914,0.76993,0.76998,1.50,1.13
2012.01.13 15:11:08.517,0.76993,0.76998,2.25,1.13
2012.01.13 15:11:09.040,0.76992,0.76998,2.25,1.13
2012.01.13 15:11:09.572,0.76994,0.76998,2.25,1.13
2012.01.13 15:11:10.571,0.76994,0.77006,2.25,13.35
2012.01.13 15:11:11.083,0.76994,0.77007,2.25,5.25
2012.01.13 15:11:11.229,0.76994,0.77003,2.25,1.13
2012.01.13 15:11:11.785,0.76994,0.76999,1.50,1.13
2012.01.13 15:11:12.023,0.76994,0.76999,2.25,1.13
2012.01.13 15:11:12.471,0.76993,0.76999,1.88,1.13
2012.01.13 15:11:13.250,0.7699,0.76996,1.13,2.63
2012.01.13 15:11:14.929,0.7699,0.76996,1.88,2.63
2012.01.13 15:11:15.497,0.7699,0.76996,1.88,2.63
2012.01.13 15:11:17.162,0.7699,0.76996,1.88,2.63
2012.01.13 15:11:18.600,0.76992,0.76996,1.13,1.50
2012.01.13 15:11:19.110,0.7699,0.77,3.75,3.38
2012.01.13 15:11:20.186,0.7699,0.76996,2.63,1.88
2012.01.13 15:11:20.684,0.76989,0.76996,1.73,1.88
2012.01.13 15:11:21.842,0.7699,0.76996,1.13,1.88
2012.01.13 15:11:22.199,0.76986,0.76995,2.48,2.25
2012.01.13 15:11:22.481,0.76988,0.76995,1.13,2.25
2012.01.13 15:11:25.441,0.76988,0.76995,1.50,3.38
2012.01.13 15:11:26.007,0.76989,0.76995,1.50,3.38
2012.01.13 15:11:26.878,0.76989,0.76995,1.50,2.63
2012.01.13 15:11:26.960,0.76987,0.76991,1.50,1.13
2012.01.13 15:11:28.314,0.76988,0.76994,2.25,2.63
2012.01.13 15:11:28.810,0.76988,0.76994,2.25,3.38
2012.01.13 15:11:29.341,0.76988,0.76994,2.25,3.38
2012.01.13 15:11:29.881,0.76988,0.76994,2.25,3.38
2012.01.13 15:11:30.649,0.76988,0.76994,2.25,2.63
2012.01.13 15:11:31.538,0.76988,0.76993,1.50,2.25
2012.01.13 15:11:31.902,0.76986,0.76993,2.63,2.25
2012.01.13 15:11:32.254,0.76985,0.76989,1.50,1.13
2012.01.13 15:11:33.099,0.76984,0.76989,2.25,1.88
2012.01.13 15:11:33.598,0.76982,0.76988,2.25,1.50
2012.01.13 15:11:33.937,0.76984,0.7699,1.50,4.50
2012.01.13 15:11:34.709,0.76982,0.76987,2.25,3.75
2012.01.13 15:11:34.796,0.76981,0.76987,1.13,2.25
2012.01.13 15:11:35.294,0.76984,0.76989,1.50,4.88
2012.01.13 15:11:35.648,0.76983,0.7699,1.50,8.10
2012.01.13 15:11:36.241,0.76987,0.76992,1.50,4.12
2012.01.13 15:11:36.585,0.76977,0.76982,1.88,1.13
2012.01.13 15:11:37.138,0.76976,0.76982,3.38,2.63
2012.01.13 15:11:37.560,0.76978,0.76982,1.50,1.13
2012.01.13 15:11:38.121,0.7698,0.76985,1.50,1.88
2012.01.13 15:11:38.473,0.7698,0.7699,4.13,5.85
2012.01.13 15:11:38.551,0.7698,0.76986,2.63,4.73
2012.01.13 15:11:38.620,0.7698,0.76984,1.13,1.50
2012.01.13 15:11:38.961,0.76981,0.76987,3.00,1.50
2012.01.13 15:11:40.017,0.76981,0.76988,1.50,2.10
2012.01.13 15:11:40.103,0.76979,0.76984,1.50,1.13
2012.01.13 15:11:41.150,0.76981,0.76988,2.25,1.50
2012.01.13 15:11:41.515,0.76981,0.7699,2.25,9.00
2012.01.13 15:11:42.746,0.76981,0.76989,2.25,2.25
2012.01.13 15:11:43.304,0.76983,0.76989,1.50,1.50
2012.01.13 15:11:44.284,0.76984,0.76989,1.50,1.50
2012.01.13 15:11:44.501,0.76983,0.76987,1.50,1.13
2012.01.13 15:11:45.050,0.76981,0.76987,2.25,1.13
2012.01.13 15:11:46.259,0.76982,0.76987,1.50,2.63
2012.01.13 15:11:46.741,0.76981,0.76987,3.38,2.63
2012.01.13 15:11:46.814,0.76979,0.76983,1.50,1.13
2012.01.13 15:11:47.540,0.76981,0.76987,2.25,10.35
2012.01.13 15:11:47.637,0.76981,0.76986,1.50,1.13
2012.01.13 15:11:48.144,0.76982,0.76988,2.25,1.50
2012.01.13 15:11:48.341,0.76982,0.76986,1.50,1.13
2012.01.13 15:11:49.863,0.7698,0.76986,1.88,1.88
2012.01.13 15:11:50.011,0.7698,0.76986,1.88,1.88
2012.01.13 15:11:50.159,0.7698,0.76986,2.63,3.38
2012.01.13 15:11:51.116,0.76978,0.76984,2.25,1.50
2012.01.13 15:11:52.327,0.76976,0.76984,2.25,2.25
2012.01.13 15:11:53.009,0.76976,0.76982,3.75,2.25
2012.01.13 15:11:53.236,0.76977,0.76983,3.38,1.88
2012.01.13 15:11:53.794,0.76977,0.76982,1.13,1.50
2012.01.13 15:11:54.612,0.76977,0.76982,1.43,1.50
2012.01.13 15:11:55.126,0.76976,0.76982,1.80,1.50
2012.01.13 15:11:56.096,0.76976,0.76982,1.50,2.25
2012.01.13 15:11:56.467,0.76971,0.76979,6.67,1.88
2012.01.13 15:11:56.900,0.7697,0.76978,4.43,2.25
2012.01.13 15:11:57.850,0.76972,0.76978,1.50,2.25
2012.01.13 15:11:58.080,0.76974,0.76979,2.25,1.13
2012.01.13 15:11:58.293,0.76976,0.76982,2.63,3.38
2012.01.13 15:11:59.872,0.76976,0.76982,3.38,3.38
2012.01.13 15:12:00.841,0.76974,0.76981,1.50,3.00
2012.01.13 15:12:01.053,0.76974,0.76979,1.50,1.88
2012.01.13 15:12:01.623,0.76974,0.76979,2.25,1.13
2012.01.13 15:12:02.392,0.76974,0.76979,1.50,1.88
2012.01.13 15:12:02.752,0.76971,0.76977,1.35,2.25
2012.01.13 15:12:03.287,0.7697,0.76978,1.88,1.50
2012.01.13 15:12:03.700,0.7697,0.76976,1.13,1.88
2012.01.13 15:12:03.842,0.7697,0.76978,1.88,1.50
2012.01.13 15:12:05.056,0.76974,0.76978,1.88,1.50
2012.01.13 15:12:05.336,0.76974,0.7698,1.88,1.88
2012.01.13 15:12:05.413,0.76975,0.76982,1.50,2.25
2012.01.13 15:12:06.173,0.76977,0.76984,1.50,1.13
2012.01.13 15:12:06.794,0.76977,0.76984,1.50,3.38
2012.01.13 15:12:07.342,0.76977,0.76985,1.50,12.23
2012.01.13 15:12:07.479,0.76976,0.76984,1.50,1.50
2012.01.13 15:12:07.978,0.76974,0.76978,2.63,1.50
2012.01.13 15:12:08.069,0.76971,0.7698,2.63,1.50
2012.01.13 15:12:08.142,0.76975,0.76983,1.50,7.58
2012.01.13 15:12:08.662,0.76974,0.76978,1.13,1.50
2012.01.13 15:12:09.001,0.76974,0.76982,3.38,1.35
2012.01.13 15:12:10.415,0.76974,0.7698,1.88,1.13
2012.01.13 15:12:11.438,0.76974,0.7698,1.88,1.13
2012.01.13 15:12:11.542,0.76974,0.76981,3.38,1.50
2012.01.13 15:12:12.210,0.76975,0.76982,1.50,1.35
2012.01.13 15:12:13.793,0.76975,0.76982,1.50,2.85
2012.01.13 15:12:13.956,0.76974,0.7698,2.63,1.13
2012.01.13 15:12:14.455,0.76971,0.76976,4.35,1.50
2012.01.13 15:12:15.212,0.76969,0.76974,2.07,1.50
2012.01.13 15:12:15.292,0.76973,0.76978,1.88,4.50
2012.01.13 15:12:15.806,0.76973,0.76979,3.38,1.13
2012.01.13 15:12:16.084,0.76973,0.76977,1.88,1.50
2012.01.13 15:12:16.921,0.76969,0.76976,3.38,1.50
2012.01.13 15:12:17.471,0.7697,0.76977,1.50,2.25
2012.01.13 15:12:18.128,0.76969,0.76975,1.88,1.88
2012.01.13 15:12:19.492,0.76968,0.76972,1.50,1.13
2012.01.13 15:12:19.566,0.76968,0.76972,1.50,1.13
2012.01.13 15:12:19.783,0.76963,0.76968,1.50,1.13
2012.01.13 15:12:20.130,0.76962,0.76968,1.13,1.88
2012.01.13 15:12:21.092,0.76963,0.76968,2.25,1.88
2012.01.13 15:12:21.241,0.76963,0.7697,2.25,1.88
2012.01.13 15:12:21.559,0.76966,0.76972,1.50,2.63
2012.01.13 15:12:21.633,0.76963,0.7697,2.25,1.88
2012.01.13 15:12:21.780,0.76963,0.76968,1.50,1.88
2012.01.13 15:12:23.610,0.76962,0.76968,1.13,1.88
2012.01.13 15:12:23.895,0.76963,0.76968,1.50,1.88
2012.01.13 15:12:24.516,0.76964,0.76968,1.50,1.13
2012.01.13 15:12:25.052,0.76964,0.76971,1.50,1.88
2012.01.13 15:12:25.942,0.76963,0.76971,4.13,1.88
2012.01.13 15:12:26.474,0.76964,0.76971,1.50,1.88
2012.01.13 15:12:26.561,0.76961,0.76971,1.73,1.88
2012.01.13 15:12:28.364,0.76964,0.76971,2.25,1.13
2012.01.13 15:12:28.853,0.76964,0.76971,1.50,1.88
2012.01.13 15:12:30.157,0.76964,0.76971,1.50,1.88
2012.01.13 15:12:30.712,0.76964,0.76971,2.25,1.88
2012.01.13 15:12:31.410,0.76964,0.76971,2.25,1.13
2012.01.13 15:12:31.490,0.76964,0.76971,1.50,1.88
2012.01.13 15:12:32.069,0.76964,0.76971,1.50,1.88
2012.01.13 15:12:33.807,0.76964,0.76971,1.50,1.88
2012.01.13 15:12:34.011,0.76964,0.76971,1.50,1.88
2012.01.13 15:12:34.538,0.76968,0.76973,1.50,2.25
2012.01.13 15:12:34.895,0.7696,0.76965,1.13,2.10
2012.01.13 15:12:35.486,0.76959,0.76964,1.13,1.50
2012.01.13 15:12:35.576,0.76959,0.76967,3.38,3.75
2012.01.13 15:12:36.279,0.76959,0.76967,2.63,3.38
2012.01.13 15:12:37.253,0.76959,0.76969,3.38,6.38
2012.01.13 15:12:37.390,0.76959,0.76967,2.63,3.38
2012.01.13 15:12:37.669,0.76959,0.76967,3.38,2.63
2012.01.13 15:12:37.883,0.76959,0.76967,2.63,2.63
2012.01.13 15:12:38.990,0.76959,0.76969,4.13,6.00
2012.01.13 15:12:39.490,0.76964,0.76969,1.50,6.00
2012.01.13 15:12:40.699,0.76964,0.76968,1.05,3.75
2012.01.13 15:12:41.545,0.76958,0.76965,1.13,2.25
2012.01.13 15:12:41.691,0.76958,0.76967,1.88,7.50
2012.01.13 15:12:41.778,0.76958,0.76965,1.13,2.63
2012.01.13 15:12:42.357,0.76958,0.76965,1.13,1.88
2012.01.13 15:12:42.462,0.76959,0.76965,1.50,1.88
2012.01.13 15:12:43.022,0.76958,0.76965,3.38,1.88
2012.01.13 15:12:44.120,0.76959,0.76965,1.50,1.88
2012.01.13 15:12:45.691,0.7696,0.76966,1.50,2.25
2012.01.13 15:12:45.818,0.76958,0.76965,1.88,1.50
2012.01.13 15:12:46.362,0.76958,0.76965,2.63,1.50
2012.01.13 15:12:46.887,0.76958,0.76965,1.88,1.50
2012.01.13 15:12:47.643,0.76958,0.76965,1.88,2.25
2012.01.13 15:12:47.794,0.76957,0.76961,2.25,1.13
2012.01.13 15:12:49.549,0.76961,0.76965,1.50,2.25
2012.01.13 15:12:50.154,0.7696,0.76964,1.50,1.13
2012.01.13 15:12:50.671,0.76957,0.76964,2.25,1.88
2012.01.13 15:12:51.418,0.76957,0.76963,2.25,1.88
2012.01.13 15:12:51.922,0.76957,0.76961,1.50,1.13
2012.01.13 15:12:53.132,0.76957,0.76963,2.25,1.13
2012.01.13 15:12:53.540,0.76957,0.76963,2.25,4.13
2012.01.13 15:12:53.897,0.76953,0.76959,1.50,2.85
2012.01.13 15:12:54.678,0.76953,0.76959,1.88,2.63
2012.01.13 15:12:54.763,0.76953,0.76959,1.88,1.13
2012.01.13 15:12:55.738,0.76953,0.76959,1.88,1.88
2012.01.13 15:12:56.389,0.76953,0.76959,1.88,1.88
2012.01.13 15:12:57.177,0.76953,0.76959,1.13,1.88
2012.01.13 15:12:58.870,0.76953,0.76959,2.63,1.88
2012.01.13 15:12:59.440,0.76953,0.76959,2.63,2.63
2012.01.13 15:12:59.942,0.76951,0.76957,3.38,1.50
2012.01.13 15:13:00.358,0.76953,0.76959,1.50,3.00
2012.01.13 15:13:00.500,0.76951,0.76957,2.63,1.50
2012.01.13 15:13:00.700,0.76952,0.76957,1.50,1.50
2012.01.13 15:13:01.417,0.76951,0.76957,3.38,1.50
2012.01.13 15:13:02.160,0.76951,0.76957,3.38,2.25
2012.01.13 15:13:02.497,0.76949,0.76957,2.25,2.25
2012.01.13 15:13:02.841,0.76951,0.76957,3.38,2.25
2012.01.13 15:13:03.426,0.76951,0.76955,1.88,1.50
2012.01.13 15:13:03.982,0.76951,0.76958,1.13,3.00
2012.01.13 15:13:05.362,0.76953,0.76959,1.50,3.75
2012.01.13 15:13:05.845,0.76953,0.76959,1.50,3.38
2012.01.13 15:13:06.137,0.76953,0.76959,1.50,2.63
2012.01.13 15:13:06.924,0.76953,0.76959,1.50,3.38
2012.01.13 15:13:07.633,0.76951,0.76957,3.38,1.50
2012.01.13 15:13:07.721,0.76951,0.76955,1.13,1.50
2012.01.13 15:13:08.355,0.76947,0.76951,1.50,1.13
2012.01.13 15:13:08.851,0.76948,0.76955,1.05,1.50
2012.01.13 15:13:08.994,0.76951,0.76958,1.88,3.75
2012.01.13 15:13:09.212,0.76951,0.76958,2.63,1.88
2012.01.13 15:13:10.050,0.76951,0.76958,2.63,2.63
2012.01.13 15:13:10.357,0.76947,0.76953,4.14,2.63
2012.01.13 15:13:10.436,0.76947,0.76953,2.63,2.63
2012.01.13 15:13:11.002,0.76947,0.76953,3.38,3.38
2012.01.13 15:13:11.075,0.76947,0.76953,3.38,2.63
2012.01.13 15:13:11.684,0.76947,0.76952,1.88,1.50
2012.01.13 15:13:13.221,0.76947,0.76952,1.13,2.25
2012.01.13 15:13:13.853,0.76948,0.76952,1.05,1.50
2012.01.13 15:13:14.835,0.76946,0.76952,2.25,1.50
2012.01.13 15:13:15.416,0.76945,0.76952,1.50,1.50
2012.01.13 15:13:16.345,0.76945,0.76953,3.75,1.88
2012.01.13 15:13:16.843,0.76945,0.76953,3.75,1.88
2012.01.13 15:13:17.052,0.76945,0.76953,3.00,3.38
2012.01.13 15:13:17.969,0.76945,0.76953,3.00,3.38
2012.01.13 15:13:18.195,0.76945,0.7695,2.63,2.10
2012.01.13 15:13:18.552,0.76941,0.76947,3.30,1.50
2012.01.13 15:13:19.457,0.76941,0.76947,2.55,1.50
2012.01.13 15:13:20.130,0.76942,0.76947,1.05,1.50
2012.01.13 15:13:20.760,0.76941,0.76947,3.30,1.50
2012.01.13 15:13:21.329,0.76941,0.76947,3.75,1.50
2012.01.13 15:13:21.808,0.76942,0.76948,2.25,1.88
2012.01.13 15:13:22.360,0.76945,0.76951,1.50,3.75
2012.01.13 15:13:22.699,0.76945,0.76951,1.50,3.38
2012.01.13 15:13:24.381,0.76945,0.76951,1.50,3.38
2012.01.13 15:13:25.233,0.76945,0.76951,1.50,2.63
2012.01.13 15:13:26.685,0.76943,0.7695,2.25,1.50
2012.01.13 15:13:27.416,0.76943,0.7695,2.25,1.50
2012.01.13 15:13:29.641,0.76942,0.76952,3.38,4.35
2012.01.13 15:13:29.851,0.76942,0.7695,3.38,3.38
2012.01.13 15:13:30.109,0.76942,0.7695,3.38,3.38
2012.01.13 15:13:30.179,0.76942,0.7695,3.38,3.38
2012.01.13 15:13:30.458,0.76942,0.7695,3.38,3.38
2012.01.13 15:13:31.870,0.76942,0.7695,3.38,3.38
2012.01.13 15:13:32.017,0.76942,0.76948,1.13,1.50
2012.01.13 15:13:35.504,0.76939,0.76946,1.50,4.35
2012.01.13 15:13:35.792,0.76937,0.76943,2.25,1.13
2012.01.13 15:13:36.339,0.76937,0.76943,2.25,1.13
2012.01.13 15:13:36.962,0.76937,0.76943,1.88,1.13
2012.01.13 15:13:37.501,0.76939,0.76943,1.50,1.13
2012.01.13 15:13:38.000,0.76937,0.76943,2.63,2.63
2012.01.13 15:13:40.305,0.76934,0.7694,2.25,1.50
2012.01.13 15:13:40.390,0.76933,0.7694,1.13,2.63
2012.01.13 15:13:41.141,0.76932,0.7694,3.38,2.63
2012.01.13 15:13:41.230,0.76932,0.7694,3.38,2.63
2012.01.13 15:13:43.298,0.76934,0.7694,2.44,1.13
2012.01.13 15:13:45.370,0.76934,0.7694,2.44,1.13
2012.01.13 15:13:45.574,0.76934,0.76942,3.57,2.63
2012.01.13 15:13:46.982,0.76935,0.76942,1.13,3.38
2012.01.13 15:13:47.054,0.76932,0.76938,2.25,4.50
2012.01.13 15:13:47.418,0.76928,0.76933,1.88,1.50
2012.01.13 15:13:48.223,0.76932,0.76939,2.25,1.88
2012.01.13 15:13:48.306,0.76932,0.76939,2.25,1.13
2012.01.13 15:13:49.276,0.76932,0.76939,2.25,1.88
2012.01.13 15:13:49.353,0.76932,0.76939,2.25,1.13
2012.01.13 15:13:49.867,0.76932,0.76939,2.25,1.13
2012.01.13 15:13:50.696,0.76932,0.76939,2.25,1.13
2012.01.13 15:13:51.219,0.76932,0.76939,2.25,1.13
2012.01.13 15:13:52.165,0.76932,0.76939,2.25,1.13
2012.01.13 15:13:52.443,0.76932,0.76939,1.50,1.88
2012.01.13 15:13:52.977,0.76932,0.76939,2.25,1.13
2012.01.13 15:13:54.221,0.76932,0.76939,3.00,1.13
2012.01.13 15:13:54.959,0.76934,0.76942,2.63,2.25
2012.01.13 15:13:55.170,0.76934,0.76939,1.88,1.13
2012.01.13 15:13:55.776,0.76936,0.76942,1.50,6.38
2012.01.13 15:13:56.261,0.76936,0.76942,1.88,5.63
2012.01.13 15:13:57.197,0.76941,0.76945,1.50,2.63
2012.01.13 15:13:58.859,0.76938,0.76942,1.50,1.13
2012.01.13 15:13:59.093,0.76939,0.76946,1.88,6.75
2012.01.13 15:13:59.178,0.7694,0.76946,1.50,1.50
2012.01.13 15:14:00.367,0.76939,0.76945,3.38,1.50
2012.01.13 15:14:04.362,0.76936,0.76943,1.50,1.13
2012.01.13 15:14:04.500,0.76935,0.76941,4.13,1.50
2012.01.13 15:14:05.192,0.76935,0.76941,2.63,2.25
2012.01.13 15:14:05.329,0.76935,0.76941,2.63,1.50
2012.01.13 15:14:06.973,0.76936,0.76943,1.50,1.13
2012.01.13 15:14:07.818,0.76936,0.76943,2.25,1.13
2012.01.13 15:14:07.900,0.76936,0.76943,2.25,1.13
2012.01.13 15:14:08.755,0.76936,0.76943,2.25,1.13
2012.01.13 15:14:09.509,0.76936,0.76943,2.63,1.13
2012.01.13 15:14:09.808,0.76935,0.7694,1.50,1.13
2012.01.13 15:14:10.369,0.76935,0.7694,2.25,1.13
2012.01.13 15:14:10.949,0.76935,0.7694,1.50,1.13
2012.01.13 15:14:11.482,0.76935,0.7694,2.25,1.13
2012.01.13 15:14:12.050,0.76937,0.76943,1.50,1.50
2012.01.13 15:14:12.191,0.76938,0.76943,1.13,1.50
2012.01.13 15:14:12.819,0.76939,0.76944,2.25,1.13
2012.01.13 15:14:17.519,0.76939,0.76944,1.50,1.13
2012.01.13 15:14:19.782,0.76939,0.76944,2.25,1.13
2012.01.13 15:14:24.318,0.76941,0.76947,1.50,1.50
2012.01.13 15:14:27.090,0.76941,0.76947,2.25,1.50
2012.01.13 15:14:27.826,0.76944,0.76949,2.25,1.13
2012.01.13 15:14:28.418,0.76946,0.76953,1.50,4.73
2012.01.13 15:14:28.993,0.76946,0.76954,2.25,4.13
2012.01.13 15:14:29.695,0.76946,0.76953,2.25,1.13
2012.01.13 15:14:29.914,0.76948,0.76956,2.25,7.50
2012.01.13 15:14:30.203,0.76948,0.76953,2.25,1.13
2012.01.13 15:14:33.064,0.76948,0.76956,2.25,1.50
2012.01.13 15:14:36.314,0.76948,0.76953,3.00,1.13
2012.01.13 15:14:37.598,0.76948,0.76956,3.00,1.50
2012.01.13 15:14:38.219,0.76948,0.76956,3.00,1.50
2012.01.13 15:14:39.017,0.76948,0.76953,2.25,1.13
2012.01.13 15:14:40.244,0.76948,0.76952,1.50,1.13
2012.01.13 15:14:43.705,0.76943,0.76949,2.25,2.63
2012.01.13 15:14:44.203,0.76943,0.76949,2.25,2.63
2012.01.13 15:14:50.342,0.76943,0.76951,2.25,3.00
2012.01.13 15:14:50.485,0.76946,0.76951,1.88,1.50
2012.01.13 15:14:51.875,0.76947,0.76953,2.25,1.50
2012.01.13 15:14:51.999,0.76946,0.76951,1.88,1.50
2012.01.13 15:14:52.072,0.76948,0.76952,1.50,1.13
2012.01.13 15:14:52.426,0.76954,0.7696,2.25,1.50
2012.01.13 15:14:53.723,0.76954,0.7696,2.25,1.50
2012.01.13 15:14:54.284,0.76954,0.7696,2.25,1.50
2012.01.13 15:14:57.828,0.76952,0.76958,1.88,1.13
2012.01.13 15:14:58.040,0.76952,0.76958,1.88,1.88
2012.01.13 15:14:58.311,0.76952,0.76958,1.88,1.88
2012.01.13 15:14:58.449,0.76952,0.76958,1.13,1.88
2012.01.13 15:15:01.793,0.76948,0.76953,1.50,1.13
2012.01.13 15:15:01.930,0.76947,0.76952,1.13,1.50
2012.01.13 15:15:03.634,0.76947,0.76954,1.88,1.50
2012.01.13 15:15:04.130,0.76948,0.76954,2.25,1.50
2012.01.13 15:15:05.302,0.76952,0.76958,1.50,2.63
2012.01.13 15:15:06.970,0.76952,0.76956,2.25,1.13
2012.01.13 15:15:08.997,0.76955,0.7696,1.50,1.88
2012.01.13 15:15:09.418,0.76955,0.76963,2.63,5.25
2012.01.13 15:15:09.567,0.76956,0.76963,3.38,5.25
2012.01.13 15:15:09.787,0.76958,0.76965,2.25,3.75
2012.01.13 15:15:10.664,0.76956,0.76962,2.25,2.63
2012.01.13 15:15:11.360,0.76956,0.76962,2.25,2.63
2012.01.13 15:15:14.797,0.76956,0.76962,2.25,2.63
2012.01.13 15:15:14.882,0.76954,0.7696,1.50,1.50
2012.01.13 15:15:15.778,0.76956,0.76962,2.25,4.13
2012.01.13 15:15:16.998,0.76956,0.76962,2.25,2.63
2012.01.13 15:15:18.962,0.76956,0.76962,1.50,2.63
2012.01.13 15:15:19.175,0.76958,0.76965,1.50,3.38
2012.01.13 15:15:19.319,0.76958,0.76966,2.25,3.00
2012.01.13 15:15:19.838,0.76958,0.76966,2.25,3.00
2012.01.13 15:15:21.031,0.76957,0.76961,1.13,1.50
2012.01.13 15:15:24.274,0.76955,0.76961,3.38,1.50
2012.01.13 15:15:26.594,0.76955,0.76961,2.63,1.50
2012.01.13 15:15:27.668,0.76957,0.76962,1.50,1.13
2012.01.13 15:15:29.357,0.76957,0.76963,5.63,1.50
2012.01.13 15:15:29.659,0.76961,0.76966,2.25,1.13
2012.01.13 15:15:30.637,0.76959,0.76965,2.25,1.50
2012.01.13 15:15:31.610,0.76961,0.76966,1.50,1.73
2012.01.13 15:15:32.100,0.76958,0.76966,3.00,5.85
2012.01.13 15:15:32.772,0.7696,0.76966,2.25,1.13
2012.01.13 15:15:33.054,0.76962,0.76969,3.38,1.88
2012.01.13 15:15:33.133,0.76962,0.76969,3.38,1.88
2012.01.13 15:15:33.485,0.76962,0.76971,4.13,2.25
2012.01.13 15:15:33.785,0.76966,0.76974,2.25,7.88
2012.01.13 15:15:33.874,0.76966,0.76972,2.25,1.88
2012.01.13 15:15:34.586,0.76966,0.76974,2.25,6.00
2012.01.13 15:15:34.727,0.76966,0.76972,2.25,1.13
2012.01.13 15:15:34.900,0.76966,0.76974,2.25,5.25
2012.01.13 15:15:34.979,0.76966,0.76972,2.25,1.13
2012.01.13 15:15:35.981,0.76969,0.76975,1.50,3.75
2012.01.13 15:15:36.151,0.76968,0.76974,2.63,1.50
2012.01.13 15:15:36.251,0.7697,0.76975,1.50,1.50
2012.01.13 15:15:36.483,0.76968,0.76976,2.63,3.38
2012.01.13 15:15:37.239,0.76968,0.76976,3.75,3.38
2012.01.13 15:15:37.418,0.76971,0.76976,2.25,1.13
2012.01.13 15:15:37.750,0.76968,0.76973,1.88,1.50
2012.01.13 15:15:38.582,0.76967,0.76972,1.50,1.13
2012.01.13 15:15:39.093,0.76967,0.76972,1.50,1.88
2012.01.13 15:15:39.989,0.76965,0.76972,1.13,1.88
2012.01.13 15:15:40.490,0.76967,0.76972,2.25,1.13
2012.01.13 15:15:43.986,0.76967,0.76972,2.25,1.13
2012.01.13 15:15:44.735,0.76969,0.76975,1.50,2.25
2012.01.13 15:15:45.466,0.76969,0.76975,3.38,1.50
2012.01.13 15:15:45.753,0.7697,0.76976,2.25,4.88
2012.01.13 15:15:47.104,0.7697,0.76978,2.25,1.50
2012.01.13 15:15:47.672,0.7697,0.76976,2.25,1.13
2012.01.13 15:15:47.821,0.7697,0.76976,1.50,1.13
2012.01.13 15:15:48.426,0.76973,0.76979,2.25,1.50
2012.01.13 15:15:48.857,0.76973,0.76979,2.25,2.25
2012.01.13 15:15:48.935,0.76973,0.76979,2.25,1.50
2012.01.13 15:15:49.780,0.76976,0.76982,3.00,2.63
2012.01.13 15:15:50.086,0.76979,0.76986,1.88,2.63
2012.01.13 15:15:50.617,0.76979,0.76986,1.13,3.38
2012.01.13 15:15:50.763,0.76979,0.76986,1.88,3.38
2012.01.13 15:15:51.340,0.76979,0.76986,1.88,2.63
2012.01.13 15:15:51.836,0.76981,0.76987,3.38,2.25
2012.01.13 15:15:51.922,0.76981,0.76988,3.38,4.50
2012.01.13 15:15:52.721,0.76982,0.76992,2.25,2.25
2012.01.13 15:15:52.823,0.76985,0.76991,1.50,1.50
2012.01.13 15:15:53.369,0.76985,0.76993,2.25,4.50
2012.01.13 15:15:54.120,0.76985,0.76995,2.25,9.00
2012.01.13 15:15:54.221,0.76985,0.76997,2.25,25.65
2012.01.13 15:15:54.303,0.76983,0.76989,1.50,1.50
2012.01.13 15:15:56.374,0.76983,0.76994,2.25,16.13
2012.01.13 15:15:56.926,0.76983,0.76991,1.50,4.50
2012.01.13 15:15:57.227,0.7698,0.76989,1.50,1.13
2012.01.13 15:15:57.444,0.76982,0.7699,1.50,3.00
2012.01.13 15:15:57.526,0.7698,0.76985,1.50,1.50
2012.01.13 15:15:57.676,0.76981,0.76989,1.50,3.98
2012.01.13 15:15:58.305,0.76982,0.76989,1.50,3.98
2012.01.13 15:15:58.398,0.76981,0.76989,1.50,7.72
2012.01.13 15:15:58.836,0.76981,0.76988,1.50,3.75
2012.01.13 15:15:59.463,0.7698,0.76987,1.50,3.23
2012.01.13 15:16:00.112,0.76979,0.76986,3.00,2.85
2012.01.13 15:16:00.189,0.76979,0.76986,2.25,2.85
2012.01.13 15:16:00.966,0.76979,0.76986,2.25,3.00
2012.01.13 15:16:01.714,0.7698,0.76988,2.25,6.00
2012.01.13 15:16:01.812,0.7698,0.76995,2.25,4.80
2012.01.13 15:16:01.897,0.76981,0.76987,1.50,5.25
2012.01.13 15:16:01.978,0.76981,0.76992,1.50,1.50
2012.01.13 15:16:02.177,0.76981,0.7699,1.50,2.03
2012.01.13 15:16:03.006,0.76981,0.76988,1.50,5.25
2012.01.13 15:16:03.510,0.76981,0.76987,1.50,1.88
2012.01.13 15:16:03.869,0.76981,0.76988,2.25,1.88
2012.01.13 15:16:04.726,0.76984,0.7699,2.25,2.10
2012.01.13 15:16:05.284,0.76984,0.76989,2.25,2.25
2012.01.13 15:16:06.133,0.76984,0.76989,1.50,1.88
2012.01.13 15:16:06.619,0.76984,0.76989,1.50,2.63
2012.01.13 15:16:07.848,0.76984,0.76989,2.25,1.88
2012.01.13 15:16:08.403,0.76984,0.76992,2.25,1.88
2012.01.13 15:16:08.906,0.76984,0.7699,2.25,2.10
2012.01.13 15:16:09.450,0.76984,0.76991,2.25,1.88
2012.01.13 15:16:10.018,0.76984,0.7699,2.25,2.10
2012.01.13 15:16:11.187,0.76984,0.76989,2.25,1.13
2012.01.13 15:16:11.535,0.76984,0.76992,2.25,3.38
2012.01.13 15:16:12.750,0.76984,0.76989,2.25,1.13
2012.01.13 15:16:13.223,0.76984,0.76992,2.25,3.38
2012.01.13 15:16:14.531,0.76984,0.76991,2.25,2.48
2012.01.13 15:16:15.286,0.76984,0.76989,2.25,1.13
2012.01.13 15:16:16.453,0.76982,0.76987,2.25,1.50
2012.01.13 15:16:16.536,0.76983,0.76987,2.25,2.25
2012.01.13 15:16:16.613,0.7698,0.76986,1.50,1.50
2012.01.13 15:16:16.838,0.76978,0.76985,3.38,1.88
2012.01.13 15:16:20.996,0.76978,0.76984,1.88,1.13
2012.01.13 15:16:21.830,0.76978,0.76985,1.88,3.00
2012.01.13 15:16:22.532,0.76978,0.76985,1.13,3.00
2012.01.13 15:16:22.881,0.7698,0.76984,1.50,1.13
2012.01.13 15:16:24.348,0.7698,0.76986,2.25,2.25
2012.01.13 15:16:24.972,0.7698,0.76984,1.50,1.13
2012.01.13 15:16:26.314,0.7698,0.76986,2.25,1.50
2012.01.13 15:16:26.879,0.76981,0.76986,1.88,1.50
2012.01.13 15:16:26.957,0.76981,0.76989,1.88,1.88
2012.01.13 15:16:27.617,0.76983,0.76987,1.50,1.50
2012.01.13 15:16:27.968,0.76985,0.7699,1.50,1.88
2012.01.13 15:16:28.717,0.76985,0.76993,2.25,3.98
2012.01.13 15:16:29.010,0.76988,0.76994,2.25,4.50
2012.01.13 15:16:29.534,0.76991,0.76995,1.50,6.00
2012.01.13 15:16:29.626,0.76991,0.76996,1.50,2.25
2012.01.13 15:16:30.192,0.76991,0.76998,2.25,1.88
2012.01.13 15:16:30.753,0.76991,0.76997,2.25,1.50
2012.01.13 15:16:33.476,0.7699,0.76996,1.88,2.63
2012.01.13 15:16:35.433,0.76991,0.76996,2.25,1.13
2012.01.13 15:16:35.969,0.76991,0.76996,2.25,1.13
2012.01.13 15:16:37.092,0.76989,0.76994,2.25,1.13
2012.01.13 15:16:37.447,0.76989,0.76997,3.38,2.63
2012.01.13 15:16:38.503,0.76991,0.76997,1.50,1.80
2012.01.13 15:16:39.005,0.76989,0.76997,3.38,3.30
2012.01.13 15:16:39.917,0.76989,0.76997,3.38,3.30
2012.01.13 15:16:40.208,0.76993,0.76997,1.13,1.50
2012.01.13 15:16:40.423,0.76993,0.76999,2.63,2.18
2012.01.13 15:16:41.642,0.76993,0.76999,2.63,3.30
2012.01.13 15:16:41.731,0.76991,0.76997,1.50,3.38
2012.01.13 15:16:42.082,0.76993,0.76997,1.50,1.13
2012.01.13 15:16:43.161,0.7699,0.76997,1.50,1.13
2012.01.13 15:16:43.721,0.76989,0.76995,2.63,1.50
2012.01.13 15:16:44.145,0.76989,0.76997,1.13,3.38
2012.01.13 15:16:44.775,0.76989,0.76997,2.25,2.63
2012.01.13 15:16:45.269,0.76991,0.76997,1.50,1.50
2012.01.13 15:16:45.825,0.76992,0.76997,1.13,2.25
2012.01.13 15:16:46.366,0.76993,0.76999,2.63,1.50
2012.01.13 15:16:46.456,0.76993,0.76999,2.63,2.25
2012.01.13 15:16:46.605,0.76991,0.76996,1.27,1.50
2012.01.13 15:16:47.435,0.76993,0.76998,1.13,2.25
2012.01.13 15:16:48.045,0.76993,0.76998,1.13,2.25
2012.01.13 15:16:48.128,0.76994,0.77,2.25,1.50
2012.01.13 15:16:49.581,0.76994,0.76999,2.25,1.13
2012.01.13 15:16:50.128,0.76994,0.77,1.50,1.50
2012.01.13 15:16:50.483,0.76994,0.77,2.25,1.50
2012.01.13 15:16:51.105,0.76994,0.77,2.25,1.50
2012.01.13 15:16:51.403,0.76997,0.77001,1.50,1.13
2012.01.13 15:16:51.756,0.77,0.77006,2.25,2.25
2012.01.13 15:16:51.975,0.77,0.77006,1.50,2.93
2012.01.13 15:16:52.559,0.77,0.77006,1.50,3.00
2012.01.13 15:16:53.126,0.77,0.77006,1.50,2.25
2012.01.13 15:16:53.947,0.77,0.77006,1.50,2.25
2012.01.13 15:16:54.643,0.77,0.77006,1.50,2.25
2012.01.13 15:16:55.882,0.77,0.77006,2.25,1.50
2012.01.13 15:16:56.786,0.77,0.77006,1.50,1.50
2012.01.13 15:16:57.342,0.77,0.77006,1.50,2.25
2012.01.13 15:16:59.193,0.76999,0.77005,1.13,2.25
2012.01.13 15:17:02.461,0.76999,0.77007,2.63,3.38
2012.01.13 15:17:02.979,0.76999,0.77007,2.63,3.38
2012.01.13 15:17:04.031,0.76999,0.77005,1.13,1.50
2012.01.13 15:17:06.672,0.76999,0.77007,2.63,3.38
2012.01.13 15:17:08.133,0.76999,0.77007,2.63,2.63
2012.01.13 15:17:09.419,0.76999,0.77007,2.63,3.38
2012.01.13 15:17:10.819,0.76999,0.77007,2.63,2.63
2012.01.13 15:17:12.450,0.77001,0.77007,1.13,2.63
2012.01.13 15:17:14.611,0.76998,0.77004,3.38,1.50
2012.01.13 15:17:15.349,0.77001,0.77007,1.13,2.63
2012.01.13 15:17:18.002,0.76999,0.77007,3.38,3.38
2012.01.13 15:17:22.497,0.76999,0.77007,2.63,3.38
2012.01.13 15:17:25.756,0.76999,0.77007,2.63,3.38
2012.01.13 15:17:28.784,0.76999,0.77007,2.63,3.38
2012.01.13 15:17:30.251,0.76999,0.77007,2.63,3.38
2012.01.13 15:17:30.794,0.76999,0.77005,1.13,2.25
2012.01.13 15:17:32.177,0.77,0.77006,1.50,1.50
2012.01.13 15:17:32.476,0.76999,0.77005,1.13,2.25
2012.01.13 15:17:32.840,0.76993,0.76999,3.38,1.50
2012.01.13 15:17:33.669,0.76994,0.76999,1.13,3.00
2012.01.13 15:17:34.102,0.76994,0.77002,3.38,4.88
2012.01.13 15:17:34.663,0.76994,0.77002,4.13,3.38
2012.01.13 15:17:36.344,0.76994,0.77002,4.13,2.63
2012.01.13 15:17:37.088,0.76995,0.77002,1.50,2.63
2012.01.13 15:17:37.652,0.76995,0.77002,1.50,2.63
2012.01.13 15:17:38.680,0.76991,0.76998,1.89,3.75
2012.01.13 15:17:38.827,0.76993,0.76998,1.13,3.75
2012.01.13 15:17:38.904,0.76993,0.76998,1.13,3.75
2012.01.13 15:17:39.475,0.76994,0.76999,1.50,1.13
2012.01.13 15:17:40.991,0.76996,0.77,1.13,1.50
2012.01.13 15:17:42.025,0.76996,0.77002,2.63,2.25
2012.01.13 15:17:44.179,0.76993,0.77001,1.50,2.25
2012.01.13 15:17:45.045,0.76993,0.76998,1.13,1.50
2012.01.13 15:17:45.395,0.76994,0.77,1.50,3.75
2012.01.13 15:17:45.481,0.76994,0.77,1.50,2.25
2012.01.13 15:17:46.425,0.76993,0.77,1.13,2.25
2012.01.13 15:17:47.114,0.76994,0.77,1.50,2.63
2012.01.13 15:17:47.950,0.76994,0.77,1.50,2.63
2012.01.13 15:17:48.311,0.76993,0.76998,1.13,2.25
2012.01.13 15:17:48.796,0.76988,0.76998,1.88,3.00
2012.01.13 15:17:49.547,0.76987,0.76994,1.88,1.88
2012.01.13 15:17:49.903,0.76988,0.76994,2.63,1.88
2012.01.13 15:17:50.472,0.76988,0.76994,1.13,1.88
2012.01.13 15:17:51.412,0.76988,0.76994,1.13,1.88
2012.01.13 15:17:52.740,0.76987,0.76994,1.50,1.88
2012.01.13 15:17:54.271,0.76986,0.76994,1.13,2.63
2012.01.13 15:17:55.365,0.76987,0.76994,1.50,2.63
2012.01.13 15:17:55.795,0.76988,0.76994,1.13,2.63
2012.01.13 15:17:56.358,0.76988,0.76994,1.13,2.63
2012.01.13 15:17:59.251,0.76991,0.76995,1.13,1.50
2012.01.13 15:17:59.952,0.76991,0.76996,2.63,1.13
2012.01.13 15:18:00.243,0.76992,0.76998,1.50,2.25
2012.01.13 15:18:00.802,0.76992,0.76998,2.25,1.50
2012.01.13 15:18:02.218,0.76992,0.76998,2.25,1.50
2012.01.13 15:18:02.508,0.76991,0.76996,1.88,1.50
2012.01.13 15:18:03.951,0.76991,0.76996,1.88,1.50
2012.01.13 15:18:04.094,0.76991,0.76999,2.63,3.75
2012.01.13 15:18:04.884,0.76991,0.76998,2.25,1.13
2012.01.13 15:18:06.722,0.7699,0.76997,1.13,1.50
2012.01.13 15:18:07.263,0.76991,0.76998,1.50,1.88
2012.01.13 15:18:09.693,0.76991,0.76999,2.63,3.38
2012.01.13 15:18:10.248,0.76991,0.76999,2.63,3.38
2012.01.13 15:18:10.740,0.76991,0.76999,3.38,4.13
2012.01.13 15:18:10.812,0.76991,0.76999,3.38,3.38
2012.01.13 15:18:11.358,0.76991,0.76999,2.63,3.38
2012.01.13 15:18:12.835,0.76991,0.76999,2.63,2.63
2012.01.13 15:18:14.128,0.76991,0.76999,3.38,4.13
2012.01.13 15:18:14.492,0.7699,0.76999,1.50,3.38
2012.01.13 15:18:17.952,0.76992,0.76997,1.50,1.13
2012.01.13 15:18:19.048,0.76989,0.76997,1.50,3.38
2012.01.13 15:18:20.965,0.7699,0.76996,1.13,1.88
2012.01.13 15:18:21.952,0.76987,0.76995,2.63,2.25
2012.01.13 15:18:24.075,0.7699,0.76995,1.13,1.50
2012.01.13 15:18:25.763,0.7699,0.76995,1.13,2.25
2012.01.13 15:18:26.042,0.76988,0.76995,1.13,2.25
2012.01.13 15:18:26.589,0.76988,0.76995,1.88,1.50
2012.01.13 15:18:27.310,0.76988,0.76995,1.13,2.25
2012.01.13 15:18:28.159,0.76988,0.76992,1.13,1.50
2012.01.13 15:18:28.234,0.76986,0.76991,3.00,1.13
2012.01.13 15:18:28.310,0.76984,0.7699,3.00,1.50
2012.01.13 15:18:28.387,0.76983,0.76987,1.88,1.50
2012.01.13 15:18:29.022,0.76978,0.76986,4.50,1.88
2012.01.13 15:18:29.573,0.7698,0.76986,1.13,1.88
2012.01.13 15:18:30.202,0.76981,0.76986,1.50,1.88
2012.01.13 15:18:30.707,0.76983,0.76988,1.50,1.88
2012.01.13 15:18:31.207,0.76983,0.76989,1.50,1.50
2012.01.13 15:18:33.498,0.76984,0.76989,1.13,2.25
2012.01.13 15:18:33.647,0.76984,0.76992,2.25,5.85
2012.01.13 15:18:33.796,0.76987,0.76993,1.13,2.63
2012.01.13 15:18:34.434,0.76987,0.76993,1.13,1.13
2012.01.13 15:18:34.519,0.76987,0.76993,1.13,1.88
2012.01.13 15:18:35.088,0.76987,0.76993,1.13,1.88
2012.01.13 15:18:35.961,0.76987,0.76993,1.13,1.88
2012.01.13 15:18:36.457,0.76988,0.76993,1.50,1.88
2012.01.13 15:18:37.002,0.76987,0.76993,1.13,1.88
2012.01.13 15:18:43.316,0.76989,0.76993,1.50,1.88
2012.01.13 15:18:45.051,0.76989,0.76995,2.25,1.50
2012.01.13 15:18:45.825,0.76989,0.76995,2.25,1.50
2012.01.13 15:18:45.917,0.76992,0.76996,1.13,1.50
2012.01.13 15:18:46.403,0.76992,0.76997,1.88,1.50
2012.01.13 15:18:47.268,0.76992,0.76998,1.88,1.13
2012.01.13 15:18:47.777,0.76992,0.76996,1.13,1.50
2012.01.13 15:18:52.931,0.76988,0.76994,2.93,1.50
2012.01.13 15:18:53.212,0.76992,0.76997,1.13,2.25
2012.01.13 15:18:53.353,0.76988,0.76994,3.00,1.50
2012.01.13 15:18:53.436,0.76992,0.76996,1.13,1.50
2012.01.13 15:18:53.910,0.76992,0.76998,1.13,1.13
2012.01.13 15:18:54.484,0.76992,0.76997,1.13,1.50
2012.01.13 15:18:58.321,0.76993,0.76998,2.10,2.63
2012.01.13 15:18:59.171,0.76995,0.77,2.25,1.88
2012.01.13 15:18:59.671,0.76994,0.77,2.63,2.63
2012.01.13 15:18:59.773,0.76998,0.77002,1.13,1.50
2012.01.13 15:19:00.427,0.76995,0.77003,2.25,2.25
2012.01.13 15:19:00.539,0.76998,0.77003,1.13,1.50
2012.01.13 15:19:01.099,0.76998,0.77003,1.13,2.25
2012.01.13 15:19:02.015,0.76998,0.77003,1.13,1.50
2012.01.13 15:19:02.797,0.76998,0.77003,1.13,2.25
2012.01.13 15:19:03.717,0.76994,0.77,1.88,2.25
2012.01.13 15:19:03.859,0.76995,0.77002,2.85,2.63
2012.01.13 15:19:04.030,0.77,0.77004,1.13,1.50
2012.01.13 15:19:04.254,0.77,0.77006,1.13,3.98
2012.01.13 15:19:05.110,0.77,0.77004,1.13,1.50
2012.01.13 15:19:05.629,0.77,0.77005,1.13,1.50
2012.01.13 15:19:05.780,0.76997,0.77005,7.73,2.25
2012.01.13 15:19:06.594,0.77,0.77005,1.13,1.50
2012.01.13 15:19:06.910,0.77001,0.77007,1.50,1.50
2012.01.13 15:19:06.994,0.77001,0.77005,1.13,1.50
2012.01.13 15:19:07.840,0.77,0.77006,2.47,1.13
2012.01.13 15:19:08.367,0.77001,0.77006,1.50,1.13
2012.01.13 15:19:09.449,0.77001,0.77007,2.63,2.63
2012.01.13 15:19:09.956,0.77002,0.77007,1.50,1.13
2012.01.13 15:19:11.009,0.77001,0.77007,4.13,2.63
2012.01.13 15:19:13.629,0.77002,0.77007,1.50,1.13
2012.01.13 15:19:14.198,0.77001,0.77007,2.63,2.63
2012.01.13 15:19:15.047,0.77002,0.77007,1.50,1.88
2012.01.13 15:19:15.585,0.77001,0.77007,2.63,4.13
2012.01.13 15:19:15.669,0.77001,0.77007,2.63,4.13
2012.01.13 15:19:16.338,0.76996,0.77001,1.50,2.63
2012.01.13 15:19:16.791,0.76995,0.77001,3.00,2.63
2012.01.13 15:19:17.636,0.76993,0.76999,2.63,2.25
2012.01.13 15:19:19.050,0.76989,0.76996,2.25,2.25
2012.01.13 15:19:19.549,0.76989,0.76996,2.25,1.50
2012.01.13 15:19:20.330,0.76991,0.76997,1.50,3.38
2012.01.13 15:19:20.642,0.7699,0.76997,3.75,1.88
2012.01.13 15:19:21.145,0.76987,0.76996,7.50,1.50
2012.01.13 15:19:21.798,0.76989,0.76997,1.88,3.38
2012.01.13 15:19:22.217,0.76986,0.76994,1.88,1.88
2012.01.13 15:19:23.639,0.76985,0.76994,2.55,1.88
2012.01.13 15:19:23.718,0.76984,0.76994,3.23,1.88
2012.01.13 15:19:24.766,0.76987,0.76997,1.35,2.63
2012.01.13 15:19:25.123,0.7699,0.76997,2.63,1.88
2012.01.13 15:19:25.492,0.76991,0.76997,3.38,1.88
2012.01.13 15:19:26.252,0.76994,0.76999,1.50,1.50
2012.01.13 15:19:26.573,0.76983,0.7699,1.50,1.88
2012.01.13 15:19:26.901,0.76983,0.7699,2.25,1.13
2012.01.13 15:19:27.972,0.7698,0.7699,1.50,1.88
2012.01.13 15:19:28.492,0.76981,0.76989,2.63,2.25
2012.01.13 15:19:29.195,0.76981,0.76989,1.50,2.25
2012.01.13 15:19:29.281,0.76981,0.76989,1.50,2.25
2012.01.13 15:19:29.937,0.76981,0.76988,1.50,1.88
2012.01.13 15:19:30.620,0.76978,0.76988,2.25,1.88
2012.01.13 15:19:30.961,0.76974,0.76981,1.50,1.88
2012.01.13 15:19:31.034,0.76976,0.76981,1.50,1.13
2012.01.13 15:19:31.120,0.76971,0.76981,8.02,1.88
2012.01.13 15:19:32.088,0.76973,0.76981,4.88,1.88
2012.01.13 15:19:32.184,0.76976,0.76981,1.50,1.13
2012.01.13 15:19:32.636,0.76976,0.76982,2.25,2.25
2012.01.13 15:19:33.129,0.76977,0.76981,1.50,1.13
2012.01.13 15:19:33.929,0.76976,0.76982,2.25,2.25
2012.01.13 15:19:34.446,0.76976,0.76981,2.25,1.13
2012.01.13 15:19:35.478,0.76976,0.76981,3.75,1.13
2012.01.13 15:19:35.836,0.76981,0.76986,1.50,1.13
2012.01.13 15:19:36.991,0.76981,0.76986,1.50,1.88
2012.01.13 15:19:37.767,0.7698,0.76985,1.13,2.18
2012.01.13 15:19:38.557,0.76976,0.7698,1.50,1.13
2012.01.13 15:19:38.657,0.76974,0.7698,4.13,1.13
2012.01.13 15:19:39.178,0.76974,0.7698,4.13,1.13
2012.01.13 15:19:40.419,0.76974,0.7698,3.75,1.13
2012.01.13 15:19:40.500,0.76977,0.76983,1.50,1.50
2012.01.13 15:19:40.786,0.7698,0.76985,2.63,1.43
2012.01.13 15:19:40.934,0.7698,0.76988,3.38,3.30
2012.01.13 15:19:41.647,0.76983,0.76988,1.50,1.88
2012.01.13 15:19:42.212,0.76983,0.76988,2.25,1.13
2012.01.13 15:19:42.284,0.76983,0.76991,2.25,1.43
2012.01.13 15:19:43.954,0.76985,0.76991,1.50,2.10
2012.01.13 15:19:44.036,0.76982,0.76988,1.89,2.63
2012.01.13 15:19:44.911,0.7698,0.76988,4.88,2.63
2012.01.13 15:19:44.992,0.7698,0.76988,4.88,2.63
2012.01.13 15:19:45.449,0.76982,0.76988,1.50,1.80
2012.01.13 15:19:45.532,0.76984,0.7699,1.13,3.68
2012.01.13 15:19:46.909,0.76985,0.76991,2.25,2.25
2012.01.13 15:19:46.999,0.76985,0.76991,2.25,1.50
2012.01.13 15:19:48.399,0.76987,0.76992,2.25,1.13
2012.01.13 15:19:48.550,0.76989,0.76996,2.63,1.50
2012.01.13 15:19:48.746,0.76991,0.76999,1.27,5.85
2012.01.13 15:19:49.080,0.76991,0.76997,1.50,3.38
2012.01.13 15:19:49.800,0.7699,0.76995,1.13,2.25
2012.01.13 15:19:49.961,0.76992,0.76998,2.25,3.38
2012.01.13 15:19:50.079,0.76992,0.76998,2.25,2.63
2012.01.13 15:19:50.258,0.76992,0.76998,2.25,3.38
2012.01.13 15:19:50.343,0.7699,0.76997,2.99,1.43
2012.01.13 15:19:50.421,0.76993,0.76998,1.50,2.63
2012.01.13 15:19:51.119,0.76992,0.76997,1.13,1.43
2012.01.13 15:19:51.588,0.76993,0.76998,1.50,1.88
2012.01.13 15:19:52.579,0.76991,0.76998,2.77,1.88
2012.01.13 15:19:52.979,0.76983,0.76996,35.52,1.43
2012.01.13 15:19:53.274,0.76987,0.76997,1.13,2.18
2012.01.13 15:19:53.355,0.76989,0.76997,2.02,2.18
2012.01.13 15:19:53.908,0.76989,0.76997,1.27,1.43
2012.01.13 15:19:54.253,0.76988,0.76998,19.27,1.88
2012.01.13 15:19:54.598,0.76987,0.76993,7.88,1.88
2012.01.13 15:19:54.693,0.76986,0.76993,2.25,1.13
2012.01.13 15:19:55.353,0.76989,0.76993,1.50,1.13
2012.01.13 15:19:56.257,0.76986,0.76993,4.13,1.88
2012.01.13 15:19:56.822,0.76985,0.76993,1.50,1.88
2012.01.13 15:19:56.959,0.76989,0.76993,2.25,1.13
2012.01.13 15:19:57.481,0.76991,0.76997,1.50,2.25
2012.01.13 15:19:58.919,0.76991,0.76997,2.25,2.25
2012.01.13 15:19:59.795,0.76991,0.76995,2.25,1.13
2012.01.13 15:20:00.215,0.76992,0.76999,2.63,1.13
2012.01.13 15:20:00.439,0.76994,0.76999,1.50,1.13
2012.01.13 15:20:01.680,0.76992,0.76999,3.00,2.55
2012.01.13 15:20:02.788,0.76998,0.77005,2.25,3.68
2012.01.13 15:20:02.888,0.76999,0.77005,2.25,2.18
2012.01.13 15:20:03.388,0.76999,0.77005,3.75,1.13
2012.01.13 15:20:04.323,0.76999,0.77005,2.25,1.13
2012.01.13 15:20:05.971,0.76997,0.77005,3.38,3.98
2012.01.13 15:20:06.206,0.77,0.77005,1.50,1.88
2012.01.13 15:20:07.160,0.76999,0.77005,2.25,1.88
2012.01.13 15:20:07.656,0.77,0.77006,1.50,2.18
2012.01.13 15:20:08.210,0.77,0.77006,2.25,1.50
2012.01.13 15:20:08.796,0.76999,0.77006,4.88,1.43
2012.01.13 15:20:09.503,0.77002,0.77007,2.25,1.13
2012.01.13 15:20:10.317,0.77002,0.77007,2.25,1.13
2012.01.13 15:20:11.153,0.77002,0.77007,2.25,1.13
2012.01.13 15:20:11.578,0.76999,0.77006,3.38,2.85
2012.01.13 15:20:12.111,0.77002,0.77007,1.50,4.73
2012.01.13 15:20:12.654,0.77001,0.77005,1.50,1.13
2012.01.13 15:20:13.151,0.76999,0.77005,3.38,2.63
2012.01.13 15:20:13.764,0.76999,0.77003,1.50,1.13
2012.01.13 15:20:13.853,0.76995,0.77003,4.13,2.63
2012.01.13 15:20:14.360,0.76999,0.77003,1.13,1.50
2012.01.13 15:20:14.442,0.76999,0.77005,1.13,3.00
2012.01.13 15:20:15.200,0.76999,0.77004,1.13,3.75
2012.01.13 15:20:15.911,0.76999,0.77005,1.88,3.38
2012.01.13 15:20:17.033,0.76999,0.77005,3.38,1.13
2012.01.13 15:20:17.582,0.76999,0.77005,3.38,1.13
2012.01.13 15:20:18.782,0.76998,0.77002,1.50,1.13
2012.01.13 15:20:19.039,0.76995,0.77002,1.80,3.00
2012.01.13 15:20:19.120,0.76994,0.77002,3.38,5.85
2012.01.13 15:20:20.334,0.76994,0.77001,4.13,2.25
2012.01.13 15:20:22.032,0.76994,0.77001,4.43,2.25
2012.01.13 15:20:22.580,0.76994,0.77001,3.68,2.25
2012.01.13 15:20:23.524,0.76994,0.77001,4.43,2.25
2012.01.13 15:20:23.734,0.76994,0.77002,4.43,3.38
2012.01.13 15:20:23.810,0.76994,0.77,3.38,1.13
2012.01.13 15:20:25.161,0.76994,0.77,3.38,1.13
2012.01.13 15:20:25.445,0.76997,0.77003,1.50,5.18
2012.01.13 15:20:26.439,0.76996,0.77001,1.88,1.50
2012.01.13 15:20:26.526,0.76996,0.77004,3.38,5.55
2012.01.13 15:20:27.082,0.76996,0.77003,3.38,1.43
2012.01.13 15:20:27.151,0.76996,0.77001,2.25,1.13
2012.01.13 15:20:27.363,0.76994,0.77001,1.50,1.50
2012.01.13 15:20:29.375,0.76994,0.77001,2.25,2.18
2012.01.13 15:20:29.995,0.76994,0.77001,2.25,2.18
2012.01.13 15:20:30.071,0.76994,0.77001,2.25,1.50
2012.01.13 15:20:30.430,0.76994,0.77001,2.25,1.13
2012.01.13 15:20:30.603,0.76997,0.77001,1.50,1.13
2012.01.13 15:20:30.975,0.76999,0.77005,1.50,2.48
2012.01.13 15:20:31.954,0.76999,0.77003,1.50,1.13
2012.01.13 15:20:32.524,0.77,0.77008,2.25,3.75
2012.01.13 15:20:33.550,0.77,0.77008,2.25,3.38
2012.01.13 15:20:36.393,0.76998,0.77003,1.13,2.63
2012.01.13 15:20:36.880,0.77,0.77006,2.25,2.63
2012.01.13 15:20:38.073,0.77,0.77006,1.50,2.63
2012.01.13 15:20:44.843,0.77,0.77005,1.50,1.13
2012.01.13 15:20:44.922,0.76997,0.77004,1.50,2.10
2012.01.13 15:20:44.998,0.76996,0.77002,1.13,1.50
2012.01.13 15:20:45.144,0.76994,0.77001,2.25,1.13
2012.01.13 15:20:48.552,0.76994,0.77001,1.50,1.88
2012.01.13 15:20:49.083,0.76994,0.77001,1.50,1.88
2012.01.13 15:20:49.490,0.76994,0.77001,1.50,1.88
2012.01.13 15:20:50.127,0.76993,0.77,1.13,2.25
2012.01.13 15:20:50.427,0.76992,0.76997,1.13,2.25
2012.01.13 15:20:50.995,0.76993,0.76998,1.50,1.13
2012.01.13 15:20:53.559,0.7699,0.76994,1.50,1.13
2012.01.13 15:20:53.635,0.76988,0.76994,5.18,1.13
2012.01.13 15:20:54.906,0.76988,0.76994,2.63,1.88
2012.01.13 15:20:55.479,0.76988,0.76994,2.63,1.88
2012.01.13 15:20:56.537,0.76988,0.76994,2.63,1.88
2012.01.13 15:20:57.676,0.76988,0.76994,2.63,1.13
2012.01.13 15:20:58.949,0.76988,0.76994,2.63,1.88
2012.01.13 15:20:59.330,0.7699,0.76998,2.63,6.38
2012.01.13 15:21:00.031,0.7699,0.76998,4.13,3.38
2012.01.13 15:21:00.553,0.7699,0.76998,3.38,2.63
2012.01.13 15:21:01.527,0.7699,0.76998,3.38,2.63
2012.01.13 15:21:05.503,0.7699,0.76998,3.38,2.63
2012.01.13 15:21:06.793,0.7699,0.76998,3.38,3.38
2012.01.13 15:21:07.787,0.7699,0.76998,2.63,3.38
2012.01.13 15:21:09.126,0.7699,0.76998,3.38,2.63
2012.01.13 15:21:09.588,0.76993,0.76998,2.85,2.63
2012.01.13 15:21:10.369,0.76997,0.77001,1.13,3.00
2012.01.13 15:21:10.455,0.76995,0.76999,1.13,1.50
2012.01.13 15:21:11.022,0.76995,0.77,1.13,1.50
2012.01.13 15:21:14.035,0.76995,0.77,1.13,2.25
2012.01.13 15:21:14.187,0.76996,0.77002,6.60,2.25
2012.01.13 15:21:14.350,0.76998,0.77004,1.50,1.50
2012.01.13 15:21:14.780,0.77,0.77006,1.50,2.63
2012.01.13 15:21:15.483,0.76998,0.77005,2.85,2.25
2012.01.13 15:21:15.844,0.76999,0.77006,1.50,1.13
2012.01.13 15:21:15.994,0.77002,0.77006,1.50,1.88
2012.01.13 15:21:20.687,0.77002,0.77008,1.50,2.25
2012.01.13 15:21:21.137,0.77002,0.77008,1.50,1.50
2012.01.13 15:21:22.224,0.77003,0.77009,1.50,1.13
2012.01.13 15:21:23.785,0.77003,0.77009,2.25,1.13
2012.01.13 15:21:24.286,0.77002,0.77008,2.25,1.50
2012.01.13 15:21:25.383,0.77004,0.77009,1.50,1.13
2012.01.13 15:21:26.791,0.77,0.77006,2.25,1.50
2012.01.13 15:21:30.561,0.77,0.77006,1.50,1.50
2012.01.13 15:21:34.341,0.76999,0.77004,1.88,1.50
2012.01.13 15:21:35.158,0.76999,0.77004,2.63,1.50
2012.01.13 15:21:36.296,0.77001,0.77006,1.13,1.50
2012.01.13 15:21:40.758,0.76997,0.77003,1.88,1.50
2012.01.13 15:21:41.503,0.77,0.77004,1.13,1.50
2012.01.13 15:21:42.012,0.77,0.77005,1.13,1.50
2012.01.13 15:21:45.872,0.77,0.77005,1.13,2.93
2012.01.13 15:21:46.491,0.76997,0.77002,1.50,1.13
2012.01.13 15:21:46.587,0.76994,0.77001,2.63,2.63
2012.01.13 15:21:49.123,0.76994,0.77001,1.13,3.00
2012.01.13 15:21:49.331,0.76994,0.76998,1.13,1.50
2012.01.13 15:21:50.042,0.76991,0.76997,1.13,3.38
2012.01.13 15:21:52.158,0.76988,0.76995,1.42,2.63
2012.01.13 15:21:52.340,0.76987,0.76995,3.75,3.38
2012.01.13 15:21:53.284,0.76987,0.76995,3.75,2.63
2012.01.13 15:21:53.969,0.76987,0.76995,3.38,2.63
2012.01.13 15:21:54.515,0.76987,0.76995,3.38,2.63
2012.01.13 15:21:55.317,0.76987,0.76995,3.38,2.63
2012.01.13 15:21:57.530,0.76987,0.76995,3.38,2.63
2012.01.13 15:21:59.149,0.76987,0.76995,3.38,2.63
2012.01.13 15:22:00.154,0.76987,0.76995,3.38,2.63
2012.01.13 15:22:00.231,0.76987,0.76995,3.38,2.63
2012.01.13 15:22:00.435,0.76987,0.76995,3.38,2.63
2012.01.13 15:22:00.571,0.76987,0.76995,3.38,2.63
2012.01.13 15:22:01.129,0.76987,0.76995,3.38,2.63
2012.01.13 15:22:01.277,0.76987,0.76995,3.38,2.63
2012.01.13 15:22:01.960,0.76987,0.76995,3.38,2.63
2012.01.13 15:22:02.521,0.76987,0.76995,3.38,2.63
2012.01.13 15:22:03.853,0.76987,0.76992,1.88,1.50
2012.01.13 15:22:04.549,0.76987,0.76992,1.13,1.50
2012.01.13 15:22:06.510,0.76987,0.76992,1.88,1.50
2012.01.13 15:22:06.653,0.76988,0.76994,2.25,1.50
2012.01.13 15:22:07.894,0.76987,0.76992,1.13,1.50
2012.01.13 15:22:08.882,0.76988,0.76994,2.55,2.63
2012.01.13 15:22:09.380,0.76987,0.76996,1.50,3.60
2012.01.13 15:22:09.825,0.76987,0.76994,1.50,2.63
2012.01.13 15:22:11.586,0.76987,0.76996,1.50,3.60
2012.01.13 15:22:11.724,0.76987,0.76994,1.50,2.63
2012.01.13 15:22:12.765,0.76987,0.76994,1.50,2.63
2012.01.13 15:22:14.167,0.76989,0.76995,1.50,3.38
2012.01.13 15:22:14.761,0.76989,0.76995,1.50,2.63
2012.01.13 15:22:15.603,0.76989,0.76995,1.50,3.38
2012.01.13 15:22:16.065,0.76989,0.76995,1.50,3.38
2012.01.13 15:22:16.289,0.76987,0.76995,3.00,3.38
2012.01.13 15:22:17.262,0.76987,0.76994,2.63,2.25
2012.01.13 15:22:18.105,0.76986,0.76991,1.50,1.13
2012.01.13 15:22:18.753,0.76984,0.7699,1.50,3.00
2012.01.13 15:22:19.267,0.76984,0.7699,1.50,3.00
2012.01.13 15:22:20.082,0.76983,0.7699,1.13,2.25
2012.01.13 15:22:20.507,0.76981,0.7699,1.88,2.25
2012.01.13 15:22:20.724,0.76983,0.76989,1.13,1.50
2012.01.13 15:22:20.861,0.76984,0.76989,1.50,1.50
2012.01.13 15:22:21.076,0.76983,0.76989,1.13,1.50
2012.01.13 15:22:21.772,0.76983,0.76989,1.13,2.25
2012.01.13 15:22:21.855,0.76983,0.76989,1.13,2.25
2012.01.13 15:22:23.020,0.76983,0.76989,1.13,2.25
2012.01.13 15:22:23.792,0.76985,0.76992,1.13,2.25
2012.01.13 15:22:23.872,0.76985,0.76992,1.13,2.25
2012.01.13 15:22:25.730,0.76985,0.76992,1.88,1.50
2012.01.13 15:22:27.748,0.76985,0.76992,1.88,1.50
2012.01.13 15:22:28.022,0.76985,0.76989,1.88,1.50
2012.01.13 15:22:30.152,0.76984,0.7699,1.88,1.13
2012.01.13 15:22:30.696,0.76984,0.7699,3.38,1.13
2012.01.13 15:22:30.843,0.76987,0.76992,1.13,1.50
2012.01.13 15:22:31.504,0.76987,0.76993,2.63,1.88
2012.01.13 15:22:31.796,0.76985,0.76991,2.25,2.25
2012.01.13 15:22:34.339,0.76984,0.76991,2.63,3.38
2012.01.13 15:22:35.101,0.76985,0.7699,1.50,2.25
2012.01.13 15:22:35.192,0.7699,0.76994,3.38,4.50
2012.01.13 15:22:35.469,0.7699,0.76996,4.88,4.13
2012.01.13 15:22:35.629,0.7699,0.76996,1.13,3.38
2012.01.13 15:22:35.727,0.7699,0.76996,1.13,3.38
2012.01.13 15:22:37.020,0.76991,0.76996,1.50,1.13
2012.01.13 15:22:38.579,0.76993,0.76997,1.13,2.63
2012.01.13 15:22:39.452,0.76993,0.77,1.13,2.25
2012.01.13 15:22:40.853,0.76996,0.77,1.13,3.00
2012.01.13 15:22:40.942,0.76996,0.77003,1.13,2.25
2012.01.13 15:22:42.675,0.76996,0.77003,1.88,1.50
2012.01.13 15:22:43.490,0.76996,0.77003,1.88,1.50
2012.01.13 15:22:44.435,0.76996,0.77003,1.13,1.50
2012.01.13 15:22:44.921,0.76996,0.77003,1.13,2.25
2012.01.13 15:22:46.819,0.76996,0.77003,1.13,2.25
2012.01.13 15:22:47.358,0.76995,0.77002,1.50,1.88
2012.01.13 15:22:48.067,0.76994,0.76999,1.13,1.50
2012.01.13 15:22:48.412,0.76997,0.77002,1.50,1.88
2012.01.13 15:22:49.785,0.76997,0.77002,1.50,1.88
2012.01.13 15:22:50.314,0.76997,0.77002,1.50,1.13
2012.01.13 15:22:51.397,0.76997,0.77003,2.63,2.25
2012.01.13 15:22:52.108,0.77002,0.77006,1.13,1.13
2012.01.13 15:22:52.659,0.77,0.77006,1.13,1.13
2012.01.13 15:22:52.913,0.76999,0.77005,2.25,3.75
2012.01.13 15:22:53.382,0.77001,0.77007,1.13,1.88
2012.01.13 15:22:54.283,0.76998,0.77004,4.50,1.50
2012.01.13 15:22:55.523,0.76999,0.77003,1.50,2.63
2012.01.13 15:22:55.839,0.76993,0.77,1.88,3.00
2012.01.13 15:22:55.939,0.76993,0.76997,1.13,1.50
2012.01.13 15:22:56.677,0.76988,0.76994,1.88,1.50
2012.01.13 15:22:56.813,0.76986,0.76994,2.25,2.25
2012.01.13 15:22:57.233,0.76988,0.76996,2.63,3.38
2012.01.13 15:22:57.352,0.7699,0.76996,1.50,1.13
2012.01.13 15:22:57.443,0.76988,0.76996,2.63,3.38
2012.01.13 15:22:58.077,0.76989,0.76996,1.50,1.13
2012.01.13 15:22:58.602,0.76985,0.76995,6.23,2.25
2012.01.13 15:22:59.720,0.76986,0.76994,1.50,1.50
2012.01.13 15:23:00.400,0.76984,0.76994,4.50,3.00
2012.01.13 15:23:00.568,0.76986,0.76994,5.02,3.00
2012.01.13 15:23:01.355,0.76985,0.76995,6.74,2.25
2012.01.13 15:23:01.857,0.76989,0.76996,1.50,1.13
2012.01.13 15:23:01.943,0.76988,0.76996,2.63,1.88
2012.01.13 15:23:02.160,0.76989,0.76996,1.50,1.88
2012.01.13 15:23:02.861,0.76988,0.76995,1.13,2.25
2012.01.13 15:23:03.013,0.76988,0.76995,3.38,1.50
2012.01.13 15:23:03.368,0.76989,0.76996,1.50,1.88
2012.01.13 15:23:04.152,0.76985,0.7699,1.50,1.50
2012.01.13 15:23:04.312,0.76979,0.76985,5.25,1.50
2012.01.13 15:23:04.879,0.76981,0.76986,1.50,1.13
2012.01.13 15:23:05.476,0.76976,0.76986,5.11,1.88
2012.01.13 15:23:05.559,0.76978,0.76986,9.00,1.88
2012.01.13 15:23:05.916,0.7698,0.76986,1.13,1.88
2012.01.13 15:23:06.213,0.76977,0.76982,1.13,2.25
2012.01.13 15:23:06.292,0.76978,0.76984,2.25,3.60
2012.01.13 15:23:06.852,0.7698,0.76986,2.63,1.88
2012.01.13 15:23:06.947,0.76983,0.76991,1.50,4.13
2012.01.13 15:23:07.178,0.76983,0.76987,1.50,1.13
2012.01.13 15:23:07.326,0.76983,0.76989,2.25,1.13
2012.01.13 15:23:07.739,0.76982,0.76987,3.00,1.13
2012.01.13 15:23:08.520,0.76982,0.76987,2.25,1.13
2012.01.13 15:23:08.940,0.76984,0.7699,2.63,3.68
2012.01.13 15:23:09.154,0.76986,0.76992,1.50,4.05
2012.01.13 15:23:09.859,0.76988,0.76995,1.88,4.05
2012.01.13 15:23:10.212,0.76988,0.76995,1.88,3.75
2012.01.13 15:23:10.413,0.76987,0.76991,1.50,1.50
2012.01.13 15:23:10.904,0.76988,0.76994,1.88,2.18
2012.01.13 15:23:12.131,0.76988,0.76995,1.88,1.88
2012.01.13 15:23:13.072,0.76987,0.76992,2.25,1.13
2012.01.13 15:23:13.228,0.76985,0.76991,3.00,1.50
2012.01.13 15:23:13.659,0.76987,0.76992,1.50,1.13
2012.01.13 15:23:14.460,0.76988,0.76995,2.25,3.38
2012.01.13 15:23:16.853,0.76988,0.76995,2.25,3.38
2012.01.13 15:23:16.927,0.76988,0.76995,1.50,4.13
2012.01.13 15:23:17.729,0.76988,0.76995,2.25,1.50
2012.01.13 15:23:18.974,0.76988,0.76995,2.25,1.50
2012.01.13 15:23:20.055,0.76988,0.76995,2.25,1.50
2012.01.13 15:23:22.170,0.76988,0.76995,1.50,1.50
2012.01.13 15:23:23.317,0.76988,0.76995,2.25,1.50
2012.01.13 15:23:24.926,0.76988,0.76995,2.25,1.50
2012.01.13 15:23:25.814,0.76988,0.76995,2.25,3.38
2012.01.13 15:23:26.648,0.76988,0.76995,2.25,3.38
2012.01.13 15:23:28.456,0.76988,0.76995,2.25,1.88
2012.01.13 15:23:29.165,0.76988,0.76995,2.25,1.88
2012.01.13 15:23:29.679,0.76988,0.76995,2.25,1.88
2012.01.13 15:23:30.308,0.76988,0.76995,2.25,1.88
2012.01.13 15:23:31.016,0.76988,0.76995,2.25,1.88
2012.01.13 15:23:31.834,0.76988,0.76995,2.25,1.88
2012.01.13 15:23:33.665,0.76988,0.76995,2.25,3.38
2012.01.13 15:23:34.171,0.76988,0.76995,2.25,3.38
2012.01.13 15:23:35.219,0.76988,0.76995,2.25,1.50
2012.01.13 15:23:35.370,0.76991,0.76995,1.50,1.50
2012.01.13 15:23:35.677,0.76991,0.76997,2.25,3.38
2012.01.13 15:23:36.680,0.76991,0.76996,2.25,1.13
2012.01.13 15:23:38.359,0.76989,0.76996,3.00,1.13
2012.01.13 15:23:39.682,0.76988,0.76995,4.13,1.50
2012.01.13 15:23:40.419,0.76988,0.76995,1.88,2.25
2012.01.13 15:23:40.930,0.76988,0.76995,1.88,5.18
2012.01.13 15:23:42.748,0.76987,0.76992,1.13,1.50
2012.01.13 15:23:44.537,0.76987,0.76992,1.13,3.75
2012.01.13 15:23:44.825,0.76984,0.7699,1.50,1.50
2012.01.13 15:23:45.722,0.76984,0.7699,2.25,1.50
2012.01.13 15:23:46.212,0.76986,0.76991,1.50,1.13
2012.01.13 15:23:49.251,0.76987,0.76991,1.50,1.13
2012.01.13 15:23:49.794,0.76986,0.76991,2.25,1.13
2012.01.13 15:23:50.886,0.76986,0.76992,3.38,2.63
2012.01.13 15:23:50.970,0.76988,0.76992,1.50,1.13
2012.01.13 15:23:52.438,0.76986,0.76992,3.38,2.63
2012.01.13 15:23:52.960,0.76986,0.76992,3.38,2.63
2012.01.13 15:23:55.803,0.76986,0.76991,1.50,1.13
2012.01.13 15:23:56.152,0.76981,0.76988,2.25,1.13
2012.01.13 15:23:57.000,0.76981,0.76988,1.50,1.13
2012.01.13 15:23:59.235,0.76981,0.76988,1.50,1.50
2012.01.13 15:23:59.314,0.76981,0.76987,1.50,1.13
2012.01.13 15:23:59.873,0.7698,0.76986,2.63,2.25
2012.01.13 15:24:00.590,0.7698,0.76986,3.38,1.50
2012.01.13 15:24:09.004,0.76977,0.76982,1.13,1.50
2012.01.13 15:24:15.988,0.76974,0.76982,3.38,2.63
2012.01.13 15:24:17.099,0.76974,0.76982,3.38,3.53
2012.01.13 15:24:17.243,0.76972,0.76976,1.50,1.13
2012.01.13 15:24:17.317,0.76973,0.76979,2.25,3.15
2012.01.13 15:24:17.399,0.7697,0.76976,3.00,1.13
2012.01.13 15:24:18.412,0.7697,0.76976,2.63,4.13
2012.01.13 15:24:18.572,0.7697,0.76974,1.13,1.50
2012.01.13 15:24:20.140,0.76966,0.76972,2.25,1.13
2012.01.13 15:24:20.703,0.76966,0.76972,1.88,1.13
2012.01.13 15:24:21.205,0.76966,0.76972,1.88,1.13
2012.01.13 15:24:22.227,0.76967,0.76972,2.25,1.13
2012.01.13 15:24:22.924,0.76967,0.76972,2.25,1.13
2012.01.13 15:24:25.284,0.76966,0.76971,1.88,1.50
2012.01.13 15:24:25.897,0.76966,0.76973,1.88,1.88
2012.01.13 15:24:35.037,0.76967,0.76973,2.25,1.13
2012.01.13 15:24:35.950,0.76967,0.76973,2.25,1.13
2012.01.13 15:24:36.824,0.76965,0.76973,3.38,2.63
2012.01.13 15:24:38.599,0.76965,0.76973,3.38,2.63
2012.01.13 15:24:38.950,0.76965,0.76969,1.88,1.50
2012.01.13 15:24:44.439,0.76964,0.76969,1.13,1.50
2012.01.13 15:24:44.852,0.76969,0.76974,1.50,3.38
2012.01.13 15:24:44.925,0.76969,0.76974,1.50,1.13
2012.01.13 15:24:45.966,0.76967,0.76972,2.25,1.35
2012.01.13 15:24:46.255,0.76964,0.76968,1.13,1.50
2012.01.13 15:24:46.337,0.76966,0.7697,1.50,2.63
2012.01.13 15:24:48.083,0.76968,0.76972,1.13,2.25
2012.01.13 15:24:48.219,0.76968,0.76974,1.13,1.88
2012.01.13 15:24:51.984,0.76968,0.76974,1.13,1.88
2012.01.13 15:24:53.241,0.76968,0.76975,1.13,3.75
2012.01.13 15:24:54.129,0.76968,0.76975,1.13,3.00
2012.01.13 15:24:54.623,0.76968,0.76975,1.88,3.15
2012.01.13 15:24:55.170,0.76968,0.76975,1.13,3.15
2012.01.13 15:24:56.612,0.76968,0.76975,1.88,3.15
2012.01.13 15:24:57.556,0.76968,0.76975,1.13,3.90
2012.01.13 15:24:58.490,0.76967,0.76975,3.38,3.90
2012.01.13 15:24:59.401,0.76967,0.76975,3.38,2.63
2012.01.13 15:24:59.566,0.7697,0.76975,1.50,1.13
2012.01.13 15:25:03.501,0.7697,0.76976,2.25,2.93
2012.01.13 15:25:04.047,0.7697,0.76976,2.25,2.63
2012.01.13 15:25:04.390,0.76971,0.76978,1.88,2.25
2012.01.13 15:25:05.075,0.76972,0.76978,2.25,1.50
2012.01.13 15:25:07.174,0.76974,0.7698,2.25,1.50
2012.01.13 15:25:07.685,0.76974,0.76982,3.38,3.15
2012.01.13 15:25:09.177,0.76974,0.7698,3.38,1.50
2012.01.13 15:25:09.740,0.76974,0.76982,3.38,2.63
2012.01.13 15:25:17.393,0.76974,0.7698,3.38,1.50
2012.01.13 15:25:17.986,0.76974,0.76982,3.38,2.63
2012.01.13 15:25:18.540,0.76974,0.7698,3.38,1.50
2012.01.13 15:25:21.055,0.76974,0.76982,3.38,1.65
2012.01.13 15:25:21.597,0.76974,0.76982,3.38,1.65
2012.01.13 15:25:27.539,0.76975,0.76984,1.88,2.40
2012.01.13 15:25:28.690,0.76975,0.76982,1.88,1.50
2012.01.13 15:25:29.452,0.76975,0.76983,3.38,1.50
2012.01.13 15:25:29.534,0.76975,0.76981,3.38,1.13
2012.01.13 15:25:30.327,0.76975,0.76983,3.38,1.50
2012.01.13 15:25:30.854,0.76975,0.76983,3.75,1.50
2012.01.13 15:25:31.204,0.76975,0.76981,3.75,1.13
2012.01.13 15:25:31.882,0.76975,0.76981,3.75,1.13
2012.01.13 15:25:32.304,0.76975,0.76981,2.63,1.13
2012.01.13 15:25:33.439,0.76975,0.76981,3.38,1.13
2012.01.13 15:25:33.534,0.76975,0.76983,3.38,1.50
2012.01.13 15:25:33.604,0.76975,0.76981,3.38,1.13
2012.01.13 15:25:34.112,0.76975,0.76981,3.38,1.13
2012.01.13 15:25:34.988,0.7698,0.76986,3.38,1.28
2012.01.13 15:25:35.071,0.7698,0.76986,2.63,1.13
2012.01.13 15:25:35.750,0.76978,0.76984,3.38,1.50
2012.01.13 15:25:35.834,0.76978,0.76984,3.38,1.50
2012.01.13 15:25:35.946,0.76978,0.76982,1.50,1.13
2012.01.13 15:25:36.544,0.76976,0.76982,2.63,2.63
2012.01.13 15:25:36.708,0.76979,0.76985,3.38,1.28
2012.01.13 15:25:37.010,0.76976,0.76982,3.38,1.50
2012.01.13 15:25:37.228,0.76979,0.76984,1.13,1.50
2012.01.13 15:25:38.059,0.7698,0.76985,1.50,1.13
2012.01.13 15:25:39.811,0.7698,0.76985,2.25,1.13
2012.01.13 15:25:40.377,0.7698,0.76986,2.25,1.50
2012.01.13 15:25:41.363,0.7698,0.76987,2.25,1.13
2012.01.13 15:25:41.451,0.76981,0.76985,2.25,1.13
2012.01.13 15:25:41.998,0.76981,0.76989,2.25,1.50
2012.01.13 15:25:43.029,0.76981,0.76989,2.25,1.50
2012.01.13 15:25:43.664,0.76981,0.76988,3.38,1.13
2012.01.13 15:25:43.960,0.76981,0.76986,1.13,1.50
2012.01.13 15:25:52.119,0.7698,0.76985,1.50,1.13
2012.01.13 15:25:54.123,0.76979,0.76983,1.88,1.50
2012.01.13 15:25:56.214,0.76977,0.76982,2.25,1.13
2012.01.13 15:25:56.568,0.76977,0.76983,2.25,1.50
2012.01.13 15:25:57.105,0.76977,0.76982,2.25,1.13
2012.01.13 15:26:00.962,0.76977,0.76982,2.25,1.13
2012.01.13 15:26:01.820,0.76977,0.76983,1.50,1.50
2012.01.13 15:26:02.405,0.76976,0.76982,1.88,1.50
2012.01.13 15:26:02.766,0.76976,0.76982,1.13,2.25
2012.01.13 15:26:03.816,0.76976,0.76982,1.13,2.25
2012.01.13 15:26:04.381,0.76976,0.76982,1.13,2.25
2012.01.13 15:26:05.494,0.76976,0.76982,1.13,2.25
2012.01.13 15:26:05.692,0.76976,0.76982,1.13,2.25
2012.01.13 15:26:06.708,0.76976,0.76982,1.13,2.25
2012.01.13 15:26:07.055,0.76968,0.76976,3.00,2.25
2012.01.13 15:26:08.021,0.76968,0.76976,2.25,2.25
2012.01.13 15:26:08.661,0.7697,0.76976,1.13,2.25
2012.01.13 15:26:09.714,0.7696,0.76964,4.50,1.13
2012.01.13 15:26:10.011,0.76956,0.76964,1.13,3.23
2012.01.13 15:26:10.436,0.76957,0.76963,2.25,2.10
2012.01.13 15:26:11.020,0.76954,0.7696,2.63,1.13
2012.01.13 15:26:11.166,0.76952,0.7696,1.88,3.38
2012.01.13 15:26:11.322,0.76954,0.7696,2.63,1.88
2012.01.13 15:26:11.815,0.76954,0.7696,2.63,1.13
2012.01.13 15:26:13.293,0.76958,0.76964,3.38,1.50
2012.01.13 15:26:13.785,0.76961,0.76967,2.63,3.00
2012.01.13 15:26:13.912,0.76963,0.76969,2.25,3.38
2012.01.13 15:26:14.061,0.76963,0.76969,3.75,3.38
2012.01.13 15:26:14.804,0.76964,0.76969,2.25,1.88
2012.01.13 15:26:15.304,0.76964,0.76969,2.25,1.13
2012.01.13 15:26:17.093,0.76964,0.76971,2.25,1.13
2012.01.13 15:26:17.283,0.76964,0.76972,2.25,1.50
2012.01.13 15:26:17.498,0.76964,0.76971,2.25,1.13
2012.01.13 15:26:18.167,0.76964,0.76971,2.25,3.23
2012.01.13 15:26:18.727,0.76963,0.76971,1.88,2.63
2012.01.13 15:26:19.694,0.76968,0.76973,2.25,1.13
2012.01.13 15:26:19.781,0.76968,0.76977,2.25,1.13
2012.01.13 15:26:20.352,0.76968,0.76976,2.25,1.88
2012.01.13 15:26:21.299,0.76968,0.76976,2.25,1.50
2012.01.13 15:26:21.457,0.76968,0.76973,2.25,1.13
2012.01.13 15:26:22.553,0.76967,0.76975,1.88,1.50
2012.01.13 15:26:22.833,0.76966,0.76971,2.25,1.13
2012.01.13 15:26:23.352,0.76965,0.7697,2.25,1.35
2012.01.13 15:26:23.983,0.76968,0.76972,1.13,2.25
2012.01.13 15:26:24.134,0.76964,0.7697,2.25,1.13
2012.01.13 15:26:24.621,0.76963,0.7697,1.50,2.63
2012.01.13 15:26:24.715,0.76962,0.7697,3.38,3.38
2012.01.13 15:26:25.394,0.76962,0.76967,1.88,2.25
2012.01.13 15:26:25.644,0.76962,0.7697,4.88,1.88
2012.01.13 15:26:25.807,0.76965,0.7697,1.50,1.88
2012.01.13 15:26:26.653,0.76964,0.76971,1.50,1.65
2012.01.13 15:26:26.774,0.76962,0.7697,2.63,2.25
2012.01.13 15:26:26.880,0.76962,0.76968,1.13,2.25
2012.01.13 15:26:27.207,0.76966,0.76973,1.13,2.40
2012.01.13 15:26:28.031,0.76963,0.76969,2.63,2.25
2012.01.13 15:26:28.114,0.76963,0.76971,2.63,3.90
2012.01.13 15:26:28.399,0.76963,0.7697,1.13,2.25
2012.01.13 15:26:28.755,0.7696,0.76967,1.50,1.88
2012.01.13 15:26:29.327,0.7696,0.76968,2.25,1.50
2012.01.13 15:26:29.415,0.7696,0.76967,3.00,1.13
2012.01.13 15:26:29.923,0.7696,0.76967,3.00,1.13
2012.01.13 15:26:30.066,0.7696,0.76967,3.00,1.13
2012.01.13 15:26:30.867,0.7696,0.76967,2.25,1.13
2012.01.13 15:26:31.484,0.7696,0.76967,2.25,1.13
2012.01.13 15:26:31.791,0.76964,0.7697,2.25,2.25
2012.01.13 15:26:32.345,0.76964,0.7697,2.25,2.25
2012.01.13 15:26:32.705,0.76964,0.76972,2.25,3.38
2012.01.13 15:26:33.068,0.76964,0.76979,2.25,1.50
2012.01.13 15:26:33.850,0.76963,0.76979,2.63,4.50
2012.01.13 15:26:34.078,0.76963,0.76976,2.63,1.50
2012.01.13 15:26:35.231,0.76963,0.76977,1.88,3.75
2012.01.13 15:26:35.660,0.76961,0.76976,1.50,3.00
2012.01.13 15:26:36.592,0.76962,0.76973,2.25,1.88
2012.01.13 15:26:36.886,0.76964,0.76978,2.25,1.50
2012.01.13 15:26:37.178,0.76964,0.76975,1.50,1.50
2012.01.13 15:26:37.253,0.76964,0.76976,2.25,1.88
2012.01.13 15:26:38.227,0.76964,0.76975,2.25,4.50
2012.01.13 15:26:38.308,0.76964,0.76975,2.25,3.75
2012.01.13 15:26:38.463,0.76964,0.76974,3.00,11.25
2012.01.13 15:26:38.537,0.76965,0.76973,1.50,1.65
2012.01.13 15:26:39.771,0.76965,0.76973,1.50,1.65
2012.01.13 15:26:40.885,0.76965,0.76973,2.63,1.50
2012.01.13 15:26:41.374,0.76966,0.76972,1.13,1.13
2012.01.13 15:26:42.482,0.76966,0.76972,1.13,1.88
2012.01.13 15:26:42.916,0.76966,0.76972,1.88,1.13
2012.01.13 15:26:43.134,0.76966,0.76972,1.88,2.03
2012.01.13 15:26:43.901,0.76965,0.7697,1.50,1.88
2012.01.13 15:26:44.226,0.76962,0.76966,1.13,1.50
2012.01.13 15:26:45.423,0.76962,0.76968,1.88,1.50
2012.01.13 15:26:45.500,0.76962,0.76966,1.88,1.50
2012.01.13 15:26:46.638,0.76962,0.76968,1.88,1.50
2012.01.13 15:26:46.766,0.76964,0.76968,1.50,1.50
2012.01.13 15:26:46.855,0.76964,0.7697,1.50,3.23
2012.01.13 15:26:46.994,0.76962,0.76968,3.38,1.50
2012.01.13 15:26:47.556,0.76962,0.76968,4.13,1.50
2012.01.13 15:26:48.167,0.76964,0.7697,2.25,2.63
2012.01.13 15:26:49.438,0.76964,0.7697,2.25,2.63
2012.01.13 15:26:49.864,0.76964,0.7697,2.25,2.63
2012.01.13 15:26:50.221,0.76964,0.7697,2.25,2.63
2012.01.13 15:26:50.294,0.76964,0.7697,2.25,2.63
2012.01.13 15:26:50.503,0.76964,0.76972,2.25,2.85
2012.01.13 15:26:51.093,0.76964,0.7697,2.25,2.63
2012.01.13 15:26:51.469,0.76966,0.76972,2.25,1.50
2012.01.13 15:26:52.590,0.76969,0.76976,2.25,1.13
2012.01.13 15:26:52.813,0.76969,0.76975,2.25,1.50
2012.01.13 15:26:53.321,0.76969,0.76975,2.25,1.50
2012.01.13 15:26:53.893,0.76969,0.76976,2.25,1.13
2012.01.13 15:26:54.449,0.76969,0.76977,2.25,3.75
2012.01.13 15:26:55.329,0.76969,0.76976,2.25,1.13
2012.01.13 15:26:55.419,0.76969,0.76975,4.50,2.25
2012.01.13 15:26:55.500,0.76971,0.76979,2.25,3.60
2012.01.13 15:26:55.649,0.76971,0.7698,2.25,1.50
2012.01.13 15:26:56.202,0.76971,0.76979,2.25,2.85
2012.01.13 15:26:56.870,0.76974,0.7698,3.75,1.50
2012.01.13 15:26:56.952,0.76974,0.76983,3.75,4.50
2012.01.13 15:26:57.605,0.76973,0.76981,1.88,4.50
2012.01.13 15:26:58.369,0.76973,0.76983,1.88,3.00
2012.01.13 15:26:58.732,0.76981,0.76991,1.13,2.10
2012.01.13 15:27:00.138,0.76982,0.76989,1.50,3.53
2012.01.13 15:27:00.625,0.76982,0.76991,1.50,1.35
2012.01.13 15:27:01.481,0.76981,0.76988,1.50,1.50
2012.01.13 15:27:01.689,0.76983,0.76989,2.25,2.63
2012.01.13 15:27:03.131,0.76982,0.76986,1.50,3.23
2012.01.13 15:27:03.339,0.76978,0.76982,3.75,1.13
2012.01.13 15:27:04.352,0.76974,0.76982,4.50,2.03
2012.01.13 15:27:04.592,0.76977,0.76985,1.50,1.88
2012.01.13 15:27:06.351,0.76977,0.76985,2.25,4.68
2012.01.13 15:27:06.640,0.76968,0.76973,1.88,1.50
2012.01.13 15:27:07.561,0.76967,0.76973,3.00,2.63
2012.01.13 15:27:07.659,0.7697,0.76976,1.50,3.00
2012.01.13 15:27:07.815,0.7697,0.76975,1.88,1.50
2012.01.13 15:27:08.820,0.7697,0.76975,2.63,1.50
2012.01.13 15:27:09.307,0.7697,0.76975,1.88,1.50
2012.01.13 15:27:09.872,0.7697,0.76976,4.13,1.13
2012.01.13 15:27:11.124,0.7697,0.7698,4.13,3.00
2012.01.13 15:27:11.259,0.7697,0.76976,3.38,1.13
2012.01.13 15:27:12.342,0.7697,0.7698,3.38,2.25
2012.01.13 15:27:12.489,0.7697,0.76976,2.63,1.13
2012.01.13 15:27:13.713,0.7697,0.76979,3.38,1.50
2012.01.13 15:27:13.790,0.7697,0.76976,2.63,1.13
2012.01.13 15:27:14.406,0.76971,0.76978,1.50,2.25
2012.01.13 15:27:15.293,0.76971,0.76978,1.50,1.50
2012.01.13 15:27:16.061,0.76971,0.76978,2.25,1.50
2012.01.13 15:27:16.789,0.76972,0.76978,1.50,1.50
2012.01.13 15:27:16.882,0.76976,0.76982,4.13,1.88
2012.01.13 15:27:17.442,0.76976,0.76982,3.38,1.88
2012.01.13 15:27:20.446,0.76974,0.76982,1.50,1.88
2012.01.13 15:27:20.657,0.76979,0.76986,1.88,1.50
2012.01.13 15:27:20.732,0.76979,0.76984,1.13,1.50
2012.01.13 15:27:21.010,0.76979,0.76984,1.88,1.50
2012.01.13 15:27:21.432,0.76976,0.76984,1.50,2.25
2012.01.13 15:27:22.089,0.76979,0.76984,1.88,1.50
2012.01.13 15:27:22.308,0.76977,0.76984,1.88,2.25
2012.01.13 15:27:22.441,0.76979,0.76984,1.88,1.50
2012.01.13 15:27:22.984,0.76979,0.76984,1.88,1.50
2012.01.13 15:27:23.741,0.76979,0.76984,1.88,1.50
2012.01.13 15:27:24.243,0.76979,0.76984,1.88,1.50
2012.01.13 15:27:24.510,0.76976,0.76984,1.88,2.25
2012.01.13 15:27:25.722,0.76978,0.76984,1.13,1.50
2012.01.13 15:27:27.267,0.76978,0.76984,1.88,2.25
2012.01.13 15:27:27.542,0.76975,0.76984,1.50,2.40
2012.01.13 15:27:28.089,0.76973,0.76984,9.23,2.40
2012.01.13 15:27:28.300,0.76978,0.76984,1.13,1.50
2012.01.13 15:27:29.068,0.76976,0.76982,1.50,1.88
2012.01.13 15:27:29.633,0.76977,0.76982,1.50,1.88
2012.01.13 15:27:30.288,0.76977,0.76982,1.50,1.88
2012.01.13 15:27:30.853,0.76977,0.76982,1.50,1.13
2012.01.13 15:27:31.802,0.76975,0.76981,1.50,1.50
2012.01.13 15:27:34.390,0.76976,0.76981,1.13,1.50
2012.01.13 15:27:34.910,0.76977,0.76983,1.50,2.25
2012.01.13 15:27:36.365,0.76976,0.76982,1.13,3.00
2012.01.13 15:27:37.086,0.76973,0.76979,2.63,1.88
2012.01.13 15:27:37.601,0.76974,0.76979,1.50,1.13
2012.01.13 15:27:39.037,0.76974,0.76979,1.50,1.88
2012.01.13 15:27:39.541,0.76971,0.76977,2.25,2.25
2012.01.13 15:27:42.221,0.76971,0.76977,1.50,2.25
2012.01.13 15:27:43.058,0.76971,0.76977,1.50,2.25
2012.01.13 15:27:43.564,0.76971,0.76977,1.50,2.25
2012.01.13 15:27:44.068,0.76971,0.76977,1.50,1.50
2012.01.13 15:27:46.907,0.76971,0.76977,2.25,1.50
2012.01.13 15:27:47.126,0.76971,0.76976,2.25,1.13
2012.01.13 15:27:48.523,0.76971,0.76977,2.25,1.50
2012.01.13 15:27:48.791,0.76971,0.76976,2.25,1.13
2012.01.13 15:27:49.140,0.76974,0.76979,1.13,1.50
2012.01.13 15:27:49.219,0.76974,0.76979,1.13,3.00
2012.01.13 15:27:50.067,0.76968,0.76975,4.88,2.25
2012.01.13 15:27:50.982,0.76967,0.76973,3.38,1.13
2012.01.13 15:27:51.688,0.76967,0.76973,3.38,1.13
2012.01.13 15:27:52.245,0.76967,0.76973,3.38,1.88
2012.01.13 15:27:52.326,0.76967,0.76973,2.63,1.13
2012.01.13 15:27:53.080,0.76967,0.76973,3.38,1.13
2012.01.13 15:27:53.572,0.76967,0.76973,3.38,1.13
2012.01.13 15:27:54.547,0.76969,0.76973,2.25,1.13
2012.01.13 15:27:54.973,0.76969,0.76975,4.13,1.13
2012.01.13 15:27:56.049,0.76969,0.76974,1.88,1.50
2012.01.13 15:27:56.159,0.76969,0.76974,2.63,1.50
2012.01.13 15:27:56.656,0.76969,0.76974,1.88,1.50
2012.01.13 15:27:58.353,0.76969,0.76974,1.88,3.00
2012.01.13 15:27:59.281,0.76969,0.76974,1.88,1.50
2012.01.13 15:28:00.820,0.76972,0.76977,1.50,1.88
2012.01.13 15:28:00.908,0.7697,0.76976,1.50,1.50
2012.01.13 15:28:02.438,0.76969,0.76976,1.13,2.10
2012.01.13 15:28:02.814,0.76969,0.76976,2.63,1.50
2012.01.13 15:28:03.314,0.76971,0.76977,1.50,2.63
2012.01.13 15:28:04.022,0.76969,0.76974,1.13,3.00
2012.01.13 15:28:04.179,0.7697,0.76976,1.50,1.50
2012.01.13 15:28:04.791,0.7697,0.76974,1.50,1.50
2012.01.13 15:28:05.446,0.7697,0.76976,2.25,1.50
2012.01.13 15:28:05.886,0.7697,0.76976,4.13,1.50
2012.01.13 15:28:06.389,0.7697,0.76976,3.38,1.50
2012.01.13 15:28:06.977,0.76972,0.76978,1.50,3.38
2012.01.13 15:28:07.684,0.76972,0.76978,1.50,3.38
2012.01.13 15:28:08.532,0.76972,0.76978,1.50,3.98
2012.01.13 15:28:10.294,0.7697,0.76976,2.63,1.50
2012.01.13 15:28:12.262,0.76972,0.76977,1.50,1.13
2012.01.13 15:28:13.237,0.76969,0.76977,2.63,3.38
2012.01.13 15:28:17.681,0.76969,0.76975,2.25,1.13
2012.01.13 15:28:19.092,0.76972,0.76978,1.50,1.35
2012.01.13 15:28:19.640,0.76971,0.76975,1.50,1.13
2012.01.13 15:28:20.185,0.76971,0.76977,2.63,1.50
2012.01.13 15:28:22.809,0.76972,0.76979,1.50,1.88
2012.01.13 15:28:22.958,0.76972,0.76979,1.50,1.88
2012.01.13 15:28:23.105,0.76972,0.76979,1.50,1.88
2012.01.13 15:28:23.605,0.76972,0.76979,1.50,1.88
2012.01.13 15:28:24.512,0.76971,0.76978,1.50,2.25
2012.01.13 15:28:24.631,0.76968,0.76974,2.63,1.50
2012.01.13 15:28:25.132,0.76968,0.76975,1.88,1.13
2012.01.13 15:28:27.991,0.76965,0.76972,1.20,2.63
2012.01.13 15:28:29.790,0.76964,0.76972,2.63,3.38
2012.01.13 15:28:31.460,0.76964,0.76972,4.13,3.38
2012.01.13 15:28:32.743,0.76964,0.76972,3.38,3.38
2012.01.13 15:28:33.566,0.76965,0.76973,2.48,2.63
2012.01.13 15:28:33.728,0.76966,0.76973,1.50,1.13
2012.01.13 15:28:34.289,0.76965,0.76972,1.13,2.25
2012.01.13 15:28:35.170,0.76966,0.76972,1.13,1.50
2012.01.13 15:28:35.259,0.7697,0.76976,1.50,2.63
2012.01.13 15:28:37.191,0.7697,0.76976,1.50,4.73
2012.01.13 15:28:37.543,0.76968,0.76975,2.25,3.00
2012.01.13 15:28:38.322,0.76967,0.76973,3.00,1.50
2012.01.13 15:28:38.876,0.76967,0.76971,3.00,1.13
2012.01.13 15:28:41.521,0.76969,0.76975,1.50,2.25
2012.01.13 15:28:41.847,0.7697,0.76975,1.50,1.88
2012.01.13 15:28:43.182,0.7697,0.76974,1.50,1.88
2012.01.13 15:28:43.681,0.76968,0.76973,1.13,1.50
2012.01.13 15:28:44.515,0.76968,0.76974,2.63,2.63
2012.01.13 15:28:46.250,0.76969,0.76974,1.50,1.13
2012.01.13 15:28:47.915,0.76968,0.76974,3.38,1.13
2012.01.13 15:28:48.023,0.76968,0.76974,1.88,1.13
2012.01.13 15:28:48.513,0.76969,0.76974,2.25,1.13
2012.01.13 15:28:48.864,0.76969,0.76976,2.25,1.88
2012.01.13 15:28:49.635,0.76969,0.76973,1.50,1.50
2012.01.13 15:28:50.600,0.76965,0.76973,1.88,1.50
2012.01.13 15:28:51.274,0.76965,0.76973,1.13,1.50
2012.01.13 15:28:51.786,0.76966,0.76972,1.50,2.25
2012.01.13 15:28:53.394,0.76968,0.76972,1.13,2.25
2012.01.13 15:28:53.898,0.76968,0.76976,1.13,1.88
2012.01.13 15:28:54.404,0.76968,0.76976,1.13,2.48
2012.01.13 15:28:54.910,0.76968,0.76975,2.63,1.13
2012.01.13 15:28:55.257,0.76968,0.76975,2.63,1.13
2012.01.13 15:28:55.952,0.76967,0.76973,1.13,1.13
2012.01.13 15:28:56.443,0.76967,0.76972,1.13,3.00
2012.01.13 15:28:56.797,0.76962,0.76968,3.38,2.63
2012.01.13 15:28:56.874,0.76962,0.76968,2.63,3.38
2012.01.13 15:28:57.502,0.76962,0.76968,2.63,3.38
2012.01.13 15:28:58.054,0.76962,0.76968,2.63,6.38
2012.01.13 15:28:58.683,0.7696,0.76966,1.50,2.63
2012.01.13 15:28:59.675,0.76962,0.76966,1.50,1.13
2012.01.13 15:28:59.951,0.76959,0.76966,2.25,1.13
2012.01.13 15:29:01.888,0.76959,0.76965,2.25,1.50
2012.01.13 15:29:02.821,0.76959,0.76965,1.50,2.25
2012.01.13 15:29:02.904,0.76959,0.76965,2.25,1.50
2012.01.13 15:29:03.411,0.76962,0.76966,1.50,1.13
2012.01.13 15:29:04.426,0.76959,0.76965,2.25,1.50
2012.01.13 15:29:04.977,0.7696,0.76966,2.25,1.13
2012.01.13 15:29:06.181,0.76954,0.76959,1.50,3.38
2012.01.13 15:29:06.406,0.76953,0.76959,3.00,4.13
2012.01.13 15:29:06.766,0.7695,0.76954,2.25,1.50
2012.01.13 15:29:06.847,0.76951,0.76957,1.88,2.25
2012.01.13 15:29:07.062,0.76951,0.76957,2.63,2.25
2012.01.13 15:29:07.862,0.76948,0.76955,1.13,1.13
2012.01.13 15:29:08.480,0.76947,0.76954,1.13,2.25
2012.01.13 15:29:09.045,0.7695,0.76956,2.63,1.50
2012.01.13 15:29:09.636,0.7695,0.76958,2.63,1.13
2012.01.13 15:29:11.824,0.7695,0.76958,3.00,1.13
2012.01.13 15:29:11.976,0.7695,0.76958,2.25,1.13
2012.01.13 15:29:13.274,0.7695,0.76958,3.00,1.13
2012.01.13 15:29:13.869,0.7695,0.76958,3.00,1.13
2012.01.13 15:29:14.000,0.76953,0.76961,1.88,2.63
2012.01.13 15:29:14.670,0.76953,0.76961,1.88,1.50
2012.01.13 15:29:15.373,0.76953,0.7696,1.88,1.50
2012.01.13 15:29:16.210,0.76953,0.76961,1.88,2.25
2012.01.13 15:29:16.293,0.76953,0.76959,2.63,1.50
2012.01.13 15:29:16.995,0.76953,0.76958,1.13,1.50
2012.01.13 15:29:17.070,0.76955,0.76961,2.25,2.63
2012.01.13 15:29:17.959,0.76953,0.76959,1.88,1.50
2012.01.13 15:29:19.835,0.76951,0.76958,3.38,1.13
2012.01.13 15:29:20.342,0.76951,0.76958,3.38,1.13
2012.01.13 15:29:21.190,0.76951,0.76958,3.38,1.13
2012.01.13 15:29:22.403,0.76951,0.76958,3.38,1.13
2012.01.13 15:29:23.045,0.76951,0.76958,3.38,1.13
2012.01.13 15:29:23.643,0.76951,0.76958,3.38,1.13
2012.01.13 15:29:24.200,0.76954,0.7696,2.63,3.38
2012.01.13 15:29:24.773,0.76956,0.76962,1.50,4.13
2012.01.13 15:29:25.338,0.76954,0.76958,1.50,1.50
2012.01.13 15:29:26.244,0.76958,0.76964,2.63,3.38
2012.01.13 15:29:28.586,0.76958,0.76966,3.38,1.50
2012.01.13 15:29:28.664,0.76958,0.76964,3.38,1.13
2012.01.13 15:29:29.532,0.76958,0.76964,3.38,1.13
2012.01.13 15:29:30.091,0.76958,0.76964,2.63,1.13
2012.01.13 15:29:31.412,0.76958,0.76964,3.38,1.13
2012.01.13 15:29:31.567,0.76958,0.76966,3.38,2.63
2012.01.13 15:29:31.791,0.7696,0.76966,1.50,1.13
2012.01.13 15:29:32.793,0.7696,0.76966,1.50,1.88
2012.01.13 15:29:32.872,0.76956,0.76962,3.38,1.13
2012.01.13 15:29:34.641,0.76957,0.76962,1.50,1.13
2012.01.13 15:29:34.792,0.76959,0.76965,1.13,1.88
2012.01.13 15:29:34.934,0.76959,0.76965,1.13,1.88
2012.01.13 15:29:38.084,0.76959,0.76965,1.88,1.13
2012.01.13 15:29:38.903,0.76957,0.76965,1.88,6.38
2012.01.13 15:29:38.978,0.76954,0.76961,1.50,1.13
2012.01.13 15:29:39.547,0.76953,0.76959,1.13,2.25
2012.01.13 15:29:39.638,0.76949,0.76957,3.38,1.13
2012.01.13 15:29:40.350,0.76949,0.76957,2.63,1.13
2012.01.13 15:29:41.339,0.76949,0.76957,3.38,1.13
2012.01.13 15:29:43.392,0.76949,0.76957,2.25,1.13
2012.01.13 15:29:44.359,0.76949,0.76957,2.25,1.13
2012.01.13 15:29:45.054,0.76952,0.76958,1.13,1.13
2012.01.13 15:29:45.346,0.76949,0.76961,1.88,3.00
2012.01.13 15:29:45.433,0.76949,0.76961,1.13,3.00
2012.01.13 15:29:45.992,0.76949,0.76961,5.63,2.25
2012.01.13 15:29:46.729,0.76949,0.76961,6.38,2.25
2012.01.13 15:29:46.818,0.7695,0.76961,2.25,2.63
2012.01.13 15:29:47.316,0.7695,0.76961,1.50,2.63
2012.01.13 15:29:47.942,0.7695,0.76961,2.25,2.63
2012.01.13 15:29:49.475,0.7695,0.76961,1.50,1.88
2012.01.13 15:29:50.089,0.76949,0.7696,3.38,1.35
2012.01.13 15:29:51.703,0.76949,0.7696,5.39,1.35
2012.01.13 15:29:54.540,0.76949,0.76961,6.00,1.13
2012.01.13 15:29:56.593,0.76949,0.76961,6.00,1.13
2012.01.13 15:29:57.156,0.76949,0.76961,2.25,2.48
2012.01.13 15:29:58.183,0.76949,0.76961,3.75,6.38
2012.01.13 15:29:58.322,0.76948,0.7696,3.14,2.85
2012.01.13 15:29:58.602,0.76948,0.7696,3.14,2.85
2012.01.13 15:29:59.444,0.76947,0.76958,2.25,2.10
2012.01.13 15:29:59.532,0.76945,0.76957,2.25,2.85
2012.01.13 15:29:59.765,0.76943,0.76954,8.24,1.50
2012.01.13 15:30:00.900,0.76943,0.76954,6.74,2.25
2012.01.13 15:30:01.200,0.76947,0.76957,3.75,1.50
2012.01.13 15:30:01.763,0.76945,0.76956,1.13,2.25
2012.01.13 15:30:02.044,0.76944,0.76957,1.64,2.25
2012.01.13 15:30:02.615,0.76944,0.76957,1.13,3.75
2012.01.13 15:30:02.751,0.76943,0.76957,1.88,3.75
2012.01.13 15:30:03.286,0.76943,0.76954,1.88,1.50
2012.01.13 15:30:03.645,0.76942,0.76954,9.60,1.50
2012.01.13 15:30:04.348,0.76948,0.76955,1.50,2.25
2012.01.13 15:30:04.848,0.76943,0.76953,1.50,1.13
2012.01.13 15:30:06.809,0.76943,0.76955,2.85,1.13
2012.01.13 15:30:07.694,0.76943,0.76956,2.62,4.50
2012.01.13 15:30:08.575,0.76948,0.76955,1.50,1.13
2012.01.13 15:30:08.662,0.76944,0.76955,1.50,1.13
2012.01.13 15:30:09.201,0.76944,0.76956,1.50,4.50
2012.01.13 15:30:09.910,0.76947,0.76953,1.13,1.13
2012.01.13 15:30:23.924,0.76943,0.76948,1.73,1.13
2012.01.13 15:30:23.998,0.76943,0.76948,2.48,1.13
2012.01.13 15:30:24.081,0.76942,0.76948,1.13,1.13
2012.01.13 15:30:25.119,0.76937,0.76948,2.25,3.38
2012.01.13 15:30:25.760,0.76942,0.76948,1.13,2.25
2012.01.13 15:30:26.682,0.76942,0.76948,1.13,3.75
2012.01.13 15:30:28.951,0.76939,0.76947,1.13,1.13
2012.01.13 15:30:29.511,0.76939,0.76947,1.88,1.13
2012.01.13 15:30:30.629,0.76939,0.76947,1.88,1.13
2012.01.13 15:30:30.778,0.76939,0.76947,1.13,1.88
2012.01.13 15:30:33.734,0.76939,0.76947,1.13,1.88
2012.01.13 15:30:34.283,0.76937,0.76945,1.88,1.13
2012.01.13 15:30:35.098,0.76938,0.76945,1.13,1.13
2012.01.13 15:30:35.716,0.76937,0.76945,1.13,1.88
2012.01.13 15:30:36.155,0.76932,0.76945,17.17,2.63
2012.01.13 15:30:36.679,0.7693,0.76945,1.50,2.63
2012.01.13 15:30:38.887,0.76935,0.76944,1.51,1.50
2012.01.13 15:30:39.868,0.76937,0.76945,1.05,1.88
2012.01.13 15:30:41.643,0.76936,0.76945,1.51,1.88
2012.01.13 15:30:42.169,0.76937,0.76945,1.05,1.88
2012.01.13 15:30:42.384,0.76937,0.76945,1.50,1.88
2012.01.13 15:30:43.537,0.76942,0.7695,1.13,1.88
2012.01.13 15:30:44.033,0.76942,0.7695,1.88,1.88
2012.01.13 15:30:45.244,0.76943,0.7695,1.50,1.13
2012.01.13 15:30:45.318,0.76947,0.76952,1.13,1.13
2012.01.13 15:30:46.986,0.76947,0.76953,4.13,1.13
2012.01.13 15:30:47.096,0.76951,0.76957,1.13,1.13
2012.01.13 15:30:57.185,0.76952,0.7696,1.13,1.88
2012.01.13 15:30:58.892,0.76952,0.7696,1.13,1.88
2012.01.13 15:31:00.707,0.76952,0.7696,1.13,1.88
2012.01.13 15:31:01.267,0.76952,0.7696,1.88,1.13
2012.01.13 15:31:03.340,0.76952,0.7696,1.88,1.13
2012.01.13 15:31:04.268,0.76952,0.7696,1.13,1.88
2012.01.13 15:31:04.781,0.76952,0.7696,2.25,1.13
2012.01.13 15:31:05.323,0.76952,0.7696,2.25,1.13
2012.01.13 15:31:07.574,0.76952,0.7696,2.25,1.13
2012.01.13 15:31:08.118,0.76952,0.7696,2.25,1.88
2012.01.13 15:31:09.784,0.76952,0.7696,2.25,1.13
2012.01.13 15:31:10.342,0.76952,0.7696,2.25,1.13
2012.01.13 15:31:11.590,0.76952,0.7696,1.88,1.88
2012.01.13 15:31:12.927,0.76952,0.76963,2.25,5.48
2012.01.13 15:31:13.530,0.76952,0.7696,2.25,1.13
2012.01.13 15:31:15.926,0.76952,0.7696,1.88,1.13
2012.01.13 15:31:16.075,0.76949,0.76958,6.38,4.13
2012.01.13 15:31:16.223,0.76947,0.76953,3.68,1.13
2012.01.13 15:31:16.360,0.76946,0.76951,1.50,1.13
2012.01.13 15:31:16.914,0.76944,0.76951,1.35,1.13
2012.01.13 15:31:18.243,0.76944,0.76951,1.35,1.13
2012.01.13 15:31:19.235,0.76943,0.76951,3.53,1.13
2012.01.13 15:31:20.421,0.76944,0.76951,1.35,1.13
2012.01.13 15:31:21.801,0.76947,0.76953,1.13,1.13
2012.01.13 15:31:22.792,0.76947,0.76953,1.88,1.13
2012.01.13 15:31:26.617,0.76947,0.76953,1.88,1.13
2012.01.13 15:31:26.808,0.76947,0.76953,1.88,1.13
2012.01.13 15:31:26.945,0.7695,0.76954,1.13,1.50
2012.01.13 15:31:27.360,0.7695,0.76956,1.13,1.50
2012.01.13 15:31:28.090,0.7695,0.76954,1.13,1.50
2012.01.13 15:31:29.702,0.7695,0.76956,1.13,1.13
2012.01.13 15:31:30.573,0.7695,0.76956,1.88,1.13
2012.01.13 15:31:30.981,0.7695,0.76959,1.88,1.13
2012.01.13 15:31:32.386,0.76953,0.76959,1.88,1.13
2012.01.13 15:31:32.953,0.76953,0.76959,1.88,1.13
2012.01.13 15:31:33.513,0.76953,0.76959,1.88,1.13
2012.01.13 15:31:34.040,0.76953,0.76959,1.88,1.13
2012.01.13 15:31:35.476,0.76953,0.76959,1.13,1.13
2012.01.13 15:31:37.670,0.7695,0.76958,2.63,1.13
2012.01.13 15:31:38.296,0.7695,0.76958,1.88,1.13
2012.01.13 15:31:40.841,0.7695,0.76958,1.88,1.13
2012.01.13 15:31:41.351,0.7695,0.76958,1.88,1.88
2012.01.13 15:31:42.629,0.7695,0.76958,1.88,1.13
2012.01.13 15:31:43.128,0.76951,0.76959,1.88,1.88
2012.01.13 15:31:48.723,0.76951,0.76959,1.13,1.88
2012.01.13 15:31:50.204,0.76951,0.76959,1.88,1.88
2012.01.13 15:31:52.226,0.76951,0.76959,1.13,1.88
2012.01.13 15:31:52.793,0.76951,0.76959,1.13,1.13
2012.01.13 15:31:56.067,0.76951,0.76959,1.13,1.88
2012.01.13 15:31:56.621,0.76951,0.76959,1.13,1.13
2012.01.13 15:31:57.168,0.76951,0.76959,1.13,1.88
2012.01.13 15:31:57.643,0.76951,0.76959,1.88,1.13
2012.01.13 15:31:59.971,0.76948,0.76955,4.88,1.13
2012.01.13 15:32:00.123,0.76947,0.76955,2.63,1.88
2012.01.13 15:32:00.200,0.76946,0.76951,4.50,1.13
2012.01.13 15:32:00.814,0.76945,0.76951,3.38,1.13
2012.01.13 15:32:00.894,0.76945,0.76951,1.13,1.88
2012.01.13 15:32:01.737,0.76945,0.76951,1.13,1.88
2012.01.13 15:32:04.341,0.76948,0.76954,1.13,1.88
2012.01.13 15:32:04.655,0.76948,0.76957,2.48,4.50
2012.01.13 15:32:04.741,0.76952,0.76957,1.13,6.00
2012.01.13 15:32:04.893,0.7695,0.76957,2.25,5.25
2012.01.13 15:32:05.704,0.76952,0.76958,2.63,1.13
2012.01.13 15:32:07.231,0.76956,0.76962,1.13,1.88
2012.01.13 15:32:07.714,0.76956,0.76962,1.13,1.13
2012.01.13 15:32:10.441,0.76956,0.76962,1.13,1.88
2012.01.13 15:32:11.496,0.76953,0.76959,1.13,1.13
2012.01.13 15:32:20.016,0.76954,0.7696,1.13,1.88
2012.01.13 15:32:27.630,0.76954,0.7696,1.13,1.88
2012.01.13 15:32:28.145,0.76954,0.7696,1.13,1.88
2012.01.13 15:32:30.841,0.76952,0.7696,1.13,1.88
2012.01.13 15:32:32.070,0.76952,0.7696,1.88,1.13
2012.01.13 15:32:33.184,0.76952,0.7696,1.13,1.13
2012.01.13 15:32:36.337,0.76953,0.76961,1.13,1.88
2012.01.13 15:32:36.891,0.76953,0.76961,1.13,1.88
2012.01.13 15:32:37.896,0.76953,0.76961,1.13,1.88
2012.01.13 15:32:39.206,0.76953,0.76961,1.88,1.13
2012.01.13 15:32:40.024,0.76953,0.76961,1.88,1.88
2012.01.13 15:32:41.004,0.76952,0.7696,1.13,1.13
2012.01.13 15:32:41.981,0.76952,0.7696,1.13,1.88
2012.01.13 15:32:42.723,0.76952,0.7696,1.13,1.50
2012.01.13 15:32:53.578,0.76954,0.7696,1.13,1.13
2012.01.13 15:32:54.419,0.76954,0.7696,2.63,1.13
2012.01.13 15:32:55.382,0.76954,0.7696,1.88,1.13
2012.01.13 15:32:57.011,0.76954,0.7696,2.63,1.13
2012.01.13 15:32:58.902,0.76957,0.76963,1.13,1.13
2012.01.13 15:33:01.767,0.76957,0.76963,1.88,1.13
2012.01.13 15:33:03.378,0.7696,0.76966,1.13,2.85
2012.01.13 15:33:03.513,0.7696,0.76968,1.88,1.13
2012.01.13 15:33:04.025,0.7696,0.76968,2.63,1.13
2012.01.13 15:33:04.741,0.7696,0.76968,3.38,1.13
2012.01.13 15:33:05.231,0.7696,0.76968,1.88,1.88
2012.01.13 15:33:05.726,0.7696,0.76968,1.13,3.38
2012.01.13 15:33:06.539,0.7696,0.76968,1.13,3.38
2012.01.13 15:33:07.091,0.7696,0.76968,1.13,3.38
2012.01.13 15:33:08.084,0.7696,0.76968,1.88,2.63
2012.01.13 15:33:09.077,0.7696,0.76968,1.13,2.25
2012.01.13 15:33:09.895,0.7696,0.76968,1.13,2.25
2012.01.13 15:33:10.190,0.76959,0.76967,1.13,1.88
2012.01.13 15:33:10.753,0.76959,0.76967,1.88,1.13
2012.01.13 15:33:12.083,0.76959,0.76967,1.13,1.88
2012.01.13 15:33:13.761,0.76959,0.76967,1.88,1.88
2012.01.13 15:33:14.636,0.76959,0.76967,1.88,1.13
2012.01.13 15:33:15.236,0.76959,0.76967,1.88,1.13
2012.01.13 15:33:15.736,0.76959,0.76967,1.88,1.13
2012.01.13 15:33:16.271,0.76959,0.76967,1.88,1.13
2012.01.13 15:33:17.143,0.76958,0.76966,1.88,1.13
2012.01.13 15:33:17.734,0.76958,0.76966,1.88,1.13
2012.01.13 15:33:18.271,0.76958,0.76966,1.88,1.13
2012.01.13 15:33:20.001,0.76959,0.76968,1.88,1.50
2012.01.13 15:33:23.914,0.76959,0.76968,1.13,2.25
2012.01.13 15:33:24.445,0.76959,0.76966,1.13,1.50
2012.01.13 15:33:24.592,0.76959,0.76968,1.13,2.25
2012.01.13 15:33:25.259,0.76959,0.76968,1.88,1.50
2012.01.13 15:33:27.153,0.76959,0.76968,1.88,2.25
2012.01.13 15:33:29.294,0.7696,0.76969,1.88,3.75
2012.01.13 15:33:30.520,0.7696,0.76969,1.88,3.00
2012.01.13 15:33:32.819,0.7696,0.76969,1.13,3.00
2012.01.13 15:33:33.378,0.7696,0.76969,1.88,3.00
2012.01.13 15:33:33.925,0.7696,0.76968,1.13,1.50
2012.01.13 15:33:34.544,0.7696,0.76969,1.88,7.13
2012.01.13 15:33:35.509,0.7696,0.76969,1.88,2.63
2012.01.13 15:33:36.194,0.7696,0.76969,1.13,3.38
2012.01.13 15:33:36.270,0.7696,0.76969,1.88,1.88
2012.01.13 15:33:36.824,0.7696,0.76969,1.88,5.48
2012.01.13 15:33:37.549,0.7696,0.76969,1.88,5.48
2012.01.13 15:33:38.365,0.7696,0.76969,1.88,3.98
2012.01.13 15:33:39.222,0.7696,0.76969,1.88,4.35
2012.01.13 15:33:40.042,0.76959,0.76968,1.88,1.50
2012.01.13 15:33:40.111,0.76959,0.76968,1.88,1.50
2012.01.13 15:33:40.381,0.76959,0.76966,1.88,1.88
2012.01.13 15:33:41.217,0.76959,0.76966,1.88,1.13
2012.01.13 15:33:41.730,0.76959,0.76966,1.88,1.88
2012.01.13 15:33:42.308,0.76959,0.76966,1.13,1.88
2012.01.13 15:33:43.484,0.76959,0.76966,1.88,1.88
2012.01.13 15:33:44.284,0.7696,0.76969,1.88,1.50
2012.01.13 15:33:44.353,0.7696,0.76969,1.88,1.50
2012.01.13 15:33:44.925,0.7696,0.76969,1.88,1.50
2012.01.13 15:33:46.891,0.7696,0.76969,1.88,1.88
2012.01.13 15:33:47.452,0.7696,0.76969,1.88,3.98
2012.01.13 15:33:48.688,0.7696,0.76969,1.88,1.88
2012.01.13 15:33:49.841,0.7696,0.76969,1.88,3.38
2012.01.13 15:33:50.484,0.7696,0.76969,1.88,3.38
2012.01.13 15:33:51.034,0.7696,0.76969,2.25,2.63
2012.01.13 15:33:54.670,0.7696,0.76967,1.88,1.13
2012.01.13 15:33:56.072,0.7696,0.76967,1.13,1.88
2012.01.13 15:33:56.572,0.7696,0.76967,1.13,1.13
2012.01.13 15:33:57.950,0.7696,0.76967,1.13,1.88
2012.01.13 15:33:58.304,0.7696,0.76967,1.13,1.88
2012.01.13 15:33:58.373,0.7696,0.76967,1.13,1.88
2012.01.13 15:33:58.584,0.7696,0.76966,1.13,1.50
2012.01.13 15:33:59.201,0.7696,0.76967,1.13,1.88
2012.01.13 15:34:01.177,0.7696,0.76966,1.13,1.50
2012.01.13 15:34:01.720,0.76959,0.76966,1.88,1.88
2012.01.13 15:34:02.240,0.76959,0.76966,1.88,1.13
2012.01.13 15:34:03.923,0.76959,0.76966,1.88,1.13
2012.01.13 15:34:07.128,0.7696,0.76969,1.88,1.88
2012.01.13 15:34:11.807,0.76963,0.76971,1.88,3.00
2012.01.13 15:34:12.352,0.76963,0.76972,1.88,4.88
2012.01.13 15:34:12.898,0.76963,0.7697,1.88,1.50
2012.01.13 15:34:13.105,0.76963,0.76972,1.88,1.13
2012.01.13 15:34:13.883,0.76963,0.76972,1.88,1.88
2012.01.13 15:34:14.079,0.76963,0.76972,1.88,1.13
2012.01.13 15:34:14.600,0.76963,0.76972,1.88,1.13
2012.01.13 15:34:15.121,0.76963,0.76972,1.88,1.13
2012.01.13 15:34:16.079,0.76963,0.76972,1.88,1.50
2012.01.13 15:34:16.160,0.76963,0.76972,1.88,1.50
2012.01.13 15:34:17.440,0.76966,0.76972,1.13,1.13
2012.01.13 15:34:18.994,0.76962,0.76971,3.23,1.13
2012.01.13 15:34:19.122,0.76966,0.76971,1.13,1.13
2012.01.13 15:34:20.217,0.76966,0.76972,1.13,1.50
2012.01.13 15:34:20.765,0.76966,0.76973,1.88,1.13
2012.01.13 15:34:21.927,0.76966,0.76973,1.13,1.88
2012.01.13 15:34:22.963,0.76966,0.76973,1.13,1.88
2012.01.13 15:34:23.179,0.76966,0.76973,1.13,1.88
2012.01.13 15:34:28.291,0.76966,0.76972,1.13,1.50
2012.01.13 15:34:29.375,0.76966,0.76972,1.13,2.25
2012.01.13 15:34:31.491,0.76966,0.76973,1.13,1.88
2012.01.13 15:34:32.001,0.76966,0.76973,1.13,1.88
2012.01.13 15:34:32.349,0.76966,0.76972,1.13,3.75
2012.01.13 15:34:32.885,0.76963,0.7697,1.13,3.98
2012.01.13 15:34:33.048,0.76961,0.76969,1.88,1.13
2012.01.13 15:34:34.234,0.76961,0.7697,1.88,2.63
2012.01.13 15:34:34.312,0.76961,0.7697,1.13,1.88
2012.01.13 15:34:34.604,0.76967,0.76973,1.88,1.50
2012.01.13 15:34:34.673,0.76969,0.76974,1.88,1.50
2012.01.13 15:34:34.817,0.76969,0.76976,1.88,1.13
2012.01.13 15:34:34.963,0.76969,0.76976,1.88,1.13
2012.01.13 15:34:36.034,0.76964,0.76972,1.88,1.50
2012.01.13 15:34:36.113,0.76963,0.76969,1.50,1.13
2012.01.13 15:34:36.618,0.76962,0.76969,1.88,1.88
2012.01.13 15:34:37.321,0.76962,0.76969,1.88,2.63
2012.01.13 15:34:37.684,0.76958,0.76969,1.50,2.63
2012.01.13 15:34:38.339,0.76962,0.76969,1.13,1.88
2012.01.13 15:34:40.783,0.76962,0.76969,1.13,1.88
2012.01.13 15:34:41.347,0.76962,0.76969,1.13,1.88
2012.01.13 15:34:41.864,0.76961,0.76968,1.13,1.88
2012.01.13 15:34:42.790,0.76961,0.76968,1.13,1.88
2012.01.13 15:34:43.274,0.76964,0.7697,1.13,2.25
2012.01.13 15:34:44.034,0.76964,0.7697,1.13,1.50
2012.01.13 15:34:44.127,0.76959,0.76968,1.88,1.13
2012.01.13 15:34:48.347,0.76959,0.76968,1.13,5.63
2012.01.13 15:34:48.880,0.76959,0.76968,1.88,1.88
2012.01.13 15:34:49.559,0.76959,0.76968,1.88,1.88
2012.01.13 15:34:50.068,0.76959,0.76968,1.88,1.13
2012.01.13 15:34:50.653,0.76959,0.76968,1.88,1.88
2012.01.13 15:34:51.460,0.76959,0.76966,1.88,1.13
2012.01.13 15:34:53.064,0.76965,0.76973,1.88,1.50
2012.01.13 15:34:53.136,0.76965,0.76974,1.13,2.25
2012.01.13 15:34:53.691,0.76965,0.76974,1.88,2.10
2012.01.13 15:34:53.895,0.76965,0.76974,1.13,3.60
2012.01.13 15:34:54.046,0.76962,0.76971,3.00,1.88
2012.01.13 15:34:54.262,0.76962,0.76971,1.50,3.38
2012.01.13 15:34:54.932,0.76962,0.7697,1.50,1.50
2012.01.13 15:34:56.071,0.76958,0.76967,7.27,1.88
2012.01.13 15:34:56.218,0.76958,0.76967,1.88,1.88
2012.01.13 15:34:56.363,0.76961,0.7697,1.88,9.00
2012.01.13 15:34:56.875,0.76963,0.76973,1.51,6.38
2012.01.13 15:34:56.964,0.76962,0.76973,3.38,1.88
2012.01.13 15:34:57.033,0.76962,0.76973,3.38,1.88
2012.01.13 15:34:57.687,0.76962,0.76973,1.88,1.88
2012.01.13 15:35:01.249,0.76962,0.76973,2.25,1.88
2012.01.13 15:35:03.421,0.76966,0.76974,4.50,2.48
2012.01.13 15:35:03.912,0.76966,0.76975,5.55,1.88
2012.01.13 15:35:04.270,0.76966,0.7697,2.55,1.13
2012.01.13 15:35:06.060,0.76963,0.76967,2.63,1.13
2012.01.13 15:35:06.180,0.7696,0.76967,1.13,3.38
2012.01.13 15:35:06.423,0.7696,0.76967,1.13,1.88
2012.01.13 15:35:06.969,0.76957,0.76967,2.25,1.88
2012.01.13 15:35:09.203,0.76954,0.76961,10.73,1.13
2012.01.13 15:35:09.308,0.76954,0.76961,1.13,1.88
2012.01.13 15:35:10.072,0.76951,0.76961,2.02,1.88
2012.01.13 15:35:11.062,0.76949,0.76961,2.93,4.73
2012.01.13 15:35:11.573,0.76949,0.76958,1.13,1.88
2012.01.13 15:35:12.115,0.76949,0.76958,1.43,1.88
2012.01.13 15:35:12.897,0.76944,0.76957,12.59,1.13
2012.01.13 15:35:12.993,0.76944,0.76957,6.37,1.13
2012.01.13 15:35:13.209,0.76944,0.76957,4.50,6.98
2012.01.13 15:35:13.283,0.76944,0.76957,5.02,6.98
2012.01.13 15:35:13.557,0.76944,0.76957,5.62,4.88
2012.01.13 15:35:14.113,0.76945,0.76957,1.12,1.88
2012.01.13 15:35:14.779,0.76947,0.76958,1.13,4.73
2012.01.13 15:35:14.866,0.76949,0.76958,2.10,2.63
2012.01.13 15:35:16.209,0.76949,0.76958,2.10,2.63
2012.01.13 15:35:16.566,0.76948,0.76958,8.24,2.63
2012.01.13 15:35:17.199,0.76948,0.76958,6.75,1.88
2012.01.13 15:35:17.778,0.76949,0.76958,5.77,1.88
2012.01.13 15:35:18.381,0.76949,0.76958,8.77,1.88
2012.01.13 15:35:19.726,0.76953,0.76962,1.13,4.13
2012.01.13 15:35:19.870,0.76953,0.76962,1.13,4.13
2012.01.13 15:35:20.427,0.76953,0.76959,1.13,1.50
2012.01.13 15:35:20.718,0.76944,0.76953,1.88,1.88
2012.01.13 15:35:21.511,0.76945,0.76951,1.13,1.88
2012.01.13 15:35:23.629,0.76937,0.76947,3.52,1.88
2012.01.13 15:35:24.073,0.76936,0.76942,6.00,1.88
2012.01.13 15:35:24.146,0.76933,0.76942,5.26,1.88
2012.01.13 15:35:24.369,0.76931,0.76942,2.25,3.38
2012.01.13 15:35:24.517,0.76934,0.76942,2.63,1.13
2012.01.13 15:35:25.252,0.76933,0.76942,2.25,1.88
2012.01.13 15:35:26.430,0.76933,0.76942,2.25,1.88
2012.01.13 15:35:27.994,0.76932,0.76942,6.14,1.88
2012.01.13 15:35:28.538,0.76932,0.76942,7.50,1.88
2012.01.13 15:35:29.602,0.76934,0.7694,1.13,1.88
2012.01.13 15:35:31.789,0.76934,0.7694,1.13,1.88
2012.01.13 15:35:33.248,0.76935,0.7694,1.35,1.88
2012.01.13 15:35:33.825,0.76937,0.76945,2.85,3.00
2012.01.13 15:35:33.941,0.76939,0.76946,2.25,1.13
2012.01.13 15:35:34.294,0.76945,0.76951,1.13,3.75
2012.01.13 15:35:34.361,0.76945,0.76951,1.13,5.25
2012.01.13 15:35:37.404,0.76949,0.76955,1.13,1.13
2012.01.13 15:35:37.828,0.76945,0.76951,2.25,1.13
2012.01.13 15:35:38.621,0.76944,0.76951,1.88,1.13
2012.01.13 15:35:39.987,0.76944,0.76951,1.88,1.13
2012.01.13 15:35:44.503,0.76944,0.76952,1.88,1.13
2012.01.13 15:35:46.072,0.76944,0.76952,1.13,1.13
2012.01.13 15:35:50.230,0.76943,0.76951,1.88,1.13
2012.01.13 15:35:51.887,0.76943,0.76951,2.25,1.13
2012.01.13 15:35:52.822,0.76943,0.76951,2.25,1.13
2012.01.13 15:35:53.993,0.76943,0.76951,2.25,1.13
2012.01.13 15:35:56.027,0.76943,0.76951,1.88,1.13
2012.01.13 15:36:02.600,0.76944,0.76952,1.88,1.13
2012.01.13 15:36:04.886,0.76944,0.76952,1.88,1.13
2012.01.13 15:36:14.013,0.76945,0.76952,2.10,1.88
2012.01.13 15:36:14.104,0.76949,0.76955,1.88,1.13
2012.01.13 15:36:14.182,0.76949,0.76958,1.88,1.50
2012.01.13 15:36:14.753,0.76949,0.7696,4.73,1.13
2012.01.13 15:36:14.829,0.76953,0.76959,1.88,1.13
2012.01.13 15:36:15.576,0.76953,0.76961,1.88,2.25
2012.01.13 15:36:16.083,0.76953,0.76959,1.88,1.13
2012.01.13 15:36:17.242,0.76953,0.76963,1.88,3.75
2012.01.13 15:36:18.087,0.76953,0.76959,1.88,1.13
2012.01.13 15:36:18.682,0.76953,0.76959,1.88,1.13
2012.01.13 15:36:24.599,0.76953,0.76959,1.88,1.13
2012.01.13 15:36:24.887,0.7695,0.76961,1.88,3.00
2012.01.13 15:36:25.036,0.7695,0.76961,1.88,3.00
2012.01.13 15:36:25.919,0.7695,0.76956,1.88,1.13
2012.01.13 15:36:28.204,0.7695,0.76956,1.88,1.13
2012.01.13 15:36:28.763,0.7695,0.76961,1.88,1.50
2012.01.13 15:36:30.393,0.7695,0.76961,3.38,1.50
2012.01.13 15:36:30.724,0.76952,0.76958,1.88,1.13
2012.01.13 15:36:32.407,0.76952,0.76961,1.88,1.50
2012.01.13 15:36:32.696,0.76952,0.76958,1.88,1.13
2012.01.13 15:36:32.780,0.76948,0.76953,9.60,1.13
2012.01.13 15:36:32.854,0.76948,0.76953,2.25,1.13
2012.01.13 15:36:33.656,0.76947,0.76953,1.88,1.13
2012.01.13 15:36:34.222,0.76947,0.76953,1.88,1.13
2012.01.13 15:36:34.502,0.76947,0.76953,1.88,1.13
2012.01.13 15:36:34.775,0.76947,0.76953,1.88,1.13
2012.01.13 15:36:35.343,0.76947,0.76953,1.88,2.63
2012.01.13 15:36:35.418,0.76944,0.7695,1.88,1.13
2012.01.13 15:36:36.311,0.76944,0.7695,1.88,1.13
2012.01.13 15:36:37.430,0.76944,0.7695,1.88,1.13
2012.01.13 15:36:37.806,0.76944,0.76955,1.88,4.50
2012.01.13 15:36:38.299,0.76947,0.76955,2.63,1.13
2012.01.13 15:36:38.927,0.76948,0.76955,1.50,1.13
2012.01.13 15:36:39.042,0.7695,0.76959,1.50,1.50
2012.01.13 15:36:39.537,0.76949,0.76955,1.13,1.13
2012.01.13 15:36:40.924,0.7695,0.7696,1.50,1.13
2012.01.13 15:36:41.471,0.7695,0.7696,1.50,1.13
2012.01.13 15:36:42.206,0.7695,0.7696,1.50,1.88
2012.01.13 15:36:42.772,0.7695,0.7696,1.50,1.13
2012.01.13 15:36:43.292,0.7695,0.76955,1.50,1.13
2012.01.13 15:36:45.025,0.7695,0.76956,2.63,1.13
2012.01.13 15:36:45.542,0.7695,0.76956,1.88,1.13
2012.01.13 15:36:46.060,0.7695,0.76956,1.88,1.13
2012.01.13 15:36:46.580,0.7695,0.76956,1.88,1.13
2012.01.13 15:36:50.700,0.7695,0.76956,1.88,1.13
2012.01.13 15:36:51.433,0.7695,0.76961,1.88,8.85
2012.01.13 15:36:52.250,0.7695,0.76956,1.88,1.13
2012.01.13 15:36:55.610,0.76953,0.76961,1.50,5.63
2012.01.13 15:36:56.220,0.76953,0.76961,2.25,1.13
2012.01.13 15:36:56.558,0.76956,0.76963,1.88,2.10
2012.01.13 15:36:56.644,0.76956,0.76963,1.88,2.10
2012.01.13 15:36:57.538,0.76956,0.76964,1.13,6.23
2012.01.13 15:36:58.119,0.76956,0.76962,1.88,2.10
2012.01.13 15:36:58.337,0.76956,0.76963,1.88,1.35
2012.01.13 15:36:58.993,0.76956,0.76964,1.88,2.63
2012.01.13 15:36:59.227,0.76953,0.76959,2.63,1.13
2012.01.13 15:37:00.416,0.76953,0.76964,1.88,6.60
2012.01.13 15:37:00.928,0.76953,0.76959,1.88,1.13
2012.01.13 15:37:01.864,0.76953,0.76959,2.63,1.13
2012.01.13 15:37:02.729,0.76953,0.76959,2.63,1.13
2012.01.13 15:37:03.016,0.76953,0.76959,2.63,1.13
2012.01.13 15:37:03.590,0.76953,0.76959,2.63,1.13
2012.01.13 15:37:04.357,0.76953,0.76959,2.63,1.13
2012.01.13 15:37:04.892,0.76953,0.76959,1.88,1.13
2012.01.13 15:37:05.379,0.76953,0.76961,1.88,1.13
2012.01.13 15:37:08.454,0.76958,0.76964,1.13,3.23
2012.01.13 15:37:08.804,0.76954,0.7696,1.88,1.13
2012.01.13 15:37:14.299,0.76954,0.7696,1.13,1.88
2012.01.13 15:37:14.464,0.76949,0.76958,4.88,2.85
2012.01.13 15:37:14.690,0.76948,0.76957,2.63,1.50
2012.01.13 15:37:15.424,0.76947,0.76955,2.25,1.50
2012.01.13 15:37:15.596,0.76945,0.76955,1.50,1.50
2012.01.13 15:37:16.336,0.76945,0.76957,1.13,6.98
2012.01.13 15:37:16.411,0.76948,0.76957,1.13,3.23
2012.01.13 15:37:19.500,0.76948,0.76954,5.48,1.13
2012.01.13 15:37:19.600,0.7695,0.76958,1.50,5.25
2012.01.13 15:37:20.103,0.7695,0.76958,2.25,2.63
2012.01.13 15:37:22.587,0.7695,0.76958,1.13,1.88
2012.01.13 15:37:23.995,0.76947,0.76955,1.88,1.13
2012.01.13 15:37:24.683,0.76947,0.76955,1.88,1.13
2012.01.13 15:37:25.385,0.76947,0.76955,1.13,1.13
2012.01.13 15:37:26.671,0.76947,0.76955,1.88,1.13
2012.01.13 15:37:27.217,0.76947,0.76955,2.63,1.13
2012.01.13 15:37:29.175,0.76947,0.76955,2.25,1.13
2012.01.13 15:37:29.856,0.76947,0.76955,2.25,1.13
2012.01.13 15:37:30.157,0.76947,0.76955,2.25,1.13
2012.01.13 15:37:30.697,0.76947,0.76955,2.25,1.13
2012.01.13 15:37:33.150,0.76947,0.76955,1.88,1.88
2012.01.13 15:37:35.025,0.76949,0.76955,1.13,1.13
2012.01.13 15:37:36.784,0.76949,0.76955,1.13,1.88
2012.01.13 15:37:37.143,0.76944,0.76955,2.63,1.88
2012.01.13 15:37:37.847,0.76949,0.76955,1.13,1.88
2012.01.13 15:37:41.074,0.76947,0.76956,1.13,2.25
2012.01.13 15:37:41.720,0.76947,0.76956,1.88,1.50
2012.01.13 15:37:46.611,0.76947,0.76953,1.88,1.13
2012.01.13 15:37:53.262,0.76949,0.76957,2.25,2.25
2012.01.13 15:37:53.351,0.76953,0.76959,1.88,1.13
2012.01.13 15:37:54.785,0.76953,0.76959,1.88,1.13
2012.01.13 15:37:58.065,0.76954,0.76961,1.88,1.13
2012.01.13 15:37:58.616,0.76954,0.76961,1.88,1.13
2012.01.13 15:37:59.131,0.76954,0.76961,1.88,1.13
2012.01.13 15:38:00.808,0.76954,0.76961,1.88,1.13
2012.01.13 15:38:01.355,0.76954,0.76961,1.88,1.13
2012.01.13 15:38:03.766,0.76956,0.76964,1.13,2.25
2012.01.13 15:38:03.850,0.76956,0.76964,1.88,1.50
2012.01.13 15:38:04.435,0.76956,0.76965,3.75,1.13
2012.01.13 15:38:06.313,0.76959,0.76966,1.88,1.13
2012.01.13 15:38:06.418,0.76956,0.76966,1.88,3.22
2012.01.13 15:38:06.719,0.76956,0.76965,1.88,6.98
2012.01.13 15:38:07.678,0.76956,0.76965,1.13,10.28
2012.01.13 15:38:08.039,0.76956,0.76964,1.13,2.85
2012.01.13 15:38:11.487,0.76954,0.76963,1.88,1.50
2012.01.13 15:38:16.437,0.76956,0.76963,1.13,1.50
2012.01.13 15:38:19.423,0.76956,0.76963,1.88,1.50
2012.01.13 15:38:20.134,0.76956,0.76963,1.88,1.50
2012.01.13 15:38:26.651,0.76959,0.76965,1.13,1.80
2012.01.13 15:38:26.946,0.76959,0.76968,2.48,4.13
2012.01.13 15:38:27.258,0.76961,0.76969,1.50,2.48
2012.01.13 15:38:27.428,0.76961,0.76969,1.88,1.35
2012.01.13 15:38:28.090,0.76961,0.76969,1.13,3.60
2012.01.13 15:38:28.657,0.76961,0.7697,1.88,3.38
2012.01.13 15:38:29.625,0.76961,0.76968,1.13,1.13
2012.01.13 15:38:30.176,0.76961,0.76968,1.88,1.13
2012.01.13 15:38:30.749,0.76961,0.76968,1.13,1.13
2012.01.13 15:38:38.951,0.76961,0.76968,1.88,1.13
2012.01.13 15:38:39.517,0.76961,0.76968,1.88,1.13
2012.01.13 15:38:42.333,0.76963,0.76971,1.13,1.88
2012.01.13 15:38:45.058,0.7696,0.76966,6.76,1.13
2012.01.13 15:38:45.277,0.76959,0.76966,1.88,2.63
2012.01.13 15:38:45.627,0.76959,0.76966,1.13,2.63
2012.01.13 15:38:47.168,0.76959,0.76966,1.13,1.88
2012.01.13 15:38:47.899,0.76959,0.76966,1.13,1.88
2012.01.13 15:38:49.675,0.76959,0.76966,1.88,1.13
2012.01.13 15:38:50.860,0.76959,0.76969,1.88,4.13
2012.01.13 15:38:50.990,0.76959,0.76966,1.88,1.13
2012.01.13 15:38:51.523,0.76959,0.76966,1.88,1.13
2012.01.13 15:38:52.138,0.76961,0.76968,1.88,1.13
2012.01.13 15:38:53.416,0.76961,0.76968,1.88,1.13
2012.01.13 15:38:54.934,0.76961,0.76968,1.88,1.13
2012.01.13 15:39:01.275,0.76962,0.76969,1.13,1.13
2012.01.13 15:39:01.833,0.76962,0.76969,1.13,4.13
2012.01.13 15:39:03.226,0.76961,0.76969,1.88,3.00
2012.01.13 15:39:07.115,0.76961,0.76969,1.13,1.13
2012.01.13 15:39:09.186,0.76961,0.7697,1.88,1.13
2012.01.13 15:39:09.824,0.76961,0.76971,1.88,3.00
2012.01.13 15:39:11.083,0.76961,0.76971,1.88,2.25
2012.01.13 15:39:11.962,0.76961,0.76971,1.88,3.00
2012.01.13 15:39:12.526,0.76961,0.76971,1.88,3.00
2012.01.13 15:39:13.091,0.76961,0.76969,1.88,3.00
2012.01.13 15:39:13.910,0.76961,0.7697,1.88,3.00
2012.01.13 15:39:14.439,0.76961,0.76971,1.88,4.50
2012.01.13 15:39:14.570,0.76961,0.76971,1.88,6.00
2012.01.13 15:39:15.213,0.76961,0.76971,1.88,3.75
2012.01.13 15:39:16.021,0.76961,0.76971,1.88,1.50
2012.01.13 15:39:16.900,0.76961,0.76971,1.88,1.50
2012.01.13 15:39:18.045,0.76964,0.76972,1.88,1.50
2012.01.13 15:39:19.412,0.76964,0.76971,1.13,1.13
2012.01.13 15:39:21.964,0.76964,0.76972,1.88,1.50
2012.01.13 15:39:22.503,0.76964,0.76972,1.88,1.13
2012.01.13 15:39:23.926,0.76964,0.76972,1.88,1.13
2012.01.13 15:39:24.783,0.76964,0.76972,1.88,1.13
2012.01.13 15:39:25.299,0.76963,0.76973,1.88,3.60
2012.01.13 15:39:26.123,0.76963,0.76973,1.88,5.10
2012.01.13 15:39:26.909,0.76963,0.76973,1.88,5.10
2012.01.13 15:39:27.099,0.76963,0.76973,1.88,5.10
2012.01.13 15:39:29.113,0.76963,0.76971,1.88,1.50
2012.01.13 15:39:29.665,0.76963,0.76971,1.13,3.00
2012.01.13 15:39:30.459,0.76967,0.76972,1.13,3.38
2012.01.13 15:39:30.681,0.76967,0.76974,1.88,1.13
2012.01.13 15:39:30.763,0.76967,0.76975,1.88,1.13
2012.01.13 15:39:31.118,0.76967,0.76975,1.13,2.72
2012.01.13 15:39:32.050,0.76967,0.76975,1.13,6.10
2012.01.13 15:39:32.611,0.76967,0.76975,1.13,4.60
2012.01.13 15:39:33.162,0.76967,0.76974,1.13,1.13
2012.01.13 15:39:33.493,0.76967,0.76974,1.13,1.37
2012.01.13 15:39:34.221,0.76967,0.76974,1.13,1.13
2012.01.13 15:39:38.013,0.76967,0.76974,1.13,1.75
2012.01.13 15:39:39.049,0.76967,0.76974,1.88,1.75
2012.01.13 15:39:40.089,0.76967,0.76975,1.88,4.60
2012.01.13 15:39:40.419,0.76967,0.76975,1.88,5.35
2012.01.13 15:39:41.123,0.76967,0.76974,1.13,1.75
2012.01.13 15:39:41.630,0.76966,0.76974,1.13,1.75
2012.01.13 15:39:42.338,0.76965,0.76973,1.13,1.88
2012.01.13 15:39:45.731,0.76963,0.76969,1.13,1.13
2012.01.13 15:39:49.015,0.76962,0.76969,1.50,1.13
2012.01.13 15:39:50.914,0.76961,0.76967,3.00,1.13
2012.01.13 15:39:51.776,0.76961,0.76967,1.50,1.13
2012.01.13 15:39:52.394,0.76958,0.76964,2.63,1.13
2012.01.13 15:39:52.600,0.76958,0.76964,1.88,1.13
2012.01.13 15:39:53.634,0.76958,0.76964,2.63,1.13
2012.01.13 15:39:54.840,0.76958,0.76964,1.88,1.13
2012.01.13 15:39:55.601,0.76958,0.76964,1.88,1.13
2012.01.13 15:39:56.564,0.76958,0.76964,4.13,1.13
2012.01.13 15:39:59.815,0.76961,0.76967,1.88,1.13
2012.01.13 15:40:00.645,0.76961,0.76967,1.88,1.13
2012.01.13 15:40:02.455,0.76962,0.76967,2.25,1.13
2012.01.13 15:40:04.286,0.76964,0.76971,5.77,1.13
2012.01.13 15:40:04.346,0.76967,0.76973,2.48,1.88
2012.01.13 15:40:04.462,0.7697,0.76974,1.13,1.50
2012.01.13 15:40:04.552,0.7697,0.76978,1.13,1.88
2012.01.13 15:40:05.103,0.7697,0.76978,1.88,1.88
2012.01.13 15:40:06.957,0.7697,0.76978,1.88,1.13
2012.01.13 15:40:07.626,0.7697,0.76978,1.13,1.88
2012.01.13 15:40:09.394,0.7697,0.76978,1.13,1.88
2012.01.13 15:40:10.853,0.7697,0.76978,1.13,1.88
2012.01.13 15:40:10.927,0.76967,0.76975,2.85,3.00
2012.01.13 15:40:11.009,0.76967,0.76973,2.85,1.50
2012.01.13 15:40:11.790,0.76965,0.76973,1.73,2.25
2012.01.13 15:40:11.879,0.76969,0.76976,1.13,1.88
2012.01.13 15:40:14.455,0.76969,0.76976,1.13,2.25
2012.01.13 15:40:15.626,0.76969,0.76976,1.13,1.88
2012.01.13 15:40:16.185,0.76969,0.76977,1.13,1.50
2012.01.13 15:40:18.912,0.76967,0.76976,1.13,3.38
2012.01.13 15:40:22.422,0.76966,0.76973,1.88,1.13
2012.01.13 15:40:22.498,0.76966,0.76973,1.88,1.13
2012.01.13 15:40:23.323,0.76966,0.76973,1.88,1.13
2012.01.13 15:40:23.922,0.76966,0.76973,1.13,1.13
2012.01.13 15:40:25.562,0.76966,0.7697,1.88,1.50
2012.01.13 15:40:27.724,0.76966,0.76973,1.88,1.50
2012.01.13 15:40:33.944,0.76965,0.76973,3.38,1.50
2012.01.13 15:40:34.158,0.76969,0.76975,1.13,2.63
2012.01.13 15:40:35.318,0.7697,0.76976,1.50,2.63
2012.01.13 15:40:36.080,0.7697,0.76976,2.25,2.63
2012.01.13 15:40:36.829,0.7697,0.76976,1.50,2.63
2012.01.13 15:40:37.372,0.7697,0.76975,1.88,1.13
2012.01.13 15:40:37.983,0.7697,0.76976,3.00,1.50
2012.01.13 15:40:38.697,0.76971,0.76976,1.13,1.50
2012.01.13 15:40:39.192,0.76971,0.76976,1.50,1.50
2012.01.13 15:40:39.539,0.76971,0.76979,3.75,1.50
2012.01.13 15:40:40.357,0.76971,0.76978,2.63,1.13
2012.01.13 15:40:40.852,0.76971,0.76979,2.63,2.63
2012.01.13 15:40:44.225,0.76971,0.76979,3.00,2.63
2012.01.13 15:40:44.764,0.76973,0.76979,1.13,1.50
2012.01.13 15:40:45.832,0.76973,0.76979,1.13,2.25
2012.01.13 15:40:45.906,0.7697,0.76976,4.73,1.50
2012.01.13 15:40:50.843,0.76973,0.76978,1.88,1.50
2012.01.13 15:40:51.954,0.76973,0.76978,1.88,1.50
2012.01.13 15:40:52.505,0.76973,0.76978,1.13,1.50
2012.01.13 15:40:54.632,0.76972,0.76978,4.88,1.50
2012.01.13 15:40:54.777,0.76974,0.76981,2.63,1.13
2012.01.13 15:40:55.383,0.76974,0.76982,2.63,1.50
2012.01.13 15:40:55.486,0.76976,0.7698,1.88,1.50
2012.01.13 15:40:55.574,0.76976,0.76983,2.63,1.50
2012.01.13 15:40:55.650,0.76976,0.76985,6.38,1.13
2012.01.13 15:40:55.796,0.76977,0.76985,2.25,2.63
2012.01.13 15:40:56.143,0.76982,0.76989,1.88,3.38
2012.01.13 15:40:56.287,0.76982,0.76987,1.13,1.50
2012.01.13 15:40:57.172,0.76983,0.76989,2.25,2.63
2012.01.13 15:40:58.003,0.76983,0.76989,2.25,2.63
2012.01.13 15:40:58.843,0.76983,0.76989,2.25,2.63
2012.01.13 15:40:59.390,0.76983,0.76989,2.25,2.63
2012.01.13 15:41:00.771,0.76983,0.76989,1.50,2.63
2012.01.13 15:41:02.958,0.76983,0.76989,2.63,2.25
2012.01.13 15:41:03.522,0.76983,0.76987,1.13,1.50
2012.01.13 15:41:04.978,0.76979,0.76985,4.50,1.50
2012.01.13 15:41:05.268,0.76983,0.76987,1.13,2.25
2012.01.13 15:41:06.020,0.76983,0.76988,1.13,2.25
2012.01.13 15:41:06.099,0.76979,0.76986,1.50,2.25
2012.01.13 15:41:06.583,0.76983,0.76988,1.13,2.25
2012.01.13 15:41:07.112,0.76983,0.76988,1.13,2.25
2012.01.13 15:41:10.785,0.76982,0.76986,1.13,1.50
2012.01.13 15:41:10.866,0.76978,0.76986,1.88,2.25
2012.01.13 15:41:10.946,0.76978,0.76986,1.88,4.88
2012.01.13 15:41:11.034,0.76978,0.76986,1.50,4.88
2012.01.13 15:41:11.321,0.76977,0.76984,1.13,2.25
2012.01.13 15:41:12.066,0.76977,0.76984,1.13,2.25
2012.01.13 15:41:12.566,0.76977,0.76984,1.88,1.50
2012.01.13 15:41:16.436,0.76977,0.76984,1.88,1.50
2012.01.13 15:41:21.501,0.76979,0.76984,1.13,1.50
2012.01.13 15:41:29.323,0.76978,0.76984,1.88,1.50
2012.01.13 15:41:30.722,0.76978,0.76982,1.13,1.50
2012.01.13 15:41:31.261,0.76978,0.76983,1.13,1.50
2012.01.13 15:41:44.573,0.76978,0.76983,1.13,2.25
2012.01.13 15:41:45.436,0.76978,0.76984,1.50,1.13
2012.01.13 15:41:45.656,0.76976,0.76984,1.50,4.13
2012.01.13 15:41:46.211,0.76976,0.76984,2.25,3.38
2012.01.13 15:41:48.474,0.76976,0.76984,1.50,4.13
2012.01.13 15:41:50.087,0.76976,0.76984,1.88,3.38
2012.01.13 15:41:50.162,0.76978,0.76984,1.13,2.25
2012.01.13 15:41:53.307,0.76978,0.76985,2.63,1.88
2012.01.13 15:41:57.144,0.76978,0.76986,2.63,2.63
2012.01.13 15:41:57.754,0.76978,0.76986,3.75,1.50
2012.01.13 15:41:59.041,0.76978,0.76986,3.75,1.50
2012.01.13 15:41:59.994,0.76978,0.76986,3.00,2.25
2012.01.13 15:42:00.335,0.76978,0.76983,1.50,1.50
2012.01.13 15:42:01.930,0.76979,0.76983,1.13,1.50
2012.01.13 15:42:03.001,0.76977,0.76983,2.25,1.50
2012.01.13 15:42:06.239,0.76977,0.76983,2.25,1.50
2012.01.13 15:42:06.593,0.76975,0.76981,1.50,2.25
2012.01.13 15:42:07.382,0.7697,0.76976,4.50,6.98
2012.01.13 15:42:07.674,0.76967,0.76972,1.13,1.50
2012.01.13 15:42:16.904,0.76967,0.76976,1.50,5.85
2012.01.13 15:42:17.044,0.76966,0.76972,3.38,1.50
2012.01.13 15:42:18.301,0.76966,0.76972,2.63,1.50
2012.01.13 15:42:18.517,0.76966,0.76972,2.63,2.25
2012.01.13 15:42:19.217,0.76966,0.76972,2.63,2.25
2012.01.13 15:42:19.753,0.76966,0.76972,2.63,1.50
2012.01.13 15:42:35.217,0.76966,0.7697,1.13,1.50
2012.01.13 15:42:37.128,0.76964,0.7697,3.38,1.50
2012.01.13 15:42:38.654,0.76964,0.7697,3.38,1.50
2012.01.13 15:42:40.788,0.76966,0.76972,2.25,1.50
2012.01.13 15:42:41.657,0.76964,0.7697,3.38,1.50
2012.01.13 15:42:42.193,0.76965,0.7697,1.13,1.50
2012.01.13 15:42:42.721,0.76964,0.7697,2.63,1.50
2012.01.13 15:42:45.619,0.76966,0.76971,1.50,1.13
2012.01.13 15:42:59.626,0.76966,0.76971,1.50,1.88
2012.01.13 15:43:00.561,0.76964,0.7697,2.63,2.25
2012.01.13 15:43:09.799,0.76964,0.7697,1.50,3.38
2012.01.13 15:43:10.382,0.76963,0.76968,1.13,1.50
2012.01.13 15:43:10.807,0.76964,0.7697,2.63,3.00
2012.01.13 15:43:11.165,0.76965,0.7697,2.25,1.50
2012.01.13 15:43:11.904,0.76968,0.76973,1.13,1.50
2012.01.13 15:43:14.155,0.76966,0.76973,1.13,1.50
2012.01.13 15:43:14.982,0.76965,0.7697,2.25,1.13
2012.01.13 15:43:15.520,0.76963,0.7697,3.75,1.13
2012.01.13 15:43:17.021,0.76963,0.76969,3.38,1.13
2012.01.13 15:43:17.617,0.76963,0.76969,3.38,1.13
2012.01.13 15:43:21.671,0.76961,0.76965,3.38,1.13
2012.01.13 15:43:23.458,0.76959,0.76965,1.13,1.13
2012.01.13 15:43:24.026,0.76959,0.76965,2.63,1.13
2012.01.13 15:43:25.485,0.76959,0.76965,3.38,1.13
2012.01.13 15:43:26.022,0.76959,0.76965,3.38,1.13
2012.01.13 15:43:26.618,0.76959,0.76964,1.13,1.50
2012.01.13 15:43:27.144,0.7696,0.76964,1.13,1.50
2012.01.13 15:43:27.645,0.76957,0.76965,1.50,1.88
2012.01.13 15:43:29.028,0.7696,0.76966,2.63,4.50
2012.01.13 15:43:29.581,0.7696,0.76966,3.38,2.63
2012.01.13 15:43:30.522,0.7696,0.76966,2.63,2.63
2012.01.13 15:43:31.034,0.7696,0.76966,1.50,1.50
2012.01.13 15:43:31.178,0.7696,0.76966,3.00,1.50
2012.01.13 15:43:32.013,0.76963,0.7697,1.50,1.88
2012.01.13 15:43:32.092,0.76963,0.76969,1.50,1.13
2012.01.13 15:43:32.781,0.76963,0.7697,1.50,1.88
2012.01.13 15:43:33.994,0.76962,0.76968,1.13,1.50
2012.01.13 15:43:34.288,0.76962,0.76968,1.13,2.25
2012.01.13 15:43:34.855,0.76962,0.76968,1.13,2.25
2012.01.13 15:43:35.512,0.76963,0.76969,1.50,2.25
2012.01.13 15:43:37.426,0.76963,0.76969,1.50,3.38
2012.01.13 15:43:38.114,0.76963,0.76969,1.50,3.38
2012.01.13 15:43:38.904,0.76965,0.76969,1.50,1.13
2012.01.13 15:43:39.584,0.76963,0.76968,1.50,1.13
2012.01.13 15:43:42.488,0.76965,0.76971,1.50,2.25
2012.01.13 15:43:49.927,0.76965,0.76971,2.63,2.63
2012.01.13 15:43:50.156,0.76965,0.76971,2.63,3.38
2012.01.13 15:43:50.928,0.76962,0.7697,1.50,2.25
2012.01.13 15:43:51.614,0.7696,0.76968,4.73,2.25
2012.01.13 15:43:51.690,0.7696,0.76968,4.73,2.25
2012.01.13 15:43:52.536,0.7696,0.76968,4.73,2.25
2012.01.13 15:43:53.793,0.76961,0.76968,1.13,2.25
2012.01.13 15:43:54.321,0.76961,0.76968,1.13,2.25
2012.01.13 15:43:55.169,0.76963,0.76969,1.50,2.25
2012.01.13 15:43:55.255,0.76965,0.76972,1.13,3.38
2012.01.13 15:43:55.466,0.76967,0.76971,1.50,1.13
2012.01.13 15:44:03.045,0.76967,0.76973,1.50,2.25
2012.01.13 15:44:04.466,0.76968,0.76974,1.50,1.88
2012.01.13 15:44:05.023,0.76968,0.76974,1.50,1.88
2012.01.13 15:44:11.408,0.76967,0.76973,1.50,2.25
2012.01.13 15:44:13.202,0.76967,0.76973,1.50,3.00
2012.01.13 15:44:13.345,0.76965,0.76972,1.13,2.25
2012.01.13 15:44:13.893,0.76965,0.76972,1.13,2.25
2012.01.13 15:44:16.537,0.76965,0.76972,1.13,2.25
2012.01.13 15:44:17.622,0.76964,0.76972,1.50,3.38
2012.01.13 15:44:30.998,0.76964,0.76972,2.63,1.50
2012.01.13 15:44:31.134,0.76967,0.76973,1.50,2.63
2012.01.13 15:44:31.924,0.76967,0.76973,1.50,3.38
2012.01.13 15:44:32.488,0.76967,0.76973,1.50,3.38
2012.01.13 15:44:40.406,0.76967,0.76973,2.63,1.50
2012.01.13 15:44:40.764,0.7697,0.76974,2.25,1.13
2012.01.13 15:44:42.929,0.7697,0.76976,1.50,1.13
2012.01.13 15:44:43.821,0.7697,0.76977,1.50,1.88
2012.01.13 15:44:46.469,0.76969,0.76975,4.88,1.50
2012.01.13 15:44:49.661,0.76969,0.76973,1.88,1.50
2012.01.13 15:44:50.202,0.76969,0.76976,1.88,2.25
2012.01.13 15:44:51.576,0.76969,0.76975,1.88,1.13
2012.01.13 15:44:51.651,0.76969,0.76975,1.88,1.13
2012.01.13 15:44:57.685,0.76968,0.76975,2.25,1.13
2012.01.13 15:44:58.374,0.76968,0.76975,1.50,1.13
2012.01.13 15:45:01.237,0.76968,0.76975,1.50,1.88
2012.01.13 15:45:01.786,0.76968,0.76975,1.50,1.13
2012.01.13 15:45:03.292,0.76969,0.76975,1.13,1.88
2012.01.13 15:45:03.858,0.76968,0.76975,2.63,1.13
2012.01.13 15:45:09.951,0.76968,0.76974,2.63,1.50
2012.01.13 15:45:10.506,0.76968,0.76973,1.13,1.50
2012.01.13 15:45:15.232,0.76965,0.76973,2.25,2.63
2012.01.13 15:45:16.255,0.76965,0.76973,2.25,3.38
2012.01.13 15:45:17.273,0.76965,0.76973,2.25,2.63
2012.01.13 15:45:17.412,0.76965,0.76973,1.50,3.38
2012.01.13 15:45:17.552,0.76965,0.76973,2.25,2.63
2012.01.13 15:45:26.539,0.76965,0.76973,2.25,2.63
2012.01.13 15:45:27.316,0.76965,0.76973,1.50,2.63
2012.01.13 15:45:27.865,0.76965,0.76973,2.25,2.63
2012.01.13 15:45:29.110,0.76965,0.76973,1.50,2.63
2012.01.13 15:45:30.372,0.76965,0.76973,2.25,2.63
2012.01.13 15:45:30.976,0.76965,0.76973,2.25,2.63
2012.01.13 15:45:31.316,0.76965,0.76973,2.25,3.38
2012.01.13 15:45:31.682,0.76961,0.76967,2.25,1.13
2012.01.13 15:45:31.758,0.76961,0.76967,3.00,1.13
2012.01.13 15:45:32.039,0.76963,0.76969,1.88,1.50
2012.01.13 15:45:32.777,0.76963,0.76969,1.88,1.50
2012.01.13 15:45:33.230,0.76964,0.7697,2.25,1.13
2012.01.13 15:45:33.772,0.76964,0.7697,2.25,1.13
2012.01.13 15:45:35.155,0.76964,0.76971,2.25,1.13
2012.01.13 15:45:37.467,0.76964,0.76972,2.25,3.00
2012.01.13 15:45:37.818,0.76964,0.76972,2.25,3.00
2012.01.13 15:45:39.253,0.76964,0.76972,2.25,3.00
2012.01.13 15:45:40.988,0.76963,0.76969,3.38,1.50
2012.01.13 15:45:41.542,0.76963,0.76969,3.38,1.50
2012.01.13 15:46:01.784,0.76967,0.76971,1.50,1.50
2012.01.13 15:46:01.997,0.76967,0.76973,2.25,2.63
2012.01.13 15:46:02.074,0.76965,0.76971,2.25,1.50
2012.01.13 15:46:02.624,0.76964,0.7697,1.88,1.50
2012.01.13 15:46:02.695,0.76964,0.7697,1.88,1.50
2012.01.13 15:46:03.593,0.76964,0.7697,1.88,1.50
2012.01.13 15:46:05.223,0.76965,0.76971,2.25,1.50
2012.01.13 15:46:06.224,0.76965,0.76971,2.25,1.50
2012.01.13 15:46:06.367,0.76966,0.76973,2.25,1.13
2012.01.13 15:46:06.974,0.76966,0.76974,2.25,2.63
2012.01.13 15:46:07.727,0.76966,0.76974,2.25,3.38
2012.01.13 15:46:07.807,0.76966,0.76972,3.38,1.13
2012.01.13 15:46:08.734,0.76966,0.76972,3.38,1.13
2012.01.13 15:46:09.739,0.76969,0.76974,1.13,1.50
2012.01.13 15:46:09.884,0.76969,0.76976,1.13,2.25
2012.01.13 15:46:10.093,0.76969,0.76976,1.88,1.50
2012.01.13 15:46:10.820,0.76969,0.76974,1.88,1.50
2012.01.13 15:46:13.030,0.76969,0.76974,1.88,1.50
2012.01.13 15:46:16.298,0.76967,0.76974,1.88,1.50
2012.01.13 15:46:16.374,0.76967,0.76974,1.88,1.50
2012.01.13 15:46:19.013,0.76967,0.76974,1.88,1.50
2012.01.13 15:46:21.734,0.76967,0.76972,1.88,1.50
2012.01.13 15:46:22.400,0.76971,0.76975,1.13,1.50
2012.01.13 15:46:25.268,0.76971,0.76977,3.38,2.63
2012.01.13 15:46:26.095,0.76971,0.76977,3.38,2.63
2012.01.13 15:46:26.594,0.76971,0.76977,3.38,2.63
2012.01.13 15:46:27.588,0.76971,0.76977,3.38,2.63
2012.01.13 15:46:32.322,0.76971,0.76977,3.38,2.63
2012.01.13 15:46:33.412,0.76974,0.76979,1.13,1.88
2012.01.13 15:46:34.016,0.76974,0.7698,1.13,2.63
2012.01.13 15:46:35.032,0.76972,0.76977,1.88,1.50
2012.01.13 15:46:35.174,0.76971,0.76975,2.25,1.13
2012.01.13 15:46:35.703,0.76969,0.76975,2.63,2.63
2012.01.13 15:46:36.595,0.76969,0.76975,3.38,2.63
2012.01.13 15:46:36.871,0.76971,0.76977,3.38,1.88
2012.01.13 15:46:37.073,0.76971,0.76977,3.38,1.50
2012.01.13 15:46:37.610,0.76971,0.76977,3.38,1.50
2012.01.13 15:46:39.319,0.76971,0.76977,2.63,3.23
2012.01.13 15:46:39.910,0.76971,0.76976,1.50,1.13
2012.01.13 15:46:40.210,0.76968,0.76974,1.88,1.50
2012.01.13 15:46:40.564,0.76968,0.76973,1.13,1.50
2012.01.13 15:46:40.923,0.76968,0.76973,1.88,1.50
2012.01.13 15:46:42.340,0.76968,0.76973,1.88,1.50
2012.01.13 15:46:46.065,0.76967,0.76974,2.25,1.13
2012.01.13 15:46:46.986,0.76967,0.76974,2.25,1.13
2012.01.13 15:46:47.674,0.76967,0.76974,2.25,1.13
2012.01.13 15:46:47.818,0.76967,0.76974,2.25,1.13
2012.01.13 15:46:50.022,0.76967,0.76974,2.25,1.13
2012.01.13 15:46:50.352,0.76967,0.76974,2.25,1.13
2012.01.13 15:46:52.191,0.76968,0.76975,1.88,1.50
2012.01.13 15:46:52.261,0.76968,0.76975,1.88,1.50
2012.01.13 15:46:54.648,0.7697,0.76976,1.50,2.63
2012.01.13 15:46:55.005,0.76973,0.76978,1.13,1.50
2012.01.13 15:46:56.945,0.76973,0.76978,1.88,1.50
2012.01.13 15:46:57.498,0.76973,0.76978,1.13,1.50
2012.01.13 15:47:00.751,0.76973,0.76978,1.88,1.50
2012.01.13 15:47:01.109,0.76974,0.7698,2.25,1.50
2012.01.13 15:47:01.647,0.76977,0.76983,1.13,3.38
2012.01.13 15:47:02.875,0.76977,0.76982,1.13,1.50
2012.01.13 15:47:02.948,0.76974,0.7698,1.13,2.63
2012.01.13 15:47:03.480,0.76974,0.76979,1.13,1.50
2012.01.13 15:47:04.291,0.76972,0.76979,2.25,1.50
2012.01.13 15:47:04.831,0.76972,0.76979,1.88,1.50
2012.01.13 15:47:05.485,0.76972,0.76979,1.88,1.50
2012.01.13 15:47:05.627,0.76971,0.76977,3.00,1.13
2012.01.13 15:47:06.193,0.7697,0.76976,3.38,1.50
2012.01.13 15:47:08.068,0.76971,0.76976,1.88,1.50
2012.01.13 15:47:08.221,0.76974,0.7698,1.13,1.50
2012.01.13 15:47:08.760,0.76974,0.76981,3.38,1.13
2012.01.13 15:47:11.646,0.76974,0.76981,3.38,1.13
2012.01.13 15:47:12.162,0.76974,0.76981,3.38,1.13
2012.01.13 15:47:12.705,0.76974,0.76981,3.38,1.13
2012.01.13 15:47:14.574,0.76974,0.76981,3.38,1.13
2012.01.13 15:47:15.130,0.76974,0.76981,3.38,1.13
2012.01.13 15:47:15.739,0.76974,0.76979,1.50,1.88
2012.01.13 15:47:15.825,0.76972,0.76979,1.50,1.88
2012.01.13 15:47:16.039,0.7697,0.76976,1.13,1.50
2012.01.13 15:47:16.676,0.7697,0.76976,1.13,2.25
2012.01.13 15:47:17.427,0.7697,0.76976,1.13,2.25
2012.01.13 15:47:18.184,0.7697,0.76976,1.13,2.25
2012.01.13 15:47:18.710,0.7697,0.76976,1.13,2.25
2012.01.13 15:47:19.919,0.76968,0.76976,1.50,2.25
2012.01.13 15:47:20.471,0.76968,0.76976,2.25,1.50
2012.01.13 15:47:21.236,0.76968,0.76976,3.00,1.50
2012.01.13 15:47:22.329,0.76968,0.76975,3.00,1.13
2012.01.13 15:47:23.762,0.7697,0.76976,1.88,1.50
2012.01.13 15:47:24.292,0.7697,0.76976,1.88,1.50
2012.01.13 15:47:24.874,0.76971,0.76977,2.25,2.63
2012.01.13 15:47:25.351,0.76973,0.7698,1.88,1.88
2012.01.13 15:47:25.498,0.76974,0.76982,2.25,3.38
2012.01.13 15:47:25.717,0.76973,0.7698,1.88,1.50
2012.01.13 15:47:25.938,0.76972,0.76979,1.50,1.50
2012.01.13 15:47:26.567,0.7697,0.76978,4.13,1.50
2012.01.13 15:47:27.125,0.7697,0.76978,4.13,1.50
2012.01.13 15:47:28.121,0.7697,0.76978,3.38,1.88
2012.01.13 15:47:28.597,0.7697,0.76978,3.38,2.63
2012.01.13 15:47:33.363,0.7697,0.76978,3.38,3.60
2012.01.13 15:47:33.496,0.76968,0.76973,2.63,1.13
2012.01.13 15:47:34.089,0.76966,0.76971,1.88,1.50
2012.01.13 15:47:34.637,0.76967,0.76973,1.50,2.63
2012.01.13 15:47:36.343,0.76966,0.76971,1.88,1.50
2012.01.13 15:47:36.753,0.76966,0.76973,1.88,2.63
2012.01.13 15:47:39.924,0.76969,0.76975,1.88,1.88
2012.01.13 15:47:40.510,0.76969,0.76975,1.88,1.50
2012.01.13 15:47:40.605,0.7697,0.76978,2.25,2.63
2012.01.13 15:47:44.375,0.76972,0.76978,2.25,1.13
2012.01.13 15:47:44.868,0.76974,0.76981,3.38,1.13
2012.01.13 15:47:45.380,0.76974,0.76981,3.38,1.13
2012.01.13 15:47:46.090,0.76971,0.76977,2.63,1.50
2012.01.13 15:47:46.200,0.76971,0.76975,1.13,1.50
2012.01.13 15:47:47.653,0.76971,0.76978,1.13,3.38
2012.01.13 15:47:47.733,0.76971,0.76978,1.13,3.38
2012.01.13 15:47:50.686,0.76971,0.76978,1.13,3.38
2012.01.13 15:47:51.231,0.7697,0.76976,2.63,2.25
2012.01.13 15:47:55.355,0.7697,0.76976,2.63,2.25
2012.01.13 15:47:55.912,0.7697,0.76976,1.13,2.25
2012.01.13 15:47:56.914,0.76968,0.76974,1.50,1.88
2012.01.13 15:47:57.268,0.76967,0.76972,1.13,2.25
2012.01.13 15:47:57.625,0.7697,0.76974,1.50,1.13
2012.01.13 15:48:02.463,0.7697,0.76976,1.50,1.88
2012.01.13 15:48:04.100,0.76969,0.76975,2.63,1.50
2012.01.13 15:48:04.181,0.76969,0.76975,3.38,1.50
2012.01.13 15:48:04.735,0.76969,0.76975,3.38,1.50
2012.01.13 15:48:05.936,0.76969,0.76975,3.38,1.50
2012.01.13 15:48:08.781,0.76969,0.76975,3.38,1.50
2012.01.13 15:48:09.484,0.76969,0.76975,3.38,1.50
2012.01.13 15:48:10.014,0.76969,0.76975,3.38,1.50
2012.01.13 15:48:12.340,0.76973,0.76977,1.50,1.50
2012.01.13 15:48:12.895,0.76969,0.76973,1.50,1.13
2012.01.13 15:48:12.990,0.76964,0.76971,1.88,1.50
2012.01.13 15:48:13.063,0.76965,0.76971,2.25,1.50
2012.01.13 15:48:13.484,0.76967,0.76973,1.50,4.50
2012.01.13 15:48:14.046,0.76967,0.76973,2.25,2.63
2012.01.13 15:48:16.297,0.76967,0.76973,2.25,2.63
2012.01.13 15:48:16.382,0.76969,0.76973,1.50,1.13
2012.01.13 15:48:16.525,0.76971,0.76976,2.25,1.13
2012.01.13 15:48:20.691,0.76971,0.76976,2.25,3.98
2012.01.13 15:48:20.760,0.76968,0.76973,2.25,1.13
2012.01.13 15:48:20.916,0.76967,0.76973,1.50,2.63
2012.01.13 15:48:21.803,0.76966,0.76973,1.88,2.63
2012.01.13 15:48:22.325,0.76969,0.76973,1.50,1.13
2012.01.13 15:48:23.044,0.76967,0.76973,2.25,1.13
2012.01.13 15:48:23.612,0.76967,0.76973,3.00,1.13
2012.01.13 15:48:24.254,0.76967,0.76973,3.00,1.13
2012.01.13 15:48:25.762,0.76967,0.76975,2.25,2.63
2012.01.13 15:48:26.743,0.76967,0.76975,2.25,2.63
2012.01.13 15:48:27.418,0.76967,0.76975,2.25,2.63
2012.01.13 15:48:27.955,0.76967,0.76975,2.25,2.63
2012.01.13 15:48:28.955,0.76967,0.76975,1.50,2.63
2012.01.13 15:48:29.036,0.76967,0.76975,2.25,2.63
2012.01.13 15:48:29.222,0.76968,0.76975,1.50,2.63
2012.01.13 15:48:29.764,0.76967,0.76975,2.25,2.63
2012.01.13 15:48:31.707,0.76967,0.76975,2.25,2.63
2012.01.13 15:48:32.068,0.76967,0.76975,1.50,3.38
2012.01.13 15:48:32.688,0.7697,0.76975,1.50,1.13
2012.01.13 15:48:33.184,0.76969,0.76975,1.50,1.13
2012.01.13 15:48:37.452,0.76969,0.76977,1.50,3.38
2012.01.13 15:48:39.541,0.76969,0.76977,1.50,3.38
2012.01.13 15:48:43.489,0.76969,0.76977,1.50,3.38
2012.01.13 15:48:44.056,0.7697,0.76977,1.13,3.38
2012.01.13 15:48:44.573,0.7697,0.76977,1.13,3.38
2012.01.13 15:48:44.927,0.76974,0.76978,1.73,1.50
2012.01.13 15:48:45.482,0.76974,0.76979,1.13,2.25
2012.01.13 15:48:47.340,0.76971,0.76977,3.75,1.50
2012.01.13 15:48:47.414,0.76971,0.76977,4.50,2.63
2012.01.13 15:48:47.488,0.76973,0.76977,1.50,1.13
2012.01.13 15:48:47.564,0.76971,0.76976,1.50,1.50
2012.01.13 15:48:48.315,0.76967,0.76975,3.52,2.63
2012.01.13 15:48:48.405,0.76969,0.76975,1.50,1.13
2012.01.13 15:48:48.888,0.76971,0.76978,1.50,1.50
2012.01.13 15:48:49.033,0.76971,0.76977,1.50,1.13
2012.01.13 15:48:49.176,0.76971,0.76977,2.25,1.13
2012.01.13 15:48:49.815,0.76974,0.7698,1.50,1.88
2012.01.13 15:48:50.313,0.76971,0.76977,2.25,1.13
2012.01.13 15:48:51.645,0.76971,0.76979,2.25,1.50
2012.01.13 15:48:52.570,0.76971,0.76977,2.25,1.13
2012.01.13 15:48:53.632,0.76971,0.76979,2.25,1.50
2012.01.13 15:48:53.770,0.76971,0.76977,2.25,1.13
2012.01.13 15:48:54.579,0.76971,0.76978,3.38,1.13
2012.01.13 15:48:55.385,0.76971,0.76978,3.38,1.13
2012.01.13 15:48:55.470,0.76971,0.76978,3.38,1.13
2012.01.13 15:48:56.624,0.76971,0.76978,3.38,1.13
2012.01.13 15:48:57.333,0.76971,0.76978,3.38,1.13
2012.01.13 15:48:59.603,0.76971,0.76979,3.38,1.50
2012.01.13 15:49:00.594,0.76973,0.7698,1.50,1.88
2012.01.13 15:49:00.737,0.76971,0.76979,2.63,1.50
2012.01.13 15:49:01.154,0.76974,0.7698,1.50,3.75
2012.01.13 15:49:01.364,0.76975,0.76982,1.13,3.75
2012.01.13 15:49:01.854,0.76977,0.76982,1.50,2.25
2012.01.13 15:49:02.583,0.76975,0.76981,1.13,1.50
2012.01.13 15:49:03.135,0.76976,0.76982,1.50,3.38
2012.01.13 15:49:04.037,0.76976,0.76982,2.25,2.63
2012.01.13 15:49:08.453,0.76976,0.76981,1.50,1.35
2012.01.13 15:49:08.594,0.76973,0.76977,2.25,1.13
2012.01.13 15:49:09.216,0.76971,0.76977,3.00,3.38
2012.01.13 15:49:09.346,0.76969,0.76973,1.50,1.13
2012.01.13 15:49:09.902,0.76968,0.76973,1.88,1.88
2012.01.13 15:49:10.469,0.76966,0.76973,3.75,1.13
2012.01.13 15:49:11.505,0.76967,0.76973,2.25,2.63
2012.01.13 15:49:11.924,0.76969,0.76973,1.50,1.13
2012.01.13 15:49:12.524,0.76966,0.76973,2.25,1.13
2012.01.13 15:49:13.522,0.76966,0.76973,1.50,1.13
2012.01.13 15:49:14.257,0.76968,0.76973,1.50,1.88
2012.01.13 15:49:19.457,0.76968,0.76973,1.50,1.88
2012.01.13 15:49:20.920,0.76969,0.76974,1.88,1.13
2012.01.13 15:49:21.447,0.76974,0.7698,1.50,4.13
2012.01.13 15:49:27.306,0.76974,0.7698,1.50,3.38
2012.01.13 15:49:28.244,0.76972,0.7698,1.50,3.38
2012.01.13 15:49:28.318,0.76974,0.7698,1.50,3.38
2012.01.13 15:49:29.853,0.76972,0.7698,1.50,1.13
2012.01.13 15:49:30.496,0.76971,0.76979,3.00,2.25
2012.01.13 15:49:30.594,0.7697,0.76976,1.50,3.38
2012.01.13 15:49:31.219,0.7697,0.76976,1.88,1.88
2012.01.13 15:49:31.947,0.7697,0.76976,1.50,1.88
2012.01.13 15:49:32.455,0.7697,0.76976,1.50,3.38
2012.01.13 15:49:33.082,0.7697,0.76976,1.50,3.38
2012.01.13 15:49:34.473,0.76972,0.76976,1.50,1.13
2012.01.13 15:49:35.024,0.76969,0.76976,3.75,1.88
2012.01.13 15:49:36.656,0.76969,0.76976,2.63,1.88
2012.01.13 15:49:37.770,0.76969,0.76976,2.63,1.88
2012.01.13 15:49:38.253,0.76969,0.76976,2.63,1.88
2012.01.13 15:49:40.423,0.76967,0.76973,2.63,1.88
2012.01.13 15:49:40.567,0.76967,0.76973,4.50,3.38
2012.01.13 15:49:40.652,0.76969,0.76973,3.00,1.13
2012.01.13 15:49:41.012,0.76971,0.76976,1.50,1.88
2012.01.13 15:49:41.297,0.76971,0.76976,1.50,1.13
2012.01.13 15:49:41.961,0.76972,0.76976,1.50,1.13
2012.01.13 15:49:42.161,0.76972,0.76978,1.50,1.13
2012.01.13 15:49:44.239,0.76972,0.76978,4.50,1.13
2012.01.13 15:49:44.334,0.76977,0.76982,1.50,1.50
2012.01.13 15:49:44.874,0.76977,0.76983,1.50,1.13
2012.01.13 15:49:45.423,0.76975,0.76983,3.00,3.38
2012.01.13 15:49:46.122,0.76975,0.76983,2.63,3.38
2012.01.13 15:49:46.945,0.76978,0.76983,1.50,1.88
2012.01.13 15:49:47.936,0.76978,0.76983,1.50,1.88
2012.01.13 15:49:49.053,0.76978,0.76984,1.50,2.25
2012.01.13 15:49:50.444,0.76979,0.76985,1.50,1.13
2012.01.13 15:49:50.983,0.76978,0.76984,3.00,2.25
2012.01.13 15:49:54.851,0.76978,0.76984,2.63,2.25
2012.01.13 15:49:58.083,0.76975,0.76982,2.63,1.88
2012.01.13 15:49:59.705,0.76975,0.76982,2.63,1.88
2012.01.13 15:50:00.237,0.76975,0.76982,2.63,1.88
2012.01.13 15:50:02.734,0.76976,0.76982,2.25,1.13
2012.01.13 15:50:03.283,0.76978,0.76985,1.13,3.75
2012.01.13 15:50:07.185,0.7698,0.76985,1.50,1.13
2012.01.13 15:50:08.126,0.76978,0.76985,1.13,1.88
2012.01.13 15:50:08.228,0.76979,0.76985,1.50,1.13
2012.01.13 15:50:08.766,0.76979,0.76986,1.88,1.88
2012.01.13 15:50:08.910,0.76981,0.76986,1.50,1.13
2012.01.13 15:50:09.951,0.76981,0.76989,1.50,3.38
2012.01.13 15:50:19.199,0.7698,0.76986,1.50,1.50
2012.01.13 15:50:19.280,0.76977,0.76983,3.75,2.63
2012.01.13 15:50:20.166,0.76979,0.76983,1.50,1.13
2012.01.13 15:50:22.717,0.76979,0.76985,2.63,1.50
2012.01.13 15:50:22.798,0.76981,0.76987,1.50,2.25
2012.01.13 15:50:27.161,0.76979,0.76985,2.63,2.25
2012.01.13 15:50:29.975,0.76979,0.76985,1.50,2.25
2012.01.13 15:50:35.906,0.76979,0.76985,1.50,2.25
2012.01.13 15:50:38.268,0.76979,0.76985,1.50,2.25
2012.01.13 15:50:41.311,0.76981,0.76987,1.50,2.25
2012.01.13 15:50:41.656,0.76983,0.76988,1.50,1.88
2012.01.13 15:50:41.866,0.76982,0.76988,1.50,1.88
2012.01.13 15:50:42.566,0.76981,0.76988,1.50,1.88
2012.01.13 15:50:42.635,0.76981,0.76988,1.50,1.88
2012.01.13 15:50:45.762,0.7698,0.76986,1.50,1.50
2012.01.13 15:50:46.271,0.7698,0.76986,1.50,2.25
2012.01.13 15:50:46.813,0.7698,0.76986,1.50,2.55
2012.01.13 15:50:47.372,0.7698,0.76986,1.50,2.25
2012.01.13 15:50:47.933,0.76978,0.76984,2.63,1.50
2012.01.13 15:50:48.012,0.7698,0.76986,1.50,2.25
2012.01.13 15:50:48.363,0.7698,0.76986,1.50,2.25
2012.01.13 15:50:53.723,0.7698,0.76986,2.25,1.50
2012.01.13 15:50:54.262,0.7698,0.76986,2.25,1.50
2012.01.13 15:50:54.749,0.7698,0.76986,1.50,1.50
2012.01.13 15:50:56.893,0.7698,0.76986,2.25,1.50
2012.01.13 15:51:01.652,0.7698,0.76986,2.25,1.50
2012.01.13 15:51:02.165,0.7698,0.76986,2.25,1.50
2012.01.13 15:51:02.709,0.7698,0.76986,2.25,1.50
2012.01.13 15:51:03.222,0.7698,0.76986,2.25,1.50
2012.01.13 15:51:03.832,0.7698,0.76986,2.25,1.50
2012.01.13 15:51:04.120,0.76983,0.76989,1.50,1.13
2012.01.13 15:51:05.099,0.76982,0.76988,1.50,1.50
2012.01.13 15:51:16.482,0.76981,0.76986,1.88,1.50
2012.01.13 15:51:18.171,0.76979,0.76984,1.88,1.50
2012.01.13 15:51:19.971,0.76978,0.76984,2.25,1.50
2012.01.13 15:51:21.857,0.76978,0.76984,2.25,1.50
2012.01.13 15:51:22.423,0.76978,0.76984,2.25,1.50
2012.01.13 15:51:22.951,0.76977,0.76985,2.25,2.63
2012.01.13 15:51:25.673,0.76977,0.76985,3.38,1.50
2012.01.13 15:51:26.260,0.76977,0.76983,1.88,1.50
2012.01.13 15:51:29.291,0.76977,0.76984,2.63,1.13
2012.01.13 15:51:32.556,0.76977,0.76983,1.13,1.50
2012.01.13 15:51:34.166,0.76977,0.76984,2.63,1.88
2012.01.13 15:51:34.608,0.76977,0.76984,3.38,1.88
2012.01.13 15:51:34.683,0.76977,0.76984,2.63,1.88
2012.01.13 15:51:35.426,0.76977,0.76982,1.13,1.50
2012.01.13 15:51:41.535,0.76976,0.76982,2.63,1.50
2012.01.13 15:51:51.048,0.76979,0.76985,1.13,4.88
2012.01.13 15:51:51.127,0.76979,0.76985,1.13,2.63
2012.01.13 15:51:53.819,0.7698,0.76985,1.50,1.13
2012.01.13 15:51:54.455,0.76981,0.76985,1.50,1.13
2012.01.13 15:51:56.890,0.76982,0.76988,1.13,1.13
2012.01.13 15:52:01.844,0.76983,0.76989,1.13,2.63
2012.01.13 15:52:07.150,0.76982,0.76988,1.88,1.13
2012.01.13 15:52:11.772,0.76982,0.76987,1.88,1.50
2012.01.13 15:52:12.507,0.76983,0.76988,1.05,1.13
2012.01.13 15:52:13.281,0.76985,0.76991,1.50,2.25
2012.01.13 15:52:13.367,0.76982,0.76987,1.13,1.50
2012.01.13 15:52:16.349,0.76982,0.76988,2.63,1.13
2012.01.13 15:52:27.005,0.76982,0.76989,1.50,1.13
2012.01.13 15:52:34.545,0.76984,0.76989,1.80,1.13
2012.01.13 15:52:34.888,0.7699,0.76994,1.50,1.13
2012.01.13 15:52:37.607,0.76988,0.76994,1.50,2.63
2012.01.13 15:52:49.294,0.76988,0.76992,2.25,1.13
2012.01.13 15:52:49.363,0.76986,0.76992,2.25,1.13
2012.01.13 15:52:50.127,0.76984,0.76991,1.13,1.50
2012.01.13 15:52:50.813,0.76983,0.76991,2.63,1.50
2012.01.13 15:52:52.601,0.76986,0.76992,1.50,4.88
2012.01.13 15:52:53.158,0.76987,0.76992,1.50,1.13
2012.01.13 15:52:54.224,0.76987,0.76993,1.50,1.13
2012.01.13 15:52:54.972,0.76987,0.76995,1.50,3.75
2012.01.13 15:52:55.503,0.76987,0.76995,1.50,3.38
2012.01.13 15:52:56.132,0.76987,0.76995,1.50,6.38
2012.01.13 15:52:56.216,0.76985,0.76992,2.25,1.13
2012.01.13 15:52:56.773,0.76986,0.76992,1.50,2.63
2012.01.13 15:52:57.433,0.76984,0.7699,1.50,1.50
2012.01.13 15:52:59.870,0.76986,0.76992,1.50,4.88
2012.01.13 15:53:00.468,0.76986,0.76992,1.50,2.63
2012.01.13 15:53:01.728,0.76988,0.76994,1.50,1.50
2012.01.13 15:53:03.475,0.76986,0.76993,1.88,1.50
2012.01.13 15:53:07.909,0.76986,0.76993,1.88,1.50
2012.01.13 15:53:10.253,0.76988,0.76993,1.13,1.50
2012.01.13 15:53:10.537,0.7699,0.76994,1.50,1.13
2012.01.13 15:53:11.104,0.76988,0.76994,3.38,2.63
2012.01.13 15:53:13.157,0.76991,0.76997,1.13,3.00
2012.01.13 15:53:13.312,0.76991,0.76997,1.13,1.50
2012.01.13 15:53:13.801,0.76989,0.76994,1.50,1.50
2012.01.13 15:53:18.837,0.7699,0.76994,1.88,1.50
2012.01.13 15:53:19.390,0.7699,0.76996,3.38,1.50
2012.01.13 15:53:22.533,0.7699,0.76994,1.13,1.50
2012.01.13 15:53:23.301,0.76985,0.76991,3.01,5.85
2012.01.13 15:53:23.376,0.76981,0.76987,1.13,1.50
2012.01.13 15:53:23.450,0.76979,0.76986,2.63,1.13
2012.01.13 15:53:24.970,0.76978,0.76985,1.13,3.38
2012.01.13 15:53:25.048,0.7698,0.76985,1.50,1.13
2012.01.13 15:53:28.410,0.7698,0.76986,1.50,3.38
2012.01.13 15:53:28.973,0.76981,0.76986,1.50,1.13
2012.01.13 15:53:29.473,0.7698,0.76986,1.88,2.63
2012.01.13 15:53:31.233,0.76981,0.76986,1.50,1.13
2012.01.13 15:53:34.024,0.76981,0.76988,1.50,1.88
2012.01.13 15:53:38.063,0.76981,0.76986,1.50,1.50
2012.01.13 15:53:38.403,0.76978,0.76985,1.13,2.63
2012.01.13 15:53:39.967,0.7698,0.76985,1.50,1.13
2012.01.13 15:53:40.117,0.76982,0.76988,1.50,1.50
2012.01.13 15:53:48.835,0.76983,0.76989,1.80,1.13
2012.01.13 15:53:50.971,0.76985,0.76991,1.50,1.13
2012.01.13 15:53:51.747,0.76984,0.7699,2.93,1.50
2012.01.13 15:53:52.075,0.76984,0.76988,1.13,1.50
2012.01.13 15:53:54.233,0.76982,0.76988,1.50,2.25
2012.01.13 15:53:58.780,0.76981,0.76987,1.13,1.50
2012.01.13 15:54:00.481,0.76981,0.76988,2.63,1.88
2012.01.13 15:54:02.605,0.76981,0.76986,1.13,1.50
2012.01.13 15:54:04.781,0.7698,0.76986,1.50,1.50
2012.01.13 15:54:05.285,0.7698,0.76986,5.85,1.50
2012.01.13 15:54:05.413,0.76979,0.76984,5.24,1.50
2012.01.13 15:54:06.722,0.76979,0.76987,3.38,2.25
2012.01.13 15:54:10.230,0.7698,0.76987,1.13,2.25
2012.01.13 15:54:12.644,0.76982,0.76988,1.50,2.63
2012.01.13 15:54:13.000,0.76979,0.76985,1.50,1.50
2012.01.13 15:54:25.071,0.76977,0.76984,2.25,1.50
2012.01.13 15:54:26.624,0.76975,0.7698,3.45,1.50
2012.01.13 15:54:27.308,0.76977,0.76983,1.50,9.60
2012.01.13 15:54:27.385,0.76976,0.7698,1.13,1.50
2012.01.13 15:54:27.602,0.76977,0.76983,1.50,2.10
2012.01.13 15:54:28.085,0.76975,0.76981,1.50,1.50
2012.01.13 15:54:28.698,0.76975,0.76979,1.50,1.13
2012.01.13 15:54:28.779,0.76972,0.76979,3.75,2.63
2012.01.13 15:54:28.930,0.7697,0.76976,2.63,1.50
2012.01.13 15:54:29.007,0.7697,0.76976,2.63,2.25
2012.01.13 15:54:29.568,0.7697,0.76976,2.63,1.50
2012.01.13 15:54:38.284,0.76969,0.76975,1.88,1.50
2012.01.13 15:54:40.811,0.76969,0.76977,2.63,4.50
2012.01.13 15:54:42.084,0.76966,0.76972,8.40,1.50
2012.01.13 15:54:42.378,0.7697,0.76975,1.50,1.13
2012.01.13 15:54:43.065,0.76967,0.76975,2.25,3.38
2012.01.13 15:54:44.084,0.76967,0.76975,2.25,2.63
2012.01.13 15:54:45.782,0.76969,0.76975,1.13,1.50
2012.01.13 15:54:45.854,0.7697,0.76975,1.50,1.50
2012.01.13 15:54:45.998,0.7697,0.76978,2.25,2.63
2012.01.13 15:54:46.942,0.7697,0.76978,1.50,3.38
2012.01.13 15:54:48.920,0.7697,0.76978,2.25,3.38
2012.01.13 15:54:49.303,0.76971,0.76978,1.50,2.63
2012.01.13 15:54:49.844,0.7697,0.76978,5.26,2.63
2012.01.13 15:54:50.223,0.76971,0.76978,1.50,2.63
2012.01.13 15:54:50.782,0.76972,0.76978,2.25,2.63
2012.01.13 15:54:51.369,0.76972,0.76978,1.50,2.63
2012.01.13 15:54:53.106,0.7697,0.76976,1.50,1.50
2012.01.13 15:54:57.471,0.7697,0.76976,2.25,1.50
2012.01.13 15:54:57.675,0.76972,0.76978,1.50,2.63
2012.01.13 15:55:05.712,0.76972,0.76978,2.25,2.63
2012.01.13 15:55:07.593,0.76972,0.76978,1.50,2.63
2012.01.13 15:55:08.005,0.7697,0.76976,2.63,1.50
2012.01.13 15:55:08.273,0.76971,0.76978,2.25,1.13
2012.01.13 15:55:20.312,0.76971,0.76979,3.38,2.25
2012.01.13 15:55:20.753,0.76974,0.7698,1.50,1.50
2012.01.13 15:55:21.254,0.76974,0.76982,3.38,1.88
2012.01.13 15:55:22.161,0.76974,0.76982,3.38,1.50
2012.01.13 15:55:30.806,0.76974,0.7698,2.25,1.13
2012.01.13 15:55:31.431,0.76971,0.76977,1.50,2.63
2012.01.13 15:55:33.988,0.76972,0.76977,1.50,1.13
2012.01.13 15:55:34.495,0.76971,0.76977,1.50,2.63
2012.01.13 15:55:38.152,0.76971,0.76977,1.50,3.38
2012.01.13 15:55:38.507,0.76971,0.76977,1.50,3.38
2012.01.13 15:55:39.034,0.76971,0.76977,1.50,3.38
2012.01.13 15:55:39.914,0.76971,0.76977,1.50,3.38
2012.01.13 15:55:40.498,0.76971,0.76977,1.50,3.38
2012.01.13 15:55:43.405,0.76971,0.76977,1.50,2.25
2012.01.13 15:55:44.220,0.76967,0.76972,3.75,2.25
2012.01.13 15:55:44.578,0.76967,0.76975,4.50,2.63
2012.01.13 15:55:44.795,0.76967,0.76973,3.75,1.88
2012.01.13 15:55:45.618,0.76969,0.76973,1.50,1.13
2012.01.13 15:55:45.774,0.76967,0.76973,3.00,1.88
2012.01.13 15:55:46.296,0.76967,0.76974,1.50,1.13
2012.01.13 15:55:47.724,0.76967,0.76974,1.50,1.13
2012.01.13 15:55:50.028,0.76968,0.76975,1.50,4.17
2012.01.13 15:55:50.116,0.76971,0.76975,1.50,1.32
2012.01.13 15:55:50.323,0.76969,0.76975,1.50,2.63
2012.01.13 15:55:52.664,0.76969,0.76975,2.25,3.38
2012.01.13 15:55:52.737,0.76966,0.76973,1.13,1.50
2012.01.13 15:55:52.880,0.76965,0.7697,1.50,1.13
2012.01.13 15:55:54.328,0.76966,0.7697,1.50,1.13
2012.01.13 15:55:55.771,0.76967,0.76973,1.50,1.13
2012.01.13 15:55:56.345,0.7697,0.76974,1.50,2.25
2012.01.13 15:55:56.426,0.7697,0.76975,1.50,1.13
2012.01.13 15:55:56.570,0.76968,0.76974,1.50,1.50
2012.01.13 15:55:56.995,0.76966,0.76973,1.88,1.50
2012.01.13 15:55:57.334,0.76968,0.76974,1.50,3.75
2012.01.13 15:55:58.302,0.76966,0.76972,3.75,1.50
2012.01.13 15:55:58.389,0.76966,0.76974,3.38,3.00
2012.01.13 15:55:58.736,0.76966,0.76974,3.38,1.50
2012.01.13 15:55:59.084,0.76971,0.76975,1.50,1.13
2012.01.13 15:55:59.930,0.76968,0.76974,2.25,1.50
2012.01.13 15:56:02.963,0.76966,0.76973,1.13,2.25
2012.01.13 15:56:03.364,0.76968,0.76974,1.50,2.25
2012.01.13 15:56:04.101,0.76968,0.76974,1.50,2.25
2012.01.13 15:56:04.478,0.76966,0.76972,2.63,2.25
2012.01.13 15:56:07.065,0.76966,0.76972,2.63,2.25
2012.01.13 15:56:07.135,0.76966,0.76972,2.63,2.25
2012.01.13 15:56:07.993,0.76966,0.76972,2.63,2.25
2012.01.13 15:56:08.900,0.76966,0.76972,2.63,2.25
2012.01.13 15:56:12.765,0.76963,0.7697,1.88,1.13
2012.01.13 15:56:16.525,0.76961,0.76967,1.13,2.25
2012.01.13 15:56:16.811,0.76962,0.76968,1.50,2.63
2012.01.13 15:56:16.962,0.76962,0.76968,1.50,2.25
2012.01.13 15:56:17.945,0.76961,0.76966,1.13,1.50
2012.01.13 15:56:18.485,0.7696,0.76966,2.63,1.50
2012.01.13 15:56:19.030,0.76962,0.76968,1.50,1.50
2012.01.13 15:56:25.180,0.76962,0.76968,2.63,1.50
2012.01.13 15:56:29.706,0.76962,0.76968,1.50,1.50
2012.01.13 15:56:32.944,0.76962,0.76967,1.50,1.13
2012.01.13 15:56:33.683,0.76965,0.76971,7.13,2.25
2012.01.13 15:56:34.102,0.76965,0.76971,2.63,1.50
2012.01.13 15:56:36.326,0.76963,0.76968,2.25,1.13
2012.01.13 15:56:36.468,0.76963,0.76968,2.25,1.13
2012.01.13 15:56:36.969,0.76965,0.76971,1.50,1.50
2012.01.13 15:56:38.107,0.76963,0.76968,1.50,1.13
2012.01.13 15:56:39.987,0.76964,0.76968,1.50,1.13
2012.01.13 15:56:40.717,0.76964,0.76972,2.25,1.50
2012.01.13 15:56:42.757,0.76964,0.76971,2.25,1.13
2012.01.13 15:56:45.279,0.76969,0.76975,1.50,2.63
2012.01.13 15:56:45.629,0.76966,0.76972,2.25,1.13
2012.01.13 15:56:45.708,0.76965,0.76971,2.25,1.50
2012.01.13 15:56:47.205,0.76965,0.76971,2.25,1.50
2012.01.13 15:56:54.292,0.76971,0.76975,1.13,1.50
2012.01.13 15:56:54.499,0.76971,0.76977,1.88,2.63
2012.01.13 15:56:59.680,0.7697,0.76976,1.88,1.13
2012.01.13 15:57:01.024,0.7697,0.76976,1.13,1.13
2012.01.13 15:57:05.164,0.7697,0.76977,1.13,1.50
2012.01.13 15:57:09.186,0.7697,0.76977,1.88,1.50
2012.01.13 15:57:13.935,0.7697,0.76977,1.88,1.50
2012.01.13 15:57:14.469,0.7697,0.76977,1.88,1.50
2012.01.13 15:57:15.004,0.7697,0.76977,1.88,1.50
2012.01.13 15:57:21.026,0.76972,0.76977,1.88,1.50
2012.01.13 15:57:21.597,0.76972,0.76978,2.63,1.50
2012.01.13 15:57:23.342,0.76972,0.76976,1.88,1.50
2012.01.13 15:57:27.407,0.76971,0.76976,1.13,1.50
2012.01.13 15:57:28.476,0.76971,0.76978,2.63,1.88
2012.01.13 15:57:29.098,0.76971,0.76976,1.50,1.13
2012.01.13 15:57:29.735,0.76968,0.76973,3.00,1.13
2012.01.13 15:57:36.295,0.7697,0.76976,2.25,2.63
2012.01.13 15:57:48.167,0.76972,0.76976,1.50,1.13
2012.01.13 15:57:52.648,0.76969,0.76975,3.38,1.13
2012.01.13 15:57:52.942,0.7697,0.76975,1.50,1.13
2012.01.13 15:57:53.601,0.7697,0.76975,1.50,2.63
2012.01.13 15:57:53.708,0.76968,0.76975,1.88,3.38
2012.01.13 15:57:54.204,0.76968,0.76975,1.13,3.38
2012.01.13 15:57:55.224,0.76969,0.76975,1.13,3.38
2012.01.13 15:57:55.787,0.76969,0.76975,1.13,4.13
2012.01.13 15:57:56.703,0.76969,0.76975,1.13,2.63
2012.01.13 15:57:56.905,0.76969,0.76975,1.13,4.13
2012.01.13 15:57:57.468,0.76969,0.76974,1.13,2.25
2012.01.13 15:57:58.293,0.7697,0.76975,1.50,1.88
2012.01.13 15:57:58.817,0.76968,0.76974,1.50,1.50
2012.01.13 15:57:59.387,0.76969,0.76975,1.50,1.88
2012.01.13 15:58:00.102,0.76969,0.76973,1.50,1.13
2012.01.13 15:58:00.603,0.76968,0.76973,1.50,1.13
2012.01.13 15:58:02.016,0.7697,0.76976,1.50,2.25
2012.01.13 15:58:03.105,0.76968,0.76973,1.50,1.13
2012.01.13 15:58:03.605,0.76969,0.76974,1.50,1.13
2012.01.13 15:58:04.555,0.76968,0.76974,2.25,2.63
2012.01.13 15:58:04.648,0.7697,0.76974,1.50,1.13
2012.01.13 15:58:04.802,0.76968,0.76974,1.50,2.63
2012.01.13 15:58:06.038,0.76967,0.76972,1.13,1.50
2012.01.13 15:58:06.404,0.76965,0.76969,1.88,1.13
2012.01.13 15:58:06.961,0.76964,0.76969,2.63,1.13
2012.01.13 15:58:09.034,0.76964,0.76969,1.50,1.13
2012.01.13 15:58:09.521,0.76965,0.76969,1.50,1.13
2012.01.13 15:58:09.724,0.76965,0.76971,1.50,1.13
2012.01.13 15:58:11.293,0.76964,0.76968,1.50,1.13
2012.01.13 15:58:11.517,0.76963,0.76968,1.50,1.13
2012.01.13 15:58:12.006,0.76966,0.76972,1.50,5.10
2012.01.13 15:58:15.836,0.76963,0.76968,2.25,1.13
2012.01.13 15:58:16.343,0.76963,0.7697,2.25,1.13
2012.01.13 15:58:16.802,0.76965,0.7697,1.50,1.13
2012.01.13 15:58:23.107,0.76964,0.7697,2.25,2.63
2012.01.13 15:58:24.809,0.76966,0.7697,1.50,1.13
2012.01.13 15:58:26.890,0.76963,0.7697,2.25,1.13
2012.01.13 15:58:29.552,0.76972,0.76977,1.13,2.25
2012.01.13 15:58:29.640,0.76973,0.76978,2.25,1.13
2012.01.13 15:58:30.515,0.76973,0.76978,2.25,1.13
2012.01.13 15:58:30.727,0.76973,0.76981,2.25,1.50
2012.01.13 15:58:31.350,0.76973,0.76981,2.25,1.50
2012.01.13 15:58:31.850,0.76975,0.76983,2.25,4.88
2012.01.13 15:58:32.594,0.76973,0.76981,2.25,1.50
2012.01.13 15:58:33.125,0.76973,0.76978,2.25,1.13
2012.01.13 15:58:33.644,0.76973,0.76978,2.25,1.13
2012.01.13 15:58:34.473,0.76973,0.76981,3.38,2.63
2012.01.13 15:58:34.614,0.76975,0.76981,5.25,2.63
2012.01.13 15:58:34.955,0.7698,0.76984,1.13,1.50
2012.01.13 15:58:35.506,0.7698,0.76985,1.13,1.50
2012.01.13 15:58:38.948,0.76979,0.76985,2.63,1.50
2012.01.13 15:58:40.999,0.7698,0.76985,1.13,1.50
2012.01.13 15:58:43.151,0.76979,0.76985,2.63,1.50
2012.01.13 15:58:44.991,0.7698,0.76985,1.13,1.50
2012.01.13 15:58:45.517,0.76981,0.76985,1.13,1.50
2012.01.13 15:58:45.595,0.76981,0.76987,1.13,1.13
2012.01.13 15:58:46.370,0.7698,0.76988,1.50,3.38
2012.01.13 15:58:48.402,0.76982,0.76988,1.50,1.88
2012.01.13 15:58:48.674,0.7698,0.76988,3.75,3.38
2012.01.13 15:58:51.749,0.76981,0.76988,1.13,3.38
2012.01.13 15:58:56.014,0.7698,0.76988,2.25,3.38
2012.01.13 15:58:59.364,0.76981,0.76988,1.13,3.38
2012.01.13 15:59:02.403,0.76982,0.76988,1.13,1.50
2012.01.13 15:59:04.290,0.76982,0.76989,2.63,1.88
2012.01.13 15:59:05.287,0.76982,0.76987,1.13,1.50
2012.01.13 15:59:08.083,0.76983,0.76989,1.50,2.63
2012.01.13 15:59:08.574,0.76983,0.76988,1.50,1.13
2012.01.13 15:59:11.838,0.76981,0.76986,1.88,1.50
2012.01.13 15:59:12.595,0.7698,0.76986,1.50,1.50
2012.01.13 15:59:15.646,0.7698,0.76986,2.25,1.50
2012.01.13 15:59:15.727,0.76982,0.76988,2.25,2.63
2012.01.13 15:59:19.756,0.76984,0.7699,1.50,3.38
2012.01.13 15:59:20.148,0.76982,0.76988,1.50,1.50
2012.01.13 15:59:25.007,0.76983,0.7699,1.50,3.38
2012.01.13 15:59:25.340,0.76981,0.76989,4.88,2.25
2012.01.13 15:59:25.614,0.76986,0.7699,1.50,2.63
2012.01.13 15:59:26.704,0.76984,0.7699,1.50,3.38
2012.01.13 15:59:26.816,0.76982,0.7699,1.50,3.38
2012.01.13 15:59:27.355,0.76982,0.7699,1.50,3.38
2012.01.13 15:59:28.461,0.76982,0.7699,1.50,3.38
2012.01.13 15:59:30.025,0.76981,0.76988,3.38,1.50
2012.01.13 15:59:30.457,0.76976,0.7698,4.13,1.13
2012.01.13 15:59:30.631,0.76975,0.76983,2.25,1.50
2012.01.13 15:59:30.710,0.76975,0.7698,1.50,1.13
2012.01.13 15:59:30.786,0.76973,0.76978,1.13,1.50
2012.01.13 15:59:31.735,0.76974,0.7698,1.50,2.63
2012.01.13 15:59:32.955,0.76973,0.76978,1.13,1.50
2012.01.13 15:59:33.475,0.76972,0.76978,2.63,1.50
2012.01.13 15:59:34.393,0.76973,0.76979,2.25,1.13
2012.01.13 15:59:37.612,0.76973,0.76981,1.50,2.63
2012.01.13 15:59:39.196,0.76973,0.76981,1.50,3.38
2012.01.13 15:59:42.249,0.76973,0.76981,1.50,3.40
2012.01.13 15:59:42.787,0.76972,0.76978,2.63,1.50
2012.01.13 15:59:43.854,0.76972,0.76978,2.63,2.25
2012.01.13 15:59:44.341,0.76974,0.7698,1.50,2.25
2012.01.13 15:59:45.317,0.76974,0.7698,1.50,2.25
2012.01.13 15:59:45.609,0.76976,0.7698,2.10,1.50
2012.01.13 15:59:45.968,0.76979,0.76983,1.13,2.25
2012.01.13 15:59:46.050,0.76975,0.76983,4.89,3.00
2012.01.13 15:59:46.786,0.76977,0.76983,1.50,2.25
2012.01.13 15:59:48.392,0.76976,0.76984,1.50,2.65
2012.01.13 15:59:48.476,0.7698,0.76985,1.13,2.27
2012.01.13 15:59:49.225,0.7698,0.76985,1.13,2.25
2012.01.13 15:59:49.895,0.76981,0.76987,1.50,4.13
2012.01.13 15:59:49.975,0.76981,0.76987,1.50,3.38
2012.01.13 15:59:51.683,0.76977,0.76983,1.50,1.50
2012.01.13 15:59:51.764,0.76973,0.7698,3.38,1.13
2012.01.13 15:59:52.309,0.76973,0.7698,3.68,1.13
2012.01.13 15:59:53.519,0.76974,0.76981,1.88,2.63
2012.01.13 15:59:54.465,0.76979,0.76984,1.13,9.23
2012.01.13 15:59:55.135,0.76979,0.76985,2.63,1.50
2012.01.13 15:59:57.199,0.76979,0.76983,1.13,1.50
2012.01.13 15:59:57.275,0.76977,0.76983,2.63,1.50
