2010.02.05 19:00:00.023,0.89025,0.8904,18.90,7.10
2010.02.05 19:00:00.924,0.89025,0.8904,13.40,12.20
2010.02.05 19:00:01.220,0.89025,0.8904,5.60,13.00
2010.02.05 19:00:01.502,0.8902,0.8904,14.50,13.00
2010.02.05 19:00:01.914,0.89025,0.8904,4.80,12.70
2010.02.05 19:00:03.089,0.89025,0.89035,3.20,3.20
2010.02.05 19:00:03.446,0.89025,0.89035,1.60,3.20
2010.02.05 19:00:05.183,0.89025,0.8904,17.30,3.90
2010.02.05 19:00:05.549,0.8903,0.8904,6.40,1.60
2010.02.05 19:00:05.945,0.89035,0.89045,1.00,5.50
2010.02.05 19:00:06.295,0.89035,0.89045,1.00,3.20
2010.02.05 19:00:06.820,0.8904,0.8905,1.70,9.50
2010.02.05 19:00:07.187,0.8904,0.8905,1.60,5.50
2010.02.05 19:00:07.845,0.8904,0.8905,7.20,3.20
2010.02.05 19:00:08.207,0.8904,0.8905,8.00,3.20
2010.02.05 19:00:09.140,0.8904,0.8905,6.40,3.20
2010.02.05 19:00:10.035,0.8904,0.8905,10.40,1.60
2010.02.05 19:00:10.537,0.89045,0.8905,1.00,1.60
2010.02.05 19:00:10.739,0.89045,0.89055,2.40,4.90
2010.02.05 19:00:11.210,0.89045,0.89055,1.60,7.20
2010.02.05 19:00:11.570,0.89045,0.89055,1.00,6.40
2010.02.05 19:00:11.928,0.8904,0.89055,5.60,8.00
2010.02.05 19:00:12.687,0.8904,0.89055,5.60,6.40
2010.02.05 19:00:13.323,0.89045,0.89055,1.00,7.20
2010.02.05 19:00:13.684,0.89045,0.89055,2.50,7.20
2010.02.05 19:00:14.285,0.89045,0.89055,1.00,6.50
2010.02.05 19:00:14.646,0.89045,0.89055,2.40,5.80
2010.02.05 19:00:15.018,0.89045,0.89055,1.60,6.60
2010.02.05 19:00:15.354,0.89045,0.89055,1.60,6.50
2010.02.05 19:00:15.685,0.89055,0.89065,1.00,9.20
2010.02.05 19:00:16.296,0.89055,0.89065,4.00,1.00
2010.02.05 19:00:16.680,0.89055,0.89065,4.00,1.00
2010.02.05 19:00:17.032,0.89055,0.8907,4.00,10.30
2010.02.05 19:00:19.269,0.89055,0.89065,4.00,1.00
2010.02.05 19:00:19.888,0.89055,0.89065,3.20,10.30
2010.02.05 19:00:20.241,0.89055,0.8906,3.20,1.00
2010.02.05 19:00:21.260,0.89055,0.8907,18.90,6.30
2010.02.05 19:00:22.300,0.89055,0.8907,16.10,7.90
2010.02.05 19:00:22.933,0.89055,0.8907,9.70,10.70
2010.02.05 19:00:23.293,0.89055,0.89065,3.30,1.60
2010.02.05 19:00:23.461,0.89055,0.89065,3.20,1.60
2010.02.05 19:00:23.629,0.89055,0.89065,1.60,1.60
2010.02.05 19:00:23.797,0.89055,0.89065,1.60,3.20
2010.02.05 19:00:24.655,0.89055,0.89065,1.60,3.60
2010.02.05 19:00:25.013,0.89055,0.89065,8.00,3.60
2010.02.05 19:00:25.367,0.89055,0.89065,1.60,3.90
2010.02.05 19:00:28.354,0.8905,0.8906,5.60,1.60
2010.02.05 19:00:31.817,0.89045,0.8906,9.60,8.70
2010.02.05 19:00:32.667,0.89045,0.89055,5.60,1.00
2010.02.05 19:00:33.015,0.8905,0.8906,1.00,8.70
2010.02.05 19:00:34.448,0.89045,0.89055,2.40,5.60
2010.02.05 19:00:34.728,0.89045,0.89055,4.00,13.10
2010.02.05 19:00:35.123,0.8904,0.89055,5.70,13.10
2010.02.05 19:00:35.388,0.8904,0.89055,5.60,13.60
2010.02.05 19:00:35.734,0.8904,0.89055,5.70,13.50
2010.02.05 19:00:36.088,0.8904,0.89055,5.60,13.60
2010.02.05 19:00:36.709,0.8904,0.89055,5.70,13.50
2010.02.05 19:00:36.956,0.8904,0.89055,5.60,13.90
2010.02.05 19:00:38.200,0.8904,0.8905,4.80,1.00
2010.02.05 19:00:38.479,0.89035,0.8905,3.20,14.30
2010.02.05 19:00:38.833,0.89035,0.89045,1.60,1.60
2010.02.05 19:00:38.971,0.89035,0.89045,4.80,1.60
2010.02.05 19:00:39.763,0.89035,0.89045,3.20,2.40
2010.02.05 19:00:41.050,0.89035,0.89045,1.60,4.00
2010.02.05 19:00:45.141,0.89035,0.89045,3.20,4.00
2010.02.05 19:00:45.700,0.89035,0.89045,1.60,3.90
2010.02.05 19:00:46.133,0.8903,0.89045,5.70,3.90
2010.02.05 19:00:49.012,0.89035,0.89045,1.00,3.90
2010.02.05 19:00:51.309,0.89035,0.89045,1.70,3.20
2010.02.05 19:00:53.277,0.89035,0.89045,3.30,3.20
2010.02.05 19:00:59.514,0.89035,0.89045,1.60,3.20
2010.02.05 19:00:59.891,0.89035,0.8905,3.20,12.70
2010.02.05 19:01:06.961,0.89035,0.89045,3.20,3.90
2010.02.05 19:01:09.543,0.89035,0.89045,3.20,4.60
2010.02.05 19:01:11.754,0.89035,0.89045,3.20,1.40
2010.02.05 19:01:18.736,0.89035,0.89045,3.30,1.40
2010.02.05 19:01:18.941,0.89035,0.89045,4.80,1.00
2010.02.05 19:01:19.382,0.89035,0.89045,1.60,4.10
2010.02.05 19:01:20.104,0.89035,0.89045,1.60,3.90
2010.02.05 19:01:20.744,0.89035,0.89045,1.60,4.10
2010.02.05 19:01:22.313,0.89035,0.8904,1.60,4.00
2010.02.05 19:01:22.551,0.8903,0.8904,1.60,5.50
2010.02.05 19:01:22.786,0.8903,0.8904,1.60,9.50
2010.02.05 19:01:23.136,0.8903,0.8904,1.60,11.90
2010.02.05 19:01:23.382,0.8903,0.8904,1.60,8.10
2010.02.05 19:01:27.371,0.8903,0.8904,1.60,8.90
2010.02.05 19:01:27.568,0.8903,0.8904,1.60,11.30
2010.02.05 19:01:27.926,0.8903,0.8904,1.60,9.70
2010.02.05 19:01:28.278,0.8903,0.8904,1.60,8.10
2010.02.05 19:01:28.628,0.8903,0.8904,1.60,8.90
2010.02.05 19:01:29.469,0.8903,0.8904,1.60,8.10
2010.02.05 19:01:31.743,0.8903,0.8904,1.60,8.90
2010.02.05 19:01:34.306,0.8903,0.8904,1.60,8.80
2010.02.05 19:01:35.746,0.8903,0.8904,1.60,10.40
2010.02.05 19:01:36.971,0.8903,0.89035,1.60,1.00
2010.02.05 19:01:37.336,0.89025,0.89035,2.40,1.50
2010.02.05 19:01:37.980,0.89025,0.8904,4.00,10.40
2010.02.05 19:01:38.917,0.89025,0.8904,5.60,10.40
2010.02.05 19:01:44.871,0.8903,0.8904,8.00,4.80
2010.02.05 19:01:45.255,0.8903,0.8904,8.00,4.10
2010.02.05 19:01:48.046,0.8903,0.89045,9.60,6.30
2010.02.05 19:01:48.405,0.8903,0.89045,8.00,6.30
2010.02.05 19:01:49.073,0.8903,0.89045,4.00,5.50
2010.02.05 19:01:49.643,0.8903,0.89045,5.60,3.90
2010.02.05 19:01:51.644,0.8903,0.89045,5.70,3.90
2010.02.05 19:01:51.962,0.8903,0.89045,4.00,1.00
2010.02.05 19:01:53.289,0.8903,0.89045,4.00,3.90
2010.02.05 19:01:54.308,0.8903,0.89045,5.60,3.90
2010.02.05 19:02:04.419,0.8903,0.89045,4.00,3.90
2010.02.05 19:02:06.251,0.8903,0.89045,1.60,5.50
2010.02.05 19:02:06.885,0.8903,0.8904,1.60,1.60
2010.02.05 19:02:09.081,0.8903,0.8904,5.60,1.60
2010.02.05 19:02:09.470,0.8903,0.89045,8.00,6.30
2010.02.05 19:02:09.589,0.8903,0.89045,9.60,6.30
2010.02.05 19:02:11.091,0.8903,0.89045,10.40,3.90
2010.02.05 19:02:11.537,0.89035,0.89045,3.20,1.00
2010.02.05 19:02:11.696,0.89035,0.8905,4.00,3.90
2010.02.05 19:02:11.854,0.89035,0.8905,5.60,3.90
2010.02.05 19:02:20.140,0.89035,0.8905,4.80,10.10
2010.02.05 19:02:20.674,0.89035,0.89045,3.20,3.20
2010.02.05 19:02:20.891,0.89035,0.89045,3.20,3.90
2010.02.05 19:02:23.738,0.89035,0.89045,3.20,4.70
2010.02.05 19:02:26.100,0.89035,0.89045,1.60,4.70
2010.02.05 19:02:27.055,0.8903,0.89045,9.60,4.70
2010.02.05 19:02:27.721,0.8903,0.89045,9.60,6.30
2010.02.05 19:02:29.520,0.8903,0.8904,4.00,8.80
2010.02.05 19:02:29.721,0.8903,0.8904,4.00,11.70
2010.02.05 19:02:29.922,0.8903,0.8904,4.00,13.30
2010.02.05 19:02:31.312,0.8903,0.8904,4.80,4.00
2010.02.05 19:02:31.655,0.8903,0.8904,9.60,1.60
2010.02.05 19:02:32.254,0.8903,0.89045,4.00,9.50
2010.02.05 19:02:32.629,0.8903,0.89035,6.40,1.00
2010.02.05 19:02:32.980,0.8903,0.8904,6.40,1.60
2010.02.05 19:02:33.599,0.8903,0.8904,8.00,1.60
2010.02.05 19:02:33.917,0.8903,0.8904,6.40,5.60
2010.02.05 19:02:34.222,0.8903,0.8904,5.60,5.60
2010.02.05 19:02:34.793,0.8903,0.8904,5.60,9.50
2010.02.05 19:02:34.880,0.8903,0.8904,4.00,11.10
2010.02.05 19:02:35.220,0.8903,0.8904,4.00,10.30
2010.02.05 19:02:37.057,0.89025,0.89035,9.80,2.30
2010.02.05 19:02:37.358,0.8902,0.89035,10.40,5.50
2010.02.05 19:02:39.424,0.89025,0.89035,5.60,1.00
2010.02.05 19:02:39.947,0.89025,0.89035,4.00,1.00
2010.02.05 19:02:40.320,0.89025,0.89035,5.60,1.00
2010.02.05 19:02:40.971,0.8903,0.8904,4.00,9.50
2010.02.05 19:02:41.358,0.8903,0.8904,4.00,4.80
2010.02.05 19:02:42.012,0.8903,0.8904,6.40,4.80
2010.02.05 19:02:43.985,0.8903,0.8904,6.40,3.20
2010.02.05 19:02:44.406,0.8903,0.89045,6.40,6.30
2010.02.05 19:02:46.663,0.8903,0.8904,6.40,1.60
2010.02.05 19:02:48.164,0.8903,0.89045,7.20,9.50
2010.02.05 19:02:48.472,0.8903,0.89045,8.80,9.50
2010.02.05 19:02:49.366,0.8903,0.89045,8.80,5.50
2010.02.05 19:02:49.628,0.8903,0.89045,8.80,9.50
2010.02.05 19:02:49.870,0.89035,0.89045,1.00,6.30
2010.02.05 19:02:50.370,0.8903,0.89045,9.60,6.30
2010.02.05 19:02:50.725,0.8903,0.89045,9.60,9.50
2010.02.05 19:02:51.625,0.89035,0.89045,1.00,9.50
2010.02.05 19:02:52.754,0.8903,0.89045,8.80,9.50
2010.02.05 19:02:53.130,0.8903,0.89045,8.80,5.50
2010.02.05 19:02:53.846,0.8903,0.89045,8.90,5.50
2010.02.05 19:02:54.206,0.8903,0.89045,8.80,5.50
2010.02.05 19:02:54.514,0.8903,0.89045,8.80,4.80
2010.02.05 19:02:55.090,0.89025,0.89045,21.30,5.50
2010.02.05 19:02:55.453,0.8903,0.89045,8.90,9.50
2010.02.05 19:02:56.099,0.89035,0.89045,1.00,9.50
2010.02.05 19:02:56.323,0.8903,0.89045,10.00,9.50
2010.02.05 19:02:56.997,0.8903,0.89045,8.80,9.50
2010.02.05 19:02:57.960,0.89035,0.89045,1.00,3.20
2010.02.05 19:02:58.332,0.89035,0.89045,1.00,7.90
2010.02.05 19:02:59.595,0.89035,0.89045,3.30,1.00
2010.02.05 19:02:59.939,0.89045,0.8905,4.80,5.60
2010.02.05 19:03:00.276,0.89045,0.8905,4.80,1.60
2010.02.05 19:03:00.884,0.8905,0.89055,1.60,2.30
2010.02.05 19:03:01.310,0.8905,0.89055,6.40,1.00
2010.02.05 19:03:01.516,0.8905,0.8906,8.80,5.60
2010.02.05 19:03:02.126,0.89055,0.8906,1.70,4.00
2010.02.05 19:03:02.458,0.8906,0.89065,4.80,1.00
2010.02.05 19:03:03.017,0.8906,0.8907,1.00,8.80
2010.02.05 19:03:03.383,0.8906,0.8907,4.80,9.50
2010.02.05 19:03:04.008,0.8906,0.8907,4.80,1.60
2010.02.05 19:03:04.098,0.8906,0.8907,1.00,4.80
2010.02.05 19:03:04.341,0.89055,0.8907,4.00,5.50
2010.02.05 19:03:04.580,0.89055,0.8907,4.80,5.50
2010.02.05 19:03:04.922,0.89055,0.8907,6.40,9.50
2010.02.05 19:03:05.257,0.89055,0.8907,4.80,9.50
2010.02.05 19:03:07.195,0.89055,0.8907,6.40,9.50
2010.02.05 19:03:07.554,0.8906,0.89065,4.80,3.10
2010.02.05 19:03:08.093,0.8906,0.89065,6.40,1.00
2010.02.05 19:03:08.392,0.8906,0.8907,8.00,5.60
2010.02.05 19:03:09.883,0.8906,0.8907,8.00,4.00
2010.02.05 19:03:12.557,0.8906,0.8907,7.20,4.00
2010.02.05 19:03:13.097,0.8906,0.89075,7.20,14.80
2010.02.05 19:03:13.429,0.8906,0.89075,7.20,18.00
2010.02.05 19:03:14.988,0.8906,0.89075,9.60,9.50
2010.02.05 19:03:16.332,0.89055,0.89075,16.00,9.50
2010.02.05 19:03:16.935,0.89065,0.89075,3.20,9.50
2010.02.05 19:03:17.767,0.89065,0.89075,3.20,3.90
2010.02.05 19:03:19.305,0.89065,0.89075,4.80,3.90
2010.02.05 19:03:19.413,0.89065,0.89075,4.80,6.30
2010.02.05 19:03:19.462,0.89065,0.89075,4.80,10.30
2010.02.05 19:03:19.663,0.89065,0.89075,3.20,11.90
2010.02.05 19:03:19.761,0.89065,0.89075,3.20,10.30
2010.02.05 19:03:19.942,0.89065,0.89075,3.20,11.90
2010.02.05 19:03:20.278,0.89065,0.89075,3.20,13.10
2010.02.05 19:03:20.964,0.89065,0.89075,4.80,5.50
2010.02.05 19:03:21.319,0.89065,0.89075,4.80,3.20
2010.02.05 19:03:21.563,0.89065,0.89075,4.80,1.60
2010.02.05 19:03:22.742,0.89065,0.8908,6.40,7.90
2010.02.05 19:03:23.259,0.8907,0.8908,1.60,7.90
2010.02.05 19:03:25.891,0.8907,0.8908,1.60,8.70
2010.02.05 19:03:29.244,0.8907,0.8908,7.20,3.20
2010.02.05 19:03:29.659,0.8907,0.89085,8.80,14.70
2010.02.05 19:03:29.860,0.8907,0.89085,8.80,13.10
2010.02.05 19:03:30.916,0.8907,0.89085,8.80,14.70
2010.02.05 19:03:31.256,0.8907,0.89085,8.80,11.50
2010.02.05 19:03:31.728,0.89075,0.89085,1.60,3.10
2010.02.05 19:03:32.091,0.89075,0.89085,4.80,1.60
2010.02.05 19:03:32.450,0.89075,0.89085,5.60,1.60
2010.02.05 19:03:33.408,0.8908,0.8909,5.60,4.80
2010.02.05 19:03:34.026,0.8908,0.8909,6.40,3.20
2010.02.05 19:03:35.359,0.8908,0.8909,6.40,4.80
2010.02.05 19:03:35.978,0.8908,0.8909,6.40,4.80
2010.02.05 19:03:36.215,0.89085,0.89095,1.60,4.30
2010.02.05 19:03:36.781,0.8909,0.89095,1.00,7.40
2010.02.05 19:03:37.140,0.8908,0.89095,6.40,3.90
2010.02.05 19:03:37.788,0.8908,0.8909,3.20,3.20
2010.02.05 19:03:38.151,0.8908,0.89095,3.20,3.90
2010.02.05 19:03:38.513,0.89085,0.8909,2.70,1.60
2010.02.05 19:03:39.113,0.89085,0.89095,5.60,2.30
2010.02.05 19:03:39.445,0.89085,0.891,5.60,13.50
2010.02.05 19:03:40.007,0.89085,0.89095,4.80,2.30
2010.02.05 19:03:40.386,0.89085,0.89095,4.90,1.60
2010.02.05 19:03:40.761,0.8909,0.89095,4.80,1.60
2010.02.05 19:03:41.107,0.89085,0.891,5.70,7.90
2010.02.05 19:03:41.444,0.89085,0.891,5.70,9.50
2010.02.05 19:03:42.235,0.89085,0.89095,4.90,1.60
2010.02.05 19:03:42.918,0.89085,0.89095,4.80,1.60
2010.02.05 19:03:43.625,0.8909,0.891,1.00,7.90
2010.02.05 19:03:43.923,0.89085,0.891,6.40,11.90
2010.02.05 19:03:44.220,0.89085,0.891,6.40,7.90
2010.02.05 19:03:44.516,0.89085,0.89095,6.40,1.60
2010.02.05 19:03:44.860,0.8908,0.89095,16.00,13.60
2010.02.05 19:03:45.123,0.8908,0.89095,8.00,17.70
2010.02.05 19:03:45.610,0.8908,0.89085,1.60,8.00
2010.02.05 19:03:45.883,0.89075,0.89085,1.60,10.30
2010.02.05 19:03:46.525,0.89085,0.8909,1.00,3.20
2010.02.05 19:03:46.885,0.89085,0.89095,4.90,2.30
2010.02.05 19:03:48.499,0.8909,0.891,4.80,9.50
2010.02.05 19:03:48.765,0.8909,0.89105,10.50,13.50
2010.02.05 19:03:49.314,0.89095,0.89105,3.20,3.20
2010.02.05 19:03:49.607,0.89095,0.89105,10.40,1.00
2010.02.05 19:03:49.904,0.89095,0.8911,5.60,5.50
2010.02.05 19:03:50.239,0.891,0.8911,3.20,2.30
2010.02.05 19:03:50.571,0.89105,0.89115,3.20,3.90
2010.02.05 19:03:53.007,0.89105,0.89115,4.00,3.90
2010.02.05 19:03:53.266,0.89105,0.8912,4.00,9.50
2010.02.05 19:03:53.768,0.8911,0.8912,3.20,5.50
2010.02.05 19:03:54.103,0.8911,0.8912,3.20,3.90
2010.02.05 19:03:54.995,0.8911,0.8912,3.20,9.50
2010.02.05 19:03:55.079,0.89105,0.8912,4.80,9.50
2010.02.05 19:03:57.251,0.89105,0.8911,6.40,1.60
2010.02.05 19:03:57.502,0.89105,0.8911,3.20,1.00
2010.02.05 19:03:58.022,0.89105,0.8912,1.70,12.70
2010.02.05 19:03:58.270,0.89105,0.8912,4.10,3.90
2010.02.05 19:03:58.644,0.8911,0.89125,2.40,9.50
2010.02.05 19:03:59.026,0.8911,0.8912,1.60,3.20
2010.02.05 19:04:02.202,0.8911,0.8912,1.60,5.50
2010.02.05 19:04:02.465,0.89115,0.8912,1.00,4.80
2010.02.05 19:04:02.833,0.8911,0.89125,16.00,5.50
2010.02.05 19:04:03.428,0.89115,0.89125,4.70,5.50
2010.02.05 19:04:03.736,0.89115,0.89125,3.90,5.50
2010.02.05 19:04:04.049,0.89115,0.89125,3.90,2.30
2010.02.05 19:04:04.355,0.89115,0.89125,4.80,1.00
2010.02.05 19:04:06.274,0.8912,0.8913,7.20,1.00
2010.02.05 19:04:06.542,0.8912,0.89135,7.20,13.50
2010.02.05 19:04:06.789,0.8912,0.89135,8.00,13.50
2010.02.05 19:04:07.153,0.8912,0.89135,8.80,5.50
2010.02.05 19:04:07.514,0.89125,0.89135,4.00,1.60
2010.02.05 19:04:09.120,0.8913,0.8914,4.00,3.90
2010.02.05 19:04:09.492,0.8913,0.8914,8.00,1.00
2010.02.05 19:04:09.792,0.8913,0.89145,10.40,3.20
2010.02.05 19:04:10.354,0.89135,0.89145,1.60,3.20
2010.02.05 19:04:11.623,0.89135,0.89145,1.60,4.80
2010.02.05 19:04:12.806,0.89135,0.89145,4.00,1.60
2010.02.05 19:04:13.072,0.8914,0.8915,4.80,3.20
2010.02.05 19:04:14.265,0.8914,0.8915,5.60,3.20
2010.02.05 19:04:15.462,0.8914,0.89155,8.80,9.50
2010.02.05 19:04:15.869,0.89145,0.89155,3.20,2.30
2010.02.05 19:04:15.992,0.89145,0.8916,12.00,5.40
2010.02.05 19:04:16.215,0.8915,0.89155,1.60,3.10
2010.02.05 19:04:16.579,0.89145,0.89155,4.80,11.90
2010.02.05 19:04:16.950,0.8914,0.89155,5.60,13.50
2010.02.05 19:04:17.597,0.8914,0.8915,5.60,3.20
2010.02.05 19:04:18.476,0.8914,0.8915,4.00,5.50
2010.02.05 19:04:18.998,0.89135,0.8915,4.00,13.50
2010.02.05 19:04:20.230,0.89135,0.89145,3.20,4.80
2010.02.05 19:04:20.525,0.8913,0.89145,5.60,13.50
2010.02.05 19:04:20.826,0.8913,0.89145,4.00,13.50
2010.02.05 19:04:20.896,0.8913,0.89145,9.20,13.50
2010.02.05 19:04:20.957,0.8913,0.8914,9.20,1.00
2010.02.05 19:04:21.588,0.8913,0.8914,10.00,1.00
2010.02.05 19:04:21.927,0.89135,0.89145,4.00,5.50
2010.02.05 19:04:22.292,0.89135,0.89145,8.80,2.30
2010.02.05 19:04:22.641,0.89135,0.89145,7.20,3.90
2010.02.05 19:04:24.469,0.89135,0.89145,7.20,3.90
2010.02.05 19:04:24.672,0.89135,0.89145,4.00,5.50
2010.02.05 19:04:25.025,0.89135,0.89145,1.60,3.90
2010.02.05 19:04:25.412,0.8913,0.89145,10.40,4.80
2010.02.05 19:04:26.386,0.8913,0.89145,10.40,4.80
2010.02.05 19:04:27.350,0.8913,0.89145,9.60,5.60
2010.02.05 19:04:27.989,0.89135,0.89145,3.20,1.60
2010.02.05 19:04:29.611,0.8913,0.89145,5.70,15.90
2010.02.05 19:04:30.283,0.8913,0.8914,2.40,7.90
2010.02.05 19:04:30.642,0.8913,0.8914,1.00,5.50
2010.02.05 19:04:32.626,0.8913,0.89135,1.00,4.00
2010.02.05 19:04:32.970,0.8912,0.89135,4.80,13.50
2010.02.05 19:04:33.630,0.8912,0.8913,1.60,7.90
2010.02.05 19:04:33.993,0.8912,0.8913,1.60,9.50
2010.02.05 19:04:34.486,0.89115,0.8913,5.60,9.50
2010.02.05 19:04:35.443,0.89115,0.89125,5.60,1.60
2010.02.05 19:04:35.803,0.8912,0.8913,8.80,3.20
2010.02.05 19:04:35.931,0.8912,0.89135,8.10,6.20
2010.02.05 19:04:36.067,0.89125,0.89135,1.60,3.90
2010.02.05 19:04:36.482,0.8912,0.8913,2.40,3.20
2010.02.05 19:04:37.543,0.8912,0.8913,2.40,3.90
2010.02.05 19:04:37.896,0.8912,0.8913,1.60,3.90
2010.02.05 19:04:38.640,0.8912,0.8913,1.60,2.30
2010.02.05 19:04:39.473,0.8912,0.8913,1.60,3.90
2010.02.05 19:04:39.692,0.8912,0.8913,10.40,1.60
2010.02.05 19:04:40.405,0.8912,0.8913,8.80,1.60
2010.02.05 19:04:41.570,0.89125,0.8913,6.40,1.00
2010.02.05 19:04:42.058,0.89125,0.89135,8.40,2.30
2010.02.05 19:04:42.285,0.89125,0.89135,6.40,2.30
2010.02.05 19:04:43.548,0.89125,0.89135,10.40,2.30
2010.02.05 19:04:43.979,0.8913,0.89145,9.60,6.30
2010.02.05 19:04:44.279,0.8913,0.89145,10.40,5.50
2010.02.05 19:04:44.639,0.8913,0.89145,8.80,5.50
2010.02.05 19:04:44.996,0.8913,0.89145,10.40,5.50
2010.02.05 19:04:45.712,0.8913,0.89145,2.40,5.50
2010.02.05 19:04:45.837,0.8913,0.89145,2.40,9.50
2010.02.05 19:04:45.945,0.8913,0.89145,2.40,5.50
2010.02.05 19:04:46.359,0.8913,0.89145,6.40,5.50
2010.02.05 19:04:46.612,0.8913,0.89145,6.40,5.50
2010.02.05 19:04:47.005,0.8913,0.89145,10.40,5.50
2010.02.05 19:04:47.364,0.8913,0.89145,8.80,4.80
2010.02.05 19:04:48.353,0.8913,0.89145,7.20,9.50
2010.02.05 19:04:48.689,0.8913,0.89145,8.80,3.20
2010.02.05 19:04:49.017,0.8913,0.89145,10.40,3.20
2010.02.05 19:04:50.551,0.8913,0.89145,8.80,4.80
2010.02.05 19:04:50.916,0.8913,0.89145,4.80,6.40
2010.02.05 19:04:51.143,0.8913,0.89145,3.20,10.30
2010.02.05 19:04:51.341,0.8913,0.89145,4.80,10.30
2010.02.05 19:04:52.728,0.8913,0.89145,3.20,10.30
2010.02.05 19:04:53.086,0.8913,0.89145,4.80,10.30
2010.02.05 19:04:53.847,0.8913,0.89145,1.00,11.90
2010.02.05 19:04:59.748,0.8914,0.89145,1.00,9.50
2010.02.05 19:05:00.019,0.8914,0.89145,1.60,1.00
2010.02.05 19:05:00.565,0.89135,0.8915,6.40,3.90
2010.02.05 19:05:00.829,0.89135,0.89145,1.00,1.60
2010.02.05 19:05:02.182,0.8913,0.8914,5.60,1.00
2010.02.05 19:05:02.480,0.8913,0.8914,1.00,1.00
2010.02.05 19:05:03.084,0.8913,0.8914,1.00,1.60
2010.02.05 19:05:04.070,0.8913,0.8914,1.00,1.60
2010.02.05 19:05:05.175,0.8913,0.8914,5.60,1.60
2010.02.05 19:05:05.414,0.89135,0.8914,1.00,1.00
2010.02.05 19:05:06.840,0.89135,0.8914,4.80,1.00
2010.02.05 19:05:11.505,0.89135,0.8914,4.00,1.00
2010.02.05 19:05:11.757,0.89135,0.89145,4.00,3.90
2010.02.05 19:05:12.118,0.89135,0.8914,4.00,1.00
2010.02.05 19:05:12.466,0.89135,0.8914,4.00,1.60
2010.02.05 19:05:13.493,0.89135,0.8914,4.00,1.00
2010.02.05 19:05:13.757,0.8914,0.89145,4.80,3.90
2010.02.05 19:05:14.034,0.89135,0.89145,4.80,1.00
2010.02.05 19:05:14.405,0.89135,0.89145,6.40,1.00
2010.02.05 19:05:14.957,0.89135,0.89145,5.60,1.00
2010.02.05 19:05:17.183,0.89135,0.89145,4.00,1.00
2010.02.05 19:05:19.653,0.89135,0.8914,4.00,1.00
2010.02.05 19:05:21.795,0.89135,0.8914,4.80,1.00
2010.02.05 19:05:25.996,0.89135,0.89145,4.80,3.90
2010.02.05 19:05:26.660,0.89135,0.8914,1.00,1.00
2010.02.05 19:05:27.014,0.89135,0.8914,4.00,1.00
2010.02.05 19:05:27.538,0.89135,0.89145,4.80,9.50
2010.02.05 19:05:27.880,0.89125,0.89135,7.70,1.00
2010.02.05 19:05:28.252,0.89125,0.89135,4.80,2.30
2010.02.05 19:05:28.618,0.89125,0.8913,4.80,1.00
2010.02.05 19:05:29.863,0.89125,0.89135,4.80,2.30
2010.02.05 19:05:30.134,0.89125,0.89135,4.80,3.80
2010.02.05 19:05:30.401,0.89125,0.8913,4.80,1.00
2010.02.05 19:05:32.385,0.89125,0.89135,4.80,3.20
2010.02.05 19:05:33.450,0.89125,0.89135,4.80,3.10
2010.02.05 19:05:33.799,0.8913,0.8914,4.80,3.90
2010.02.05 19:05:35.104,0.8913,0.8914,4.80,2.30
2010.02.05 19:05:36.317,0.8914,0.89145,4.00,8.70
2010.02.05 19:05:36.674,0.8914,0.8915,4.80,7.90
2010.02.05 19:05:36.971,0.8914,0.8915,4.80,3.90
2010.02.05 19:05:37.504,0.8914,0.89145,4.80,1.60
2010.02.05 19:05:37.797,0.89135,0.89145,6.40,1.00
2010.02.05 19:05:38.690,0.89135,0.8915,4.80,10.30
2010.02.05 19:05:39.049,0.89135,0.8915,7.20,1.50
2010.02.05 19:05:39.405,0.89135,0.8915,11.20,1.50
2010.02.05 19:05:39.772,0.89135,0.8915,15.30,1.50
2010.02.05 19:05:40.072,0.89135,0.8915,11.20,1.50
2010.02.05 19:05:40.374,0.89135,0.8915,14.10,1.00
2010.02.05 19:05:40.697,0.8914,0.8915,6.40,1.00
2010.02.05 19:05:41.005,0.8914,0.89155,4.80,16.70
2010.02.05 19:05:42.050,0.8914,0.89155,6.40,16.70
2010.02.05 19:05:42.650,0.8914,0.89155,6.40,19.10
2010.02.05 19:05:42.975,0.8914,0.89155,6.40,19.10
2010.02.05 19:05:43.291,0.8914,0.89155,6.50,19.10
2010.02.05 19:05:43.621,0.8915,0.89155,7.20,1.00
2010.02.05 19:05:43.995,0.8916,0.89165,1.00,1.00
2010.02.05 19:05:44.352,0.89165,0.8918,5.30,6.70
2010.02.05 19:05:44.960,0.89165,0.8918,8.50,1.00
2010.02.05 19:05:45.316,0.8917,0.8918,4.80,1.00
2010.02.05 19:05:45.946,0.89175,0.89185,4.00,2.30
2010.02.05 19:05:46.305,0.89175,0.8919,4.50,11.10
2010.02.05 19:05:46.663,0.89175,0.8919,4.50,9.50
2010.02.05 19:05:47.555,0.89185,0.8919,5.30,4.80
2010.02.05 19:05:47.842,0.89185,0.89195,5.60,1.60
2010.02.05 19:05:48.125,0.8919,0.89195,4.00,1.60
2010.02.05 19:05:48.690,0.8919,0.892,4.50,2.30
2010.02.05 19:05:48.975,0.8919,0.89205,4.50,11.90
2010.02.05 19:05:49.268,0.8919,0.892,4.50,1.00
2010.02.05 19:05:50.015,0.8919,0.89205,4.80,10.30
2010.02.05 19:05:50.185,0.89195,0.89205,4.00,4.70
2010.02.05 19:05:50.351,0.89195,0.89205,4.00,11.90
2010.02.05 19:05:51.059,0.89195,0.89205,5.60,11.80
2010.02.05 19:05:51.414,0.8919,0.89205,6.10,13.40
2010.02.05 19:05:51.690,0.8919,0.89205,10.90,11.80
2010.02.05 19:05:52.070,0.8919,0.89205,9.70,13.40
2010.02.05 19:05:52.350,0.8919,0.89205,8.50,11.80
2010.02.05 19:05:53.464,0.8919,0.89205,8.10,11.80
2010.02.05 19:05:53.710,0.8919,0.89205,7.20,11.90
2010.02.05 19:05:54.385,0.8919,0.89205,7.30,11.80
2010.02.05 19:05:54.684,0.8919,0.89205,7.20,11.90
2010.02.05 19:05:54.978,0.8919,0.89205,7.30,11.80
2010.02.05 19:05:55.974,0.89195,0.89205,1.00,7.80
2010.02.05 19:05:56.137,0.89195,0.89205,7.20,7.80
2010.02.05 19:05:56.473,0.89195,0.89205,8.80,7.80
2010.02.05 19:05:56.653,0.89195,0.89205,9.10,2.40
2010.02.05 19:05:56.824,0.89195,0.89205,3.60,4.70
2010.02.05 19:05:57.297,0.892,0.89205,2.50,1.00
2010.02.05 19:05:57.673,0.89215,0.8923,5.60,1.20
2010.02.05 19:05:58.280,0.89215,0.89235,5.60,8.80
2010.02.05 19:05:59.279,0.8922,0.8923,1.00,5.60
2010.02.05 19:05:59.634,0.89215,0.8923,9.60,2.30
2010.02.05 19:05:59.995,0.89225,0.8923,4.00,1.00
2010.02.05 19:06:00.351,0.89225,0.8923,1.00,1.00
2010.02.05 19:06:00.692,0.8922,0.89235,7.20,6.30
2010.02.05 19:06:01.040,0.8922,0.89235,4.80,5.50
2010.02.05 19:06:01.391,0.8922,0.89235,5.60,6.30
2010.02.05 19:06:01.705,0.8922,0.89235,5.60,7.90
2010.02.05 19:06:03.915,0.8922,0.8923,5.60,1.60
2010.02.05 19:06:04.395,0.8922,0.8923,4.80,1.60
2010.02.05 19:06:04.947,0.8922,0.89235,4.80,7.90
2010.02.05 19:06:05.896,0.8922,0.89235,5.60,7.90
2010.02.05 19:06:07.879,0.8922,0.8923,5.60,1.60
2010.02.05 19:06:09.143,0.8922,0.8923,4.80,1.60
2010.02.05 19:06:09.442,0.8922,0.89225,4.00,2.40
2010.02.05 19:06:09.705,0.89215,0.8922,2.00,1.60
2010.02.05 19:06:09.970,0.8921,0.8922,7.20,1.60
2010.02.05 19:06:10.520,0.89215,0.89225,4.00,6.30
2010.02.05 19:06:10.677,0.89215,0.89225,4.00,2.30
2010.02.05 19:06:10.824,0.89215,0.89225,4.00,1.00
2010.02.05 19:06:14.727,0.89215,0.89225,4.00,1.00
2010.02.05 19:06:17.342,0.8921,0.89225,5.60,4.70
2010.02.05 19:06:17.553,0.89215,0.89225,4.00,5.50
2010.02.05 19:06:17.759,0.89215,0.89225,4.00,4.70
2010.02.05 19:06:17.957,0.89215,0.89225,4.00,6.70
2010.02.05 19:06:18.588,0.8921,0.89225,4.80,11.50
2010.02.05 19:06:18.954,0.89205,0.89215,6.40,1.90
2010.02.05 19:06:19.316,0.892,0.8921,1.00,1.00
2010.02.05 19:06:19.686,0.89195,0.89205,9.60,1.00
2010.02.05 19:06:20.383,0.89195,0.89205,5.60,1.00
2010.02.05 19:06:22.118,0.89195,0.8921,6.40,3.90
2010.02.05 19:06:22.490,0.89195,0.892,6.40,1.00
2010.02.05 19:06:22.683,0.8919,0.892,17.60,1.00
2010.02.05 19:06:22.868,0.8919,0.892,9.60,1.00
2010.02.05 19:06:23.333,0.8919,0.89205,9.60,6.30
2010.02.05 19:06:23.579,0.8919,0.89205,8.80,6.30
2010.02.05 19:06:24.082,0.8919,0.89205,8.40,6.30
2010.02.05 19:06:24.380,0.8919,0.89205,6.40,6.30
2010.02.05 19:06:28.276,0.8919,0.89205,4.80,6.30
2010.02.05 19:06:29.370,0.892,0.8921,4.00,13.60
2010.02.05 19:06:29.811,0.89195,0.89205,7.20,1.00
2010.02.05 19:06:30.035,0.8919,0.89205,4.00,6.30
2010.02.05 19:06:30.303,0.8919,0.89205,2.40,6.30
2010.02.05 19:06:30.568,0.8919,0.89205,2.40,2.30
2010.02.05 19:06:30.831,0.8919,0.89205,4.00,2.30
2010.02.05 19:06:31.088,0.8919,0.89205,2.40,2.30
2010.02.05 19:06:31.677,0.8919,0.89205,1.60,2.30
2010.02.05 19:06:33.244,0.8919,0.89205,1.60,3.10
2010.02.05 19:06:33.410,0.89195,0.89205,2.00,7.10
2010.02.05 19:06:34.026,0.8919,0.89205,4.00,10.70
2010.02.05 19:06:34.392,0.8919,0.89205,4.00,11.90
2010.02.05 19:06:35.201,0.8919,0.89205,5.60,11.90
2010.02.05 19:06:36.388,0.8919,0.89205,4.00,14.30
2010.02.05 19:06:36.740,0.89195,0.89205,4.00,11.10
2010.02.05 19:06:36.978,0.89195,0.89205,4.00,3.90
2010.02.05 19:06:37.827,0.8919,0.89205,4.00,12.70
2010.02.05 19:06:38.149,0.8919,0.89205,4.00,14.30
2010.02.05 19:06:38.473,0.89185,0.89205,13.60,14.30
2010.02.05 19:06:38.805,0.89185,0.89205,17.20,14.30
2010.02.05 19:06:39.162,0.89185,0.89205,17.20,10.30
2010.02.05 19:06:40.255,0.89185,0.892,17.20,1.00
2010.02.05 19:06:40.792,0.89185,0.892,17.20,2.30
2010.02.05 19:06:41.135,0.89185,0.892,7.60,6.30
2010.02.05 19:06:41.369,0.89185,0.89195,1.00,2.40
2010.02.05 19:06:41.523,0.89185,0.89195,1.00,3.90
2010.02.05 19:06:41.948,0.89185,0.89195,1.00,7.10
2010.02.05 19:06:46.911,0.89185,0.8919,1.00,1.00
2010.02.05 19:06:47.589,0.8918,0.8919,1.00,1.00
2010.02.05 19:06:47.948,0.89175,0.8919,22.90,1.00
2010.02.05 19:06:48.302,0.89175,0.8919,6.40,4.70
2010.02.05 19:06:48.658,0.89175,0.8919,2.40,7.90
2010.02.05 19:06:49.016,0.89175,0.8919,1.00,11.90
2010.02.05 19:06:49.752,0.89175,0.89185,1.00,2.30
2010.02.05 19:06:50.408,0.89175,0.89185,1.00,1.00
2010.02.05 19:06:51.466,0.89175,0.89185,1.00,1.50
2010.02.05 19:06:51.818,0.89175,0.89185,1.00,3.10
2010.02.05 19:06:52.170,0.89175,0.89185,1.00,4.70
2010.02.05 19:06:53.302,0.89175,0.89185,1.00,3.90
2010.02.05 19:06:53.659,0.89175,0.89185,1.00,2.30
2010.02.05 19:06:54.406,0.89175,0.89185,1.00,2.30
2010.02.05 19:06:54.862,0.8917,0.89185,2.20,3.90
2010.02.05 19:06:55.710,0.8917,0.8918,1.00,4.00
2010.02.05 19:06:56.066,0.8917,0.8918,1.00,5.50
2010.02.05 19:06:56.422,0.89165,0.8918,2.40,5.50
2010.02.05 19:06:56.706,0.89165,0.8918,3.20,4.70
2010.02.05 19:06:56.982,0.89165,0.8918,2.40,5.50
2010.02.05 19:06:57.266,0.8917,0.8918,1.60,1.00
2010.02.05 19:06:58.462,0.8917,0.89185,1.60,12.70
2010.02.05 19:06:59.499,0.8917,0.89185,1.60,13.40
2010.02.05 19:07:01.162,0.89165,0.8918,14.50,1.00
2010.02.05 19:07:01.481,0.8917,0.8918,1.60,1.00
2010.02.05 19:07:02.054,0.8917,0.89185,6.40,3.80
2010.02.05 19:07:02.664,0.8917,0.89185,10.40,3.80
2010.02.05 19:07:03.015,0.89175,0.89185,1.60,2.90
2010.02.05 19:07:03.854,0.89175,0.89185,1.60,1.30
2010.02.05 19:07:06.874,0.89175,0.89185,1.60,2.10
2010.02.05 19:07:07.563,0.89175,0.89185,1.60,1.30
2010.02.05 19:07:09.250,0.8917,0.89185,7.00,1.30
2010.02.05 19:07:09.804,0.8917,0.89185,8.20,1.30
2010.02.05 19:07:09.985,0.89175,0.89185,6.50,1.30
2010.02.05 19:07:10.163,0.89175,0.89185,2.40,1.00
2010.02.05 19:07:10.610,0.8917,0.89185,6.40,1.00
2010.02.05 19:07:10.956,0.8917,0.89185,10.40,1.00
2010.02.05 19:07:12.277,0.8917,0.8918,4.00,1.50
2010.02.05 19:07:12.584,0.89165,0.89175,2.40,1.50
2010.02.05 19:07:12.873,0.89165,0.89175,1.00,3.10
2010.02.05 19:07:13.587,0.89165,0.89175,1.00,2.30
2010.02.05 19:07:13.957,0.89165,0.89175,1.00,3.10
2010.02.05 19:07:14.705,0.89165,0.89175,1.00,2.30
2010.02.05 19:07:14.954,0.8916,0.8917,2.40,1.00
2010.02.05 19:07:15.473,0.8916,0.8917,1.60,1.00
2010.02.05 19:07:15.832,0.8916,0.89165,1.60,1.60
2010.02.05 19:07:17.469,0.89155,0.89165,6.40,1.60
2010.02.05 19:07:17.729,0.89155,0.89165,2.40,1.60
2010.02.05 19:07:18.077,0.89155,0.89165,1.60,1.60
2010.02.05 19:07:19.680,0.89155,0.89165,1.60,1.20
2010.02.05 19:07:19.787,0.89155,0.89165,1.60,1.00
2010.02.05 19:07:20.075,0.89155,0.89165,1.60,1.70
2010.02.05 19:07:21.146,0.8915,0.8916,1.60,2.10
2010.02.05 19:07:21.715,0.8915,0.8916,6.20,4.50
2010.02.05 19:07:21.995,0.8915,0.89165,6.20,5.50
2010.02.05 19:07:22.266,0.89155,0.89165,1.60,5.50
2010.02.05 19:07:23.934,0.8915,0.89165,1.60,5.50
2010.02.05 19:07:26.632,0.8915,0.89155,1.60,1.60
2010.02.05 19:07:27.195,0.89145,0.89155,1.60,2.40
2010.02.05 19:07:27.408,0.89145,0.8915,1.60,1.00
2010.02.05 19:07:27.879,0.8914,0.8915,1.60,1.00
2010.02.05 19:07:28.248,0.8914,0.8915,1.60,1.50
2010.02.05 19:07:29.878,0.89135,0.8915,14.50,1.50
2010.02.05 19:07:33.962,0.89135,0.8915,10.40,5.50
2010.02.05 19:07:34.563,0.8913,0.89145,8.00,1.00
2010.02.05 19:07:35.597,0.8913,0.89145,8.00,1.50
2010.02.05 19:07:37.486,0.8913,0.8914,4.00,1.00
2010.02.05 19:07:37.723,0.89125,0.8914,20.50,1.50
2010.02.05 19:07:38.061,0.89125,0.8914,14.40,1.50
2010.02.05 19:07:38.402,0.89125,0.8914,10.40,3.10
2010.02.05 19:07:38.925,0.89125,0.8914,2.40,10.30
2010.02.05 19:07:39.188,0.89125,0.89135,1.60,1.00
2010.02.05 19:07:40.086,0.8912,0.89135,6.40,1.00
2010.02.05 19:07:40.426,0.8912,0.89135,6.80,1.00
2010.02.05 19:07:40.767,0.8912,0.89135,10.80,1.50
2010.02.05 19:07:41.114,0.8912,0.89135,6.40,4.00
2010.02.05 19:07:42.527,0.8912,0.89135,6.40,5.60
2010.02.05 19:07:43.375,0.8912,0.89135,6.40,4.30
2010.02.05 19:07:43.621,0.8912,0.89135,6.40,3.50
2010.02.05 19:07:43.871,0.8912,0.89135,6.40,1.10
2010.02.05 19:07:44.375,0.8912,0.89135,6.40,1.00
2010.02.05 19:07:46.536,0.89125,0.8914,4.80,12.70
2010.02.05 19:07:46.782,0.89125,0.8914,9.30,6.30
2010.02.05 19:07:47.290,0.89125,0.8913,14.50,1.00
2010.02.05 19:07:47.553,0.89125,0.89135,6.40,1.00
2010.02.05 19:07:47.901,0.89125,0.89135,2.40,1.00
2010.02.05 19:07:48.717,0.89125,0.89135,6.40,1.00
2010.02.05 19:07:48.966,0.89125,0.8914,12.90,3.10
2010.02.05 19:07:49.192,0.89125,0.8914,14.50,3.10
2010.02.05 19:07:50.613,0.89125,0.8914,14.50,4.70
2010.02.05 19:07:51.953,0.89125,0.8914,1.00,7.90
2010.02.05 19:07:52.862,0.89125,0.8914,2.40,10.30
2010.02.05 19:07:53.586,0.89125,0.8914,6.50,6.30
2010.02.05 19:07:53.936,0.89125,0.8914,16.10,3.10
2010.02.05 19:07:54.217,0.89125,0.8914,17.70,3.10
2010.02.05 19:07:54.516,0.89125,0.8914,17.60,3.10
2010.02.05 19:07:55.139,0.89125,0.8914,17.70,3.10
2010.02.05 19:07:55.754,0.89125,0.8914,17.60,3.10
2010.02.05 19:07:56.036,0.89125,0.8914,17.70,3.10
2010.02.05 19:07:56.582,0.89125,0.8914,17.90,3.10
2010.02.05 19:07:57.062,0.8913,0.8914,1.60,1.00
2010.02.05 19:07:57.435,0.8913,0.89145,10.40,1.00
2010.02.05 19:07:58.340,0.8913,0.8915,12.00,13.50
2010.02.05 19:07:58.641,0.8913,0.8915,12.00,13.90
2010.02.05 19:07:58.927,0.8913,0.89145,12.00,1.60
2010.02.05 19:07:59.215,0.8913,0.8915,8.00,17.50
2010.02.05 19:08:00.088,0.8913,0.89145,8.00,1.00
2010.02.05 19:08:00.376,0.8913,0.89145,4.00,5.50
2010.02.05 19:08:00.729,0.8913,0.8914,2.40,1.00
2010.02.05 19:08:01.873,0.8913,0.8914,4.00,1.00
2010.02.05 19:08:03.555,0.8913,0.8914,2.40,1.00
2010.02.05 19:08:03.809,0.89135,0.8914,1.00,1.00
2010.02.05 19:08:04.128,0.89135,0.89145,9.70,1.00
2010.02.05 19:08:04.469,0.89135,0.8915,14.50,3.90
2010.02.05 19:08:07.299,0.89135,0.8915,14.50,4.00
2010.02.05 19:08:08.470,0.8914,0.8915,1.00,3.30
2010.02.05 19:08:08.830,0.8915,0.89165,7.20,4.30
2010.02.05 19:08:09.206,0.8915,0.89165,7.20,3.90
2010.02.05 19:08:09.380,0.8915,0.89165,12.80,3.90
2010.02.05 19:08:09.548,0.8915,0.89165,12.00,2.30
2010.02.05 19:08:09.843,0.8915,0.89165,10.40,3.90
2010.02.05 19:08:10.149,0.8915,0.89165,6.40,3.90
2010.02.05 19:08:11.429,0.8915,0.89165,10.40,3.90
2010.02.05 19:08:14.053,0.8915,0.8917,13.20,13.50
2010.02.05 19:08:14.258,0.8915,0.8917,18.40,9.50
2010.02.05 19:08:14.454,0.8915,0.8917,19.20,9.50
2010.02.05 19:08:15.234,0.89155,0.8917,1.00,9.50
2010.02.05 19:08:15.459,0.89155,0.8917,1.00,6.30
2010.02.05 19:08:15.912,0.89155,0.8917,3.20,7.10
2010.02.05 19:08:16.151,0.89155,0.8917,8.90,3.10
2010.02.05 19:08:16.390,0.89155,0.8917,16.10,1.60
2010.02.05 19:08:16.603,0.89155,0.8917,17.70,1.60
2010.02.05 19:08:18.610,0.89155,0.89175,17.70,22.40
2010.02.05 19:08:18.831,0.89155,0.89175,17.70,23.90
2010.02.05 19:08:19.298,0.89155,0.89175,17.70,23.70
2010.02.05 19:08:19.466,0.89155,0.89175,17.70,22.90
2010.02.05 19:08:19.806,0.89155,0.89175,17.70,21.80
2010.02.05 19:08:20.423,0.89155,0.89175,17.70,22.70
2010.02.05 19:08:20.685,0.89155,0.89175,17.70,23.50
2010.02.05 19:08:20.946,0.89155,0.89175,17.70,23.70
2010.02.05 19:08:25.123,0.89155,0.89175,17.70,19.90
2010.02.05 19:08:25.581,0.89155,0.8917,17.70,1.60
2010.02.05 19:08:26.666,0.89155,0.8917,9.60,7.10
2010.02.05 19:08:26.893,0.89155,0.8917,4.00,7.10
2010.02.05 19:08:27.636,0.89155,0.8917,4.00,11.10
2010.02.05 19:08:28.482,0.89155,0.8917,4.00,7.10
2010.02.05 19:08:28.845,0.89155,0.8917,5.60,7.10
2010.02.05 19:08:29.117,0.89155,0.8917,1.00,10.30
2010.02.05 19:08:29.703,0.8915,0.8917,15.20,10.30
2010.02.05 19:08:29.976,0.8915,0.8917,14.40,10.30
2010.02.05 19:08:30.333,0.8915,0.89165,13.60,2.40
2010.02.05 19:08:30.689,0.8915,0.8916,2.40,5.90
2010.02.05 19:08:31.045,0.89145,0.8916,4.00,7.50
2010.02.05 19:08:31.239,0.89145,0.8916,4.80,6.70
2010.02.05 19:08:31.857,0.89145,0.8916,4.80,6.70
2010.02.05 19:08:32.056,0.89145,0.8916,4.80,12.30
2010.02.05 19:08:32.373,0.89145,0.8916,4.80,8.30
2010.02.05 19:08:33.293,0.89145,0.8916,4.00,7.50
2010.02.05 19:08:33.529,0.89145,0.8916,4.00,7.50
2010.02.05 19:08:39.141,0.89145,0.8916,4.00,5.50
2010.02.05 19:08:43.046,0.89145,0.8916,8.10,1.50
2010.02.05 19:08:43.544,0.89145,0.89165,18.50,14.30
2010.02.05 19:08:43.924,0.89145,0.89165,18.50,10.30
2010.02.05 19:08:44.215,0.89145,0.8916,18.50,1.90
2010.02.05 19:08:44.510,0.89145,0.8916,18.50,1.80
2010.02.05 19:08:47.704,0.89145,0.8916,18.50,2.60
2010.02.05 19:08:47.966,0.89145,0.89155,18.50,1.00
2010.02.05 19:08:48.832,0.89145,0.89155,18.50,1.00
2010.02.05 19:08:49.414,0.89145,0.89155,17.70,1.00
2010.02.05 19:08:49.910,0.89145,0.89155,13.70,1.00
2010.02.05 19:08:50.802,0.89145,0.89155,17.70,1.00
2010.02.05 19:08:51.155,0.89145,0.89155,17.70,1.00
2010.02.05 19:08:52.825,0.89145,0.8916,17.70,2.60
2010.02.05 19:08:53.161,0.89145,0.8916,17.70,2.30
2010.02.05 19:08:54.190,0.89145,0.8915,4.80,1.50
2010.02.05 19:08:54.763,0.8914,0.89155,8.80,1.60
2010.02.05 19:08:55.055,0.8914,0.89155,8.00,4.50
2010.02.05 19:08:55.413,0.8913,0.8914,1.20,1.00
2010.02.05 19:08:55.804,0.8913,0.89135,2.00,7.20
2010.02.05 19:08:56.164,0.8912,0.8914,8.50,14.30
2010.02.05 19:08:56.784,0.8912,0.8914,8.10,14.30
2010.02.05 19:08:57.134,0.8912,0.8914,12.10,10.30
2010.02.05 19:08:58.078,0.8912,0.89135,12.10,1.00
2010.02.05 19:08:58.971,0.8912,0.89135,12.10,1.50
2010.02.05 19:08:59.285,0.8912,0.89135,12.10,3.10
2010.02.05 19:09:00.555,0.8912,0.8913,2.40,1.00
2010.02.05 19:09:01.880,0.8912,0.8913,1.00,2.40
2010.02.05 19:09:02.134,0.89115,0.8913,17.70,2.40
2010.02.05 19:09:04.529,0.89115,0.8913,17.70,1.00
2010.02.05 19:09:04.838,0.8912,0.8913,1.00,1.00
2010.02.05 19:09:05.157,0.89125,0.89135,8.80,5.50
2010.02.05 19:09:05.526,0.89125,0.8914,12.90,4.70
2010.02.05 19:09:05.773,0.89125,0.8914,6.40,8.70
2010.02.05 19:09:06.008,0.8912,0.8914,12.80,8.70
2010.02.05 19:09:06.356,0.8912,0.89135,12.00,1.00
2010.02.05 19:09:08.061,0.8912,0.8914,12.00,10.30
2010.02.05 19:09:08.420,0.8912,0.8914,12.00,10.30
2010.02.05 19:09:09.048,0.8912,0.8914,8.00,10.30
2010.02.05 19:09:09.405,0.8912,0.8914,8.00,14.30
2010.02.05 19:09:09.756,0.8912,0.8914,8.00,14.30
2010.02.05 19:09:10.200,0.8912,0.8914,12.00,10.30
2010.02.05 19:09:10.384,0.8912,0.89135,8.00,1.60
2010.02.05 19:09:11.249,0.8912,0.89135,12.00,1.60
2010.02.05 19:09:12.644,0.89115,0.8914,23.30,10.30
2010.02.05 19:09:14.100,0.8912,0.8914,12.00,10.30
2010.02.05 19:09:14.976,0.8912,0.8914,8.00,14.30
2010.02.05 19:09:15.154,0.8912,0.8914,12.00,10.30
2010.02.05 19:09:15.704,0.8912,0.8914,12.10,10.30
2010.02.05 19:09:16.386,0.8912,0.8914,12.00,14.30
2010.02.05 19:09:16.742,0.8912,0.8914,12.00,10.30
2010.02.05 19:09:17.349,0.89125,0.8914,1.60,10.30
2010.02.05 19:09:17.708,0.89125,0.8914,1.60,8.70
2010.02.05 19:09:18.044,0.8912,0.89135,8.00,1.60
2010.02.05 19:09:18.677,0.8912,0.89135,6.40,1.60
2010.02.05 19:09:19.027,0.8912,0.89135,10.40,2.40
2010.02.05 19:09:19.643,0.8912,0.89135,10.40,3.10
2010.02.05 19:09:19.970,0.8912,0.89135,10.40,1.00
2010.02.05 19:09:20.317,0.8912,0.89135,6.40,5.10
2010.02.05 19:09:20.670,0.8912,0.8913,2.40,1.00
2010.02.05 19:09:21.807,0.8912,0.89135,1.00,12.30
2010.02.05 19:09:24.776,0.8912,0.8913,2.40,1.00
2010.02.05 19:09:29.893,0.8912,0.8913,1.60,1.00
2010.02.05 19:09:30.198,0.89115,0.8913,7.20,4.80
2010.02.05 19:09:30.261,0.89115,0.8913,2.40,5.50
2010.02.05 19:09:30.540,0.89115,0.8913,2.40,6.30
2010.02.05 19:09:30.649,0.89115,0.8913,2.40,4.70
2010.02.05 19:09:31.695,0.89115,0.8913,2.40,5.50
2010.02.05 19:09:34.082,0.8912,0.8913,1.00,5.50
2010.02.05 19:09:35.425,0.89115,0.8912,4.80,1.00
2010.02.05 19:09:35.747,0.8912,0.89125,1.00,1.00
2010.02.05 19:09:36.375,0.8913,0.89135,1.00,3.20
2010.02.05 19:09:36.535,0.8913,0.8914,1.00,1.20
2010.02.05 19:09:36.687,0.8913,0.8914,1.00,1.00
2010.02.05 19:09:36.846,0.8913,0.8914,1.00,1.00
2010.02.05 19:09:37.168,0.8913,0.89145,1.00,4.30
2010.02.05 19:09:37.327,0.8913,0.89145,2.40,4.70
2010.02.05 19:09:37.483,0.8913,0.89145,1.60,2.30
2010.02.05 19:09:38.136,0.8913,0.89145,1.60,1.00
2010.02.05 19:09:39.200,0.89125,0.89135,6.40,1.00
2010.02.05 19:09:39.568,0.8913,0.89145,1.00,1.00
2010.02.05 19:09:40.171,0.8913,0.89145,2.40,1.00
2010.02.05 19:09:40.346,0.8913,0.89135,2.40,1.00
2010.02.05 19:09:40.532,0.8913,0.89135,2.40,1.00
2010.02.05 19:09:40.895,0.8913,0.89145,2.40,1.00
2010.02.05 19:09:45.091,0.8913,0.89145,2.40,2.30
2010.02.05 19:09:47.390,0.8913,0.89145,2.40,1.00
2010.02.05 19:09:49.959,0.8913,0.89145,2.40,2.30
2010.02.05 19:09:51.598,0.8913,0.89145,8.00,1.00
2010.02.05 19:09:51.894,0.89135,0.8915,11.30,3.10
2010.02.05 19:09:52.533,0.89135,0.8915,12.90,2.40
2010.02.05 19:09:52.868,0.89135,0.8915,16.10,1.00
2010.02.05 19:09:53.433,0.89135,0.8915,16.90,1.00
2010.02.05 19:09:54.209,0.89135,0.8915,17.20,1.00
2010.02.05 19:09:54.687,0.8914,0.8915,1.00,1.00
2010.02.05 19:09:55.156,0.8914,0.8915,2.40,1.00
2010.02.05 19:10:00.473,0.8914,0.89155,2.40,10.70
2010.02.05 19:10:02.304,0.89145,0.89155,1.60,7.50
2010.02.05 19:10:02.641,0.89145,0.89155,1.60,1.20
2010.02.05 19:10:02.953,0.89145,0.89155,1.60,1.00
2010.02.05 19:10:04.345,0.89145,0.8916,1.60,14.30
2010.02.05 19:10:05.182,0.89145,0.89155,1.60,1.00
2010.02.05 19:10:08.316,0.89145,0.8916,1.60,18.50
2010.02.05 19:10:08.663,0.8914,0.8916,7.20,18.50
2010.02.05 19:10:11.563,0.8914,0.89155,6.40,1.00
2010.02.05 19:10:13.252,0.8914,0.89155,6.40,1.50
2010.02.05 19:10:15.705,0.8914,0.89155,2.40,7.10
2010.02.05 19:10:15.802,0.89135,0.8915,18.80,1.60
2010.02.05 19:10:16.142,0.89135,0.89155,17.70,13.50
2010.02.05 19:10:16.355,0.8914,0.89155,1.60,11.90
2010.02.05 19:10:18.566,0.8914,0.8915,1.60,1.00
2010.02.05 19:10:20.613,0.8914,0.89155,1.60,11.90
2010.02.05 19:10:21.489,0.8914,0.89155,1.60,13.50
2010.02.05 19:10:21.874,0.8914,0.89155,1.60,11.90
2010.02.05 19:10:22.210,0.8914,0.89155,1.60,13.50
2010.02.05 19:10:22.890,0.89135,0.8915,4.80,7.10
2010.02.05 19:10:24.205,0.89135,0.8915,4.80,6.30
2010.02.05 19:10:24.908,0.89135,0.89145,1.60,1.00
2010.02.05 19:10:26.549,0.8913,0.89145,8.80,1.00
2010.02.05 19:10:28.820,0.8913,0.89145,7.20,1.00
2010.02.05 19:10:29.284,0.8913,0.89145,6.30,2.40
2010.02.05 19:10:29.913,0.8913,0.89145,6.30,1.50
2010.02.05 19:10:30.558,0.8913,0.89145,6.30,2.00
2010.02.05 19:10:31.433,0.8913,0.89145,7.10,1.20
2010.02.05 19:10:31.610,0.89135,0.89145,1.60,1.00
2010.02.05 19:10:37.035,0.8913,0.89145,11.20,1.00
2010.02.05 19:10:37.287,0.8913,0.89145,8.80,1.00
2010.02.05 19:10:37.619,0.89135,0.89145,1.60,1.00
2010.02.05 19:10:37.873,0.8913,0.89145,4.00,7.90
2010.02.05 19:10:38.120,0.8913,0.89145,1.60,11.10
2010.02.05 19:10:38.467,0.8913,0.89145,1.60,11.50
2010.02.05 19:10:38.819,0.8913,0.89145,1.60,10.80
2010.02.05 19:10:39.168,0.8913,0.89145,1.60,10.30
2010.02.05 19:10:39.406,0.8913,0.89145,1.60,10.80
2010.02.05 19:10:43.781,0.89125,0.89135,9.00,1.00
2010.02.05 19:10:44.217,0.8913,0.8914,5.60,4.40
2010.02.05 19:10:44.576,0.8913,0.8914,7.20,1.00
2010.02.05 19:10:49.430,0.8913,0.8914,7.20,1.00
2010.02.05 19:10:49.771,0.8913,0.89145,7.20,2.30
2010.02.05 19:10:51.106,0.89135,0.8915,1.60,9.50
2010.02.05 19:10:51.309,0.89135,0.89145,1.60,1.00
2010.02.05 19:10:51.396,0.89135,0.89145,1.60,1.00
2010.02.05 19:10:51.801,0.89135,0.89145,1.60,1.00
2010.02.05 19:10:53.784,0.8913,0.89145,11.30,1.00
2010.02.05 19:10:54.209,0.89135,0.8915,1.60,9.50
2010.02.05 19:10:54.566,0.89135,0.8915,1.60,13.50
2010.02.05 19:10:57.939,0.89135,0.8915,1.60,9.50
2010.02.05 19:11:01.489,0.89135,0.89145,1.60,1.00
2010.02.05 19:11:03.399,0.89135,0.8915,1.60,14.70
2010.02.05 19:11:03.953,0.89135,0.8915,1.60,14.30
2010.02.05 19:11:05.107,0.89135,0.8915,1.60,13.50
2010.02.05 19:11:05.797,0.89135,0.8915,1.60,14.30
2010.02.05 19:11:07.373,0.89135,0.8915,1.60,13.50
2010.02.05 19:11:07.715,0.89135,0.8915,5.60,9.50
2010.02.05 19:11:08.064,0.89135,0.8915,10.50,3.10
2010.02.05 19:11:08.417,0.89135,0.8915,16.10,3.10
2010.02.05 19:11:08.908,0.8914,0.8915,1.60,3.10
2010.02.05 19:11:10.260,0.89145,0.8915,1.60,1.00
2010.02.05 19:11:10.628,0.89145,0.89155,1.60,3.10
2010.02.05 19:11:14.327,0.8914,0.89155,6.40,2.30
2010.02.05 19:11:25.777,0.8914,0.89155,10.40,2.30
2010.02.05 19:11:26.161,0.89145,0.89155,1.60,2.30
2010.02.05 19:11:26.364,0.8914,0.89155,10.40,2.30
2010.02.05 19:11:27.109,0.8914,0.89155,11.20,2.30
2010.02.05 19:11:27.370,0.8914,0.89155,7.20,2.30
2010.02.05 19:11:29.717,0.8914,0.89155,6.40,2.30
2010.02.05 19:11:33.669,0.8914,0.89155,3.20,8.80
2010.02.05 19:11:33.948,0.8914,0.89155,2.40,11.60
2010.02.05 19:11:34.296,0.8914,0.89155,1.00,14.80
2010.02.05 19:11:34.648,0.8914,0.8915,1.00,1.60
2010.02.05 19:11:35.166,0.8914,0.8915,1.00,2.30
2010.02.05 19:11:36.105,0.8914,0.8915,1.00,1.00
2010.02.05 19:11:38.800,0.8914,0.8915,1.00,3.00
2010.02.05 19:11:39.159,0.89135,0.8915,7.20,7.00
2010.02.05 19:11:39.600,0.89135,0.8915,1.60,9.40
2010.02.05 19:11:39.892,0.89135,0.8915,1.60,8.70
2010.02.05 19:11:40.490,0.89135,0.8915,1.60,11.10
2010.02.05 19:11:40.799,0.89125,0.89135,7.60,1.00
2010.02.05 19:11:41.169,0.8912,0.89135,1.00,6.80
2010.02.05 19:11:41.742,0.8912,0.89135,2.40,5.10
2010.02.05 19:11:42.419,0.8912,0.89135,2.40,1.10
2010.02.05 19:11:42.989,0.8912,0.89135,2.40,2.30
2010.02.05 19:11:43.328,0.8912,0.89135,2.40,1.60
2010.02.05 19:11:43.966,0.89125,0.89135,1.60,1.50
2010.02.05 19:11:44.331,0.89125,0.89135,1.60,1.10
2010.02.05 19:11:45.627,0.8912,0.89135,15.30,1.00
2010.02.05 19:11:46.436,0.89125,0.89135,2.40,1.00
2010.02.05 19:11:50.058,0.89125,0.89135,4.00,1.00
2010.02.05 19:11:50.237,0.89125,0.89135,4.80,1.00
2010.02.05 19:11:52.721,0.8913,0.89135,1.00,1.00
2010.02.05 19:11:53.468,0.8913,0.8914,1.00,4.70
2010.02.05 19:11:59.346,0.8913,0.89135,1.00,1.00
2010.02.05 19:12:00.460,0.8913,0.8914,1.00,4.70
2010.02.05 19:12:01.567,0.8913,0.8914,2.40,1.00
2010.02.05 19:12:01.899,0.8913,0.8914,3.20,1.00
2010.02.05 19:12:02.215,0.8913,0.89145,3.20,10.70
2010.02.05 19:12:02.517,0.8913,0.89145,3.20,10.30
2010.02.05 19:12:04.922,0.8913,0.89145,3.20,8.70
2010.02.05 19:12:06.632,0.8913,0.89145,4.00,8.70
2010.02.05 19:12:08.678,0.8913,0.89145,4.00,9.80
2010.02.05 19:12:09.032,0.8913,0.8914,3.60,4.00
2010.02.05 19:12:15.385,0.89135,0.8914,1.70,4.00
2010.02.05 19:12:15.731,0.89135,0.89145,3.20,4.70
2010.02.05 19:12:16.116,0.89135,0.8915,7.20,6.30
2010.02.05 19:12:16.333,0.89135,0.8915,7.20,5.70
2010.02.05 19:12:18.955,0.8914,0.8915,2.40,1.70
2010.02.05 19:12:19.603,0.89145,0.8916,4.80,7.80
2010.02.05 19:12:19.887,0.89145,0.8916,4.00,6.50
2010.02.05 19:12:20.466,0.89145,0.8916,6.40,5.70
2010.02.05 19:12:21.376,0.8915,0.89165,6.40,7.10
2010.02.05 19:12:21.660,0.8915,0.89165,7.20,1.00
2010.02.05 19:12:22.189,0.8915,0.89165,8.80,1.00
2010.02.05 19:12:22.323,0.8915,0.8917,11.20,14.10
2010.02.05 19:12:23.252,0.8915,0.8917,11.20,13.70
2010.02.05 19:12:23.922,0.89155,0.8917,1.60,13.70
2010.02.05 19:12:24.254,0.89155,0.8917,1.70,12.20
2010.02.05 19:12:24.779,0.89155,0.8917,2.50,13.80
2010.02.05 19:12:25.125,0.89155,0.8917,1.00,13.80
2010.02.05 19:12:25.344,0.8915,0.8917,15.30,9.80
2010.02.05 19:12:25.796,0.8915,0.89175,15.30,29.00
2010.02.05 19:12:26.027,0.89155,0.8917,1.60,12.20
2010.02.05 19:12:29.607,0.89155,0.8917,1.70,12.20
2010.02.05 19:12:32.117,0.89155,0.8917,5.70,8.20
2010.02.05 19:12:32.631,0.8916,0.8917,1.60,2.30
2010.02.05 19:12:32.881,0.8916,0.8917,1.60,1.00
2010.02.05 19:12:38.496,0.8916,0.89175,1.60,25.10
2010.02.05 19:12:38.850,0.8916,0.89175,1.60,23.50
2010.02.05 19:12:39.887,0.8916,0.89175,1.60,23.10
2010.02.05 19:12:40.087,0.8916,0.8917,1.60,4.70
2010.02.05 19:12:40.584,0.89155,0.8917,4.80,5.50
2010.02.05 19:12:40.803,0.89155,0.8917,4.00,5.50
2010.02.05 19:12:42.498,0.89155,0.8917,2.40,11.10
2010.02.05 19:12:44.783,0.8915,0.89165,1.60,4.70
2010.02.05 19:12:45.660,0.8915,0.89165,1.60,6.30
2010.02.05 19:12:47.285,0.8915,0.89165,1.60,6.30
2010.02.05 19:12:47.315,0.8915,0.8916,1.60,4.00
2010.02.05 19:12:47.385,0.89145,0.8916,15.20,4.00
2010.02.05 19:12:47.420,0.89145,0.8916,14.40,4.70
2010.02.05 19:12:47.497,0.89145,0.8916,12.80,4.70
2010.02.05 19:12:47.582,0.89145,0.8916,4.80,4.70
2010.02.05 19:12:47.938,0.8915,0.8916,1.60,4.70
2010.02.05 19:12:54.001,0.8915,0.8916,1.60,5.50
2010.02.05 19:12:56.506,0.8914,0.89145,6.40,1.00
2010.02.05 19:12:57.158,0.89135,0.8915,5.30,4.70
2010.02.05 19:12:57.392,0.89135,0.8915,8.90,4.70
2010.02.05 19:12:57.627,0.89135,0.8915,4.90,4.70
2010.02.05 19:12:58.504,0.89135,0.8915,4.80,4.70
2010.02.05 19:12:58.908,0.89135,0.8915,5.70,5.50
2010.02.05 19:12:59.583,0.89135,0.8915,5.70,5.50
2010.02.05 19:12:59.871,0.8914,0.89155,4.00,11.90
2010.02.05 19:13:00.442,0.8914,0.89155,6.40,6.30
2010.02.05 19:13:00.797,0.8914,0.8916,11.20,10.30
2010.02.05 19:13:01.157,0.89145,0.8916,6.40,8.70
2010.02.05 19:13:02.505,0.89145,0.89155,6.40,4.00
2010.02.05 19:13:02.722,0.8914,0.8915,10.40,4.80
2010.02.05 19:13:02.939,0.89135,0.8915,4.90,4.70
2010.02.05 19:13:03.398,0.89135,0.8915,10.50,1.00
2010.02.05 19:13:03.614,0.8914,0.8915,1.60,5.50
2010.02.05 19:13:03.968,0.89135,0.8915,5.70,4.70
2010.02.05 19:13:04.324,0.8914,0.89155,1.60,10.30
2010.02.05 19:13:05.514,0.89135,0.8915,8.90,5.50
2010.02.05 19:13:06.044,0.89145,0.8915,4.00,1.50
2010.02.05 19:13:06.401,0.89145,0.89155,1.60,1.50
2010.02.05 19:13:06.764,0.89145,0.8916,2.50,10.30
2010.02.05 19:13:07.133,0.89145,0.8916,3.30,4.70
2010.02.05 19:13:08.142,0.89145,0.89155,1.60,7.10
2010.02.05 19:13:08.533,0.89145,0.89155,3.30,1.00
2010.02.05 19:13:08.861,0.89145,0.8916,4.20,5.50
2010.02.05 19:13:11.379,0.89145,0.89155,2.60,1.00
2010.02.05 19:13:12.340,0.89145,0.8916,2.60,7.50
2010.02.05 19:13:12.852,0.89145,0.8916,10.60,7.10
2010.02.05 19:13:13.268,0.89145,0.8916,2.60,7.10
2010.02.05 19:13:13.530,0.8915,0.8916,1.00,7.10
2010.02.05 19:13:14.135,0.8915,0.89155,1.00,6.40
2010.02.05 19:13:14.496,0.8915,0.8916,1.00,4.70
2010.02.05 19:13:14.863,0.8915,0.8916,1.00,5.50
2010.02.05 19:13:15.458,0.89145,0.89155,2.40,1.00
2010.02.05 19:13:16.302,0.89145,0.89155,2.40,1.00
2010.02.05 19:13:16.644,0.89145,0.89155,1.00,8.00
2010.02.05 19:13:16.813,0.89135,0.8915,4.00,6.30
2010.02.05 19:13:16.973,0.89135,0.8915,3.20,4.80
2010.02.05 19:13:18.703,0.89135,0.8915,3.20,8.80
2010.02.05 19:13:19.066,0.89135,0.8915,3.20,4.80
2010.02.05 19:13:33.416,0.8914,0.89155,1.60,13.50
2010.02.05 19:13:38.571,0.8914,0.89155,1.60,11.90
2010.02.05 19:13:39.050,0.8914,0.89155,1.60,10.30
2010.02.05 19:13:41.380,0.8914,0.89155,1.60,11.90
2010.02.05 19:13:41.883,0.8914,0.89155,1.60,10.30
2010.02.05 19:13:43.500,0.8914,0.89155,1.60,11.90
2010.02.05 19:13:43.861,0.8914,0.89155,1.60,10.30
2010.02.05 19:13:50.670,0.89145,0.8916,1.60,11.50
2010.02.05 19:13:50.855,0.8914,0.8916,11.20,8.70
2010.02.05 19:13:51.042,0.8914,0.8916,12.80,8.70
2010.02.05 19:13:51.502,0.8914,0.8916,12.80,8.70
2010.02.05 19:13:53.888,0.89145,0.8916,1.60,7.10
2010.02.05 19:13:54.248,0.89145,0.8916,1.60,14.30
2010.02.05 19:13:56.068,0.8914,0.8916,8.80,14.30
2010.02.05 19:13:56.291,0.89145,0.8916,1.60,14.30
2010.02.05 19:13:56.789,0.89145,0.89155,1.60,1.50
2010.02.05 19:13:58.604,0.8914,0.89155,6.40,1.50
2010.02.05 19:14:02.357,0.8914,0.8915,2.40,1.00
2010.02.05 19:14:02.806,0.8914,0.8915,1.00,1.50
2010.02.05 19:14:03.053,0.89135,0.8915,16.10,1.50
2010.02.05 19:14:05.064,0.89135,0.8915,4.00,11.10
2010.02.05 19:14:05.506,0.89135,0.89145,4.00,1.00
2010.02.05 19:14:05.696,0.89135,0.89145,1.60,1.00
2010.02.05 19:14:05.883,0.8913,0.8914,4.00,5.50
2010.02.05 19:14:06.544,0.89125,0.8914,2.40,9.50
2010.02.05 19:14:07.941,0.89125,0.8914,2.40,11.10
2010.02.05 19:14:08.222,0.89125,0.8914,1.60,12.70
2010.02.05 19:14:16.187,0.89125,0.8914,2.40,11.90
2010.02.05 19:14:16.427,0.89125,0.8914,3.20,11.90
2010.02.05 19:14:16.663,0.89125,0.8914,3.20,7.90
2010.02.05 19:14:19.050,0.89125,0.8914,3.20,6.30
2010.02.05 19:14:19.295,0.8913,0.8914,1.60,4.70
2010.02.05 19:14:19.582,0.8913,0.8914,1.60,4.80
2010.02.05 19:14:21.602,0.8913,0.8914,1.60,1.00
2010.02.05 19:14:22.049,0.8913,0.8914,1.60,1.00
2010.02.05 19:14:24.153,0.89125,0.8914,14.50,1.00
2010.02.05 19:14:25.268,0.89125,0.89145,14.50,13.50
2010.02.05 19:14:27.978,0.89125,0.89145,14.50,14.70
2010.02.05 19:14:28.307,0.89125,0.89145,14.50,13.50
2010.02.05 19:14:30.033,0.89125,0.89145,14.50,14.70
2010.02.05 19:14:30.209,0.89125,0.89145,14.50,13.50
2010.02.05 19:14:34.269,0.8913,0.89145,1.00,13.50
2010.02.05 19:14:34.900,0.8913,0.89145,2.40,13.50
2010.02.05 19:14:36.920,0.8913,0.89145,1.60,13.50
2010.02.05 19:14:37.323,0.8913,0.89145,1.60,11.90
2010.02.05 19:14:37.432,0.8913,0.89145,1.70,11.90
2010.02.05 19:14:37.953,0.89135,0.89145,1.70,2.40
2010.02.05 19:14:38.271,0.89135,0.89145,1.60,7.10
2010.02.05 19:14:38.563,0.89135,0.89145,1.60,8.70
2010.02.05 19:14:52.814,0.8913,0.89145,1.60,10.30
2010.02.05 19:14:53.014,0.8913,0.89145,1.60,11.90
2010.02.05 19:14:54.073,0.89125,0.89145,17.70,11.90
2010.02.05 19:14:57.293,0.8913,0.89145,1.60,10.30
2010.02.05 19:14:58.353,0.8913,0.89145,1.60,11.90
2010.02.05 19:15:01.439,0.89125,0.89145,21.20,11.90
2010.02.05 19:15:01.560,0.8913,0.8915,1.60,23.00
2010.02.05 19:15:01.679,0.89125,0.89145,18.80,11.90
2010.02.05 19:15:02.199,0.8913,0.89145,1.60,11.90
2010.02.05 19:15:02.476,0.8913,0.89145,9.60,6.30
2010.02.05 19:15:02.756,0.8913,0.89145,9.60,5.60
2010.02.05 19:15:03.290,0.8913,0.89145,5.60,10.30
2010.02.05 19:15:03.647,0.8913,0.89145,5.60,11.90
2010.02.05 19:15:04.349,0.8913,0.89145,9.60,4.00
2010.02.05 19:15:04.983,0.89125,0.89145,25.80,4.00
2010.02.05 19:15:06.484,0.8913,0.89145,14.40,3.20
2010.02.05 19:15:07.630,0.89135,0.89145,1.00,3.20
2010.02.05 19:15:07.677,0.8914,0.8915,1.60,4.70
2010.02.05 19:15:07.733,0.8914,0.8915,1.60,3.90
2010.02.05 19:15:08.157,0.8914,0.8915,3.20,3.20
2010.02.05 19:15:13.395,0.8914,0.89155,1.60,13.50
2010.02.05 19:15:15.953,0.8914,0.89155,6.40,7.90
2010.02.05 19:15:16.191,0.8914,0.89155,6.40,6.30
2010.02.05 19:15:16.896,0.8914,0.89155,6.40,4.70
2010.02.05 19:15:17.558,0.8914,0.89155,7.20,3.20
2010.02.05 19:15:18.167,0.8914,0.8916,12.80,10.30
2010.02.05 19:15:19.526,0.89145,0.8916,14.50,2.30
2010.02.05 19:15:19.726,0.8915,0.8916,1.60,2.30
2010.02.05 19:15:20.109,0.8915,0.8916,1.60,1.60
2010.02.05 19:15:20.300,0.89145,0.89165,14.50,14.30
2010.02.05 19:15:21.317,0.89145,0.8916,14.50,1.60
2010.02.05 19:15:22.110,0.89145,0.8916,14.50,2.30
2010.02.05 19:15:24.968,0.89145,0.8916,14.50,1.00
2010.02.05 19:15:25.903,0.89145,0.89165,14.50,14.30
2010.02.05 19:15:32.495,0.89145,0.8916,14.50,2.30
2010.02.05 19:15:40.484,0.89145,0.8916,14.50,3.90
2010.02.05 19:15:40.801,0.89145,0.8916,14.50,2.30
2010.02.05 19:15:43.399,0.89145,0.8916,14.50,3.90
2010.02.05 19:15:44.917,0.89145,0.8916,14.40,3.90
2010.02.05 19:15:45.273,0.89145,0.8916,14.50,3.90
2010.02.05 19:15:48.890,0.89145,0.8916,14.40,3.90
2010.02.05 19:15:49.142,0.89145,0.8916,14.50,3.90
2010.02.05 19:15:50.421,0.89145,0.8916,3.20,9.50
2010.02.05 19:15:50.778,0.89145,0.8916,1.00,13.50
2010.02.05 19:15:51.163,0.8914,0.8916,8.80,14.30
2010.02.05 19:15:51.777,0.8914,0.8916,8.80,14.30
2010.02.05 19:15:52.209,0.8914,0.8916,8.80,18.00
2010.02.05 19:15:52.425,0.8914,0.8916,8.80,19.20
2010.02.05 19:15:52.846,0.8914,0.8916,8.80,18.70
2010.02.05 19:15:53.111,0.8914,0.8916,8.80,14.30
2010.02.05 19:15:55.069,0.8914,0.8916,8.90,14.70
2010.02.05 19:15:55.230,0.8914,0.8916,8.90,17.50
2010.02.05 19:15:55.826,0.8914,0.8916,8.80,17.50
2010.02.05 19:15:55.987,0.8914,0.8916,8.80,14.30
2010.02.05 19:15:56.302,0.89145,0.8916,3.30,13.50
2010.02.05 19:15:56.653,0.89145,0.8916,14.50,3.90
2010.02.05 19:15:57.000,0.89145,0.8916,14.50,5.50
2010.02.05 19:16:02.589,0.89145,0.8916,14.40,5.50
2010.02.05 19:16:02.998,0.89145,0.8916,12.80,5.50
2010.02.05 19:16:03.101,0.89145,0.8916,14.40,5.50
2010.02.05 19:16:05.925,0.89145,0.8916,14.50,5.50
2010.02.05 19:16:14.126,0.89145,0.8916,8.80,9.50
2010.02.05 19:16:14.429,0.89145,0.8916,8.00,9.50
2010.02.05 19:16:14.576,0.89145,0.8916,2.40,13.50
2010.02.05 19:16:15.254,0.89145,0.8916,2.40,13.60
2010.02.05 19:16:15.585,0.89145,0.8916,2.40,13.70
2010.02.05 19:16:15.965,0.89145,0.8916,1.60,14.30
2010.02.05 19:16:16.345,0.89145,0.89155,1.60,1.00
2010.02.05 19:16:17.072,0.89145,0.8916,1.60,14.50
2010.02.05 19:16:17.649,0.8914,0.8915,8.00,1.00
2010.02.05 19:16:17.801,0.8914,0.8915,4.00,1.00
2010.02.05 19:16:18.086,0.8914,0.8915,1.60,1.00
2010.02.05 19:16:18.515,0.8914,0.8915,1.60,1.00
2010.02.05 19:16:19.291,0.8914,0.8915,1.60,1.00
2010.02.05 19:16:24.260,0.8914,0.8915,1.60,1.00
2010.02.05 19:16:24.439,0.89135,0.8915,19.40,1.00
2010.02.05 19:16:24.802,0.89135,0.8915,19.40,1.00
2010.02.05 19:16:24.982,0.89135,0.8915,23.40,1.00
2010.02.05 19:16:25.604,0.8914,0.8915,1.60,1.00
2010.02.05 19:16:28.519,0.8914,0.8915,1.60,4.70
2010.02.05 19:16:28.718,0.8914,0.89145,1.60,1.40
2010.02.05 19:16:28.919,0.89135,0.89145,1.60,1.40
2010.02.05 19:16:30.624,0.89135,0.89145,1.60,1.00
2010.02.05 19:16:32.867,0.8913,0.89145,13.60,1.50
2010.02.05 19:16:33.495,0.8913,0.8914,1.00,1.00
2010.02.05 19:16:33.849,0.89125,0.8914,17.70,1.00
2010.02.05 19:16:34.900,0.89125,0.8914,17.70,1.50
2010.02.05 19:16:37.224,0.89125,0.8914,17.70,1.00
2010.02.05 19:16:38.496,0.89125,0.8914,17.70,1.50
2010.02.05 19:16:43.605,0.89125,0.89145,18.70,12.60
2010.02.05 19:16:43.964,0.8913,0.8914,2.40,1.50
2010.02.05 19:16:44.316,0.8913,0.8914,1.00,1.50
2010.02.05 19:16:46.259,0.8913,0.89135,1.00,1.00
2010.02.05 19:16:46.793,0.89125,0.89135,5.60,1.00
2010.02.05 19:16:48.664,0.89125,0.89135,4.00,1.00
2010.02.05 19:16:48.925,0.8912,0.89135,14.40,1.00
2010.02.05 19:16:49.184,0.8912,0.89135,12.80,1.50
2010.02.05 19:16:49.508,0.8912,0.89135,12.00,1.50
2010.02.05 19:16:49.773,0.89115,0.89135,26.20,1.00
2010.02.05 19:16:50.390,0.89125,0.89135,1.60,1.00
2010.02.05 19:16:50.504,0.8912,0.89135,8.00,2.30
2010.02.05 19:16:50.871,0.89125,0.89135,1.60,1.00
2010.02.05 19:16:51.591,0.8912,0.89135,13.60,1.00
2010.02.05 19:16:52.951,0.89125,0.89135,1.60,1.00
2010.02.05 19:16:53.300,0.8912,0.89135,13.60,1.00
2010.02.05 19:16:56.153,0.8912,0.89135,9.60,1.00
2010.02.05 19:16:56.440,0.8912,0.89135,13.60,1.00
2010.02.05 19:17:03.683,0.89125,0.89135,1.00,1.00
2010.02.05 19:17:03.887,0.89125,0.89135,7.30,1.00
2010.02.05 19:17:04.126,0.89125,0.8914,8.90,7.90
2010.02.05 19:17:04.369,0.89125,0.8914,1.00,9.50
2010.02.05 19:17:04.700,0.8912,0.89135,16.40,1.60
2010.02.05 19:17:04.947,0.8912,0.89135,16.00,1.60
2010.02.05 19:17:05.185,0.8912,0.8914,16.00,9.50
2010.02.05 19:17:05.435,0.8912,0.8914,16.40,9.50
2010.02.05 19:17:06.144,0.8912,0.8914,14.00,11.90
2010.02.05 19:17:06.845,0.8912,0.8914,13.60,11.90
2010.02.05 19:17:09.652,0.8912,0.8914,13.60,12.70
2010.02.05 19:17:10.180,0.8912,0.89135,13.60,1.00
2010.02.05 19:17:10.424,0.8912,0.89135,9.60,1.00
2010.02.05 19:17:13.892,0.8912,0.89135,6.40,1.00
2010.02.05 19:17:14.044,0.8912,0.89135,6.40,2.40
2010.02.05 19:17:15.905,0.8912,0.8914,6.40,17.10
2010.02.05 19:17:16.634,0.8912,0.8914,6.40,16.70
2010.02.05 19:17:17.163,0.8912,0.8914,6.40,16.70
2010.02.05 19:17:17.433,0.8912,0.89135,6.40,1.60
2010.02.05 19:17:19.727,0.8912,0.8914,6.40,16.70
2010.02.05 19:17:21.949,0.8912,0.89135,6.40,3.90
2010.02.05 19:17:23.902,0.8912,0.89135,6.40,5.50
2010.02.05 19:17:24.251,0.8912,0.89135,4.80,5.50
2010.02.05 19:17:30.752,0.8912,0.8913,4.80,1.00
2010.02.05 19:17:30.987,0.8912,0.8913,4.80,1.00
2010.02.05 19:17:31.338,0.89115,0.8913,15.30,1.00
2010.02.05 19:17:32.724,0.8912,0.8913,1.00,1.00
2010.02.05 19:17:32.998,0.8911,0.89125,4.80,2.30
2010.02.05 19:17:37.384,0.8911,0.8912,1.00,4.00
2010.02.05 19:17:40.496,0.8911,0.8912,1.00,2.40
2010.02.05 19:17:43.772,0.89105,0.8912,17.30,4.00
2010.02.05 19:17:44.337,0.89105,0.8912,17.30,4.00
2010.02.05 19:17:44.630,0.89105,0.8912,12.00,4.00
2010.02.05 19:17:44.910,0.89105,0.8912,12.10,4.00
2010.02.05 19:17:45.807,0.89105,0.8912,12.10,4.00
2010.02.05 19:17:47.210,0.89115,0.8912,4.80,1.00
2010.02.05 19:17:47.476,0.8911,0.89125,14.40,1.00
2010.02.05 19:17:48.016,0.8911,0.8912,4.80,1.00
2010.02.05 19:17:48.302,0.8911,0.89125,4.80,6.30
2010.02.05 19:17:49.622,0.8911,0.8912,4.80,1.00
2010.02.05 19:17:49.933,0.8911,0.89115,4.80,1.00
2010.02.05 19:17:51.020,0.8911,0.8912,4.80,1.00
2010.02.05 19:17:51.380,0.8911,0.8912,6.40,1.00
2010.02.05 19:17:52.886,0.8911,0.8912,4.80,1.00
2010.02.05 19:17:54.752,0.8911,0.89125,4.80,2.30
2010.02.05 19:17:55.252,0.8911,0.89125,4.80,3.10
2010.02.05 19:17:56.653,0.8911,0.8912,1.00,4.60
2010.02.05 19:17:57.353,0.89105,0.8912,16.90,4.60
2010.02.05 19:17:58.193,0.89105,0.8912,16.10,4.60
2010.02.05 19:17:58.723,0.89105,0.8912,16.10,3.00
2010.02.05 19:17:59.543,0.89105,0.8912,16.10,4.60
2010.02.05 19:17:59.770,0.89105,0.8912,16.10,3.00
2010.02.05 19:18:00.223,0.89105,0.8912,16.10,4.60
2010.02.05 19:18:01.722,0.89105,0.8912,14.50,4.70
2010.02.05 19:18:01.918,0.89105,0.8912,12.90,4.70
2010.02.05 19:18:02.950,0.89105,0.8912,12.90,3.10
2010.02.05 19:18:05.141,0.89105,0.8912,12.90,4.70
2010.02.05 19:18:05.897,0.8911,0.8912,1.00,2.40
2010.02.05 19:18:06.244,0.89105,0.8912,16.10,3.10
2010.02.05 19:18:06.596,0.89105,0.8912,16.10,4.70
2010.02.05 19:18:12.957,0.89105,0.8912,16.10,3.10
2010.02.05 19:18:14.337,0.89105,0.8912,16.10,4.70
2010.02.05 19:18:15.684,0.8911,0.8912,1.00,4.70
2010.02.05 19:18:17.233,0.89105,0.8912,16.10,4.70
2010.02.05 19:18:20.053,0.89105,0.8912,16.10,3.10
2010.02.05 19:18:21.146,0.8911,0.8912,4.00,1.00
2010.02.05 19:18:21.438,0.8911,0.89125,4.80,5.60
2010.02.05 19:18:22.948,0.8911,0.89125,1.00,9.70
2010.02.05 19:18:23.275,0.89105,0.8912,16.50,2.40
2010.02.05 19:18:24.996,0.8911,0.8912,4.00,2.40
2010.02.05 19:18:25.995,0.8911,0.8912,4.00,4.00
2010.02.05 19:18:26.363,0.89105,0.8912,9.80,1.60
2010.02.05 19:18:26.869,0.89105,0.89115,6.40,1.00
2010.02.05 19:18:27.165,0.89105,0.89115,4.80,1.00
2010.02.05 19:18:27.458,0.89105,0.8912,4.80,9.60
2010.02.05 19:18:28.056,0.89105,0.89115,4.80,1.00
2010.02.05 19:18:28.619,0.89105,0.8912,4.80,9.60
2010.02.05 19:18:29.013,0.89105,0.89115,4.80,1.00
2010.02.05 19:18:29.997,0.89105,0.8911,4.80,1.00
2010.02.05 19:18:30.318,0.89105,0.89115,4.80,1.00
2010.02.05 19:18:30.604,0.89105,0.8912,4.80,9.60
2010.02.05 19:18:30.777,0.89105,0.89115,4.80,1.00
2010.02.05 19:18:31.133,0.89105,0.8912,4.80,9.70
2010.02.05 19:18:31.313,0.89105,0.8912,4.80,9.60
2010.02.05 19:18:32.362,0.89105,0.89115,4.80,1.00
2010.02.05 19:18:34.012,0.89105,0.8912,4.80,9.70
2010.02.05 19:18:34.350,0.89115,0.8912,4.00,2.30
2010.02.05 19:18:34.663,0.89115,0.8912,4.00,1.60
2010.02.05 19:18:35.032,0.89115,0.8912,4.00,2.30
2010.02.05 19:18:35.396,0.89115,0.8912,4.00,1.60
2010.02.05 19:18:36.041,0.8911,0.8912,4.00,3.10
2010.02.05 19:18:36.224,0.89115,0.8912,4.00,1.60
2010.02.05 19:18:36.409,0.89115,0.8912,4.00,1.60
2010.02.05 19:18:38.372,0.89115,0.8912,4.00,1.60
2010.02.05 19:18:39.104,0.89115,0.8912,4.00,1.60
2010.02.05 19:18:39.292,0.8912,0.89125,4.00,7.90
2010.02.05 19:18:39.491,0.8911,0.8912,4.00,1.00
2010.02.05 19:18:39.989,0.8911,0.8912,1.00,1.00
2010.02.05 19:18:42.377,0.89115,0.8912,4.00,1.00
2010.02.05 19:18:42.848,0.89115,0.89125,4.00,1.00
2010.02.05 19:18:43.471,0.89115,0.89125,4.00,2.30
2010.02.05 19:18:44.404,0.89115,0.89125,4.00,3.10
2010.02.05 19:18:45.119,0.89115,0.89125,4.00,2.30
2010.02.05 19:18:50.513,0.8912,0.8913,4.00,11.10
2010.02.05 19:18:50.823,0.8912,0.8913,4.00,6.30
2010.02.05 19:18:51.505,0.8912,0.8913,4.00,3.10
2010.02.05 19:18:53.701,0.89125,0.89135,4.00,14.30
2010.02.05 19:18:54.027,0.8912,0.89135,4.80,18.30
2010.02.05 19:18:54.387,0.8912,0.89135,4.00,19.70
2010.02.05 19:18:54.749,0.8912,0.8913,5.00,1.00
2010.02.05 19:18:55.108,0.89125,0.89135,4.00,3.90
2010.02.05 19:18:55.471,0.89125,0.89135,4.00,2.30
2010.02.05 19:18:56.435,0.8912,0.8913,7.40,1.00
2010.02.05 19:18:56.773,0.8912,0.8913,5.80,1.00
2010.02.05 19:18:57.089,0.89125,0.89135,4.00,2.30
2010.02.05 19:18:57.395,0.89125,0.89135,4.00,1.60
2010.02.05 19:18:57.908,0.89125,0.8914,4.00,15.10
2010.02.05 19:18:58.596,0.8913,0.8914,4.00,2.40
2010.02.05 19:18:59.212,0.8913,0.8914,4.00,1.00
2010.02.05 19:19:01.092,0.8913,0.89145,4.80,10.30
2010.02.05 19:19:01.321,0.8913,0.8914,4.80,1.60
2010.02.05 19:19:01.991,0.89135,0.8914,4.00,1.60
2010.02.05 19:19:02.321,0.89135,0.89145,4.00,2.30
2010.02.05 19:19:03.033,0.89135,0.89145,4.00,4.70
2010.02.05 19:19:03.172,0.8913,0.89145,4.80,10.30
2010.02.05 19:19:05.276,0.89135,0.89145,4.00,3.10
2010.02.05 19:19:05.938,0.89135,0.8915,4.00,17.90
2010.02.05 19:19:06.256,0.8914,0.8915,4.00,9.50
2010.02.05 19:19:06.845,0.89135,0.89145,4.00,2.30
2010.02.05 19:19:07.169,0.89135,0.89145,4.00,2.30
2010.02.05 19:19:07.500,0.8915,0.89155,4.00,15.90
2010.02.05 19:19:07.822,0.89145,0.89155,4.00,7.90
2010.02.05 19:19:08.156,0.89145,0.89155,4.00,9.40
2010.02.05 19:19:08.496,0.89145,0.8915,4.00,1.00
2010.02.05 19:19:09.098,0.89145,0.89155,4.00,2.30
2010.02.05 19:19:09.407,0.89145,0.89155,4.00,1.00
2010.02.05 19:19:12.554,0.89145,0.89155,4.00,1.50
2010.02.05 19:19:13.059,0.89145,0.89155,4.00,4.70
2010.02.05 19:19:13.284,0.8914,0.89155,4.80,10.30
2010.02.05 19:19:13.927,0.8914,0.89155,4.80,11.90
2010.02.05 19:19:14.299,0.8914,0.8915,4.00,4.00
2010.02.05 19:19:14.721,0.8914,0.8915,4.00,4.70
2010.02.05 19:19:14.921,0.89135,0.89145,4.00,1.60
2010.02.05 19:19:15.115,0.89135,0.8914,4.00,1.00
2010.02.05 19:19:15.442,0.8913,0.8914,5.60,1.00
2010.02.05 19:19:15.731,0.89125,0.89135,10.80,1.00
2010.02.05 19:19:16.021,0.89125,0.89135,4.00,4.70
2010.02.05 19:19:16.299,0.89125,0.89135,5.60,1.00
2010.02.05 19:19:16.599,0.89125,0.8914,6.40,11.90
2010.02.05 19:19:16.985,0.89125,0.8914,4.80,8.70
2010.02.05 19:19:17.659,0.89125,0.8914,6.40,1.60
2010.02.05 19:19:17.851,0.89125,0.89145,10.40,9.50
2010.02.05 19:19:18.037,0.89125,0.89145,14.40,5.50
2010.02.05 19:19:18.484,0.89125,0.89145,16.00,5.50
2010.02.05 19:19:18.663,0.89125,0.89145,17.60,5.50
2010.02.05 19:19:19.739,0.8914,0.89145,4.00,2.30
2010.02.05 19:19:19.897,0.8914,0.8915,4.00,3.90
2010.02.05 19:19:20.207,0.8914,0.8915,4.00,1.60
2010.02.05 19:19:20.517,0.89145,0.89155,1.00,11.90
2010.02.05 19:19:20.854,0.89145,0.89155,7.30,2.30
2010.02.05 19:19:21.172,0.89145,0.8916,14.50,3.90
2010.02.05 19:19:22.914,0.89145,0.8916,14.50,1.60
2010.02.05 19:19:23.608,0.89145,0.8916,17.70,1.60
2010.02.05 19:19:24.504,0.89145,0.89165,17.70,13.50
2010.02.05 19:19:24.796,0.89145,0.8916,16.10,1.60
2010.02.05 19:19:25.084,0.89145,0.89165,16.10,14.30
2010.02.05 19:19:25.905,0.8915,0.89165,4.80,7.10
2010.02.05 19:19:26.276,0.89155,0.8917,1.00,7.90
2010.02.05 19:19:26.632,0.89155,0.89165,1.00,1.60
2010.02.05 19:19:26.885,0.89155,0.8917,1.00,7.90
2010.02.05 19:19:27.398,0.89155,0.89165,1.00,1.00
2010.02.05 19:19:27.679,0.89155,0.89165,1.60,1.00
2010.02.05 19:19:28.683,0.89155,0.89165,1.00,1.00
2010.02.05 19:19:29.969,0.8915,0.89165,7.20,1.00
2010.02.05 19:19:32.076,0.8915,0.89165,5.60,9.50
2010.02.05 19:19:32.740,0.8915,0.8916,4.80,1.00
2010.02.05 19:19:33.087,0.89145,0.89165,13.70,17.90
2010.02.05 19:19:33.736,0.89145,0.8916,13.60,3.10
2010.02.05 19:19:34.717,0.89145,0.8915,1.00,2.40
2010.02.05 19:19:35.088,0.8914,0.8915,4.80,1.00
2010.02.05 19:19:35.847,0.8914,0.8915,4.80,1.00
2010.02.05 19:19:36.427,0.8914,0.89155,4.80,7.90
2010.02.05 19:19:36.792,0.8914,0.89155,6.40,2.30
2010.02.05 19:19:37.154,0.8914,0.89155,4.80,2.30
2010.02.05 19:19:37.633,0.8914,0.89155,4.80,2.30
2010.02.05 19:19:37.820,0.8914,0.89155,6.00,2.30
2010.02.05 19:19:38.345,0.8914,0.89155,7.20,2.30
2010.02.05 19:19:38.704,0.8914,0.89155,7.60,1.00
2010.02.05 19:19:39.065,0.89145,0.89155,1.00,1.00
2010.02.05 19:19:39.542,0.8914,0.89155,9.20,1.00
2010.02.05 19:19:39.905,0.8914,0.89155,7.20,1.00
2010.02.05 19:19:40.262,0.8914,0.89155,7.20,1.00
2010.02.05 19:19:42.260,0.8914,0.89155,7.20,1.00
2010.02.05 19:19:42.610,0.8914,0.89155,7.20,1.00
2010.02.05 19:19:42.855,0.8914,0.89155,6.40,1.00
2010.02.05 19:19:43.338,0.8914,0.89155,6.40,1.00
2010.02.05 19:19:45.564,0.89145,0.89155,2.50,1.00
2010.02.05 19:19:46.207,0.8914,0.89155,7.60,1.60
2010.02.05 19:19:46.567,0.8914,0.89155,5.60,1.60
2010.02.05 19:19:51.667,0.8914,0.8915,5.60,1.00
2010.02.05 19:19:55.680,0.8914,0.8915,5.60,1.00
2010.02.05 19:19:59.144,0.8914,0.8915,4.80,1.00
2010.02.05 19:20:00.384,0.8914,0.8915,5.60,1.00
2010.02.05 19:20:00.790,0.8914,0.8915,5.60,1.60
2010.02.05 19:20:01.968,0.8914,0.89145,5.60,1.00
2010.02.05 19:20:02.204,0.8914,0.8915,5.60,1.60
2010.02.05 19:20:02.746,0.8914,0.8915,1.00,2.30
2010.02.05 19:20:02.979,0.8914,0.8915,4.80,2.30
2010.02.05 19:20:03.344,0.8914,0.8915,5.60,1.60
2010.02.05 19:20:04.337,0.8914,0.8915,4.80,1.60
2010.02.05 19:20:06.962,0.8914,0.89145,5.60,1.00
2010.02.05 19:20:07.314,0.8914,0.8915,4.80,2.30
2010.02.05 19:20:07.559,0.8914,0.8915,5.60,1.60
2010.02.05 19:20:08.121,0.89145,0.89155,1.00,1.60
2010.02.05 19:20:08.702,0.89145,0.8915,1.00,1.00
2010.02.05 19:20:09.060,0.89145,0.8915,1.00,1.60
2010.02.05 19:20:09.410,0.8914,0.8915,12.40,1.60
2010.02.05 19:20:09.719,0.8914,0.8915,12.00,1.60
2010.02.05 19:20:10.548,0.8914,0.8915,12.00,1.60
2010.02.05 19:20:10.780,0.8914,0.8915,12.00,1.00
2010.02.05 19:20:12.839,0.8914,0.89155,12.00,1.60
2010.02.05 19:20:14.283,0.8914,0.89155,8.00,1.60
2010.02.05 19:20:15.864,0.8914,0.89155,8.00,1.70
2010.02.05 19:20:16.256,0.8914,0.89155,8.00,2.50
2010.02.05 19:20:16.816,0.8914,0.89155,12.00,2.40
2010.02.05 19:20:17.059,0.8914,0.89155,8.00,1.70
2010.02.05 19:20:17.448,0.8914,0.89155,12.00,1.70
2010.02.05 19:20:17.695,0.89145,0.89155,1.00,2.50
2010.02.05 19:20:18.350,0.8914,0.8915,6.40,1.60
2010.02.05 19:20:19.075,0.8914,0.8915,2.40,1.60
2010.02.05 19:20:19.445,0.89135,0.89145,1.00,1.60
2010.02.05 19:20:19.816,0.89135,0.89145,1.00,2.30
2010.02.05 19:20:20.428,0.89135,0.89145,1.00,1.60
2010.02.05 19:20:21.150,0.89135,0.89145,1.00,2.30
2010.02.05 19:20:25.084,0.89135,0.89145,1.60,2.30
2010.02.05 19:20:30.461,0.89135,0.89145,1.00,2.30
2010.02.05 19:20:31.712,0.8913,0.89145,12.00,3.10
2010.02.05 19:20:35.163,0.8913,0.89145,8.00,3.10
2010.02.05 19:20:35.572,0.8913,0.89145,8.80,2.30
2010.02.05 19:20:37.204,0.8913,0.89145,8.80,2.30
2010.02.05 19:20:38.212,0.8913,0.89145,8.80,2.30
2010.02.05 19:20:38.599,0.8913,0.8915,8.80,16.00
2010.02.05 19:20:38.958,0.8913,0.89145,8.80,2.30
2010.02.05 19:20:39.302,0.8913,0.89145,10.40,2.30
2010.02.05 19:20:39.663,0.8913,0.89145,10.50,2.30
2010.02.05 19:20:40.030,0.8914,0.8915,4.80,1.00
2010.02.05 19:20:40.654,0.8914,0.8915,4.80,1.60
2010.02.05 19:20:44.465,0.8914,0.8915,4.80,1.00
2010.02.05 19:20:44.722,0.8914,0.89155,4.80,8.70
2010.02.05 19:20:45.785,0.89145,0.89155,6.40,7.90
2010.02.05 19:20:45.956,0.8914,0.89155,10.60,2.30
2010.02.05 19:20:46.406,0.8914,0.89155,5.60,2.30
2010.02.05 19:20:46.591,0.89135,0.8915,10.50,4.00
2010.02.05 19:20:46.765,0.89135,0.8915,6.80,7.10
2010.02.05 19:20:47.137,0.89135,0.89145,3.20,2.30
2010.02.05 19:20:47.508,0.8913,0.8915,14.40,10.30
2010.02.05 19:20:48.803,0.8913,0.8915,14.40,10.30
2010.02.05 19:20:49.182,0.8913,0.8915,14.40,10.30
2010.02.05 19:20:52.444,0.8913,0.8915,10.40,15.90
2010.02.05 19:20:53.221,0.8913,0.8915,9.60,15.90
2010.02.05 19:20:53.992,0.8913,0.8915,6.40,17.50
2010.02.05 19:20:54.290,0.8913,0.89145,6.40,1.50
2010.02.05 19:20:54.868,0.8913,0.89145,6.40,3.10
2010.02.05 19:20:59.774,0.8913,0.89145,7.20,1.60
2010.02.05 19:21:00.160,0.89135,0.8915,1.00,13.50
2010.02.05 19:21:00.448,0.8913,0.8915,10.80,10.30
2010.02.05 19:21:00.548,0.8913,0.8915,14.80,10.30
2010.02.05 19:21:01.184,0.89135,0.8915,1.60,8.70
2010.02.05 19:21:01.503,0.89135,0.89145,1.60,1.00
2010.02.05 19:21:01.878,0.8913,0.89145,13.60,6.30
2010.02.05 19:21:02.245,0.8913,0.89145,5.60,10.30
2010.02.05 19:21:03.655,0.89135,0.8915,8.90,9.90
2010.02.05 19:21:04.016,0.89135,0.8915,8.90,2.30
2010.02.05 19:21:04.292,0.89135,0.8915,10.50,2.30
2010.02.05 19:21:04.834,0.89135,0.8915,14.50,2.30
2010.02.05 19:21:06.213,0.89145,0.8915,2.50,2.30
2010.02.05 19:21:06.574,0.89145,0.8916,13.70,4.80
2010.02.05 19:21:07.205,0.89145,0.8916,18.10,1.60
2010.02.05 19:21:07.681,0.89145,0.8916,17.90,1.60
2010.02.05 19:21:08.322,0.89145,0.8916,18.10,1.60
2010.02.05 19:21:09.487,0.89145,0.8916,14.10,1.60
2010.02.05 19:21:09.737,0.89145,0.8916,13.70,1.60
2010.02.05 19:21:15.103,0.89145,0.8916,13.80,1.60
2010.02.05 19:21:15.181,0.89145,0.8916,13.70,1.60
2010.02.05 19:21:15.264,0.89155,0.8916,6.40,1.60
2010.02.05 19:21:15.347,0.89155,0.8916,7.20,1.60
2010.02.05 19:21:15.431,0.89155,0.89165,7.20,1.00
2010.02.05 19:21:15.509,0.8916,0.8917,4.00,11.20
2010.02.05 19:21:15.593,0.8916,0.8917,5.60,3.60
2010.02.05 19:21:15.931,0.8916,0.8917,5.60,1.60
2010.02.05 19:21:16.027,0.8916,0.89175,5.60,14.60
2010.02.05 19:21:16.105,0.8916,0.89175,5.60,14.20
2010.02.05 19:21:17.122,0.8916,0.89175,5.60,14.10
2010.02.05 19:21:17.363,0.8916,0.8917,4.80,1.60
2010.02.05 19:21:21.638,0.8916,0.89175,4.80,19.30
2010.02.05 19:21:24.728,0.8916,0.89175,4.80,13.90
2010.02.05 19:21:27.028,0.8916,0.89175,4.80,19.50
2010.02.05 19:21:27.444,0.8916,0.89175,5.60,19.00
2010.02.05 19:21:28.855,0.8916,0.89175,5.60,18.50
2010.02.05 19:21:31.545,0.8916,0.89175,5.60,18.40
2010.02.05 19:21:33.508,0.8916,0.89175,5.60,19.70
2010.02.05 19:21:34.049,0.8916,0.89175,5.60,21.00
2010.02.05 19:21:34.401,0.8916,0.89175,4.80,19.00
2010.02.05 19:21:35.280,0.8916,0.89175,4.80,18.60
2010.02.05 19:21:36.847,0.8916,0.8917,4.80,1.60
2010.02.05 19:21:37.319,0.8916,0.8917,5.60,1.60
2010.02.05 19:21:40.152,0.89165,0.8917,1.00,1.60
2010.02.05 19:21:40.641,0.8916,0.89175,6.00,3.90
2010.02.05 19:21:41.080,0.8916,0.89175,5.60,3.90
2010.02.05 19:21:41.208,0.89165,0.89175,12.10,1.00
2010.02.05 19:21:41.410,0.89165,0.8918,12.90,8.70
2010.02.05 19:21:41.531,0.89165,0.8918,12.90,3.90
2010.02.05 19:21:42.370,0.89165,0.8918,14.50,3.90
2010.02.05 19:21:43.391,0.89175,0.8918,1.00,3.90
2010.02.05 19:21:43.823,0.8918,0.89185,4.00,7.50
2010.02.05 19:21:44.190,0.8918,0.8919,10.60,2.30
2010.02.05 19:21:44.548,0.89185,0.89195,1.00,1.00
2010.02.05 19:21:44.910,0.89185,0.89195,4.80,1.60
2010.02.05 19:21:45.289,0.89185,0.8919,4.80,1.00
2010.02.05 19:21:45.483,0.89185,0.89195,1.60,1.60
2010.02.05 19:21:45.682,0.8918,0.89195,9.20,1.60
2010.02.05 19:21:46.019,0.8918,0.89195,13.20,1.60
2010.02.05 19:21:46.203,0.8918,0.89195,12.80,2.30
2010.02.05 19:21:50.682,0.8918,0.89195,12.80,2.30
2010.02.05 19:21:50.777,0.89185,0.89195,3.20,1.60
2010.02.05 19:21:51.083,0.89185,0.892,3.20,11.90
2010.02.05 19:21:51.186,0.89185,0.89195,4.80,7.10
2010.02.05 19:21:51.286,0.89185,0.89195,4.00,8.70
2010.02.05 19:21:51.380,0.8918,0.89195,1.60,8.70
2010.02.05 19:21:51.560,0.8918,0.8919,1.60,1.00
2010.02.05 19:21:51.913,0.89175,0.8919,16.10,2.30
2010.02.05 19:21:52.268,0.89175,0.8919,16.10,3.90
2010.02.05 19:21:52.851,0.89175,0.8919,14.50,3.90
2010.02.05 19:21:53.001,0.89175,0.8919,4.80,10.30
2010.02.05 19:21:53.343,0.8917,0.8919,9.40,14.30
2010.02.05 19:21:53.493,0.8917,0.89185,8.00,1.50
2010.02.05 19:21:53.996,0.8917,0.89185,7.20,2.30
2010.02.05 19:21:54.365,0.89165,0.8918,5.60,5.60
2010.02.05 19:21:54.729,0.89165,0.8918,1.60,6.30
2010.02.05 19:21:54.892,0.89165,0.8918,2.40,6.30
2010.02.05 19:21:55.059,0.89175,0.8918,1.60,1.00
2010.02.05 19:21:55.429,0.89175,0.89185,5.60,17.00
2010.02.05 19:21:55.607,0.89175,0.8919,10.60,11.10
2010.02.05 19:21:55.772,0.89175,0.8919,10.50,5.50
2010.02.05 19:21:56.613,0.89175,0.8919,8.90,5.50
2010.02.05 19:21:59.421,0.89175,0.8919,10.50,5.50
2010.02.05 19:22:01.483,0.89175,0.8919,13.70,3.90
2010.02.05 19:22:03.922,0.89175,0.8919,13.70,2.30
2010.02.05 19:22:04.271,0.89175,0.8919,15.70,1.00
2010.02.05 19:22:04.618,0.89175,0.8919,14.90,1.00
2010.02.05 19:22:05.701,0.89175,0.8919,14.10,1.00
2010.02.05 19:22:06.779,0.89175,0.8919,13.70,1.00
2010.02.05 19:22:07.650,0.8918,0.89195,12.80,6.30
2010.02.05 19:22:08.004,0.8918,0.89195,8.80,6.30
2010.02.05 19:22:09.824,0.8918,0.89195,9.60,5.50
2010.02.05 19:22:10.082,0.8918,0.89195,13.60,5.50
2010.02.05 19:22:11.198,0.8918,0.89195,5.60,5.50
2010.02.05 19:22:12.972,0.89185,0.89195,1.00,1.60
2010.02.05 19:22:14.679,0.89185,0.89195,1.00,1.60
2010.02.05 19:22:15.138,0.8918,0.89195,14.00,2.40
2010.02.05 19:22:15.357,0.8918,0.89195,4.40,10.30
2010.02.05 19:22:15.571,0.8918,0.89195,4.00,10.30
2010.02.05 19:22:17.459,0.8918,0.89195,5.60,10.50
2010.02.05 19:22:17.732,0.89175,0.89185,14.40,1.00
2010.02.05 19:22:18.151,0.89175,0.8918,4.80,1.00
2010.02.05 19:22:18.485,0.89175,0.8919,3.20,8.00
2010.02.05 19:22:19.428,0.8917,0.89185,4.00,8.70
2010.02.05 19:22:19.782,0.8917,0.89185,4.00,10.30
2010.02.05 19:22:20.431,0.8917,0.89185,2.40,13.90
2010.02.05 19:22:20.610,0.8917,0.89185,6.50,9.90
2010.02.05 19:22:20.964,0.89175,0.89185,4.80,1.60
2010.02.05 19:22:21.200,0.8918,0.89195,2.40,9.50
2010.02.05 19:22:21.660,0.8918,0.89195,8.80,3.90
2010.02.05 19:22:21.869,0.8918,0.89195,15.20,2.30
2010.02.05 19:22:22.075,0.8918,0.892,15.20,11.90
2010.02.05 19:22:22.439,0.89185,0.892,5.60,11.90
2010.02.05 19:22:23.427,0.89185,0.892,6.40,10.30
2010.02.05 19:22:24.245,0.89185,0.892,11.20,10.30
2010.02.05 19:22:24.473,0.89185,0.892,5.60,11.10
2010.02.05 19:22:24.702,0.89185,0.892,6.40,11.90
2010.02.05 19:22:25.254,0.89185,0.892,11.20,9.50
2010.02.05 19:22:25.449,0.89185,0.892,6.40,9.50
2010.02.05 19:22:26.133,0.8919,0.89205,7.60,1.00
2010.02.05 19:22:26.332,0.89195,0.89205,1.00,1.00
2010.02.05 19:22:26.704,0.8919,0.89205,10.40,3.10
2010.02.05 19:22:27.066,0.89185,0.892,8.80,4.70
2010.02.05 19:22:27.424,0.89185,0.892,4.80,4.70
2010.02.05 19:22:29.086,0.89185,0.89205,10.50,17.50
2010.02.05 19:22:29.590,0.89185,0.89205,16.10,13.50
2010.02.05 19:22:29.831,0.89185,0.89205,17.70,13.50
2010.02.05 19:22:32.710,0.89185,0.89205,17.70,10.30
2010.02.05 19:22:33.324,0.89185,0.892,17.70,1.60
2010.02.05 19:22:34.842,0.8918,0.89195,10.40,2.30
2010.02.05 19:22:35.409,0.8918,0.89195,8.80,2.30
2010.02.05 19:22:35.961,0.8918,0.89195,8.80,2.80
2010.02.05 19:22:36.147,0.8918,0.89195,14.40,2.30
2010.02.05 19:22:36.499,0.8918,0.89195,8.80,6.30
2010.02.05 19:22:36.832,0.8918,0.89195,4.00,8.70
2010.02.05 19:22:37.181,0.8918,0.89195,4.00,10.30
2010.02.05 19:22:38.106,0.8918,0.89195,5.60,10.30
2010.02.05 19:22:38.459,0.8918,0.8919,2.40,1.00
2010.02.05 19:22:38.815,0.89185,0.8919,7.30,1.60
2010.02.05 19:22:39.073,0.8918,0.89195,8.80,2.30
2010.02.05 19:22:39.623,0.8918,0.89195,12.80,2.30
2010.02.05 19:22:41.297,0.8918,0.89195,12.90,2.30
2010.02.05 19:22:41.364,0.8918,0.89195,8.90,6.30
2010.02.05 19:22:41.484,0.8918,0.89195,12.90,1.00
2010.02.05 19:22:41.813,0.89185,0.892,3.20,12.70
2010.02.05 19:22:41.926,0.89185,0.892,7.20,7.50
2010.02.05 19:22:42.032,0.89185,0.89195,4.80,1.60
2010.02.05 19:22:42.399,0.89185,0.89195,4.00,1.60
2010.02.05 19:22:42.757,0.89185,0.89195,2.40,1.60
2010.02.05 19:22:43.116,0.89185,0.89195,7.30,1.60
2010.02.05 19:22:43.478,0.8919,0.89205,5.60,3.90
2010.02.05 19:22:43.830,0.8919,0.892,5.60,1.60
2010.02.05 19:22:44.197,0.8919,0.89205,5.60,3.90
2010.02.05 19:22:44.892,0.8919,0.89205,5.60,3.90
2010.02.05 19:22:45.610,0.8919,0.89205,5.60,3.90
2010.02.05 19:22:46.254,0.89185,0.89205,22.50,10.30
2010.02.05 19:22:46.704,0.8919,0.892,4.00,1.60
2010.02.05 19:22:47.003,0.89185,0.89205,18.50,10.30
2010.02.05 19:22:47.301,0.89185,0.89205,18.50,11.90
2010.02.05 19:22:47.580,0.89185,0.89205,17.70,11.90
2010.02.05 19:22:48.077,0.8919,0.89205,1.60,11.90
2010.02.05 19:22:50.270,0.8919,0.89205,6.40,4.70
2010.02.05 19:22:50.552,0.8919,0.89205,7.20,3.90
2010.02.05 19:22:51.113,0.8919,0.89205,7.20,3.90
2010.02.05 19:22:51.563,0.8919,0.89205,5.60,3.90
2010.02.05 19:22:51.799,0.8919,0.89205,7.20,3.90
2010.02.05 19:22:52.042,0.8919,0.89205,5.60,3.90
2010.02.05 19:22:52.546,0.8919,0.89205,5.60,3.90
2010.02.05 19:22:52.893,0.8919,0.89205,5.60,3.90
2010.02.05 19:22:53.242,0.8919,0.89205,7.20,2.30
2010.02.05 19:22:53.840,0.89195,0.89205,2.40,1.00
2010.02.05 19:22:57.577,0.89195,0.89205,1.60,1.00
2010.02.05 19:22:58.572,0.8919,0.89205,8.90,1.00
2010.02.05 19:22:59.713,0.89195,0.89205,1.60,1.00
2010.02.05 19:23:00.290,0.8919,0.89205,8.90,1.00
2010.02.05 19:23:00.607,0.8919,0.89205,7.30,1.00
2010.02.05 19:23:00.842,0.89195,0.89205,4.80,1.00
2010.02.05 19:23:01.086,0.89195,0.8921,8.90,10.30
2010.02.05 19:23:01.456,0.8919,0.8921,18.80,6.30
2010.02.05 19:23:01.844,0.89195,0.8921,1.60,7.10
2010.02.05 19:23:03.303,0.89195,0.8921,1.60,8.70
2010.02.05 19:23:04.863,0.89195,0.8921,1.60,7.10
2010.02.05 19:23:07.093,0.89195,0.89205,1.60,1.50
2010.02.05 19:23:07.183,0.89195,0.89205,1.60,1.00
2010.02.05 19:23:08.936,0.8919,0.892,1.60,4.00
2010.02.05 19:23:09.291,0.8919,0.89205,1.60,15.90
2010.02.05 19:23:11.511,0.89195,0.89205,4.00,11.90
2010.02.05 19:23:11.807,0.89195,0.8921,12.90,12.30
2010.02.05 19:23:12.249,0.89195,0.8921,14.50,3.90
2010.02.05 19:23:12.539,0.89195,0.8921,14.50,3.90
2010.02.05 19:23:14.027,0.89195,0.89205,2.40,1.00
2010.02.05 19:23:14.391,0.89195,0.89205,1.60,1.00
2010.02.05 19:23:14.650,0.89195,0.8921,1.60,18.30
2010.02.05 19:23:15.661,0.8919,0.8921,8.80,18.30
2010.02.05 19:23:17.662,0.8919,0.8921,8.80,18.30
2010.02.05 19:23:18.716,0.8919,0.89205,8.00,1.00
2010.02.05 19:23:19.287,0.8919,0.89205,8.00,2.40
2010.02.05 19:23:20.302,0.8919,0.89205,8.00,3.10
2010.02.05 19:23:20.590,0.8919,0.89205,6.40,3.10
2010.02.05 19:23:22.497,0.8919,0.89205,6.40,4.70
2010.02.05 19:23:23.547,0.8919,0.89205,2.40,10.30
2010.02.05 19:23:23.901,0.8919,0.89205,1.60,11.90
2010.02.05 19:23:24.482,0.8919,0.89205,1.60,13.50
2010.02.05 19:23:24.729,0.89195,0.89205,7.20,1.60
2010.02.05 19:23:25.075,0.89195,0.8921,4.80,12.90
2010.02.05 19:23:25.292,0.8919,0.892,8.80,2.30
2010.02.05 19:23:25.500,0.8919,0.892,4.80,3.90
2010.02.05 19:23:25.833,0.8919,0.892,1.00,3.90
2010.02.05 19:23:26.045,0.89185,0.89205,13.50,2.30
2010.02.05 19:23:26.834,0.89185,0.89205,9.50,2.30
2010.02.05 19:23:27.160,0.89185,0.89205,9.50,3.90
2010.02.05 19:23:27.524,0.8919,0.89205,8.70,1.00
2010.02.05 19:23:29.225,0.89195,0.89205,2.50,1.00
2010.02.05 19:23:29.418,0.89195,0.8921,8.80,9.50
2010.02.05 19:23:29.605,0.89195,0.8921,14.40,5.50
2010.02.05 19:23:30.060,0.89195,0.8921,14.40,1.60
2010.02.05 19:23:30.245,0.89195,0.89215,14.40,23.80
2010.02.05 19:23:30.436,0.89195,0.89215,14.40,23.20
2010.02.05 19:23:30.811,0.89195,0.89215,14.40,23.50
2010.02.05 19:23:31.382,0.89195,0.89215,14.40,23.80
2010.02.05 19:23:31.829,0.89195,0.89215,14.40,24.30
2010.02.05 19:23:32.154,0.89195,0.89215,14.40,24.20
2010.02.05 19:23:32.461,0.89195,0.8921,14.40,1.60
2010.02.05 19:23:32.823,0.89195,0.89215,14.40,18.70
2010.02.05 19:23:35.133,0.89195,0.89205,2.40,2.40
2010.02.05 19:23:35.523,0.8919,0.89205,6.40,8.70
2010.02.05 19:23:35.871,0.8919,0.89205,4.00,10.30
2010.02.05 19:23:37.578,0.8919,0.892,1.60,1.00
2010.02.05 19:23:38.401,0.89185,0.89195,4.00,6.30
2010.02.05 19:23:38.736,0.8917,0.89185,2.40,16.50
2010.02.05 19:23:39.308,0.8917,0.89185,2.40,17.30
2010.02.05 19:23:39.942,0.89175,0.8919,8.90,8.70
2010.02.05 19:23:40.271,0.89175,0.8919,14.50,3.90
2010.02.05 19:23:41.729,0.89175,0.89185,4.80,8.00
2010.02.05 19:23:42.090,0.89175,0.89185,1.00,10.30
2010.02.05 19:23:42.450,0.8917,0.89185,2.40,10.30
2010.02.05 19:23:43.062,0.8917,0.89185,2.40,10.30
2010.02.05 19:23:43.327,0.8917,0.89185,4.00,10.30
2010.02.05 19:23:43.599,0.8917,0.89185,4.00,10.30
2010.02.05 19:23:44.275,0.8917,0.89185,4.00,10.30
2010.02.05 19:23:46.000,0.8917,0.89185,4.00,10.30
2010.02.05 19:23:48.324,0.8917,0.89185,4.80,7.90
2010.02.05 19:23:48.618,0.8917,0.89185,10.40,2.30
2010.02.05 19:23:48.881,0.8917,0.8919,14.40,8.70
2010.02.05 19:23:49.123,0.8917,0.8919,18.40,8.70
2010.02.05 19:23:50.393,0.89175,0.8918,4.00,2.40
2010.02.05 19:23:50.669,0.89175,0.8919,10.50,3.90
2010.02.05 19:23:50.929,0.89175,0.8919,14.50,3.90
2010.02.05 19:23:51.549,0.89175,0.8919,10.50,3.90
2010.02.05 19:23:51.894,0.89175,0.8919,14.50,3.90
2010.02.05 19:23:52.380,0.89175,0.89185,4.80,1.00
2010.02.05 19:23:52.981,0.89175,0.89185,1.00,1.00
2010.02.05 19:23:53.995,0.8917,0.89185,14.40,1.00
2010.02.05 19:23:55.584,0.89175,0.89185,1.00,1.00
2010.02.05 19:24:00.492,0.8917,0.89185,8.80,1.00
2010.02.05 19:24:01.804,0.8917,0.89185,4.00,7.60
2010.02.05 19:24:02.095,0.8917,0.89185,8.80,2.80
2010.02.05 19:24:02.385,0.89175,0.8919,8.90,5.50
2010.02.05 19:24:02.697,0.89175,0.8919,10.50,5.50
2010.02.05 19:24:02.984,0.89175,0.8919,14.40,3.90
2010.02.05 19:24:03.320,0.89175,0.8919,14.50,3.90
2010.02.05 19:24:03.650,0.89175,0.8919,9.60,3.90
2010.02.05 19:24:03.986,0.89175,0.8919,11.20,2.30
2010.02.05 19:24:04.313,0.89175,0.8919,3.20,4.70
2010.02.05 19:24:05.967,0.89175,0.8919,7.20,1.00
2010.02.05 19:24:06.076,0.89175,0.89195,12.10,18.60
2010.02.05 19:24:06.499,0.89175,0.89195,17.70,13.50
2010.02.05 19:24:08.024,0.89175,0.8919,17.60,1.00
2010.02.05 19:24:08.212,0.89175,0.8919,13.60,3.10
2010.02.05 19:24:08.402,0.89175,0.8919,12.00,3.10
2010.02.05 19:24:08.586,0.89175,0.8919,12.10,3.10
2010.02.05 19:24:09.716,0.89175,0.8919,12.00,3.10
2010.02.05 19:24:11.825,0.89175,0.8919,12.10,3.10
2010.02.05 19:24:12.267,0.89175,0.8919,8.90,3.10
2010.02.05 19:24:12.362,0.89175,0.8919,4.80,7.10
2010.02.05 19:24:12.719,0.8917,0.89185,14.40,2.30
2010.02.05 19:24:13.170,0.8917,0.89185,8.00,2.30
2010.02.05 19:24:13.527,0.8917,0.89185,8.10,2.30
2010.02.05 19:24:14.746,0.8917,0.89185,8.00,2.50
2010.02.05 19:24:15.008,0.8917,0.89185,8.10,2.40
2010.02.05 19:24:15.266,0.8917,0.89185,8.10,3.50
2010.02.05 19:24:15.580,0.8917,0.89185,8.00,3.60
2010.02.05 19:24:15.831,0.8917,0.89185,8.10,3.50
2010.02.05 19:24:22.991,0.8917,0.89185,6.40,3.50
2010.02.05 19:24:23.817,0.8917,0.89185,8.00,3.60
2010.02.05 19:24:26.785,0.8917,0.8918,6.40,1.00
2010.02.05 19:24:27.015,0.8917,0.89185,8.00,1.90
2010.02.05 19:24:27.240,0.8917,0.89185,12.00,1.90
2010.02.05 19:24:27.897,0.8917,0.8918,4.00,1.50
2010.02.05 19:24:28.261,0.8918,0.89185,8.00,1.00
2010.02.05 19:24:28.621,0.8918,0.8919,5.60,2.40
2010.02.05 19:24:28.960,0.89175,0.8919,18.50,1.50
2010.02.05 19:24:30.976,0.89175,0.8919,19.00,1.50
2010.02.05 19:24:31.402,0.89175,0.8919,21.80,1.50
2010.02.05 19:24:34.052,0.8918,0.8919,1.60,1.50
2010.02.05 19:24:34.653,0.8918,0.8919,2.40,1.00
2010.02.05 19:24:35.000,0.8918,0.8919,3.20,1.50
2010.02.05 19:24:35.532,0.8918,0.8919,2.40,1.00
2010.02.05 19:24:35.937,0.8918,0.8919,6.40,1.00
2010.02.05 19:24:36.083,0.8918,0.89195,10.40,2.70
2010.02.05 19:24:36.492,0.8918,0.89195,14.40,1.00
2010.02.05 19:24:36.821,0.8918,0.892,14.40,10.30
2010.02.05 19:24:37.498,0.89185,0.892,1.60,10.30
2010.02.05 19:24:39.196,0.89185,0.89195,1.60,5.10
2010.02.05 19:24:39.614,0.8918,0.89195,9.60,9.10
2010.02.05 19:24:39.861,0.8918,0.89195,5.60,10.70
2010.02.05 19:24:43.174,0.8918,0.892,14.40,10.30
2010.02.05 19:24:45.822,0.8918,0.892,18.40,10.30
2010.02.05 19:24:46.011,0.89185,0.892,4.00,10.30
2010.02.05 19:24:46.804,0.89185,0.892,9.60,7.10
2010.02.05 19:24:47.029,0.89185,0.892,11.20,7.10
2010.02.05 19:24:47.244,0.89185,0.892,12.00,7.10
2010.02.05 19:24:47.673,0.89185,0.892,15.20,7.10
2010.02.05 19:24:48.830,0.89185,0.892,15.20,7.10
2010.02.05 19:24:49.802,0.89185,0.892,22.10,1.60
2010.02.05 19:24:50.201,0.89185,0.892,22.90,1.60
2010.02.05 19:24:50.564,0.89185,0.892,24.00,1.60
2010.02.05 19:24:51.311,0.89185,0.892,20.00,1.60
2010.02.05 19:24:51.834,0.89185,0.892,20.80,1.60
2010.02.05 19:24:52.094,0.89185,0.89205,20.80,12.40
2010.02.05 19:24:52.685,0.8919,0.89205,1.00,12.40
2010.02.05 19:24:55.730,0.8919,0.89205,6.40,1.20
2010.02.05 19:24:56.090,0.8919,0.89205,6.40,2.80
2010.02.05 19:24:56.233,0.8919,0.89205,6.40,2.40
2010.02.05 19:24:56.851,0.8919,0.89205,7.20,1.60
2010.02.05 19:24:58.414,0.8919,0.89205,8.20,1.60
2010.02.05 19:24:58.772,0.89195,0.8921,8.90,3.90
2010.02.05 19:24:59.130,0.89195,0.8921,14.50,3.90
2010.02.05 19:25:00.087,0.89195,0.8921,10.40,3.90
2010.02.05 19:25:00.193,0.89195,0.8921,8.80,3.90
2010.02.05 19:25:00.759,0.89195,0.8921,8.90,3.90
2010.02.05 19:25:00.861,0.89195,0.8921,10.50,3.90
2010.02.05 19:25:01.319,0.89195,0.8921,4.10,10.30
2010.02.05 19:25:01.671,0.8919,0.89205,5.60,2.30
2010.02.05 19:25:02.031,0.8919,0.89205,7.20,2.30
2010.02.05 19:25:06.236,0.8919,0.89205,6.40,3.10
2010.02.05 19:25:06.337,0.8919,0.89205,7.20,2.30
2010.02.05 19:25:08.558,0.8919,0.89205,6.40,3.10
2010.02.05 19:25:11.417,0.8919,0.89205,7.20,2.30
2010.02.05 19:25:13.229,0.8919,0.89205,7.30,1.00
2010.02.05 19:25:13.810,0.8919,0.89205,7.30,2.30
2010.02.05 19:25:14.048,0.8919,0.89205,7.70,2.30
2010.02.05 19:25:14.287,0.8919,0.89205,7.70,1.00
2010.02.05 19:25:15.090,0.8919,0.8921,7.30,14.30
2010.02.05 19:25:16.022,0.8919,0.89205,7.30,1.60
2010.02.05 19:25:16.506,0.8919,0.8921,11.30,10.30
2010.02.05 19:25:16.816,0.89195,0.8921,1.60,10.30
2010.02.05 19:25:17.306,0.8919,0.8921,11.30,14.30
2010.02.05 19:25:17.465,0.89195,0.8921,1.60,14.30
2010.02.05 19:25:18.038,0.8919,0.8921,7.30,14.30
2010.02.05 19:25:18.395,0.8919,0.89205,7.20,1.60
2010.02.05 19:25:18.721,0.8919,0.8921,7.20,14.30
2010.02.05 19:25:20.010,0.8919,0.89205,5.70,2.30
2010.02.05 19:25:20.371,0.8919,0.89205,7.20,1.00
2010.02.05 19:25:24.356,0.8919,0.89205,5.60,2.30
2010.02.05 19:25:24.546,0.8919,0.89205,7.20,2.30
2010.02.05 19:25:25.260,0.8919,0.89205,5.60,2.30
2010.02.05 19:25:29.107,0.8919,0.89205,5.60,2.30
2010.02.05 19:25:29.944,0.8919,0.89205,7.20,2.30
2010.02.05 19:25:30.275,0.8919,0.89205,7.20,2.30
2010.02.05 19:25:31.253,0.8919,0.89205,7.20,1.00
2010.02.05 19:25:31.357,0.8919,0.8921,7.20,14.30
2010.02.05 19:25:33.262,0.8919,0.8921,9.20,14.30
2010.02.05 19:25:33.444,0.8919,0.8921,14.00,14.30
2010.02.05 19:25:33.626,0.8919,0.89205,10.00,4.00
2010.02.05 19:25:33.807,0.8919,0.89205,14.00,4.70
2010.02.05 19:25:34.167,0.8919,0.89205,18.20,2.30
2010.02.05 19:25:34.521,0.8919,0.8921,18.20,10.30
2010.02.05 19:25:34.881,0.89195,0.8921,7.30,3.90
2010.02.05 19:25:35.243,0.8919,0.8921,19.70,8.70
2010.02.05 19:25:35.365,0.8919,0.8921,19.30,8.70
2010.02.05 19:25:35.842,0.89195,0.89215,12.10,21.10
2010.02.05 19:25:35.968,0.89195,0.89215,16.90,17.80
2010.02.05 19:25:36.099,0.892,0.89215,1.00,13.10
2010.02.05 19:25:36.225,0.892,0.89215,1.20,10.30
2010.02.05 19:25:36.437,0.892,0.89215,5.60,10.30
2010.02.05 19:25:36.658,0.892,0.89215,5.60,10.30
2010.02.05 19:25:36.951,0.89195,0.89215,27.70,10.30
2010.02.05 19:25:37.167,0.892,0.89215,7.30,10.30
2010.02.05 19:25:37.385,0.892,0.89215,7.40,10.30
2010.02.05 19:25:38.570,0.892,0.89215,7.20,10.30
2010.02.05 19:25:38.777,0.892,0.89215,5.20,10.30
2010.02.05 19:25:38.984,0.892,0.89215,2.40,10.30
2010.02.05 19:25:41.050,0.892,0.89215,4.00,10.30
2010.02.05 19:25:41.418,0.892,0.89215,3.20,10.30
2010.02.05 19:25:41.459,0.892,0.89215,1.60,11.90
2010.02.05 19:25:41.537,0.892,0.89215,1.60,13.10
2010.02.05 19:25:41.577,0.892,0.89215,1.60,13.40
2010.02.05 19:25:41.683,0.892,0.89215,1.60,13.50
2010.02.05 19:25:42.321,0.89195,0.89215,20.10,15.10
2010.02.05 19:25:42.651,0.89195,0.89215,16.10,13.50
2010.02.05 19:25:43.361,0.89195,0.89215,17.70,14.00
2010.02.05 19:25:44.399,0.89195,0.89215,17.70,13.50
2010.02.05 19:25:44.729,0.892,0.89215,1.60,10.30
2010.02.05 19:25:45.402,0.89195,0.89215,17.70,13.50
2010.02.05 19:25:45.729,0.89195,0.89215,17.70,13.50
2010.02.05 19:25:47.061,0.89195,0.89215,17.70,13.80
2010.02.05 19:25:47.625,0.89195,0.89215,17.70,15.10
2010.02.05 19:25:47.912,0.89195,0.89215,17.70,13.80
2010.02.05 19:25:49.975,0.892,0.89215,8.50,1.60
2010.02.05 19:25:50.338,0.892,0.89215,15.20,1.60
2010.02.05 19:25:50.813,0.89195,0.89215,19.20,8.70
2010.02.05 19:25:50.901,0.89195,0.89215,18.40,8.70
2010.02.05 19:25:50.977,0.89195,0.89215,18.40,10.30
2010.02.05 19:25:51.643,0.892,0.89215,1.00,10.30
2010.02.05 19:25:51.895,0.892,0.89215,6.40,1.50
2010.02.05 19:25:52.149,0.892,0.89215,6.40,3.10
2010.02.05 19:25:52.502,0.892,0.89215,6.40,1.50
2010.02.05 19:25:52.840,0.892,0.89215,6.40,3.10
2010.02.05 19:25:53.192,0.892,0.89215,7.20,2.30
2010.02.05 19:25:54.118,0.89205,0.89215,1.00,1.50
2010.02.05 19:25:54.741,0.89205,0.8922,8.80,5.50
2010.02.05 19:25:55.072,0.89205,0.8922,4.00,7.10
2010.02.05 19:25:56.404,0.89205,0.8922,4.00,6.30
2010.02.05 19:25:56.800,0.89205,0.8922,4.00,7.10
2010.02.05 19:25:56.996,0.8921,0.8922,1.00,4.70
2010.02.05 19:25:57.167,0.8921,0.8922,2.50,1.00
2010.02.05 19:25:57.346,0.8921,0.89225,3.30,6.70
2010.02.05 19:25:57.832,0.89215,0.8923,1.70,12.70
2010.02.05 19:25:58.211,0.89215,0.89225,1.60,7.10
2010.02.05 19:25:58.517,0.89215,0.8923,1.70,5.50
2010.02.05 19:25:58.824,0.89215,0.8923,2.50,5.50
2010.02.05 19:25:59.128,0.89215,0.8923,6.50,5.50
2010.02.05 19:25:59.732,0.89215,0.89235,12.90,20.40
2010.02.05 19:26:00.307,0.8921,0.8922,20.00,1.00
2010.02.05 19:26:00.620,0.89215,0.89225,1.60,1.00
2010.02.05 19:26:01.527,0.89215,0.89225,2.40,1.00
2010.02.05 19:26:01.841,0.89215,0.89225,2.50,1.00
2010.02.05 19:26:02.004,0.89215,0.89225,6.50,1.00
2010.02.05 19:26:03.514,0.89215,0.89225,2.40,1.00
2010.02.05 19:26:04.354,0.89215,0.8923,8.90,2.30
2010.02.05 19:26:04.611,0.89215,0.8923,14.50,2.30
2010.02.05 19:26:04.937,0.8922,0.8923,4.80,1.60
2010.02.05 19:26:05.274,0.8922,0.89235,6.40,2.60
2010.02.05 19:26:05.918,0.89225,0.8924,1.00,14.30
2010.02.05 19:26:06.391,0.89225,0.8924,1.00,11.10
2010.02.05 19:26:06.602,0.89225,0.8924,1.70,11.20
2010.02.05 19:26:06.814,0.89235,0.8924,4.80,5.60
2010.02.05 19:26:07.274,0.89235,0.8924,2.40,1.50
2010.02.05 19:26:07.558,0.8923,0.89245,2.40,3.90
2010.02.05 19:26:07.831,0.8923,0.89245,1.60,3.90
2010.02.05 19:26:08.613,0.89225,0.8924,16.10,1.00
2010.02.05 19:26:08.981,0.8923,0.8924,1.60,1.00
2010.02.05 19:26:09.504,0.8923,0.8924,1.70,1.00
2010.02.05 19:26:09.804,0.8923,0.8924,1.70,1.50
2010.02.05 19:26:10.157,0.8923,0.89235,1.00,1.00
2010.02.05 19:26:10.516,0.8923,0.8924,1.70,1.00
2010.02.05 19:26:11.804,0.8923,0.8924,1.60,1.00
2010.02.05 19:26:11.942,0.89235,0.89245,1.00,4.00
2010.02.05 19:26:12.077,0.89235,0.8925,8.80,3.10
2010.02.05 19:26:12.512,0.89235,0.8925,14.50,3.10
2010.02.05 19:26:13.458,0.89235,0.8925,14.50,1.00
2010.02.05 19:26:14.430,0.89235,0.8925,10.50,3.10
2010.02.05 19:26:15.143,0.8924,0.89255,8.90,12.30
2010.02.05 19:26:15.275,0.8924,0.89255,9.20,6.70
2010.02.05 19:26:15.408,0.8924,0.89255,9.20,1.00
2010.02.05 19:26:15.711,0.8924,0.89255,10.80,1.00
2010.02.05 19:26:15.845,0.8924,0.89255,12.40,1.00
2010.02.05 19:26:15.979,0.8924,0.8925,12.20,1.00
2010.02.05 19:26:16.138,0.8924,0.8925,17.60,1.00
2010.02.05 19:26:16.295,0.8924,0.89255,17.60,1.60
2010.02.05 19:26:16.448,0.8924,0.89255,17.70,1.00
2010.02.05 19:26:17.558,0.8924,0.89255,21.70,1.00
2010.02.05 19:26:18.177,0.8924,0.8926,21.70,13.90
2010.02.05 19:26:18.447,0.8924,0.8926,20.90,13.90
2010.02.05 19:26:19.232,0.89245,0.8926,1.00,23.10
2010.02.05 19:26:19.936,0.89245,0.8926,1.70,23.10
2010.02.05 19:26:20.288,0.8925,0.8926,1.00,22.30
2010.02.05 19:26:20.410,0.8925,0.8926,1.00,20.70
2010.02.05 19:26:20.804,0.8925,0.8926,1.00,13.50
2010.02.05 19:26:20.937,0.89255,0.8927,1.00,14.30
2010.02.05 19:26:21.069,0.89255,0.8927,1.00,13.90
2010.02.05 19:26:21.462,0.8925,0.8926,6.10,1.00
2010.02.05 19:26:21.583,0.8925,0.8926,5.70,1.00
2010.02.05 19:26:25.249,0.8925,0.8926,4.10,1.00
2010.02.05 19:26:26.148,0.89255,0.89265,2.40,8.30
2010.02.05 19:26:26.286,0.89255,0.89265,2.50,2.30
2010.02.05 19:26:26.423,0.89255,0.8927,9.40,6.30
2010.02.05 19:26:26.778,0.8926,0.8927,1.70,1.00
2010.02.05 19:26:26.937,0.89265,0.8928,1.60,8.70
2010.02.05 19:26:27.186,0.89265,0.8928,2.40,7.90
2010.02.05 19:26:27.759,0.8927,0.8928,1.00,2.20
2010.02.05 19:26:28.016,0.8927,0.89285,8.10,1.40
2010.02.05 19:26:28.388,0.8928,0.89285,1.00,1.00
2010.02.05 19:26:28.753,0.8927,0.89285,17.60,2.10
2010.02.05 19:26:29.118,0.8928,0.89285,1.00,1.60
2010.02.05 19:26:29.481,0.8928,0.89295,1.00,11.90
2010.02.05 19:26:29.818,0.8928,0.89295,1.00,3.80
2010.02.05 19:26:30.358,0.89275,0.8929,2.40,1.00
2010.02.05 19:26:30.730,0.89275,0.89295,4.00,10.20
2010.02.05 19:26:31.484,0.8928,0.89295,1.00,9.50
2010.02.05 19:26:32.018,0.89275,0.89295,3.60,9.50
2010.02.05 19:26:32.241,0.8928,0.8929,1.00,1.00
2010.02.05 19:26:32.607,0.89275,0.89285,2.40,3.10
2010.02.05 19:26:32.973,0.89275,0.89285,1.00,1.00
2010.02.05 19:26:33.339,0.89275,0.89285,2.40,2.40
2010.02.05 19:26:33.699,0.8927,0.89285,21.80,2.30
2010.02.05 19:26:34.067,0.89275,0.8929,1.60,3.50
2010.02.05 19:26:34.429,0.89275,0.89285,1.60,2.40
2010.02.05 19:26:34.967,0.8927,0.89285,10.50,6.50
2010.02.05 19:26:35.320,0.8927,0.89285,10.40,6.40
2010.02.05 19:26:35.684,0.89275,0.89285,4.00,6.30
2010.02.05 19:26:36.194,0.8927,0.89285,8.10,6.30
2010.02.05 19:26:36.476,0.8927,0.89285,4.10,6.30
2010.02.05 19:26:37.377,0.8927,0.89285,4.00,6.30
2010.02.05 19:26:37.591,0.8927,0.89285,4.10,6.30
2010.02.05 19:26:38.294,0.8927,0.89285,2.50,6.30
2010.02.05 19:26:39.545,0.8927,0.8928,4.10,4.00
2010.02.05 19:26:40.032,0.8927,0.8928,1.70,1.10
2010.02.05 19:26:40.360,0.8927,0.89285,1.00,6.30
2010.02.05 19:26:40.688,0.8927,0.89285,1.00,6.30
2010.02.05 19:26:41.094,0.8927,0.89285,1.00,6.30
2010.02.05 19:26:41.416,0.8927,0.89285,2.50,6.30
2010.02.05 19:26:42.216,0.8927,0.89285,1.00,6.30
2010.02.05 19:26:42.577,0.8927,0.8928,1.00,1.00
2010.02.05 19:26:43.277,0.8927,0.8928,1.00,1.00
2010.02.05 19:26:43.626,0.8927,0.89285,1.00,8.70
2010.02.05 19:26:43.985,0.8927,0.8928,1.00,1.00
2010.02.05 19:26:44.308,0.8927,0.8928,1.00,1.50
2010.02.05 19:26:44.643,0.89265,0.8928,3.20,5.90
2010.02.05 19:26:44.968,0.8926,0.8928,12.10,6.70
2010.02.05 19:26:45.295,0.8926,0.8928,12.10,9.90
2010.02.05 19:26:45.646,0.8926,0.89275,8.10,4.40
2010.02.05 19:26:45.998,0.8926,0.8927,4.10,1.00
2010.02.05 19:26:46.744,0.8926,0.8927,2.50,1.00
2010.02.05 19:26:46.916,0.8926,0.8927,4.10,1.00
2010.02.05 19:26:48.030,0.8926,0.8927,4.00,1.00
2010.02.05 19:26:48.265,0.8926,0.8927,4.10,1.00
2010.02.05 19:26:48.864,0.8926,0.89275,4.10,6.70
2010.02.05 19:26:49.100,0.8926,0.89275,4.10,6.30
2010.02.05 19:26:50.429,0.8926,0.89275,1.70,9.50
2010.02.05 19:26:50.593,0.8926,0.8928,1.00,24.30
2010.02.05 19:26:54.946,0.8926,0.89275,2.50,6.70
2010.02.05 19:26:55.190,0.8927,0.8928,1.00,9.10
2010.02.05 19:26:55.437,0.89265,0.8928,1.60,9.50
2010.02.05 19:26:55.978,0.89265,0.8928,2.40,2.30
2010.02.05 19:26:56.509,0.89265,0.8928,1.60,3.10
2010.02.05 19:26:56.878,0.8926,0.8928,15.30,3.10
2010.02.05 19:26:57.505,0.89265,0.8928,1.60,3.10
2010.02.05 19:26:57.854,0.8926,0.8928,19.30,3.10
2010.02.05 19:26:59.263,0.8926,0.8928,18.50,3.10
2010.02.05 19:27:00.767,0.89265,0.8928,1.60,3.10
2010.02.05 19:27:01.032,0.8926,0.89275,8.10,1.00
2010.02.05 19:27:01.289,0.8926,0.89275,8.10,2.40
2010.02.05 19:27:01.860,0.8926,0.8927,6.50,1.00
2010.02.05 19:27:02.016,0.8926,0.8927,2.40,1.00
2010.02.05 19:27:02.177,0.8926,0.8927,2.50,1.00
2010.02.05 19:27:03.145,0.8926,0.8927,2.40,1.00
2010.02.05 19:27:03.856,0.8926,0.8927,2.50,1.00
2010.02.05 19:27:04.202,0.8926,0.8927,1.00,1.00
2010.02.05 19:27:05.279,0.8926,0.8927,1.00,2.40
2010.02.05 19:27:05.836,0.8926,0.8927,1.00,1.00
2010.02.05 19:27:05.931,0.89255,0.8927,18.40,1.00
2010.02.05 19:27:06.441,0.8926,0.8927,1.00,1.00
2010.02.05 19:27:07.584,0.89255,0.8927,21.60,1.00
2010.02.05 19:27:07.907,0.8926,0.8927,1.00,1.00
2010.02.05 19:27:11.128,0.89265,0.8927,6.40,1.00
2010.02.05 19:27:11.242,0.8927,0.89275,1.00,1.00
2010.02.05 19:27:11.359,0.8927,0.89275,1.00,1.50
2010.02.05 19:27:11.740,0.89265,0.89275,6.40,1.50
2010.02.05 19:27:11.865,0.8926,0.89275,6.50,1.50
2010.02.05 19:27:12.640,0.8926,0.89275,11.30,1.00
2010.02.05 19:27:13.736,0.8926,0.89275,5.70,2.30
2010.02.05 19:27:14.338,0.8926,0.89275,1.00,12.60
2010.02.05 19:27:14.668,0.89255,0.89265,1.00,13.90
2010.02.05 19:27:15.427,0.8924,0.8926,16.10,7.10
2010.02.05 19:27:15.919,0.8924,0.8926,16.10,7.90
2010.02.05 19:27:16.149,0.8924,0.8926,16.10,9.50
2010.02.05 19:27:16.371,0.8924,0.8926,12.10,13.50
2010.02.05 19:27:18.124,0.89245,0.8926,1.00,8.70
2010.02.05 19:27:18.478,0.89245,0.8926,2.40,8.70
2010.02.05 19:27:23.716,0.89245,0.8926,1.60,9.50
2010.02.05 19:27:24.072,0.89245,0.89255,1.70,1.00
2010.02.05 19:27:24.434,0.8925,0.89255,1.00,1.00
2010.02.05 19:27:25.144,0.89245,0.89255,2.40,1.00
2010.02.05 19:27:25.501,0.89245,0.89255,1.60,1.00
2010.02.05 19:27:25.999,0.8924,0.8925,4.10,1.00
2010.02.05 19:27:26.191,0.8924,0.8925,2.50,1.00
2010.02.05 19:27:27.520,0.8924,0.8925,1.70,1.10
2010.02.05 19:27:27.727,0.8924,0.8925,1.70,4.70
2010.02.05 19:27:28.077,0.8924,0.8925,1.00,4.70
2010.02.05 19:27:30.528,0.8924,0.8925,1.00,1.00
2010.02.05 19:27:32.214,0.89235,0.8925,12.10,1.00
2010.02.05 19:27:32.298,0.89235,0.8925,12.10,2.30
2010.02.05 19:27:32.845,0.89235,0.8925,12.10,1.00
2010.02.05 19:27:33.195,0.89235,0.8925,8.80,3.90
2010.02.05 19:27:33.546,0.89235,0.89245,8.80,1.00
2010.02.05 19:27:33.904,0.8923,0.89245,9.00,1.00
2010.02.05 19:27:34.215,0.8923,0.89245,8.90,1.00
2010.02.05 19:27:34.525,0.8923,0.89245,8.80,2.30
2010.02.05 19:27:35.113,0.8923,0.89245,8.80,6.30
2010.02.05 19:27:36.557,0.8923,0.8924,8.70,1.00
2010.02.05 19:27:36.852,0.8923,0.89245,8.70,6.30
2010.02.05 19:27:39.224,0.8923,0.89245,8.70,2.30
2010.02.05 19:27:39.536,0.8923,0.8924,5.60,1.00
2010.02.05 19:27:39.884,0.8923,0.89245,4.80,8.80
2010.02.05 19:27:40.428,0.8923,0.8924,4.80,1.60
2010.02.05 19:27:40.770,0.8923,0.89245,4.80,9.50
2010.02.05 19:27:41.993,0.89225,0.89245,13.00,9.50
2010.02.05 19:27:42.195,0.8923,0.89245,5.70,8.70
2010.02.05 19:27:45.827,0.8923,0.89245,5.70,8.70
2010.02.05 19:27:45.958,0.8923,0.89245,5.70,4.70
2010.02.05 19:27:46.028,0.8923,0.89245,7.30,4.70
2010.02.05 19:27:46.097,0.8923,0.89245,5.70,4.70
2010.02.05 19:27:46.171,0.8923,0.89245,5.70,4.70
2010.02.05 19:27:46.613,0.8923,0.89245,5.70,8.70
2010.02.05 19:27:46.997,0.8923,0.89245,7.20,3.90
2010.02.05 19:27:47.831,0.8923,0.89245,5.60,3.90
2010.02.05 19:27:48.180,0.8923,0.89245,7.20,3.90
2010.02.05 19:27:49.220,0.8923,0.89245,6.40,6.30
2010.02.05 19:27:49.829,0.8923,0.8924,5.60,1.00
2010.02.05 19:27:49.909,0.8923,0.89245,5.60,3.90
2010.02.05 19:27:51.091,0.89235,0.89245,1.00,3.90
2010.02.05 19:27:51.229,0.89235,0.89245,1.00,1.60
2010.02.05 19:27:53.202,0.89235,0.8925,11.30,10.30
2010.02.05 19:27:53.520,0.89235,0.8925,11.30,9.50
2010.02.05 19:27:53.750,0.89235,0.8925,2.50,9.50
2010.02.05 19:27:53.985,0.89235,0.89245,1.60,8.40
2010.02.05 19:27:54.217,0.8923,0.89245,1.00,10.30
2010.02.05 19:27:54.576,0.8923,0.8924,2.40,1.00
2010.02.05 19:27:54.933,0.8923,0.89245,2.40,10.30
2010.02.05 19:27:55.294,0.8923,0.8924,2.40,1.00
2010.02.05 19:27:55.518,0.8923,0.8924,1.00,1.00
2010.02.05 19:27:56.000,0.8923,0.8924,1.00,1.00
2010.02.05 19:27:56.672,0.8923,0.8924,1.00,1.00
2010.02.05 19:27:58.027,0.8923,0.8924,2.40,1.00
2010.02.05 19:27:58.299,0.8923,0.8924,2.40,1.00
2010.02.05 19:27:59.265,0.89225,0.8924,22.10,1.00
2010.02.05 19:27:59.622,0.89225,0.8924,18.00,2.40
2010.02.05 19:28:00.185,0.89225,0.8924,18.10,2.40
2010.02.05 19:28:00.779,0.89225,0.8924,18.00,2.40
2010.02.05 19:28:01.023,0.89225,0.8923,18.00,1.00
2010.02.05 19:28:01.127,0.89225,0.8923,16.40,1.00
2010.02.05 19:28:01.228,0.89225,0.8924,11.60,6.30
2010.02.05 19:28:01.328,0.89225,0.8924,12.90,6.30
2010.02.05 19:28:01.427,0.89225,0.8924,18.50,8.70
2010.02.05 19:28:01.525,0.89225,0.8924,18.50,7.10
2010.02.05 19:28:01.842,0.89225,0.8924,18.50,5.50
2010.02.05 19:28:02.027,0.89225,0.8924,10.40,4.70
2010.02.05 19:28:02.197,0.89225,0.8924,12.10,4.70
2010.02.05 19:28:02.539,0.89225,0.8924,12.00,4.70
2010.02.05 19:28:03.367,0.89225,0.8924,12.00,3.90
2010.02.05 19:28:03.716,0.89225,0.8924,12.10,3.90
2010.02.05 19:28:04.420,0.89225,0.89235,21.70,2.00
2010.02.05 19:28:04.995,0.89225,0.89235,20.00,1.80
2010.02.05 19:28:06.274,0.89225,0.89235,20.00,1.40
2010.02.05 19:28:07.672,0.89225,0.89235,20.10,1.40
2010.02.05 19:28:08.035,0.89225,0.89235,20.10,1.30
2010.02.05 19:28:08.394,0.89225,0.89235,12.00,1.00
2010.02.05 19:28:08.651,0.89225,0.8924,6.40,1.60
2010.02.05 19:28:08.909,0.89225,0.8924,11.60,1.60
2010.02.05 19:28:09.412,0.89225,0.8924,6.40,2.30
2010.02.05 19:28:09.770,0.8922,0.8924,16.50,2.30
2010.02.05 19:28:11.243,0.89225,0.8924,4.00,1.00
2010.02.05 19:28:11.805,0.89225,0.8924,4.00,2.30
2010.02.05 19:28:12.443,0.89225,0.8924,4.10,2.30
2010.02.05 19:28:12.624,0.89225,0.8924,4.50,1.60
2010.02.05 19:28:13.853,0.89225,0.8924,2.80,1.60
2010.02.05 19:28:14.207,0.89225,0.8924,2.80,6.80
2010.02.05 19:28:14.540,0.89225,0.8924,11.40,6.30
2010.02.05 19:28:14.858,0.89225,0.8924,13.00,6.30
2010.02.05 19:28:15.471,0.89225,0.89235,4.00,2.30
2010.02.05 19:28:15.813,0.8922,0.89235,18.40,1.00
2010.02.05 19:28:16.744,0.8922,0.89235,12.80,2.30
2010.02.05 19:28:16.917,0.8922,0.89235,8.80,2.30
2010.02.05 19:28:17.689,0.8922,0.8923,2.40,1.00
2010.02.05 19:28:18.292,0.89215,0.8923,26.80,1.00
2010.02.05 19:28:19.873,0.8922,0.89235,1.60,7.90
2010.02.05 19:28:20.128,0.89225,0.8924,8.80,8.70
2010.02.05 19:28:20.387,0.89225,0.89235,1.60,1.00
2010.02.05 19:28:21.146,0.8922,0.89235,9.20,1.00
2010.02.05 19:28:22.282,0.8922,0.89235,8.80,1.00
2010.02.05 19:28:24.298,0.89225,0.89235,1.60,1.00
2010.02.05 19:28:27.237,0.89225,0.8924,8.50,6.40
2010.02.05 19:28:27.869,0.89225,0.8924,18.10,1.60
2010.02.05 19:28:28.191,0.89225,0.89245,18.10,13.50
2010.02.05 19:28:31.707,0.89225,0.89245,17.70,13.50
2010.02.05 19:28:35.259,0.8923,0.89245,1.60,13.50
2010.02.05 19:28:35.607,0.8923,0.89245,1.60,13.50
2010.02.05 19:28:36.039,0.8923,0.89245,1.60,13.50
2010.02.05 19:28:36.475,0.8923,0.89245,1.60,13.50
2010.02.05 19:28:36.775,0.89225,0.89245,17.70,13.50
2010.02.05 19:28:36.981,0.89225,0.89245,17.70,13.80
2010.02.05 19:28:37.185,0.8923,0.89245,1.60,13.80
2010.02.05 19:28:37.385,0.89225,0.89245,17.70,13.80
2010.02.05 19:28:38.090,0.8923,0.89245,1.00,13.50
2010.02.05 19:28:39.119,0.89225,0.89245,17.70,13.50
2010.02.05 19:28:41.654,0.8923,0.89245,1.60,13.50
2010.02.05 19:28:43.071,0.89225,0.89245,17.70,13.50
2010.02.05 19:28:43.414,0.89225,0.89245,16.00,11.90
2010.02.05 19:28:43.863,0.89225,0.8924,9.60,5.50
2010.02.05 19:28:44.100,0.89225,0.8924,3.20,4.70
2010.02.05 19:28:44.338,0.89235,0.8924,13.40,1.00
2010.02.05 19:28:44.891,0.89235,0.8925,12.90,2.50
2010.02.05 19:28:45.515,0.89235,0.8925,14.50,1.00
2010.02.05 19:28:47.408,0.89235,0.8925,10.50,1.00
2010.02.05 19:28:50.957,0.89235,0.8925,14.50,2.30
2010.02.05 19:28:51.847,0.89235,0.8925,10.50,2.30
2010.02.05 19:28:57.701,0.89235,0.89245,10.40,1.00
2010.02.05 19:28:58.029,0.8923,0.89245,2.70,8.70
2010.02.05 19:28:58.375,0.8923,0.89245,6.70,4.70
2010.02.05 19:28:58.710,0.8923,0.89245,2.40,1.00
2010.02.05 19:28:59.550,0.8923,0.8924,2.40,1.00
2010.02.05 19:28:59.862,0.8923,0.8924,1.00,1.00
2010.02.05 19:29:02.039,0.89225,0.8924,1.60,1.00
2010.02.05 19:29:02.402,0.89225,0.8924,1.60,1.00
2010.02.05 19:29:02.851,0.8923,0.89245,5.40,6.40
2010.02.05 19:29:04.275,0.8923,0.89245,5.40,10.40
2010.02.05 19:29:07.361,0.8923,0.8924,5.40,1.00
2010.02.05 19:29:09.015,0.89225,0.8924,10.40,1.60
2010.02.05 19:29:09.365,0.89225,0.8924,10.40,2.40
2010.02.05 19:29:11.199,0.89225,0.8924,4.80,6.40
2010.02.05 19:29:11.281,0.8922,0.89235,5.50,4.70
2010.02.05 19:29:11.362,0.8922,0.89235,4.30,7.60
2010.02.05 19:29:11.452,0.8922,0.89235,4.00,7.60
2010.02.05 19:29:11.548,0.8922,0.89235,6.40,9.10
2010.02.05 19:29:11.876,0.8922,0.89235,6.40,2.40
2010.02.05 19:29:11.985,0.8922,0.89235,12.80,1.60
2010.02.05 19:29:12.098,0.8922,0.89235,11.20,1.60
2010.02.05 19:29:12.291,0.8922,0.89235,12.80,1.60
2010.02.05 19:29:12.955,0.8922,0.89235,12.80,1.60
2010.02.05 19:29:15.290,0.8922,0.8924,16.90,12.70
2010.02.05 19:29:15.460,0.8922,0.8924,18.50,11.10
2010.02.05 19:29:15.946,0.8922,0.8924,18.40,11.20
2010.02.05 19:29:17.408,0.89225,0.8924,1.00,11.20
2010.02.05 19:29:18.032,0.8922,0.89235,13.60,7.10
2010.02.05 19:29:18.386,0.8922,0.89235,5.60,8.80
2010.02.05 19:29:19.004,0.8922,0.89235,5.70,7.20
2010.02.05 19:29:19.388,0.8923,0.89245,2.40,14.80
2010.02.05 19:29:19.708,0.8923,0.89245,1.00,14.40
2010.02.05 19:29:21.921,0.8923,0.89245,1.60,14.40
2010.02.05 19:29:22.426,0.8923,0.89245,3.20,14.30
2010.02.05 19:29:22.551,0.89235,0.89245,1.00,4.70
2010.02.05 19:29:22.915,0.89235,0.89245,1.00,2.30
2010.02.05 19:29:24.722,0.89235,0.89245,1.00,3.90
2010.02.05 19:29:26.961,0.89235,0.89245,1.60,2.30
2010.02.05 19:29:27.096,0.89235,0.89245,1.60,1.00
2010.02.05 19:29:27.239,0.89235,0.8925,1.60,13.50
2010.02.05 19:29:29.887,0.89235,0.89245,1.00,1.60
2010.02.05 19:29:30.237,0.89235,0.8925,1.00,10.30
2010.02.05 19:29:31.928,0.89235,0.8925,1.60,13.50
2010.02.05 19:29:32.075,0.89235,0.89245,1.00,4.00
2010.02.05 19:29:32.196,0.8923,0.89245,8.00,4.80
2010.02.05 19:29:32.578,0.8923,0.89245,4.00,8.80
2010.02.05 19:29:33.279,0.8923,0.89245,2.40,12.00
2010.02.05 19:29:33.625,0.8923,0.89245,1.00,12.00
2010.02.05 19:29:37.211,0.8923,0.8924,1.00,4.00
2010.02.05 19:29:37.401,0.89225,0.8924,10.40,4.70
2010.02.05 19:29:37.495,0.89225,0.8924,6.40,4.70
2010.02.05 19:29:37.856,0.89225,0.8924,5.60,5.50
2010.02.05 19:29:37.955,0.89225,0.8924,6.40,4.70
2010.02.05 19:29:39.577,0.89225,0.8924,2.40,7.10
2010.02.05 19:29:40.013,0.89225,0.8924,2.40,13.50
2010.02.05 19:29:40.243,0.89225,0.8924,2.40,9.50
2010.02.05 19:29:40.678,0.89225,0.8924,3.20,8.70
2010.02.05 19:29:40.900,0.89225,0.8924,4.80,4.70
2010.02.05 19:29:42.354,0.8923,0.8924,1.00,4.70
2010.02.05 19:29:42.589,0.8923,0.8924,1.00,1.00
2010.02.05 19:29:43.014,0.8923,0.89245,1.00,14.00
2010.02.05 19:29:43.247,0.8923,0.89245,1.00,12.00
2010.02.05 19:29:45.128,0.8923,0.89245,2.50,12.00
2010.02.05 19:29:45.673,0.8923,0.89245,1.00,12.00
2010.02.05 19:29:46.104,0.8923,0.89245,2.50,12.00
2010.02.05 19:29:46.402,0.8923,0.8924,1.00,4.70
2010.02.05 19:29:47.011,0.8923,0.8924,1.00,1.00
2010.02.05 19:29:47.177,0.8923,0.89245,1.00,3.90
2010.02.05 19:29:47.506,0.89235,0.89245,1.00,4.70
2010.02.05 19:29:47.867,0.8923,0.89245,1.00,12.00
2010.02.05 19:29:48.236,0.89235,0.89245,1.00,1.00
2010.02.05 19:29:48.591,0.89235,0.8925,1.00,17.60
2010.02.05 19:29:49.911,0.89235,0.89245,1.00,2.30
2010.02.05 19:29:50.032,0.89235,0.8925,2.50,18.10
2010.02.05 19:29:50.155,0.89235,0.8925,1.00,18.00
2010.02.05 19:29:50.270,0.89235,0.8925,1.00,17.60
2010.02.05 19:29:52.187,0.89235,0.89245,1.00,2.40
2010.02.05 19:29:52.329,0.8923,0.89245,2.50,7.10
2010.02.05 19:29:52.469,0.89235,0.89245,1.00,8.70
2010.02.05 19:29:52.609,0.8923,0.89245,2.70,10.30
2010.02.05 19:29:55.431,0.8924,0.89245,1.00,10.30
2010.02.05 19:29:55.900,0.8924,0.89245,1.00,10.30
2010.02.05 19:29:56.115,0.8923,0.89245,2.50,10.40
2010.02.05 19:29:56.629,0.8923,0.89245,2.50,10.30
2010.02.05 19:29:57.257,0.8923,0.89245,2.50,10.40
2010.02.05 19:29:57.573,0.8923,0.8925,1.70,21.80
2010.02.05 19:29:58.238,0.8923,0.89245,1.00,10.40
2010.02.05 19:30:03.715,0.8923,0.89245,1.70,10.40
2010.02.05 19:30:04.482,0.8923,0.89245,11.30,2.30
2010.02.05 19:30:04.791,0.8923,0.89245,11.20,4.70
2010.02.05 19:30:05.130,0.89235,0.89245,1.00,7.20
2010.02.05 19:30:05.452,0.8923,0.8924,1.00,1.60
2010.02.05 19:30:06.102,0.89225,0.8924,18.90,1.60
2010.02.05 19:30:06.708,0.8923,0.8924,1.00,1.60
2010.02.05 19:30:07.754,0.89225,0.8924,18.90,1.60
2010.02.05 19:30:07.894,0.8923,0.8924,1.00,1.60
2010.02.05 19:30:08.314,0.89225,0.8924,18.90,1.60
2010.02.05 19:30:08.657,0.8923,0.8924,1.00,1.60
2010.02.05 19:30:09.006,0.89225,0.8924,18.90,1.60
2010.02.05 19:30:10.821,0.8923,0.8924,1.00,1.60
2010.02.05 19:30:11.023,0.89225,0.8924,18.90,1.60
2010.02.05 19:30:11.223,0.8923,0.8924,1.00,1.60
2010.02.05 19:30:11.433,0.89225,0.8924,18.90,1.60
2010.02.05 19:30:12.062,0.8923,0.8924,1.00,1.60
2010.02.05 19:30:12.681,0.89225,0.8924,18.90,1.60
2010.02.05 19:30:13.110,0.8923,0.8924,1.00,1.60
2010.02.05 19:30:13.456,0.8923,0.89245,1.00,10.80
2010.02.05 19:30:13.682,0.8923,0.89245,1.00,10.90
2010.02.05 19:30:14.504,0.8923,0.89245,1.00,10.90
2010.02.05 19:30:15.074,0.8923,0.89245,1.00,10.80
2010.02.05 19:30:16.169,0.8923,0.89245,1.00,10.90
2010.02.05 19:30:16.467,0.8923,0.89245,1.00,10.80
2010.02.05 19:30:17.963,0.8923,0.89245,1.00,10.90
2010.02.05 19:30:25.424,0.89225,0.89235,18.80,1.00
2010.02.05 19:30:25.613,0.8923,0.89235,1.00,1.00
2010.02.05 19:30:26.343,0.8923,0.8924,1.00,6.80
2010.02.05 19:30:26.540,0.8923,0.8924,1.00,3.60
2010.02.05 19:30:28.214,0.8923,0.8924,1.00,3.60
2010.02.05 19:30:28.437,0.8923,0.8924,1.00,7.60
2010.02.05 19:30:28.675,0.8923,0.8924,1.00,4.80
2010.02.05 19:30:29.162,0.8923,0.8924,1.00,3.20
2010.02.05 19:30:29.510,0.8923,0.8924,1.70,3.20
2010.02.05 19:30:31.881,0.89235,0.8924,1.00,3.20
2010.02.05 19:30:32.308,0.89235,0.89245,1.00,13.50
2010.02.05 19:30:32.813,0.8923,0.89245,5.70,13.60
2010.02.05 19:30:33.190,0.8923,0.89245,4.90,13.50
2010.02.05 19:30:33.553,0.8923,0.89245,3.30,13.50
2010.02.05 19:30:33.859,0.8923,0.8924,3.20,3.20
2010.02.05 19:30:34.175,0.8923,0.8924,1.60,10.30
2010.02.05 19:30:34.486,0.8923,0.8924,1.60,11.10
2010.02.05 19:30:34.781,0.8923,0.8924,1.60,10.30
2010.02.05 19:30:36.574,0.8923,0.8924,1.70,10.30
2010.02.05 19:30:36.730,0.8923,0.8924,1.70,8.70
2010.02.05 19:30:37.403,0.8923,0.8924,1.60,10.30
2010.02.05 19:30:38.803,0.89225,0.8924,4.10,8.70
2010.02.05 19:30:39.719,0.8923,0.8924,1.00,8.70
2010.02.05 19:30:40.404,0.8922,0.89235,4.10,11.70
2010.02.05 19:30:40.682,0.89225,0.89235,1.00,14.80
2010.02.05 19:30:41.025,0.89225,0.89235,1.00,6.80
2010.02.05 19:30:41.302,0.89225,0.89235,1.00,10.90
2010.02.05 19:30:41.880,0.89225,0.89235,1.00,9.30
2010.02.05 19:30:42.484,0.8922,0.89235,2.50,11.10
2010.02.05 19:30:42.713,0.89225,0.89235,1.00,10.90
2010.02.05 19:30:42.939,0.8922,0.89235,4.00,11.00
2010.02.05 19:30:43.866,0.8922,0.89235,2.40,10.90
2010.02.05 19:30:44.225,0.8922,0.89235,4.00,11.00
2010.02.05 19:30:44.671,0.8922,0.89235,4.10,11.00
2010.02.05 19:30:44.937,0.8922,0.89235,4.00,11.00
2010.02.05 19:30:45.739,0.89225,0.89235,1.00,11.10
2010.02.05 19:30:46.063,0.89225,0.89235,1.00,10.70
2010.02.05 19:30:46.345,0.89225,0.89235,1.00,11.00
2010.02.05 19:30:46.629,0.8922,0.89235,4.10,10.40
2010.02.05 19:30:48.597,0.8922,0.89235,4.10,11.50
2010.02.05 19:30:49.626,0.8922,0.89235,4.00,11.50
2010.02.05 19:30:50.682,0.8922,0.89235,4.00,10.40
2010.02.05 19:30:50.925,0.8922,0.89235,4.10,11.10
2010.02.05 19:30:51.260,0.8922,0.89235,4.00,11.10
2010.02.05 19:30:51.509,0.8922,0.89235,4.00,10.30
2010.02.05 19:30:51.673,0.8922,0.89235,4.10,10.30
2010.02.05 19:30:51.832,0.8922,0.89235,4.00,8.80
2010.02.05 19:30:52.330,0.8922,0.89235,4.00,10.40
2010.02.05 19:30:52.504,0.8922,0.89235,2.40,10.40
2010.02.05 19:30:56.577,0.8922,0.8923,2.40,1.00
2010.02.05 19:30:57.168,0.8922,0.89235,2.40,10.40
2010.02.05 19:31:03.026,0.89215,0.8923,12.90,5.60
2010.02.05 19:31:03.374,0.89215,0.8923,4.10,8.00
2010.02.05 19:31:03.968,0.89215,0.8923,4.00,8.00
2010.02.05 19:31:04.229,0.89215,0.8923,2.50,8.00
2010.02.05 19:31:05.028,0.89215,0.8922,2.40,1.00
2010.02.05 19:31:05.393,0.8921,0.89225,11.20,2.40
2010.02.05 19:31:05.753,0.8921,0.89225,7.20,1.60
2010.02.05 19:31:06.168,0.8921,0.8923,7.20,11.10
2010.02.05 19:31:06.338,0.8921,0.89225,7.20,2.40
2010.02.05 19:31:06.516,0.8921,0.89225,7.20,2.30
2010.02.05 19:31:07.741,0.8921,0.8922,7.10,1.00
2010.02.05 19:31:07.913,0.8921,0.8922,6.40,1.60
2010.02.05 19:31:08.250,0.8921,0.8922,1.00,1.60
2010.02.05 19:31:08.425,0.8921,0.8922,1.00,1.60
2010.02.05 19:31:08.774,0.8921,0.89225,1.00,10.90
2010.02.05 19:31:09.385,0.8921,0.8922,1.00,1.00
2010.02.05 19:31:09.479,0.8921,0.89225,1.00,11.50
2010.02.05 19:31:09.770,0.8921,0.89225,1.00,16.30
2010.02.05 19:31:10.946,0.8921,0.8922,1.00,1.00
2010.02.05 19:31:11.230,0.89205,0.89225,17.70,16.80
2010.02.05 19:31:11.594,0.89205,0.89225,16.10,16.80
2010.02.05 19:31:11.893,0.892,0.89215,6.50,1.60
2010.02.05 19:31:12.416,0.89205,0.89215,1.60,1.60
2010.02.05 19:31:12.775,0.892,0.89215,1.00,4.10
2010.02.05 19:31:13.777,0.892,0.89215,1.00,4.80
2010.02.05 19:31:14.249,0.892,0.8922,1.00,20.90
2010.02.05 19:31:14.478,0.892,0.89215,1.00,14.30
2010.02.05 19:31:14.682,0.892,0.89215,1.00,17.10
2010.02.05 19:31:14.890,0.892,0.89215,1.00,20.30
2010.02.05 19:31:15.250,0.892,0.89215,1.00,20.20
2010.02.05 19:31:15.607,0.892,0.89215,1.00,21.90
2010.02.05 19:31:16.273,0.89195,0.8921,13.70,1.60
2010.02.05 19:31:16.435,0.89195,0.89215,16.10,22.30
2010.02.05 19:31:16.583,0.89195,0.89215,12.10,22.30
2010.02.05 19:31:17.025,0.89195,0.89215,12.10,22.10
2010.02.05 19:31:17.299,0.89195,0.8921,12.10,1.60
2010.02.05 19:31:17.770,0.89195,0.8921,6.50,7.20
2010.02.05 19:31:18.054,0.89195,0.8921,4.90,13.40
2010.02.05 19:31:18.544,0.89195,0.8921,4.90,6.30
2010.02.05 19:31:18.898,0.89195,0.89205,1.00,11.50
2010.02.05 19:31:19.342,0.8919,0.89205,2.40,11.50
2010.02.05 19:31:20.924,0.8919,0.89205,1.60,11.50
2010.02.05 19:31:22.860,0.8919,0.892,1.60,4.00
2010.02.05 19:31:23.113,0.8919,0.89195,1.60,4.00
2010.02.05 19:31:23.365,0.89185,0.89195,10.50,4.00
2010.02.05 19:31:24.427,0.89185,0.89195,12.10,4.00
2010.02.05 19:31:24.704,0.89185,0.89195,11.70,4.00
2010.02.05 19:31:25.580,0.89185,0.89195,11.70,4.70
2010.02.05 19:31:26.070,0.89185,0.89195,7.60,4.70
2010.02.05 19:31:26.447,0.8919,0.89195,1.00,4.70
2010.02.05 19:31:29.649,0.89185,0.8919,7.50,4.70
2010.02.05 19:31:29.985,0.89185,0.8919,1.00,1.00
2010.02.05 19:31:30.375,0.89185,0.89195,2.40,5.50
2010.02.05 19:31:30.740,0.89185,0.89195,2.40,4.70
2010.02.05 19:31:32.417,0.8919,0.89195,1.00,1.00
2010.02.05 19:31:32.745,0.8919,0.892,1.00,8.70
2010.02.05 19:31:34.490,0.89185,0.892,11.30,8.70
2010.02.05 19:31:34.784,0.89185,0.89195,3.60,4.70
2010.02.05 19:31:35.079,0.89185,0.89195,1.00,4.70
2010.02.05 19:31:36.194,0.89185,0.89195,1.00,4.70
2010.02.05 19:31:36.439,0.89185,0.89195,1.00,6.30
2010.02.05 19:31:38.322,0.8918,0.89195,8.90,6.30
2010.02.05 19:31:40.600,0.8918,0.8919,2.50,4.00
2010.02.05 19:31:40.850,0.8918,0.8919,4.10,4.70
2010.02.05 19:31:41.335,0.8918,0.8919,4.00,4.70
2010.02.05 19:31:42.376,0.8918,0.8919,4.10,4.70
2010.02.05 19:31:43.295,0.8918,0.8919,4.00,4.70
2010.02.05 19:31:44.323,0.89185,0.89195,1.00,6.30
2010.02.05 19:31:45.285,0.8918,0.8919,2.40,4.70
2010.02.05 19:31:45.636,0.8918,0.8919,4.00,4.70
2010.02.05 19:31:49.469,0.8918,0.8919,4.00,4.00
2010.02.05 19:31:49.995,0.89185,0.892,6.50,10.30
2010.02.05 19:31:50.191,0.89185,0.892,7.30,5.60
2010.02.05 19:31:50.860,0.89185,0.892,12.90,4.00
2010.02.05 19:31:55.737,0.89185,0.892,13.30,4.00
2010.02.05 19:31:56.096,0.89195,0.8921,8.90,22.10
2010.02.05 19:31:56.443,0.89195,0.8921,8.90,16.30
2010.02.05 19:31:56.687,0.892,0.89215,4.20,6.00
2010.02.05 19:31:56.928,0.892,0.89215,8.20,5.60
2010.02.05 19:31:57.571,0.892,0.89215,11.40,5.60
2010.02.05 19:31:58.753,0.892,0.89215,13.00,5.60
2010.02.05 19:31:59.403,0.892,0.89215,12.90,5.60
2010.02.05 19:32:01.401,0.892,0.89215,13.00,4.00
2010.02.05 19:32:01.933,0.892,0.89215,17.00,4.00
2010.02.05 19:32:02.170,0.892,0.89215,13.00,4.00
2010.02.05 19:32:02.404,0.892,0.89215,17.00,4.00
2010.02.05 19:32:05.207,0.89195,0.89215,30.60,4.00
2010.02.05 19:32:05.894,0.892,0.89215,12.90,4.00
2010.02.05 19:32:07.171,0.892,0.89215,16.90,4.00
2010.02.05 19:32:07.522,0.892,0.89215,12.90,4.00
2010.02.05 19:32:08.138,0.892,0.89215,16.90,4.00
2010.02.05 19:32:08.295,0.892,0.89215,12.90,5.60
2010.02.05 19:32:11.163,0.892,0.8922,13.00,9.80
2010.02.05 19:32:12.502,0.892,0.89215,13.00,4.00
2010.02.05 19:32:12.558,0.892,0.89215,17.00,4.00
2010.02.05 19:32:13.636,0.892,0.89215,16.90,4.00
2010.02.05 19:32:14.949,0.89205,0.89215,1.00,4.00
2010.02.05 19:32:17.629,0.89205,0.89215,1.00,5.60
2010.02.05 19:32:17.690,0.892,0.89215,15.30,5.60
2010.02.05 19:32:17.762,0.892,0.89215,11.30,5.60
2010.02.05 19:32:18.128,0.892,0.89215,11.30,6.30
2010.02.05 19:32:18.480,0.892,0.89215,12.90,4.00
2010.02.05 19:32:19.403,0.892,0.89215,15.30,4.00
2010.02.05 19:32:20.005,0.892,0.89215,12.90,4.00
2010.02.05 19:32:20.611,0.892,0.89215,16.90,4.00
2010.02.05 19:32:21.245,0.892,0.89215,12.90,4.00
2010.02.05 19:32:21.487,0.892,0.89215,16.90,4.00
2010.02.05 19:32:22.230,0.892,0.89215,12.90,4.00
2010.02.05 19:32:24.770,0.892,0.89215,12.90,4.70
2010.02.05 19:32:24.949,0.892,0.89215,12.90,6.30
2010.02.05 19:32:25.562,0.892,0.89215,11.30,6.30
2010.02.05 19:32:25.859,0.892,0.89215,11.30,4.70
2010.02.05 19:32:26.983,0.892,0.89215,15.30,4.70
2010.02.05 19:32:28.092,0.892,0.89215,17.70,4.70
2010.02.05 19:32:29.487,0.892,0.89215,15.30,4.70
2010.02.05 19:32:31.688,0.892,0.89215,15.40,4.70
2010.02.05 19:32:32.690,0.892,0.89215,15.30,4.70
2010.02.05 19:32:32.969,0.892,0.89215,17.70,4.70
2010.02.05 19:32:35.133,0.892,0.89215,13.70,4.70
2010.02.05 19:32:35.592,0.892,0.89215,9.70,6.30
2010.02.05 19:32:35.951,0.892,0.8921,8.00,5.60
2010.02.05 19:32:36.318,0.89195,0.892,4.80,4.00
2010.02.05 19:32:36.731,0.89195,0.89205,2.40,4.70
2010.02.05 19:32:36.841,0.89195,0.89205,1.00,4.70
2010.02.05 19:32:37.157,0.89195,0.89205,1.00,7.10
2010.02.05 19:32:37.679,0.89195,0.89205,1.00,4.00
2010.02.05 19:32:38.350,0.892,0.8921,1.00,12.20
2010.02.05 19:32:38.590,0.892,0.8921,1.00,10.30
2010.02.05 19:32:39.305,0.8919,0.89205,7.30,4.00
2010.02.05 19:32:40.790,0.8919,0.89205,8.10,4.00
2010.02.05 19:32:41.665,0.89195,0.89205,8.90,4.00
2010.02.05 19:32:42.195,0.89195,0.8921,10.50,9.50
2010.02.05 19:32:42.653,0.89195,0.8921,11.30,9.50
2010.02.05 19:32:42.974,0.89195,0.89205,7.60,4.00
2010.02.05 19:32:43.303,0.89195,0.89205,2.80,4.00
2010.02.05 19:32:43.631,0.89195,0.89205,1.00,4.00
2010.02.05 19:32:46.647,0.89195,0.89205,3.20,4.00
2010.02.05 19:32:48.551,0.89195,0.89205,1.60,4.00
2010.02.05 19:32:49.667,0.89195,0.8921,3.30,7.40
2010.02.05 19:32:49.902,0.89195,0.8921,8.90,6.30
2010.02.05 19:32:50.118,0.89195,0.8921,10.50,6.30
2010.02.05 19:32:51.510,0.89195,0.8921,10.50,5.60
2010.02.05 19:32:54.684,0.89195,0.8921,13.70,5.60
2010.02.05 19:32:55.870,0.89195,0.8921,13.70,4.00
2010.02.05 19:33:00.861,0.89195,0.8921,13.70,4.70
2010.02.05 19:33:02.923,0.89195,0.8921,13.70,6.40
2010.02.05 19:33:03.185,0.89195,0.8921,13.70,6.30
2010.02.05 19:33:06.109,0.89195,0.8921,13.60,6.40
2010.02.05 19:33:06.322,0.89195,0.8921,13.70,6.30
2010.02.05 19:33:10.648,0.89195,0.8921,13.60,6.30
2010.02.05 19:33:10.842,0.89195,0.8921,17.70,4.70
2010.02.05 19:33:11.041,0.89195,0.8921,13.70,6.30
2010.02.05 19:33:12.228,0.892,0.8921,1.60,6.40
2010.02.05 19:33:12.771,0.8921,0.8922,4.00,4.70
2010.02.05 19:33:13.184,0.8921,0.8922,4.00,1.00
2010.02.05 19:33:13.550,0.8921,0.89225,8.80,6.30
2010.02.05 19:33:14.049,0.89205,0.89225,31.00,4.70
2010.02.05 19:33:15.022,0.8921,0.89225,8.00,5.50
2010.02.05 19:33:15.723,0.8921,0.89225,8.80,4.70
2010.02.05 19:33:16.041,0.89215,0.89225,1.40,1.00
2010.02.05 19:33:16.428,0.89215,0.8923,8.10,6.30
2010.02.05 19:33:16.695,0.89215,0.8923,13.70,4.70
2010.02.05 19:33:16.952,0.89215,0.8923,14.60,6.30
2010.02.05 19:33:17.206,0.89215,0.8923,14.20,6.30
2010.02.05 19:33:17.739,0.89215,0.8923,15.00,6.30
2010.02.05 19:33:17.950,0.89215,0.8923,8.80,7.40
2010.02.05 19:33:18.152,0.89215,0.8923,10.80,6.30
2010.02.05 19:33:18.495,0.89215,0.8923,12.50,6.30
2010.02.05 19:33:18.846,0.89215,0.8923,12.60,6.40
2010.02.05 19:33:19.387,0.89215,0.8923,14.60,6.40
2010.02.05 19:33:20.099,0.89215,0.8923,14.40,6.40
2010.02.05 19:33:20.800,0.89215,0.8923,10.40,6.40
2010.02.05 19:33:22.076,0.8922,0.8923,1.00,6.30
2010.02.05 19:33:22.243,0.8922,0.8923,1.00,5.60
2010.02.05 19:33:22.593,0.8922,0.8923,2.40,4.00
2010.02.05 19:33:22.780,0.89215,0.8923,21.60,4.70
2010.02.05 19:33:23.213,0.89215,0.8923,21.60,6.30
2010.02.05 19:33:23.574,0.89215,0.8923,17.60,4.70
2010.02.05 19:33:24.222,0.89215,0.8923,16.80,6.30
2010.02.05 19:33:24.869,0.89215,0.8923,16.00,6.30
2010.02.05 19:33:26.185,0.89215,0.8923,16.80,6.30
2010.02.05 19:33:26.428,0.89215,0.8923,15.20,6.30
2010.02.05 19:33:26.457,0.89215,0.89225,15.20,1.00
2010.02.05 19:33:26.488,0.89215,0.89225,12.80,1.00
2010.02.05 19:33:26.526,0.89215,0.89225,12.60,1.00
2010.02.05 19:33:26.562,0.89215,0.89225,8.20,1.00
2010.02.05 19:33:26.887,0.89215,0.89225,2.40,4.70
2010.02.05 19:33:28.714,0.8921,0.89225,13.60,5.50
2010.02.05 19:33:29.140,0.8921,0.89225,9.60,5.50
2010.02.05 19:33:29.498,0.8921,0.89225,5.60,5.50
2010.02.05 19:33:29.817,0.8921,0.89225,5.60,7.10
2010.02.05 19:33:30.446,0.8921,0.89225,5.70,7.10
2010.02.05 19:33:30.764,0.8921,0.89225,5.70,5.50
2010.02.05 19:33:32.530,0.8921,0.89225,9.70,1.50
2010.02.05 19:33:32.967,0.8921,0.89225,13.70,1.50
2010.02.05 19:33:33.236,0.8921,0.89225,14.50,1.00
2010.02.05 19:33:33.508,0.89215,0.8923,1.40,11.10
2010.02.05 19:33:33.782,0.89215,0.8923,13.30,1.00
2010.02.05 19:33:34.067,0.89215,0.89225,2.40,1.00
2010.02.05 19:33:35.940,0.89215,0.8923,12.90,1.00
2010.02.05 19:33:36.292,0.89215,0.8923,16.90,1.00
2010.02.05 19:33:36.638,0.89215,0.8923,16.90,2.30
2010.02.05 19:33:36.925,0.89215,0.8923,16.90,1.00
2010.02.05 19:33:37.716,0.89215,0.8923,18.50,1.00
2010.02.05 19:33:38.067,0.89215,0.89235,18.50,13.60
2010.02.05 19:33:38.434,0.89215,0.8923,8.00,7.10
2010.02.05 19:33:38.793,0.8922,0.8923,1.00,7.10
2010.02.05 19:33:39.428,0.89215,0.8923,12.00,5.50
2010.02.05 19:33:39.793,0.89225,0.89235,1.00,2.30
2010.02.05 19:33:40.229,0.8922,0.89235,7.20,2.30
2010.02.05 19:33:40.593,0.89225,0.89235,2.50,1.00
2010.02.05 19:33:40.966,0.8922,0.8924,26.50,3.90
2010.02.05 19:33:41.524,0.89225,0.8924,10.50,3.90
2010.02.05 19:33:41.889,0.89225,0.8924,2.50,10.30
2010.02.05 19:33:42.252,0.89225,0.89235,2.40,1.00
2010.02.05 19:33:42.463,0.89225,0.8924,1.00,10.40
2010.02.05 19:33:45.848,0.89225,0.89235,1.00,1.00
2010.02.05 19:33:46.823,0.89225,0.89235,1.00,2.40
2010.02.05 19:33:48.242,0.89225,0.89235,4.80,2.40
2010.02.05 19:33:51.980,0.89225,0.89235,4.00,3.20
2010.02.05 19:33:52.125,0.8922,0.8924,6.60,22.00
2010.02.05 19:33:52.275,0.8922,0.89235,5.60,8.80
2010.02.05 19:33:52.562,0.8922,0.89235,5.60,10.40
2010.02.05 19:33:53.095,0.8922,0.89235,4.00,12.00
2010.02.05 19:33:53.335,0.8922,0.8923,4.00,1.60
2010.02.05 19:34:00.825,0.8922,0.89235,4.00,12.00
2010.02.05 19:34:11.295,0.8922,0.8923,4.00,1.60
2010.02.05 19:34:12.979,0.8922,0.89235,4.00,12.00
2010.02.05 19:34:15.425,0.8922,0.89235,4.80,12.00
2010.02.05 19:34:16.977,0.8922,0.89235,4.80,16.00
2010.02.05 19:34:17.363,0.8922,0.89235,4.80,12.00
2010.02.05 19:34:20.008,0.8922,0.89235,6.40,12.00
2010.02.05 19:34:20.992,0.8922,0.89235,4.80,12.00
2010.02.05 19:34:21.287,0.8922,0.89235,6.40,12.00
2010.02.05 19:34:25.181,0.8922,0.89235,4.80,12.00
2010.02.05 19:34:28.160,0.8922,0.89235,6.40,12.00
2010.02.05 19:34:28.245,0.8922,0.89235,6.40,10.40
2010.02.05 19:34:28.338,0.89225,0.89235,1.00,9.60
2010.02.05 19:34:28.431,0.8923,0.89235,4.00,1.60
2010.02.05 19:34:28.771,0.8923,0.8924,4.00,5.70
2010.02.05 19:34:29.130,0.8923,0.8924,4.00,2.30
2010.02.05 19:34:31.767,0.8923,0.8924,4.00,4.00
2010.02.05 19:34:32.292,0.8922,0.89235,5.60,8.80
2010.02.05 19:34:32.657,0.89225,0.8923,4.00,1.60
2010.02.05 19:34:33.142,0.8922,0.89235,5.80,13.60
2010.02.05 19:34:33.493,0.89225,0.89235,4.00,6.40
2010.02.05 19:34:34.186,0.89225,0.89235,4.00,5.60
2010.02.05 19:34:34.488,0.89225,0.89235,4.00,3.90
2010.02.05 19:34:34.794,0.89225,0.89235,4.00,4.00
2010.02.05 19:34:35.701,0.89225,0.89235,4.00,3.90
2010.02.05 19:34:39.362,0.89225,0.89235,6.40,3.90
2010.02.05 19:34:39.723,0.8923,0.8924,4.00,3.20
2010.02.05 19:34:40.075,0.8923,0.8924,4.00,3.20
2010.02.05 19:34:42.514,0.8923,0.8924,4.00,1.60
2010.02.05 19:34:42.906,0.8923,0.8924,4.00,1.60
2010.02.05 19:34:43.492,0.8923,0.8924,4.00,4.80
2010.02.05 19:34:46.014,0.8923,0.8924,4.00,1.60
2010.02.05 19:34:50.430,0.8923,0.8924,4.00,1.60
2010.02.05 19:34:51.129,0.8923,0.8924,4.00,2.40
2010.02.05 19:34:51.503,0.8923,0.8924,4.00,2.30
2010.02.05 19:34:52.692,0.8923,0.8924,4.00,2.40
2010.02.05 19:34:53.191,0.8923,0.8924,4.00,2.30
2010.02.05 19:34:55.907,0.8923,0.8924,4.00,2.40
2010.02.05 19:34:56.769,0.8923,0.89245,4.00,15.20
2010.02.05 19:34:59.536,0.8923,0.89245,4.00,20.00
2010.02.05 19:35:02.743,0.8924,0.89245,4.00,1.10
2010.02.05 19:35:02.948,0.8924,0.89245,4.00,1.00
2010.02.05 19:35:03.157,0.8924,0.8925,4.00,3.90
2010.02.05 19:35:04.291,0.8924,0.8925,4.00,4.00
2010.02.05 19:35:08.141,0.8924,0.89245,4.00,1.60
2010.02.05 19:35:09.562,0.8924,0.8925,4.00,4.00
2010.02.05 19:35:12.139,0.8924,0.89245,4.00,1.60
2010.02.05 19:35:12.543,0.8924,0.8925,4.00,3.90
2010.02.05 19:35:12.733,0.8924,0.8925,4.00,4.00
2010.02.05 19:35:13.475,0.8924,0.8925,4.00,3.90
2010.02.05 19:35:14.362,0.8924,0.8925,4.80,3.90
2010.02.05 19:35:15.418,0.8924,0.8925,4.80,3.20
2010.02.05 19:35:16.489,0.89245,0.8925,1.00,1.60
2010.02.05 19:35:16.941,0.89245,0.89255,4.80,2.30
2010.02.05 19:35:17.127,0.8925,0.8926,4.00,1.60
2010.02.05 19:35:18.558,0.8925,0.8926,4.00,2.30
2010.02.05 19:35:20.677,0.89245,0.89255,8.80,1.60
2010.02.05 19:35:21.001,0.89245,0.89255,8.00,1.60
2010.02.05 19:35:22.223,0.89245,0.89255,7.20,2.80
2010.02.05 19:35:22.345,0.89245,0.89255,7.20,1.60
2010.02.05 19:35:23.354,0.89245,0.89255,4.00,1.60
2010.02.05 19:35:23.645,0.89245,0.8926,4.00,14.30
2010.02.05 19:35:26.902,0.8924,0.89255,12.40,4.70
2010.02.05 19:35:26.971,0.8924,0.89255,9.70,9.20
2010.02.05 19:35:27.089,0.8924,0.89255,9.70,10.40
2010.02.05 19:35:27.301,0.8924,0.89255,9.60,10.40
2010.02.05 19:35:27.623,0.8924,0.89255,9.70,10.40
2010.02.05 19:35:27.911,0.8924,0.89255,9.70,11.10
2010.02.05 19:35:28.201,0.8924,0.89255,8.00,11.10
2010.02.05 19:35:28.874,0.8924,0.89255,6.40,11.10
2010.02.05 19:35:29.225,0.8924,0.89255,6.40,12.30
2010.02.05 19:35:29.585,0.8924,0.89255,6.40,15.10
2010.02.05 19:35:30.216,0.8924,0.89255,6.40,16.20
2010.02.05 19:35:37.143,0.8924,0.89255,6.40,11.90
2010.02.05 19:35:38.695,0.89245,0.89255,4.00,4.70
2010.02.05 19:35:38.919,0.89245,0.89255,4.00,1.60
2010.02.05 19:35:39.354,0.89245,0.89255,4.00,2.00
2010.02.05 19:35:39.666,0.89245,0.89255,4.00,2.40
2010.02.05 19:35:40.295,0.8925,0.8926,4.00,5.60
2010.02.05 19:35:40.600,0.8925,0.8926,4.00,2.40
2010.02.05 19:35:41.305,0.8925,0.8926,4.00,1.60
2010.02.05 19:35:44.117,0.8925,0.8926,4.00,1.60
2010.02.05 19:35:45.400,0.8925,0.8926,4.00,1.60
2010.02.05 19:35:45.547,0.8925,0.8926,4.00,1.60
2010.02.05 19:35:45.908,0.8925,0.8926,4.00,1.60
2010.02.05 19:35:46.265,0.89255,0.89265,1.00,7.10
2010.02.05 19:35:46.670,0.89255,0.89265,2.50,4.80
2010.02.05 19:35:46.893,0.8925,0.8927,22.80,7.90
2010.02.05 19:35:47.110,0.8926,0.8927,1.00,1.60
2010.02.05 19:35:47.440,0.89265,0.8927,4.00,1.60
2010.02.05 19:35:49.106,0.89265,0.89275,4.00,4.00
2010.02.05 19:35:49.466,0.89265,0.89275,4.00,3.90
2010.02.05 19:35:49.822,0.89265,0.89275,4.00,2.30
2010.02.05 19:35:50.140,0.89265,0.89275,4.00,3.90
2010.02.05 19:36:00.726,0.89265,0.89275,4.00,4.00
2010.02.05 19:36:01.190,0.89265,0.89275,4.00,3.90
2010.02.05 19:36:02.227,0.89265,0.89275,4.80,3.90
2010.02.05 19:36:04.306,0.8926,0.89275,4.80,11.20
2010.02.05 19:36:04.635,0.8925,0.89265,9.60,10.40
2010.02.05 19:36:05.059,0.8925,0.89265,8.90,10.40
2010.02.05 19:36:05.378,0.89255,0.89265,4.00,6.40
2010.02.05 19:36:05.745,0.89255,0.8927,4.00,11.90
2010.02.05 19:36:06.443,0.8925,0.8927,13.60,11.10
2010.02.05 19:36:06.779,0.89255,0.8927,4.00,10.50
2010.02.05 19:36:07.249,0.8926,0.89265,4.00,1.60
2010.02.05 19:36:07.419,0.8926,0.8927,4.00,4.00
2010.02.05 19:36:07.960,0.8926,0.8927,4.00,3.90
2010.02.05 19:36:08.227,0.8926,0.8927,4.10,2.30
2010.02.05 19:36:10.031,0.8926,0.8927,4.00,2.30
2010.02.05 19:36:10.416,0.8926,0.8927,4.80,1.00
2010.02.05 19:36:10.776,0.89265,0.89275,4.00,4.00
2010.02.05 19:36:12.612,0.89265,0.89275,4.00,2.40
2010.02.05 19:36:13.394,0.89265,0.89275,4.80,2.40
2010.02.05 19:36:14.657,0.89265,0.89275,4.00,2.40
2010.02.05 19:36:18.333,0.89265,0.89275,4.00,4.00
2010.02.05 19:36:19.386,0.89265,0.89275,4.00,2.40
2010.02.05 19:36:20.105,0.89265,0.89275,4.00,4.00
2010.02.05 19:36:20.247,0.8926,0.89275,4.80,10.50
2010.02.05 19:36:20.387,0.8926,0.89275,7.60,10.50
2010.02.05 19:36:20.999,0.8926,0.89275,7.60,12.10
2010.02.05 19:36:21.346,0.8926,0.89275,4.80,12.10
2010.02.05 19:36:21.697,0.8926,0.89275,4.80,12.00
2010.02.05 19:36:22.361,0.8926,0.89275,4.80,12.10
2010.02.05 19:36:22.685,0.8926,0.89275,4.80,12.00
2010.02.05 19:36:23.176,0.8926,0.8927,4.80,1.60
2010.02.05 19:36:23.336,0.89255,0.8927,18.50,1.60
2010.02.05 19:36:23.663,0.89255,0.8927,17.70,1.60
2010.02.05 19:36:24.031,0.89255,0.89265,7.20,1.60
2010.02.05 19:36:24.393,0.89255,0.89265,1.00,1.60
2010.02.05 19:36:25.810,0.8925,0.89265,13.70,1.60
2010.02.05 19:36:26.363,0.8925,0.89265,12.10,1.60
2010.02.05 19:36:28.645,0.8925,0.8927,13.70,7.20
2010.02.05 19:36:29.422,0.8925,0.8927,17.70,7.20
2010.02.05 19:36:30.055,0.8925,0.89265,13.70,1.60
2010.02.05 19:36:30.695,0.8925,0.89265,12.10,1.60
2010.02.05 19:36:31.334,0.8925,0.8926,4.80,4.00
2010.02.05 19:36:31.642,0.8925,0.8926,1.00,4.00
2010.02.05 19:36:31.754,0.89245,0.8926,1.00,8.00
2010.02.05 19:36:31.863,0.89245,0.8926,1.00,8.70
2010.02.05 19:36:33.125,0.89245,0.8926,1.00,8.80
2010.02.05 19:36:33.325,0.89245,0.8926,7.20,4.80
2010.02.05 19:36:33.526,0.89245,0.8926,10.50,4.80
2010.02.05 19:36:33.724,0.89245,0.8926,10.50,4.10
2010.02.05 19:36:34.074,0.89245,0.8926,14.50,4.10
2010.02.05 19:36:34.575,0.89245,0.8926,10.50,2.50
2010.02.05 19:36:38.939,0.89245,0.8926,14.50,2.50
2010.02.05 19:36:39.551,0.89245,0.8926,10.40,3.20
2010.02.05 19:36:39.948,0.89245,0.8926,10.40,2.50
2010.02.05 19:36:40.262,0.8924,0.8926,18.40,8.80
2010.02.05 19:36:40.568,0.8924,0.8926,13.70,8.80
2010.02.05 19:36:42.504,0.89245,0.8926,7.20,4.80
2010.02.05 19:36:42.813,0.89245,0.8926,12.10,2.50
2010.02.05 19:36:42.911,0.89245,0.8926,16.10,2.50
2010.02.05 19:36:43.083,0.89245,0.8926,17.70,2.50
2010.02.05 19:36:47.920,0.89245,0.8926,17.70,1.00
2010.02.05 19:36:51.956,0.89245,0.8926,13.60,1.00
2010.02.05 19:36:52.027,0.89245,0.8926,4.00,6.40
2010.02.05 19:36:52.098,0.89245,0.8926,1.60,8.00
2010.02.05 19:36:52.483,0.89245,0.89255,1.60,1.00
2010.02.05 19:36:52.605,0.89245,0.8926,1.60,8.80
2010.02.05 19:36:56.073,0.89245,0.89255,1.60,1.00
2010.02.05 19:36:56.286,0.8924,0.8925,4.80,4.00
2010.02.05 19:36:56.766,0.89235,0.8925,4.00,4.80
2010.02.05 19:36:57.007,0.89235,0.8925,12.10,1.50
2010.02.05 19:36:57.240,0.89235,0.8925,16.10,1.50
2010.02.05 19:37:00.854,0.89235,0.8925,12.00,1.00
2010.02.05 19:37:01.054,0.89235,0.8925,12.10,1.50
2010.02.05 19:37:01.531,0.89235,0.8925,16.10,1.50
2010.02.05 19:37:04.532,0.89235,0.8925,16.10,1.00
2010.02.05 19:37:14.491,0.8924,0.8925,1.60,1.00
2010.02.05 19:37:14.694,0.89235,0.8925,16.10,1.00
2010.02.05 19:37:15.154,0.89235,0.8925,16.10,1.00
2010.02.05 19:37:15.362,0.89235,0.8925,16.10,2.50
2010.02.05 19:37:17.849,0.89235,0.8925,16.10,1.00
2010.02.05 19:37:20.913,0.89245,0.89255,7.20,10.60
2010.02.05 19:37:21.081,0.89245,0.8925,1.60,1.00
2010.02.05 19:37:21.226,0.8924,0.8925,2.40,1.00
2010.02.05 19:37:22.173,0.89235,0.8925,18.50,1.00
2010.02.05 19:37:22.446,0.89235,0.8925,18.50,2.40
2010.02.05 19:37:22.816,0.89235,0.8925,16.10,2.40
2010.02.05 19:37:22.987,0.89235,0.8925,16.10,1.00
2010.02.05 19:37:24.120,0.89235,0.8925,16.30,1.00
2010.02.05 19:37:24.856,0.89235,0.8925,17.90,1.00
2010.02.05 19:37:25.904,0.89235,0.8925,17.90,2.40
2010.02.05 19:37:27.727,0.89235,0.8925,17.90,1.00
2010.02.05 19:37:32.707,0.89235,0.8925,16.20,1.00
2010.02.05 19:37:33.021,0.89235,0.8925,16.30,2.40
2010.02.05 19:37:33.210,0.89235,0.8925,13.90,1.00
2010.02.05 19:37:33.646,0.89235,0.8925,17.90,1.00
2010.02.05 19:37:37.977,0.89235,0.8925,17.90,2.40
2010.02.05 19:37:38.184,0.89235,0.8925,17.90,1.00
2010.02.05 19:37:38.579,0.89245,0.89255,2.50,13.50
2010.02.05 19:37:38.947,0.8924,0.89255,12.90,1.00
2010.02.05 19:37:39.831,0.8924,0.89255,8.90,1.00
2010.02.05 19:37:40.172,0.8924,0.89255,12.90,1.00
2010.02.05 19:37:40.510,0.8924,0.89255,8.90,2.30
2010.02.05 19:37:41.462,0.8924,0.89255,12.10,2.30
2010.02.05 19:37:41.944,0.8924,0.89255,8.10,2.30
2010.02.05 19:37:42.304,0.8924,0.89255,6.50,2.30
2010.02.05 19:37:42.666,0.8924,0.89255,8.10,2.30
2010.02.05 19:37:42.907,0.8924,0.89255,12.10,2.30
2010.02.05 19:37:43.272,0.8924,0.89255,12.00,2.30
2010.02.05 19:37:43.314,0.8924,0.89255,12.00,2.30
2010.02.05 19:37:43.509,0.8924,0.89255,12.00,2.40
2010.02.05 19:37:43.889,0.8924,0.89255,12.10,2.40
2010.02.05 19:37:44.244,0.8924,0.89255,4.80,2.40
2010.02.05 19:37:46.959,0.89245,0.89255,3.20,1.60
2010.02.05 19:37:47.295,0.89245,0.8926,11.20,9.60
2010.02.05 19:37:47.411,0.8924,0.89255,10.40,1.50
2010.02.05 19:37:47.531,0.8924,0.89255,6.40,2.90
2010.02.05 19:37:47.882,0.8924,0.89255,6.40,6.10
2010.02.05 19:37:48.001,0.8924,0.8925,5.60,1.00
2010.02.05 19:37:48.112,0.8924,0.8925,1.00,1.00
2010.02.05 19:37:48.426,0.8924,0.89255,1.00,9.50
2010.02.05 19:37:48.782,0.8924,0.89255,2.50,6.30
2010.02.05 19:37:49.229,0.8924,0.89255,6.50,6.30
2010.02.05 19:37:49.583,0.8924,0.89255,10.50,1.00
2010.02.05 19:37:51.587,0.8924,0.89255,6.40,2.80
2010.02.05 19:37:52.508,0.8924,0.89255,6.40,2.00
2010.02.05 19:37:53.080,0.8924,0.89255,6.40,1.20
2010.02.05 19:37:53.449,0.8924,0.89255,6.40,1.50
2010.02.05 19:37:53.796,0.8924,0.89255,6.40,1.20
2010.02.05 19:37:57.044,0.8924,0.89255,6.40,2.80
2010.02.05 19:37:57.566,0.8924,0.89255,7.20,2.30
2010.02.05 19:37:57.711,0.8924,0.89255,7.20,1.00
2010.02.05 19:37:58.089,0.8924,0.89255,6.40,1.00
2010.02.05 19:37:58.366,0.8924,0.89255,7.20,1.00
2010.02.05 19:37:59.273,0.89245,0.89255,1.60,1.00
2010.02.05 19:37:59.973,0.8924,0.89255,8.00,1.00
2010.02.05 19:38:00.724,0.8924,0.89255,7.20,1.00
2010.02.05 19:38:01.803,0.8924,0.89255,8.00,1.00
2010.02.05 19:38:02.716,0.8924,0.89255,7.20,1.00
2010.02.05 19:38:04.204,0.8924,0.89255,7.20,2.30
2010.02.05 19:38:04.755,0.8924,0.89255,7.20,1.00
2010.02.05 19:38:05.043,0.8924,0.89255,6.40,2.30
2010.02.05 19:38:07.468,0.8924,0.89255,6.40,1.00
2010.02.05 19:38:08.719,0.8924,0.89255,6.40,2.30
2010.02.05 19:38:15.470,0.89245,0.8926,8.90,5.60
2010.02.05 19:38:16.095,0.89245,0.8926,10.50,4.70
2010.02.05 19:38:17.624,0.89245,0.8926,10.40,4.80
2010.02.05 19:38:18.084,0.89245,0.8926,10.50,4.80
2010.02.05 19:38:19.097,0.89245,0.8926,10.50,4.70
2010.02.05 19:38:24.822,0.8925,0.8926,1.00,4.70
2010.02.05 19:38:25.603,0.89245,0.8926,10.50,3.90
2010.02.05 19:38:27.087,0.89245,0.8926,11.30,3.90
2010.02.05 19:38:28.082,0.89245,0.8926,11.30,3.20
2010.02.05 19:38:28.462,0.89245,0.8926,14.50,1.60
2010.02.05 19:38:28.725,0.89245,0.89265,23.30,13.60
2010.02.05 19:38:29.081,0.89245,0.89265,23.80,13.60
2010.02.05 19:38:29.440,0.89245,0.89265,24.10,13.60
2010.02.05 19:38:29.789,0.8925,0.89265,2.40,8.80
2010.02.05 19:38:30.041,0.8925,0.89265,2.50,8.80
2010.02.05 19:38:30.636,0.8925,0.89265,2.40,10.40
2010.02.05 19:38:31.517,0.8925,0.89265,1.00,10.40
2010.02.05 19:38:32.219,0.89245,0.89265,23.70,13.60
2010.02.05 19:38:32.437,0.89245,0.89265,21.70,13.60
2010.02.05 19:38:32.890,0.89245,0.8926,17.70,1.60
2010.02.05 19:38:33.097,0.89245,0.89265,18.50,13.60
2010.02.05 19:38:35.786,0.89245,0.89265,16.90,14.40
2010.02.05 19:38:36.136,0.89245,0.89265,18.50,13.60
2010.02.05 19:38:37.281,0.89245,0.8926,18.50,1.00
2010.02.05 19:38:37.394,0.89245,0.8926,14.50,1.00
2010.02.05 19:38:37.824,0.89245,0.8926,14.50,2.30
2010.02.05 19:38:40.562,0.89245,0.8926,14.50,1.00
2010.02.05 19:38:41.970,0.89245,0.8926,14.50,2.30
2010.02.05 19:38:42.662,0.89245,0.8926,14.50,3.10
2010.02.05 19:38:50.198,0.89245,0.8926,14.50,1.00
2010.02.05 19:38:50.748,0.89245,0.8926,18.50,1.00
2010.02.05 19:38:56.875,0.8925,0.89265,6.50,6.70
2010.02.05 19:38:56.987,0.8925,0.89265,6.50,6.30
2010.02.05 19:38:57.107,0.8925,0.89265,6.50,4.70
2010.02.05 19:38:57.171,0.8925,0.8927,7.30,16.30
2010.02.05 19:38:57.278,0.8925,0.89265,6.50,4.70
2010.02.05 19:38:57.829,0.8925,0.89265,7.30,3.90
2010.02.05 19:38:59.434,0.89255,0.8927,9.60,10.30
2010.02.05 19:38:59.873,0.89255,0.8927,14.50,3.90
2010.02.05 19:39:00.183,0.89255,0.8927,14.50,2.30
2010.02.05 19:39:04.377,0.8926,0.8927,4.90,1.60
2010.02.05 19:39:04.593,0.8926,0.89275,4.90,4.70
2010.02.05 19:39:06.422,0.89255,0.89275,16.10,12.00
2010.02.05 19:39:06.677,0.89255,0.89275,16.10,13.60
2010.02.05 19:39:07.527,0.89255,0.89275,16.10,14.00
2010.02.05 19:39:07.922,0.89255,0.8927,16.10,1.60
2010.02.05 19:39:08.126,0.89255,0.89275,16.10,13.60
2010.02.05 19:39:13.520,0.89255,0.89275,16.00,13.60
2010.02.05 19:39:13.572,0.89255,0.8927,14.40,1.60
2010.02.05 19:39:13.635,0.89255,0.8927,12.80,1.60
2010.02.05 19:39:13.703,0.89255,0.8927,6.40,7.10
2010.02.05 19:39:13.771,0.89255,0.8927,4.80,8.70
2010.02.05 19:39:14.085,0.89255,0.8927,4.00,8.70
2010.02.05 19:39:14.157,0.8925,0.8927,18.50,8.70
2010.02.05 19:39:14.511,0.8925,0.8927,14.50,8.70
2010.02.05 19:39:14.873,0.8925,0.8927,10.50,8.70
2010.02.05 19:39:15.234,0.8925,0.8927,14.50,9.50
2010.02.05 19:39:15.574,0.8925,0.8927,8.90,15.10
2010.02.05 19:39:16.260,0.89265,0.8928,8.90,5.10
2010.02.05 19:39:16.858,0.89265,0.89275,5.60,8.80
2010.02.05 19:39:17.228,0.89265,0.89275,1.00,1.60
2010.02.05 19:39:17.427,0.89265,0.8928,2.00,14.30
2010.02.05 19:39:17.954,0.89265,0.8928,1.00,14.30
2010.02.05 19:39:18.354,0.89265,0.8928,1.00,15.10
2010.02.05 19:39:18.706,0.8926,0.8928,7.30,15.10
2010.02.05 19:39:19.409,0.8926,0.8928,7.20,15.10
2010.02.05 19:39:19.621,0.8926,0.89275,5.70,5.60
2010.02.05 19:39:19.831,0.8926,0.8928,7.30,15.90
2010.02.05 19:39:21.185,0.89265,0.8928,1.60,16.70
2010.02.05 19:39:22.098,0.89265,0.8928,1.60,12.70
2010.02.05 19:39:22.800,0.89265,0.8928,1.60,14.30
2010.02.05 19:39:23.270,0.8926,0.89275,7.30,1.00
2010.02.05 19:39:25.318,0.8926,0.89275,6.40,3.20
2010.02.05 19:39:25.572,0.8926,0.89275,1.00,10.40
2010.02.05 19:39:25.838,0.89255,0.89265,7.60,7.20
2010.02.05 19:39:26.375,0.89255,0.89265,4.80,7.20
2010.02.05 19:39:26.718,0.8925,0.8927,12.90,11.30
2010.02.05 19:39:27.048,0.8925,0.8927,16.90,11.30
2010.02.05 19:39:27.383,0.8925,0.8927,12.90,11.30
2010.02.05 19:39:27.603,0.89255,0.8927,1.60,11.30
2010.02.05 19:39:27.820,0.8925,0.8927,16.80,11.40
2010.02.05 19:39:28.035,0.8925,0.8927,16.90,11.30
2010.02.05 19:39:28.514,0.8925,0.8927,16.80,11.40
2010.02.05 19:39:28.833,0.89255,0.8927,8.10,6.60
2010.02.05 19:39:28.997,0.89255,0.8927,2.40,11.40
2010.02.05 19:39:29.162,0.89255,0.8927,1.60,11.40
2010.02.05 19:39:29.833,0.8925,0.8927,19.30,11.30
2010.02.05 19:39:30.539,0.8925,0.89265,19.20,1.00
2010.02.05 19:39:31.226,0.89245,0.8927,36.00,11.40
2010.02.05 19:39:31.426,0.8925,0.8927,15.20,11.40
2010.02.05 19:39:31.779,0.8925,0.8927,19.20,11.40
2010.02.05 19:39:35.886,0.8925,0.8927,19.30,11.50
2010.02.05 19:39:36.297,0.8925,0.89265,17.60,2.40
2010.02.05 19:39:36.614,0.8925,0.89265,13.60,2.40
2010.02.05 19:39:36.829,0.8925,0.89265,19.20,1.00
2010.02.05 19:39:37.530,0.8925,0.89265,15.20,1.00
2010.02.05 19:39:39.723,0.8925,0.89265,15.20,2.30
2010.02.05 19:39:40.074,0.8925,0.89265,19.20,2.30
2010.02.05 19:39:40.832,0.8925,0.89265,15.20,1.00
2010.02.05 19:39:45.633,0.8925,0.89265,11.20,1.00
2010.02.05 19:39:46.377,0.8925,0.89265,15.20,1.00
2010.02.05 19:39:46.558,0.8925,0.89265,11.20,1.00
2010.02.05 19:39:46.882,0.8925,0.89265,9.60,1.00
2010.02.05 19:39:47.119,0.8925,0.89265,8.80,1.00
2010.02.05 19:39:47.594,0.8925,0.89265,8.80,1.00
2010.02.05 19:39:47.902,0.8925,0.89265,4.00,7.40
2010.02.05 19:39:48.137,0.89245,0.8926,5.60,5.50
2010.02.05 19:39:48.358,0.8924,0.8926,15.70,10.30
2010.02.05 19:39:48.681,0.8924,0.8926,10.10,14.30
2010.02.05 19:39:48.902,0.8924,0.89255,8.90,1.00
2010.02.05 19:39:49.391,0.8924,0.89255,8.00,3.10
2010.02.05 19:39:49.756,0.8924,0.89255,8.90,1.00
2010.02.05 19:39:50.812,0.8924,0.89245,4.90,4.00
2010.02.05 19:39:51.179,0.8923,0.89245,3.60,10.40
2010.02.05 19:39:51.767,0.8923,0.89245,2.80,12.00
2010.02.05 19:39:52.127,0.8923,0.89245,1.60,12.80
2010.02.05 19:39:52.371,0.8923,0.89245,1.60,12.00
2010.02.05 19:39:52.856,0.8923,0.89245,1.60,12.80
2010.02.05 19:39:54.220,0.8923,0.8924,1.60,1.00
2010.02.05 19:39:54.525,0.89225,0.8924,17.60,1.60
2010.02.05 19:39:54.891,0.8922,0.89235,14.50,2.40
2010.02.05 19:39:55.530,0.8922,0.89235,6.40,3.10
2010.02.05 19:39:55.809,0.8922,0.89235,7.30,2.40
2010.02.05 19:39:56.196,0.8922,0.8924,7.20,16.70
2010.02.05 19:39:57.108,0.8922,0.89235,7.30,2.40
2010.02.05 19:39:57.693,0.8922,0.89235,11.30,2.40
2010.02.05 19:39:57.898,0.8922,0.89235,12.90,1.00
2010.02.05 19:40:00.193,0.8922,0.89235,12.80,1.00
2010.02.05 19:40:00.437,0.8922,0.89235,8.90,1.00
2010.02.05 19:40:01.005,0.8922,0.89235,8.80,1.00
2010.02.05 19:40:01.180,0.89225,0.89235,1.60,1.00
2010.02.05 19:40:01.642,0.8922,0.89235,12.90,1.00
2010.02.05 19:40:03.545,0.8922,0.8923,5.60,1.00
2010.02.05 19:40:03.732,0.8922,0.89235,6.40,1.60
2010.02.05 19:40:03.905,0.8922,0.89235,7.20,1.00
2010.02.05 19:40:04.390,0.8922,0.89235,8.90,1.00
2010.02.05 19:40:05.107,0.89225,0.89235,1.60,1.00
2010.02.05 19:40:05.462,0.8922,0.89235,12.90,1.00
2010.02.05 19:40:06.533,0.89225,0.89235,1.00,1.00
2010.02.05 19:40:06.882,0.89225,0.89235,1.60,1.00
2010.02.05 19:40:07.235,0.8922,0.89235,8.90,1.00
2010.02.05 19:40:09.133,0.89225,0.89235,1.60,1.00
2010.02.05 19:40:10.133,0.8922,0.89235,8.90,1.00
2010.02.05 19:40:10.852,0.89225,0.89235,1.60,1.00
2010.02.05 19:40:11.544,0.89225,0.89235,1.60,4.70
2010.02.05 19:40:11.901,0.8922,0.89235,1.60,8.80
2010.02.05 19:40:12.619,0.8922,0.89235,1.60,10.40
2010.02.05 19:40:12.985,0.8922,0.8923,1.60,1.00
2010.02.05 19:40:13.198,0.8922,0.8923,1.70,1.00
2010.02.05 19:40:14.134,0.8922,0.8923,1.60,1.00
2010.02.05 19:40:15.081,0.8922,0.89235,1.60,10.40
2010.02.05 19:40:15.697,0.8922,0.89235,1.70,10.30
2010.02.05 19:40:16.271,0.89215,0.89235,16.10,17.30
2010.02.05 19:40:16.814,0.8922,0.89235,1.60,17.60
2010.02.05 19:40:17.335,0.8922,0.89235,1.60,15.60
2010.02.05 19:40:17.622,0.8922,0.89235,1.60,14.80
2010.02.05 19:40:17.760,0.8922,0.89235,1.60,15.30
2010.02.05 19:40:18.391,0.8922,0.89235,1.60,17.30
2010.02.05 19:40:19.244,0.89215,0.89235,16.00,17.30
2010.02.05 19:40:19.591,0.89215,0.8923,16.00,1.00
2010.02.05 19:40:19.941,0.89215,0.8923,16.00,1.50
2010.02.05 19:40:22.049,0.89215,0.8923,16.00,1.50
2010.02.05 19:40:22.314,0.89215,0.8923,16.10,1.50
2010.02.05 19:40:22.925,0.89215,0.8923,16.00,1.50
2010.02.05 19:40:23.157,0.89215,0.8923,16.10,1.50
2010.02.05 19:40:25.147,0.89215,0.8923,1.60,12.80
2010.02.05 19:40:25.636,0.89215,0.8923,1.60,12.70
2010.02.05 19:40:28.336,0.89215,0.8923,1.60,11.90
2010.02.05 19:40:28.519,0.89215,0.8923,1.60,10.30
2010.02.05 19:40:31.611,0.89215,0.8923,1.70,10.30
2010.02.05 19:40:31.886,0.89215,0.8923,1.60,10.30
2010.02.05 19:40:33.542,0.89215,0.8923,2.30,11.10
2010.02.05 19:40:33.910,0.89215,0.8923,2.30,11.20
2010.02.05 19:40:34.416,0.8921,0.89225,12.00,1.00
2010.02.05 19:40:34.784,0.8921,0.89225,2.40,11.20
2010.02.05 19:40:35.426,0.8921,0.89225,6.50,4.70
2010.02.05 19:40:35.789,0.8921,0.89225,10.50,1.00
2010.02.05 19:40:36.409,0.89215,0.89225,1.60,1.00
2010.02.05 19:40:37.112,0.89215,0.8923,1.60,17.90
2010.02.05 19:40:37.509,0.89215,0.8923,1.60,12.70
2010.02.05 19:40:40.928,0.8921,0.8923,13.70,12.70
2010.02.05 19:40:41.213,0.8921,0.8923,9.70,17.10
2010.02.05 19:40:41.624,0.89215,0.8923,1.60,16.70
2010.02.05 19:40:42.509,0.8921,0.89225,5.70,1.00
2010.02.05 19:40:42.810,0.8921,0.89225,5.60,1.00
2010.02.05 19:40:44.548,0.8921,0.89225,9.60,1.00
2010.02.05 19:40:45.168,0.8921,0.89225,9.70,1.00
2010.02.05 19:40:46.206,0.8921,0.8923,9.60,20.70
2010.02.05 19:40:47.346,0.8921,0.89225,9.70,1.00
2010.02.05 19:40:47.671,0.89205,0.89225,24.20,1.50
2010.02.05 19:40:48.281,0.8921,0.89225,9.70,1.60
2010.02.05 19:40:49.129,0.8921,0.89225,9.70,3.20
2010.02.05 19:40:49.443,0.8921,0.89225,10.40,1.00
2010.02.05 19:40:51.895,0.8921,0.89225,5.60,8.80
2010.02.05 19:40:52.209,0.8921,0.89225,5.60,10.30
2010.02.05 19:40:52.499,0.8921,0.89225,4.10,10.40
2010.02.05 19:40:53.078,0.89205,0.8922,18.50,1.00
2010.02.05 19:40:53.257,0.89205,0.89225,18.90,10.40
2010.02.05 19:40:53.433,0.8921,0.89225,2.40,10.40
2010.02.05 19:40:53.613,0.8921,0.89225,2.50,10.40
2010.02.05 19:40:54.005,0.8921,0.89225,2.40,10.40
2010.02.05 19:40:54.356,0.8921,0.89225,7.30,1.00
2010.02.05 19:40:54.713,0.8921,0.89225,8.90,1.00
2010.02.05 19:40:55.065,0.8921,0.8923,8.80,16.80
2010.02.05 19:40:57.638,0.8921,0.89225,8.90,1.00
2010.02.05 19:40:57.721,0.8921,0.89225,8.90,1.00
2010.02.05 19:40:58.186,0.8921,0.89225,8.80,1.00
2010.02.05 19:40:59.664,0.8921,0.89225,8.80,1.00
2010.02.05 19:41:00.306,0.8921,0.89225,8.80,1.00
2010.02.05 19:41:00.597,0.89205,0.89225,26.10,10.40
2010.02.05 19:41:02.795,0.8921,0.89225,4.90,8.80
2010.02.05 19:41:03.210,0.8922,0.89225,1.00,8.70
2010.02.05 19:41:03.363,0.8922,0.8923,7.30,1.00
2010.02.05 19:41:03.715,0.8922,0.89235,7.30,2.30
2010.02.05 19:41:04.111,0.8922,0.89235,5.70,2.30
2010.02.05 19:41:04.470,0.8922,0.89235,7.30,2.30
2010.02.05 19:41:05.039,0.8922,0.89235,7.20,2.30
2010.02.05 19:41:05.325,0.8922,0.89235,5.70,2.30
2010.02.05 19:41:05.609,0.8922,0.89235,1.00,2.30
2010.02.05 19:41:05.996,0.8922,0.8923,5.60,2.30
2010.02.05 19:41:06.359,0.8922,0.89235,5.70,2.30
2010.02.05 19:41:06.907,0.8922,0.89235,5.60,2.30
2010.02.05 19:41:07.290,0.8922,0.89235,7.20,2.30
2010.02.05 19:41:07.803,0.8922,0.89235,7.30,2.30
2010.02.05 19:41:08.380,0.8922,0.89235,7.30,1.60
2010.02.05 19:41:08.704,0.89225,0.89235,6.50,1.60
2010.02.05 19:41:09.261,0.89225,0.89245,14.10,18.40
2010.02.05 19:41:09.924,0.89225,0.89245,13.70,18.40
2010.02.05 19:41:10.285,0.89225,0.8924,13.60,1.60
2010.02.05 19:41:10.655,0.8923,0.89245,1.70,14.40
2010.02.05 19:41:10.963,0.89225,0.89245,14.90,18.40
2010.02.05 19:41:12.300,0.89225,0.89245,18.90,14.40
2010.02.05 19:41:13.336,0.8923,0.89245,1.70,11.20
2010.02.05 19:41:13.562,0.8923,0.89245,1.70,15.20
2010.02.05 19:41:15.103,0.8923,0.89245,1.00,15.20
2010.02.05 19:41:17.908,0.8923,0.89245,1.70,11.10
2010.02.05 19:41:18.012,0.8923,0.89245,1.60,15.20
2010.02.05 19:41:18.222,0.8923,0.89245,1.70,15.20
2010.02.05 19:41:18.539,0.8923,0.89245,1.70,11.20
2010.02.05 19:41:18.859,0.8923,0.89245,1.70,15.20
2010.02.05 19:41:19.914,0.8923,0.89245,1.70,11.20
2010.02.05 19:41:25.787,0.8923,0.89245,1.70,15.20
2010.02.05 19:41:26.112,0.8923,0.89245,1.70,11.20
2010.02.05 19:41:27.509,0.89225,0.89245,18.50,11.20
2010.02.05 19:41:27.945,0.89225,0.89245,14.50,15.20
2010.02.05 19:41:28.120,0.89225,0.89245,18.50,11.20
2010.02.05 19:41:29.310,0.89225,0.89245,18.90,11.20
2010.02.05 19:41:32.469,0.8923,0.89245,1.70,11.20
2010.02.05 19:41:33.537,0.8923,0.89245,1.60,11.20
2010.02.05 19:41:33.669,0.89225,0.89245,18.90,11.20
2010.02.05 19:41:35.136,0.89225,0.89245,18.50,11.20
2010.02.05 19:41:40.533,0.89225,0.8924,5.70,7.20
2010.02.05 19:41:40.789,0.89225,0.8924,4.10,7.20
2010.02.05 19:41:41.510,0.89225,0.8924,4.00,7.20
2010.02.05 19:41:41.811,0.89225,0.8924,4.10,7.20
2010.02.05 19:41:43.868,0.89225,0.8924,4.10,7.10
2010.02.05 19:41:45.504,0.89225,0.8924,10.50,5.10
2010.02.05 19:41:45.869,0.89225,0.89245,16.10,11.20
2010.02.05 19:41:46.389,0.89225,0.89245,17.70,11.20
2010.02.05 19:41:47.139,0.89225,0.8924,13.70,1.60
2010.02.05 19:41:48.267,0.89225,0.8924,12.10,1.60
2010.02.05 19:41:50.055,0.8923,0.89245,1.60,15.20
2010.02.05 19:41:50.784,0.89225,0.89245,17.70,11.20
2010.02.05 19:41:51.045,0.8923,0.89245,1.00,11.20
2010.02.05 19:41:51.519,0.89225,0.89245,17.70,11.20
2010.02.05 19:41:54.543,0.89225,0.89245,17.70,14.40
2010.02.05 19:41:57.532,0.89225,0.8924,12.00,6.30
2010.02.05 19:41:57.880,0.89225,0.8924,6.40,6.30
2010.02.05 19:42:01.750,0.89225,0.8924,6.40,4.70
2010.02.05 19:42:02.343,0.8923,0.8924,1.00,4.70
2010.02.05 19:42:03.197,0.89225,0.8924,5.60,5.50
2010.02.05 19:42:03.319,0.89225,0.8924,5.60,7.10
2010.02.05 19:42:03.666,0.89225,0.8924,5.60,5.50
2010.02.05 19:42:14.221,0.89225,0.89235,5.60,1.00
2010.02.05 19:42:14.659,0.89225,0.8923,1.60,3.10
2010.02.05 19:42:15.030,0.89215,0.89225,1.00,3.20
2010.02.05 19:42:15.639,0.89215,0.89225,1.00,7.20
2010.02.05 19:42:16.251,0.89215,0.89225,1.00,3.20
2010.02.05 19:42:17.216,0.8921,0.89225,8.90,2.40
2010.02.05 19:42:18.175,0.8922,0.8923,5.70,5.60
2010.02.05 19:42:18.504,0.8922,0.8923,8.90,1.60
2010.02.05 19:42:18.644,0.8922,0.89235,8.90,1.60
2010.02.05 19:42:19.032,0.8922,0.8924,8.90,16.70
2010.02.05 19:42:21.833,0.89225,0.8924,1.60,16.70
2010.02.05 19:42:22.177,0.89225,0.8924,1.60,12.70
2010.02.05 19:42:23.507,0.8922,0.8924,12.90,12.70
2010.02.05 19:42:23.620,0.8922,0.89245,8.90,25.10
2010.02.05 19:42:25.687,0.89215,0.8924,28.10,17.50
2010.02.05 19:42:28.348,0.8922,0.89235,8.90,1.60
2010.02.05 19:42:28.472,0.8922,0.8924,8.90,16.70
2010.02.05 19:42:29.267,0.8922,0.8924,8.90,17.50
2010.02.05 19:42:34.277,0.8922,0.89235,8.90,1.60
2010.02.05 19:42:36.649,0.8922,0.8924,8.90,17.50
2010.02.05 19:42:38.225,0.8922,0.8924,8.80,17.60
2010.02.05 19:42:38.792,0.8922,0.89235,6.40,1.00
2010.02.05 19:42:38.899,0.89215,0.8923,16.80,7.10
2010.02.05 19:42:39.196,0.89215,0.8923,4.10,7.90
2010.02.05 19:42:39.805,0.89215,0.89235,4.10,26.20
2010.02.05 19:42:40.215,0.89215,0.8923,4.10,9.50
2010.02.05 19:42:40.827,0.89215,0.8923,4.00,9.50
2010.02.05 19:42:42.554,0.8922,0.8923,1.60,7.10
2010.02.05 19:42:42.686,0.89215,0.8923,4.00,8.70
2010.02.05 19:42:43.223,0.89215,0.8923,4.00,7.10
2010.02.05 19:42:44.438,0.89215,0.8923,4.00,8.70
2010.02.05 19:42:44.809,0.89215,0.8923,4.00,9.50
2010.02.05 19:42:45.832,0.89215,0.8923,4.00,8.80
2010.02.05 19:42:46.828,0.89215,0.8923,4.00,8.70
2010.02.05 19:42:47.471,0.89215,0.8923,10.50,3.90
2010.02.05 19:42:48.102,0.89215,0.8923,16.10,2.30
2010.02.05 19:42:48.488,0.89215,0.8923,16.10,3.90
2010.02.05 19:42:49.053,0.89215,0.8923,8.00,8.70
2010.02.05 19:42:49.294,0.89215,0.8923,1.60,8.70
2010.02.05 19:42:53.477,0.89215,0.8923,1.60,9.50
2010.02.05 19:42:54.712,0.89215,0.8923,1.60,8.70
2010.02.05 19:42:55.065,0.89215,0.8923,1.60,7.90
2010.02.05 19:42:55.515,0.89215,0.89225,1.60,1.00
2010.02.05 19:42:55.744,0.89215,0.89225,1.60,1.00
2010.02.05 19:42:58.101,0.8921,0.89225,12.10,1.00
2010.02.05 19:43:00.414,0.8921,0.8923,12.90,17.10
2010.02.05 19:43:00.760,0.8921,0.8923,12.90,12.70
2010.02.05 19:43:01.158,0.8921,0.89235,12.80,31.90
2010.02.05 19:43:03.883,0.8921,0.8923,12.80,12.70
2010.02.05 19:43:04.205,0.8921,0.8923,12.90,12.70
2010.02.05 19:43:04.537,0.8921,0.8923,19.30,11.10
2010.02.05 19:43:04.857,0.89215,0.8923,2.40,11.10
2010.02.05 19:43:05.181,0.89215,0.8923,1.60,11.10
2010.02.05 19:43:06.485,0.89215,0.8923,1.60,10.30
2010.02.05 19:43:08.631,0.89215,0.8923,1.60,11.10
2010.02.05 19:43:12.549,0.89215,0.8923,1.60,11.90
2010.02.05 19:43:14.844,0.8921,0.89225,11.30,1.60
2010.02.05 19:43:15.521,0.89215,0.89225,1.60,1.00
2010.02.05 19:43:15.849,0.8921,0.89225,11.20,1.00
2010.02.05 19:43:17.341,0.89215,0.89225,1.60,1.00
2010.02.05 19:43:19.900,0.8921,0.89225,11.30,1.00
2010.02.05 19:43:20.602,0.89215,0.89225,1.60,1.00
2010.02.05 19:43:21.503,0.89215,0.89225,1.70,1.00
2010.02.05 19:43:21.794,0.8921,0.89225,7.20,2.30
2010.02.05 19:43:22.431,0.8921,0.8922,2.40,4.70
2010.02.05 19:43:22.801,0.89205,0.8922,2.40,7.10
2010.02.05 19:43:22.982,0.89205,0.8922,2.40,8.70
2010.02.05 19:43:23.458,0.89205,0.8922,2.40,9.50
2010.02.05 19:43:24.376,0.89205,0.8922,2.40,11.10
2010.02.05 19:43:24.738,0.89205,0.89215,2.40,1.00
2010.02.05 19:43:25.095,0.89195,0.8921,10.40,5.50
2010.02.05 19:43:25.425,0.89195,0.8921,2.40,5.50
2010.02.05 19:43:25.755,0.89195,0.8921,1.60,5.70
2010.02.05 19:43:26.080,0.8919,0.892,1.00,4.00
2010.02.05 19:43:26.454,0.8919,0.892,1.00,1.60
2010.02.05 19:43:26.816,0.89185,0.892,18.50,1.60
2010.02.05 19:43:27.156,0.89185,0.89205,21.70,13.60
2010.02.05 19:43:28.027,0.89185,0.892,21.70,1.60
2010.02.05 19:43:30.064,0.89185,0.892,21.70,1.60
2010.02.05 19:43:30.632,0.89185,0.89205,21.70,13.50
2010.02.05 19:43:31.257,0.89185,0.892,17.70,2.30
2010.02.05 19:43:31.578,0.89185,0.892,21.70,1.00
2010.02.05 19:43:38.469,0.89185,0.892,21.70,2.30
2010.02.05 19:43:38.577,0.89185,0.892,21.70,1.00
2010.02.05 19:43:41.968,0.89185,0.89205,17.70,15.20
2010.02.05 19:43:42.320,0.89185,0.892,17.70,2.30
2010.02.05 19:43:42.672,0.89185,0.892,13.70,2.30
2010.02.05 19:43:43.319,0.89185,0.892,17.70,2.30
2010.02.05 19:43:43.948,0.8919,0.892,1.00,2.30
2010.02.05 19:43:46.196,0.89185,0.892,17.70,2.30
2010.02.05 19:43:47.625,0.89185,0.892,4.00,8.70
2010.02.05 19:43:47.730,0.89185,0.892,2.50,10.30
2010.02.05 19:43:48.138,0.89185,0.892,2.50,11.10
2010.02.05 19:43:48.264,0.89185,0.892,2.40,11.10
2010.02.05 19:43:48.708,0.89185,0.892,2.50,11.10
2010.02.05 19:43:49.513,0.89185,0.892,2.40,11.10
2010.02.05 19:43:50.040,0.89185,0.892,2.50,11.10
2010.02.05 19:43:50.390,0.89185,0.892,2.40,11.10
2010.02.05 19:43:51.076,0.89185,0.892,1.00,11.20
2010.02.05 19:43:51.500,0.89185,0.892,1.00,11.10
2010.02.05 19:43:51.719,0.89185,0.892,2.50,11.10
2010.02.05 19:43:51.942,0.89185,0.892,1.00,11.10
2010.02.05 19:43:52.167,0.89185,0.892,1.00,14.30
2010.02.05 19:43:53.439,0.89185,0.892,1.00,13.50
2010.02.05 19:43:54.403,0.89185,0.892,1.00,13.50
2010.02.05 19:43:54.764,0.89185,0.892,2.40,13.50
2010.02.05 19:43:55.116,0.89185,0.892,1.00,13.50
2010.02.05 19:43:56.259,0.89185,0.892,2.40,13.50
2010.02.05 19:43:57.334,0.89185,0.892,2.40,14.20
2010.02.05 19:43:57.563,0.89185,0.892,2.40,15.00
2010.02.05 19:43:58.393,0.89185,0.89195,1.00,1.60
2010.02.05 19:43:58.526,0.89185,0.892,1.00,13.50
2010.02.05 19:43:59.075,0.89185,0.892,1.00,14.30
2010.02.05 19:43:59.300,0.89185,0.892,1.00,13.60
2010.02.05 19:43:59.643,0.8918,0.89195,8.00,1.20
2010.02.05 19:44:00.014,0.8918,0.89195,1.70,15.10
2010.02.05 19:44:00.382,0.8918,0.8919,1.60,1.50
2010.02.05 19:44:00.759,0.8918,0.8919,1.60,7.90
2010.02.05 19:44:02.372,0.8918,0.8919,1.60,8.70
2010.02.05 19:44:05.857,0.8918,0.89185,1.60,1.60
2010.02.05 19:44:06.503,0.8918,0.8919,1.60,9.60
2010.02.05 19:44:06.901,0.8918,0.8919,1.60,9.50
2010.02.05 19:44:10.903,0.89175,0.8919,1.00,12.70
2010.02.05 19:44:11.482,0.8917,0.89185,12.10,7.20
2010.02.05 19:44:11.712,0.8917,0.89185,16.90,2.40
2010.02.05 19:44:11.938,0.8917,0.89185,8.10,3.20
2010.02.05 19:44:12.372,0.8917,0.89185,8.10,3.10
2010.02.05 19:44:12.698,0.8917,0.89185,12.90,1.00
2010.02.05 19:44:13.025,0.8917,0.89185,16.90,1.00
2010.02.05 19:44:14.342,0.89175,0.8919,1.60,12.70
2010.02.05 19:44:15.320,0.89175,0.8919,1.60,16.70
2010.02.05 19:44:15.677,0.8918,0.8919,1.00,12.70
2010.02.05 19:44:16.400,0.8918,0.8919,1.00,11.90
2010.02.05 19:44:17.719,0.8918,0.8919,1.00,7.10
2010.02.05 19:44:18.728,0.8918,0.8919,1.00,7.90
2010.02.05 19:44:18.997,0.8918,0.8919,1.00,12.70
2010.02.05 19:44:21.906,0.8918,0.8919,1.00,16.70
2010.02.05 19:44:25.951,0.89175,0.8919,2.40,16.70
2010.02.05 19:44:26.135,0.89175,0.8919,2.40,12.70
2010.02.05 19:44:26.840,0.89175,0.89185,2.40,1.00
2010.02.05 19:44:27.036,0.89175,0.89185,1.60,7.20
2010.02.05 19:44:27.407,0.8917,0.89185,7.30,2.30
2010.02.05 19:44:27.767,0.8917,0.89185,7.30,1.00
2010.02.05 19:44:29.866,0.89175,0.89185,4.00,1.00
2010.02.05 19:44:30.077,0.89175,0.8919,10.40,7.90
2010.02.05 19:44:30.277,0.8918,0.8919,1.00,7.90
2010.02.05 19:44:30.536,0.89175,0.8919,14.40,7.90
2010.02.05 19:44:32.961,0.89175,0.8919,10.40,7.90
2010.02.05 19:44:33.936,0.8918,0.8919,1.00,7.90
2010.02.05 19:44:34.162,0.89175,0.8919,10.40,7.90
2010.02.05 19:44:34.364,0.89175,0.8919,10.50,8.00
2010.02.05 19:44:34.935,0.89175,0.8919,10.50,8.20
2010.02.05 19:44:37.675,0.89175,0.8919,14.50,8.20
2010.02.05 19:44:37.955,0.89175,0.8919,14.40,8.20
2010.02.05 19:44:38.744,0.89175,0.8919,14.50,8.20
2010.02.05 19:44:39.176,0.89175,0.89185,6.40,4.00
2010.02.05 19:44:39.406,0.89165,0.89185,18.10,8.80
2010.02.05 19:44:39.624,0.89165,0.89185,22.10,8.80
2010.02.05 19:44:40.058,0.89165,0.89185,21.70,13.90
2010.02.05 19:44:40.269,0.89165,0.89185,17.70,13.90
2010.02.05 19:44:40.988,0.89165,0.89185,17.70,14.10
2010.02.05 19:44:42.365,0.89165,0.89185,21.70,14.10
2010.02.05 19:44:42.727,0.89165,0.8918,20.10,1.60
2010.02.05 19:44:43.082,0.89165,0.8918,16.10,2.40
2010.02.05 19:44:43.439,0.89165,0.8918,12.10,2.40
2010.02.05 19:44:50.894,0.8916,0.8918,31.80,1.60
2010.02.05 19:44:51.258,0.89165,0.8918,16.50,1.60
2010.02.05 19:44:55.889,0.8917,0.89185,7.30,2.30
2010.02.05 19:44:56.183,0.8917,0.89185,7.20,2.30
2010.02.05 19:44:56.796,0.8918,0.89185,4.00,1.60
2010.02.05 19:44:57.078,0.89185,0.89195,1.00,1.60
2010.02.05 19:44:57.410,0.89185,0.892,1.00,11.00
2010.02.05 19:44:57.743,0.8918,0.892,20.60,6.30
2010.02.05 19:44:58.088,0.89185,0.892,3.20,6.30
2010.02.05 19:45:00.371,0.89185,0.892,2.40,7.10
2010.02.05 19:45:04.074,0.89185,0.892,2.40,10.30
2010.02.05 19:45:04.382,0.8918,0.89195,13.70,1.00
2010.02.05 19:45:04.914,0.8918,0.89195,9.70,1.00
2010.02.05 19:45:05.546,0.8918,0.89195,9.70,2.40
2010.02.05 19:45:05.915,0.8918,0.89195,9.70,1.00
2010.02.05 19:45:06.279,0.8918,0.892,10.50,16.30
2010.02.05 19:45:06.634,0.8918,0.892,10.50,15.10
2010.02.05 19:45:06.982,0.8918,0.89195,9.70,1.00
2010.02.05 19:45:09.335,0.8918,0.892,10.50,14.30
2010.02.05 19:45:09.376,0.89185,0.892,1.00,14.30
2010.02.05 19:45:10.274,0.89185,0.892,1.00,11.10
2010.02.05 19:45:10.638,0.8918,0.892,14.50,11.10
2010.02.05 19:45:11.006,0.8918,0.89195,10.50,1.60
2010.02.05 19:45:11.472,0.89185,0.89195,3.20,4.80
2010.02.05 19:45:17.183,0.89185,0.89195,3.20,9.50
2010.02.05 19:45:17.351,0.8918,0.89195,5.60,12.10
2010.02.05 19:45:17.694,0.8918,0.89195,1.60,15.10
2010.02.05 19:45:18.034,0.8918,0.8919,1.60,3.20
2010.02.05 19:45:18.703,0.8918,0.8919,3.30,3.20
2010.02.05 19:45:19.026,0.8918,0.8919,3.30,7.20
2010.02.05 19:45:19.196,0.8918,0.8919,1.70,8.80
2010.02.05 19:45:19.545,0.8918,0.8919,1.70,9.50
2010.02.05 19:45:19.636,0.8918,0.8919,1.70,7.90
2010.02.05 19:45:22.599,0.8918,0.8919,1.70,8.70
2010.02.05 19:45:22.977,0.8918,0.8919,1.70,10.30
2010.02.05 19:45:23.170,0.8918,0.8919,1.00,8.70
2010.02.05 19:45:23.357,0.8918,0.8919,1.00,11.90
2010.02.05 19:45:24.218,0.8918,0.8919,1.00,10.30
2010.02.05 19:45:24.325,0.8918,0.8919,1.00,11.90
2010.02.05 19:45:26.097,0.89175,0.8919,5.60,11.90
2010.02.05 19:45:26.243,0.89175,0.8919,4.00,11.90
2010.02.05 19:45:29.283,0.89175,0.89185,2.40,3.20
2010.02.05 19:45:29.359,0.89175,0.89185,2.40,7.20
2010.02.05 19:45:30.030,0.8917,0.89185,5.60,12.30
2010.02.05 19:45:30.398,0.89175,0.89185,3.30,4.30
2010.02.05 19:45:31.849,0.89175,0.89185,3.20,4.30
2010.02.05 19:45:34.350,0.89175,0.89185,3.20,5.00
2010.02.05 19:45:36.229,0.89175,0.89185,1.60,4.20
2010.02.05 19:45:36.500,0.89175,0.89185,1.60,3.90
2010.02.05 19:45:36.742,0.89175,0.89185,3.20,3.20
2010.02.05 19:45:37.085,0.89175,0.89185,3.30,3.20
2010.02.05 19:45:37.440,0.89175,0.89185,3.30,3.90
2010.02.05 19:45:39.183,0.8918,0.89185,1.00,3.90
2010.02.05 19:45:39.250,0.8918,0.89185,1.00,3.20
2010.02.05 19:45:39.353,0.8918,0.89185,1.00,1.60
2010.02.05 19:45:39.408,0.8918,0.8919,1.00,8.70
2010.02.05 19:45:39.798,0.89175,0.8919,5.60,11.10
2010.02.05 19:45:40.208,0.89175,0.8919,4.80,11.10
2010.02.05 19:45:40.868,0.89175,0.8919,4.80,9.50
2010.02.05 19:45:42.692,0.89175,0.8919,4.80,11.10
2010.02.05 19:45:42.920,0.89175,0.8919,4.80,11.90
2010.02.05 19:45:44.405,0.89175,0.89185,4.80,1.60
2010.02.05 19:45:44.871,0.89175,0.89185,3.20,1.60
2010.02.05 19:45:50.157,0.89175,0.89185,4.80,1.60
2010.02.05 19:45:53.170,0.89175,0.89185,4.80,2.30
2010.02.05 19:45:54.605,0.89175,0.89185,4.80,1.60
2010.02.05 19:46:01.715,0.89175,0.8919,4.80,19.90
2010.02.05 19:46:01.887,0.89175,0.89185,3.20,3.10
2010.02.05 19:46:08.222,0.89175,0.89185,3.20,2.30
2010.02.05 19:46:08.389,0.89175,0.89185,3.20,1.60
2010.02.05 19:46:10.675,0.89175,0.89185,3.20,3.10
2010.02.05 19:46:11.023,0.89175,0.8919,3.20,16.70
2010.02.05 19:46:11.432,0.89175,0.89185,3.20,1.60
2010.02.05 19:46:11.843,0.89175,0.89185,3.20,2.30
2010.02.05 19:46:19.583,0.8918,0.89185,4.00,2.30
2010.02.05 19:46:19.796,0.8918,0.89185,4.00,1.60
2010.02.05 19:46:25.743,0.8918,0.8919,4.00,10.30
2010.02.05 19:46:28.621,0.8918,0.8919,6.50,1.60
2010.02.05 19:46:29.165,0.8918,0.8919,8.00,5.60
2010.02.05 19:46:29.264,0.8918,0.8919,5.60,5.60
2010.02.05 19:46:31.382,0.8918,0.8919,7.20,5.60
2010.02.05 19:46:31.844,0.8918,0.8919,8.80,5.60
2010.02.05 19:46:35.632,0.8918,0.8919,8.80,7.20
2010.02.05 19:46:35.909,0.8918,0.8919,5.60,8.80
2010.02.05 19:46:39.504,0.8918,0.8919,5.60,9.60
2010.02.05 19:46:47.563,0.8918,0.8919,5.70,9.60
2010.02.05 19:46:47.829,0.8918,0.8919,1.60,10.30
2010.02.05 19:46:48.094,0.89175,0.8919,5.60,11.10
2010.02.05 19:46:48.362,0.89175,0.8919,5.60,16.70
2010.02.05 19:46:49.537,0.8918,0.8919,4.10,14.30
2010.02.05 19:46:49.730,0.8918,0.8919,4.10,10.30
2010.02.05 19:46:55.199,0.8918,0.8919,4.10,11.90
2010.02.05 19:46:55.570,0.8918,0.8919,4.10,10.30
2010.02.05 19:46:57.589,0.8918,0.8919,4.10,11.90
2010.02.05 19:47:00.539,0.8918,0.8919,4.10,10.30
2010.02.05 19:47:02.628,0.8918,0.8919,4.00,10.30
2010.02.05 19:47:04.759,0.8918,0.8919,5.70,10.30
2010.02.05 19:47:05.063,0.8918,0.8919,5.60,10.30
2010.02.05 19:47:06.367,0.8918,0.8919,5.70,10.30
2010.02.05 19:47:06.894,0.8918,0.8919,4.00,10.30
2010.02.05 19:47:07.827,0.8918,0.8919,4.00,11.90
2010.02.05 19:47:08.557,0.89185,0.8919,3.20,4.00
2010.02.05 19:47:09.035,0.89185,0.89195,3.20,3.20
2010.02.05 19:47:10.090,0.8918,0.89195,14.80,3.20
2010.02.05 19:47:12.536,0.89185,0.89195,1.60,4.00
2010.02.05 19:47:15.327,0.8919,0.892,4.00,8.00
2010.02.05 19:47:15.706,0.8919,0.892,4.00,8.80
2010.02.05 19:47:18.164,0.8919,0.89195,4.00,1.00
2010.02.05 19:47:18.447,0.89185,0.8919,4.00,1.00
2010.02.05 19:47:18.991,0.89185,0.89195,4.00,1.00
2010.02.05 19:47:19.622,0.89185,0.89195,4.00,1.00
2010.02.05 19:47:22.245,0.89185,0.89195,4.00,1.00
2010.02.05 19:47:22.704,0.89185,0.89195,4.00,1.00
2010.02.05 19:47:23.208,0.89185,0.89195,4.00,1.00
2010.02.05 19:47:23.780,0.89185,0.89195,4.00,1.00
2010.02.05 19:47:25.242,0.89185,0.89195,5.60,1.00
2010.02.05 19:47:25.415,0.89185,0.89195,4.80,1.00
2010.02.05 19:47:26.240,0.8918,0.89195,10.40,5.60
2010.02.05 19:47:27.186,0.8918,0.89195,11.20,5.60
2010.02.05 19:47:27.406,0.8918,0.89195,10.40,5.60
2010.02.05 19:47:28.709,0.8918,0.8919,10.40,1.00
2010.02.05 19:47:29.650,0.8918,0.89195,10.40,4.00
2010.02.05 19:47:29.939,0.8918,0.89195,10.40,5.60
2010.02.05 19:47:30.287,0.89175,0.89195,32.20,5.50
2010.02.05 19:47:31.542,0.8918,0.8919,8.80,1.60
2010.02.05 19:47:32.038,0.8918,0.8919,4.80,1.60
2010.02.05 19:47:32.300,0.8918,0.89185,4.80,1.00
2010.02.05 19:47:32.654,0.8918,0.8919,4.80,1.60
2010.02.05 19:47:33.287,0.89175,0.89185,4.00,1.00
2010.02.05 19:47:33.637,0.89175,0.89185,4.00,1.00
2010.02.05 19:47:34.446,0.89175,0.8919,4.10,9.50
2010.02.05 19:47:35.740,0.89175,0.89185,4.00,1.00
2010.02.05 19:47:36.050,0.8918,0.8919,4.90,4.80
2010.02.05 19:47:36.333,0.8918,0.8919,7.20,3.20
2010.02.05 19:47:36.833,0.8918,0.8919,7.30,3.20
2010.02.05 19:47:38.120,0.89185,0.8919,1.00,1.60
2010.02.05 19:47:39.234,0.8918,0.8919,11.20,1.60
2010.02.05 19:47:39.536,0.8918,0.8919,11.60,1.60
2010.02.05 19:47:39.788,0.8918,0.8919,11.70,1.60
2010.02.05 19:47:40.038,0.8919,0.89195,4.00,9.50
2010.02.05 19:47:40.294,0.8919,0.89195,4.00,4.00
2010.02.05 19:47:40.489,0.8919,0.892,4.00,9.50
2010.02.05 19:47:41.008,0.8919,0.89195,4.00,1.00
2010.02.05 19:47:41.200,0.8919,0.892,4.00,9.60
2010.02.05 19:47:42.006,0.8919,0.892,4.00,9.50
2010.02.05 19:47:43.057,0.8919,0.892,4.00,9.60
2010.02.05 19:47:43.363,0.8919,0.892,4.00,8.80
2010.02.05 19:47:43.616,0.8919,0.892,4.90,7.20
2010.02.05 19:47:43.861,0.89195,0.892,1.00,1.60
2010.02.05 19:47:44.408,0.89195,0.89205,4.00,1.60
2010.02.05 19:47:44.560,0.89195,0.8921,4.00,9.50
2010.02.05 19:47:44.696,0.89195,0.8921,4.80,9.50
2010.02.05 19:47:46.233,0.89195,0.89205,5.60,1.00
2010.02.05 19:47:46.603,0.89195,0.8921,6.40,9.50
2010.02.05 19:47:46.975,0.89195,0.8921,5.60,10.30
2010.02.05 19:47:54.157,0.89195,0.89205,5.60,2.40
2010.02.05 19:47:54.240,0.89195,0.892,4.80,4.00
2010.02.05 19:47:54.336,0.89195,0.89205,3.20,1.00
2010.02.05 19:47:54.421,0.89195,0.89205,1.60,2.40
2010.02.05 19:47:54.512,0.89195,0.89205,1.60,2.40
2010.02.05 19:47:54.599,0.89195,0.89205,1.60,1.60
2010.02.05 19:47:54.900,0.89195,0.8921,1.60,15.50
2010.02.05 19:47:54.994,0.89195,0.8921,1.60,14.70
2010.02.05 19:47:57.219,0.89195,0.89205,1.60,1.00
2010.02.05 19:47:58.535,0.89195,0.8921,1.60,10.70
2010.02.05 19:47:58.586,0.89195,0.8921,1.60,10.30
2010.02.05 19:47:59.105,0.89195,0.8921,1.60,14.30
2010.02.05 19:48:01.340,0.89195,0.8921,3.20,14.30
2010.02.05 19:48:02.597,0.89195,0.89215,4.80,23.10
2010.02.05 19:48:02.717,0.892,0.8921,1.00,14.30
2010.02.05 19:48:02.821,0.892,0.8921,1.00,14.30
2010.02.05 19:48:03.418,0.89195,0.8921,3.20,14.30
2010.02.05 19:48:04.281,0.89195,0.8921,3.20,10.30
2010.02.05 19:48:04.749,0.89195,0.8921,3.20,11.10
2010.02.05 19:48:05.786,0.89195,0.89205,3.20,1.60
2010.02.05 19:48:06.915,0.89195,0.8921,3.20,10.30
2010.02.05 19:48:08.355,0.89195,0.8921,3.20,14.30
2010.02.05 19:48:08.583,0.89195,0.8921,3.20,10.30
2010.02.05 19:48:10.060,0.89195,0.89205,3.20,1.60
2010.02.05 19:48:10.152,0.89195,0.89205,3.20,4.80
2010.02.05 19:48:15.556,0.89195,0.89205,3.20,1.60
2010.02.05 19:48:15.776,0.89195,0.89205,3.20,1.00
2010.02.05 19:48:16.159,0.89195,0.8921,3.20,14.30
2010.02.05 19:48:16.824,0.89195,0.8921,3.20,15.10
2010.02.05 19:48:18.471,0.89195,0.8921,4.80,14.60
2010.02.05 19:48:18.789,0.89195,0.8921,5.60,14.60
2010.02.05 19:48:19.771,0.89195,0.8921,5.60,10.60
2010.02.05 19:48:25.960,0.89195,0.89205,5.60,2.40
2010.02.05 19:48:26.177,0.89195,0.892,3.20,4.00
2010.02.05 19:48:26.397,0.89195,0.89205,3.20,8.80
2010.02.05 19:48:26.616,0.89195,0.89205,3.20,5.60
2010.02.05 19:48:26.961,0.89195,0.89205,3.20,4.00
2010.02.05 19:48:28.193,0.89195,0.89205,3.20,4.00
2010.02.05 19:48:28.498,0.89195,0.89205,3.20,6.30
2010.02.05 19:48:28.727,0.89195,0.89205,3.20,5.60
2010.02.05 19:48:29.132,0.89195,0.89205,3.20,4.80
2010.02.05 19:48:29.274,0.89195,0.89205,3.20,3.20
2010.02.05 19:48:30.282,0.89195,0.89205,3.20,4.80
2010.02.05 19:48:32.641,0.89195,0.892,3.20,4.80
2010.02.05 19:48:32.841,0.8919,0.892,9.70,4.80
2010.02.05 19:48:33.037,0.8919,0.892,8.80,4.80
2010.02.05 19:48:33.433,0.8919,0.892,7.20,4.80
2010.02.05 19:48:34.784,0.89195,0.8921,1.60,10.30
2010.02.05 19:48:35.468,0.89195,0.8921,4.80,10.30
2010.02.05 19:48:37.923,0.89195,0.8921,4.80,14.30
2010.02.05 19:48:38.500,0.892,0.8921,4.00,14.30
2010.02.05 19:48:38.703,0.892,0.8921,4.00,9.50
2010.02.05 19:48:43.376,0.89195,0.8921,5.60,10.30
2010.02.05 19:48:45.034,0.89195,0.8921,4.00,10.30
2010.02.05 19:48:45.395,0.89195,0.8921,5.60,10.30
2010.02.05 19:48:49.696,0.89195,0.89205,5.60,1.00
2010.02.05 19:48:50.446,0.89195,0.8921,5.60,10.30
2010.02.05 19:48:51.519,0.89195,0.8921,4.00,10.30
2010.02.05 19:48:58.741,0.89195,0.8921,5.60,10.30
2010.02.05 19:49:02.884,0.89195,0.8921,6.40,6.30
2010.02.05 19:49:03.236,0.89195,0.8921,6.50,7.90
2010.02.05 19:49:03.575,0.89195,0.8921,7.30,7.90
2010.02.05 19:49:03.919,0.89195,0.8921,6.40,7.90
2010.02.05 19:49:04.039,0.89195,0.8921,6.50,7.90
2010.02.05 19:49:05.652,0.89195,0.8921,6.50,6.30
2010.02.05 19:49:06.024,0.89195,0.8921,7.20,6.30
2010.02.05 19:49:06.275,0.89195,0.8921,5.60,8.70
2010.02.05 19:49:06.885,0.89195,0.8921,5.60,7.10
2010.02.05 19:49:07.485,0.89195,0.8921,5.60,7.10
2010.02.05 19:49:08.102,0.89195,0.8921,5.70,7.10
2010.02.05 19:49:09.724,0.89195,0.8921,5.70,8.70
2010.02.05 19:49:11.443,0.89195,0.8921,5.60,8.70
2010.02.05 19:49:11.792,0.89195,0.8921,6.50,8.70
2010.02.05 19:49:12.141,0.89195,0.8921,5.70,8.70
2010.02.05 19:49:12.492,0.89195,0.8921,5.60,8.70
2010.02.05 19:49:12.719,0.89195,0.8921,5.70,8.70
2010.02.05 19:49:13.043,0.89195,0.8921,5.60,8.70
2010.02.05 19:49:13.307,0.89195,0.8921,5.60,7.10
2010.02.05 19:49:15.058,0.89195,0.8921,5.70,7.10
2010.02.05 19:49:15.276,0.89195,0.8921,6.50,7.10
2010.02.05 19:49:15.938,0.89195,0.8921,4.80,10.40
2010.02.05 19:49:16.561,0.89195,0.8921,5.60,10.30
2010.02.05 19:49:16.781,0.89195,0.8921,5.60,8.70
2010.02.05 19:49:17.039,0.89195,0.8921,5.60,7.10
2010.02.05 19:49:17.299,0.89195,0.8921,6.40,7.10
2010.02.05 19:49:18.746,0.89195,0.8921,6.50,7.10
2010.02.05 19:49:22.246,0.892,0.8921,8.00,5.60
2010.02.05 19:49:22.483,0.892,0.8921,9.60,5.60
2010.02.05 19:49:22.720,0.892,0.8921,10.50,5.60
2010.02.05 19:49:23.764,0.892,0.8921,10.80,5.60
2010.02.05 19:49:23.940,0.89205,0.89215,1.60,1.60
2010.02.05 19:49:24.370,0.89205,0.89215,4.80,1.60
2010.02.05 19:49:25.099,0.89205,0.89215,9.60,1.60
2010.02.05 19:49:25.205,0.89205,0.8922,13.90,8.70
2010.02.05 19:49:25.568,0.89205,0.8921,4.80,4.00
2010.02.05 19:49:25.924,0.89205,0.89215,1.60,3.20
2010.02.05 19:49:26.481,0.89205,0.89215,4.80,1.60
2010.02.05 19:49:27.247,0.8921,0.89215,1.00,1.60
2010.02.05 19:49:27.496,0.8921,0.8922,1.70,8.70
2010.02.05 19:49:27.741,0.8921,0.8922,1.60,10.30
2010.02.05 19:49:28.266,0.89205,0.8922,5.60,10.30
2010.02.05 19:49:31.345,0.8921,0.8922,2.40,8.70
2010.02.05 19:49:31.691,0.89205,0.8922,5.60,10.30
2010.02.05 19:49:32.077,0.89205,0.8922,4.00,10.30
2010.02.05 19:49:33.994,0.89205,0.8922,4.00,14.30
2010.02.05 19:49:36.626,0.89205,0.8922,4.00,14.40
2010.02.05 19:49:37.137,0.89205,0.8922,4.00,10.30
2010.02.05 19:49:37.773,0.8921,0.8922,1.70,10.30
2010.02.05 19:49:38.131,0.8921,0.8922,1.60,8.70
2010.02.05 19:49:39.048,0.8921,0.89215,1.60,1.00
2010.02.05 19:49:39.111,0.89205,0.89215,1.00,5.50
2010.02.05 19:49:39.278,0.89205,0.89215,1.00,3.90
2010.02.05 19:49:39.429,0.89205,0.89215,1.00,3.20
2010.02.05 19:49:39.585,0.89205,0.89215,1.00,1.60
2010.02.05 19:49:41.999,0.89205,0.89215,2.40,1.60
2010.02.05 19:49:42.274,0.89205,0.89215,4.00,1.60
2010.02.05 19:49:50.823,0.89205,0.8922,5.60,8.70
2010.02.05 19:49:51.346,0.89205,0.8922,5.60,10.30
2010.02.05 19:49:53.063,0.89205,0.8922,4.00,10.30
2010.02.05 19:49:53.427,0.89205,0.89215,4.00,1.60
2010.02.05 19:49:54.994,0.89205,0.89215,4.00,2.30
2010.02.05 19:49:59.233,0.89205,0.89215,4.00,6.30
2010.02.05 19:49:59.585,0.89205,0.89215,4.00,2.30
2010.02.05 19:50:03.773,0.89205,0.89215,3.20,2.30
2010.02.05 19:50:04.659,0.89205,0.89215,3.20,1.60
2010.02.05 19:50:05.350,0.8921,0.8922,4.00,13.50
2010.02.05 19:50:05.712,0.8921,0.8922,4.00,9.50
2010.02.05 19:50:09.641,0.89215,0.8922,1.60,1.60
2010.02.05 19:50:09.800,0.89215,0.89225,4.00,3.90
2010.02.05 19:50:09.938,0.89215,0.89225,4.00,1.60
2010.02.05 19:50:10.612,0.89215,0.89225,3.20,1.60
2010.02.05 19:50:10.966,0.89215,0.89225,4.00,1.60
2010.02.05 19:50:12.643,0.8922,0.89225,4.00,1.60
2010.02.05 19:50:13.199,0.8922,0.8923,4.00,11.10
2010.02.05 19:50:13.494,0.89215,0.89225,1.60,3.20
2010.02.05 19:50:13.811,0.89215,0.89225,1.60,4.80
2010.02.05 19:50:14.320,0.89215,0.89225,1.60,3.20
2010.02.05 19:50:15.916,0.89215,0.8922,1.60,4.00
2010.02.05 19:50:16.155,0.8921,0.8922,5.60,4.00
2010.02.05 19:50:16.383,0.8921,0.8922,5.60,5.60
2010.02.05 19:50:22.223,0.8921,0.8922,5.70,5.60
2010.02.05 19:50:22.436,0.8921,0.8922,7.20,5.60
2010.02.05 19:50:22.798,0.8921,0.8922,7.30,5.60
2010.02.05 19:50:24.859,0.8921,0.8922,8.10,5.60
2010.02.05 19:50:24.979,0.8921,0.8922,8.10,4.00
2010.02.05 19:50:25.230,0.8921,0.8922,9.60,4.00
2010.02.05 19:50:25.932,0.8921,0.8922,12.00,4.00
2010.02.05 19:50:26.195,0.8922,0.8923,8.80,5.60
2010.02.05 19:50:26.571,0.89225,0.89235,1.00,3.20
2010.02.05 19:50:26.940,0.89225,0.89235,1.00,1.60
2010.02.05 19:50:27.310,0.89225,0.89235,4.00,1.60
2010.02.05 19:50:27.681,0.89225,0.89235,4.00,3.20
2010.02.05 19:50:28.629,0.89225,0.89235,3.20,3.20
2010.02.05 19:50:29.653,0.8923,0.8924,4.00,9.60
2010.02.05 19:50:30.131,0.8923,0.8924,4.00,9.50
2010.02.05 19:50:30.298,0.8923,0.8924,4.00,7.90
2010.02.05 19:50:30.368,0.8923,0.8924,4.00,7.20
2010.02.05 19:50:31.037,0.8923,0.8924,6.40,7.20
2010.02.05 19:50:31.398,0.8923,0.8924,6.40,7.20
2010.02.05 19:50:31.676,0.8923,0.8924,4.80,9.50
2010.02.05 19:50:32.381,0.8923,0.8924,4.80,9.60
2010.02.05 19:50:32.702,0.8923,0.8924,4.80,7.90
2010.02.05 19:50:33.385,0.8923,0.8924,6.40,5.60
2010.02.05 19:50:33.633,0.8923,0.8924,6.40,1.60
2010.02.05 19:50:35.547,0.8923,0.8924,7.20,1.60
2010.02.05 19:50:35.915,0.8923,0.8924,8.80,1.60
2010.02.05 19:50:36.271,0.8923,0.8924,7.20,1.60
2010.02.05 19:50:42.577,0.8923,0.8924,8.80,1.60
2010.02.05 19:50:42.968,0.8923,0.8924,7.20,1.60
2010.02.05 19:50:47.240,0.89235,0.89245,1.00,10.40
2010.02.05 19:50:47.426,0.89235,0.89245,4.80,1.60
2010.02.05 19:50:48.006,0.89235,0.89245,4.80,3.90
2010.02.05 19:50:54.173,0.8923,0.89245,11.20,5.50
2010.02.05 19:50:54.971,0.89235,0.8924,4.80,1.60
2010.02.05 19:50:55.325,0.89235,0.89245,6.50,3.20
2010.02.05 19:50:55.703,0.89235,0.89245,8.10,3.20
2010.02.05 19:50:56.047,0.89235,0.89245,8.00,3.20
2010.02.05 19:51:00.713,0.89235,0.89245,6.40,5.60
2010.02.05 19:51:01.083,0.89235,0.89245,1.60,12.00
2010.02.05 19:51:01.616,0.8923,0.8924,9.60,1.00
2010.02.05 19:51:02.159,0.8923,0.89245,9.70,11.90
2010.02.05 19:51:02.864,0.8923,0.8924,9.60,1.00
2010.02.05 19:51:04.864,0.89235,0.8924,1.00,1.60
2010.02.05 19:51:05.194,0.8923,0.8924,6.40,1.60
2010.02.05 19:51:06.485,0.8923,0.8924,8.00,1.60
2010.02.05 19:51:08.483,0.8923,0.89235,6.40,1.00
2010.02.05 19:51:09.027,0.89225,0.89235,4.00,8.80
2010.02.05 19:51:09.259,0.89225,0.89235,4.80,4.00
2010.02.05 19:51:09.862,0.89225,0.89235,4.80,3.20
2010.02.05 19:51:10.839,0.89225,0.8923,1.00,1.00
2010.02.05 19:51:11.481,0.8922,0.8923,8.00,1.00
2010.02.05 19:51:11.706,0.8922,0.8923,9.60,1.00
2010.02.05 19:51:12.333,0.89215,0.89235,22.60,13.50
2010.02.05 19:51:12.554,0.8922,0.8923,9.60,1.00
2010.02.05 19:51:12.908,0.8922,0.8923,9.60,1.60
2010.02.05 19:51:13.309,0.8922,0.8923,8.00,1.60
2010.02.05 19:51:15.933,0.8922,0.8923,8.00,1.60
2010.02.05 19:51:16.426,0.8922,0.8923,1.60,9.60
2010.02.05 19:51:16.886,0.89215,0.8923,8.00,12.80
2010.02.05 19:51:17.255,0.89215,0.89225,8.00,1.60
2010.02.05 19:51:17.960,0.8922,0.8923,4.80,8.00
2010.02.05 19:51:20.060,0.8922,0.8923,6.40,4.80
2010.02.05 19:51:20.416,0.8922,0.8923,6.40,3.20
2010.02.05 19:51:23.032,0.89225,0.89235,4.80,3.20
2010.02.05 19:51:23.310,0.89225,0.89235,8.00,3.20
2010.02.05 19:51:25.800,0.89225,0.89235,8.80,3.20
2010.02.05 19:51:26.174,0.89225,0.89235,8.00,3.20
2010.02.05 19:51:29.346,0.89225,0.89235,8.00,4.00
2010.02.05 19:51:30.446,0.89225,0.89235,8.00,3.20
2010.02.05 19:51:31.238,0.89225,0.8923,8.00,1.00
2010.02.05 19:51:31.685,0.89225,0.8923,1.60,1.00
2010.02.05 19:51:31.903,0.8922,0.8923,9.60,1.00
2010.02.05 19:51:32.913,0.8922,0.89235,9.60,13.60
2010.02.05 19:51:33.398,0.8922,0.89235,6.40,13.60
2010.02.05 19:51:40.963,0.8922,0.8923,6.40,3.20
2010.02.05 19:51:41.700,0.8922,0.8923,8.00,3.20
2010.02.05 19:51:42.061,0.8922,0.89235,8.00,13.60
2010.02.05 19:51:42.396,0.8922,0.89235,9.60,13.60
2010.02.05 19:51:46.180,0.8922,0.89235,8.00,13.60
2010.02.05 19:51:46.754,0.8922,0.89235,9.60,13.60
2010.02.05 19:51:46.991,0.8922,0.89235,9.70,13.50
2010.02.05 19:51:47.212,0.8922,0.89235,9.60,13.60
2010.02.05 19:51:47.434,0.8922,0.89235,13.60,13.60
2010.02.05 19:51:47.791,0.8922,0.89235,13.20,13.60
2010.02.05 19:51:48.044,0.8922,0.89235,9.70,13.50
2010.02.05 19:51:49.755,0.8922,0.89235,9.70,13.60
2010.02.05 19:51:49.943,0.8922,0.89235,9.60,13.60
2010.02.05 19:51:50.680,0.8922,0.89235,9.60,13.50
2010.02.05 19:51:51.048,0.8922,0.89235,9.60,13.60
2010.02.05 19:51:51.744,0.8922,0.89235,9.60,13.50
2010.02.05 19:51:53.271,0.8922,0.89235,9.60,13.60
2010.02.05 19:51:53.483,0.8922,0.89235,9.60,13.50
2010.02.05 19:51:54.460,0.8922,0.89235,9.60,13.50
2010.02.05 19:51:54.672,0.8922,0.89235,9.70,13.50
2010.02.05 19:51:55.311,0.8922,0.89235,9.60,13.60
2010.02.05 19:51:57.385,0.8922,0.89235,9.60,13.50
2010.02.05 19:51:57.658,0.8922,0.89235,9.60,13.60
2010.02.05 19:51:58.107,0.8922,0.89235,9.60,13.50
2010.02.05 19:51:58.236,0.8922,0.89235,9.60,13.60
2010.02.05 19:51:58.607,0.8922,0.89235,8.00,13.60
2010.02.05 19:51:58.987,0.8922,0.89235,9.60,13.60
2010.02.05 19:51:59.349,0.8922,0.89235,9.60,13.50
2010.02.05 19:52:02.433,0.8922,0.89235,9.60,13.60
2010.02.05 19:52:02.649,0.8922,0.89235,9.70,13.50
2010.02.05 19:52:02.940,0.89225,0.89235,6.40,4.70
2010.02.05 19:52:03.338,0.89225,0.89235,6.40,3.20
2010.02.05 19:52:03.890,0.89225,0.89235,8.00,3.20
2010.02.05 19:52:09.958,0.89225,0.89235,6.40,4.00
2010.02.05 19:52:11.903,0.8922,0.8923,1.60,1.00
2010.02.05 19:52:12.209,0.89215,0.8923,13.60,11.90
2010.02.05 19:52:12.774,0.8921,0.8922,12.00,1.00
2010.02.05 19:52:13.151,0.8921,0.89215,1.00,9.20
2010.02.05 19:52:13.522,0.89205,0.89215,1.60,5.60
2010.02.05 19:52:13.861,0.89205,0.89215,1.60,5.60
2010.02.05 19:52:14.185,0.89205,0.89215,1.60,5.60
2010.02.05 19:52:14.862,0.89205,0.89215,1.60,5.60
2010.02.05 19:52:15.073,0.89205,0.89215,1.60,10.40
2010.02.05 19:52:15.728,0.89205,0.89215,1.60,10.40
2010.02.05 19:52:16.433,0.89205,0.89215,1.60,10.40
2010.02.05 19:52:18.891,0.892,0.8921,1.60,5.60
2010.02.05 19:52:19.449,0.892,0.8921,1.60,8.80
2010.02.05 19:52:23.332,0.892,0.8921,1.60,8.70
2010.02.05 19:52:23.848,0.892,0.8921,2.40,8.00
2010.02.05 19:52:24.054,0.892,0.89215,9.60,13.60
2010.02.05 19:52:25.043,0.892,0.89215,9.60,13.50
2010.02.05 19:52:25.278,0.892,0.8921,9.60,1.00
2010.02.05 19:52:25.689,0.892,0.8921,8.00,3.20
2010.02.05 19:52:26.069,0.892,0.8921,6.40,3.20
2010.02.05 19:52:27.710,0.892,0.8921,6.40,3.20
2010.02.05 19:52:28.055,0.892,0.8921,4.80,5.50
2010.02.05 19:52:28.903,0.892,0.8921,4.80,5.60
2010.02.05 19:52:29.129,0.892,0.8921,4.80,5.50
2010.02.05 19:52:29.346,0.892,0.8921,4.80,5.60
2010.02.05 19:52:36.268,0.892,0.8921,4.80,4.00
2010.02.05 19:52:40.238,0.892,0.8921,4.80,3.90
2010.02.05 19:52:40.387,0.892,0.89215,4.80,18.40
2010.02.05 19:52:42.286,0.892,0.8921,4.80,3.90
2010.02.05 19:52:44.786,0.892,0.8921,4.80,4.00
2010.02.05 19:52:44.977,0.892,0.8921,4.80,3.90
2010.02.05 19:52:45.284,0.892,0.89205,4.80,1.00
2010.02.05 19:52:45.402,0.892,0.89205,1.00,1.00
2010.02.05 19:52:45.740,0.892,0.8921,4.90,5.50
2010.02.05 19:52:46.110,0.892,0.8921,4.90,3.90
2010.02.05 19:52:46.463,0.89205,0.8921,1.00,3.90
2010.02.05 19:52:47.153,0.892,0.8921,4.80,4.80
2010.02.05 19:52:47.459,0.892,0.8921,4.80,3.90
2010.02.05 19:52:48.004,0.892,0.8921,4.80,7.10
2010.02.05 19:52:48.312,0.89195,0.89205,8.80,1.60
2010.02.05 19:52:54.116,0.89195,0.89205,8.00,1.60
2010.02.05 19:52:54.336,0.89195,0.89205,8.80,1.60
2010.02.05 19:52:56.523,0.89195,0.89205,10.40,1.60
2010.02.05 19:52:58.075,0.89195,0.89205,9.60,1.60
2010.02.05 19:52:58.357,0.89195,0.89205,10.40,1.60
2010.02.05 19:52:59.050,0.89195,0.89205,12.00,1.60
2010.02.05 19:53:02.524,0.892,0.89205,5.20,1.60
2010.02.05 19:53:02.677,0.892,0.8921,8.40,3.20
2010.02.05 19:53:03.007,0.892,0.8921,8.40,3.20
2010.02.05 19:53:03.322,0.892,0.8921,10.00,3.20
2010.02.05 19:53:03.640,0.892,0.8921,10.00,3.20
2010.02.05 19:53:03.958,0.892,0.8921,8.40,3.20
2010.02.05 19:53:04.271,0.892,0.8921,8.40,3.20
2010.02.05 19:53:04.386,0.892,0.8921,8.40,3.20
2010.02.05 19:53:05.704,0.892,0.8921,4.80,3.20
2010.02.05 19:53:06.071,0.892,0.89205,4.80,1.00
2010.02.05 19:53:06.713,0.892,0.8921,4.80,5.50
2010.02.05 19:53:07.019,0.89195,0.8921,12.00,7.90
2010.02.05 19:53:08.194,0.89195,0.8921,12.00,8.00
2010.02.05 19:53:08.787,0.892,0.8921,1.00,8.00
2010.02.05 19:53:09.077,0.89195,0.8921,12.00,7.90
2010.02.05 19:53:09.629,0.89195,0.8921,12.00,8.00
2010.02.05 19:53:10.155,0.89195,0.8921,12.00,7.90
2010.02.05 19:53:10.419,0.89195,0.8921,12.40,8.00
2010.02.05 19:53:10.987,0.89195,0.8921,12.00,7.90
2010.02.05 19:53:11.648,0.89195,0.8921,12.00,8.00
2010.02.05 19:53:12.094,0.89195,0.8921,12.00,7.90
2010.02.05 19:53:12.763,0.89195,0.8921,11.20,8.70
2010.02.05 19:53:13.300,0.89195,0.8921,11.20,10.40
2010.02.05 19:53:13.974,0.89195,0.8921,11.20,10.30
2010.02.05 19:53:17.001,0.89195,0.8921,11.30,10.30
2010.02.05 19:53:17.222,0.89195,0.8921,11.30,8.70
2010.02.05 19:53:21.585,0.89195,0.8921,11.20,8.70
2010.02.05 19:53:22.961,0.89195,0.8921,9.60,10.40
2010.02.05 19:53:23.318,0.89195,0.89205,8.80,3.20
2010.02.05 19:53:23.695,0.89195,0.89205,10.40,3.20
2010.02.05 19:53:24.053,0.89195,0.89205,8.80,3.20
2010.02.05 19:53:27.656,0.89195,0.89205,7.20,3.90
2010.02.05 19:53:27.933,0.89195,0.89205,6.20,3.90
2010.02.05 19:53:28.202,0.89195,0.89205,9.40,3.20
2010.02.05 19:53:28.475,0.89195,0.89205,10.40,3.20
2010.02.05 19:53:30.350,0.89195,0.89205,8.80,3.20
2010.02.05 19:53:30.631,0.89195,0.89205,5.00,5.50
2010.02.05 19:53:31.333,0.89195,0.89205,4.80,5.50
2010.02.05 19:53:40.364,0.89195,0.89205,4.00,5.50
2010.02.05 19:53:40.461,0.89195,0.89205,1.00,5.50
2010.02.05 19:54:03.620,0.892,0.89205,4.00,5.50
2010.02.05 19:54:04.057,0.892,0.89205,4.00,1.60
2010.02.05 19:54:05.421,0.892,0.89205,4.00,1.60
2010.02.05 19:54:05.491,0.89195,0.89205,12.80,5.60
2010.02.05 19:54:05.850,0.89195,0.892,1.00,4.00
2010.02.05 19:54:07.066,0.89195,0.892,1.00,5.60
2010.02.05 19:54:09.645,0.89195,0.892,1.00,5.60
2010.02.05 19:54:17.516,0.89195,0.892,1.00,1.60
2010.02.05 19:54:17.873,0.89195,0.89205,1.00,3.20
2010.02.05 19:54:20.096,0.89195,0.892,1.00,1.00
2010.02.05 19:54:20.124,0.89195,0.892,1.00,4.00
2010.02.05 19:54:22.491,0.8919,0.892,9.60,4.00
2010.02.05 19:54:23.108,0.8919,0.892,8.80,4.00
2010.02.05 19:54:29.249,0.8919,0.892,7.20,4.00
2010.02.05 19:54:29.372,0.8919,0.892,8.80,4.00
2010.02.05 19:54:30.013,0.89195,0.892,1.60,4.00
2010.02.05 19:54:30.232,0.89195,0.892,1.60,4.00
2010.02.05 19:54:33.702,0.8919,0.892,9.60,4.00
2010.02.05 19:54:36.861,0.8919,0.892,8.00,4.00
2010.02.05 19:54:37.450,0.8919,0.892,9.60,4.00
2010.02.05 19:54:38.816,0.8919,0.892,8.00,4.00
2010.02.05 19:54:42.421,0.8919,0.892,5.60,5.60
2010.02.05 19:54:42.693,0.8919,0.892,5.60,7.20
2010.02.05 19:54:43.067,0.8919,0.892,5.60,8.80
2010.02.05 19:54:43.423,0.8919,0.892,5.60,9.60
2010.02.05 19:54:47.556,0.89185,0.892,7.20,11.20
2010.02.05 19:54:47.873,0.89185,0.892,4.80,11.20
2010.02.05 19:54:48.176,0.89185,0.892,7.00,11.20
2010.02.05 19:54:48.577,0.89185,0.892,7.00,9.60
2010.02.05 19:54:54.138,0.89185,0.892,4.60,10.40
2010.02.05 19:54:54.626,0.89185,0.892,4.60,11.20
2010.02.05 19:54:57.039,0.89185,0.892,6.20,12.40
2010.02.05 19:54:57.570,0.89185,0.892,4.60,11.20
2010.02.05 19:54:58.279,0.89185,0.892,6.20,11.20
2010.02.05 19:54:58.966,0.89185,0.892,7.00,9.60
2010.02.05 19:55:01.293,0.8919,0.892,4.00,9.60
2010.02.05 19:55:01.503,0.8919,0.892,4.00,7.20
2010.02.05 19:55:02.025,0.89185,0.892,10.80,9.60
2010.02.05 19:55:02.177,0.89185,0.892,7.00,10.40
2010.02.05 19:55:03.611,0.89185,0.89195,7.00,1.00
2010.02.05 19:55:04.208,0.89185,0.89195,6.20,1.00
2010.02.05 19:55:04.520,0.89185,0.892,6.20,12.00
2010.02.05 19:55:07.723,0.89185,0.89195,6.20,1.00
2010.02.05 19:55:08.327,0.89185,0.89195,5.50,1.00
2010.02.05 19:55:08.868,0.8919,0.892,4.80,14.00
2010.02.05 19:55:09.058,0.8919,0.892,4.80,10.00
2010.02.05 19:55:09.999,0.8919,0.892,4.80,11.60
2010.02.05 19:55:11.091,0.8919,0.892,4.80,10.00
2010.02.05 19:55:11.717,0.89185,0.89205,10.70,25.90
2010.02.05 19:55:12.047,0.8919,0.892,4.80,11.20
2010.02.05 19:55:12.961,0.89185,0.89195,3.10,3.90
2010.02.05 19:55:13.759,0.8919,0.89195,1.00,3.90
2010.02.05 19:55:14.030,0.8919,0.89195,4.80,3.20
2010.02.05 19:55:19.638,0.89185,0.8919,14.30,1.00
2010.02.05 19:55:19.982,0.89185,0.89195,1.60,5.50
2010.02.05 19:55:20.790,0.89185,0.89195,1.60,4.80
2010.02.05 19:55:22.964,0.89185,0.89195,1.60,4.80
2010.02.05 19:55:23.223,0.8919,0.89195,4.00,3.20
2010.02.05 19:55:24.478,0.89185,0.8919,6.40,4.00
2010.02.05 19:55:25.043,0.8918,0.8919,5.60,5.60
2010.02.05 19:55:25.166,0.8918,0.8919,5.60,9.60
2010.02.05 19:55:25.281,0.8918,0.8919,5.60,8.00
2010.02.05 19:55:25.394,0.8918,0.8919,4.00,8.00
2010.02.05 19:55:25.612,0.8918,0.8919,4.00,9.60
2010.02.05 19:55:27.903,0.8918,0.8919,4.00,10.40
2010.02.05 19:55:31.438,0.8918,0.8919,5.60,9.60
2010.02.05 19:55:32.764,0.8918,0.8919,5.60,6.40
2010.02.05 19:55:33.345,0.8918,0.8919,5.60,5.60
2010.02.05 19:55:33.628,0.8918,0.8919,9.60,5.60
2010.02.05 19:55:34.136,0.8918,0.89195,10.40,6.30
2010.02.05 19:55:34.351,0.8918,0.89195,10.40,5.50
2010.02.05 19:55:34.888,0.89185,0.89195,1.60,6.30
2010.02.05 19:55:35.169,0.89185,0.8919,1.60,4.00
2010.02.05 19:55:35.716,0.8918,0.8919,8.00,2.40
2010.02.05 19:55:35.994,0.8918,0.8919,5.60,4.00
2010.02.05 19:55:36.596,0.8918,0.8919,5.60,8.00
2010.02.05 19:55:38.659,0.8918,0.8919,5.60,8.80
2010.02.05 19:55:39.545,0.8918,0.89185,5.60,2.40
2010.02.05 19:55:39.634,0.89175,0.8918,7.20,1.00
2010.02.05 19:55:39.720,0.89175,0.8918,5.60,5.60
2010.02.05 19:55:40.122,0.89175,0.8918,2.80,5.60
2010.02.05 19:55:40.474,0.89175,0.8918,1.60,5.60
2010.02.05 19:55:40.784,0.89175,0.89185,1.60,1.60
2010.02.05 19:55:41.090,0.89175,0.89185,4.00,1.60
2010.02.05 19:55:41.744,0.89175,0.89185,4.00,2.30
2010.02.05 19:55:42.353,0.89175,0.89185,4.00,1.60
2010.02.05 19:55:43.370,0.89175,0.89185,4.00,1.60
2010.02.05 19:55:43.941,0.89175,0.89185,4.00,1.60
2010.02.05 19:55:45.263,0.89175,0.8919,4.00,12.00
2010.02.05 19:55:45.822,0.89175,0.89185,4.00,1.60
2010.02.05 19:55:46.206,0.8917,0.8918,12.00,1.60
2010.02.05 19:55:46.811,0.8917,0.8918,7.20,7.20
2010.02.05 19:55:47.171,0.89175,0.8918,1.60,4.00
2010.02.05 19:55:48.415,0.89175,0.8918,3.20,4.00
2010.02.05 19:55:48.713,0.89175,0.89185,5.70,1.60
2010.02.05 19:55:48.849,0.89175,0.89185,4.10,3.20
2010.02.05 19:55:49.256,0.89175,0.8918,2.20,5.60
2010.02.05 19:55:49.387,0.89175,0.8918,1.60,4.00
2010.02.05 19:55:49.514,0.8917,0.8918,8.00,4.00
2010.02.05 19:55:50.551,0.89175,0.89185,1.60,9.60
2010.02.05 19:55:50.846,0.89175,0.89185,1.60,4.80
2010.02.05 19:55:52.576,0.89175,0.8918,1.60,1.00
2010.02.05 19:55:53.699,0.89175,0.8918,1.60,4.00
2010.02.05 19:55:54.000,0.8917,0.8918,8.00,5.60
2010.02.05 19:55:55.288,0.8917,0.8918,8.00,7.20
2010.02.05 19:55:55.440,0.89165,0.8918,16.00,9.60
2010.02.05 19:55:55.592,0.89165,0.89175,9.60,3.90
2010.02.05 19:55:56.038,0.8916,0.8917,17.40,4.00
2010.02.05 19:55:56.117,0.8916,0.8917,8.00,4.00
2010.02.05 19:55:57.807,0.8916,0.8917,5.60,4.00
2010.02.05 19:56:00.496,0.8916,0.8917,5.60,4.00
2010.02.05 19:56:00.842,0.8916,0.8917,5.60,4.00
2010.02.05 19:56:02.758,0.8916,0.8917,5.60,5.60
2010.02.05 19:56:03.804,0.8916,0.8917,5.60,7.20
2010.02.05 19:56:04.078,0.8916,0.8917,4.00,9.60
2010.02.05 19:56:05.723,0.8916,0.8917,4.00,7.20
2010.02.05 19:56:07.682,0.8916,0.8917,4.00,8.80
2010.02.05 19:56:08.547,0.8916,0.8917,4.00,7.20
2010.02.05 19:56:09.227,0.8916,0.8917,4.00,7.20
2010.02.05 19:56:10.427,0.8916,0.8917,4.00,8.80
2010.02.05 19:56:14.636,0.8916,0.8917,7.20,8.80
2010.02.05 19:56:15.460,0.8917,0.89175,4.00,10.40
2010.02.05 19:56:15.820,0.8917,0.8918,4.00,9.80
2010.02.05 19:56:16.174,0.8917,0.8918,4.00,9.50
2010.02.05 19:56:17.281,0.8917,0.8918,5.70,6.30
2010.02.05 19:56:17.520,0.8917,0.89185,10.50,2.30
2010.02.05 19:56:17.927,0.89175,0.89185,1.60,2.30
2010.02.05 19:56:18.242,0.89175,0.89185,3.20,3.20
2010.02.05 19:56:20.871,0.89175,0.89185,4.90,1.60
2010.02.05 19:56:21.093,0.89185,0.8919,1.60,1.50
2010.02.05 19:56:21.317,0.89185,0.8919,1.60,1.00
2010.02.05 19:56:21.688,0.89185,0.89195,1.60,5.50
2010.02.05 19:56:32.201,0.8918,0.89195,8.80,5.50
2010.02.05 19:56:32.781,0.8918,0.8919,8.00,1.60
2010.02.05 19:56:33.048,0.8918,0.8919,1.60,9.60
2010.02.05 19:56:33.870,0.8918,0.8919,4.00,9.60
2010.02.05 19:56:34.201,0.8918,0.8919,4.00,9.50
2010.02.05 19:56:41.357,0.8918,0.8919,4.80,3.20
2010.02.05 19:56:41.705,0.8918,0.8919,6.40,1.60
2010.02.05 19:56:46.281,0.8918,0.8919,2.40,1.60
2010.02.05 19:56:46.957,0.8918,0.8919,2.40,2.30
2010.02.05 19:56:47.268,0.8918,0.8919,6.40,1.60
2010.02.05 19:56:47.829,0.8918,0.8919,8.80,1.60
2010.02.05 19:56:49.289,0.89185,0.892,4.80,15.10
2010.02.05 19:56:49.647,0.8919,0.89195,4.00,1.60
2010.02.05 19:56:50.002,0.8919,0.892,4.00,9.60
2010.02.05 19:56:52.334,0.89185,0.8919,11.00,4.00
2010.02.05 19:56:52.556,0.8918,0.8919,7.20,4.00
2010.02.05 19:56:52.981,0.8918,0.8919,7.20,5.60
2010.02.05 19:56:53.470,0.8918,0.8919,5.60,7.20
2010.02.05 19:56:53.739,0.8918,0.89195,8.80,9.50
2010.02.05 19:56:53.998,0.8918,0.89195,8.80,4.80
2010.02.05 19:56:54.115,0.8918,0.89195,10.40,4.80
2010.02.05 19:56:59.057,0.8918,0.89195,10.40,3.20
2010.02.05 19:56:59.661,0.8918,0.89195,10.40,4.80
2010.02.05 19:57:01.724,0.8918,0.89195,8.80,4.80
2010.02.05 19:57:02.433,0.8918,0.892,10.40,15.20
2010.02.05 19:57:02.724,0.8918,0.89195,10.40,4.80
2010.02.05 19:57:03.656,0.8918,0.89195,8.80,4.80
2010.02.05 19:57:04.892,0.8918,0.89195,10.40,4.80
2010.02.05 19:57:05.067,0.89175,0.89195,32.30,3.20
2010.02.05 19:57:05.729,0.8918,0.89195,10.40,4.80
2010.02.05 19:57:09.923,0.8918,0.89195,8.80,4.80
2010.02.05 19:57:10.647,0.8918,0.89195,14.50,3.20
2010.02.05 19:57:10.688,0.8918,0.89195,18.50,3.20
2010.02.05 19:57:11.025,0.8918,0.89195,10.50,3.20
2010.02.05 19:57:12.972,0.89185,0.89195,1.60,3.20
2010.02.05 19:57:13.315,0.8918,0.89195,10.50,3.20
2010.02.05 19:57:14.303,0.89185,0.89195,1.00,3.20
2010.02.05 19:57:15.001,0.89185,0.89195,4.10,1.60
2010.02.05 19:57:15.121,0.8919,0.892,4.00,8.80
2010.02.05 19:57:15.331,0.8919,0.892,5.60,8.80
2010.02.05 19:57:21.749,0.89185,0.8919,10.50,4.00
2010.02.05 19:57:21.847,0.89185,0.8919,7.20,4.00
2010.02.05 19:57:22.229,0.89185,0.89195,4.80,4.70
2010.02.05 19:57:22.342,0.89185,0.89195,4.80,4.80
2010.02.05 19:57:22.754,0.89185,0.89195,4.80,3.20
2010.02.05 19:57:24.157,0.89185,0.892,6.20,9.60
2010.02.05 19:57:24.317,0.8919,0.892,4.00,9.60
2010.02.05 19:57:25.054,0.8919,0.892,5.60,9.60
2010.02.05 19:57:27.156,0.8919,0.892,5.60,7.20
2010.02.05 19:57:27.483,0.8919,0.892,5.60,8.80
2010.02.05 19:57:34.362,0.89185,0.8919,15.20,1.00
2010.02.05 19:57:34.811,0.89185,0.8919,7.20,1.00
2010.02.05 19:57:34.954,0.8918,0.8919,8.00,4.00
2010.02.05 19:57:38.146,0.8918,0.8919,8.00,4.00
2010.02.05 19:57:38.508,0.8918,0.8919,8.00,4.00
2010.02.05 19:57:38.867,0.89185,0.89195,2.50,6.30
2010.02.05 19:57:39.230,0.8919,0.89195,4.00,2.40
2010.02.05 19:57:39.902,0.8919,0.89195,4.00,1.60
2010.02.05 19:57:43.165,0.8919,0.892,4.00,9.60
2010.02.05 19:57:43.485,0.8919,0.89195,5.60,1.00
2010.02.05 19:57:44.341,0.8919,0.892,5.60,9.60
2010.02.05 19:57:44.668,0.8919,0.89195,5.60,1.00
2010.02.05 19:57:45.007,0.8919,0.892,5.60,9.60
2010.02.05 19:57:49.063,0.8919,0.892,5.60,8.80
2010.02.05 19:57:59.115,0.8919,0.892,5.60,9.60
2010.02.05 19:58:00.273,0.8919,0.892,1.60,10.40
2010.02.05 19:58:00.456,0.89185,0.89195,3.20,1.60
2010.02.05 19:58:01.609,0.89185,0.89195,1.60,1.60
2010.02.05 19:58:08.017,0.8919,0.892,4.00,12.00
2010.02.05 19:58:08.320,0.8919,0.892,4.00,9.60
2010.02.05 19:58:09.269,0.8919,0.892,4.00,8.00
2010.02.05 19:58:09.590,0.89185,0.892,5.60,10.40
2010.02.05 19:58:10.107,0.89185,0.892,5.60,11.20
2010.02.05 19:58:11.185,0.89185,0.892,4.80,11.20
2010.02.05 19:58:14.672,0.89185,0.89195,4.80,1.60
2010.02.05 19:58:14.800,0.89185,0.89195,3.20,2.40
2010.02.05 19:58:15.312,0.89185,0.89195,3.20,1.60
2010.02.05 19:58:21.549,0.89185,0.89195,4.80,1.60
2010.02.05 19:58:21.905,0.89185,0.89195,3.20,1.60
2010.02.05 19:58:22.249,0.89185,0.89195,3.20,1.60
2010.02.05 19:58:33.117,0.89185,0.89195,3.20,1.60
2010.02.05 19:58:33.295,0.89185,0.89195,3.20,1.60
2010.02.05 19:58:34.036,0.89185,0.89195,3.20,1.60
2010.02.05 19:58:35.061,0.89185,0.89195,3.20,1.60
2010.02.05 19:58:36.387,0.89185,0.89195,3.20,2.80
2010.02.05 19:58:36.744,0.8918,0.8919,12.00,1.00
2010.02.05 19:58:37.388,0.8918,0.8919,8.00,7.20
2010.02.05 19:58:37.535,0.8918,0.8919,7.20,8.00
2010.02.05 19:58:37.913,0.8918,0.8919,6.40,8.00
2010.02.05 19:58:38.785,0.8918,0.8919,4.00,9.60
2010.02.05 19:58:39.958,0.8918,0.8919,4.00,10.40
2010.02.05 19:58:46.252,0.8918,0.89185,4.00,1.00
2010.02.05 19:58:47.281,0.8918,0.8919,4.00,10.40
2010.02.05 19:58:48.342,0.8918,0.89185,4.00,1.00
2010.02.05 19:58:48.566,0.8918,0.8919,4.00,10.40
2010.02.05 19:58:56.951,0.8918,0.89185,1.00,1.60
2010.02.05 19:58:57.160,0.8918,0.89185,1.00,1.60
2010.02.05 19:58:57.368,0.8918,0.89185,1.00,3.20
2010.02.05 19:58:58.029,0.89175,0.89185,4.80,3.20
2010.02.05 19:58:59.568,0.89175,0.89185,4.00,4.00
2010.02.05 19:59:00.956,0.89175,0.8918,4.00,5.60
2010.02.05 19:59:01.327,0.8917,0.8918,1.60,7.60
2010.02.05 19:59:01.868,0.8917,0.8918,1.60,10.80
2010.02.05 19:59:03.258,0.8917,0.89175,1.60,1.00
2010.02.05 19:59:04.522,0.8917,0.89175,1.60,1.00
2010.02.05 19:59:12.173,0.8917,0.89175,5.60,1.00
2010.02.05 19:59:12.584,0.8917,0.8918,5.60,9.70
2010.02.05 19:59:14.125,0.8917,0.89175,5.60,1.00
2010.02.05 19:59:15.827,0.8917,0.8918,5.60,9.70
2010.02.05 19:59:16.082,0.8917,0.89175,5.60,1.00
2010.02.05 19:59:16.552,0.8917,0.8918,5.60,8.90
2010.02.05 19:59:19.215,0.8917,0.8918,7.20,8.90
2010.02.05 19:59:20.436,0.8917,0.8918,7.20,4.10
2010.02.05 19:59:20.771,0.8917,0.8918,7.20,1.00
2010.02.05 19:59:20.898,0.8917,0.8918,10.40,1.00
2010.02.05 19:59:21.568,0.89175,0.8918,3.20,1.00
2010.02.05 19:59:24.208,0.89175,0.8918,4.80,1.00
2010.02.05 19:59:24.538,0.89175,0.8918,3.20,1.00
2010.02.05 19:59:24.702,0.8917,0.8918,10.40,1.00
2010.02.05 19:59:29.324,0.8917,0.89185,10.40,3.20
2010.02.05 19:59:30.789,0.89165,0.89185,28.80,4.00
2010.02.05 19:59:31.733,0.8917,0.89185,10.40,4.80
2010.02.05 19:59:31.903,0.8917,0.89185,10.40,5.60
2010.02.05 19:59:32.377,0.89175,0.89185,1.60,4.00
2010.02.05 19:59:32.577,0.89175,0.89185,1.60,3.90
2010.02.05 19:59:32.740,0.89175,0.89185,1.60,3.20
2010.02.05 19:59:33.380,0.89175,0.89185,1.60,4.00
2010.02.05 19:59:33.763,0.8917,0.89175,7.20,1.00
2010.02.05 19:59:35.693,0.8917,0.89175,8.80,1.00
2010.02.05 19:59:36.227,0.8917,0.89185,10.40,5.60
2010.02.05 19:59:39.691,0.8917,0.8918,10.40,4.00
2010.02.05 19:59:39.780,0.8917,0.89185,8.80,6.80
2010.02.05 19:59:40.232,0.8917,0.89185,10.40,5.60
2010.02.05 19:59:40.438,0.8917,0.8918,10.40,1.00
2010.02.05 19:59:40.913,0.8917,0.8918,8.00,4.00
2010.02.05 19:59:41.114,0.8917,0.8918,9.60,4.00
2010.02.05 19:59:43.915,0.8917,0.8918,8.80,4.00
2010.02.05 19:59:44.175,0.8917,0.8918,7.20,4.00
2010.02.05 19:59:44.749,0.8917,0.8918,8.80,4.00
2010.02.05 19:59:44.945,0.8917,0.8918,7.20,4.00
2010.02.05 19:59:45.673,0.8917,0.8918,4.00,4.00
2010.02.05 19:59:47.084,0.8917,0.8918,5.60,4.00
2010.02.05 19:59:47.623,0.8917,0.8918,4.00,4.00
2010.02.05 19:59:49.224,0.89165,0.89175,5.90,6.40
2010.02.05 19:59:49.342,0.89165,0.8917,2.70,4.00
2010.02.05 19:59:49.720,0.89165,0.8917,1.90,4.00
2010.02.05 19:59:49.837,0.89165,0.8918,3.50,7.20
2010.02.05 19:59:52.709,0.8917,0.8918,4.00,6.40
2010.02.05 19:59:52.853,0.8917,0.8918,4.00,5.60
2010.02.05 19:59:54.745,0.8917,0.89185,7.20,8.40
2010.02.05 19:59:55.033,0.8917,0.89185,7.20,2.30
2010.02.05 19:59:55.487,0.8917,0.89185,6.40,3.10
2010.02.05 19:59:57.560,0.8917,0.89185,7.20,3.10
2010.02.05 19:59:58.457,0.8917,0.89185,6.40,3.10
2010.02.05 19:59:59.375,0.8917,0.89185,7.20,3.10
