2016.06.20 08:00:00.037,1.04541,1.04545,1.00,1.00
2016.06.20 08:00:00.345,1.04543,1.04547,1.00,3.07
2016.06.20 08:00:00.858,1.04544,1.04548,1.00,2.25
2016.06.20 08:00:01.372,1.04545,1.04549,1.00,1.00
2016.06.20 08:00:03.379,1.04546,1.04551,1.50,3.56
2016.06.20 08:00:03.685,1.04548,1.04551,1.50,1.00
2016.06.20 08:00:03.839,1.04548,1.04553,1.25,2.25
2016.06.20 08:00:03.992,1.04548,1.0455,1.00,1.00
2016.06.20 08:00:04.247,1.04546,1.04549,1.00,1.50
2016.06.20 08:00:04.583,1.04544,1.04548,1.87,1.00
2016.06.20 08:00:05.571,1.04543,1.04548,1.50,1.00
2016.06.20 08:00:06.350,1.04543,1.04547,1.50,1.00
2016.06.20 08:00:07.296,1.04544,1.04548,1.00,1.00
2016.06.20 08:00:08.247,1.04545,1.04548,1.00,1.00
2016.06.20 08:00:08.349,1.04543,1.04548,3.00,1.00
2016.06.20 08:00:10.096,1.04543,1.04547,3.00,1.00
2016.06.20 08:00:10.296,1.04541,1.04545,1.00,1.22
2016.06.20 08:00:10.805,1.04541,1.04545,1.00,1.50
2016.06.20 08:00:11.319,1.0454,1.04545,1.00,1.50
2016.06.20 08:00:13.808,1.04542,1.04545,1.00,1.00
2016.06.20 08:00:14.012,1.04543,1.04547,1.00,1.00
2016.06.20 08:00:14.363,1.04542,1.04545,1.00,1.00
2016.06.20 08:00:14.668,1.0454,1.04545,1.57,1.00
2016.06.20 08:00:14.973,1.0454,1.04542,1.00,1.00
2016.06.20 08:00:15.134,1.04538,1.04541,1.00,1.00
2016.06.20 08:00:15.185,1.04536,1.04541,1.50,2.25
2016.06.20 08:00:15.237,1.04536,1.04539,1.00,1.00
2016.06.20 08:00:15.747,1.04535,1.04539,1.00,1.00
2016.06.20 08:00:16.257,1.04534,1.04538,1.50,1.00
2016.06.20 08:00:19.723,1.04533,1.04538,3.25,1.00
2016.06.20 08:00:20.028,1.04533,1.04535,1.33,1.00
2016.06.20 08:00:20.131,1.04531,1.04535,1.50,1.00
2016.06.20 08:00:20.639,1.04531,1.04536,1.50,1.50
2016.06.20 08:00:21.237,1.04531,1.04535,1.50,1.00
2016.06.20 08:00:21.748,1.0453,1.04534,1.33,1.00
2016.06.20 08:00:22.205,1.04531,1.04536,1.50,2.25
2016.06.20 08:00:22.663,1.04534,1.04537,1.50,2.32
2016.06.20 08:00:22.971,1.0454,1.04542,1.00,2.51
2016.06.20 08:00:23.125,1.04539,1.04544,2.62,2.32
2016.06.20 08:00:23.672,1.04539,1.04543,1.00,2.25
2016.06.20 08:00:24.342,1.04538,1.04542,1.00,1.00
2016.06.20 08:00:24.548,1.04536,1.04541,1.50,1.69
2016.06.20 08:00:25.072,1.04536,1.0454,1.00,1.00
2016.06.20 08:00:26.199,1.04536,1.04541,1.50,2.25
2016.06.20 08:00:26.252,1.04539,1.04541,1.00,1.50
2016.06.20 08:00:26.355,1.0454,1.04543,1.00,1.00
2016.06.20 08:00:26.560,1.04541,1.04545,1.00,1.57
2016.06.20 08:00:27.352,1.04542,1.04545,1.00,1.00
2016.06.20 08:00:27.761,1.0454,1.04545,2.25,1.00
2016.06.20 08:00:28.424,1.04541,1.04545,1.00,1.00
2016.06.20 08:00:28.937,1.04541,1.04546,1.50,3.00
2016.06.20 08:00:29.194,1.04543,1.04546,1.00,2.25
2016.06.20 08:00:29.712,1.04543,1.04547,1.50,1.00
2016.06.20 08:00:30.632,1.04542,1.04547,2.44,1.50
2016.06.20 08:00:32.615,1.04543,1.04547,1.00,1.50
2016.06.20 08:00:32.920,1.04546,1.0455,1.50,1.12
2016.06.20 08:00:32.971,1.04546,1.04551,2.25,1.57
2016.06.20 08:00:33.491,1.04546,1.0455,1.50,1.00
2016.06.20 08:00:33.999,1.04546,1.04551,1.50,3.00
2016.06.20 08:00:34.803,1.04546,1.0455,1.50,1.00
2016.06.20 08:00:36.235,1.04545,1.0455,1.00,1.50
2016.06.20 08:00:37.380,1.04545,1.04549,1.50,1.00
2016.06.20 08:00:40.221,1.04547,1.04549,1.50,1.00
2016.06.20 08:00:40.529,1.04545,1.04549,1.50,1.00
2016.06.20 08:00:41.036,1.04544,1.04549,1.50,1.00
2016.06.20 08:00:41.694,1.04544,1.04547,1.50,1.00
2016.06.20 08:00:42.050,1.04542,1.04547,1.50,1.00
2016.06.20 08:00:42.367,1.04544,1.04549,1.50,1.00
2016.06.20 08:00:42.674,1.04546,1.04551,2.25,1.00
2016.06.20 08:00:42.981,1.04548,1.04553,1.50,2.25
2016.06.20 08:00:43.314,1.04545,1.04549,1.10,1.00
2016.06.20 08:00:44.618,1.04546,1.04549,1.00,1.00
2016.06.20 08:00:45.386,1.04546,1.0455,1.00,1.50
2016.06.20 08:00:46.456,1.04546,1.04549,1.50,1.00
2016.06.20 08:00:46.958,1.04546,1.0455,2.25,1.00
2016.06.20 08:00:47.470,1.04547,1.04551,1.00,1.25
2016.06.20 08:00:47.776,1.04549,1.04553,1.00,1.69
2016.06.20 08:00:48.877,1.04548,1.04552,1.50,1.25
2016.06.20 08:00:49.385,1.04547,1.04551,1.27,1.31
2016.06.20 08:00:50.073,1.04548,1.04552,1.00,1.19
2016.06.20 08:00:50.329,1.04546,1.0455,1.50,1.00
2016.06.20 08:00:52.362,1.04546,1.04551,1.50,1.00
2016.06.20 08:00:53.478,1.04546,1.0455,1.00,1.00
2016.06.20 08:00:54.002,1.04546,1.04549,1.00,1.00
2016.06.20 08:00:54.205,1.04546,1.04547,1.00,1.00
2016.06.20 08:00:54.359,1.04544,1.04546,1.00,1.25
2016.06.20 08:00:54.512,1.04542,1.04545,1.00,1.00
2016.06.20 08:00:55.022,1.0454,1.04544,1.87,1.00
2016.06.20 08:00:55.279,1.0454,1.04542,1.00,1.00
2016.06.20 08:00:55.453,1.04536,1.0454,1.57,1.00
2016.06.20 08:00:55.941,1.0454,1.04542,1.00,3.82
2016.06.20 08:00:56.043,1.0454,1.04544,2.25,1.00
2016.06.20 08:00:56.247,1.04541,1.04546,2.25,1.00
2016.06.20 08:00:59.494,1.04543,1.04547,1.00,2.32
2016.06.20 08:00:59.746,1.04545,1.0455,1.12,1.87
2016.06.20 08:01:00.255,1.04546,1.0455,1.00,1.00
2016.06.20 08:01:01.086,1.04549,1.04551,1.00,3.82
2016.06.20 08:01:01.291,1.04551,1.04554,1.50,2.25
2016.06.20 08:01:01.343,1.04551,1.04552,3.94,1.50
2016.06.20 08:01:01.447,1.04547,1.04552,1.87,3.00
2016.06.20 08:01:01.793,1.04549,1.04552,1.00,1.50
2016.06.20 08:01:01.946,1.04552,1.04556,1.50,2.96
2016.06.20 08:01:02.048,1.04553,1.04555,1.00,1.50
2016.06.20 08:01:02.561,1.04553,1.04555,1.00,1.00
2016.06.20 08:01:02.867,1.04549,1.0455,1.31,1.00
2016.06.20 08:01:02.970,1.04546,1.04549,1.50,1.00
2016.06.20 08:01:03.484,1.04546,1.04551,2.25,1.37
2016.06.20 08:01:03.637,1.04549,1.04552,1.00,1.75
2016.06.20 08:01:03.841,1.04553,1.04555,1.00,1.50
2016.06.20 08:01:04.250,1.04552,1.04553,1.00,2.25
2016.06.20 08:01:04.354,1.0455,1.04555,1.69,3.19
2016.06.20 08:01:04.863,1.04551,1.04554,1.00,1.00
2016.06.20 08:01:05.410,1.04551,1.04555,1.00,1.00
2016.06.20 08:01:05.767,1.04551,1.04553,1.00,1.00
2016.06.20 08:01:06.052,1.04549,1.04552,1.00,2.25
2016.06.20 08:01:06.560,1.04548,1.04551,1.00,1.50
2016.06.20 08:01:07.128,1.04548,1.04552,1.50,1.50
2016.06.20 08:01:07.384,1.04549,1.04554,1.50,1.10
2016.06.20 08:01:07.538,1.04551,1.04555,1.00,1.57
2016.06.20 08:01:07.710,1.04552,1.04557,1.50,2.55
2016.06.20 08:01:08.225,1.04552,1.04556,1.00,1.12
2016.06.20 08:01:08.327,1.04552,1.04554,1.00,1.00
2016.06.20 08:01:08.583,1.04549,1.04552,1.00,1.00
2016.06.20 08:01:08.939,1.04546,1.04551,4.50,1.12
2016.06.20 08:01:09.248,1.04547,1.04548,1.00,1.50
2016.06.20 08:01:09.301,1.04545,1.04548,2.70,1.50
2016.06.20 08:01:09.404,1.04546,1.0455,1.00,1.50
2016.06.20 08:01:09.913,1.04547,1.04552,1.50,4.20
2016.06.20 08:01:09.965,1.04547,1.0455,1.00,1.00
2016.06.20 08:01:10.428,1.04546,1.04548,1.00,1.00
2016.06.20 08:01:10.479,1.04545,1.04549,2.44,2.25
2016.06.20 08:01:10.632,1.04546,1.04547,1.00,1.00
2016.06.20 08:01:10.786,1.04544,1.04547,1.87,1.00
2016.06.20 08:01:10.938,1.04545,1.04549,1.00,1.20
2016.06.20 08:01:11.448,1.04546,1.0455,1.00,1.87
2016.06.20 08:01:11.959,1.04545,1.04549,1.50,1.00
2016.06.20 08:01:12.112,1.04545,1.04547,1.00,1.00
2016.06.20 08:01:12.216,1.04543,1.04546,1.50,1.00
2016.06.20 08:01:12.719,1.04542,1.04545,1.00,1.50
2016.06.20 08:01:12.822,1.04541,1.04543,1.31,1.00
2016.06.20 08:01:12.925,1.0454,1.04545,1.50,3.82
2016.06.20 08:01:13.436,1.04541,1.04544,1.50,1.00
2016.06.20 08:01:13.487,1.04541,1.04542,1.00,1.00
2016.06.20 08:01:13.778,1.04541,1.04544,1.00,1.00
2016.06.20 08:01:13.981,1.04539,1.04542,2.25,2.25
2016.06.20 08:01:14.388,1.0454,1.04542,1.00,1.50
2016.06.20 08:01:14.439,1.04541,1.04544,1.00,1.12
2016.06.20 08:01:14.542,1.04541,1.04542,1.00,1.00
2016.06.20 08:01:14.645,1.04539,1.04541,1.50,1.00
2016.06.20 08:01:15.154,1.04537,1.0454,1.00,1.10
2016.06.20 08:01:15.668,1.04536,1.04541,2.25,2.25
2016.06.20 08:01:15.872,1.04538,1.04542,1.00,1.95
2016.06.20 08:01:16.176,1.0454,1.04544,1.00,2.70
2016.06.20 08:01:16.635,1.04542,1.04546,1.00,4.87
2016.06.20 08:01:16.737,1.04542,1.04547,1.50,1.39
2016.06.20 08:01:16.891,1.04544,1.04547,1.00,1.01
2016.06.20 08:01:17.199,1.04549,1.04551,1.50,1.87
2016.06.20 08:01:17.301,1.04551,1.04553,1.00,1.50
2016.06.20 08:01:17.505,1.0455,1.04551,1.00,1.00
2016.06.20 08:01:17.712,1.04547,1.04549,1.00,1.00
2016.06.20 08:01:17.917,1.04548,1.04551,1.00,6.07
2016.06.20 08:01:18.121,1.04552,1.04555,1.00,1.50
2016.06.20 08:01:18.274,1.04551,1.04552,1.50,1.00
2016.06.20 08:01:18.326,1.0455,1.04552,1.00,1.00
2016.06.20 08:01:18.479,1.04548,1.04551,1.00,1.37
2016.06.20 08:01:18.786,1.04544,1.04545,1.50,2.25
2016.06.20 08:01:18.837,1.04542,1.04545,1.00,1.50
2016.06.20 08:01:19.246,1.04544,1.04545,1.00,1.12
2016.06.20 08:01:19.440,1.04543,1.04548,3.00,1.00
2016.06.20 08:01:19.950,1.04544,1.04549,1.50,1.37
2016.06.20 08:01:20.330,1.04545,1.0455,1.00,3.37
2016.06.20 08:01:20.804,1.04548,1.0455,1.00,1.12
2016.06.20 08:01:20.906,1.04549,1.04552,1.00,1.87
2016.06.20 08:01:21.133,1.0455,1.04554,1.00,1.87
2016.06.20 08:01:22.201,1.0455,1.04553,1.00,1.00
2016.06.20 08:01:22.716,1.04549,1.04551,1.01,1.00
2016.06.20 08:01:22.818,1.04547,1.0455,1.00,1.00
2016.06.20 08:01:24.223,1.04547,1.04552,1.50,3.56
2016.06.20 08:01:24.275,1.04549,1.04552,1.00,2.81
2016.06.20 08:01:24.623,1.04551,1.04554,1.50,2.75
2016.06.20 08:01:24.933,1.04555,1.04556,2.25,2.75
2016.06.20 08:01:25.282,1.0455,1.04551,1.00,1.30
2016.06.20 08:01:25.450,1.04546,1.04549,1.50,1.50
2016.06.20 08:01:25.552,1.04545,1.04548,1.35,1.00
2016.06.20 08:01:25.756,1.04542,1.04545,1.00,1.00
2016.06.20 08:01:25.954,1.04544,1.04547,1.00,1.87
2016.06.20 08:01:26.108,1.04545,1.04549,1.00,2.25
2016.06.20 08:01:26.262,1.04546,1.04551,1.00,2.70
2016.06.20 08:01:26.715,1.04549,1.04552,1.00,2.25
2016.06.20 08:01:27.020,1.04552,1.04555,1.00,1.00
2016.06.20 08:01:27.586,1.04552,1.04553,1.00,1.00
2016.06.20 08:01:28.095,1.04552,1.04554,1.00,1.00
2016.06.20 08:01:28.519,1.04552,1.04556,1.00,1.87
2016.06.20 08:01:28.621,1.04554,1.04557,1.00,1.00
2016.06.20 08:01:28.723,1.04555,1.04559,1.00,1.30
2016.06.20 08:01:29.144,1.04557,1.0456,1.00,1.00
2016.06.20 08:01:29.652,1.04557,1.04561,1.00,1.87
2016.06.20 08:01:30.535,1.04557,1.0456,1.00,1.00
2016.06.20 08:01:31.581,1.04557,1.04559,1.00,1.00
2016.06.20 08:01:31.633,1.04555,1.04559,1.69,1.00
2016.06.20 08:01:31.887,1.04555,1.04557,1.25,1.00
2016.06.20 08:01:32.042,1.04552,1.04556,1.00,1.00
2016.06.20 08:01:32.582,1.04553,1.04556,1.00,1.00
2016.06.20 08:01:33.251,1.04553,1.04555,1.00,1.00
2016.06.20 08:01:36.872,1.04552,1.04555,1.25,1.12
2016.06.20 08:01:40.018,1.04552,1.04554,1.25,1.00
2016.06.20 08:01:41.564,1.04549,1.04553,3.26,1.00
2016.06.20 08:01:41.615,1.04549,1.04551,2.51,1.30
2016.06.20 08:01:41.819,1.04546,1.04549,1.25,1.00
2016.06.20 08:01:42.331,1.04546,1.0455,1.69,1.00
2016.06.20 08:01:43.240,1.04548,1.04551,1.00,1.50
2016.06.20 08:01:43.495,1.04551,1.04555,1.25,2.32
2016.06.20 08:01:44.038,1.04551,1.04556,1.25,2.70
2016.06.20 08:01:44.541,1.04551,1.04555,1.25,1.50
2016.06.20 08:01:46.401,1.04553,1.04557,1.25,5.62
2016.06.20 08:01:46.504,1.04554,1.04558,1.00,1.00
2016.06.20 08:01:46.657,1.04556,1.04558,1.00,1.00
2016.06.20 08:01:46.861,1.04553,1.04557,1.29,1.00
2016.06.20 08:01:47.380,1.04553,1.04556,1.19,1.00
2016.06.20 08:01:47.890,1.04553,1.04557,2.44,1.00
2016.06.20 08:01:49.396,1.04553,1.04558,1.69,2.25
2016.06.20 08:01:49.600,1.04555,1.04558,1.19,1.00
2016.06.20 08:01:49.805,1.04555,1.0456,1.31,3.00
2016.06.20 08:01:53.339,1.04557,1.0456,1.19,1.00
2016.06.20 08:01:53.861,1.04558,1.04561,1.25,1.00
2016.06.20 08:01:55.384,1.04558,1.04562,1.69,1.50
2016.06.20 08:01:55.695,1.04558,1.04562,3.19,1.00
2016.06.20 08:01:56.001,1.04558,1.04562,1.69,1.00
2016.06.20 08:01:58.765,1.04558,1.04563,3.19,1.50
2016.06.20 08:01:59.724,1.04558,1.04563,4.69,1.00
2016.06.20 08:02:00.030,1.0456,1.04565,1.25,1.57
2016.06.20 08:02:00.282,1.0456,1.04563,1.25,1.50
2016.06.20 08:02:00.710,1.04561,1.04564,1.19,1.10
2016.06.20 08:02:00.864,1.04562,1.04566,1.69,1.50
2016.06.20 08:02:01.121,1.04562,1.04564,1.25,1.00
2016.06.20 08:02:01.274,1.0456,1.04563,1.69,3.00
2016.06.20 08:02:01.784,1.04561,1.04566,1.50,3.07
2016.06.20 08:02:02.292,1.04562,1.04566,1.00,3.07
2016.06.20 08:02:04.831,1.04564,1.04567,1.00,4.50
2016.06.20 08:02:05.139,1.04568,1.04572,1.00,3.75
2016.06.20 08:02:05.292,1.04568,1.0457,1.00,1.00
2016.06.20 08:02:05.503,1.04568,1.04572,1.00,2.25
2016.06.20 08:02:06.208,1.04568,1.04571,1.00,1.00
2016.06.20 08:02:07.784,1.04568,1.04572,1.00,1.00
2016.06.20 08:02:08.998,1.04569,1.04573,1.00,5.25
2016.06.20 08:02:09.049,1.04572,1.04573,1.50,4.50
2016.06.20 08:02:09.207,1.04574,1.04578,2.44,3.75
2016.06.20 08:02:09.259,1.04575,1.04576,1.31,1.00
2016.06.20 08:02:09.413,1.04573,1.04575,1.00,1.00
2016.06.20 08:02:09.924,1.04572,1.04575,1.00,1.00
2016.06.20 08:02:10.438,1.04572,1.04574,1.50,1.00
2016.06.20 08:02:10.985,1.04572,1.04575,1.50,1.00
2016.06.20 08:02:12.150,1.0457,1.04573,1.20,2.25
2016.06.20 08:02:12.660,1.0457,1.04572,1.00,1.00
2016.06.20 08:02:13.163,1.04568,1.04572,1.19,1.50
2016.06.20 08:02:13.672,1.04568,1.04571,1.25,1.00
2016.06.20 08:02:14.213,1.04568,1.04572,1.25,1.50
2016.06.20 08:02:15.017,1.04568,1.04571,1.25,1.00
2016.06.20 08:02:15.528,1.04568,1.04572,1.25,1.00
2016.06.20 08:02:16.692,1.04568,1.04571,1.25,1.00
2016.06.20 08:02:17.699,1.04568,1.0457,1.25,1.00
2016.06.20 08:02:19.072,1.04565,1.04567,2.14,1.00
2016.06.20 08:02:19.378,1.04558,1.04562,1.00,3.75
2016.06.20 08:02:19.903,1.04559,1.04563,1.00,1.00
2016.06.20 08:02:20.107,1.04561,1.04564,1.00,2.76
2016.06.20 08:02:20.413,1.04563,1.04567,1.00,2.76
2016.06.20 08:02:21.126,1.04563,1.04567,1.00,2.76
2016.06.20 08:02:21.453,1.04565,1.04568,1.00,2.25
2016.06.20 08:02:21.758,1.04566,1.0457,1.00,1.50
2016.06.20 08:02:22.261,1.04566,1.04571,1.50,1.33
2016.06.20 08:02:22.770,1.04566,1.0457,1.87,1.00
2016.06.20 08:02:22.973,1.04565,1.04568,1.00,1.00
2016.06.20 08:02:23.483,1.04563,1.04568,2.44,2.25
2016.06.20 08:02:25.872,1.04563,1.04567,2.25,1.00
2016.06.20 08:02:27.005,1.04562,1.04567,1.57,1.19
2016.06.20 08:02:27.531,1.04563,1.04567,1.00,2.01
2016.06.20 08:02:28.199,1.04564,1.04568,1.00,4.00
2016.06.20 08:02:29.734,1.04563,1.04567,1.50,1.33
2016.06.20 08:02:30.245,1.04562,1.04567,2.25,1.33
2016.06.20 08:02:34.499,1.04563,1.04567,1.00,1.33
2016.06.20 08:02:36.476,1.04563,1.04566,1.00,1.00
2016.06.20 08:02:44.094,1.04563,1.04567,1.00,2.44
2016.06.20 08:02:49.077,1.04563,1.04565,1.00,1.00
2016.06.20 08:02:49.332,1.04558,1.04562,1.00,4.50
2016.06.20 08:02:49.849,1.04557,1.04561,1.00,1.00
2016.06.20 08:02:49.901,1.04559,1.04562,1.00,3.00
2016.06.20 08:02:50.054,1.0456,1.04564,1.12,1.00
2016.06.20 08:02:50.585,1.04561,1.04564,1.00,1.00
2016.06.20 08:02:52.152,1.04561,1.04565,1.00,2.25
2016.06.20 08:02:52.959,1.04561,1.04563,1.00,1.00
2016.06.20 08:02:53.163,1.04558,1.04561,1.00,1.00
2016.06.20 08:02:53.265,1.04558,1.04563,1.00,3.75
2016.06.20 08:02:54.807,1.04557,1.04562,2.85,1.00
2016.06.20 08:02:55.011,1.04557,1.0456,1.00,1.00
2016.06.20 08:02:55.520,1.04556,1.04561,1.50,1.00
2016.06.20 08:02:59.452,1.04556,1.0456,1.50,1.00
2016.06.20 08:02:59.799,1.04554,1.04557,1.00,2.25
2016.06.20 08:03:00.310,1.04553,1.04557,1.00,1.00
2016.06.20 08:03:00.828,1.04552,1.04556,1.10,1.00
2016.06.20 08:03:01.133,1.0455,1.04554,2.62,1.00
2016.06.20 08:03:01.601,1.0455,1.04553,2.62,1.00
2016.06.20 08:03:01.906,1.04548,1.0455,1.00,1.00
2016.06.20 08:03:02.008,1.04546,1.04551,1.50,4.50
2016.06.20 08:03:02.415,1.04548,1.04551,1.00,2.25
2016.06.20 08:03:02.569,1.0455,1.04554,1.12,1.00
2016.06.20 08:03:03.078,1.04551,1.04555,1.00,1.00
2016.06.20 08:03:04.086,1.04551,1.04556,1.00,3.00
2016.06.20 08:03:04.492,1.04552,1.04557,3.37,1.00
2016.06.20 08:03:04.842,1.04555,1.04559,1.87,1.00
2016.06.20 08:03:05.352,1.04555,1.04558,1.00,3.00
2016.06.20 08:03:05.992,1.04555,1.04559,1.50,3.37
2016.06.20 08:03:06.500,1.04556,1.04559,1.00,1.00
2016.06.20 08:03:06.857,1.04555,1.04557,1.00,1.00
2016.06.20 08:03:06.959,1.04553,1.04556,2.25,1.00
2016.06.20 08:03:07.474,1.04553,1.04557,1.50,1.50
2016.06.20 08:03:08.696,1.04553,1.04556,1.50,1.00
2016.06.20 08:03:09.358,1.04553,1.04557,1.00,2.44
2016.06.20 08:03:10.878,1.04554,1.04558,1.00,1.00
2016.06.20 08:03:11.031,1.04555,1.0456,1.00,2.25
2016.06.20 08:03:11.539,1.04556,1.04559,1.00,1.50
2016.06.20 08:03:12.986,1.04556,1.04557,1.00,1.00
2016.06.20 08:03:13.139,1.04553,1.04556,1.50,1.00
2016.06.20 08:03:13.241,1.04551,1.04555,1.95,1.00
2016.06.20 08:03:13.742,1.04552,1.04556,1.00,1.00
2016.06.20 08:03:14.250,1.04552,1.04557,1.50,2.62
2016.06.20 08:03:14.301,1.04554,1.04557,1.00,1.87
2016.06.20 08:03:14.454,1.04556,1.0456,1.50,2.06
2016.06.20 08:03:14.708,1.04556,1.04561,1.50,3.45
2016.06.20 08:03:15.216,1.04556,1.0456,1.00,1.50
2016.06.20 08:03:16.389,1.04556,1.04559,1.00,1.00
2016.06.20 08:03:17.419,1.04556,1.0456,1.00,1.50
2016.06.20 08:03:19.483,1.04557,1.04561,1.00,3.00
2016.06.20 08:03:19.991,1.04557,1.04562,1.00,4.87
2016.06.20 08:03:23.757,1.04557,1.04561,1.12,1.00
2016.06.20 08:03:23.910,1.04556,1.04559,1.50,1.00
2016.06.20 08:03:25.414,1.04555,1.04558,1.00,3.00
2016.06.20 08:03:25.937,1.04554,1.04558,1.50,2.25
2016.06.20 08:03:26.923,1.04555,1.04558,1.00,1.00
2016.06.20 08:03:27.434,1.04556,1.04558,1.00,1.00
2016.06.20 08:03:28.675,1.04555,1.04558,1.50,1.00
2016.06.20 08:03:30.435,1.04555,1.0456,1.50,3.19
2016.06.20 08:03:30.943,1.04556,1.0456,1.00,1.00
2016.06.20 08:03:31.491,1.04556,1.04561,1.00,4.20
2016.06.20 08:03:32.003,1.04557,1.04561,1.00,1.50
2016.06.20 08:03:32.917,1.04557,1.04562,1.00,3.45
2016.06.20 08:03:35.119,1.0456,1.04563,1.00,2.89
2016.06.20 08:03:35.322,1.04562,1.04566,1.50,1.10
2016.06.20 08:03:36.279,1.04563,1.04567,1.00,1.00
2016.06.20 08:03:38.794,1.04564,1.04568,1.00,4.95
2016.06.20 08:03:39.099,1.04565,1.0457,1.87,1.31
2016.06.20 08:03:39.622,1.04566,1.0457,1.00,1.00
2016.06.20 08:03:40.296,1.04566,1.04571,1.00,3.45
2016.06.20 08:03:41.015,1.04566,1.0457,1.00,1.50
2016.06.20 08:03:41.321,1.04564,1.04568,2.70,1.00
2016.06.20 08:03:41.667,1.04563,1.04568,2.44,3.00
2016.06.20 08:03:44.288,1.04562,1.04564,2.92,1.00
2016.06.20 08:03:44.441,1.0456,1.04561,1.00,1.00
2016.06.20 08:03:44.510,1.04558,1.04561,1.00,1.00
2016.06.20 08:03:45.020,1.04557,1.0456,1.00,1.00
2016.06.20 08:03:45.528,1.04556,1.04561,1.69,2.25
2016.06.20 08:03:45.834,1.04558,1.04562,1.50,1.10
2016.06.20 08:03:46.377,1.04558,1.04563,1.50,2.62
2016.06.20 08:03:49.148,1.04558,1.04562,1.00,1.00
2016.06.20 08:03:49.669,1.04557,1.04561,1.50,1.00
2016.06.20 08:03:51.246,1.04556,1.04561,1.50,1.50
2016.06.20 08:03:51.754,1.04557,1.04562,1.12,3.82
2016.06.20 08:03:52.797,1.04557,1.04561,1.12,1.00
2016.06.20 08:03:53.360,1.04555,1.04559,3.19,1.50
2016.06.20 08:03:54.316,1.04556,1.0456,1.50,1.50
2016.06.20 08:03:54.826,1.04557,1.04561,1.00,1.69
2016.06.20 08:03:55.341,1.04556,1.0456,1.12,1.00
2016.06.20 08:03:55.849,1.04557,1.04561,1.00,2.44
2016.06.20 08:03:57.235,1.04556,1.04561,1.12,3.94
2016.06.20 08:03:57.950,1.04556,1.0456,1.12,1.00
2016.06.20 08:03:58.255,1.04553,1.04557,3.26,1.50
2016.06.20 08:03:58.769,1.04552,1.04555,1.87,1.00
2016.06.20 08:03:58.974,1.04551,1.04555,3.37,1.69
2016.06.20 08:03:59.025,1.04551,1.04553,1.12,1.00
2016.06.20 08:03:59.076,1.04551,1.04555,1.87,1.00
2016.06.20 08:03:59.606,1.04552,1.04555,1.00,1.00
2016.06.20 08:04:02.125,1.04554,1.04555,1.00,1.00
2016.06.20 08:04:02.329,1.04557,1.04561,1.00,1.57
2016.06.20 08:04:02.863,1.04557,1.0456,1.12,1.00
2016.06.20 08:04:03.373,1.04557,1.04559,1.12,1.00
2016.06.20 08:04:03.902,1.04557,1.0456,1.12,1.00
2016.06.20 08:04:04.818,1.04558,1.0456,1.00,1.00
2016.06.20 08:04:05.531,1.04558,1.04561,1.00,1.00
2016.06.20 08:04:06.240,1.04558,1.04562,1.25,1.50
2016.06.20 08:04:06.771,1.04561,1.04563,1.00,1.00
2016.06.20 08:04:06.823,1.04561,1.04565,1.00,4.12
2016.06.20 08:04:07.332,1.04561,1.04563,1.12,1.00
2016.06.20 08:04:07.834,1.04562,1.04566,1.00,1.50
2016.06.20 08:04:07.936,1.04562,1.04563,1.00,1.00
2016.06.20 08:04:08.442,1.04562,1.04564,1.00,1.00
2016.06.20 08:04:08.929,1.04563,1.04565,1.00,1.00
2016.06.20 08:04:09.031,1.04564,1.04567,1.00,3.07
2016.06.20 08:04:09.133,1.04566,1.04568,1.00,1.10
2016.06.20 08:04:09.674,1.04566,1.04567,1.00,1.00
2016.06.20 08:04:10.233,1.04566,1.04568,1.00,1.00
2016.06.20 08:04:10.741,1.04566,1.0457,1.00,3.75
2016.06.20 08:04:11.254,1.04566,1.04569,1.00,1.00
2016.06.20 08:04:12.846,1.04566,1.0457,1.12,2.62
2016.06.20 08:04:14.118,1.04566,1.04569,1.12,1.00
2016.06.20 08:04:14.969,1.04565,1.04569,2.06,1.00
2016.06.20 08:04:22.009,1.04566,1.04569,1.00,1.00
2016.06.20 08:04:22.964,1.04566,1.04568,1.12,1.00
2016.06.20 08:04:23.573,1.04567,1.04568,1.00,1.00
2016.06.20 08:04:23.783,1.04568,1.04572,1.25,4.12
2016.06.20 08:04:23.885,1.04568,1.04569,1.25,1.00
2016.06.20 08:04:24.392,1.04567,1.04569,2.06,1.00
2016.06.20 08:04:24.764,1.04568,1.0457,1.31,1.00
2016.06.20 08:04:24.866,1.04568,1.04572,1.31,1.50
2016.06.20 08:04:24.968,1.04567,1.04569,2.81,1.00
2016.06.20 08:04:25.481,1.04566,1.04568,2.06,1.00
2016.06.20 08:04:25.989,1.04566,1.04569,2.06,1.00
2016.06.20 08:04:26.483,1.04568,1.04569,1.00,1.00
2016.06.20 08:04:26.585,1.04568,1.04572,1.31,1.10
2016.06.20 08:04:26.689,1.04568,1.0457,1.31,1.00
2016.06.20 08:04:26.792,1.04568,1.04573,1.31,5.25
2016.06.20 08:04:26.946,1.04567,1.04571,2.62,1.50
2016.06.20 08:04:27.049,1.04566,1.04571,1.31,3.00
2016.06.20 08:04:27.151,1.04566,1.04568,2.06,1.00
2016.06.20 08:04:28.362,1.04568,1.04569,1.00,1.00
2016.06.20 08:04:28.464,1.04568,1.04573,1.00,6.07
2016.06.20 08:04:28.566,1.04568,1.04571,1.00,1.00
2016.06.20 08:04:28.668,1.04568,1.04573,1.12,3.82
2016.06.20 08:04:28.974,1.04568,1.0457,1.12,1.00
2016.06.20 08:04:29.076,1.04568,1.04573,1.12,4.57
2016.06.20 08:04:29.483,1.04568,1.0457,1.12,1.00
2016.06.20 08:04:29.883,1.04569,1.04573,1.00,3.82
2016.06.20 08:04:30.086,1.04571,1.04573,1.00,3.00
2016.06.20 08:04:30.391,1.04573,1.04575,3.19,1.00
2016.06.20 08:04:30.495,1.04575,1.04577,1.00,1.50
2016.06.20 08:04:30.854,1.04576,1.04578,1.00,1.50
2016.06.20 08:04:31.246,1.04577,1.04582,2.81,1.57
2016.06.20 08:04:31.298,1.04577,1.04579,2.81,1.00
2016.06.20 08:04:31.910,1.04578,1.0458,1.87,1.00
2016.06.20 08:04:32.428,1.04577,1.0458,2.81,1.00
2016.06.20 08:04:32.987,1.04578,1.0458,1.87,1.00
2016.06.20 08:04:33.293,1.04578,1.04581,1.87,1.00
2016.06.20 08:04:34.378,1.04578,1.0458,1.12,1.00
2016.06.20 08:04:35.976,1.04577,1.04579,1.25,1.00
2016.06.20 08:04:36.131,1.04575,1.04578,2.06,1.00
2016.06.20 08:04:36.200,1.04574,1.04575,2.06,1.50
2016.06.20 08:04:36.302,1.04571,1.04573,1.69,1.00
2016.06.20 08:04:36.404,1.04572,1.04575,1.25,1.50
2016.06.20 08:04:36.909,1.04573,1.04575,2.06,1.50
2016.06.20 08:04:37.876,1.04573,1.04577,2.06,2.25
2016.06.20 08:04:38.391,1.04573,1.04576,1.31,1.00
2016.06.20 08:04:38.698,1.04573,1.04574,1.31,1.00
2016.06.20 08:04:38.902,1.04569,1.04572,1.00,1.00
2016.06.20 08:04:39.157,1.04567,1.04571,2.44,1.87
2016.06.20 08:04:47.487,1.04569,1.04572,1.00,1.50
2016.06.20 08:04:47.538,1.04569,1.04572,1.00,1.20
2016.06.20 08:04:47.743,1.04571,1.04573,1.00,1.10
2016.06.20 08:04:49.975,1.04572,1.04573,1.00,1.00
2016.06.20 08:04:50.283,1.04575,1.04577,1.50,1.10
2016.06.20 08:04:50.659,1.04574,1.04575,1.00,1.00
2016.06.20 08:04:50.762,1.04571,1.04573,1.00,1.00
2016.06.20 08:04:50.864,1.04569,1.04573,2.81,1.00
2016.06.20 08:04:51.384,1.04568,1.04572,2.44,1.00
2016.06.20 08:04:51.899,1.04568,1.04572,2.25,1.95
2016.06.20 08:04:52.917,1.0457,1.04572,1.00,1.95
2016.06.20 08:04:53.527,1.04571,1.04572,1.00,4.20
2016.06.20 08:04:55.085,1.0457,1.04572,1.00,2.25
2016.06.20 08:04:55.561,1.04569,1.0457,1.00,1.00
2016.06.20 08:04:55.919,1.04569,1.04572,1.00,3.75
2016.06.20 08:04:55.971,1.04568,1.04571,1.69,1.12
2016.06.20 08:04:56.517,1.04569,1.0457,1.00,1.00
2016.06.20 08:04:57.281,1.04568,1.0457,1.50,1.00
2016.06.20 08:04:59.885,1.04566,1.04569,1.50,1.20
2016.06.20 08:04:59.988,1.04565,1.04567,1.00,1.00
2016.06.20 08:05:00.142,1.04561,1.04564,1.12,1.69
2016.06.20 08:05:00.245,1.04559,1.04562,2.25,3.19
2016.06.20 08:05:00.594,1.04561,1.04564,1.50,1.01
2016.06.20 08:05:00.798,1.04559,1.04562,3.00,1.19
2016.06.20 08:05:00.850,1.04559,1.0456,1.50,1.25
2016.06.20 08:05:01.371,1.04558,1.04561,1.50,1.29
2016.06.20 08:05:02.318,1.04558,1.04561,1.00,1.01
2016.06.20 08:05:05.079,1.04558,1.04562,1.50,5.14
2016.06.20 08:05:06.481,1.04557,1.04562,3.00,5.14
2016.06.20 08:05:08.336,1.04557,1.04561,2.25,1.00
2016.06.20 08:05:08.480,1.04555,1.04559,3.75,1.00
2016.06.20 08:05:08.989,1.04555,1.04559,1.50,1.87
2016.06.20 08:05:09.497,1.04555,1.0456,1.50,1.87
2016.06.20 08:05:10.008,1.04556,1.0456,1.00,1.87
2016.06.20 08:05:10.555,1.04557,1.04561,1.00,2.25
2016.06.20 08:05:11.013,1.04557,1.0456,1.25,2.62
2016.06.20 08:05:11.195,1.04555,1.0456,1.69,3.75
2016.06.20 08:05:11.773,1.04555,1.04559,1.69,1.00
2016.06.20 08:05:12.333,1.04555,1.04558,1.25,1.00
2016.06.20 08:05:12.843,1.04555,1.04557,1.25,1.50
2016.06.20 08:05:13.266,1.04553,1.04557,2.06,1.50
2016.06.20 08:05:14.412,1.04554,1.04557,1.00,1.00
2016.06.20 08:05:14.925,1.04554,1.04558,1.50,3.00
2016.06.20 08:05:15.075,1.04553,1.04555,1.31,1.00
2016.06.20 08:05:15.533,1.04552,1.04557,2.44,1.12
2016.06.20 08:05:16.110,1.04554,1.04558,1.00,1.50
2016.06.20 08:05:16.618,1.04553,1.04557,2.14,1.00
2016.06.20 08:05:17.299,1.04553,1.04558,1.69,1.50
2016.06.20 08:05:17.605,1.04554,1.04558,1.19,1.00
2016.06.20 08:05:18.365,1.04554,1.04557,1.19,1.00
2016.06.20 08:05:18.417,1.04553,1.04557,3.64,1.50
2016.06.20 08:05:19.060,1.04553,1.04558,2.89,1.50
2016.06.20 08:05:19.316,1.04556,1.04559,2.25,2.25
2016.06.20 08:05:19.828,1.04556,1.04559,1.69,1.00
2016.06.20 08:05:20.680,1.04557,1.0456,1.25,1.50
2016.06.20 08:05:21.190,1.04556,1.04559,1.44,1.00
2016.06.20 08:05:21.699,1.04556,1.0456,1.19,1.50
2016.06.20 08:05:22.105,1.04559,1.04561,1.00,3.75
2016.06.20 08:05:22.465,1.04556,1.04559,1.69,1.00
2016.06.20 08:05:22.973,1.04555,1.04559,2.14,1.00
2016.06.20 08:05:23.633,1.04557,1.0456,1.00,2.25
2016.06.20 08:05:27.177,1.04556,1.0456,2.10,1.50
2016.06.20 08:05:28.625,1.04556,1.04559,1.39,1.00
2016.06.20 08:05:28.930,1.04551,1.04555,1.50,1.50
2016.06.20 08:05:32.001,1.0455,1.04554,2.59,1.50
2016.06.20 08:05:32.104,1.0455,1.04552,2.14,1.00
2016.06.20 08:05:32.406,1.04546,1.04547,1.00,1.00
2016.06.20 08:05:32.458,1.04545,1.04546,1.25,1.00
2016.06.20 08:05:32.561,1.04543,1.04544,1.00,1.00
2016.06.20 08:05:32.765,1.0454,1.04544,1.00,1.00
2016.06.20 08:05:33.384,1.04539,1.04543,1.57,1.50
2016.06.20 08:05:33.436,1.04539,1.04541,1.10,1.00
2016.06.20 08:05:33.539,1.04538,1.04543,1.57,2.62
2016.06.20 08:05:34.050,1.04539,1.04542,1.50,1.00
2016.06.20 08:05:34.458,1.0454,1.04544,1.00,1.00
2016.06.20 08:05:34.766,1.04542,1.04545,1.00,1.50
2016.06.20 08:05:35.071,1.04544,1.04549,1.50,1.80
2016.06.20 08:05:35.428,1.04544,1.04547,1.00,1.00
2016.06.20 08:05:35.633,1.04542,1.04546,1.25,1.00
2016.06.20 08:05:36.140,1.04542,1.04547,1.25,2.25
2016.06.20 08:05:37.192,1.04543,1.04547,1.00,2.25
2016.06.20 08:05:38.006,1.04542,1.04546,1.25,1.00
2016.06.20 08:05:38.552,1.04541,1.04545,1.00,1.12
2016.06.20 08:05:39.811,1.04541,1.04544,1.50,1.00
2016.06.20 08:05:39.863,1.04539,1.04544,2.62,1.50
2016.06.20 08:05:40.413,1.0454,1.04544,1.00,1.00
2016.06.20 08:05:40.926,1.04539,1.04543,1.10,1.87
2016.06.20 08:05:41.079,1.04539,1.04541,1.00,1.00
2016.06.20 08:05:41.244,1.04536,1.0454,2.70,1.00
2016.06.20 08:05:42.337,1.04538,1.04541,1.00,1.12
2016.06.20 08:05:43.308,1.04537,1.04541,1.00,1.50
2016.06.20 08:05:43.454,1.04535,1.0454,2.32,1.50
2016.06.20 08:05:43.962,1.04536,1.0454,1.00,1.50
2016.06.20 08:05:44.319,1.04539,1.04541,1.00,1.25
2016.06.20 08:05:44.466,1.04541,1.04544,1.00,1.00
2016.06.20 08:05:45.227,1.04543,1.04545,1.00,1.12
2016.06.20 08:05:45.280,1.04544,1.04546,1.00,1.10
2016.06.20 08:05:45.383,1.04546,1.04549,1.00,1.50
2016.06.20 08:05:45.889,1.04545,1.04549,1.00,1.00
2016.06.20 08:05:46.398,1.04544,1.04548,1.12,1.00
2016.06.20 08:05:46.899,1.04543,1.04547,1.47,1.00
2016.06.20 08:05:46.950,1.04543,1.04545,1.47,1.00
2016.06.20 08:05:47.103,1.0454,1.04544,2.32,1.00
2016.06.20 08:05:47.622,1.0454,1.04544,1.50,1.00
2016.06.20 08:05:48.333,1.0454,1.04542,1.50,1.00
2016.06.20 08:05:48.493,1.04537,1.04542,1.57,1.87
2016.06.20 08:05:49.001,1.04537,1.04541,1.00,1.00
2016.06.20 08:05:49.530,1.04536,1.04541,3.49,1.87
2016.06.20 08:05:50.038,1.04536,1.0454,3.11,1.50
2016.06.20 08:05:50.191,1.04534,1.04538,2.32,1.00
2016.06.20 08:05:50.700,1.04533,1.04537,1.00,1.00
2016.06.20 08:05:51.670,1.04532,1.04537,1.50,2.25
2016.06.20 08:05:51.978,1.04527,1.0453,1.00,1.50
2016.06.20 08:05:52.485,1.04526,1.0453,1.00,1.50
2016.06.20 08:05:52.899,1.04529,1.0453,1.00,1.00
2016.06.20 08:05:53.207,1.04534,1.04535,1.50,1.50
2016.06.20 08:05:53.360,1.04536,1.04538,1.00,1.00
2016.06.20 08:05:53.412,1.04536,1.0454,1.00,1.12
2016.06.20 08:05:53.629,1.04538,1.0454,1.00,1.00
2016.06.20 08:05:53.732,1.04539,1.04542,1.50,1.00
2016.06.20 08:05:53.936,1.0454,1.04544,1.00,1.00
2016.06.20 08:05:54.546,1.0454,1.04545,1.50,1.87
2016.06.20 08:05:55.675,1.04541,1.04545,1.00,1.87
2016.06.20 08:05:56.082,1.04543,1.04545,1.00,1.00
2016.06.20 08:05:56.136,1.04543,1.04547,1.00,1.95
2016.06.20 08:05:57.802,1.04542,1.04545,1.00,1.00
2016.06.20 08:05:58.108,1.04538,1.04542,4.31,1.00
2016.06.20 08:05:58.652,1.04538,1.04542,1.50,1.50
2016.06.20 08:05:59.313,1.04539,1.04543,1.00,3.19
2016.06.20 08:06:00.607,1.04538,1.0454,3.00,1.00
2016.06.20 08:06:00.764,1.04535,1.0454,2.25,1.12
2016.06.20 08:06:01.272,1.04535,1.04539,2.25,1.00
2016.06.20 08:06:01.894,1.04535,1.04538,1.50,1.00
2016.06.20 08:06:02.101,1.04535,1.04536,1.00,1.00
2016.06.20 08:06:02.153,1.04533,1.04536,1.00,1.00
2016.06.20 08:06:02.668,1.04534,1.04538,1.00,2.50
2016.06.20 08:06:02.874,1.04535,1.04539,1.00,1.50
2016.06.20 08:06:04.138,1.04535,1.0454,2.25,2.70
2016.06.20 08:06:04.647,1.04535,1.04539,3.75,1.10
2016.06.20 08:06:04.749,1.04538,1.0454,3.56,1.12
2016.06.20 08:06:04.852,1.04539,1.04542,1.00,3.07
2016.06.20 08:06:05.037,1.04537,1.04541,3.00,1.69
2016.06.20 08:06:05.567,1.04538,1.04541,1.00,1.31
2016.06.20 08:06:05.618,1.0454,1.04542,1.00,4.95
2016.06.20 08:06:05.800,1.04541,1.04545,2.25,1.20
2016.06.20 08:06:06.311,1.04542,1.04546,1.00,2.62
2016.06.20 08:06:06.621,1.04544,1.04546,1.00,1.87
2016.06.20 08:06:06.723,1.04544,1.04547,1.00,1.00
2016.06.20 08:06:06.775,1.04544,1.04549,2.62,1.10
2016.06.20 08:06:07.285,1.04545,1.0455,1.00,2.55
2016.06.20 08:06:07.799,1.04547,1.0455,1.00,1.00
2016.06.20 08:06:08.054,1.04549,1.04553,1.00,1.10
2016.06.20 08:06:09.760,1.04548,1.04553,1.00,2.70
2016.06.20 08:06:10.270,1.04548,1.04553,1.00,3.45
2016.06.20 08:06:10.645,1.04547,1.0455,1.00,1.50
2016.06.20 08:06:10.697,1.04545,1.04549,2.44,1.00
2016.06.20 08:06:10.953,1.04543,1.04547,2.32,1.12
2016.06.20 08:06:11.258,1.04545,1.04549,1.00,1.57
2016.06.20 08:06:11.600,1.04547,1.04551,1.00,3.82
2016.06.20 08:06:11.907,1.04549,1.04552,1.00,1.12
2016.06.20 08:06:12.452,1.04551,1.04553,1.00,2.70
2016.06.20 08:06:13.063,1.04549,1.04552,1.50,1.00
2016.06.20 08:06:13.174,1.04549,1.0455,1.00,1.00
2016.06.20 08:06:13.329,1.04547,1.04549,1.50,1.00
2016.06.20 08:06:14.142,1.04547,1.0455,1.50,2.32
2016.06.20 08:06:14.218,1.04548,1.0455,2.25,2.32
2016.06.20 08:06:14.728,1.04552,1.04554,1.00,1.12
2016.06.20 08:06:14.779,1.04555,1.04556,1.50,1.87
2016.06.20 08:06:14.933,1.04557,1.04559,2.50,3.37
2016.06.20 08:06:15.086,1.0456,1.04563,1.00,3.07
2016.06.20 08:06:15.188,1.04561,1.04563,1.00,1.57
2016.06.20 08:06:15.495,1.04564,1.04567,1.00,1.10
2016.06.20 08:06:15.649,1.04563,1.04565,1.50,3.00
2016.06.20 08:06:16.162,1.04562,1.04563,1.50,1.00
2016.06.20 08:06:16.568,1.04562,1.04565,1.50,5.70
2016.06.20 08:06:17.074,1.04562,1.04564,1.00,1.00
2016.06.20 08:06:18.963,1.04561,1.04564,3.00,1.00
2016.06.20 08:06:19.490,1.04561,1.04565,3.00,3.45
2016.06.20 08:06:19.643,1.04561,1.04563,1.50,1.50
2016.06.20 08:06:20.195,1.04559,1.04562,2.44,1.00
2016.06.20 08:06:20.767,1.04559,1.04563,2.44,4.87
2016.06.20 08:06:21.276,1.04559,1.04562,1.19,1.00
2016.06.20 08:06:21.796,1.04559,1.04561,1.19,1.00
2016.06.20 08:06:22.514,1.04559,1.04563,1.19,4.50
2016.06.20 08:06:22.830,1.04561,1.04565,1.50,3.45
2016.06.20 08:06:22.933,1.04563,1.04565,1.00,1.10
2016.06.20 08:06:23.137,1.04565,1.04568,1.00,1.57
2016.06.20 08:06:23.639,1.04564,1.04568,1.69,1.10
2016.06.20 08:06:25.906,1.04565,1.04569,1.50,1.87
2016.06.20 08:06:26.008,1.04567,1.04569,1.00,1.27
2016.06.20 08:06:26.110,1.04568,1.04571,1.00,1.57
2016.06.20 08:06:26.518,1.04566,1.04571,6.97,1.00
2016.06.20 08:06:27.044,1.04566,1.0457,2.25,1.87
2016.06.20 08:06:27.628,1.04566,1.0457,1.00,3.64
2016.06.20 08:06:28.061,1.04563,1.04568,5.50,1.87
2016.06.20 08:06:28.571,1.04563,1.04567,1.75,1.00
2016.06.20 08:06:29.106,1.04562,1.04567,1.87,2.25
2016.06.20 08:06:29.563,1.04561,1.04565,2.25,1.00
2016.06.20 08:06:29.902,1.04557,1.04561,2.25,1.00
2016.06.20 08:06:30.208,1.04559,1.04563,1.00,3.07
2016.06.20 08:06:30.514,1.04562,1.04566,1.00,2.81
2016.06.20 08:06:31.051,1.04562,1.04566,1.00,1.76
2016.06.20 08:06:31.613,1.04563,1.04567,1.00,1.50
2016.06.20 08:06:32.173,1.04562,1.04566,1.00,1.00
2016.06.20 08:06:32.734,1.04561,1.04566,1.75,3.37
2016.06.20 08:06:33.253,1.04561,1.04565,1.33,1.50
2016.06.20 08:06:34.020,1.04561,1.04564,1.33,1.00
2016.06.20 08:06:34.552,1.04562,1.04566,1.00,4.76
2016.06.20 08:06:35.112,1.04562,1.04565,1.33,1.00
2016.06.20 08:06:35.622,1.04563,1.04566,1.00,1.25
2016.06.20 08:06:35.776,1.04566,1.04568,1.00,1.00
2016.06.20 08:06:35.930,1.04567,1.0457,1.00,1.00
2016.06.20 08:06:36.390,1.04569,1.0457,1.00,1.00
2016.06.20 08:06:36.442,1.04569,1.04572,1.00,1.00
2016.06.20 08:06:36.598,1.0457,1.04574,1.00,1.95
2016.06.20 08:06:37.210,1.04569,1.04574,3.25,1.12
2016.06.20 08:06:38.713,1.04569,1.04573,2.50,1.00
2016.06.20 08:06:38.968,1.04571,1.04574,1.00,1.12
2016.06.20 08:06:39.174,1.04571,1.04576,1.50,1.95
2016.06.20 08:06:39.685,1.04571,1.04575,1.50,1.00
2016.06.20 08:06:40.187,1.0457,1.04575,1.00,2.70
2016.06.20 08:06:40.901,1.0457,1.04574,1.00,1.00
2016.06.20 08:06:41.003,1.04572,1.04574,1.00,1.00
2016.06.20 08:06:41.106,1.04572,1.04576,1.00,1.12
2016.06.20 08:06:41.908,1.04574,1.04577,1.00,1.87
2016.06.20 08:06:42.213,1.04576,1.0458,2.50,1.00
2016.06.20 08:06:43.458,1.04577,1.0458,1.00,1.12
2016.06.20 08:06:43.663,1.04579,1.04582,1.00,1.00
2016.06.20 08:06:44.935,1.0458,1.04584,1.00,4.99
2016.06.20 08:06:45.141,1.04577,1.04581,1.50,1.87
2016.06.20 08:06:45.570,1.04576,1.0458,1.00,1.87
2016.06.20 08:06:46.078,1.04576,1.0458,1.00,3.45
2016.06.20 08:06:46.448,1.04578,1.0458,1.00,1.00
2016.06.20 08:06:46.960,1.04578,1.04581,1.00,1.00
2016.06.20 08:06:47.521,1.04579,1.04581,1.00,1.00
2016.06.20 08:06:47.573,1.0458,1.04583,1.00,1.10
2016.06.20 08:06:48.089,1.0458,1.04584,1.00,2.25
2016.06.20 08:06:48.496,1.04582,1.04586,1.00,3.00
2016.06.20 08:06:48.651,1.04583,1.04587,1.00,1.10
2016.06.20 08:06:49.870,1.04584,1.04588,1.00,1.95
2016.06.20 08:06:50.802,1.04586,1.04589,1.00,1.87
2016.06.20 08:06:51.105,1.04588,1.04592,1.00,1.87
2016.06.20 08:06:51.686,1.04589,1.04593,1.00,1.50
2016.06.20 08:06:51.893,1.04588,1.0459,1.50,1.00
2016.06.20 08:06:52.182,1.04587,1.04592,1.75,2.25
2016.06.20 08:06:52.490,1.04586,1.0459,1.87,1.00
2016.06.20 08:06:53.060,1.04586,1.04589,1.00,1.00
2016.06.20 08:06:53.577,1.04587,1.04591,1.00,2.06
2016.06.20 08:06:54.826,1.04587,1.04592,1.37,3.56
2016.06.20 08:06:55.081,1.04588,1.04593,1.75,2.25
2016.06.20 08:06:55.183,1.04587,1.04591,4.50,1.00
2016.06.20 08:06:55.491,1.04585,1.04589,1.12,1.12
2016.06.20 08:06:56.195,1.04583,1.04587,1.87,1.50
2016.06.20 08:06:56.298,1.04581,1.04586,3.07,1.37
2016.06.20 08:06:56.824,1.04581,1.04585,1.00,2.62
2016.06.20 08:06:57.182,1.04582,1.04586,1.00,2.32
2016.06.20 08:06:57.784,1.04582,1.04587,1.00,4.76
2016.06.20 08:06:58.242,1.04581,1.04585,1.50,1.50
2016.06.20 08:06:58.757,1.0458,1.04584,1.50,1.87
2016.06.20 08:06:59.115,1.04582,1.04586,1.00,2.70
2016.06.20 08:06:59.726,1.04581,1.04585,1.12,1.00
2016.06.20 08:07:00.271,1.0458,1.04584,2.25,1.00
2016.06.20 08:07:00.579,1.04579,1.04582,1.00,1.00
2016.06.20 08:07:00.784,1.04577,1.04581,1.00,1.00
2016.06.20 08:07:01.770,1.04577,1.04582,1.50,2.81
2016.06.20 08:07:01.974,1.04579,1.04583,1.00,1.12
2016.06.20 08:07:02.280,1.04583,1.04585,1.00,1.20
2016.06.20 08:07:02.382,1.04583,1.04587,1.00,1.50
2016.06.20 08:07:02.915,1.04584,1.04588,1.00,1.50
2016.06.20 08:07:04.040,1.04583,1.04588,1.50,2.25
2016.06.20 08:07:04.560,1.04583,1.04588,1.50,2.62
2016.06.20 08:07:05.284,1.04582,1.04586,2.32,1.00
2016.06.20 08:07:05.488,1.04581,1.04585,1.00,3.56
2016.06.20 08:07:05.997,1.0458,1.04585,1.50,1.31
2016.06.20 08:07:06.505,1.0458,1.04585,1.50,3.56
2016.06.20 08:07:07.116,1.0458,1.04585,1.50,2.81
2016.06.20 08:07:08.670,1.04581,1.04586,1.00,4.31
2016.06.20 08:07:09.122,1.0458,1.04584,2.25,1.19
2016.06.20 08:07:10.776,1.04581,1.04585,1.00,2.51
2016.06.20 08:07:10.879,1.04581,1.04585,1.00,1.76
2016.06.20 08:07:10.981,1.04583,1.04586,1.00,3.75
2016.06.20 08:07:11.507,1.04584,1.04589,3.00,2.06
2016.06.20 08:07:14.662,1.04583,1.04586,1.00,1.00
2016.06.20 08:07:15.027,1.0458,1.04583,2.25,1.00
2016.06.20 08:07:15.079,1.04579,1.04583,3.00,1.00
2016.06.20 08:07:15.587,1.04579,1.04584,3.75,1.31
2016.06.20 08:07:16.404,1.0458,1.04584,1.00,1.25
2016.06.20 08:07:18.634,1.04581,1.04585,1.00,2.44
2016.06.20 08:07:18.736,1.04583,1.04586,1.50,2.89
2016.06.20 08:07:18.788,1.04584,1.04586,1.00,1.12
2016.06.20 08:07:18.839,1.04584,1.04588,1.50,1.69
2016.06.20 08:07:19.348,1.04585,1.04589,1.50,1.19
2016.06.20 08:07:19.503,1.04587,1.0459,1.00,1.19
2016.06.20 08:07:19.555,1.04587,1.04591,1.50,1.57
2016.06.20 08:07:19.659,1.04589,1.04593,1.50,1.31
2016.06.20 08:07:20.161,1.0459,1.04593,1.00,1.25
2016.06.20 08:07:22.630,1.0459,1.04593,1.00,1.31
2016.06.20 08:07:23.132,1.04589,1.04593,1.50,1.31
2016.06.20 08:07:23.455,1.04584,1.04588,1.50,2.81
2016.06.20 08:07:23.698,1.04582,1.04587,2.25,1.25
2016.06.20 08:07:24.209,1.04582,1.04586,1.00,1.00
2016.06.20 08:07:24.722,1.04582,1.04585,1.00,1.25
2016.06.20 08:07:24.877,1.0458,1.04585,1.50,1.01
2016.06.20 08:07:25.623,1.0458,1.04584,2.25,1.00
2016.06.20 08:07:26.089,1.0458,1.04582,1.00,1.00
2016.06.20 08:07:26.196,1.04578,1.04581,1.00,1.00
2016.06.20 08:07:26.350,1.04576,1.04581,4.50,1.00
2016.06.20 08:07:27.476,1.04576,1.0458,4.12,1.00
2016.06.20 08:07:28.588,1.04575,1.0458,3.00,1.76
2016.06.20 08:07:30.274,1.04576,1.0458,1.00,1.39
2016.06.20 08:07:32.297,1.04577,1.04581,1.00,2.96
2016.06.20 08:07:32.399,1.04579,1.04581,1.00,1.76
2016.06.20 08:07:32.672,1.04577,1.04581,1.50,1.00
2016.06.20 08:07:33.183,1.04576,1.0458,3.00,1.57
2016.06.20 08:07:33.685,1.04576,1.04579,1.50,1.50
2016.06.20 08:07:33.889,1.04575,1.04576,1.00,1.00
2016.06.20 08:07:33.991,1.04572,1.04576,1.87,2.81
2016.06.20 08:07:34.042,1.04572,1.04574,1.87,1.00
2016.06.20 08:07:34.178,1.04569,1.04574,1.57,2.62
2016.06.20 08:07:34.688,1.0457,1.04574,1.00,1.12
2016.06.20 08:07:37.438,1.0457,1.04575,2.25,2.51
2016.06.20 08:07:37.967,1.0457,1.04575,2.47,2.44
2016.06.20 08:07:38.478,1.04569,1.04574,3.00,2.81
2016.06.20 08:07:40.120,1.04569,1.04573,3.00,1.00
2016.06.20 08:07:40.630,1.04568,1.04572,4.20,1.00
2016.06.20 08:07:41.065,1.04568,1.0457,1.00,1.00
2016.06.20 08:07:41.576,1.0457,1.04573,1.00,1.01
2016.06.20 08:07:41.771,1.04571,1.04575,3.37,1.25
2016.06.20 08:07:42.992,1.0457,1.04575,4.95,1.25
2016.06.20 08:07:43.450,1.04569,1.04574,2.25,3.26
2016.06.20 08:07:45.566,1.0457,1.04574,1.00,1.25
2016.06.20 08:07:46.835,1.0457,1.04574,1.00,1.69
2016.06.20 08:07:47.348,1.04569,1.04572,1.12,1.00
2016.06.20 08:07:47.858,1.0457,1.04574,1.30,1.76
2016.06.20 08:07:49.286,1.04571,1.04574,1.00,1.19
2016.06.20 08:07:49.388,1.04571,1.04576,1.00,5.89
2016.06.20 08:07:52.507,1.0457,1.04574,2.62,1.00
2016.06.20 08:07:53.656,1.04571,1.04574,1.00,1.00
2016.06.20 08:07:54.170,1.04571,1.04575,1.00,1.25
2016.06.20 08:07:57.167,1.0457,1.04575,2.70,2.44
2016.06.20 08:07:57.692,1.04571,1.04575,1.50,1.25
2016.06.20 08:07:58.733,1.0457,1.04575,2.62,2.44
2016.06.20 08:07:58.835,1.0457,1.04574,1.87,2.44
2016.06.20 08:07:59.361,1.04569,1.04572,1.00,1.00
2016.06.20 08:08:01.059,1.04569,1.04573,1.50,2.51
2016.06.20 08:08:01.455,1.04571,1.04575,1.00,2.51
2016.06.20 08:08:03.318,1.04572,1.04575,1.50,1.19
2016.06.20 08:08:03.370,1.04572,1.04576,1.50,1.25
2016.06.20 08:08:03.624,1.04574,1.04577,1.00,1.25
2016.06.20 08:08:04.133,1.04575,1.04579,1.00,5.14
2016.06.20 08:08:04.655,1.04575,1.04578,1.00,1.00
2016.06.20 08:08:05.171,1.04575,1.04579,1.00,1.69
2016.06.20 08:08:05.777,1.04575,1.04578,1.00,1.00
2016.06.20 08:08:06.084,1.04573,1.04576,1.50,1.00
2016.06.20 08:08:07.349,1.04573,1.04577,2.47,1.25
2016.06.20 08:08:07.857,1.04574,1.04578,1.00,1.69
2016.06.20 08:08:08.752,1.04573,1.04577,3.22,1.25
2016.06.20 08:08:09.794,1.04573,1.04576,2.25,1.00
2016.06.20 08:08:10.301,1.04573,1.04578,2.62,2.44
2016.06.20 08:08:10.865,1.04573,1.04576,1.00,2.25
2016.06.20 08:08:11.780,1.04573,1.04577,1.00,2.81
2016.06.20 08:08:13.121,1.04573,1.04576,1.00,1.00
2016.06.20 08:08:13.377,1.0457,1.04574,2.25,1.25
2016.06.20 08:08:14.183,1.04569,1.04573,2.32,1.00
2016.06.20 08:08:14.438,1.04568,1.04573,3.07,3.19
2016.06.20 08:08:14.974,1.04569,1.04572,1.00,1.00
2016.06.20 08:08:15.643,1.04569,1.04573,1.50,1.00
2016.06.20 08:08:17.053,1.0457,1.04574,1.00,2.14
2016.06.20 08:08:17.825,1.04571,1.04575,1.00,4.31
2016.06.20 08:08:23.308,1.0457,1.04574,1.50,1.25
2016.06.20 08:08:27.570,1.0457,1.04571,1.57,1.25
2016.06.20 08:08:27.829,1.04567,1.04571,1.15,3.19
2016.06.20 08:08:27.881,1.04566,1.04569,1.50,1.00
2016.06.20 08:08:27.932,1.04567,1.04572,1.00,2.14
2016.06.20 08:08:28.086,1.04569,1.04573,1.00,1.69
2016.06.20 08:08:31.292,1.04571,1.04575,1.00,1.69
2016.06.20 08:08:31.394,1.04573,1.04575,1.00,1.00
2016.06.20 08:08:31.547,1.04574,1.04577,1.00,1.00
2016.06.20 08:08:32.056,1.04573,1.04578,1.87,1.69
2016.06.20 08:08:32.786,1.04574,1.04578,1.00,1.69
2016.06.20 08:08:33.295,1.04575,1.04578,1.00,1.00
2016.06.20 08:08:33.514,1.04577,1.0458,1.50,2.44
2016.06.20 08:08:33.616,1.04577,1.04581,2.25,1.50
2016.06.20 08:08:34.126,1.04577,1.04582,2.25,1.69
2016.06.20 08:08:34.229,1.04576,1.0458,4.42,1.00
2016.06.20 08:08:34.531,1.04573,1.04578,1.87,1.19
2016.06.20 08:08:37.242,1.04572,1.04574,3.37,1.00
2016.06.20 08:08:37.395,1.0457,1.04572,1.00,1.00
2016.06.20 08:08:37.548,1.04568,1.04572,1.00,1.00
2016.06.20 08:08:38.211,1.04567,1.0457,2.62,1.25
2016.06.20 08:08:38.364,1.04566,1.0457,1.00,1.25
2016.06.20 08:08:38.873,1.04565,1.0457,3.45,1.19
2016.06.20 08:08:39.585,1.04566,1.0457,1.00,1.19
2016.06.20 08:08:40.425,1.04566,1.04571,1.87,1.69
2016.06.20 08:08:42.634,1.04566,1.04571,1.00,2.44
2016.06.20 08:08:42.838,1.04565,1.04568,2.70,1.25
2016.06.20 08:08:42.991,1.04564,1.04568,1.00,1.25
2016.06.20 08:08:43.527,1.04565,1.04569,1.50,1.00
2016.06.20 08:08:44.036,1.04566,1.0457,1.00,2.44
2016.06.20 08:08:44.544,1.04565,1.0457,3.15,1.69
2016.06.20 08:08:45.053,1.04566,1.0457,1.00,1.25
2016.06.20 08:08:48.423,1.04567,1.04571,1.00,1.69
2016.06.20 08:08:48.474,1.04569,1.04571,1.50,1.00
2016.06.20 08:08:48.627,1.0457,1.04574,1.00,1.25
2016.06.20 08:08:50.997,1.04571,1.04574,1.12,1.00
2016.06.20 08:08:51.979,1.04571,1.04575,1.87,1.50
2016.06.20 08:08:54.087,1.04571,1.04575,3.00,1.00
2016.06.20 08:08:54.545,1.04573,1.04577,1.57,1.00
2016.06.20 08:08:54.647,1.04575,1.04578,1.00,1.25
2016.06.20 08:08:55.151,1.04576,1.0458,1.00,1.00
2016.06.20 08:08:56.029,1.04576,1.04581,1.00,1.69
2016.06.20 08:08:56.537,1.04577,1.04581,1.00,1.69
2016.06.20 08:08:57.069,1.04576,1.04581,3.75,1.69
2016.06.20 08:08:57.577,1.04576,1.0458,1.10,1.00
2016.06.20 08:08:58.225,1.04576,1.04581,1.10,1.69
2016.06.20 08:08:59.392,1.04577,1.04581,1.00,1.69
2016.06.20 08:09:02.947,1.04576,1.0458,1.12,1.50
2016.06.20 08:09:03.105,1.04575,1.04579,2.70,1.25
2016.06.20 08:09:03.610,1.04574,1.04578,1.00,1.00
2016.06.20 08:09:04.150,1.04573,1.04578,4.05,1.00
2016.06.20 08:09:04.861,1.04573,1.04577,3.30,1.00
2016.06.20 08:09:05.288,1.04571,1.04576,2.32,1.00
2016.06.20 08:09:05.492,1.04571,1.04574,1.57,1.00
2016.06.20 08:09:05.644,1.04569,1.04573,1.57,1.00
2016.06.20 08:09:06.604,1.0457,1.04574,1.00,1.50
2016.06.20 08:09:06.757,1.04571,1.04576,2.25,1.50
2016.06.20 08:09:06.896,1.04573,1.04576,1.50,1.00
2016.06.20 08:09:07.410,1.04574,1.04577,3.00,1.00
2016.06.20 08:09:07.937,1.04575,1.04578,1.00,1.50
2016.06.20 08:09:08.650,1.04577,1.04578,1.00,1.00
2016.06.20 08:09:08.756,1.04577,1.0458,3.37,1.00
2016.06.20 08:09:08.960,1.04578,1.04582,1.50,1.00
2016.06.20 08:09:09.874,1.04578,1.04583,1.50,1.87
2016.06.20 08:09:10.407,1.04579,1.04582,1.00,1.00
2016.06.20 08:09:11.149,1.04579,1.04583,1.50,1.87
2016.06.20 08:09:11.875,1.0458,1.04583,1.50,1.50
2016.06.20 08:09:14.312,1.04579,1.04582,1.50,1.00
2016.06.20 08:09:14.821,1.04579,1.04583,3.37,1.00
2016.06.20 08:09:15.179,1.0458,1.04584,1.69,1.50
2016.06.20 08:09:15.688,1.0458,1.04584,3.94,1.50
2016.06.20 08:09:16.207,1.0458,1.04583,2.06,1.00
2016.06.20 08:09:16.310,1.04578,1.04583,7.72,1.00
2016.06.20 08:09:16.823,1.04579,1.04584,4.12,2.25
2016.06.20 08:09:18.200,1.0458,1.04584,1.00,2.25
2016.06.20 08:09:18.887,1.04581,1.04584,1.00,2.25
2016.06.20 08:09:19.886,1.04582,1.04585,1.50,2.25
2016.06.20 08:09:20.400,1.04583,1.04586,1.00,1.50
2016.06.20 08:09:20.941,1.04583,1.04587,2.25,1.00
2016.06.20 08:09:21.431,1.04583,1.04585,1.50,1.00
2016.06.20 08:09:22.503,1.04583,1.04584,1.50,1.00
2016.06.20 08:09:24.234,1.04582,1.04584,4.57,1.00
2016.06.20 08:09:24.440,1.04579,1.04581,1.57,1.00
2016.06.20 08:09:24.941,1.0458,1.04581,1.00,1.50
2016.06.20 08:09:26.762,1.04579,1.0458,1.00,1.00
2016.06.20 08:09:26.929,1.04578,1.0458,2.70,1.00
2016.06.20 08:09:27.083,1.04576,1.04577,1.50,1.50
2016.06.20 08:09:27.286,1.04574,1.04576,3.75,1.00
2016.06.20 08:09:27.492,1.04573,1.04575,5.70,2.25
2016.06.20 08:09:27.646,1.04572,1.04574,1.00,2.25
2016.06.20 08:09:28.180,1.0457,1.04573,1.57,1.00
2016.06.20 08:09:29.119,1.0457,1.04574,1.20,1.50
2016.06.20 08:09:29.628,1.04572,1.04574,2.62,1.00
2016.06.20 08:09:30.138,1.04573,1.04575,1.50,1.50
2016.06.20 08:09:30.291,1.04575,1.04577,1.12,1.25
2016.06.20 08:09:30.393,1.04576,1.04579,1.00,2.44
2016.06.20 08:09:30.904,1.04577,1.04579,1.00,1.50
2016.06.20 08:09:31.412,1.04576,1.04579,2.32,1.50
2016.06.20 08:09:31.907,1.04576,1.04578,1.57,1.00
2016.06.20 08:09:32.213,1.04573,1.04575,1.50,1.50
2016.06.20 08:09:32.719,1.04572,1.04575,4.20,1.50
2016.06.20 08:09:33.232,1.04572,1.04574,3.45,1.00
2016.06.20 08:09:34.303,1.04572,1.04574,1.57,1.50
2016.06.20 08:09:34.825,1.04571,1.04574,3.30,1.50
2016.06.20 08:09:36.825,1.04573,1.04574,1.00,1.50
2016.06.20 08:09:37.131,1.0457,1.04572,2.25,1.00
2016.06.20 08:09:37.234,1.04569,1.0457,1.10,1.00
2016.06.20 08:09:37.408,1.04567,1.04569,1.10,1.50
2016.06.20 08:09:37.613,1.04569,1.04571,1.50,1.00
2016.06.20 08:09:37.868,1.0457,1.04572,1.00,1.00
2016.06.20 08:09:37.970,1.04572,1.04574,1.50,1.50
2016.06.20 08:09:38.271,1.04574,1.04575,1.00,1.00
2016.06.20 08:09:38.580,1.04576,1.04578,2.62,1.00
2016.06.20 08:09:38.644,1.04577,1.04579,1.00,1.50
2016.06.20 08:09:38.898,1.04576,1.04578,1.95,1.00
2016.06.20 08:09:39.408,1.04576,1.04577,1.00,1.00
2016.06.20 08:09:39.916,1.04574,1.04576,1.57,1.50
2016.06.20 08:09:40.466,1.04574,1.04576,3.00,1.00
2016.06.20 08:09:40.721,1.04572,1.04575,4.57,1.00
2016.06.20 08:09:41.272,1.04572,1.04573,1.50,1.50
2016.06.20 08:09:41.527,1.04572,1.04573,1.50,1.50
2016.06.20 08:09:41.731,1.04566,1.04568,3.37,1.00
2016.06.20 08:09:41.886,1.04564,1.04566,3.82,1.00
2016.06.20 08:09:42.040,1.04564,1.04566,1.50,1.00
2016.06.20 08:09:42.550,1.04562,1.04564,3.00,1.00
2016.06.20 08:09:42.652,1.04563,1.04565,4.80,1.00
2016.06.20 08:09:42.860,1.04567,1.04568,2.25,2.25
2016.06.20 08:09:43.065,1.04569,1.0457,1.00,1.50
2016.06.20 08:09:43.524,1.04571,1.04572,1.00,1.50
2016.06.20 08:09:44.034,1.0457,1.04572,2.25,1.00
2016.06.20 08:09:44.543,1.04569,1.04572,1.87,1.50
2016.06.20 08:09:45.079,1.04569,1.0457,1.50,1.00
2016.06.20 08:09:45.233,1.04565,1.04567,2.25,1.00
2016.06.20 08:09:45.335,1.04564,1.04566,1.12,1.00
2016.06.20 08:09:45.846,1.04563,1.04565,3.37,1.50
2016.06.20 08:09:48.862,1.04563,1.04565,2.25,1.50
2016.06.20 08:09:49.669,1.04563,1.04565,1.50,1.00
2016.06.20 08:09:50.172,1.04562,1.04564,2.32,1.00
2016.06.20 08:09:51.131,1.04563,1.04565,1.00,1.00
2016.06.20 08:09:51.340,1.04566,1.0457,5.25,2.62
2016.06.20 08:09:51.493,1.04567,1.0457,4.50,1.50
2016.06.20 08:09:53.045,1.04566,1.0457,4.72,1.50
2016.06.20 08:09:54.473,1.04568,1.0457,1.12,1.50
2016.06.20 08:09:55.912,1.04567,1.04569,4.50,1.00
2016.06.20 08:09:56.065,1.04566,1.04569,3.82,1.00
2016.06.20 08:09:56.411,1.04565,1.04567,4.50,1.00
2016.06.20 08:09:56.565,1.04564,1.04566,1.00,1.50
2016.06.20 08:09:57.075,1.04563,1.04566,3.30,1.50
2016.06.20 08:09:59.091,1.04563,1.04565,2.92,1.00
2016.06.20 08:09:59.640,1.04563,1.04565,1.50,1.00
2016.06.20 08:10:00.536,1.04562,1.04564,1.95,1.00
2016.06.20 08:10:00.639,1.04561,1.04563,3.00,1.00
2016.06.20 08:10:00.792,1.0456,1.04562,1.00,1.00
2016.06.20 08:10:01.099,1.04555,1.04558,2.70,1.00
2016.06.20 08:10:01.567,1.04558,1.04559,1.00,1.00
2016.06.20 08:10:01.670,1.04558,1.0456,1.87,1.00
2016.06.20 08:10:02.182,1.04558,1.04561,1.42,1.50
2016.06.20 08:10:03.496,1.04557,1.04561,3.52,1.50
2016.06.20 08:10:04.667,1.04558,1.04561,1.00,1.50
2016.06.20 08:10:05.698,1.0456,1.04564,1.00,1.50
2016.06.20 08:10:05.997,1.04562,1.04564,1.00,1.50
2016.06.20 08:10:06.506,1.04562,1.04564,1.00,1.00
2016.06.20 08:10:06.801,1.0456,1.04563,1.65,1.00
2016.06.20 08:10:08.889,1.04559,1.04562,2.55,1.00
2016.06.20 08:10:08.992,1.04558,1.04561,2.92,1.00
2016.06.20 08:10:09.297,1.04555,1.04558,1.37,1.50
2016.06.20 08:10:09.349,1.04554,1.04558,5.02,1.50
2016.06.20 08:10:10.409,1.04554,1.04556,1.57,1.00
2016.06.20 08:10:10.715,1.04551,1.04553,1.20,1.50
2016.06.20 08:10:10.966,1.0455,1.04552,2.32,1.00
2016.06.20 08:10:13.156,1.0455,1.04552,1.20,1.00
2016.06.20 08:10:13.666,1.04549,1.04551,2.62,1.00
2016.06.20 08:10:14.174,1.0455,1.04551,1.00,1.00
2016.06.20 08:10:14.684,1.0455,1.04552,2.70,1.50
2016.06.20 08:10:14.928,1.04549,1.04552,3.45,1.50
2016.06.20 08:10:15.767,1.0455,1.04552,1.00,1.50
2016.06.20 08:10:16.022,1.0455,1.04554,2.92,1.69
2016.06.20 08:10:16.125,1.0455,1.04552,3.67,1.00
2016.06.20 08:10:16.228,1.0455,1.04554,3.37,1.69
2016.06.20 08:10:16.280,1.0455,1.04552,3.37,1.00
2016.06.20 08:10:16.801,1.04549,1.04552,4.27,1.50
2016.06.20 08:10:17.258,1.04548,1.04551,2.25,1.00
2016.06.20 08:10:17.360,1.04548,1.0455,1.20,1.00
2016.06.20 08:10:17.451,1.04548,1.0455,1.20,1.00
2016.06.20 08:10:17.605,1.04544,1.04547,6.00,1.00
2016.06.20 08:10:18.115,1.04544,1.04546,2.10,1.50
2016.06.20 08:10:18.268,1.04549,1.0455,1.50,2.25
2016.06.20 08:10:18.363,1.04549,1.0455,4.50,1.00
2016.06.20 08:10:18.415,1.0455,1.04552,1.12,1.50
2016.06.20 08:10:20.195,1.0455,1.04552,4.72,1.00
2016.06.20 08:10:20.348,1.04553,1.04555,1.00,1.50
2016.06.20 08:10:20.844,1.04552,1.04554,3.67,1.00
2016.06.20 08:10:21.050,1.0455,1.04552,1.20,1.50
2016.06.20 08:10:21.361,1.04548,1.04551,1.20,1.00
2016.06.20 08:10:21.870,1.04548,1.04552,1.50,1.50
2016.06.20 08:10:24.564,1.04548,1.04552,1.20,1.50
2016.06.20 08:10:25.907,1.04548,1.04551,1.95,1.00
2016.06.20 08:10:26.456,1.04548,1.04552,1.05,1.50
2016.06.20 08:10:26.841,1.04547,1.0455,4.12,1.00
2016.06.20 08:10:26.944,1.04546,1.0455,1.57,1.00
2016.06.20 08:10:27.630,1.04549,1.0455,1.00,1.00
2016.06.20 08:10:27.733,1.0455,1.04553,4.12,1.00
2016.06.20 08:10:27.836,1.04552,1.04555,1.00,1.00
2016.06.20 08:10:28.939,1.04552,1.04556,1.12,1.69
2016.06.20 08:10:30.349,1.04552,1.04555,1.87,1.00
2016.06.20 08:10:30.859,1.04551,1.04555,1.00,1.50
2016.06.20 08:10:31.412,1.04552,1.04556,1.87,1.69
2016.06.20 08:10:31.912,1.04555,1.04556,1.00,1.25
2016.06.20 08:10:32.014,1.04555,1.04558,1.12,1.25
2016.06.20 08:10:33.680,1.04553,1.04557,1.20,1.00
2016.06.20 08:10:34.212,1.04551,1.04556,3.37,1.00
2016.06.20 08:10:34.726,1.04551,1.04556,1.20,3.19
2016.06.20 08:10:35.734,1.0455,1.04555,3.00,1.00
2016.06.20 08:10:36.040,1.04549,1.04553,3.07,1.00
2016.06.20 08:10:36.356,1.04546,1.0455,2.62,1.50
2016.06.20 08:10:36.408,1.04546,1.0455,2.32,1.50
2016.06.20 08:10:36.916,1.04545,1.0455,1.50,1.50
2016.06.20 08:10:37.383,1.04544,1.04548,1.72,1.69
2016.06.20 08:10:37.687,1.04543,1.04546,1.65,1.00
2016.06.20 08:10:37.949,1.0454,1.04545,1.87,1.19
2016.06.20 08:10:39.963,1.04543,1.04546,1.00,1.76
2016.06.20 08:10:40.015,1.04543,1.04547,1.00,3.94
2016.06.20 08:10:40.270,1.04544,1.04548,1.50,1.69
2016.06.20 08:10:42.422,1.04545,1.04548,1.00,1.25
2016.06.20 08:10:42.572,1.04551,1.04552,1.00,7.87
2016.06.20 08:10:42.624,1.04552,1.04553,2.25,1.00
2016.06.20 08:10:42.778,1.04554,1.04557,1.00,1.57
2016.06.20 08:10:43.338,1.04555,1.04558,1.00,1.57
2016.06.20 08:10:43.796,1.04553,1.04557,3.00,1.00
2016.06.20 08:10:45.015,1.04555,1.04557,1.00,1.00
2016.06.20 08:10:45.222,1.04558,1.04559,1.00,1.00
2016.06.20 08:10:45.273,1.04557,1.04561,3.82,1.00
2016.06.20 08:10:45.528,1.04555,1.0456,1.50,3.19
2016.06.20 08:10:45.735,1.04553,1.04558,3.82,1.69
2016.06.20 08:10:46.242,1.04555,1.04557,1.00,1.00
2016.06.20 08:10:46.754,1.04556,1.0456,1.00,2.44
2016.06.20 08:10:47.256,1.04557,1.0456,1.50,1.69
2016.06.20 08:10:47.308,1.04558,1.04562,1.50,1.76
2016.06.20 08:10:47.817,1.04557,1.04562,1.00,3.56
2016.06.20 08:10:48.356,1.04558,1.04563,1.50,2.89
2016.06.20 08:10:48.860,1.04557,1.04562,3.22,1.25
2016.06.20 08:10:49.064,1.04559,1.04563,1.00,2.06
2016.06.20 08:10:49.573,1.0456,1.04563,1.00,1.19
2016.06.20 08:10:49.981,1.04557,1.04562,2.62,1.25
2016.06.20 08:10:50.491,1.04558,1.04562,1.87,1.25
2016.06.20 08:10:51.258,1.04559,1.04563,1.00,1.19
2016.06.20 08:10:51.516,1.04557,1.04561,1.50,1.50
2016.06.20 08:10:52.030,1.04556,1.0456,1.50,1.25
2016.06.20 08:10:52.540,1.04557,1.04562,2.62,3.19
2016.06.20 08:10:53.490,1.04558,1.04562,1.00,2.06
2016.06.20 08:10:53.693,1.04558,1.04563,1.05,4.69
2016.06.20 08:10:56.883,1.04558,1.04561,1.00,1.00
2016.06.20 08:10:57.144,1.04556,1.04561,3.07,2.06
2016.06.20 08:10:58.967,1.04557,1.04561,1.00,1.19
2016.06.20 08:10:59.121,1.04558,1.04562,1.50,1.31
2016.06.20 08:11:00.288,1.04559,1.04563,1.00,3.56
2016.06.20 08:11:00.797,1.04559,1.04563,1.50,1.50
2016.06.20 08:11:02.046,1.0456,1.04563,1.00,1.50
2016.06.20 08:11:02.558,1.04561,1.04564,1.50,1.25
2016.06.20 08:11:03.068,1.0456,1.04564,1.00,1.25
2016.06.20 08:11:04.226,1.0456,1.04564,1.50,1.19
2016.06.20 08:11:04.329,1.04558,1.04563,1.50,4.31
2016.06.20 08:11:04.841,1.04559,1.04562,1.00,1.25
2016.06.20 08:11:05.275,1.04557,1.04562,1.57,1.69
2016.06.20 08:11:05.784,1.04558,1.04563,1.00,5.06
2016.06.20 08:11:08.459,1.04559,1.04563,1.00,4.31
2016.06.20 08:11:09.969,1.0456,1.04563,1.50,2.81
2016.06.20 08:11:10.478,1.0456,1.04563,1.50,1.50
2016.06.20 08:11:12.094,1.04561,1.04563,1.00,1.50
2016.06.20 08:11:12.263,1.04562,1.04566,1.00,3.94
2016.06.20 08:11:12.783,1.04561,1.04565,2.25,1.00
2016.06.20 08:11:13.267,1.04559,1.04564,1.95,2.44
2016.06.20 08:11:14.887,1.04558,1.04562,3.75,1.00
2016.06.20 08:11:15.220,1.04557,1.04561,1.00,1.19
2016.06.20 08:11:15.757,1.04558,1.04562,1.00,2.81
2016.06.20 08:11:18.676,1.04559,1.04562,1.00,1.69
2016.06.20 08:11:20.753,1.04559,1.04562,1.00,1.00
2016.06.20 08:11:23.824,1.04561,1.04562,1.00,1.00
2016.06.20 08:11:23.926,1.04561,1.04564,1.50,1.50
2016.06.20 08:11:24.477,1.04561,1.04565,1.00,1.69
2016.06.20 08:11:24.986,1.0456,1.04564,1.00,1.00
2016.06.20 08:11:25.493,1.0456,1.04565,1.00,3.19
2016.06.20 08:11:26.804,1.0456,1.04564,1.00,1.00
2016.06.20 08:11:27.786,1.04559,1.04563,1.50,1.00
2016.06.20 08:11:28.314,1.04558,1.04562,1.00,2.06
2016.06.20 08:11:28.841,1.04558,1.04563,1.50,4.69
2016.06.20 08:11:29.354,1.04558,1.04561,1.00,1.00
2016.06.20 08:11:29.865,1.04557,1.04561,1.00,1.87
2016.06.20 08:11:30.171,1.04559,1.04563,1.00,4.69
2016.06.20 08:11:31.832,1.04558,1.04563,1.50,3.56
2016.06.20 08:11:32.138,1.04556,1.04561,2.25,2.06
2016.06.20 08:11:32.706,1.04557,1.04561,1.00,2.06
2016.06.20 08:11:33.704,1.04556,1.04561,1.50,1.19
2016.06.20 08:11:34.511,1.04557,1.04561,1.00,2.44
2016.06.20 08:11:34.816,1.04559,1.04561,1.00,1.69
2016.06.20 08:11:36.013,1.0456,1.04563,1.00,2.44
2016.06.20 08:11:36.166,1.0456,1.04563,1.00,1.69
2016.06.20 08:11:37.746,1.04558,1.04563,3.82,2.44
2016.06.20 08:11:37.798,1.04558,1.04561,1.57,1.69
2016.06.20 08:11:38.303,1.04557,1.04561,1.00,3.19
2016.06.20 08:11:40.543,1.04558,1.04561,1.00,1.69
2016.06.20 08:11:41.055,1.04557,1.04561,1.00,3.19
2016.06.20 08:11:41.741,1.04558,1.04561,1.00,1.00
2016.06.20 08:11:42.328,1.04559,1.04561,1.00,1.00
2016.06.20 08:11:42.537,1.04557,1.04561,2.25,1.00
2016.06.20 08:11:44.937,1.04556,1.04561,3.07,3.94
2016.06.20 08:11:46.726,1.04557,1.04561,1.00,4.31
2016.06.20 08:11:47.050,1.04559,1.04562,1.00,4.69
2016.06.20 08:11:47.101,1.0456,1.04562,1.00,2.25
2016.06.20 08:11:47.610,1.0456,1.04564,1.50,1.31
2016.06.20 08:11:49.518,1.04561,1.04565,1.00,2.81
2016.06.20 08:11:49.569,1.04564,1.04565,1.00,1.12
2016.06.20 08:11:49.723,1.04565,1.04567,1.00,2.81
2016.06.20 08:11:49.927,1.04566,1.0457,1.50,2.06
2016.06.20 08:11:52.901,1.04565,1.0457,1.50,2.81
2016.06.20 08:11:54.109,1.04566,1.04569,1.00,1.25
2016.06.20 08:11:54.161,1.04566,1.04567,1.00,1.00
2016.06.20 08:11:54.366,1.04557,1.04561,3.75,1.12
2016.06.20 08:11:54.468,1.04559,1.04562,1.00,1.19
2016.06.20 08:11:54.521,1.04559,1.04564,1.00,3.26
2016.06.20 08:11:54.617,1.0456,1.04563,1.00,1.69
2016.06.20 08:11:54.822,1.04557,1.04561,1.12,1.25
2016.06.20 08:11:55.282,1.04556,1.04561,2.85,2.44
2016.06.20 08:11:56.655,1.04557,1.04561,1.00,2.44
2016.06.20 08:11:57.705,1.04558,1.04561,1.00,1.69
2016.06.20 08:11:57.807,1.04558,1.04562,2.77,5.44
2016.06.20 08:11:58.164,1.04557,1.04561,1.10,1.69
2016.06.20 08:11:58.676,1.04556,1.04561,3.45,2.06
2016.06.20 08:11:59.186,1.04557,1.04561,1.00,1.19
2016.06.20 08:12:00.561,1.04558,1.04561,1.00,1.00
2016.06.20 08:12:01.071,1.04558,1.04562,1.00,3.64
2016.06.20 08:12:01.474,1.04557,1.04562,2.25,4.39
2016.06.20 08:12:02.233,1.04557,1.04562,3.00,4.01
2016.06.20 08:12:02.742,1.04558,1.04562,1.00,3.26
2016.06.20 08:12:02.997,1.04557,1.04562,3.00,4.01
2016.06.20 08:12:05.828,1.04557,1.04562,3.00,3.64
2016.06.20 08:12:06.338,1.04558,1.04562,1.00,3.64
2016.06.20 08:12:09.510,1.04557,1.04562,2.25,3.64
2016.06.20 08:12:09.612,1.04557,1.04562,2.25,4.39
2016.06.20 08:12:09.816,1.04557,1.04562,3.00,4.39
2016.06.20 08:12:10.069,1.04559,1.04562,1.00,1.39
2016.06.20 08:12:10.394,1.04564,1.04568,2.62,2.00
2016.06.20 08:12:10.446,1.04565,1.04569,4.20,1.19
2016.06.20 08:12:10.650,1.04566,1.0457,1.50,1.25
2016.06.20 08:12:11.177,1.04568,1.04571,1.00,1.19
2016.06.20 08:12:11.284,1.04569,1.04573,1.50,4.01
2016.06.20 08:12:11.948,1.04568,1.04572,1.12,1.69
2016.06.20 08:12:13.440,1.04568,1.04571,1.00,1.00
2016.06.20 08:12:13.797,1.04566,1.04568,2.32,3.25
2016.06.20 08:12:13.889,1.04565,1.04567,1.10,1.19
2016.06.20 08:12:13.940,1.04562,1.04565,1.00,1.49
2016.06.20 08:12:14.246,1.04559,1.04563,2.25,1.25
2016.06.20 08:12:15.225,1.0456,1.04562,1.00,1.19
2016.06.20 08:12:15.633,1.04558,1.04562,1.50,1.69
2016.06.20 08:12:16.160,1.04559,1.04562,1.00,1.19
2016.06.20 08:12:16.688,1.04558,1.04562,1.50,2.44
2016.06.20 08:12:17.028,1.04556,1.04559,1.12,1.00
2016.06.20 08:12:17.130,1.04555,1.04558,1.50,1.00
2016.06.20 08:12:18.884,1.04555,1.04559,1.50,1.00
2016.06.20 08:12:18.935,1.04557,1.0456,1.00,3.75
2016.06.20 08:12:19.088,1.04558,1.04562,1.00,5.70
2016.06.20 08:12:19.892,1.04558,1.04561,1.00,1.00
2016.06.20 08:12:20.704,1.04557,1.04561,3.07,1.00
2016.06.20 08:12:21.219,1.04558,1.04561,1.00,1.00
2016.06.20 08:12:21.727,1.04558,1.04562,1.50,3.94
2016.06.20 08:12:25.003,1.04558,1.04562,2.25,4.69
2016.06.20 08:12:25.504,1.04558,1.04561,1.50,1.50
2016.06.20 08:12:25.862,1.0456,1.04564,3.00,5.44
2016.06.20 08:12:26.172,1.04557,1.04561,1.57,1.19
2016.06.20 08:12:26.975,1.04557,1.04559,1.10,1.00
2016.06.20 08:12:27.077,1.04555,1.04559,1.50,1.69
2016.06.20 08:12:27.837,1.04556,1.0456,1.00,5.06
2016.06.20 08:12:27.990,1.04558,1.04562,1.00,2.51
2016.06.20 08:12:28.290,1.0456,1.04564,1.00,1.69
2016.06.20 08:12:28.938,1.04561,1.04565,1.12,2.51
2016.06.20 08:12:29.185,1.04563,1.04566,1.00,2.44
2016.06.20 08:12:31.660,1.04564,1.04568,1.00,3.56
2016.06.20 08:12:31.729,1.04564,1.04568,1.00,2.62
2016.06.20 08:12:31.985,1.04564,1.04566,1.50,1.00
2016.06.20 08:12:32.139,1.04562,1.04566,1.50,1.19
2016.06.20 08:12:34.175,1.04563,1.04567,1.00,2.06
2016.06.20 08:12:34.226,1.04563,1.04568,1.00,2.44
2016.06.20 08:12:34.582,1.04562,1.04565,1.30,1.00
2016.06.20 08:12:34.890,1.04559,1.04563,1.12,1.19
2016.06.20 08:12:35.145,1.04557,1.04561,1.10,1.50
2016.06.20 08:12:35.266,1.04556,1.0456,1.00,1.19
2016.06.20 08:12:35.774,1.04555,1.0456,2.25,1.69
2016.06.20 08:12:37.247,1.04555,1.04558,1.00,1.00
2016.06.20 08:12:37.505,1.04552,1.04557,1.57,2.81
2016.06.20 08:12:38.023,1.04553,1.04557,1.00,3.56
2016.06.20 08:12:38.532,1.04553,1.04557,3.00,1.00
2016.06.20 08:12:39.643,1.04554,1.04558,2.14,2.01
2016.06.20 08:12:40.153,1.04555,1.0456,1.00,3.56
2016.06.20 08:12:40.685,1.04556,1.0456,1.00,1.69
2016.06.20 08:12:42.255,1.04556,1.0456,1.00,1.25
2016.06.20 08:12:43.618,1.04555,1.0456,2.25,1.69
2016.06.20 08:12:44.228,1.04556,1.0456,1.00,1.25
2016.06.20 08:12:44.534,1.04555,1.04558,1.50,1.00
2016.06.20 08:12:44.902,1.04553,1.04557,1.57,1.00
2016.06.20 08:12:45.207,1.04552,1.04555,1.00,1.00
2016.06.20 08:12:45.570,1.0455,1.04554,1.00,1.00
2016.06.20 08:12:45.622,1.04549,1.04552,1.10,1.00
2016.06.20 08:12:45.928,1.04545,1.0455,3.00,1.00
2016.06.20 08:12:46.433,1.04545,1.04549,1.00,2.25
2016.06.20 08:12:46.637,1.04545,1.04547,1.00,1.00
2016.06.20 08:12:46.892,1.04543,1.04547,1.00,1.50
2016.06.20 08:12:49.379,1.04543,1.04548,1.50,2.50
2016.06.20 08:12:49.887,1.04543,1.04547,2.25,1.00
2016.06.20 08:12:50.797,1.04543,1.04546,1.50,1.00
2016.06.20 08:12:51.304,1.04543,1.04547,1.00,2.25
2016.06.20 08:12:51.508,1.04541,1.04545,1.57,1.00
2016.06.20 08:12:51.944,1.04539,1.04543,1.50,1.00
2016.06.20 08:12:52.454,1.04539,1.04544,1.50,2.74
2016.06.20 08:12:53.184,1.04539,1.04543,2.25,1.00
2016.06.20 08:12:53.726,1.04538,1.04542,1.57,1.50
2016.06.20 08:12:54.236,1.04539,1.04543,1.00,2.25
2016.06.20 08:12:54.758,1.04539,1.04542,1.00,1.00
2016.06.20 08:12:55.266,1.04538,1.04542,1.50,1.00
2016.06.20 08:12:57.163,1.04538,1.04543,2.25,2.62
2016.06.20 08:12:58.055,1.04539,1.04543,1.00,2.62
2016.06.20 08:12:58.603,1.04539,1.04542,1.00,1.00
2016.06.20 08:12:59.151,1.04538,1.04542,2.25,1.00
2016.06.20 08:12:59.698,1.04538,1.0454,1.00,1.00
2016.06.20 08:13:00.753,1.04539,1.0454,1.00,1.00
2016.06.20 08:13:00.856,1.04539,1.04543,1.50,4.12
2016.06.20 08:13:00.908,1.04541,1.04544,1.00,1.57
2016.06.20 08:13:00.959,1.04541,1.04545,1.00,3.37
2016.06.20 08:13:03.164,1.0454,1.04545,3.75,1.00
2016.06.20 08:13:03.672,1.04541,1.04545,1.00,2.25
2016.06.20 08:13:04.974,1.0454,1.04545,2.25,1.50
2016.06.20 08:13:05.870,1.0454,1.04544,1.50,1.00
2016.06.20 08:13:06.125,1.0454,1.04542,1.50,1.00
2016.06.20 08:13:06.679,1.04538,1.04542,3.00,1.50
2016.06.20 08:13:07.191,1.04538,1.04541,1.00,1.00
2016.06.20 08:13:07.445,1.04536,1.0454,1.50,1.00
2016.06.20 08:13:07.970,1.04536,1.04539,1.00,1.00
2016.06.20 08:13:08.482,1.04537,1.0454,1.00,1.00
2016.06.20 08:13:08.994,1.04537,1.04542,1.50,3.00
2016.06.20 08:13:09.495,1.04537,1.04542,1.50,1.50
2016.06.20 08:13:09.952,1.04539,1.04543,1.00,2.62
2016.06.20 08:13:10.299,1.04543,1.04546,1.00,1.57
2016.06.20 08:13:10.503,1.04541,1.04546,2.25,1.50
2016.06.20 08:13:11.016,1.04541,1.04545,1.00,3.00
2016.06.20 08:13:11.677,1.04542,1.04546,1.00,1.75
2016.06.20 08:13:11.830,1.04544,1.04547,1.50,2.25
2016.06.20 08:13:12.085,1.04546,1.0455,1.69,1.00
2016.06.20 08:13:12.999,1.04546,1.04549,1.00,1.00
2016.06.20 08:13:13.517,1.04546,1.0455,2.25,1.00
2016.06.20 08:13:15.674,1.04545,1.04549,3.00,1.00
2016.06.20 08:13:16.132,1.04545,1.04547,1.00,1.00
2016.06.20 08:13:16.184,1.04543,1.04546,1.57,1.00
2016.06.20 08:13:16.440,1.0454,1.04545,1.69,1.50
2016.06.20 08:13:16.948,1.04542,1.04544,1.00,1.12
2016.06.20 08:13:17.203,1.0454,1.04543,1.00,1.00
2016.06.20 08:13:17.610,1.04542,1.04544,1.00,1.00
2016.06.20 08:13:18.158,1.04542,1.04545,1.00,1.12
2016.06.20 08:13:19.568,1.04542,1.04546,1.50,3.37
2016.06.20 08:13:19.874,1.04539,1.04543,4.57,1.48
2016.06.20 08:13:20.183,1.04536,1.04541,1.57,1.00
2016.06.20 08:13:20.234,1.04536,1.04539,1.10,1.00
2016.06.20 08:13:20.286,1.04536,1.04541,2.32,2.62
2016.06.20 08:13:20.388,1.04537,1.04539,1.00,1.50
2016.06.20 08:13:20.695,1.04538,1.04542,1.00,2.20
2016.06.20 08:13:21.205,1.04539,1.04543,1.00,1.87
2016.06.20 08:13:24.708,1.04539,1.04544,2.25,1.37
2016.06.20 08:13:25.117,1.04541,1.04545,1.00,3.62
2016.06.20 08:13:26.014,1.04541,1.04545,1.00,1.50
2016.06.20 08:13:27.028,1.04542,1.04545,1.00,1.00
2016.06.20 08:13:27.330,1.04545,1.04549,1.00,4.12
2016.06.20 08:13:27.432,1.04546,1.0455,1.50,3.37
2016.06.20 08:13:27.940,1.04547,1.04551,1.00,4.35
2016.06.20 08:13:28.176,1.04549,1.04552,1.00,2.25
2016.06.20 08:13:28.380,1.0455,1.04553,1.50,1.00
2016.06.20 08:13:28.952,1.0455,1.04554,2.25,1.12
2016.06.20 08:13:29.511,1.0455,1.04553,1.50,1.50
2016.06.20 08:13:30.909,1.04549,1.04553,1.50,1.00
2016.06.20 08:13:31.418,1.0455,1.04554,1.50,1.12
2016.06.20 08:13:33.072,1.04553,1.04555,3.00,3.75
2016.06.20 08:13:33.404,1.04556,1.04558,1.00,6.97
2016.06.20 08:13:33.814,1.04556,1.04559,1.00,1.12
2016.06.20 08:13:34.570,1.04556,1.0456,1.50,1.00
2016.06.20 08:13:35.532,1.04556,1.04561,1.50,3.97
2016.06.20 08:13:36.106,1.04557,1.0456,1.00,1.00
2016.06.20 08:13:36.312,1.0456,1.04562,1.00,5.51
2016.06.20 08:13:36.467,1.04561,1.04563,1.50,1.00
2016.06.20 08:13:36.518,1.04561,1.04565,1.50,1.12
2016.06.20 08:13:37.024,1.04561,1.04565,1.50,3.30
2016.06.20 08:13:38.192,1.04561,1.04565,1.50,4.57
2016.06.20 08:13:38.746,1.04561,1.04564,1.00,1.30
2016.06.20 08:13:40.133,1.04561,1.04565,1.50,2.92
2016.06.20 08:13:40.235,1.04559,1.04563,2.32,1.00
2016.06.20 08:13:40.737,1.0456,1.04564,1.00,3.97
2016.06.20 08:13:41.425,1.04559,1.04563,2.25,1.87
2016.06.20 08:13:42.165,1.0456,1.04564,1.00,3.37
2016.06.20 08:13:42.679,1.0456,1.04565,1.87,2.25
2016.06.20 08:13:43.452,1.0456,1.04564,1.00,1.00
2016.06.20 08:13:46.112,1.04559,1.04562,1.12,1.00
2016.06.20 08:13:46.239,1.04557,1.04561,1.00,1.00
2016.06.20 08:13:47.051,1.04558,1.04562,1.00,3.37
2016.06.20 08:13:47.362,1.0456,1.04564,1.00,2.92
2016.06.20 08:13:48.593,1.04559,1.04564,2.25,1.35
2016.06.20 08:13:52.342,1.04559,1.04562,1.00,1.00
2016.06.20 08:13:52.445,1.04557,1.04561,1.10,3.00
2016.06.20 08:13:52.598,1.04556,1.04559,1.00,1.50
2016.06.20 08:13:52.700,1.04554,1.04558,1.01,1.00
2016.06.20 08:13:53.237,1.04555,1.04559,1.50,1.00
2016.06.20 08:13:53.747,1.04555,1.0456,1.50,3.37
2016.06.20 08:13:55.217,1.04556,1.04561,1.00,4.12
2016.06.20 08:13:55.726,1.04557,1.04561,1.50,1.12
2016.06.20 08:13:56.277,1.04557,1.04562,2.25,2.25
2016.06.20 08:13:56.735,1.04556,1.0456,1.50,1.00
2016.06.20 08:14:01.799,1.04557,1.04561,1.00,3.37
2016.06.20 08:14:02.884,1.04556,1.0456,1.47,1.00
2016.06.20 08:14:03.397,1.04556,1.0456,1.00,1.50
2016.06.20 08:14:03.905,1.04556,1.04561,1.00,4.12
2016.06.20 08:14:04.419,1.04556,1.0456,1.00,1.50
2016.06.20 08:14:04.928,1.04555,1.04559,1.31,1.00
2016.06.20 08:14:06.704,1.04555,1.0456,1.50,2.62
2016.06.20 08:14:07.722,1.04556,1.0456,1.00,2.62
2016.06.20 08:14:08.230,1.04557,1.04561,1.00,2.62
2016.06.20 08:14:08.845,1.04557,1.0456,1.00,1.00
2016.06.20 08:14:09.394,1.04557,1.04561,1.00,3.94
2016.06.20 08:14:10.763,1.04556,1.04561,1.20,3.94
2016.06.20 08:14:11.464,1.04556,1.0456,1.20,1.00
2016.06.20 08:14:11.973,1.04555,1.04559,1.57,1.12
2016.06.20 08:14:14.154,1.04556,1.0456,1.00,1.12
2016.06.20 08:14:14.661,1.04557,1.04561,1.50,1.50
2016.06.20 08:14:17.116,1.04556,1.04559,2.70,1.00
2016.06.20 08:14:19.300,1.04558,1.0456,1.00,1.00
2016.06.20 08:14:19.352,1.04558,1.04562,1.50,3.75
2016.06.20 08:14:19.861,1.0456,1.04563,1.00,1.50
2016.06.20 08:14:24.594,1.04561,1.04564,1.00,1.50
2016.06.20 08:14:25.260,1.04561,1.04565,1.00,1.00
2016.06.20 08:14:25.772,1.04561,1.04564,1.00,1.50
2016.06.20 08:14:26.302,1.0456,1.04564,1.00,1.50
2016.06.20 08:14:27.168,1.04562,1.04564,1.00,1.00
2016.06.20 08:14:32.743,1.04562,1.04565,1.50,3.00
2016.06.20 08:14:33.052,1.04561,1.04563,1.50,1.00
2016.06.20 08:14:33.511,1.0456,1.04562,1.50,1.00
2016.06.20 08:14:34.641,1.0456,1.04564,1.50,1.50
2016.06.20 08:14:35.513,1.04561,1.04564,1.00,2.25
2016.06.20 08:14:36.018,1.04562,1.04564,1.00,1.00
2016.06.20 08:14:38.165,1.04561,1.04564,1.50,1.00
2016.06.20 08:14:38.322,1.04559,1.04561,1.00,1.87
2016.06.20 08:14:38.628,1.04554,1.04555,1.25,1.00
2016.06.20 08:14:39.130,1.04553,1.04556,1.00,3.00
2016.06.20 08:14:39.640,1.04553,1.04555,1.00,1.00
2016.06.20 08:14:39.947,1.04552,1.04554,1.50,1.00
2016.06.20 08:14:40.252,1.0455,1.04554,2.25,4.21
2016.06.20 08:14:40.456,1.04552,1.04553,2.25,1.00
2016.06.20 08:14:40.710,1.04552,1.04555,2.25,1.11
2016.06.20 08:14:41.213,1.04552,1.04555,1.50,2.71
2016.06.20 08:14:41.722,1.04552,1.04555,1.50,2.33
2016.06.20 08:14:43.097,1.04552,1.04555,1.00,2.71
2016.06.20 08:14:44.168,1.04551,1.04554,1.50,1.00
2016.06.20 08:14:44.676,1.04551,1.04555,2.25,1.50
2016.06.20 08:14:46.612,1.04551,1.04554,1.50,1.00
2016.06.20 08:14:47.121,1.0455,1.04554,3.94,1.00
2016.06.20 08:14:47.274,1.04552,1.04554,1.00,1.00
2016.06.20 08:14:47.427,1.04552,1.04556,1.00,2.25
2016.06.20 08:14:47.580,1.04554,1.04556,1.00,1.00
2016.06.20 08:14:47.836,1.04557,1.04561,2.25,1.00
2016.06.20 08:14:48.347,1.04556,1.04561,2.44,2.25
2016.06.20 08:14:48.854,1.04557,1.04561,1.00,1.00
2016.06.20 08:14:50.971,1.04556,1.04561,3.00,1.50
2016.06.20 08:14:51.024,1.04556,1.04559,3.00,1.00
2016.06.20 08:14:51.471,1.04554,1.04559,3.07,1.69
2016.06.20 08:14:51.523,1.04554,1.04557,1.57,1.00
2016.06.20 08:14:51.781,1.04552,1.04557,1.50,1.69
2016.06.20 08:14:52.295,1.04552,1.04555,1.50,1.00
2016.06.20 08:14:52.806,1.04554,1.04557,1.00,1.19
2016.06.20 08:14:53.320,1.04553,1.04556,1.00,1.69
2016.06.20 08:14:53.983,1.04554,1.04556,1.00,1.00
2016.06.20 08:14:54.289,1.04556,1.04558,1.00,1.00
2016.06.20 08:14:54.805,1.04556,1.04559,1.00,1.25
2016.06.20 08:14:56.586,1.04555,1.04559,1.50,1.25
2016.06.20 08:14:57.095,1.04554,1.04559,1.10,2.44
2016.06.20 08:14:57.843,1.04553,1.04558,4.87,1.69
2016.06.20 08:14:58.048,1.04552,1.04556,1.95,1.69
2016.06.20 08:14:58.252,1.0455,1.04554,4.57,1.00
2016.06.20 08:14:58.800,1.04549,1.04554,2.32,2.44
2016.06.20 08:15:00.714,1.04549,1.04551,1.50,1.25
2016.06.20 08:15:00.817,1.04546,1.0455,2.25,1.25
2016.06.20 08:15:01.327,1.04545,1.0455,2.70,1.69
2016.06.20 08:15:01.481,1.04548,1.0455,1.00,1.69
2016.06.20 08:15:02.172,1.04548,1.04549,1.00,1.00
2016.06.20 08:15:02.274,1.04545,1.04549,2.32,1.00
2016.06.20 08:15:02.993,1.04544,1.04548,1.50,1.00
2016.06.20 08:15:03.302,1.04543,1.04546,1.00,1.00
2016.06.20 08:15:03.506,1.04541,1.04545,1.20,1.25
2016.06.20 08:15:03.609,1.04543,1.04545,1.50,1.25
2016.06.20 08:15:03.710,1.04543,1.04547,1.50,1.69
2016.06.20 08:15:04.189,1.04545,1.04548,1.00,1.69
2016.06.20 08:15:04.805,1.04544,1.04548,1.00,2.44
2016.06.20 08:15:05.143,1.04549,1.04552,1.00,2.25
2016.06.20 08:15:05.652,1.04549,1.04553,1.50,1.31
2016.06.20 08:15:06.781,1.04549,1.04553,1.50,1.25
2016.06.20 08:15:07.089,1.04547,1.04551,1.00,1.25
2016.06.20 08:15:07.892,1.04547,1.0455,1.00,1.25
2016.06.20 08:15:08.046,1.04545,1.04549,1.20,1.00
2016.06.20 08:15:08.548,1.04544,1.04549,3.07,1.69
2016.06.20 08:15:10.065,1.04543,1.04547,2.25,1.69
2016.06.20 08:15:10.218,1.04541,1.04546,1.57,1.69
2016.06.20 08:15:10.728,1.04542,1.04546,1.50,1.25
2016.06.20 08:15:11.312,1.04543,1.04546,1.00,1.25
2016.06.20 08:15:11.835,1.04542,1.04546,1.00,1.25
2016.06.20 08:15:13.351,1.04543,1.04546,1.00,1.25
2016.06.20 08:15:13.723,1.04545,1.04548,1.00,1.01
2016.06.20 08:15:13.927,1.04546,1.0455,1.00,1.69
2016.06.20 08:15:16.671,1.04545,1.0455,3.00,1.69
2016.06.20 08:15:17.173,1.04545,1.04549,2.25,1.00
2016.06.20 08:15:19.165,1.04544,1.04549,3.82,1.00
2016.06.20 08:15:19.216,1.04544,1.04547,1.57,1.00
2016.06.20 08:15:19.522,1.0454,1.04541,1.00,1.00
2016.06.20 08:15:19.596,1.04539,1.04541,1.00,1.00
2016.06.20 08:15:19.750,1.04537,1.04539,1.00,1.00
2016.06.20 08:15:20.260,1.04538,1.0454,1.00,1.00
2016.06.20 08:15:20.873,1.04537,1.0454,2.62,1.50
2016.06.20 08:15:21.383,1.04538,1.0454,1.00,1.00
2016.06.20 08:15:21.969,1.04537,1.0454,1.00,1.50
2016.06.20 08:15:23.249,1.04536,1.0454,1.57,1.50
2016.06.20 08:15:23.555,1.04535,1.04538,1.00,1.00
2016.06.20 08:15:24.101,1.04536,1.04538,1.00,1.00
2016.06.20 08:15:25.004,1.04536,1.04539,1.00,1.69
2016.06.20 08:15:25.413,1.04535,1.04537,1.50,1.00
2016.06.20 08:15:25.611,1.04532,1.04533,1.00,1.00
2016.06.20 08:15:25.663,1.0453,1.04533,1.10,1.00
2016.06.20 08:15:26.172,1.04529,1.04533,2.32,1.50
2016.06.20 08:15:26.684,1.04528,1.04533,4.12,1.69
2016.06.20 08:15:27.203,1.04529,1.04532,1.00,1.00
2016.06.20 08:15:27.712,1.0453,1.04531,1.00,1.12
2016.06.20 08:15:27.764,1.04528,1.04532,1.50,1.12
2016.06.20 08:15:27.917,1.04528,1.0453,1.50,1.00
2016.06.20 08:15:28.172,1.04528,1.04532,3.75,1.25
2016.06.20 08:15:28.703,1.04529,1.04533,1.50,1.19
2016.06.20 08:15:29.869,1.04528,1.04532,2.25,1.25
2016.06.20 08:15:31.296,1.04528,1.04531,1.00,1.00
2016.06.20 08:15:31.398,1.04527,1.04529,3.52,1.00
2016.06.20 08:15:31.450,1.04528,1.04532,1.00,6.64
2016.06.20 08:15:31.501,1.04528,1.04532,1.50,6.56
2016.06.20 08:15:31.603,1.04528,1.04531,1.50,1.01
2016.06.20 08:15:32.141,1.04529,1.04533,1.00,1.69
2016.06.20 08:15:32.801,1.04528,1.04533,2.25,2.06
2016.06.20 08:15:33.301,1.04528,1.0453,1.00,1.69
2016.06.20 08:15:33.658,1.04529,1.04534,1.50,3.26
2016.06.20 08:15:36.466,1.0453,1.04534,1.00,1.95
2016.06.20 08:15:37.101,1.0453,1.04535,1.50,2.62
2016.06.20 08:15:37.822,1.0453,1.04534,1.00,1.00
2016.06.20 08:15:38.363,1.04529,1.04534,1.94,1.00
2016.06.20 08:15:38.516,1.04529,1.04531,1.25,1.00
2016.06.20 08:15:39.024,1.04528,1.04532,1.50,1.00
2016.06.20 08:15:39.533,1.04528,1.04533,2.50,1.00
2016.06.20 08:15:39.924,1.04531,1.04534,2.87,5.55
2016.06.20 08:15:40.434,1.04531,1.04534,3.62,3.60
2016.06.20 08:15:40.936,1.04531,1.04533,3.62,1.00
2016.06.20 08:15:41.445,1.04531,1.04534,2.87,3.60
2016.06.20 08:15:41.955,1.04531,1.04534,2.87,2.62
2016.06.20 08:15:42.464,1.04531,1.04534,2.12,2.25
2016.06.20 08:15:42.809,1.04528,1.04533,2.70,1.12
2016.06.20 08:15:43.369,1.04528,1.04532,2.25,1.00
2016.06.20 08:15:45.623,1.04528,1.04533,2.25,3.00
2016.06.20 08:15:47.586,1.04529,1.04533,1.00,1.12
2016.06.20 08:15:50.736,1.04528,1.04533,2.50,1.12
2016.06.20 08:15:51.306,1.04528,1.04532,1.75,1.00
2016.06.20 08:15:51.815,1.04527,1.04531,1.00,1.00
2016.06.20 08:15:52.316,1.04527,1.04532,1.50,1.12
2016.06.20 08:15:53.050,1.04527,1.04531,2.25,1.00
2016.06.20 08:15:53.560,1.04526,1.0453,1.50,1.00
2016.06.20 08:15:55.261,1.04526,1.04529,1.00,1.00
2016.06.20 08:15:55.771,1.04526,1.0453,1.50,1.00
2016.06.20 08:15:57.328,1.04527,1.04532,1.00,2.06
2016.06.20 08:15:57.836,1.04526,1.04531,1.50,4.50
2016.06.20 08:16:00.953,1.04526,1.0453,2.25,1.00
2016.06.20 08:16:01.512,1.04528,1.0453,1.00,1.00
2016.06.20 08:16:01.665,1.04529,1.04533,1.00,1.00
2016.06.20 08:16:02.216,1.04529,1.04534,1.50,1.87
2016.06.20 08:16:05.212,1.04529,1.04534,1.75,1.87
2016.06.20 08:16:05.748,1.04529,1.04534,1.75,1.87
2016.06.20 08:16:06.486,1.04529,1.04534,1.75,1.87
2016.06.20 08:16:07.490,1.04529,1.04534,1.50,1.87
2016.06.20 08:16:08.612,1.04529,1.04533,1.50,1.00
2016.06.20 08:16:09.533,1.04529,1.04534,1.50,1.75
2016.06.20 08:16:10.635,1.04529,1.04533,1.50,1.00
2016.06.20 08:16:14.385,1.0453,1.04534,1.00,1.87
2016.06.20 08:16:14.741,1.04532,1.04534,1.00,1.00
2016.06.20 08:16:14.894,1.04537,1.04539,1.50,1.00
2016.06.20 08:16:14.958,1.04537,1.04541,1.00,1.20
2016.06.20 08:16:15.460,1.04538,1.04541,1.50,2.62
2016.06.20 08:16:15.883,1.04539,1.04543,1.00,1.12
2016.06.20 08:16:16.341,1.04537,1.04542,1.95,1.50
2016.06.20 08:16:16.855,1.04537,1.04541,1.20,1.00
2016.06.20 08:16:17.659,1.04536,1.04541,2.70,1.00
2016.06.20 08:16:17.814,1.04535,1.04539,2.06,1.00
2016.06.20 08:16:17.968,1.04534,1.04538,2.25,1.00
2016.06.20 08:16:18.431,1.04534,1.04537,2.25,1.00
2016.06.20 08:16:18.839,1.04534,1.04538,1.50,2.25
2016.06.20 08:16:19.351,1.04535,1.04539,1.50,1.00
2016.06.20 08:16:20.257,1.04535,1.0454,1.50,1.00
2016.06.20 08:16:20.802,1.04535,1.04539,1.00,1.30
2016.06.20 08:16:21.007,1.04537,1.04541,1.00,1.95
2016.06.20 08:16:21.262,1.04539,1.04544,3.75,1.00
2016.06.20 08:16:21.569,1.04542,1.04545,1.00,1.50
2016.06.20 08:16:21.875,1.04546,1.04549,1.00,2.81
2016.06.20 08:16:22.388,1.04547,1.04551,1.12,5.06
2016.06.20 08:16:22.800,1.04549,1.04551,1.00,2.25
2016.06.20 08:16:22.852,1.04549,1.04553,2.25,1.95
2016.06.20 08:16:22.954,1.04551,1.04554,1.00,1.12
2016.06.20 08:16:23.280,1.04551,1.04553,1.69,1.00
2016.06.20 08:16:23.588,1.04549,1.04551,1.87,1.22
2016.06.20 08:16:23.639,1.0455,1.04552,1.00,1.00
2016.06.20 08:16:23.741,1.0455,1.04554,1.00,3.00
2016.06.20 08:16:23.939,1.04549,1.04551,1.12,1.00
2016.06.20 08:16:24.246,1.04547,1.0455,1.50,1.50
2016.06.20 08:16:24.783,1.04547,1.04549,1.00,1.00
2016.06.20 08:16:25.294,1.04546,1.04549,1.50,1.00
2016.06.20 08:16:25.450,1.04548,1.0455,1.00,1.31
2016.06.20 08:16:25.560,1.04548,1.04552,1.12,1.00
2016.06.20 08:16:25.713,1.04548,1.0455,3.37,1.00
2016.06.20 08:16:25.867,1.04546,1.04548,1.00,1.00
2016.06.20 08:16:25.919,1.04544,1.04546,1.00,1.00
2016.06.20 08:16:26.123,1.04543,1.04544,1.00,1.50
2016.06.20 08:16:26.429,1.04544,1.04546,1.00,1.50
2016.06.20 08:16:26.683,1.04543,1.04545,2.32,1.00
2016.06.20 08:16:26.836,1.04541,1.04544,1.50,1.00
2016.06.20 08:16:27.008,1.04543,1.04544,1.00,1.00
2016.06.20 08:16:27.571,1.04543,1.04545,1.50,1.69
2016.06.20 08:16:27.805,1.04545,1.04548,1.00,1.25
2016.06.20 08:16:27.859,1.04547,1.04549,1.00,2.25
2016.06.20 08:16:29.392,1.04547,1.04548,1.00,1.25
2016.06.20 08:16:29.547,1.04545,1.04546,1.00,1.69
2016.06.20 08:16:29.628,1.04543,1.04544,1.00,1.50
2016.06.20 08:16:30.138,1.04542,1.04543,1.57,1.00
2016.06.20 08:16:32.726,1.04542,1.04543,1.50,1.00
2016.06.20 08:16:32.880,1.04539,1.04541,2.62,1.00
2016.06.20 08:16:33.413,1.04539,1.0454,1.00,1.50
2016.06.20 08:16:33.820,1.04541,1.04543,4.37,1.25
2016.06.20 08:16:33.872,1.04543,1.04544,2.25,2.44
2016.06.20 08:16:33.924,1.04543,1.04544,2.25,1.00
2016.06.20 08:16:34.127,1.04546,1.04547,1.00,1.00
2016.06.20 08:16:34.179,1.04547,1.0455,1.00,3.56
2016.06.20 08:16:34.231,1.04549,1.04551,1.00,1.87
2016.06.20 08:16:34.333,1.04547,1.0455,1.00,3.19
2016.06.20 08:16:34.589,1.04545,1.04546,1.50,1.00
2016.06.20 08:16:35.139,1.04544,1.04545,1.00,1.50
2016.06.20 08:16:35.650,1.04543,1.04544,2.25,1.00
2016.06.20 08:16:36.158,1.04542,1.04543,1.00,1.50
2016.06.20 08:16:36.673,1.04541,1.04542,1.00,1.50
2016.06.20 08:16:37.755,1.04542,1.04544,1.00,1.00
2016.06.20 08:16:40.831,1.04543,1.04544,1.00,1.50
2016.06.20 08:16:40.984,1.04542,1.04544,3.37,1.50
2016.06.20 08:16:41.190,1.04532,1.04535,2.70,2.44
2016.06.20 08:16:41.304,1.04531,1.04532,1.00,1.00
2016.06.20 08:16:41.712,1.04529,1.04531,1.00,1.00
2016.06.20 08:16:42.072,1.04527,1.04529,2.32,1.00
2016.06.20 08:16:42.276,1.04524,1.04526,2.06,1.00
2016.06.20 08:16:42.633,1.04526,1.04527,1.00,1.50
2016.06.20 08:16:43.179,1.04525,1.04526,1.69,1.00
2016.06.20 08:16:43.795,1.04524,1.04526,1.00,1.50
2016.06.20 08:16:44.319,1.04523,1.04526,2.14,1.50
2016.06.20 08:16:44.837,1.04525,1.04526,1.00,1.50
2016.06.20 08:16:48.265,1.04524,1.04526,1.25,1.00
2016.06.20 08:16:48.893,1.04522,1.04525,6.04,1.50
2016.06.20 08:16:49.418,1.04524,1.04525,1.25,1.50
2016.06.20 08:16:49.929,1.04525,1.04526,1.69,1.50
2016.06.20 08:16:50.430,1.04524,1.04525,1.25,1.00
2016.06.20 08:16:50.947,1.04524,1.04525,2.44,1.00
2016.06.20 08:16:51.558,1.04525,1.04526,1.25,1.50
2016.06.20 08:16:51.899,1.04527,1.04529,1.69,1.00
2016.06.20 08:16:52.005,1.04528,1.0453,1.31,1.50
2016.06.20 08:16:52.158,1.04529,1.04531,1.19,1.50
2016.06.20 08:16:52.510,1.0453,1.04532,1.25,1.50
2016.06.20 08:16:52.918,1.04529,1.04531,3.64,1.00
2016.06.20 08:16:53.622,1.04528,1.0453,1.25,1.50
2016.06.20 08:16:54.028,1.04527,1.04529,3.19,1.00
2016.06.20 08:16:54.836,1.04527,1.04529,1.19,1.50
2016.06.20 08:16:55.285,1.04526,1.04527,3.19,1.00
2016.06.20 08:16:55.348,1.04525,1.04527,2.44,1.00
2016.06.20 08:16:55.856,1.04526,1.04529,1.25,1.50
2016.06.20 08:16:55.958,1.04529,1.0453,1.00,1.00
2016.06.20 08:16:56.093,1.0453,1.04531,1.00,1.00
2016.06.20 08:16:56.449,1.0453,1.04533,1.00,1.72
2016.06.20 08:16:56.551,1.04529,1.04531,1.00,1.00
2016.06.20 08:16:56.654,1.04528,1.04533,2.32,6.00
2016.06.20 08:16:56.757,1.0453,1.04533,1.00,1.50
2016.06.20 08:16:57.263,1.0453,1.04534,1.00,3.00
2016.06.20 08:16:57.722,1.0453,1.04532,1.00,1.00
2016.06.20 08:16:57.925,1.04528,1.04531,1.00,1.00
2016.06.20 08:16:58.232,1.0453,1.04532,1.00,1.00
2016.06.20 08:16:58.335,1.04531,1.04534,1.00,1.00
2016.06.20 08:16:58.540,1.04529,1.04533,3.07,1.00
2016.06.20 08:16:58.910,1.04528,1.04531,2.25,1.00
2016.06.20 08:16:59.166,1.0453,1.04534,1.50,1.01
2016.06.20 08:16:59.688,1.04531,1.04534,1.00,1.00
2016.06.20 08:16:59.841,1.04529,1.04533,1.57,1.00
2016.06.20 08:17:00.097,1.04531,1.04534,1.00,1.00
2016.06.20 08:17:00.402,1.04529,1.04532,1.00,1.50
2016.06.20 08:17:00.606,1.04527,1.04531,2.25,1.00
2016.06.20 08:17:01.064,1.04526,1.04529,2.51,1.00
2016.06.20 08:17:01.480,1.04528,1.04529,2.25,1.00
2016.06.20 08:17:01.582,1.0453,1.04532,1.50,1.00
2016.06.20 08:17:01.736,1.04532,1.04536,1.00,2.25
2016.06.20 08:17:02.294,1.04533,1.04537,1.00,1.72
2016.06.20 08:17:02.802,1.04534,1.04537,1.00,1.50
2016.06.20 08:17:03.327,1.04533,1.04537,2.25,1.50
2016.06.20 08:17:03.935,1.04534,1.04538,1.50,6.00
2016.06.20 08:17:04.039,1.04537,1.04539,1.00,1.12
2016.06.20 08:17:04.193,1.04538,1.04542,1.50,2.25
2016.06.20 08:17:04.396,1.04537,1.0454,1.50,1.00
2016.06.20 08:17:04.905,1.04536,1.04539,1.57,1.00
2016.06.20 08:17:05.417,1.04535,1.04539,1.57,1.00
2016.06.20 08:17:05.967,1.04536,1.04539,1.50,1.00
2016.06.20 08:17:08.948,1.04535,1.04538,1.57,1.00
2016.06.20 08:17:09.255,1.04531,1.04534,1.07,1.00
2016.06.20 08:17:09.766,1.0453,1.04534,3.82,1.00
2016.06.20 08:17:10.274,1.04531,1.04535,1.12,1.50
2016.06.20 08:17:11.232,1.04532,1.04536,1.00,1.50
2016.06.20 08:17:11.778,1.04533,1.04537,1.00,1.50
2016.06.20 08:17:12.287,1.04535,1.04538,1.50,1.00
2016.06.20 08:17:12.799,1.04533,1.04537,2.25,1.00
2016.06.20 08:17:13.486,1.04532,1.04536,2.14,1.00
2016.06.20 08:17:13.945,1.04532,1.04534,1.00,1.00
2016.06.20 08:17:14.485,1.04531,1.04535,1.50,1.00
2016.06.20 08:17:15.711,1.04532,1.04535,1.00,1.00
2016.06.20 08:17:16.828,1.04532,1.04534,2.25,1.00
2016.06.20 08:17:17.007,1.04529,1.04533,1.10,1.00
2016.06.20 08:17:17.567,1.0453,1.04533,1.00,1.00
2016.06.20 08:17:18.441,1.0453,1.04534,1.00,1.00
2016.06.20 08:17:18.952,1.04531,1.04535,1.00,1.50
2016.06.20 08:17:19.650,1.04531,1.04534,1.00,1.00
2016.06.20 08:17:19.905,1.04529,1.04534,2.70,1.00
2016.06.20 08:17:22.663,1.0453,1.04534,1.00,1.00
2016.06.20 08:17:24.092,1.0453,1.04535,3.00,1.50
2016.06.20 08:17:24.593,1.04531,1.04535,1.00,1.50
2016.06.20 08:17:25.606,1.0453,1.04535,1.87,1.50
2016.06.20 08:17:26.134,1.04531,1.04535,1.00,1.50
2016.06.20 08:17:26.642,1.04531,1.04536,2.25,2.25
2016.06.20 08:17:27.185,1.04531,1.04535,1.50,1.00
2016.06.20 08:17:27.642,1.04533,1.04536,1.00,1.00
2016.06.20 08:17:27.795,1.04533,1.04538,3.00,1.50
2016.06.20 08:17:29.043,1.04532,1.04537,2.81,1.25
2016.06.20 08:17:30.142,1.04532,1.04536,1.50,1.00
2016.06.20 08:17:30.244,1.04532,1.04534,1.00,1.00
2016.06.20 08:17:30.346,1.0453,1.04534,1.10,1.00
2016.06.20 08:17:30.854,1.04529,1.04534,3.00,1.00
2016.06.20 08:17:32.876,1.0453,1.04534,1.00,1.00
2016.06.20 08:17:33.387,1.04531,1.04534,1.00,1.00
2016.06.20 08:17:33.998,1.04531,1.04535,1.00,1.50
2016.06.20 08:17:34.506,1.04532,1.04536,1.87,1.00
2016.06.20 08:17:34.912,1.04534,1.04537,1.50,1.00
2016.06.20 08:17:35.426,1.04532,1.04535,1.10,1.00
2016.06.20 08:17:35.738,1.0453,1.04534,3.07,1.00
2016.06.20 08:17:36.247,1.0453,1.04535,1.95,1.50
2016.06.20 08:17:36.806,1.0453,1.04534,1.95,1.00
2016.06.20 08:17:36.959,1.04528,1.04533,4.50,1.00
2016.06.20 08:17:37.060,1.04528,1.04531,2.25,1.00
2016.06.20 08:17:37.603,1.04529,1.04533,1.00,2.25
2016.06.20 08:17:38.112,1.04528,1.04532,1.50,1.00
2016.06.20 08:17:39.668,1.04527,1.04532,3.00,1.50
2016.06.20 08:17:40.505,1.04528,1.04532,1.00,1.87
2016.06.20 08:17:40.761,1.04529,1.04534,2.25,1.50
2016.06.20 08:17:42.341,1.0453,1.04534,1.00,1.50
2016.06.20 08:17:42.392,1.04532,1.04535,1.00,2.25
2016.06.20 08:17:42.595,1.04534,1.04538,2.25,1.12
2016.06.20 08:17:43.134,1.04535,1.04539,2.44,1.00
2016.06.20 08:17:43.946,1.04536,1.04539,1.00,1.00
2016.06.20 08:17:44.475,1.04537,1.04542,3.00,1.21
2016.06.20 08:17:44.993,1.04535,1.0454,4.12,1.71
2016.06.20 08:17:45.705,1.04537,1.04541,1.00,1.78
2016.06.20 08:17:46.224,1.04536,1.04541,2.25,1.78
2016.06.20 08:17:46.776,1.04535,1.04539,2.70,1.00
2016.06.20 08:17:48.018,1.04535,1.04538,1.00,1.30
2016.06.20 08:17:48.172,1.04533,1.04537,1.50,1.00
2016.06.20 08:17:48.698,1.04533,1.04536,1.00,1.35
2016.06.20 08:17:48.749,1.04531,1.04536,2.32,1.35
2016.06.20 08:17:49.273,1.04531,1.04535,1.00,1.00
2016.06.20 08:17:49.814,1.0453,1.04535,1.50,1.00
2016.06.20 08:17:50.385,1.04531,1.04536,1.00,2.62
2016.06.20 08:17:50.910,1.04532,1.04536,1.00,1.00
2016.06.20 08:17:52.066,1.04533,1.04537,1.00,1.95
2016.06.20 08:17:52.168,1.04535,1.04537,1.00,1.10
2016.06.20 08:17:52.287,1.04534,1.04539,3.00,1.00
2016.06.20 08:17:54.440,1.04535,1.0454,1.00,1.87
2016.06.20 08:17:54.951,1.04536,1.0454,1.00,1.18
2016.06.20 08:17:56.111,1.04537,1.0454,1.00,1.18
2016.06.20 08:17:56.620,1.04536,1.04539,1.00,1.00
2016.06.20 08:17:57.127,1.04535,1.04539,1.00,1.00
2016.06.20 08:17:58.490,1.04535,1.0454,3.00,1.11
2016.06.20 08:17:59.022,1.04536,1.0454,2.25,1.18
2016.06.20 08:17:59.581,1.04538,1.04541,1.00,1.00
2016.06.20 08:17:59.786,1.04539,1.04543,1.00,1.57
2016.06.20 08:18:00.296,1.04538,1.04543,1.00,2.10
2016.06.20 08:18:00.602,1.04537,1.0454,3.75,1.00
2016.06.20 08:18:01.004,1.04534,1.04538,1.00,1.00
2016.06.20 08:18:01.513,1.04535,1.04539,1.50,1.50
2016.06.20 08:18:03.131,1.04534,1.04539,1.69,2.25
2016.06.20 08:18:05.364,1.04534,1.04538,1.00,1.00
2016.06.20 08:18:06.624,1.04533,1.04538,3.00,1.12
2016.06.20 08:18:07.225,1.04534,1.04538,1.00,1.12
2016.06.20 08:18:08.002,1.04533,1.04538,2.25,1.12
2016.06.20 08:18:08.561,1.04533,1.04537,2.25,1.00
2016.06.20 08:18:13.739,1.04533,1.04536,1.00,1.00
2016.06.20 08:18:13.943,1.04531,1.04534,1.00,1.00
2016.06.20 08:18:14.484,1.0453,1.04533,2.25,1.00
2016.06.20 08:18:17.456,1.04532,1.04534,1.00,1.50
2016.06.20 08:18:17.964,1.0453,1.04534,1.19,1.00
2016.06.20 08:18:18.504,1.0453,1.04534,1.00,1.00
2016.06.20 08:18:20.028,1.04531,1.04535,1.00,4.50
2016.06.20 08:18:20.181,1.04532,1.04537,3.94,2.25
2016.06.20 08:18:20.691,1.04533,1.04538,2.25,1.50
2016.06.20 08:18:21.230,1.04533,1.04537,1.00,1.50
2016.06.20 08:18:22.260,1.04533,1.04538,2.25,1.50
2016.06.20 08:18:22.616,1.04535,1.04539,1.00,3.00
2016.06.20 08:18:23.150,1.04535,1.0454,3.00,1.00
2016.06.20 08:18:24.969,1.04536,1.0454,1.00,1.00
2016.06.20 08:18:25.275,1.04536,1.04538,1.00,1.00
2016.06.20 08:18:25.378,1.04534,1.04538,2.14,1.00
2016.06.20 08:18:26.794,1.04533,1.04537,5.32,1.00
2016.06.20 08:18:27.049,1.04531,1.04535,4.69,1.00
2016.06.20 08:18:27.538,1.04534,1.04538,1.50,3.94
2016.06.20 08:18:27.692,1.04535,1.04539,1.57,1.00
2016.06.20 08:18:28.049,1.04537,1.0454,1.00,1.00
2016.06.20 08:18:28.558,1.04537,1.04541,1.50,1.50
2016.06.20 08:18:29.565,1.04537,1.04539,1.00,1.00
2016.06.20 08:18:29.769,1.04534,1.04539,5.32,1.72
2016.06.20 08:18:30.277,1.04535,1.04538,1.00,1.50
2016.06.20 08:18:30.786,1.04534,1.04538,2.32,1.00
2016.06.20 08:18:31.305,1.04534,1.04539,2.32,2.47
2016.06.20 08:18:31.408,1.04534,1.04537,1.57,1.50
2016.06.20 08:18:31.926,1.04532,1.04536,3.30,2.85
2016.06.20 08:18:32.536,1.04532,1.04536,2.74,2.85
2016.06.20 08:18:32.880,1.04532,1.04535,2.74,1.37
2016.06.20 08:18:33.289,1.04531,1.04533,2.74,1.00
2016.06.20 08:18:33.443,1.04529,1.04532,2.44,1.00
2016.06.20 08:18:33.595,1.04529,1.0453,1.00,1.00
2016.06.20 08:18:33.820,1.04527,1.0453,1.25,1.00
2016.06.20 08:18:33.872,1.04528,1.04532,1.00,1.10
2016.06.20 08:18:33.974,1.0453,1.04533,1.00,1.20
2016.06.20 08:18:34.585,1.04531,1.04533,1.00,1.87
2016.06.20 08:18:34.914,1.04529,1.04531,2.74,1.57
2016.06.20 08:18:35.222,1.04526,1.04527,1.00,1.00
2016.06.20 08:18:35.274,1.04525,1.04529,1.00,1.87
2016.06.20 08:18:35.428,1.04524,1.04527,2.25,1.00
2016.06.20 08:18:35.962,1.04523,1.04527,3.19,1.00
2016.06.20 08:18:36.269,1.04521,1.04525,1.69,1.50
2016.06.20 08:18:36.576,1.04525,1.04529,1.50,3.19
2016.06.20 08:18:37.268,1.04525,1.04528,1.25,1.00
2016.06.20 08:18:37.779,1.04526,1.04529,1.00,1.31
2016.06.20 08:18:38.296,1.04525,1.04529,1.50,1.12
2016.06.20 08:18:38.806,1.04527,1.0453,1.00,1.00
2016.06.20 08:18:39.005,1.0453,1.04535,1.69,1.87
2016.06.20 08:18:39.874,1.0453,1.04534,3.26,1.00
2016.06.20 08:18:40.180,1.04532,1.04536,1.00,1.00
2016.06.20 08:18:40.715,1.04533,1.04536,1.00,1.00
2016.06.20 08:18:41.638,1.04533,1.04535,1.00,1.00
2016.06.20 08:18:41.786,1.0453,1.04533,1.10,1.00
2016.06.20 08:18:45.165,1.0453,1.04534,1.00,1.12
2016.06.20 08:18:45.921,1.04531,1.04535,1.00,1.72
2016.06.20 08:18:46.023,1.04533,1.04535,1.00,1.00
2016.06.20 08:18:46.330,1.04538,1.04539,1.00,1.00
2016.06.20 08:18:46.381,1.04538,1.04542,1.00,1.87
2016.06.20 08:18:46.795,1.0454,1.04544,1.87,2.81
2016.06.20 08:18:47.104,1.0454,1.04542,1.00,1.00
2016.06.20 08:18:47.258,1.04537,1.04542,2.70,3.00
2016.06.20 08:18:47.765,1.04538,1.04542,1.00,1.50
2016.06.20 08:18:50.178,1.04537,1.04541,1.57,1.30
2016.06.20 08:18:50.332,1.04537,1.04539,1.00,1.00
2016.06.20 08:18:50.591,1.04535,1.04538,1.00,1.25
2016.06.20 08:18:50.643,1.04535,1.04536,1.00,1.00
2016.06.20 08:18:50.980,1.04529,1.04532,1.50,1.00
2016.06.20 08:18:51.495,1.0453,1.04532,1.00,1.50
2016.06.20 08:18:53.494,1.0453,1.04531,1.00,1.00
2016.06.20 08:18:54.004,1.04529,1.04531,1.00,1.00
2016.06.20 08:18:54.389,1.04531,1.04534,1.00,3.26
2016.06.20 08:18:54.441,1.04532,1.04535,1.00,1.31
2016.06.20 08:18:54.953,1.04533,1.04536,2.25,1.19
2016.06.20 08:18:55.463,1.04534,1.04537,1.50,2.44
2016.06.20 08:18:55.768,1.04534,1.04537,2.25,1.50
2016.06.20 08:18:56.311,1.04535,1.04538,1.12,1.25
2016.06.20 08:18:56.861,1.04536,1.04538,1.00,1.00
2016.06.20 08:18:57.370,1.04535,1.04539,2.25,1.00
2016.06.20 08:18:57.903,1.04536,1.04539,1.00,1.00
2016.06.20 08:18:58.467,1.04535,1.04539,1.87,1.00
2016.06.20 08:18:58.977,1.04536,1.04539,1.00,1.00
2016.06.20 08:18:59.485,1.04535,1.04539,3.75,1.00
2016.06.20 08:19:00.278,1.04535,1.0454,2.62,1.69
2016.06.20 08:19:00.485,1.04537,1.04541,1.00,2.51
2016.06.20 08:19:00.587,1.04537,1.04542,6.50,1.01
2016.06.20 08:19:01.098,1.04538,1.04542,1.50,1.25
2016.06.20 08:19:01.608,1.04539,1.04543,1.00,1.99
2016.06.20 08:19:01.769,1.0454,1.04544,1.00,1.25
2016.06.20 08:19:02.285,1.04541,1.04544,1.00,1.00
2016.06.20 08:19:02.693,1.04539,1.04543,1.82,1.00
2016.06.20 08:19:02.999,1.04537,1.04542,1.75,1.25
2016.06.20 08:19:03.820,1.04538,1.04542,1.00,1.25
2016.06.20 08:19:04.472,1.04538,1.04543,1.00,2.66
2016.06.20 08:19:04.779,1.04542,1.04543,1.00,1.25
2016.06.20 08:19:04.983,1.04542,1.04546,1.00,1.29
2016.06.20 08:19:05.735,1.04543,1.04546,1.00,1.29
2016.06.20 08:19:05.888,1.04543,1.04547,1.00,2.06
2016.06.20 08:19:06.926,1.04542,1.04545,1.00,1.00
2016.06.20 08:19:07.080,1.0454,1.04544,1.33,1.69
2016.06.20 08:19:07.313,1.04538,1.04542,3.25,1.00
2016.06.20 08:19:07.619,1.04536,1.04538,7.75,1.00
2016.06.20 08:19:07.773,1.04533,1.04535,3.37,1.00
2016.06.20 08:19:07.825,1.04534,1.04535,1.50,1.00
2016.06.20 08:19:08.081,1.04526,1.04527,7.50,1.25
2016.06.20 08:19:08.246,1.04525,1.04528,1.00,1.19
2016.06.20 08:19:08.754,1.04525,1.04529,1.50,1.69
2016.06.20 08:19:09.273,1.04524,1.04528,2.50,1.69
2016.06.20 08:19:09.787,1.04523,1.04527,5.50,1.31
2016.06.20 08:19:10.198,1.04523,1.04525,1.00,1.00
2016.06.20 08:19:10.707,1.04521,1.04525,1.75,1.00
2016.06.20 08:19:11.012,1.0452,1.04523,1.33,1.25
2016.06.20 08:19:11.470,1.04518,1.04523,1.50,3.79
2016.06.20 08:19:11.979,1.04516,1.0452,3.00,1.50
2016.06.20 08:19:12.234,1.04516,1.04519,1.00,1.19
2016.06.20 08:19:12.285,1.04514,1.04519,1.95,1.69
2016.06.20 08:19:12.790,1.04515,1.04519,1.50,1.19
2016.06.20 08:19:13.095,1.04517,1.0452,1.00,2.06
2016.06.20 08:19:13.147,1.04518,1.0452,1.50,1.00
2016.06.20 08:19:13.665,1.04518,1.04522,1.00,1.69
2016.06.20 08:19:14.022,1.04517,1.04519,1.00,1.00
2016.06.20 08:19:14.175,1.04515,1.04519,1.50,1.00
2016.06.20 08:19:14.431,1.04515,1.04518,1.00,1.69
2016.06.20 08:19:14.533,1.04513,1.04517,1.00,1.69
2016.06.20 08:19:14.788,1.04515,1.04517,1.00,2.44
2016.06.20 08:19:14.928,1.04513,1.04517,1.50,1.69
2016.06.20 08:19:15.185,1.04515,1.04517,1.00,2.06
2016.06.20 08:19:15.287,1.04513,1.04517,1.00,1.31
2016.06.20 08:19:15.491,1.04515,1.04517,1.00,3.56
2016.06.20 08:19:15.812,1.04512,1.04517,2.25,3.19
2016.06.20 08:19:16.727,1.04515,1.04517,1.00,2.06
2016.06.20 08:19:17.340,1.04514,1.04517,1.00,2.81
2016.06.20 08:19:18.002,1.04513,1.04517,3.74,1.19
2016.06.20 08:19:18.308,1.04515,1.04519,1.00,2.89
2016.06.20 08:19:18.359,1.04517,1.04519,1.00,1.76
2016.06.20 08:19:18.563,1.04515,1.04519,3.00,1.25
2016.06.20 08:19:20.216,1.04516,1.0452,1.00,1.54
2016.06.20 08:19:20.320,1.04518,1.04521,1.00,1.69
2016.06.20 08:19:20.822,1.04517,1.04521,1.00,2.06
2016.06.20 08:19:21.181,1.04515,1.0452,1.50,2.85
2016.06.20 08:19:22.034,1.04516,1.0452,1.00,1.00
2016.06.20 08:19:22.577,1.04515,1.0452,2.25,1.72
2016.06.20 08:19:23.172,1.04515,1.04519,1.00,1.00
2016.06.20 08:19:23.690,1.04514,1.04518,1.50,1.25
2016.06.20 08:19:23.793,1.04516,1.04519,1.50,2.51
2016.06.20 08:19:24.036,1.04519,1.04522,1.50,1.00
2016.06.20 08:19:24.242,1.04522,1.04524,1.00,2.62
2016.06.20 08:19:24.447,1.04523,1.04527,5.12,2.44
2016.06.20 08:19:24.500,1.04525,1.04527,1.00,2.44
2016.06.20 08:19:24.603,1.04526,1.04529,3.37,1.57
2016.06.20 08:19:24.903,1.04524,1.04529,2.25,1.35
2016.06.20 08:19:25.412,1.04523,1.04528,6.69,1.25
2016.06.20 08:19:25.858,1.04523,1.04526,2.25,1.00
2016.06.20 08:19:26.371,1.04522,1.04526,1.50,1.25
2016.06.20 08:19:29.130,1.04523,1.04527,3.24,2.81
2016.06.20 08:19:29.438,1.04527,1.04531,5.49,1.69
2016.06.20 08:19:30.404,1.04526,1.04531,2.25,1.49
2016.06.20 08:19:31.609,1.04526,1.04529,1.50,1.25
2016.06.20 08:19:31.864,1.04524,1.04528,4.07,1.00
2016.06.20 08:19:32.372,1.04525,1.04528,1.74,1.91
2016.06.20 08:19:32.890,1.04525,1.04526,1.74,1.00
2016.06.20 08:19:32.993,1.04523,1.04524,1.74,1.00
2016.06.20 08:19:33.045,1.04522,1.04524,3.24,1.31
2016.06.20 08:19:33.147,1.0452,1.04524,2.49,1.31
2016.06.20 08:19:33.774,1.0452,1.04523,2.24,1.00
2016.06.20 08:19:34.287,1.04521,1.04524,1.00,1.62
2016.06.20 08:19:34.798,1.04522,1.04525,1.12,1.19
2016.06.20 08:19:35.393,1.04523,1.04525,1.00,1.19
2016.06.20 08:19:35.444,1.04523,1.04526,1.00,1.25
2016.06.20 08:19:35.803,1.04522,1.04524,1.00,1.19
2016.06.20 08:19:35.995,1.0452,1.04524,1.00,1.69
2016.06.20 08:19:36.455,1.04522,1.04525,1.00,1.69
2016.06.20 08:19:36.701,1.04524,1.04529,6.37,1.76
2016.06.20 08:19:37.211,1.04525,1.0453,3.00,1.25
2016.06.20 08:19:37.975,1.04525,1.04529,1.50,1.00
2016.06.20 08:19:38.078,1.04525,1.04527,1.00,1.25
2016.06.20 08:19:38.335,1.04521,1.04524,3.07,1.16
2016.06.20 08:19:38.847,1.0452,1.04524,2.62,1.25
2016.06.20 08:19:39.398,1.0452,1.04523,1.00,1.00
2016.06.20 08:19:39.901,1.04519,1.04523,3.74,1.00
2016.06.20 08:19:40.359,1.04518,1.04521,1.00,1.00
2016.06.20 08:19:42.094,1.04518,1.0452,1.00,1.00
2016.06.20 08:19:42.578,1.04517,1.04519,1.50,2.50
2016.06.20 08:19:42.630,1.04516,1.04518,1.10,1.00
2016.06.20 08:19:43.192,1.04516,1.04517,1.00,1.00
2016.06.20 08:19:43.649,1.04513,1.04516,3.75,1.00
2016.06.20 08:19:44.208,1.04513,1.04517,2.62,1.00
2016.06.20 08:19:44.259,1.04515,1.04518,1.00,3.19
2016.06.20 08:19:44.769,1.04515,1.04519,1.25,1.50
2016.06.20 08:19:45.293,1.04515,1.0452,2.12,1.69
2016.06.20 08:19:45.601,1.04519,1.04522,3.25,2.25
2016.06.20 08:19:46.152,1.04519,1.04523,4.75,2.44
2016.06.20 08:19:46.727,1.04519,1.04522,3.62,1.00
2016.06.20 08:19:47.036,1.04519,1.04523,1.00,1.25
2016.06.20 08:19:47.569,1.04518,1.04522,2.12,1.00
2016.06.20 08:19:47.777,1.04518,1.0452,1.00,1.25
2016.06.20 08:19:47.879,1.04516,1.0452,1.00,1.25
2016.06.20 08:19:48.390,1.04516,1.04519,1.00,1.00
2016.06.20 08:19:48.934,1.04517,1.04521,1.87,2.44
2016.06.20 08:19:49.449,1.04517,1.04522,2.25,1.69
2016.06.20 08:19:50.274,1.04518,1.04522,1.00,1.69
2016.06.20 08:19:50.453,1.04522,1.04524,1.00,1.39
2016.06.20 08:19:50.606,1.04523,1.04526,1.00,1.25
2016.06.20 08:19:50.759,1.04524,1.04528,1.33,2.25
2016.06.20 08:19:51.135,1.04524,1.04526,1.33,1.50
2016.06.20 08:19:51.645,1.04523,1.04527,1.50,1.00
2016.06.20 08:19:52.796,1.04525,1.04528,1.50,1.76
2016.06.20 08:19:53.051,1.04528,1.04533,1.00,5.44
2016.06.20 08:19:53.153,1.04528,1.04532,1.00,1.29
2016.06.20 08:19:53.304,1.04526,1.0453,1.12,1.25
2016.06.20 08:19:53.457,1.04524,1.04528,1.87,1.00
2016.06.20 08:19:53.612,1.04524,1.04528,1.00,1.69
2016.06.20 08:19:54.121,1.04524,1.04529,1.50,5.51
2016.06.20 08:19:54.838,1.04525,1.04529,1.00,3.19
2016.06.20 08:19:55.348,1.04524,1.04527,1.00,1.25
2016.06.20 08:19:55.908,1.04522,1.04527,4.37,1.25
2016.06.20 08:19:55.959,1.04522,1.04525,2.87,1.00
2016.06.20 08:19:56.112,1.0452,1.04524,3.25,2.44
2016.06.20 08:19:56.646,1.04519,1.04523,2.12,1.00
2016.06.20 08:19:57.204,1.04522,1.04523,1.00,1.00
2016.06.20 08:19:57.410,1.04526,1.04528,1.00,1.00
2016.06.20 08:19:57.938,1.04527,1.0453,1.00,2.44
2016.06.20 08:19:58.449,1.04528,1.0453,1.00,1.69
2016.06.20 08:19:58.750,1.04526,1.0453,1.12,1.69
2016.06.20 08:19:58.957,1.04524,1.04528,2.25,1.00
2016.06.20 08:20:01.254,1.04525,1.04529,1.00,1.69
2016.06.20 08:20:01.765,1.04524,1.04529,1.00,3.19
2016.06.20 08:20:02.272,1.04525,1.04529,1.00,3.19
2016.06.20 08:20:02.806,1.04526,1.04529,1.00,1.69
2016.06.20 08:20:03.060,1.04524,1.04525,1.00,1.00
2016.06.20 08:20:03.568,1.04523,1.04527,1.33,3.26
2016.06.20 08:20:04.100,1.04523,1.04527,1.33,1.57
2016.06.20 08:20:05.027,1.04524,1.04527,1.00,1.20
2016.06.20 08:20:05.333,1.04528,1.0453,1.00,1.00
2016.06.20 08:20:05.845,1.04529,1.04531,1.00,1.50
2016.06.20 08:20:06.202,1.04532,1.04534,1.00,1.50
2016.06.20 08:20:06.367,1.04532,1.04535,1.00,1.10
2016.06.20 08:20:06.572,1.04533,1.04535,1.00,1.00
2016.06.20 08:20:06.920,1.04539,1.04541,1.69,4.42
2016.06.20 08:20:07.176,1.04547,1.0455,1.00,1.50
2016.06.20 08:20:07.534,1.04546,1.04548,2.50,1.00
2016.06.20 08:20:07.842,1.04548,1.0455,1.50,1.57
2016.06.20 08:20:08.352,1.04548,1.04552,3.19,1.37
2016.06.20 08:20:08.660,1.0455,1.04553,1.25,1.72
2016.06.20 08:20:08.965,1.04553,1.04554,1.50,1.00
2016.06.20 08:20:09.221,1.04558,1.04561,1.00,1.12
2016.06.20 08:20:09.629,1.04559,1.04561,1.50,1.25
2016.06.20 08:20:09.783,1.04561,1.04562,1.00,1.50
2016.06.20 08:20:09.973,1.04561,1.04564,1.00,1.50
2016.06.20 08:20:10.178,1.04561,1.04562,1.50,1.50
2016.06.20 08:20:10.536,1.04563,1.04564,1.00,1.50
2016.06.20 08:20:10.691,1.04563,1.04564,1.50,1.20
2016.06.20 08:20:10.794,1.04562,1.04564,1.50,1.20
2016.06.20 08:20:10.897,1.04565,1.04566,1.50,1.57
2016.06.20 08:20:11.103,1.04566,1.04569,2.25,1.95
2016.06.20 08:20:11.205,1.04566,1.04567,2.25,1.00
2016.06.20 08:20:11.777,1.04566,1.04568,1.00,1.12
2016.06.20 08:20:12.304,1.04566,1.0457,1.50,3.94
2016.06.20 08:20:12.821,1.04566,1.04568,1.50,1.00
2016.06.20 08:20:13.896,1.04565,1.04567,1.00,1.00
2016.06.20 08:20:14.114,1.04559,1.0456,1.50,1.00
2016.06.20 08:20:14.166,1.04559,1.0456,1.50,1.00
2016.06.20 08:20:14.319,1.04561,1.04564,1.00,2.02
2016.06.20 08:20:14.422,1.04562,1.04565,1.00,4.61
2016.06.20 08:20:14.575,1.04565,1.04567,1.00,4.50
2016.06.20 08:20:15.093,1.04565,1.04568,1.50,2.92
2016.06.20 08:20:15.612,1.04565,1.04568,1.50,1.05
2016.06.20 08:20:17.937,1.04565,1.04568,1.50,1.05
2016.06.20 08:20:18.152,1.04561,1.04563,7.12,1.00
2016.06.20 08:20:18.254,1.0456,1.04562,5.32,1.00
2016.06.20 08:20:18.357,1.0456,1.04562,1.00,1.00
2016.06.20 08:20:18.616,1.04562,1.04564,1.00,1.29
2016.06.20 08:20:18.957,1.04565,1.04567,1.00,1.57
2016.06.20 08:20:19.471,1.04567,1.04568,1.00,1.10
2016.06.20 08:20:19.993,1.04566,1.04569,1.50,2.36
2016.06.20 08:20:22.156,1.04563,1.04564,5.25,2.47
2016.06.20 08:20:22.258,1.04562,1.04564,1.50,3.26
2016.06.20 08:20:22.310,1.04561,1.04562,2.25,2.25
2016.06.20 08:20:22.361,1.0456,1.04562,1.50,2.25
2016.06.20 08:20:22.968,1.04562,1.04563,1.00,2.44
2016.06.20 08:20:23.172,1.04564,1.04566,1.00,1.39
2016.06.20 08:20:23.376,1.04566,1.04567,1.00,1.31
2016.06.20 08:20:23.529,1.04567,1.04569,1.50,1.46
2016.06.20 08:20:24.038,1.04567,1.04568,1.50,3.37
2016.06.20 08:20:26.151,1.04565,1.04569,2.25,2.44
2016.06.20 08:20:27.135,1.04565,1.04568,2.25,1.30
2016.06.20 08:20:27.646,1.04565,1.04569,2.25,1.69
2016.06.20 08:20:28.361,1.04566,1.04569,1.00,2.36
2016.06.20 08:20:28.908,1.04566,1.04568,1.00,3.00
2016.06.20 08:20:29.753,1.04566,1.04569,1.00,1.09
2016.06.20 08:20:30.108,1.04567,1.04569,1.00,1.24
2016.06.20 08:20:30.262,1.04569,1.04571,1.00,2.81
2016.06.20 08:20:30.515,1.0457,1.04573,1.00,3.86
2016.06.20 08:20:30.618,1.04569,1.04572,2.25,1.19
2016.06.20 08:20:30.924,1.04567,1.04568,1.00,2.25
2016.06.20 08:20:31.460,1.04566,1.04568,1.50,3.19
2016.06.20 08:20:32.188,1.04567,1.04569,1.00,3.94
2016.06.20 08:20:32.343,1.0457,1.04571,1.00,1.25
2016.06.20 08:20:32.395,1.0457,1.04573,1.00,3.94
2016.06.20 08:20:32.906,1.04571,1.04573,1.00,2.44
2016.06.20 08:20:33.428,1.0457,1.04573,1.00,2.44
2016.06.20 08:20:33.937,1.04571,1.04573,1.50,1.25
2016.06.20 08:20:34.447,1.04571,1.04574,1.50,1.86
2016.06.20 08:20:34.975,1.04571,1.04573,1.50,2.44
2016.06.20 08:20:35.078,1.04572,1.04573,1.00,2.44
2016.06.20 08:20:35.231,1.04575,1.04576,1.00,1.25
2016.06.20 08:20:35.587,1.04577,1.04579,1.50,1.25
2016.06.20 08:20:35.842,1.04578,1.0458,1.00,2.51
2016.06.20 08:20:35.945,1.0458,1.04582,1.00,1.31
2016.06.20 08:20:36.048,1.04581,1.04583,1.50,1.25
2016.06.20 08:20:36.100,1.04582,1.04584,1.00,1.31
2016.06.20 08:20:36.152,1.04584,1.04585,1.00,1.39
2016.06.20 08:20:36.527,1.04586,1.04587,1.00,2.44
2016.06.20 08:20:36.580,1.04586,1.04589,1.00,2.14
2016.06.20 08:20:37.089,1.04587,1.04589,1.50,4.69
2016.06.20 08:20:37.613,1.04587,1.0459,1.00,3.11
2016.06.20 08:20:38.021,1.04585,1.04587,1.00,1.25
2016.06.20 08:20:38.076,1.04583,1.04585,1.87,1.00
2016.06.20 08:20:38.194,1.04582,1.04586,1.50,5.62
2016.06.20 08:20:38.704,1.04582,1.04584,1.00,2.44
2016.06.20 08:20:39.676,1.04582,1.04584,1.00,3.94
2016.06.20 08:20:40.186,1.04581,1.04584,1.00,3.94
2016.06.20 08:20:41.108,1.0458,1.04582,1.00,1.00
2016.06.20 08:20:41.457,1.04577,1.04579,7.22,3.19
2016.06.20 08:20:41.611,1.04577,1.04579,3.22,1.62
2016.06.20 08:20:42.146,1.04576,1.04579,1.00,1.62
2016.06.20 08:20:42.504,1.04577,1.04579,1.00,2.44
2016.06.20 08:20:42.606,1.04579,1.04582,1.00,4.69
2016.06.20 08:20:42.964,1.04579,1.0458,1.00,1.25
2016.06.20 08:20:43.171,1.04575,1.04579,1.50,1.56
2016.06.20 08:20:43.674,1.04576,1.04579,1.33,2.06
2016.06.20 08:20:45.141,1.04575,1.04579,2.25,5.81
2016.06.20 08:20:45.690,1.04575,1.04578,1.00,1.54
2016.06.20 08:20:45.995,1.04573,1.04577,2.62,1.12
2016.06.20 08:20:46.201,1.04575,1.04578,1.00,1.05
2016.06.20 08:20:47.032,1.04575,1.04576,1.00,1.00
2016.06.20 08:20:47.227,1.04572,1.04575,4.25,2.89
2016.06.20 08:20:47.736,1.04571,1.04575,1.00,2.44
2016.06.20 08:20:48.044,1.04572,1.04576,1.00,2.44
2016.06.20 08:20:48.553,1.04573,1.04576,1.00,1.25
2016.06.20 08:20:48.910,1.04575,1.04578,1.00,1.95
2016.06.20 08:20:49.522,1.04574,1.04579,2.62,1.62
2016.06.20 08:20:50.535,1.04574,1.04579,2.62,3.75
2016.06.20 08:20:50.842,1.04573,1.04576,2.06,1.50
2016.06.20 08:20:51.254,1.04571,1.04574,4.69,1.00
2016.06.20 08:20:51.357,1.0457,1.04573,2.44,2.25
2016.06.20 08:20:51.886,1.04569,1.04573,5.00,3.00
2016.06.20 08:20:52.398,1.04567,1.04568,6.87,1.25
2016.06.20 08:20:52.518,1.04567,1.04568,3.00,1.25
2016.06.20 08:20:52.569,1.04567,1.0457,3.50,1.50
2016.06.20 08:20:53.434,1.04567,1.04569,1.00,1.50
2016.06.20 08:20:53.537,1.04565,1.04567,1.00,1.00
2016.06.20 08:20:53.741,1.04563,1.04567,2.62,1.25
2016.06.20 08:20:54.455,1.04564,1.04567,1.00,1.00
2016.06.20 08:20:54.506,1.04566,1.04569,1.00,1.20
2016.06.20 08:20:54.812,1.04566,1.04571,1.50,1.12
2016.06.20 08:20:54.911,1.04568,1.04572,1.00,2.32
2016.06.20 08:20:55.420,1.04568,1.04571,1.00,1.00
2016.06.20 08:20:55.522,1.04566,1.0457,2.62,1.50
2016.06.20 08:20:56.236,1.04566,1.0457,1.00,2.06
2016.06.20 08:20:56.743,1.04566,1.0457,1.00,2.25
2016.06.20 08:20:57.493,1.04565,1.04569,1.87,1.00
2016.06.20 08:20:57.748,1.04564,1.04568,1.12,1.54
2016.06.20 08:20:58.272,1.04565,1.04568,1.00,1.54
2016.06.20 08:20:58.782,1.04565,1.04569,1.12,1.76
2016.06.20 08:20:59.301,1.04564,1.04568,2.62,1.25
2016.06.20 08:20:59.730,1.04563,1.04566,1.12,1.00
2016.06.20 08:21:00.243,1.04562,1.04565,1.87,1.00
2016.06.20 08:21:00.754,1.0456,1.04564,1.95,1.50
2016.06.20 08:21:00.806,1.0456,1.04564,1.95,1.50
2016.06.20 08:21:01.339,1.0456,1.04565,1.87,2.10
2016.06.20 08:21:01.856,1.04562,1.04565,1.00,1.50
2016.06.20 08:21:02.520,1.04562,1.04566,1.87,1.00
2016.06.20 08:21:02.827,1.04564,1.04567,1.00,1.00
2016.06.20 08:21:03.336,1.04564,1.04568,1.50,3.00
2016.06.20 08:21:04.375,1.04566,1.04568,1.00,2.25
2016.06.20 08:21:04.528,1.04566,1.0457,2.25,1.00
2016.06.20 08:21:05.030,1.04567,1.0457,1.10,1.00
2016.06.20 08:21:09.952,1.04566,1.0457,1.50,1.00
2016.06.20 08:21:10.105,1.04566,1.04568,1.00,1.00
2016.06.20 08:21:10.270,1.04563,1.04567,3.82,1.50
2016.06.20 08:21:10.780,1.04564,1.04567,1.00,1.00
2016.06.20 08:21:11.307,1.04564,1.04568,1.50,1.00
2016.06.20 08:21:11.410,1.04566,1.04568,1.00,1.00
2016.06.20 08:21:11.664,1.0457,1.04574,1.00,1.50
2016.06.20 08:21:14.941,1.0457,1.04574,1.87,1.00
2016.06.20 08:21:15.247,1.04573,1.04575,1.50,1.12
2016.06.20 08:21:15.401,1.04574,1.04578,1.37,2.81
2016.06.20 08:21:15.917,1.04573,1.04577,1.50,1.50
2016.06.20 08:21:16.420,1.04573,1.04577,1.00,1.67
2016.06.20 08:21:16.929,1.04573,1.04577,2.62,1.00
2016.06.20 08:21:17.438,1.04573,1.04576,1.12,1.00
2016.06.20 08:21:18.920,1.04573,1.04577,1.50,1.50
2016.06.20 08:21:20.457,1.04575,1.04579,1.00,1.95
2016.06.20 08:21:20.965,1.04575,1.04578,1.00,1.00
2016.06.20 08:21:21.505,1.04574,1.04578,1.87,1.50
2016.06.20 08:21:22.012,1.04574,1.04578,1.12,2.10
2016.06.20 08:21:22.532,1.04573,1.04577,1.87,1.50
2016.06.20 08:21:23.045,1.04573,1.04576,1.50,1.00
2016.06.20 08:21:25.171,1.04572,1.04576,2.62,1.50
2016.06.20 08:21:25.680,1.04572,1.04576,3.37,1.00
2016.06.20 08:21:26.848,1.04574,1.04577,1.00,1.00
2016.06.20 08:21:27.137,1.04578,1.04582,1.12,1.50
2016.06.20 08:21:27.392,1.04578,1.0458,2.62,1.00
2016.06.20 08:21:28.047,1.04578,1.04582,2.62,1.00
2016.06.20 08:21:28.555,1.04579,1.04583,1.50,1.12
2016.06.20 08:21:29.161,1.04578,1.04583,2.62,1.50
2016.06.20 08:21:29.212,1.04578,1.04581,1.87,1.00
2016.06.20 08:21:29.366,1.04576,1.0458,2.44,2.17
2016.06.20 08:21:29.881,1.04576,1.04579,1.00,1.00
2016.06.20 08:21:29.933,1.04575,1.04577,1.50,1.25
2016.06.20 08:21:30.086,1.04567,1.04569,1.50,1.10
2016.06.20 08:21:30.187,1.04565,1.04569,1.50,1.01
2016.06.20 08:21:30.818,1.04565,1.04568,1.50,1.00
2016.06.20 08:21:31.072,1.04563,1.04567,3.75,1.12
2016.06.20 08:21:31.123,1.04563,1.04565,2.25,1.00
2016.06.20 08:21:31.346,1.04561,1.04565,3.75,1.35
2016.06.20 08:21:31.449,1.04563,1.04566,1.00,1.70
2016.06.20 08:21:31.756,1.0456,1.04562,1.00,1.50
2016.06.20 08:21:31.962,1.04558,1.04562,2.25,1.50
2016.06.20 08:21:32.486,1.04558,1.04562,1.50,1.37
2016.06.20 08:21:32.994,1.04558,1.04562,3.75,1.50
2016.06.20 08:21:33.097,1.04561,1.04564,1.00,1.42
2016.06.20 08:21:33.149,1.04561,1.04564,1.00,1.35
2016.06.20 08:21:33.252,1.04562,1.04566,1.00,1.57
2016.06.20 08:21:33.355,1.04561,1.04563,3.00,1.00
2016.06.20 08:21:33.457,1.0456,1.04561,1.00,1.00
2016.06.20 08:21:33.509,1.04558,1.04561,1.00,1.00
2016.06.20 08:21:33.662,1.04557,1.04559,1.00,1.00
2016.06.20 08:21:33.908,1.04557,1.04561,1.50,1.12
2016.06.20 08:21:34.214,1.04559,1.04563,1.00,1.12
2016.06.20 08:21:34.520,1.04563,1.04565,1.00,1.00
2016.06.20 08:21:34.979,1.04562,1.04567,1.25,1.50
2016.06.20 08:21:35.081,1.04563,1.04564,1.00,1.00
2016.06.20 08:21:35.284,1.04556,1.04559,1.00,1.00
2016.06.20 08:21:35.792,1.04556,1.0456,1.00,1.00
2016.06.20 08:21:37.628,1.04556,1.04558,1.50,1.00
2016.06.20 08:21:37.730,1.04554,1.04558,3.24,1.00
2016.06.20 08:21:38.275,1.04554,1.04557,1.82,1.50
2016.06.20 08:21:38.682,1.04552,1.04556,3.45,1.00
2016.06.20 08:21:38.835,1.04556,1.04558,1.00,1.50
2016.06.20 08:21:38.956,1.04556,1.0456,1.00,1.50
2016.06.20 08:21:40.788,1.04557,1.0456,1.00,1.87
2016.06.20 08:21:40.839,1.04558,1.04562,1.50,3.45
2016.06.20 08:21:40.891,1.0456,1.04562,1.00,2.25
2016.06.20 08:21:40.942,1.0456,1.04564,1.00,3.26
2016.06.20 08:21:41.197,1.04562,1.04566,1.00,1.87
2016.06.20 08:21:41.747,1.04563,1.04567,1.00,3.56
2016.06.20 08:21:41.849,1.04563,1.04564,1.00,1.00
2016.06.20 08:21:41.952,1.04561,1.04564,1.00,3.94
2016.06.20 08:21:42.200,1.04559,1.04562,1.00,2.25
2016.06.20 08:21:42.561,1.0456,1.04564,1.50,1.12
2016.06.20 08:21:42.613,1.04562,1.04565,1.00,1.37
2016.06.20 08:21:42.766,1.04562,1.04566,1.50,1.12
2016.06.20 08:21:43.310,1.04563,1.04566,1.00,1.00
2016.06.20 08:21:43.865,1.04563,1.04567,1.50,2.10
2016.06.20 08:21:44.373,1.04563,1.04566,1.00,1.00
2016.06.20 08:21:45.808,1.04563,1.04567,1.50,1.87
2016.06.20 08:21:46.063,1.04563,1.04566,1.00,1.37
2016.06.20 08:21:46.532,1.04561,1.04565,2.25,1.00
2016.06.20 08:21:47.130,1.04561,1.04564,1.50,1.00
2016.06.20 08:21:47.385,1.04559,1.04563,2.99,1.00
2016.06.20 08:21:47.590,1.04558,1.04562,2.25,1.37
2016.06.20 08:21:48.100,1.04558,1.04562,1.00,2.81
2016.06.20 08:21:48.558,1.0456,1.04562,1.00,2.06
2016.06.20 08:21:48.706,1.04561,1.04565,1.00,5.02
2016.06.20 08:21:49.219,1.0456,1.04564,1.50,1.87
2016.06.20 08:21:50.234,1.04561,1.04564,1.00,1.54
2016.06.20 08:21:50.536,1.04562,1.04566,1.00,2.92
2016.06.20 08:21:50.741,1.04564,1.04567,1.00,2.44
2016.06.20 08:21:50.793,1.04564,1.04567,1.00,1.69
2016.06.20 08:21:51.352,1.04563,1.04567,1.50,1.69
2016.06.20 08:21:51.769,1.04563,1.04567,1.50,2.29
2016.06.20 08:21:52.179,1.04565,1.04568,1.50,2.14
2016.06.20 08:21:52.480,1.04566,1.0457,1.00,1.57
2016.06.20 08:21:53.092,1.04566,1.04569,1.00,1.50
2016.06.20 08:21:53.595,1.04566,1.0457,1.00,3.67
2016.06.20 08:21:54.105,1.04568,1.04571,1.00,1.12
2016.06.20 08:21:54.419,1.0457,1.04574,1.00,1.76
2016.06.20 08:21:54.776,1.04569,1.04571,1.00,1.00
2016.06.20 08:21:55.284,1.04568,1.04572,1.00,3.00
2016.06.20 08:21:55.683,1.04568,1.0457,1.00,1.00
2016.06.20 08:21:55.785,1.04568,1.04572,1.00,3.37
2016.06.20 08:21:56.040,1.0457,1.04572,1.00,1.50
2016.06.20 08:21:56.572,1.0457,1.04573,1.00,1.00
2016.06.20 08:21:57.086,1.04569,1.04571,2.25,1.00
2016.06.20 08:21:57.402,1.04566,1.04567,1.00,1.00
2016.06.20 08:21:57.454,1.04565,1.04567,1.50,1.00
2016.06.20 08:21:57.987,1.04565,1.04566,1.00,1.00
2016.06.20 08:21:58.448,1.04563,1.04567,2.32,1.69
2016.06.20 08:21:58.704,1.04563,1.04566,1.00,1.37
2016.06.20 08:21:59.213,1.04562,1.04566,1.50,2.85
2016.06.20 08:21:59.601,1.04561,1.04564,1.50,1.87
2016.06.20 08:22:00.111,1.0456,1.04562,1.00,1.12
2016.06.20 08:22:00.462,1.04561,1.04564,1.00,1.31
2016.06.20 08:22:00.971,1.04561,1.04565,1.00,2.25
2016.06.20 08:22:03.941,1.04561,1.04565,1.00,2.17
2016.06.20 08:22:04.450,1.0456,1.04564,1.50,1.61
2016.06.20 08:22:07.986,1.0456,1.04562,1.00,1.00
2016.06.20 08:22:08.500,1.04559,1.04562,5.00,1.00
2016.06.20 08:22:08.849,1.04561,1.04563,1.00,1.50
2016.06.20 08:22:09.563,1.04561,1.04564,1.00,1.00
2016.06.20 08:22:10.403,1.04561,1.04564,1.00,1.00
2016.06.20 08:22:10.506,1.04561,1.04564,1.00,1.00
2016.06.20 08:22:14.062,1.0456,1.04564,3.00,1.00
2016.06.20 08:22:14.520,1.0456,1.04562,2.25,1.00
2016.06.20 08:22:15.031,1.04559,1.04562,1.00,1.50
2016.06.20 08:22:15.541,1.04559,1.04561,1.00,1.00
2016.06.20 08:22:16.053,1.04559,1.04562,1.00,1.50
2016.06.20 08:22:16.810,1.04558,1.04562,3.75,1.50
2016.06.20 08:22:17.322,1.04559,1.04562,1.00,1.50
2016.06.20 08:22:17.641,1.04558,1.04559,1.00,3.00
2016.06.20 08:22:17.746,1.04555,1.04557,2.87,2.25
2016.06.20 08:22:17.850,1.04554,1.04556,1.50,1.12
2016.06.20 08:22:18.159,1.04552,1.04555,1.00,1.50
2016.06.20 08:22:18.210,1.04552,1.04553,1.00,1.00
2016.06.20 08:22:18.262,1.0455,1.04552,1.50,1.50
2016.06.20 08:22:18.364,1.04548,1.0455,1.00,2.25
2016.06.20 08:22:18.720,1.0455,1.04553,1.00,2.32
2016.06.20 08:22:19.258,1.04549,1.04553,1.10,1.87
2016.06.20 08:22:19.769,1.04551,1.04554,1.00,1.00
2016.06.20 08:22:20.074,1.04549,1.04552,1.10,3.56
2016.06.20 08:22:20.362,1.04551,1.04554,1.00,1.50
2016.06.20 08:22:20.470,1.04552,1.04556,1.12,3.00
2016.06.20 08:22:21.030,1.04551,1.04554,2.25,1.00
2016.06.20 08:22:21.540,1.04551,1.04555,2.25,1.50
2016.06.20 08:22:22.049,1.04551,1.04554,2.25,1.00
2016.06.20 08:22:23.188,1.04551,1.04553,2.25,1.00
2016.06.20 08:22:23.697,1.04551,1.04555,1.00,1.54
2016.06.20 08:22:24.208,1.04552,1.04556,1.00,4.39
2016.06.20 08:22:24.716,1.04551,1.04555,1.00,1.30
2016.06.20 08:22:26.136,1.0455,1.04554,2.25,1.50
2016.06.20 08:22:26.457,1.04548,1.04552,1.00,1.87
2016.06.20 08:22:27.071,1.04548,1.04552,1.00,2.10
2016.06.20 08:22:27.579,1.04547,1.04551,2.25,1.00
2016.06.20 08:22:27.917,1.04549,1.04553,1.50,1.12
2016.06.20 08:22:28.228,1.04551,1.04554,1.00,1.10
2016.06.20 08:22:28.483,1.04553,1.04557,1.00,2.62
2016.06.20 08:22:28.583,1.04555,1.04557,1.00,1.00
2016.06.20 08:22:28.685,1.04556,1.0456,1.00,7.12
2016.06.20 08:22:28.839,1.04557,1.04561,1.50,1.50
2016.06.20 08:22:29.093,1.04557,1.04559,1.50,1.00
2016.06.20 08:22:29.598,1.04556,1.0456,1.50,1.50
2016.06.20 08:22:30.106,1.04556,1.04559,1.00,1.00
2016.06.20 08:22:31.148,1.04556,1.0456,1.50,1.00
2016.06.20 08:22:32.323,1.04557,1.04561,1.00,1.87
2016.06.20 08:22:32.629,1.04561,1.04562,1.12,1.12
2016.06.20 08:22:32.814,1.04562,1.04565,2.25,2.25
2016.06.20 08:22:33.171,1.04561,1.04563,1.00,1.00
2016.06.20 08:22:33.374,1.04558,1.04561,1.50,1.12
2016.06.20 08:22:33.878,1.04557,1.04561,1.33,2.47
2016.06.20 08:22:34.529,1.04558,1.04561,1.00,1.35
2016.06.20 08:22:35.651,1.04557,1.04561,1.75,2.62
2016.06.20 08:22:37.025,1.04557,1.0456,1.75,1.00
2016.06.20 08:22:37.128,1.04559,1.04562,1.00,1.25
2016.06.20 08:22:37.383,1.04562,1.04566,1.00,4.01
2016.06.20 08:22:39.028,1.04563,1.04567,1.00,2.21
2016.06.20 08:22:39.536,1.04563,1.04566,1.00,1.37
2016.06.20 08:22:39.653,1.04563,1.04567,1.50,3.11
2016.06.20 08:22:40.574,1.04564,1.04568,1.50,2.10
2016.06.20 08:22:41.641,1.04564,1.04568,1.50,4.54
2016.06.20 08:22:41.693,1.04566,1.04568,1.00,3.79
2016.06.20 08:22:42.007,1.0457,1.04574,1.00,1.50
2016.06.20 08:22:42.161,1.0457,1.04574,1.00,1.72
2016.06.20 08:22:42.691,1.04569,1.04573,2.25,1.50
2016.06.20 08:22:43.204,1.0457,1.04573,1.00,1.50
2016.06.20 08:22:43.964,1.0457,1.04574,1.00,1.72
2016.06.20 08:22:44.548,1.0457,1.04573,1.00,1.00
2016.06.20 08:22:44.895,1.0458,1.04582,1.50,1.00
2016.06.20 08:22:44.947,1.04581,1.04584,1.00,1.19
2016.06.20 08:22:45.101,1.04581,1.04585,1.50,2.32
2016.06.20 08:22:45.409,1.04583,1.04585,1.00,1.01
2016.06.20 08:22:45.604,1.04586,1.04588,1.50,1.12
2016.06.20 08:22:45.961,1.04585,1.04586,1.00,5.25
2016.06.20 08:22:46.012,1.04583,1.04584,1.00,1.00
2016.06.20 08:22:46.266,1.04584,1.04586,1.00,1.87
2016.06.20 08:22:46.793,1.04584,1.04587,1.50,1.50
2016.06.20 08:22:47.314,1.04584,1.04587,1.00,1.87
2016.06.20 08:22:47.825,1.04585,1.04587,1.25,1.12
2016.06.20 08:22:47.877,1.04585,1.04589,1.25,3.07
2016.06.20 08:22:48.011,1.04584,1.04587,3.00,1.50
2016.06.20 08:22:48.520,1.04585,1.04588,1.00,2.92
2016.06.20 08:22:49.052,1.04584,1.04587,2.25,2.25
2016.06.20 08:22:49.569,1.04584,1.04587,1.50,2.25
2016.06.20 08:22:52.592,1.04584,1.04588,1.50,3.00
2016.06.20 08:22:52.809,1.04584,1.04588,2.25,5.62
2016.06.20 08:22:52.861,1.04584,1.04587,2.25,3.00
2016.06.20 08:22:52.965,1.04584,1.04587,2.25,2.25
2016.06.20 08:22:53.016,1.04585,1.04587,1.00,2.25
2016.06.20 08:22:53.221,1.04584,1.04587,3.00,2.25
2016.06.20 08:22:53.630,1.04585,1.04587,1.00,1.35
2016.06.20 08:22:54.334,1.04585,1.04588,1.00,2.92
2016.06.20 08:22:54.853,1.04584,1.04587,1.00,1.67
2016.06.20 08:22:56.860,1.04584,1.04585,1.00,1.00
2016.06.20 08:22:57.061,1.04581,1.04583,1.75,1.12
2016.06.20 08:22:57.164,1.04579,1.04583,4.00,1.72
2016.06.20 08:22:57.677,1.04579,1.04582,1.69,1.12
2016.06.20 08:22:57.729,1.04579,1.04581,1.50,1.00
2016.06.20 08:22:58.035,1.04579,1.04582,1.69,1.10
2016.06.20 08:22:58.138,1.04578,1.04581,2.25,1.00
2016.06.20 08:22:58.545,1.04575,1.04577,2.25,1.00
2016.06.20 08:22:58.648,1.04576,1.04579,1.00,3.45
2016.06.20 08:22:58.855,1.04578,1.0458,1.50,1.00
2016.06.20 08:22:59.009,1.04579,1.04582,1.69,1.00
2016.06.20 08:22:59.111,1.04579,1.04581,1.25,1.00
2016.06.20 08:22:59.366,1.04577,1.0458,1.00,1.99
2016.06.20 08:22:59.469,1.04576,1.04578,1.00,1.00
2016.06.20 08:22:59.572,1.04577,1.0458,1.00,1.20
2016.06.20 08:22:59.674,1.04579,1.04581,1.00,1.37
2016.06.20 08:22:59.726,1.04579,1.04582,1.00,1.50
2016.06.20 08:23:02.674,1.04579,1.04583,1.50,1.50
2016.06.20 08:23:03.225,1.04579,1.04581,1.00,1.00
2016.06.20 08:23:03.734,1.0458,1.04583,2.25,1.50
2016.06.20 08:23:04.243,1.0458,1.04582,1.50,1.00
2016.06.20 08:23:04.397,1.0458,1.04584,3.00,1.50
2016.06.20 08:23:04.907,1.04581,1.04582,1.00,1.00
2016.06.20 08:23:05.091,1.04579,1.04581,1.00,1.00
2016.06.20 08:23:05.345,1.04579,1.04583,1.50,2.62
2016.06.20 08:23:05.855,1.0458,1.04583,2.25,1.87
2016.06.20 08:23:06.823,1.04581,1.04583,1.00,1.50
2016.06.20 08:23:07.333,1.0458,1.04583,3.94,1.50
2016.06.20 08:23:07.746,1.04583,1.04586,3.00,2.32
2016.06.20 08:23:08.254,1.04582,1.04586,2.62,2.25
2016.06.20 08:23:08.774,1.04583,1.04586,2.25,1.50
2016.06.20 08:23:09.292,1.04583,1.04585,1.00,1.00
2016.06.20 08:23:10.234,1.04583,1.04586,1.00,1.69
2016.06.20 08:23:10.438,1.04584,1.04588,2.25,1.87
2016.06.20 08:23:10.984,1.04584,1.04587,1.00,1.00
2016.06.20 08:23:14.736,1.04585,1.04587,1.00,1.00
2016.06.20 08:23:15.663,1.04584,1.04587,3.75,1.00
2016.06.20 08:23:16.324,1.04584,1.04586,1.00,1.00
2016.06.20 08:23:16.491,1.04584,1.04588,2.25,2.89
2016.06.20 08:23:16.543,1.04586,1.04588,1.00,1.69
2016.06.20 08:23:16.594,1.04585,1.04588,1.00,1.25
2016.06.20 08:23:17.163,1.04586,1.04588,1.00,1.25
2016.06.20 08:23:17.672,1.04585,1.04588,3.25,1.25
2016.06.20 08:23:18.549,1.04586,1.04588,1.00,1.25
2016.06.20 08:23:18.772,1.04589,1.04591,1.25,1.00
2016.06.20 08:23:18.874,1.04591,1.04594,1.50,1.25
2016.06.20 08:23:19.639,1.04591,1.04595,1.00,3.37
2016.06.20 08:23:20.147,1.04592,1.04595,1.00,3.37
2016.06.20 08:23:20.655,1.04592,1.04596,1.00,1.69
2016.06.20 08:23:22.095,1.04592,1.04595,1.00,3.37
2016.06.20 08:23:22.659,1.04593,1.04595,1.00,3.37
2016.06.20 08:23:22.711,1.04594,1.04595,1.00,3.19
2016.06.20 08:23:22.763,1.04597,1.04599,1.00,2.06
2016.06.20 08:23:22.914,1.04598,1.046,1.50,2.58
2016.06.20 08:23:23.016,1.046,1.04602,1.00,4.45
2016.06.20 08:23:23.067,1.04601,1.04603,1.00,1.19
2016.06.20 08:23:23.589,1.04599,1.04603,1.50,1.49
2016.06.20 08:23:23.640,1.04599,1.046,1.00,1.00
2016.06.20 08:23:23.691,1.04597,1.04599,1.20,1.00
2016.06.20 08:23:24.201,1.04596,1.046,1.50,2.32
2016.06.20 08:23:24.710,1.04597,1.046,1.00,1.87
2016.06.20 08:23:25.220,1.04597,1.04601,1.00,1.00
2016.06.20 08:23:25.272,1.04598,1.04599,1.00,1.87
2016.06.20 08:23:25.374,1.04596,1.04598,1.00,1.00
2016.06.20 08:23:25.476,1.04594,1.04595,2.25,1.00
2016.06.20 08:23:26.017,1.04594,1.04597,1.00,2.14
2016.06.20 08:23:26.581,1.04595,1.04598,1.00,1.47
2016.06.20 08:23:26.736,1.04597,1.04599,1.87,1.00
2016.06.20 08:23:27.297,1.04598,1.04601,1.00,2.25
2016.06.20 08:23:27.810,1.04597,1.046,1.50,2.25
2016.06.20 08:23:28.319,1.04598,1.046,1.00,1.00
2016.06.20 08:23:30.776,1.04597,1.046,1.50,1.00
2016.06.20 08:23:31.488,1.04598,1.046,1.00,1.00
2016.06.20 08:23:31.948,1.046,1.04604,1.00,4.20
2016.06.20 08:23:31.999,1.046,1.04604,2.25,4.57
2016.06.20 08:23:32.609,1.04601,1.04604,1.00,2.40
2016.06.20 08:23:32.712,1.04603,1.04606,1.00,4.50
2016.06.20 08:23:32.849,1.04603,1.04606,1.50,2.32
2016.06.20 08:23:33.724,1.04603,1.04607,2.25,2.47
2016.06.20 08:23:34.438,1.04602,1.04606,1.50,1.47
2016.06.20 08:23:34.896,1.046,1.04604,3.94,1.50
2016.06.20 08:23:34.998,1.04602,1.04604,1.00,1.00
2016.06.20 08:23:35.510,1.04601,1.04605,3.00,1.12
2016.06.20 08:23:35.816,1.04603,1.04604,1.00,1.00
2016.06.20 08:23:36.325,1.04602,1.04604,1.00,1.00
2016.06.20 08:23:36.529,1.04603,1.04606,1.00,2.32
2016.06.20 08:23:37.038,1.04602,1.04606,2.25,2.02
2016.06.20 08:23:37.546,1.04602,1.04606,3.00,3.00
2016.06.20 08:23:38.400,1.04602,1.04606,2.25,1.37
2016.06.20 08:23:38.942,1.04602,1.04606,2.25,3.07
2016.06.20 08:23:39.452,1.04603,1.04606,1.00,2.32
2016.06.20 08:23:39.961,1.04602,1.04606,2.25,1.57
2016.06.20 08:23:43.251,1.0459,1.04594,1.10,1.50
2016.06.20 08:23:43.359,1.0459,1.04592,1.00,4.50
2016.06.20 08:23:43.463,1.04588,1.04589,1.25,1.00
2016.06.20 08:23:43.723,1.04587,1.04591,1.87,1.20
2016.06.20 08:23:44.230,1.04589,1.04593,1.00,2.62
2016.06.20 08:23:44.784,1.0459,1.04593,1.31,1.00
2016.06.20 08:23:45.294,1.0459,1.04594,1.69,1.20
2016.06.20 08:23:46.369,1.0459,1.04594,2.44,1.00
2016.06.20 08:23:48.698,1.0459,1.04592,1.31,1.00
2016.06.20 08:23:48.917,1.04589,1.04591,1.00,1.10
2016.06.20 08:23:49.429,1.04588,1.04592,2.06,2.70
2016.06.20 08:23:55.210,1.0459,1.04591,1.00,1.10
2016.06.20 08:23:55.265,1.04591,1.04594,1.00,1.12
2016.06.20 08:23:55.367,1.04592,1.04595,1.00,4.01
2016.06.20 08:23:55.674,1.04593,1.04596,1.00,1.76
2016.06.20 08:23:55.777,1.04595,1.04597,1.00,1.57
2016.06.20 08:23:55.828,1.04596,1.04598,2.87,2.62
2016.06.20 08:23:55.881,1.04597,1.04599,1.12,1.00
2016.06.20 08:23:56.078,1.04598,1.04601,1.00,2.25
2016.06.20 08:23:56.587,1.04597,1.046,2.12,1.00
2016.06.20 08:23:57.098,1.04598,1.046,1.00,1.00
2016.06.20 08:23:57.607,1.04597,1.04601,2.03,3.30
2016.06.20 08:23:58.109,1.04597,1.04601,2.40,1.47
2016.06.20 08:23:59.851,1.04597,1.04599,2.78,1.00
2016.06.20 08:24:00.361,1.04596,1.046,1.00,1.42
2016.06.20 08:24:00.880,1.04598,1.04601,1.00,5.17
2016.06.20 08:24:01.419,1.04599,1.04601,1.50,1.57
2016.06.20 08:24:01.879,1.04601,1.04604,1.50,1.12
2016.06.20 08:24:02.135,1.04602,1.04605,1.00,1.12
2016.06.20 08:24:04.690,1.04602,1.04604,1.00,1.00
2016.06.20 08:24:04.987,1.04596,1.04598,1.00,1.00
2016.06.20 08:24:05.498,1.04596,1.046,1.50,1.42
2016.06.20 08:24:06.028,1.04597,1.046,1.50,1.00
2016.06.20 08:24:06.550,1.04596,1.04599,4.50,1.12
2016.06.20 08:24:07.623,1.04597,1.046,1.00,1.37
2016.06.20 08:24:08.134,1.04598,1.046,1.00,1.00
2016.06.20 08:24:08.186,1.04599,1.046,2.25,1.00
2016.06.20 08:24:08.320,1.04602,1.04606,1.50,6.26
2016.06.20 08:24:08.831,1.04603,1.04604,1.50,1.00
2016.06.20 08:24:08.933,1.04603,1.04606,1.00,4.50
2016.06.20 08:24:09.453,1.04602,1.04606,1.00,1.67
2016.06.20 08:24:10.338,1.04602,1.04606,1.00,1.87
2016.06.20 08:24:10.860,1.04602,1.04606,1.00,1.67
2016.06.20 08:24:11.480,1.04601,1.04605,2.25,1.12
2016.06.20 08:24:12.450,1.04602,1.04605,1.00,1.12
2016.06.20 08:24:13.300,1.04603,1.04606,1.00,1.37
2016.06.20 08:24:14.216,1.04603,1.04606,1.50,1.50
2016.06.20 08:24:14.370,1.04605,1.04607,1.00,1.00
2016.06.20 08:24:14.421,1.04607,1.04608,1.00,2.32
2016.06.20 08:24:14.640,1.04608,1.04611,1.37,1.50
2016.06.20 08:24:15.150,1.04608,1.04611,1.25,1.37
2016.06.20 08:24:15.304,1.04607,1.04609,1.50,1.00
2016.06.20 08:24:15.651,1.04606,1.04609,1.00,2.66
2016.06.20 08:24:15.754,1.04606,1.0461,1.00,1.47
2016.06.20 08:24:16.266,1.04608,1.0461,1.00,1.87
2016.06.20 08:24:16.521,1.04612,1.04616,2.62,3.00
2016.06.20 08:24:16.861,1.04615,1.04617,1.00,2.62
2016.06.20 08:24:17.117,1.04617,1.04621,1.50,1.12
2016.06.20 08:24:17.321,1.04616,1.04618,2.87,3.00
2016.06.20 08:24:17.475,1.04613,1.04617,2.57,3.75
2016.06.20 08:24:17.527,1.04612,1.04614,3.00,1.00
2016.06.20 08:24:17.754,1.04609,1.04613,1.50,1.50
2016.06.20 08:24:17.858,1.04607,1.04611,1.82,1.37
2016.06.20 08:24:18.166,1.04609,1.04613,1.00,3.19
2016.06.20 08:24:18.677,1.04612,1.04615,1.00,2.32
2016.06.20 08:24:18.983,1.04616,1.04618,1.00,1.00
2016.06.20 08:24:19.177,1.04616,1.0462,3.00,1.00
2016.06.20 08:24:19.228,1.04618,1.04621,1.00,1.20
2016.06.20 08:24:19.536,1.04615,1.04616,1.00,2.25
2016.06.20 08:24:19.921,1.04613,1.04614,1.50,1.00
2016.06.20 08:24:20.192,1.04611,1.04614,1.00,1.16
2016.06.20 08:24:20.735,1.04612,1.04615,1.50,1.87
2016.06.20 08:24:21.398,1.04613,1.04615,1.00,1.00
2016.06.20 08:24:21.603,1.04614,1.04616,1.00,1.20
2016.06.20 08:24:21.918,1.04618,1.04622,1.00,1.95
2016.06.20 08:24:21.970,1.0462,1.04622,1.00,1.10
2016.06.20 08:24:22.479,1.04618,1.04621,1.50,1.05
2016.06.20 08:24:23.092,1.04619,1.04621,1.00,2.06
2016.06.20 08:24:23.601,1.04619,1.0462,1.50,1.00
2016.06.20 08:24:24.262,1.04619,1.04621,1.50,1.69
2016.06.20 08:24:24.772,1.04619,1.04623,1.00,4.57
2016.06.20 08:24:26.198,1.04616,1.0462,4.00,2.44
2016.06.20 08:24:26.465,1.04616,1.0462,3.25,1.39
2016.06.20 08:24:26.823,1.04615,1.04617,6.50,1.25
2016.06.20 08:24:27.083,1.0461,1.04613,2.25,2.25
2016.06.20 08:24:27.136,1.0461,1.04611,1.50,1.00
2016.06.20 08:24:27.290,1.04611,1.04615,1.00,2.81
2016.06.20 08:24:27.854,1.04611,1.04615,1.50,1.31
2016.06.20 08:24:28.364,1.04613,1.04617,1.00,2.14
2016.06.20 08:24:28.715,1.04613,1.04617,3.75,4.69
2016.06.20 08:24:29.123,1.04612,1.04614,3.75,1.00
2016.06.20 08:24:29.446,1.0461,1.04612,1.00,1.12
2016.06.20 08:24:29.956,1.0461,1.04613,3.00,3.75
2016.06.20 08:24:30.111,1.04611,1.04615,1.00,2.62
2016.06.20 08:24:30.649,1.04612,1.04615,1.50,1.12
2016.06.20 08:24:31.158,1.04613,1.04616,1.50,1.12
2016.06.20 08:24:31.736,1.04615,1.04617,1.00,2.25
2016.06.20 08:24:31.943,1.04618,1.04621,1.00,5.70
2016.06.20 08:24:32.657,1.04618,1.04622,1.50,2.25
2016.06.20 08:24:32.965,1.04617,1.0462,3.00,1.00
2016.06.20 08:24:34.307,1.04617,1.04621,3.00,1.12
2016.06.20 08:24:34.812,1.04618,1.04621,1.00,1.12
2016.06.20 08:24:35.423,1.04619,1.04623,1.00,3.67
2016.06.20 08:24:35.711,1.04623,1.04626,1.00,1.50
2016.06.20 08:24:36.219,1.04622,1.04625,1.00,1.00
2016.06.20 08:24:37.597,1.04621,1.04625,1.50,1.50
2016.06.20 08:24:37.901,1.04621,1.04623,1.00,1.00
2016.06.20 08:24:38.423,1.04621,1.04624,1.00,1.00
2016.06.20 08:24:40.616,1.04621,1.04622,1.00,1.00
2016.06.20 08:24:41.001,1.04619,1.04622,2.44,1.00
2016.06.20 08:24:41.468,1.04619,1.04621,1.00,1.31
2016.06.20 08:24:41.570,1.0462,1.04622,1.00,1.50
2016.06.20 08:24:41.876,1.04621,1.04624,1.00,1.69
2016.06.20 08:24:41.927,1.04621,1.04622,1.00,1.00
2016.06.20 08:24:42.029,1.04619,1.04622,3.00,1.00
2016.06.20 08:24:42.542,1.04621,1.04623,1.00,1.62
2016.06.20 08:24:42.645,1.04622,1.04624,1.00,1.69
2016.06.20 08:24:42.747,1.04623,1.04626,1.00,3.19
2016.06.20 08:24:42.849,1.04624,1.04627,1.00,1.76
2016.06.20 08:24:43.822,1.04623,1.04627,1.00,4.01
2016.06.20 08:24:44.026,1.04625,1.04627,1.00,2.51
2016.06.20 08:24:44.333,1.04628,1.04632,1.00,2.44
2016.06.20 08:24:45.094,1.04628,1.04629,1.00,1.00
2016.06.20 08:24:45.427,1.04621,1.04624,1.12,2.51
2016.06.20 08:24:45.479,1.04622,1.04624,1.50,1.76
2016.06.20 08:24:45.582,1.04629,1.0463,1.00,9.37
2016.06.20 08:24:45.634,1.0463,1.04632,1.00,3.75
2016.06.20 08:24:45.686,1.04629,1.04633,3.37,2.44
2016.06.20 08:24:45.738,1.04632,1.04633,1.00,1.25
2016.06.20 08:24:45.888,1.0463,1.04634,3.37,2.21
2016.06.20 08:24:46.093,1.0463,1.04632,1.50,1.25
2016.06.20 08:24:46.144,1.04629,1.04632,1.00,1.25
2016.06.20 08:24:46.660,1.04628,1.04631,1.50,1.19
2016.06.20 08:24:48.427,1.04627,1.04629,3.45,1.00
2016.06.20 08:24:48.735,1.04629,1.04632,1.00,1.62
2016.06.20 08:24:48.787,1.0463,1.04632,1.00,1.50
2016.06.20 08:24:49.297,1.0463,1.04634,2.62,1.19
2016.06.20 08:24:50.263,1.04629,1.04631,3.37,1.25
2016.06.20 08:24:50.417,1.04628,1.04629,1.00,1.50
2016.06.20 08:24:50.520,1.04625,1.04627,1.57,1.00
2016.06.20 08:24:50.674,1.04623,1.04626,1.12,1.00
2016.06.20 08:24:50.827,1.04626,1.04627,1.50,1.00
2016.06.20 08:24:50.980,1.04629,1.04631,1.00,3.00
2016.06.20 08:24:51.450,1.04627,1.04629,2.25,1.00
2016.06.20 08:24:51.552,1.04626,1.04628,1.00,1.00
2016.06.20 08:24:51.656,1.04624,1.04626,2.62,1.00
2016.06.20 08:24:51.812,1.04623,1.04626,1.57,1.00
2016.06.20 08:24:52.015,1.04625,1.04626,1.50,2.25
2016.06.20 08:24:52.220,1.04623,1.04626,2.25,1.00
2016.06.20 08:24:52.728,1.04624,1.04627,2.25,1.00
2016.06.20 08:24:52.949,1.04626,1.0463,1.00,2.81
2016.06.20 08:24:53.720,1.04628,1.04631,1.00,1.66
2016.06.20 08:24:53.924,1.0463,1.04633,1.00,5.14
2016.06.20 08:24:54.439,1.04631,1.04633,1.12,1.69
2016.06.20 08:24:55.103,1.0463,1.04633,1.12,1.00
2016.06.20 08:24:55.359,1.04631,1.04634,2.62,1.00
2016.06.20 08:24:55.869,1.04631,1.04634,1.12,1.25
2016.06.20 08:24:56.378,1.0463,1.04634,1.12,1.25
2016.06.20 08:24:56.984,1.04629,1.04633,2.10,1.00
2016.06.20 08:24:57.340,1.04629,1.04631,1.87,1.00
2016.06.20 08:24:57.653,1.04626,1.04629,1.00,1.00
2016.06.20 08:24:58.115,1.04627,1.04631,1.00,1.69
2016.06.20 08:24:59.736,1.04627,1.04631,1.00,1.69
2016.06.20 08:25:00.259,1.04626,1.0463,1.50,1.25
2016.06.20 08:25:00.926,1.04626,1.04629,1.00,1.00
2016.06.20 08:25:01.466,1.04627,1.04631,1.00,2.62
2016.06.20 08:25:01.827,1.04627,1.04631,1.12,1.69
2016.06.20 08:25:02.595,1.04627,1.04631,1.00,2.44
2016.06.20 08:25:03.152,1.04627,1.04631,1.87,1.69
2016.06.20 08:25:03.767,1.04626,1.0463,2.62,1.00
2016.06.20 08:25:04.675,1.04627,1.04631,1.00,1.69
2016.06.20 08:25:05.187,1.04627,1.04631,1.50,1.69
2016.06.20 08:25:05.701,1.04627,1.0463,1.00,1.00
2016.06.20 08:25:07.521,1.04627,1.04631,1.50,1.50
2016.06.20 08:25:07.918,1.04629,1.04632,1.00,1.00
2016.06.20 08:25:08.266,1.04626,1.04629,1.50,1.00
2016.06.20 08:25:08.616,1.0463,1.04631,1.00,4.50
2016.06.20 08:25:08.668,1.0463,1.04633,1.00,3.47
2016.06.20 08:25:08.719,1.04632,1.04633,1.00,2.85
2016.06.20 08:25:09.029,1.04634,1.04635,1.00,1.00
2016.06.20 08:25:09.235,1.04633,1.04637,1.00,1.87
2016.06.20 08:25:09.439,1.04632,1.04636,1.50,3.19
2016.06.20 08:25:09.749,1.04634,1.04637,1.00,1.87
2016.06.20 08:25:10.106,1.04634,1.04638,1.00,2.55
2016.06.20 08:25:10.615,1.04634,1.04638,1.00,1.42
2016.06.20 08:25:10.932,1.04636,1.04639,1.00,1.50
2016.06.20 08:25:11.194,1.04638,1.04642,1.00,1.12
2016.06.20 08:25:11.706,1.04638,1.04642,1.00,1.00
2016.06.20 08:25:12.061,1.04637,1.0464,1.10,1.19
2016.06.20 08:25:12.217,1.04634,1.04638,1.00,1.69
2016.06.20 08:25:12.726,1.04633,1.04637,1.00,1.87
2016.06.20 08:25:12.934,1.04632,1.04636,1.50,1.19
2016.06.20 08:25:13.812,1.04632,1.04634,1.00,1.00
2016.06.20 08:25:14.171,1.0463,1.04633,1.25,2.44
2016.06.20 08:25:14.273,1.0463,1.04634,1.25,1.69
2016.06.20 08:25:14.426,1.04629,1.04633,2.62,1.00
2016.06.20 08:25:14.478,1.04629,1.04631,1.50,1.00
2016.06.20 08:25:14.632,1.04626,1.0463,1.95,1.00
2016.06.20 08:25:14.683,1.04625,1.04628,4.50,1.00
2016.06.20 08:25:14.842,1.04623,1.04627,1.75,1.50
2016.06.20 08:25:15.353,1.04624,1.04628,1.97,1.25
2016.06.20 08:25:15.513,1.04626,1.04627,1.50,1.00
2016.06.20 08:25:15.663,1.04628,1.04631,3.75,1.31
2016.06.20 08:25:16.173,1.04629,1.04631,1.00,1.10
2016.06.20 08:25:16.689,1.04629,1.04632,1.50,1.00
2016.06.20 08:25:17.225,1.0463,1.04632,1.00,1.00
2016.06.20 08:25:17.682,1.04628,1.0463,1.12,1.00
2016.06.20 08:25:17.734,1.04626,1.04629,1.87,1.00
2016.06.20 08:25:17.852,1.04624,1.04627,4.50,1.00
2016.06.20 08:25:18.363,1.04622,1.04626,4.60,1.00
2016.06.20 08:25:18.673,1.0463,1.04631,1.00,1.87
2016.06.20 08:25:18.776,1.04631,1.04634,1.00,1.69
2016.06.20 08:25:19.285,1.0463,1.04633,2.25,1.00
2016.06.20 08:25:20.304,1.04632,1.04635,2.25,1.00
2016.06.20 08:25:21.323,1.04632,1.04636,1.50,1.76
2016.06.20 08:25:22.350,1.04632,1.04634,1.00,1.00
2016.06.20 08:25:22.452,1.0463,1.04633,1.20,1.00
2016.06.20 08:25:22.961,1.04629,1.04633,2.40,1.00
2016.06.20 08:25:23.063,1.04631,1.04633,1.00,1.00
2016.06.20 08:25:23.166,1.04629,1.04633,1.65,1.00
2016.06.20 08:25:23.322,1.04628,1.0463,1.12,1.00
2016.06.20 08:25:23.425,1.04626,1.04628,1.00,1.00
2016.06.20 08:25:23.527,1.04623,1.04627,4.52,1.00
2016.06.20 08:25:24.036,1.04624,1.04628,2.25,1.69
2016.06.20 08:25:25.214,1.04623,1.04627,3.25,1.00
2016.06.20 08:25:25.743,1.04627,1.04629,1.72,2.44
2016.06.20 08:25:25.948,1.04634,1.04635,1.33,1.00
2016.06.20 08:25:26.050,1.04634,1.04637,1.33,1.50
2016.06.20 08:25:26.920,1.04634,1.04636,1.33,1.00
2016.06.20 08:25:27.073,1.04632,1.04635,2.25,1.00
2016.06.20 08:25:27.200,1.0463,1.04634,2.32,1.25
2016.06.20 08:25:27.456,1.04632,1.04635,1.00,1.50
2016.06.20 08:25:28.811,1.04633,1.04636,1.50,1.00
2016.06.20 08:25:29.117,1.04635,1.04637,1.50,1.00
2016.06.20 08:25:29.620,1.04635,1.04638,1.00,1.00
2016.06.20 08:25:29.926,1.04632,1.04635,1.00,1.25
2016.06.20 08:25:30.232,1.04629,1.04632,2.87,1.00
2016.06.20 08:25:30.743,1.0463,1.04633,1.33,1.50
2016.06.20 08:25:31.048,1.04632,1.04635,1.00,1.69
2016.06.20 08:25:31.558,1.04632,1.04635,1.00,1.50
2016.06.20 08:25:31.893,1.04627,1.04628,1.00,1.25
2016.06.20 08:25:32.097,1.04625,1.04628,2.25,2.25
2016.06.20 08:25:32.455,1.04628,1.0463,1.00,1.00
2016.06.20 08:25:32.612,1.04629,1.04632,1.00,1.00
2016.06.20 08:25:32.971,1.04631,1.04633,1.00,1.00
2016.06.20 08:25:33.074,1.04631,1.04635,2.25,1.50
2016.06.20 08:25:33.376,1.04633,1.04635,1.75,1.00
2016.06.20 08:25:33.837,1.0463,1.04634,3.00,1.00
2016.06.20 08:25:34.176,1.04632,1.04635,1.00,1.69
2016.06.20 08:25:34.637,1.04634,1.04637,1.00,1.50
2016.06.20 08:25:35.142,1.04633,1.04637,1.50,1.50
2016.06.20 08:25:35.653,1.04633,1.04636,1.00,1.00
2016.06.20 08:25:36.745,1.04633,1.04637,3.00,1.50
2016.06.20 08:25:37.103,1.04633,1.04635,1.50,1.00
2016.06.20 08:25:37.360,1.04627,1.0463,1.75,1.00
2016.06.20 08:25:37.969,1.04627,1.04629,1.33,1.00
2016.06.20 08:25:38.072,1.04626,1.04628,2.14,1.00
2016.06.20 08:25:38.278,1.04623,1.04626,2.50,1.00
2016.06.20 08:25:38.816,1.04624,1.04627,1.50,1.50
2016.06.20 08:25:39.020,1.04626,1.04627,1.00,1.00
2016.06.20 08:25:39.482,1.04627,1.04629,1.00,1.25
2016.06.20 08:25:39.839,1.04629,1.0463,1.50,1.39
2016.06.20 08:25:39.942,1.04631,1.04633,1.00,2.25
2016.06.20 08:25:40.045,1.04632,1.04634,1.50,1.25
2016.06.20 08:25:40.250,1.04631,1.04632,1.00,1.00
2016.06.20 08:25:40.455,1.04628,1.04629,1.00,1.00
2016.06.20 08:25:40.608,1.04628,1.04629,1.00,1.00
2016.06.20 08:25:40.710,1.04631,1.04632,1.50,1.00
2016.06.20 08:25:40.812,1.04632,1.04634,1.50,1.10
2016.06.20 08:25:42.037,1.04631,1.04632,1.00,1.00
2016.06.20 08:25:42.193,1.04625,1.04626,1.00,1.00
2016.06.20 08:25:42.487,1.04623,1.04625,1.50,1.00
2016.06.20 08:25:42.997,1.04623,1.04624,1.00,1.50
2016.06.20 08:25:43.143,1.04624,1.04626,1.00,1.00
2016.06.20 08:25:43.659,1.04624,1.04626,1.00,3.11
2016.06.20 08:25:44.216,1.04623,1.04625,1.00,2.36
2016.06.20 08:25:44.318,1.04621,1.04623,1.00,1.29
2016.06.20 08:25:44.370,1.04621,1.04623,1.50,1.66
2016.06.20 08:25:45.765,1.0462,1.04623,1.50,2.51
2016.06.20 08:25:46.321,1.04621,1.04623,1.00,2.14
2016.06.20 08:25:47.703,1.0462,1.04623,1.50,2.51
2016.06.20 08:25:48.208,1.04621,1.04623,1.00,2.51
2016.06.20 08:25:48.363,1.04621,1.04623,1.00,1.57
2016.06.20 08:25:48.518,1.04622,1.04625,1.00,4.46
2016.06.20 08:25:49.044,1.04624,1.04627,1.50,2.74
2016.06.20 08:25:49.572,1.04623,1.04625,1.00,1.19
2016.06.20 08:25:50.210,1.04623,1.04625,1.00,1.25
2016.06.20 08:25:50.342,1.04624,1.04626,1.00,2.06
2016.06.20 08:25:50.856,1.04625,1.04627,1.00,1.69
2016.06.20 08:25:51.369,1.04624,1.04627,1.50,1.91
2016.06.20 08:25:55.108,1.04622,1.04625,1.50,1.50
2016.06.20 08:25:55.211,1.04622,1.04624,1.00,1.19
2016.06.20 08:25:55.415,1.0462,1.04622,1.00,2.06
2016.06.20 08:25:55.518,1.04618,1.04621,1.50,1.00
2016.06.20 08:25:56.081,1.04619,1.04622,1.00,1.52
2016.06.20 08:25:56.594,1.0462,1.04623,1.00,1.54
2016.06.20 08:25:57.103,1.04621,1.04623,1.00,1.31
2016.06.20 08:25:57.439,1.04622,1.04624,1.00,2.06
2016.06.20 08:25:57.594,1.04623,1.04625,1.00,1.25
2016.06.20 08:25:57.849,1.04625,1.04627,1.00,1.39
2016.06.20 08:26:00.446,1.04626,1.04627,4.69,2.25
2016.06.20 08:26:00.549,1.04631,1.04632,1.00,2.44
2016.06.20 08:26:00.652,1.04634,1.04636,1.00,1.69
2016.06.20 08:26:00.754,1.04635,1.04637,1.50,1.69
2016.06.20 08:26:00.806,1.04634,1.04636,1.00,1.50
2016.06.20 08:26:00.908,1.04632,1.04633,1.00,1.00
2016.06.20 08:26:01.011,1.0463,1.04633,1.50,1.69
2016.06.20 08:26:01.222,1.04632,1.04633,1.00,1.00
2016.06.20 08:26:01.344,1.04632,1.04635,1.00,2.70
2016.06.20 08:26:01.548,1.04634,1.04635,1.00,1.12
2016.06.20 08:26:02.008,1.04631,1.04634,1.50,1.00
2016.06.20 08:26:02.212,1.0463,1.04632,1.00,1.12
2016.06.20 08:26:02.719,1.04629,1.04633,1.50,3.00
2016.06.20 08:26:03.025,1.04631,1.04633,1.00,1.10
2016.06.20 08:26:03.638,1.04632,1.04634,1.00,1.50
2016.06.20 08:26:03.740,1.04633,1.04635,1.00,1.57
2016.06.20 08:26:03.842,1.04633,1.04636,1.00,2.70
2016.06.20 08:26:04.351,1.04634,1.04636,1.00,1.00
2016.06.20 08:26:05.482,1.04633,1.04636,1.50,1.00
2016.06.20 08:26:05.788,1.04633,1.04634,1.00,1.00
2016.06.20 08:26:06.312,1.04632,1.04633,1.00,1.00
2016.06.20 08:26:06.669,1.04632,1.04635,1.00,1.00
2016.06.20 08:26:07.487,1.04633,1.04635,1.00,1.00
2016.06.20 08:26:07.818,1.04631,1.04635,1.50,2.62
2016.06.20 08:26:07.869,1.04631,1.04633,1.00,1.00
2016.06.20 08:26:08.174,1.04634,1.04636,1.00,1.50
2016.06.20 08:26:08.277,1.04635,1.04637,1.00,1.00
2016.06.20 08:26:08.786,1.04634,1.04636,1.00,1.00
2016.06.20 08:26:09.294,1.04634,1.04637,1.00,1.87
2016.06.20 08:26:09.654,1.04633,1.04635,1.00,1.00
2016.06.20 08:26:09.756,1.04631,1.04634,2.25,1.00
2016.06.20 08:26:10.663,1.04631,1.04632,1.50,1.00
2016.06.20 08:26:10.766,1.04631,1.04634,1.50,2.55
2016.06.20 08:26:11.326,1.04632,1.04634,1.00,1.20
2016.06.20 08:26:11.581,1.04635,1.04638,1.25,1.42
2016.06.20 08:26:12.434,1.04637,1.04639,1.00,2.10
2016.06.20 08:26:12.688,1.04639,1.04641,1.00,1.00
2016.06.20 08:26:13.089,1.04637,1.0464,1.00,1.00
2016.06.20 08:26:13.599,1.04636,1.04639,1.00,1.00
2016.06.20 08:26:13.650,1.04638,1.04639,1.25,1.00
2016.06.20 08:26:13.854,1.04641,1.04644,1.69,3.75
2016.06.20 08:26:14.007,1.04641,1.04642,1.00,1.00
2016.06.20 08:26:14.313,1.04639,1.04643,1.50,1.50
2016.06.20 08:26:14.517,1.0464,1.04641,1.00,1.00
2016.06.20 08:26:14.723,1.04641,1.04644,1.50,3.45
2016.06.20 08:26:15.231,1.0464,1.04643,1.00,1.35
2016.06.20 08:26:15.740,1.04639,1.04643,1.50,2.10
2016.06.20 08:26:16.667,1.04639,1.04642,1.00,1.00
2016.06.20 08:26:16.762,1.04637,1.04641,3.00,4.95
2016.06.20 08:26:17.278,1.04637,1.0464,1.50,1.00
2016.06.20 08:26:18.403,1.04636,1.0464,1.00,2.25
2016.06.20 08:26:19.936,1.04635,1.04639,1.50,1.00
2016.06.20 08:26:19.987,1.04635,1.04637,1.00,2.25
2016.06.20 08:26:20.293,1.04633,1.04634,1.12,1.00
2016.06.20 08:26:20.397,1.04629,1.04633,1.75,2.25
2016.06.20 08:26:20.906,1.04629,1.04632,1.00,1.00
2016.06.20 08:26:21.409,1.04628,1.04632,1.00,1.50
2016.06.20 08:26:21.906,1.04627,1.0463,1.50,1.00
2016.06.20 08:26:22.216,1.04628,1.0463,3.19,1.00
2016.06.20 08:26:22.318,1.04627,1.0463,1.00,1.00
2016.06.20 08:26:22.828,1.04627,1.04631,5.29,1.00
2016.06.20 08:26:22.930,1.04629,1.04633,1.00,1.00
2016.06.20 08:26:25.124,1.04628,1.04632,4.31,1.00
2016.06.20 08:26:25.430,1.04627,1.04631,2.70,1.00
2016.06.20 08:26:25.634,1.04626,1.04629,2.44,1.00
2016.06.20 08:26:25.839,1.04628,1.04632,1.50,1.00
2016.06.20 08:26:26.179,1.04626,1.0463,4.56,1.00
2016.06.20 08:26:26.528,1.04624,1.04628,2.44,1.00
2016.06.20 08:26:27.038,1.04625,1.04628,1.50,1.00
2016.06.20 08:26:27.351,1.04623,1.04627,1.69,1.00
2016.06.20 08:26:28.431,1.04624,1.04627,1.00,1.00
2016.06.20 08:26:28.533,1.04625,1.04629,1.00,1.50
2016.06.20 08:26:29.182,1.04626,1.0463,1.00,1.50
2016.06.20 08:26:29.901,1.04629,1.04631,1.00,1.00
2016.06.20 08:26:29.952,1.0463,1.04632,1.00,1.20
2016.06.20 08:26:30.158,1.04632,1.04633,1.00,1.00
2016.06.20 08:26:30.314,1.04635,1.04636,1.00,1.00
2016.06.20 08:26:30.370,1.04634,1.04638,1.33,1.00
2016.06.20 08:26:30.835,1.04633,1.04636,1.00,1.00
2016.06.20 08:26:31.382,1.04632,1.04636,1.75,1.50
2016.06.20 08:26:31.894,1.04633,1.04637,1.00,2.62
2016.06.20 08:26:32.404,1.04634,1.04637,1.00,1.00
2016.06.20 08:26:32.987,1.04633,1.04637,1.50,1.50
2016.06.20 08:26:34.362,1.04635,1.04637,1.00,1.00
2016.06.20 08:26:34.464,1.04635,1.04639,1.50,1.50
2016.06.20 08:26:34.974,1.04636,1.04639,1.00,1.00
2016.06.20 08:26:37.334,1.04635,1.04639,1.00,1.50
2016.06.20 08:26:37.922,1.04634,1.04638,1.12,1.00
2016.06.20 08:26:39.193,1.04633,1.04637,4.87,1.00
2016.06.20 08:26:39.444,1.04635,1.04638,1.00,1.00
2016.06.20 08:26:39.954,1.04634,1.04638,1.50,1.00
2016.06.20 08:26:40.494,1.04632,1.04635,1.50,1.00
2016.06.20 08:26:40.596,1.0463,1.04634,1.50,1.87
2016.06.20 08:26:41.882,1.04629,1.04633,2.25,1.00
2016.06.20 08:26:42.591,1.04629,1.04634,3.37,1.50
2016.06.20 08:26:44.725,1.04629,1.04632,1.50,1.00
2016.06.20 08:26:44.931,1.04627,1.04631,3.07,1.00
2016.06.20 08:26:45.293,1.04629,1.04632,1.00,1.00
2016.06.20 08:26:45.816,1.04629,1.04633,1.50,1.50
2016.06.20 08:26:47.492,1.0463,1.04633,1.00,1.00
2016.06.20 08:26:47.708,1.04631,1.04635,1.00,1.00
2016.06.20 08:26:48.526,1.04635,1.04636,1.00,1.00
2016.06.20 08:26:48.730,1.04639,1.04642,2.44,2.25
2016.06.20 08:26:48.883,1.04639,1.04641,1.37,1.00
2016.06.20 08:26:48.986,1.04638,1.04641,2.70,1.69
2016.06.20 08:26:49.141,1.04639,1.04642,1.00,1.50
2016.06.20 08:26:49.663,1.04638,1.04642,3.00,1.00
2016.06.20 08:26:50.207,1.04637,1.04641,1.75,1.00
2016.06.20 08:26:50.466,1.04636,1.04639,1.87,1.00
2016.06.20 08:26:50.980,1.04635,1.04639,1.00,1.00
2016.06.20 08:26:51.554,1.04636,1.0464,1.00,1.69
2016.06.20 08:26:52.064,1.04635,1.04639,1.00,1.69
2016.06.20 08:26:52.526,1.04637,1.04641,1.00,1.69
2016.06.20 08:26:52.732,1.04638,1.04642,1.00,1.25
2016.06.20 08:26:53.768,1.04639,1.04643,1.00,2.14
2016.06.20 08:26:54.278,1.04639,1.04643,1.00,2.06
2016.06.20 08:26:56.416,1.04638,1.04642,1.50,1.00
2016.06.20 08:26:56.927,1.04637,1.04641,4.00,1.01
2016.06.20 08:26:58.193,1.04637,1.0464,2.12,1.00
2016.06.20 08:26:58.553,1.04635,1.04639,1.50,1.69
2016.06.20 08:27:01.056,1.04634,1.04638,1.00,1.25
2016.06.20 08:27:03.040,1.04634,1.04637,1.00,1.00
2016.06.20 08:27:03.605,1.04633,1.04637,2.25,1.25
2016.06.20 08:27:09.564,1.04634,1.04638,1.00,2.44
2016.06.20 08:27:10.266,1.04636,1.04638,1.00,1.19
2016.06.20 08:27:10.368,1.04636,1.0464,1.00,1.31
2016.06.20 08:27:12.515,1.04637,1.04641,1.00,2.36
2016.06.20 08:27:12.871,1.04637,1.04642,1.00,2.81
2016.06.20 08:27:13.419,1.04638,1.04642,1.00,2.51
2016.06.20 08:27:13.775,1.0464,1.04642,1.00,1.76
2016.06.20 08:27:16.192,1.04639,1.04642,1.00,1.29
2016.06.20 08:27:16.294,1.04638,1.04642,1.50,4.24
2016.06.20 08:27:18.117,1.04639,1.04642,1.00,1.95
2016.06.20 08:27:18.745,1.04639,1.04642,1.00,1.58
2016.06.20 08:27:18.849,1.0464,1.04643,1.00,1.69
2016.06.20 08:27:19.414,1.04639,1.04643,1.50,2.51
2016.06.20 08:27:19.618,1.04638,1.04641,1.50,1.76
2016.06.20 08:27:20.718,1.04636,1.0464,1.50,1.01
2016.06.20 08:27:22.322,1.04638,1.0464,1.00,1.01
2016.06.20 08:27:22.629,1.0464,1.04642,1.00,1.25
2016.06.20 08:27:23.393,1.04639,1.04642,1.50,1.25
2016.06.20 08:27:24.639,1.04638,1.04642,1.50,1.25
2016.06.20 08:27:25.836,1.04639,1.04642,1.00,1.25
2016.06.20 08:27:26.345,1.04639,1.04643,1.00,1.25
2016.06.20 08:27:30.119,1.0464,1.04643,1.00,1.31
2016.06.20 08:27:31.204,1.04639,1.04643,1.50,1.31
2016.06.20 08:27:35.431,1.04638,1.04642,1.50,1.00
2016.06.20 08:27:36.637,1.04639,1.04643,1.00,1.01
2016.06.20 08:27:37.946,1.04638,1.04642,1.50,1.00
2016.06.20 08:27:38.965,1.04639,1.04643,1.00,1.31
2016.06.20 08:27:39.969,1.0464,1.04643,1.00,1.31
2016.06.20 08:27:40.126,1.04638,1.04642,4.12,1.00
2016.06.20 08:27:41.592,1.04638,1.04641,1.00,1.00
2016.06.20 08:27:41.679,1.04637,1.0464,1.00,1.00
2016.06.20 08:27:41.986,1.04638,1.0464,2.25,1.00
2016.06.20 08:27:42.342,1.04637,1.04641,1.50,1.50
2016.06.20 08:27:43.002,1.04639,1.04641,1.00,1.00
2016.06.20 08:27:43.054,1.04639,1.04643,1.87,1.76
2016.06.20 08:27:44.010,1.04638,1.04642,4.12,1.00
2016.06.20 08:27:44.526,1.04638,1.04642,5.25,1.00
2016.06.20 08:27:46.480,1.04638,1.04642,1.87,1.00
2016.06.20 08:27:47.003,1.04638,1.04642,1.50,1.00
2016.06.20 08:27:50.118,1.04638,1.0464,1.00,1.00
2016.06.20 08:27:50.476,1.04636,1.0464,1.50,1.00
2016.06.20 08:27:50.988,1.04638,1.04641,1.87,1.00
2016.06.20 08:27:51.536,1.04638,1.04642,1.00,1.00
2016.06.20 08:27:52.294,1.04638,1.04642,1.00,1.19
2016.06.20 08:27:52.802,1.04637,1.04641,1.00,1.54
2016.06.20 08:27:53.162,1.04638,1.04642,1.00,1.25
2016.06.20 08:27:53.679,1.04637,1.04641,1.00,1.19
2016.06.20 08:27:56.579,1.04636,1.0464,1.87,1.25
2016.06.20 08:27:56.889,1.04643,1.04645,1.00,1.10
2016.06.20 08:27:57.196,1.04656,1.04659,1.00,3.94
2016.06.20 08:27:57.453,1.04654,1.04658,3.60,1.00
2016.06.20 08:27:57.962,1.04654,1.04657,1.50,1.00
2016.06.20 08:27:58.576,1.04652,1.04656,5.70,1.00
2016.06.20 08:27:59.641,1.04652,1.04656,7.76,1.00
2016.06.20 08:28:00.167,1.04653,1.04657,5.62,1.25
2016.06.20 08:28:00.677,1.04654,1.04658,1.00,1.25
2016.06.20 08:28:01.392,1.04653,1.04657,3.19,1.25
2016.06.20 08:28:01.901,1.04652,1.04656,3.00,1.00
2016.06.20 08:28:03.457,1.04652,1.04655,1.12,1.00
2016.06.20 08:28:04.604,1.0465,1.04656,7.76,2.81
2016.06.20 08:28:04.656,1.0465,1.04652,4.76,1.00
2016.06.20 08:28:04.963,1.04645,1.04651,1.00,6.90
2016.06.20 08:28:05.218,1.04647,1.04651,1.00,2.51
2016.06.20 08:28:05.575,1.04649,1.04652,1.00,3.07
2016.06.20 08:28:06.007,1.04647,1.0465,1.01,1.00
2016.06.20 08:28:06.314,1.04645,1.04649,2.89,1.00
2016.06.20 08:28:06.518,1.04647,1.04649,1.00,1.00
2016.06.20 08:28:06.722,1.04645,1.04649,2.62,1.00
2016.06.20 08:28:06.825,1.04648,1.0465,1.00,1.50
2016.06.20 08:28:06.978,1.04649,1.04653,1.65,1.25
2016.06.20 08:28:07.080,1.04652,1.04655,1.00,4.01
2016.06.20 08:28:07.132,1.04652,1.04655,1.00,1.00
2016.06.20 08:28:07.636,1.0465,1.04654,1.57,1.00
2016.06.20 08:28:08.146,1.04651,1.04655,1.00,1.69
2016.06.20 08:28:10.501,1.0465,1.04655,1.00,1.69
2016.06.20 08:28:11.012,1.04649,1.04654,3.45,1.00
2016.06.20 08:28:11.531,1.04649,1.04653,1.87,1.00
2016.06.20 08:28:12.034,1.0465,1.04654,1.50,1.25
2016.06.20 08:28:13.567,1.0465,1.04653,1.00,1.00
2016.06.20 08:28:14.084,1.0465,1.04654,2.25,1.25
2016.06.20 08:28:14.136,1.04649,1.04651,2.62,1.00
2016.06.20 08:28:14.290,1.04648,1.04649,1.00,1.25
2016.06.20 08:28:14.804,1.04647,1.0465,1.10,2.25
2016.06.20 08:28:15.029,1.04649,1.0465,1.50,1.00
2016.06.20 08:28:15.233,1.04646,1.0465,3.75,1.00
2016.06.20 08:28:16.558,1.04648,1.04652,1.00,4.24
2016.06.20 08:28:16.711,1.04649,1.04653,1.87,1.69
2016.06.20 08:28:20.401,1.04649,1.04652,1.00,1.00
2016.06.20 08:28:20.758,1.04646,1.0465,1.95,1.25
2016.06.20 08:28:20.860,1.04646,1.0465,1.10,1.25
2016.06.20 08:28:21.361,1.04645,1.0465,1.95,1.25
2016.06.20 08:28:22.594,1.04645,1.04649,1.87,1.00
2016.06.20 08:28:23.665,1.04644,1.04648,1.95,1.00
2016.06.20 08:28:23.869,1.04643,1.04647,2.51,1.00
2016.06.20 08:28:24.325,1.04642,1.04645,1.95,1.00
2016.06.20 08:28:24.479,1.0464,1.04644,4.82,1.00
2016.06.20 08:28:27.411,1.0464,1.04643,1.12,1.00
2016.06.20 08:28:28.462,1.0464,1.04644,1.87,1.00
2016.06.20 08:28:28.998,1.0464,1.04645,2.62,1.50
2016.06.20 08:28:30.994,1.0464,1.04644,1.87,1.00
2016.06.20 08:28:32.619,1.0464,1.04644,1.87,1.19
2016.06.20 08:28:33.688,1.04639,1.04643,1.00,1.69
2016.06.20 08:28:33.739,1.04639,1.04642,1.00,2.44
2016.06.20 08:28:33.791,1.04637,1.04641,1.00,1.25
2016.06.20 08:28:33.945,1.04636,1.04639,1.12,1.25
2016.06.20 08:28:34.099,1.04634,1.04639,1.00,3.19
2016.06.20 08:28:34.212,1.04634,1.04639,1.00,3.94
2016.06.20 08:28:34.726,1.04634,1.04638,1.50,1.25
2016.06.20 08:28:43.964,1.04634,1.04637,1.12,1.00
2016.06.20 08:28:44.475,1.04633,1.04637,1.12,2.25
2016.06.20 08:28:45.754,1.04633,1.04636,1.12,1.00
2016.06.20 08:28:46.303,1.04633,1.04637,1.87,2.25
2016.06.20 08:28:50.137,1.04634,1.04637,1.00,1.00
2016.06.20 08:28:50.667,1.04633,1.04637,3.75,1.00
2016.06.20 08:28:52.147,1.04635,1.04637,1.00,1.00
2016.06.20 08:28:52.652,1.04634,1.04637,1.50,1.00
2016.06.20 08:28:52.958,1.04639,1.04641,1.00,1.25
2016.06.20 08:29:00.061,1.04638,1.04642,1.50,1.69
2016.06.20 08:29:02.181,1.04641,1.04642,1.87,1.25
2016.06.20 08:29:02.339,1.04643,1.04646,2.25,1.69
2016.06.20 08:29:02.746,1.04641,1.04645,1.00,1.25
2016.06.20 08:29:03.002,1.04639,1.04643,4.12,1.00
2016.06.20 08:29:03.209,1.04638,1.04642,4.01,1.00
2016.06.20 08:29:03.828,1.04639,1.04643,1.12,1.25
2016.06.20 08:29:05.523,1.04639,1.04642,1.00,1.00
2016.06.20 08:29:05.676,1.04637,1.04641,2.70,1.00
2016.06.20 08:29:06.215,1.04639,1.04641,1.00,1.00
2016.06.20 08:29:06.317,1.0464,1.04644,1.12,1.19
2016.06.20 08:29:06.929,1.04639,1.04643,1.50,1.25
2016.06.20 08:29:09.506,1.0464,1.04644,1.00,1.69
2016.06.20 08:29:10.328,1.04639,1.04644,2.25,1.69
2016.06.20 08:29:12.211,1.04639,1.04642,1.00,1.00
2016.06.20 08:29:12.719,1.04641,1.04644,1.00,1.19
2016.06.20 08:29:12.923,1.04644,1.04647,1.00,1.00
2016.06.20 08:29:13.431,1.04643,1.04647,3.00,1.25
2016.06.20 08:29:14.097,1.04644,1.04648,1.00,1.31
2016.06.20 08:29:14.679,1.04643,1.04647,3.00,1.25
2016.06.20 08:29:15.343,1.04643,1.04645,1.00,1.00
2016.06.20 08:29:15.716,1.04641,1.04645,2.32,1.50
2016.06.20 08:29:16.528,1.04642,1.04646,1.00,4.69
2016.06.20 08:29:17.036,1.04643,1.04646,1.00,3.94
2016.06.20 08:29:17.290,1.04645,1.04649,1.00,6.34
2016.06.20 08:29:17.810,1.04644,1.04648,1.00,1.25
2016.06.20 08:29:18.675,1.04643,1.04647,1.50,1.00
2016.06.20 08:29:19.184,1.04642,1.04646,1.00,1.25
2016.06.20 08:29:22.933,1.04644,1.04647,1.12,3.56
2016.06.20 08:29:23.238,1.04653,1.04657,1.00,2.89
2016.06.20 08:29:23.290,1.04653,1.04657,1.50,2.14
2016.06.20 08:29:23.545,1.04655,1.04658,1.00,2.06
2016.06.20 08:29:24.373,1.04654,1.04658,1.75,1.19
2016.06.20 08:29:24.682,1.04653,1.04655,1.12,1.00
2016.06.20 08:29:24.835,1.04651,1.04654,1.00,1.00
2016.06.20 08:29:25.391,1.04652,1.04654,1.00,1.00
2016.06.20 08:29:27.165,1.04651,1.04654,1.00,1.00
2016.06.20 08:29:27.882,1.0465,1.04654,2.25,1.00
2016.06.20 08:29:27.985,1.04652,1.04654,1.00,1.00
2016.06.20 08:29:28.493,1.04651,1.04654,1.00,1.00
2016.06.20 08:29:29.807,1.0465,1.04654,3.00,1.00
2016.06.20 08:29:31.183,1.04651,1.04655,1.00,2.06
2016.06.20 08:29:33.887,1.04652,1.04656,1.00,4.39
2016.06.20 08:29:34.390,1.04651,1.04656,1.50,4.39
2016.06.20 08:29:35.316,1.04654,1.04656,2.50,2.51
2016.06.20 08:29:35.571,1.04656,1.04659,1.00,1.00
2016.06.20 08:29:36.080,1.04656,1.0466,1.00,4.21
2016.06.20 08:29:37.057,1.04656,1.0466,1.00,2.81
2016.06.20 08:29:37.571,1.04655,1.04659,1.00,1.00
2016.06.20 08:29:38.219,1.04655,1.04659,1.00,1.69
2016.06.20 08:29:41.965,1.04655,1.04659,1.00,1.69
2016.06.20 08:29:44.352,1.04654,1.04659,1.87,1.25
2016.06.20 08:29:44.886,1.04655,1.04659,1.00,3.19
2016.06.20 08:29:48.697,1.04654,1.04658,1.87,1.50
2016.06.20 08:29:49.120,1.04653,1.04655,1.71,1.00
2016.06.20 08:29:49.222,1.04651,1.04655,1.50,2.06
2016.06.20 08:29:49.884,1.04651,1.04655,1.00,1.31
2016.06.20 08:29:50.766,1.04651,1.04655,1.00,1.31
2016.06.20 08:29:53.026,1.0465,1.04654,1.12,1.69
2016.06.20 08:29:53.402,1.04649,1.04651,3.00,1.00
2016.06.20 08:29:53.504,1.04647,1.0465,1.10,3.94
2016.06.20 08:29:53.658,1.04645,1.04648,1.50,1.00
2016.06.20 08:29:54.178,1.04646,1.04649,1.00,1.19
2016.06.20 08:29:54.687,1.04645,1.04649,1.00,1.69
2016.06.20 08:29:55.100,1.04643,1.04648,2.69,1.25
2016.06.20 08:29:55.152,1.04643,1.04645,1.19,1.00
2016.06.20 08:29:55.306,1.04641,1.04645,1.50,1.50
2016.06.20 08:29:55.357,1.04641,1.04645,1.00,2.44
2016.06.20 08:29:55.573,1.04639,1.04644,1.69,1.69
2016.06.20 08:29:55.660,1.04641,1.04642,1.00,1.00
2016.06.20 08:29:55.712,1.04637,1.04641,3.07,1.00
2016.06.20 08:29:56.018,1.04635,1.04639,1.47,1.25
2016.06.20 08:29:56.323,1.04639,1.04641,1.00,2.44
2016.06.20 08:29:56.374,1.0464,1.04642,1.00,2.44
2016.06.20 08:29:56.882,1.04641,1.04642,1.00,1.00
2016.06.20 08:29:56.933,1.04639,1.04642,1.00,1.00
2016.06.20 08:29:57.086,1.04637,1.04641,3.26,1.00
2016.06.20 08:29:57.240,1.04636,1.04639,1.12,1.00
2016.06.20 08:29:57.391,1.04634,1.04638,1.87,1.00
2016.06.20 08:29:57.597,1.04633,1.04637,1.76,1.25
2016.06.20 08:29:59.785,1.04632,1.04636,1.87,1.25
2016.06.20 08:30:00.325,1.04632,1.04637,3.00,1.19
2016.06.20 08:30:00.841,1.04633,1.04637,1.00,1.25
2016.06.20 08:30:02.086,1.04634,1.04637,1.00,1.25
2016.06.20 08:30:02.601,1.04633,1.04637,2.25,1.25
2016.06.20 08:30:05.055,1.04634,1.04637,1.50,1.25
2016.06.20 08:30:05.570,1.04633,1.04637,1.00,1.25
2016.06.20 08:30:09.008,1.04634,1.04637,1.00,1.00
2016.06.20 08:30:10.180,1.04634,1.04638,1.50,2.32
2016.06.20 08:30:10.682,1.04635,1.04638,1.00,2.32
2016.06.20 08:30:11.190,1.04634,1.04637,1.50,1.00
2016.06.20 08:30:11.992,1.04633,1.04637,2.25,1.00
2016.06.20 08:30:12.756,1.04634,1.04637,1.00,1.00
2016.06.20 08:30:13.260,1.04633,1.04637,1.50,1.00
2016.06.20 08:30:14.802,1.04634,1.04637,1.00,1.00
2016.06.20 08:30:17.286,1.04634,1.04638,1.00,2.44
2016.06.20 08:30:17.726,1.04633,1.04636,2.25,2.25
2016.06.20 08:30:17.829,1.0463,1.04633,1.00,1.00
2016.06.20 08:30:18.034,1.04631,1.04635,1.50,1.76
2016.06.20 08:30:18.541,1.0463,1.04634,1.50,1.00
2016.06.20 08:30:19.051,1.04629,1.04633,2.25,1.00
2016.06.20 08:30:20.018,1.04628,1.04631,1.95,1.00
2016.06.20 08:30:20.336,1.0463,1.04631,2.25,1.50
2016.06.20 08:30:20.389,1.0463,1.04634,1.50,3.94
2016.06.20 08:30:20.695,1.04628,1.04632,3.75,1.00
2016.06.20 08:30:20.898,1.0463,1.04632,1.00,2.44
2016.06.20 08:30:21.010,1.04628,1.04632,1.50,1.50
2016.06.20 08:30:21.112,1.04631,1.04633,1.00,1.25
2016.06.20 08:30:21.368,1.04632,1.04635,1.00,1.50
2016.06.20 08:30:21.521,1.0463,1.04634,1.10,1.25
2016.06.20 08:30:21.623,1.04632,1.04633,1.00,1.00
2016.06.20 08:30:21.872,1.04628,1.04632,1.12,1.50
2016.06.20 08:30:22.382,1.04629,1.04631,1.00,1.25
2016.06.20 08:30:22.846,1.04627,1.04631,1.87,1.69
2016.06.20 08:30:23.050,1.04625,1.04628,1.20,1.00
2016.06.20 08:30:23.407,1.04627,1.04629,1.00,1.19
2016.06.20 08:30:23.913,1.04626,1.0463,1.50,4.69
2016.06.20 08:30:24.221,1.04627,1.04631,1.00,2.44
2016.06.20 08:30:25.633,1.04627,1.04629,1.00,1.19
2016.06.20 08:30:25.839,1.04625,1.04628,1.00,2.44
2016.06.20 08:30:25.941,1.04623,1.04627,1.10,2.44
2016.06.20 08:30:26.609,1.04622,1.04626,2.70,1.00
2016.06.20 08:30:26.812,1.04625,1.04626,1.00,1.00
2016.06.20 08:30:26.903,1.04625,1.04628,1.00,1.10
2016.06.20 08:30:27.056,1.04628,1.0463,1.00,1.19
2016.06.20 08:30:27.159,1.04628,1.04631,1.00,1.10
2016.06.20 08:30:27.670,1.04628,1.04632,1.00,1.25
2016.06.20 08:30:28.180,1.04629,1.04632,1.00,1.25
2016.06.20 08:30:28.731,1.04628,1.04632,1.00,2.44
2016.06.20 08:30:29.473,1.04629,1.04632,1.00,1.25
2016.06.20 08:30:32.432,1.0463,1.04634,1.00,4.54
2016.06.20 08:30:32.686,1.04632,1.04634,1.00,2.25
2016.06.20 08:30:32.791,1.04634,1.04636,1.00,1.00
2016.06.20 08:30:33.300,1.04633,1.04637,1.00,1.91
2016.06.20 08:30:33.801,1.04632,1.04636,2.25,1.31
2016.06.20 08:30:34.056,1.04632,1.04634,1.50,5.25
2016.06.20 08:30:34.326,1.04621,1.04623,1.00,1.25
2016.06.20 08:30:34.429,1.04618,1.04623,2.25,1.12
2016.06.20 08:30:34.938,1.04619,1.04624,1.00,2.44
2016.06.20 08:30:34.990,1.04619,1.04624,1.00,3.19
2016.06.20 08:30:36.245,1.04618,1.04623,1.50,1.49
2016.06.20 08:30:36.516,1.04619,1.04624,1.50,1.69
2016.06.20 08:30:36.974,1.04619,1.04623,1.00,1.49
2016.06.20 08:30:37.476,1.04618,1.04623,1.50,1.91
2016.06.20 08:30:37.990,1.0462,1.04621,1.00,1.00
2016.06.20 08:30:38.094,1.04615,1.04619,1.87,1.25
2016.06.20 08:30:38.367,1.04617,1.04618,1.00,1.00
2016.06.20 08:30:38.469,1.04613,1.04616,1.00,1.00
2016.06.20 08:30:38.978,1.04612,1.04616,2.25,1.00
2016.06.20 08:30:39.502,1.04611,1.04616,2.70,1.50
2016.06.20 08:30:39.707,1.04611,1.04613,1.57,1.00
2016.06.20 08:30:39.860,1.04608,1.0461,2.25,1.00
2016.06.20 08:30:40.219,1.04608,1.04613,1.50,1.57
2016.06.20 08:30:40.728,1.04608,1.04611,1.00,1.00
2016.06.20 08:30:41.280,1.04607,1.04611,1.00,1.25
2016.06.20 08:30:41.586,1.04609,1.04611,1.00,1.12
2016.06.20 08:30:41.891,1.04609,1.0461,1.00,1.25
2016.06.20 08:30:41.943,1.04607,1.0461,1.50,1.25
2016.06.20 08:30:42.248,1.04607,1.04612,1.50,2.06
2016.06.20 08:30:42.656,1.04607,1.0461,1.00,1.00
2016.06.20 08:30:43.216,1.04608,1.0461,1.00,1.00
2016.06.20 08:30:43.471,1.04608,1.04612,1.00,3.94
2016.06.20 08:30:43.637,1.0461,1.04613,1.00,3.26
2016.06.20 08:30:43.792,1.0461,1.04615,2.25,1.69
2016.06.20 08:30:43.947,1.0461,1.04612,1.50,1.00
2016.06.20 08:30:44.101,1.04607,1.0461,1.87,1.00
2016.06.20 08:30:44.450,1.04607,1.04612,1.00,3.75
2016.06.20 08:30:44.961,1.04608,1.04611,1.00,1.00
2016.06.20 08:30:45.175,1.04606,1.04611,1.00,2.25
2016.06.20 08:30:45.277,1.04608,1.0461,1.00,2.25
2016.06.20 08:30:45.379,1.04606,1.04609,1.00,1.00
2016.06.20 08:30:45.587,1.04608,1.04611,1.00,2.44
2016.06.20 08:30:45.791,1.04606,1.04611,1.50,3.00
2016.06.20 08:30:45.923,1.0461,1.04611,1.00,1.50
2016.06.20 08:30:46.131,1.04608,1.04612,2.25,1.00
2016.06.20 08:30:46.490,1.0461,1.04612,1.50,1.00
2016.06.20 08:30:46.796,1.04608,1.04611,1.10,1.00
2016.06.20 08:30:47.154,1.04611,1.04613,1.00,1.95
2016.06.20 08:30:47.308,1.04612,1.04616,1.00,2.25
2016.06.20 08:30:47.817,1.0461,1.04612,1.87,1.00
2016.06.20 08:30:47.971,1.04608,1.04611,1.00,1.00
2016.06.20 08:30:48.474,1.04607,1.04611,1.00,1.00
2016.06.20 08:30:48.986,1.04606,1.04611,2.25,1.00
2016.06.20 08:30:49.999,1.04607,1.04611,1.00,1.00
2016.06.20 08:30:50.107,1.04609,1.04612,1.00,1.00
2016.06.20 08:30:50.719,1.04608,1.04612,2.32,1.87
2016.06.20 08:30:51.279,1.04608,1.04612,1.00,2.31
2016.06.20 08:30:52.169,1.04608,1.04612,1.00,2.06
2016.06.20 08:30:52.683,1.04607,1.04611,1.50,1.00
2016.06.20 08:30:53.210,1.0461,1.04612,1.50,1.00
2016.06.20 08:30:53.520,1.04608,1.04609,8.32,1.00
2016.06.20 08:30:53.624,1.04609,1.04611,4.00,1.50
2016.06.20 08:30:53.778,1.04607,1.04611,1.00,1.00
2016.06.20 08:30:54.429,1.04607,1.04612,1.00,3.00
2016.06.20 08:30:54.972,1.04607,1.04611,1.00,1.00
2016.06.20 08:30:55.481,1.04607,1.0461,1.00,1.00
2016.06.20 08:30:55.985,1.04607,1.04611,1.00,1.00
2016.06.20 08:30:58.355,1.04609,1.04611,1.00,1.00
2016.06.20 08:30:58.560,1.04608,1.04613,1.50,2.25
2016.06.20 08:30:59.070,1.04608,1.04612,1.57,2.25
2016.06.20 08:31:00.847,1.04608,1.04611,1.00,1.00
2016.06.20 08:31:01.052,1.04605,1.04608,2.25,1.25
2016.06.20 08:31:01.308,1.04602,1.04605,1.00,1.68
2016.06.20 08:31:01.823,1.04601,1.04605,1.00,3.18
2016.06.20 08:31:02.347,1.04602,1.04605,1.00,1.00
2016.06.20 08:31:04.780,1.04604,1.04605,1.00,1.00
2016.06.20 08:31:05.017,1.04607,1.04609,1.00,1.12
2016.06.20 08:31:05.119,1.04607,1.04611,1.00,1.69
2016.06.20 08:31:05.424,1.04606,1.04608,1.10,1.00
2016.06.20 08:31:05.629,1.04599,1.04601,1.12,2.25
2016.06.20 08:31:05.681,1.04598,1.046,1.00,1.00
2016.06.20 08:31:05.823,1.04597,1.04601,1.57,1.55
2016.06.20 08:31:05.875,1.04599,1.04602,1.00,1.87
2016.06.20 08:31:05.926,1.04597,1.04602,1.69,1.50
2016.06.20 08:31:06.131,1.04598,1.04601,1.00,1.19
2016.06.20 08:31:06.644,1.04597,1.04601,1.10,2.25
2016.06.20 08:31:07.153,1.04596,1.046,1.50,1.00
2016.06.20 08:31:10.483,1.04595,1.046,1.50,3.34
2016.06.20 08:31:11.867,1.04595,1.046,1.50,2.62
2016.06.20 08:31:12.379,1.04596,1.046,1.00,2.02
2016.06.20 08:31:13.882,1.04594,1.04597,3.07,1.00
2016.06.20 08:31:14.189,1.04585,1.04588,1.50,1.10
2016.06.20 08:31:14.614,1.04586,1.0459,1.00,2.70
2016.06.20 08:31:15.176,1.04589,1.04591,1.00,4.61
2016.06.20 08:31:15.379,1.04589,1.04592,3.00,1.69
2016.06.20 08:31:15.919,1.04588,1.04592,1.57,3.56
2016.06.20 08:31:16.428,1.04587,1.04592,1.50,3.79
2016.06.20 08:31:16.936,1.04588,1.04592,1.50,3.04
2016.06.20 08:31:17.300,1.0459,1.04592,1.00,2.06
2016.06.20 08:31:17.351,1.04589,1.04592,1.50,1.87
2016.06.20 08:31:17.979,1.04588,1.04592,1.57,2.44
2016.06.20 08:31:18.487,1.04587,1.04591,2.62,1.37
2016.06.20 08:31:18.590,1.04587,1.0459,1.10,1.12
2016.06.20 08:31:19.112,1.04586,1.0459,1.69,1.00
2016.06.20 08:31:19.928,1.04587,1.0459,1.00,1.00
2016.06.20 08:31:20.438,1.04586,1.0459,1.50,3.37
2016.06.20 08:31:20.944,1.04585,1.04589,1.00,2.47
2016.06.20 08:31:24.078,1.04586,1.04589,1.00,1.00
2016.06.20 08:31:24.231,1.04587,1.04591,1.00,2.70
2016.06.20 08:31:25.940,1.04587,1.04589,1.00,1.00
2016.06.20 08:31:26.144,1.0458,1.04583,3.75,2.12
2016.06.20 08:31:26.349,1.04578,1.04582,1.00,1.69
2016.06.20 08:31:26.856,1.04579,1.04582,1.00,2.44
2016.06.20 08:31:28.095,1.0458,1.04582,1.00,2.44
2016.06.20 08:31:28.248,1.04581,1.04584,1.00,1.00
2016.06.20 08:31:28.373,1.04583,1.04585,1.00,1.00
2016.06.20 08:31:28.426,1.04583,1.04587,1.00,1.10
2016.06.20 08:31:28.681,1.04583,1.04585,1.00,1.00
2016.06.20 08:31:28.987,1.04577,1.04578,1.50,1.30
2016.06.20 08:31:29.039,1.04575,1.04577,1.00,1.00
2016.06.20 08:31:29.201,1.04573,1.04576,1.50,1.10
2016.06.20 08:31:29.659,1.04574,1.04578,1.50,1.05
2016.06.20 08:31:29.812,1.04576,1.04579,1.00,1.50
2016.06.20 08:31:30.118,1.04578,1.04581,1.00,1.54
2016.06.20 08:31:30.322,1.04579,1.04583,1.50,1.37
2016.06.20 08:31:30.576,1.0458,1.04584,1.00,2.62
2016.06.20 08:31:31.098,1.04581,1.04585,1.00,5.47
2016.06.20 08:31:31.658,1.04581,1.04585,1.00,4.95
2016.06.20 08:31:32.164,1.0458,1.04584,1.50,1.00
2016.06.20 08:31:32.469,1.04584,1.04585,1.00,1.20
2016.06.20 08:31:32.818,1.04575,1.04577,4.50,1.37
2016.06.20 08:31:32.870,1.04573,1.04577,1.50,1.47
2016.06.20 08:31:33.174,1.04574,1.04578,1.50,1.50
2016.06.20 08:31:34.095,1.04574,1.04576,1.00,1.00
2016.06.20 08:31:34.401,1.04575,1.04578,1.50,1.12
2016.06.20 08:31:34.605,1.04577,1.04579,1.00,1.00
2016.06.20 08:31:34.758,1.04577,1.04581,1.00,1.10
2016.06.20 08:31:35.307,1.04576,1.0458,1.50,1.87
2016.06.20 08:31:37.386,1.04577,1.04581,1.00,2.44
2016.06.20 08:31:37.641,1.04579,1.04581,1.00,1.25
2016.06.20 08:31:37.744,1.0458,1.04583,1.00,1.87
2016.06.20 08:31:38.209,1.04584,1.04585,1.00,1.01
2016.06.20 08:31:38.466,1.0458,1.04583,1.00,1.57
2016.06.20 08:31:38.517,1.0458,1.04581,1.00,1.00
2016.06.20 08:31:38.569,1.04578,1.04581,1.00,1.50
2016.06.20 08:31:39.093,1.04578,1.04582,1.50,1.50
2016.06.20 08:31:39.319,1.0458,1.04582,1.00,1.12
2016.06.20 08:31:39.472,1.0458,1.04584,1.50,1.50
2016.06.20 08:31:39.979,1.04579,1.04583,2.25,2.62
2016.06.20 08:31:40.489,1.0458,1.04584,1.00,1.57
2016.06.20 08:31:40.643,1.04582,1.04585,1.00,1.50
2016.06.20 08:31:40.951,1.04585,1.04586,1.00,1.00
2016.06.20 08:31:41.106,1.0458,1.04582,1.50,1.09
2016.06.20 08:31:41.209,1.04578,1.04582,2.25,3.00
2016.06.20 08:31:41.720,1.04579,1.04583,1.50,1.00
2016.06.20 08:31:45.717,1.0458,1.04584,1.00,2.55
2016.06.20 08:31:46.225,1.04579,1.04583,1.50,1.00
2016.06.20 08:31:50.705,1.0458,1.04584,1.00,2.51
2016.06.20 08:31:51.812,1.0458,1.04583,1.00,1.50
2016.06.20 08:31:58.235,1.04582,1.04584,1.00,2.32
2016.06.20 08:31:58.388,1.04585,1.04587,1.50,1.50
2016.06.20 08:31:58.631,1.04583,1.04585,1.00,2.25
2016.06.20 08:31:58.939,1.04579,1.04582,1.50,1.00
2016.06.20 08:31:59.448,1.0458,1.04583,1.00,1.00
2016.06.20 08:32:02.059,1.0458,1.04584,1.00,2.47
2016.06.20 08:32:02.267,1.04582,1.04585,1.00,2.55
2016.06.20 08:32:02.319,1.04584,1.04586,1.00,1.25
2016.06.20 08:32:02.370,1.04584,1.04588,1.69,3.25
2016.06.20 08:32:02.875,1.04584,1.04587,2.25,1.00
2016.06.20 08:32:03.385,1.04584,1.04586,1.50,1.00
2016.06.20 08:32:03.897,1.04583,1.04586,1.69,1.00
2016.06.20 08:32:04.153,1.04585,1.04587,1.00,1.00
2016.06.20 08:32:04.308,1.04585,1.04589,1.00,3.45
2016.06.20 08:32:04.917,1.04586,1.04589,1.00,1.87
2016.06.20 08:32:05.429,1.04586,1.04589,1.00,1.50
2016.06.20 08:32:05.937,1.04586,1.04589,1.00,1.50
2016.06.20 08:32:06.749,1.04587,1.04589,1.00,1.50
2016.06.20 08:32:07.011,1.04589,1.04591,1.00,1.12
2016.06.20 08:32:07.317,1.04589,1.04593,1.00,6.56
2016.06.20 08:32:07.368,1.04588,1.04591,1.00,1.00
2016.06.20 08:32:07.674,1.04586,1.04589,1.50,1.12
2016.06.20 08:32:08.612,1.04587,1.04589,1.00,1.00
2016.06.20 08:32:08.788,1.04587,1.04591,1.00,4.31
2016.06.20 08:32:09.047,1.04586,1.04589,1.50,1.87
2016.06.20 08:32:09.253,1.04584,1.04587,2.25,1.00
2016.06.20 08:32:09.765,1.04584,1.04586,1.50,1.00
2016.06.20 08:32:10.330,1.04584,1.04587,1.69,1.50
2016.06.20 08:32:10.841,1.04585,1.04587,1.00,1.00
2016.06.20 08:32:11.353,1.04586,1.04588,1.50,1.50
2016.06.20 08:32:11.861,1.04586,1.04587,1.50,1.00
2016.06.20 08:32:12.105,1.04587,1.04589,1.00,1.50
2016.06.20 08:32:12.157,1.04588,1.0459,1.50,1.50
2016.06.20 08:32:12.820,1.04588,1.04589,1.00,1.00
2016.06.20 08:32:12.942,1.04586,1.04588,1.00,1.00
2016.06.20 08:32:13.862,1.04586,1.04589,2.06,1.00
2016.06.20 08:32:14.256,1.04589,1.04591,1.00,2.62
2016.06.20 08:32:14.461,1.04591,1.04594,1.00,3.00
2016.06.20 08:32:14.972,1.04591,1.04593,1.00,1.00
2016.06.20 08:32:15.487,1.04591,1.04594,1.00,3.37
2016.06.20 08:32:16.019,1.0459,1.04594,1.50,3.75
2016.06.20 08:32:16.568,1.04591,1.04594,1.00,2.25
2016.06.20 08:32:18.163,1.04593,1.04594,1.00,1.00
2016.06.20 08:32:18.316,1.04592,1.04596,2.44,3.00
2016.06.20 08:32:18.367,1.04592,1.04593,1.69,1.00
2016.06.20 08:32:18.470,1.0459,1.04592,1.69,1.00
2016.06.20 08:32:19.010,1.0459,1.04593,1.69,1.00
2016.06.20 08:32:19.673,1.04591,1.04593,1.00,1.00
2016.06.20 08:32:19.868,1.04593,1.04594,1.00,1.50
2016.06.20 08:32:19.920,1.0459,1.04593,2.44,1.00
2016.06.20 08:32:19.972,1.04591,1.04592,1.00,1.00
2016.06.20 08:32:20.075,1.04589,1.04592,3.00,1.50
2016.06.20 08:32:20.330,1.04588,1.04589,1.25,1.72
2016.06.20 08:32:20.382,1.04587,1.04589,1.50,2.47
2016.06.20 08:32:20.485,1.04585,1.04588,2.25,1.00
2016.06.20 08:32:22.073,1.04585,1.04587,1.50,1.00
2016.06.20 08:32:24.024,1.04585,1.04586,1.00,1.00
2016.06.20 08:32:24.127,1.04583,1.04586,1.50,2.25
2016.06.20 08:32:25.399,1.04584,1.04586,1.00,1.72
2016.06.20 08:32:26.014,1.04584,1.04587,1.00,1.95
2016.06.20 08:32:26.924,1.04585,1.04587,1.00,1.57
2016.06.20 08:32:27.433,1.04586,1.04588,1.00,1.00
2016.06.20 08:32:27.906,1.04586,1.0459,1.25,4.73
2016.06.20 08:32:28.884,1.04587,1.0459,1.00,3.98
2016.06.20 08:32:29.393,1.04587,1.0459,1.50,1.87
2016.06.20 08:32:31.028,1.04587,1.0459,1.50,3.98
2016.06.20 08:32:31.539,1.04587,1.04589,1.00,3.37
2016.06.20 08:32:32.084,1.04586,1.04589,1.00,2.62
2016.06.20 08:32:32.643,1.04586,1.04588,1.00,1.00
2016.06.20 08:32:33.146,1.04585,1.04588,1.50,1.50
2016.06.20 08:32:35.025,1.04585,1.04587,1.50,1.00
2016.06.20 08:32:35.537,1.04585,1.04588,1.50,1.87
2016.06.20 08:32:37.409,1.04585,1.04589,2.25,2.62
2016.06.20 08:32:37.920,1.04586,1.04589,1.00,1.00
2016.06.20 08:32:38.430,1.04585,1.04588,2.25,1.00
2016.06.20 08:32:38.529,1.04583,1.04586,3.07,1.00
2016.06.20 08:32:38.631,1.04584,1.04587,1.00,1.00
2016.06.20 08:32:38.886,1.04583,1.04585,1.00,1.00
2016.06.20 08:32:39.404,1.04583,1.04587,1.50,2.32
2016.06.20 08:32:39.710,1.04585,1.04588,1.00,1.95
2016.06.20 08:32:40.220,1.04584,1.04588,1.00,1.57
2016.06.20 08:32:41.292,1.04587,1.04589,1.00,4.05
2016.06.20 08:32:41.451,1.04588,1.04591,1.00,1.00
2016.06.20 08:32:41.959,1.04589,1.04592,1.00,1.87
2016.06.20 08:32:43.202,1.0459,1.04594,1.00,2.57
2016.06.20 08:32:43.255,1.0459,1.04594,1.00,1.57
2016.06.20 08:32:44.532,1.0459,1.04593,1.00,1.50
2016.06.20 08:32:44.685,1.04587,1.0459,1.69,1.00
2016.06.20 08:32:44.838,1.04584,1.04588,3.19,1.50
2016.06.20 08:32:44.983,1.04586,1.04588,1.00,2.25
2016.06.20 08:32:45.494,1.04584,1.04588,1.69,1.75
2016.06.20 08:32:47.321,1.04584,1.04587,1.19,1.00
2016.06.20 08:32:47.423,1.04583,1.04587,1.25,1.33
2016.06.20 08:32:47.935,1.04582,1.04586,1.69,1.00
2016.06.20 08:32:48.452,1.04584,1.04588,1.00,2.50
2016.06.20 08:32:48.911,1.04585,1.04589,1.00,1.00
2016.06.20 08:32:49.424,1.04586,1.0459,1.00,3.07
2016.06.20 08:32:49.839,1.04588,1.0459,1.00,2.32
2016.06.20 08:32:49.942,1.04589,1.04592,1.00,3.00
2016.06.20 08:32:50.480,1.0459,1.04594,1.50,2.62
2016.06.20 08:32:50.684,1.0459,1.04591,1.00,1.00
2016.06.20 08:32:50.735,1.04588,1.04591,2.62,1.00
2016.06.20 08:32:50.837,1.04585,1.04589,2.89,1.00
2016.06.20 08:32:51.388,1.04585,1.04589,1.69,1.87
2016.06.20 08:32:51.903,1.04585,1.04587,1.19,1.00
2016.06.20 08:32:52.413,1.04585,1.04588,1.19,1.00
2016.06.20 08:32:53.155,1.04585,1.04588,1.50,1.00
2016.06.20 08:32:53.869,1.04584,1.04588,3.19,1.00
2016.06.20 08:32:54.377,1.04584,1.04588,2.81,1.00
2016.06.20 08:32:54.982,1.04584,1.04588,1.69,1.00
2016.06.20 08:32:55.981,1.04585,1.04588,1.00,1.00
2016.06.20 08:32:56.496,1.04585,1.04589,1.00,1.00
2016.06.20 08:32:57.006,1.04585,1.04589,1.69,1.00
2016.06.20 08:32:57.515,1.04586,1.0459,1.25,1.00
2016.06.20 08:32:58.304,1.04587,1.04591,1.00,3.00
2016.06.20 08:32:58.819,1.04586,1.0459,2.06,1.00
2016.06.20 08:33:00.313,1.04586,1.0459,1.95,1.00
2016.06.20 08:33:00.624,1.04589,1.04591,1.00,1.00
2016.06.20 08:33:00.676,1.04589,1.04593,1.00,3.00
2016.06.20 08:33:01.231,1.0459,1.04594,1.10,1.00
2016.06.20 08:33:01.486,1.0459,1.04592,2.81,1.00
2016.06.20 08:33:01.537,1.04588,1.0459,4.20,1.00
2016.06.20 08:33:01.844,1.04589,1.04592,1.87,1.00
2016.06.20 08:33:02.000,1.0459,1.04594,1.00,1.25
2016.06.20 08:33:02.564,1.04592,1.04595,1.00,1.87
2016.06.20 08:33:02.909,1.0459,1.04592,1.50,1.87
2016.06.20 08:33:03.420,1.04589,1.04593,1.00,1.50
2016.06.20 08:33:03.961,1.04588,1.04592,1.00,1.00
2016.06.20 08:33:04.376,1.0459,1.04594,1.00,1.00
2016.06.20 08:33:04.887,1.04589,1.04593,1.00,1.50
2016.06.20 08:33:05.227,1.04588,1.04589,1.00,1.00
2016.06.20 08:33:05.279,1.04586,1.04589,1.00,1.00
2016.06.20 08:33:05.792,1.04585,1.04589,1.50,1.00
2016.06.20 08:33:06.708,1.04584,1.04588,2.70,1.00
2016.06.20 08:33:07.116,1.04586,1.04588,1.00,1.00
2016.06.20 08:33:07.641,1.04585,1.04589,1.50,1.12
2016.06.20 08:33:07.949,1.0459,1.04591,1.00,1.00
2016.06.20 08:33:08.051,1.04591,1.04593,1.00,1.00
2016.06.20 08:33:08.154,1.04593,1.04596,1.00,3.00
2016.06.20 08:33:08.573,1.04593,1.04594,1.00,2.25
2016.06.20 08:33:08.881,1.04593,1.04596,1.00,1.50
2016.06.20 08:33:08.933,1.04591,1.04592,1.25,3.75
2016.06.20 08:33:09.035,1.0459,1.04592,1.00,1.30
2016.06.20 08:33:09.443,1.0459,1.04594,1.00,3.07
2016.06.20 08:33:09.953,1.04591,1.04594,1.31,1.00
2016.06.20 08:33:10.004,1.0459,1.04593,1.69,1.00
2016.06.20 08:33:10.209,1.04586,1.04589,1.25,1.00
2016.06.20 08:33:10.978,1.04586,1.0459,1.50,2.25
2016.06.20 08:33:11.283,1.04586,1.04588,1.00,1.00
2016.06.20 08:33:11.680,1.04582,1.04585,1.37,2.25
2016.06.20 08:33:12.543,1.04581,1.04585,1.31,1.50
2016.06.20 08:33:13.051,1.04581,1.04584,1.31,1.00
2016.06.20 08:33:13.815,1.04582,1.04584,1.00,1.00
2016.06.20 08:33:13.866,1.04583,1.04585,1.00,1.50
2016.06.20 08:33:13.970,1.04585,1.04587,1.00,1.87
2016.06.20 08:33:14.175,1.04586,1.04589,1.00,1.00
2016.06.20 08:33:14.686,1.04586,1.0459,1.00,1.72
2016.06.20 08:33:15.988,1.04587,1.04591,1.00,2.55
2016.06.20 08:33:16.039,1.0459,1.04591,1.00,1.00
2016.06.20 08:33:16.192,1.0459,1.04593,1.00,2.25
2016.06.20 08:33:17.109,1.04591,1.04593,1.00,1.50
2016.06.20 08:33:17.211,1.04589,1.04593,2.81,1.00
2016.06.20 08:33:17.567,1.04587,1.04591,1.25,1.00
2016.06.20 08:33:18.098,1.04586,1.0459,2.06,1.00
2016.06.20 08:33:18.608,1.04587,1.04591,1.25,1.00
2016.06.20 08:33:20.816,1.04586,1.04589,1.19,1.00
2016.06.20 08:33:20.918,1.04585,1.04589,1.50,1.50
2016.06.20 08:33:21.444,1.04585,1.04588,1.00,1.00
2016.06.20 08:33:21.954,1.04585,1.04589,1.00,2.85
2016.06.20 08:33:22.458,1.04584,1.04589,1.25,2.85
2016.06.20 08:33:23.249,1.04585,1.04589,1.00,2.85
2016.06.20 08:33:23.755,1.04584,1.04588,1.25,1.00
2016.06.20 08:33:24.463,1.04585,1.04588,1.00,1.00
2016.06.20 08:33:24.971,1.04585,1.04589,1.00,2.62
2016.06.20 08:33:26.533,1.04585,1.04588,1.00,1.00
2016.06.20 08:33:27.137,1.04585,1.04589,1.00,2.85
2016.06.20 08:33:27.341,1.04587,1.0459,1.00,2.32
2016.06.20 08:33:27.494,1.04589,1.04593,1.25,3.00
2016.06.20 08:33:28.022,1.04589,1.04593,1.00,4.12
2016.06.20 08:33:28.540,1.04589,1.04593,1.00,5.85
2016.06.20 08:33:28.697,1.04587,1.04591,2.44,1.00
2016.06.20 08:33:28.902,1.04585,1.04589,1.25,1.12
2016.06.20 08:33:29.482,1.04586,1.04589,1.00,1.00
2016.06.20 08:33:29.991,1.04586,1.0459,1.00,2.25
2016.06.20 08:33:30.502,1.04585,1.04589,1.25,1.12
2016.06.20 08:33:33.484,1.04584,1.04589,1.50,2.62
2016.06.20 08:33:33.992,1.04583,1.04588,1.50,3.00
2016.06.20 08:33:34.511,1.04583,1.04587,1.50,2.10
2016.06.20 08:33:36.360,1.04584,1.04587,1.00,1.12
2016.06.20 08:33:36.462,1.04585,1.04589,1.00,3.82
2016.06.20 08:33:38.997,1.04586,1.04589,1.00,1.87
2016.06.20 08:33:39.506,1.04586,1.0459,1.00,1.50
2016.06.20 08:33:40.569,1.04585,1.04589,1.00,1.00
2016.06.20 08:33:41.078,1.04584,1.04588,1.00,1.50
2016.06.20 08:33:42.122,1.04583,1.04587,3.00,1.00
2016.06.20 08:33:42.631,1.04582,1.04586,1.50,1.50
2016.06.20 08:33:42.869,1.04582,1.04584,1.00,1.00
2016.06.20 08:33:42.922,1.0458,1.04583,1.50,1.12
2016.06.20 08:33:43.227,1.0458,1.04585,1.50,3.82
2016.06.20 08:33:44.967,1.0458,1.04584,1.50,1.00
2016.06.20 08:33:45.478,1.04579,1.04583,1.00,2.25
2016.06.20 08:33:45.783,1.04578,1.0458,1.87,1.00
2016.06.20 08:33:47.352,1.04578,1.04579,1.00,1.00
2016.06.20 08:33:47.453,1.04576,1.04578,1.00,1.00
2016.06.20 08:33:47.555,1.04574,1.04578,1.69,1.50
2016.06.20 08:33:48.063,1.04575,1.04578,1.00,1.00
2016.06.20 08:33:48.314,1.04578,1.0458,1.00,3.07
2016.06.20 08:33:48.417,1.04579,1.04581,1.00,1.12
2016.06.20 08:33:48.469,1.0458,1.04583,1.00,1.12
2016.06.20 08:33:48.723,1.04579,1.0458,1.50,1.00
2016.06.20 08:33:48.927,1.04575,1.04577,1.00,2.25
2016.06.20 08:33:49.384,1.04576,1.04579,1.00,1.50
2016.06.20 08:33:49.921,1.04579,1.04581,1.00,2.32
2016.06.20 08:33:50.076,1.04579,1.04582,2.25,1.00
2016.06.20 08:33:50.384,1.04578,1.04579,1.00,1.50
2016.06.20 08:33:50.435,1.04576,1.04579,1.00,3.00
2016.06.20 08:33:50.941,1.04575,1.04579,1.50,1.87
2016.06.20 08:33:52.999,1.04576,1.04579,1.00,1.95
2016.06.20 08:33:53.507,1.04576,1.0458,2.25,3.45
2016.06.20 08:33:54.046,1.04576,1.0458,2.25,1.95
2016.06.20 08:33:55.070,1.04576,1.0458,2.25,2.25
2016.06.20 08:33:55.579,1.04577,1.0458,1.25,2.62
2016.06.20 08:33:55.731,1.04578,1.0458,1.00,1.87
2016.06.20 08:33:55.882,1.0458,1.04582,1.25,1.00
2016.06.20 08:33:55.985,1.0458,1.04584,1.25,2.62
2016.06.20 08:33:57.720,1.04581,1.04585,1.00,2.77
2016.06.20 08:33:58.233,1.0458,1.04583,1.00,1.50
2016.06.20 08:33:58.692,1.04578,1.04581,1.69,1.50
2016.06.20 08:33:58.846,1.04575,1.04579,3.19,3.00
2016.06.20 08:33:59.395,1.04576,1.0458,1.00,1.87
2016.06.20 08:34:00.789,1.04575,1.04579,2.44,1.00
2016.06.20 08:34:01.145,1.04575,1.04577,1.00,1.00
2016.06.20 08:34:01.451,1.04572,1.04574,1.25,3.75
2016.06.20 08:34:01.757,1.0457,1.04572,1.50,1.00
2016.06.20 08:34:02.279,1.04571,1.04573,1.00,1.00
2016.06.20 08:34:02.382,1.04572,1.04575,1.50,1.87
2016.06.20 08:34:02.897,1.04572,1.04576,1.50,1.87
2016.06.20 08:34:03.407,1.04573,1.04576,1.00,1.00
2016.06.20 08:34:03.974,1.04572,1.04576,1.50,1.00
2016.06.20 08:34:04.484,1.04574,1.04576,1.00,1.00
2016.06.20 08:34:04.662,1.04574,1.04578,1.00,4.50
2016.06.20 08:34:05.023,1.04573,1.04576,1.50,1.50
2016.06.20 08:34:05.329,1.0457,1.04573,1.00,3.37
2016.06.20 08:34:06.655,1.04569,1.04573,1.00,1.87
2016.06.20 08:34:06.961,1.0457,1.04572,1.00,1.50
2016.06.20 08:34:07.105,1.0457,1.04574,1.69,2.62
2016.06.20 08:34:07.209,1.0457,1.04573,1.00,1.37
2016.06.20 08:34:07.413,1.04568,1.04572,1.69,1.87
2016.06.20 08:34:07.998,1.04569,1.04573,1.00,3.00
2016.06.20 08:34:08.986,1.04569,1.04572,1.00,1.00
2016.06.20 08:34:09.546,1.0457,1.04572,1.00,1.00
2016.06.20 08:34:09.649,1.04571,1.04575,1.50,2.32
2016.06.20 08:34:10.258,1.04573,1.04575,1.00,1.20
2016.06.20 08:34:10.364,1.04572,1.04576,2.06,1.00
2016.06.20 08:34:10.433,1.04571,1.04573,3.94,1.50
2016.06.20 08:34:10.715,1.0457,1.04572,1.00,1.00
2016.06.20 08:34:10.868,1.0457,1.04574,1.25,1.50
2016.06.20 08:34:11.379,1.04569,1.04573,1.69,1.50
2016.06.20 08:34:11.635,1.04572,1.04574,1.00,2.25
2016.06.20 08:34:11.738,1.04574,1.04575,1.00,1.00
2016.06.20 08:34:11.841,1.04572,1.04574,1.25,1.00
2016.06.20 08:34:11.943,1.04571,1.04575,3.19,1.27
2016.06.20 08:34:12.046,1.04569,1.04573,2.44,1.00
2016.06.20 08:34:13.739,1.04571,1.04573,1.00,1.87
2016.06.20 08:34:13.842,1.04572,1.04576,1.00,1.37
2016.06.20 08:34:13.944,1.04573,1.04577,1.25,1.57
2016.06.20 08:34:14.466,1.04574,1.04577,1.00,1.00
2016.06.20 08:34:15.178,1.04575,1.04578,1.00,1.20
2016.06.20 08:34:15.425,1.04578,1.0458,1.00,1.10
2016.06.20 08:34:15.527,1.04579,1.04582,1.00,1.00
2016.06.20 08:34:19.622,1.04578,1.04582,1.50,3.75
2016.06.20 08:34:19.756,1.04578,1.0458,1.00,1.00
2016.06.20 08:34:19.808,1.04576,1.0458,1.50,2.25
2016.06.20 08:34:20.164,1.04576,1.04579,1.00,1.87
2016.06.20 08:34:20.419,1.04574,1.04578,1.69,1.12
2016.06.20 08:34:20.613,1.04574,1.04576,1.00,1.00
2016.06.20 08:34:20.665,1.04572,1.04576,2.44,1.50
2016.06.20 08:34:20.819,1.04574,1.04576,1.00,1.12
2016.06.20 08:34:21.322,1.04574,1.04577,1.50,1.00
2016.06.20 08:34:22.559,1.04575,1.04577,1.00,1.00
2016.06.20 08:34:22.763,1.04576,1.04579,1.00,1.87
2016.06.20 08:34:22.865,1.04574,1.04577,1.69,1.50
2016.06.20 08:34:24.975,1.04575,1.04577,1.00,1.12
2016.06.20 08:34:25.496,1.04574,1.04577,1.50,1.00
2016.06.20 08:34:26.066,1.04575,1.04577,1.00,1.00
2016.06.20 08:34:26.595,1.04574,1.04578,1.50,3.75
2016.06.20 08:34:29.378,1.04574,1.04577,1.00,3.52
2016.06.20 08:34:29.758,1.04574,1.04578,1.00,3.75
2016.06.20 08:34:29.861,1.04576,1.04578,1.00,1.87
2016.06.20 08:34:30.419,1.04576,1.04579,1.00,1.00
2016.06.20 08:34:34.693,1.04576,1.04579,1.00,1.37
2016.06.20 08:34:35.205,1.04576,1.04579,1.00,1.00
2016.06.20 08:34:35.556,1.04578,1.0458,1.00,2.32
2016.06.20 08:34:35.709,1.0458,1.04583,2.44,1.12
2016.06.20 08:34:35.761,1.04582,1.04583,1.50,1.12
2016.06.20 08:34:35.863,1.04583,1.04585,1.25,3.00
2016.06.20 08:34:35.914,1.04582,1.04583,2.25,1.00
2016.06.20 08:34:36.075,1.04579,1.04582,2.25,4.12
2016.06.20 08:34:36.279,1.0458,1.04583,1.00,1.00
2016.06.20 08:34:37.200,1.04581,1.04584,1.50,1.95
2016.06.20 08:34:37.302,1.04581,1.04585,1.69,5.70
2016.06.20 08:34:37.811,1.04582,1.04585,1.00,5.10
2016.06.20 08:34:38.320,1.04581,1.04585,1.25,5.47
2016.06.20 08:34:38.841,1.0458,1.04584,1.69,1.35
2016.06.20 08:34:39.955,1.04579,1.04583,3.19,1.00
2016.06.20 08:34:40.006,1.04579,1.04583,2.25,2.10
2016.06.20 08:34:40.521,1.04579,1.04582,1.50,1.50
2016.06.20 08:34:41.053,1.04579,1.04583,1.50,2.62
2016.06.20 08:34:42.000,1.0458,1.04583,1.00,2.62
2016.06.20 08:34:42.551,1.04581,1.04584,1.00,1.00
2016.06.20 08:34:42.913,1.0458,1.04582,1.31,1.50
2016.06.20 08:34:43.015,1.04578,1.04581,1.69,1.00
2016.06.20 08:34:43.618,1.04578,1.04582,1.00,3.75
2016.06.20 08:34:44.130,1.04577,1.04581,1.00,2.25
2016.06.20 08:34:44.638,1.04576,1.0458,1.69,1.00
2016.06.20 08:34:45.175,1.04575,1.04579,2.44,3.00
2016.06.20 08:34:45.836,1.04576,1.0458,1.25,3.37
2016.06.20 08:34:48.200,1.04577,1.0458,1.00,1.12
2016.06.20 08:34:48.742,1.04576,1.0458,1.25,2.25
2016.06.20 08:34:49.626,1.04577,1.04581,1.00,2.70
2016.06.20 08:34:51.533,1.04576,1.0458,1.31,1.50
2016.06.20 08:34:51.941,1.04575,1.04578,1.69,1.00
2016.06.20 08:34:52.352,1.04574,1.04576,1.19,1.00
2016.06.20 08:34:52.455,1.04572,1.04575,1.69,1.00
2016.06.20 08:34:52.961,1.04572,1.04576,1.69,3.00
2016.06.20 08:34:54.297,1.04572,1.04576,1.69,3.00
2016.06.20 08:34:54.831,1.04575,1.04576,1.00,1.00
2016.06.20 08:34:54.934,1.04575,1.04579,1.00,1.95
2016.06.20 08:34:55.240,1.04577,1.0458,1.00,1.20
2016.06.20 08:34:55.706,1.04579,1.04582,1.00,2.25
2016.06.20 08:34:56.222,1.04579,1.04583,1.69,2.12
2016.06.20 08:34:58.184,1.04579,1.04584,1.69,2.32
2016.06.20 08:34:58.692,1.04579,1.04583,1.69,1.50
2016.06.20 08:34:59.029,1.04581,1.04585,1.00,2.25
2016.06.20 08:34:59.840,1.0458,1.04585,1.87,2.25
2016.06.20 08:35:00.609,1.0458,1.04584,1.50,1.00
2016.06.20 08:35:01.148,1.04581,1.04585,2.06,2.25
2016.06.20 08:35:01.455,1.0458,1.04581,1.87,1.00
2016.06.20 08:35:01.594,1.04579,1.04582,1.00,1.34
2016.06.20 08:35:01.801,1.0458,1.04582,1.19,1.00
2016.06.20 08:35:01.908,1.0458,1.04584,1.19,1.33
2016.06.20 08:35:02.321,1.04579,1.04583,1.69,1.50
2016.06.20 08:35:03.044,1.04579,1.04582,1.25,1.00
2016.06.20 08:35:03.209,1.04577,1.04581,1.69,1.50
2016.06.20 08:35:03.567,1.04579,1.04582,1.00,1.50
2016.06.20 08:35:04.077,1.0458,1.04583,1.00,1.00
2016.06.20 08:35:04.586,1.04579,1.04583,1.50,1.50
2016.06.20 08:35:06.551,1.0458,1.04584,1.00,2.32
2016.06.20 08:35:07.059,1.04582,1.04586,1.00,2.02
2016.06.20 08:35:07.364,1.0458,1.04584,4.39,1.00
2016.06.20 08:35:07.670,1.0458,1.04584,2.44,1.51
2016.06.20 08:35:07.824,1.0458,1.04584,2.44,1.50
2016.06.20 08:35:08.355,1.0458,1.04583,1.25,1.00
2016.06.20 08:35:09.817,1.04581,1.04583,1.00,1.00
2016.06.20 08:35:10.040,1.04579,1.04581,1.50,2.62
2016.06.20 08:35:10.194,1.04577,1.04581,1.69,2.25
2016.06.20 08:35:10.951,1.04577,1.04582,1.25,3.75
2016.06.20 08:35:11.460,1.04578,1.04582,1.50,1.87
2016.06.20 08:35:12.622,1.04578,1.04583,1.00,3.37
2016.06.20 08:35:14.365,1.04578,1.04581,1.00,1.00
2016.06.20 08:35:14.878,1.04577,1.04581,1.25,2.62
2016.06.20 08:35:15.405,1.04577,1.0458,1.25,1.00
2016.06.20 08:35:16.435,1.04576,1.04579,1.69,1.00
2016.06.20 08:35:16.537,1.04575,1.04579,1.50,2.62
2016.06.20 08:35:17.042,1.04574,1.04578,1.25,1.50
2016.06.20 08:35:18.058,1.04574,1.04577,1.25,1.00
2016.06.20 08:35:18.604,1.04574,1.04578,1.25,3.00
2016.06.20 08:35:29.433,1.04574,1.04577,1.25,1.00
2016.06.20 08:35:30.598,1.04574,1.04576,1.00,1.00
2016.06.20 08:35:31.106,1.04575,1.04577,1.00,1.00
2016.06.20 08:35:31.158,1.04575,1.04579,1.00,1.50
2016.06.20 08:35:31.666,1.04576,1.0458,1.87,1.12
2016.06.20 08:35:32.276,1.04576,1.0458,2.06,2.62
2016.06.20 08:35:32.788,1.04576,1.0458,1.69,4.87
2016.06.20 08:35:33.290,1.04576,1.0458,1.69,4.12
2016.06.20 08:35:33.798,1.04574,1.04579,2.81,2.62
2016.06.20 08:35:34.093,1.04574,1.04577,1.19,1.00
2016.06.20 08:35:34.402,1.04573,1.04575,1.00,1.12
2016.06.20 08:35:34.454,1.04571,1.04574,1.00,1.00
2016.06.20 08:35:34.966,1.0457,1.04574,1.00,1.37
2016.06.20 08:35:35.477,1.04571,1.04575,2.06,3.00
2016.06.20 08:35:35.743,1.04574,1.04576,1.00,1.50
2016.06.20 08:35:35.897,1.04575,1.04578,1.12,1.69
2016.06.20 08:35:36.202,1.04576,1.0458,1.00,4.87
2016.06.20 08:35:36.688,1.04578,1.0458,1.00,3.37
2016.06.20 08:35:36.946,1.0458,1.04583,1.12,1.05
2016.06.20 08:35:37.151,1.04575,1.04579,16.69,7.50
2016.06.20 08:35:37.254,1.04572,1.04573,1.12,1.00
2016.06.20 08:35:37.376,1.0457,1.04572,1.50,1.50
2016.06.20 08:35:37.428,1.04571,1.04572,1.00,2.25
2016.06.20 08:35:37.582,1.04574,1.04576,1.27,1.00
2016.06.20 08:35:37.736,1.04574,1.04578,2.21,2.62
2016.06.20 08:35:38.266,1.04574,1.04578,1.12,2.70
2016.06.20 08:35:38.904,1.04573,1.04577,2.06,1.00
2016.06.20 08:35:39.168,1.04571,1.04575,6.86,1.00
2016.06.20 08:35:39.677,1.0457,1.04574,2.06,1.00
2016.06.20 08:35:39.998,1.04571,1.04575,2.06,1.12
2016.06.20 08:35:40.510,1.04571,1.04575,2.81,1.12
2016.06.20 08:35:42.096,1.04574,1.04576,1.00,1.12
2016.06.20 08:35:42.406,1.0458,1.04582,2.74,1.00
2016.06.20 08:35:42.509,1.0458,1.04583,2.44,1.30
2016.06.20 08:35:43.020,1.04579,1.04582,1.12,1.50
2016.06.20 08:35:45.778,1.0458,1.04584,1.00,3.25
2016.06.20 08:35:45.880,1.04581,1.04582,1.00,1.00
2016.06.20 08:35:45.982,1.04581,1.04584,2.06,1.00
2016.06.20 08:35:46.084,1.0458,1.04582,1.39,1.12
2016.06.20 08:35:46.136,1.04579,1.04582,1.50,1.12
2016.06.20 08:35:46.340,1.0458,1.04584,1.00,3.37
2016.06.20 08:35:47.259,1.04579,1.04583,2.44,1.50
2016.06.20 08:35:47.412,1.04578,1.04582,1.00,4.37
2016.06.20 08:35:47.925,1.04577,1.0458,1.50,1.12
2016.06.20 08:35:48.474,1.04577,1.04581,1.50,3.25
2016.06.20 08:35:50.223,1.04577,1.04581,2.44,1.75
2016.06.20 08:35:51.010,1.04579,1.04581,1.00,1.33
2016.06.20 08:35:51.261,1.04582,1.04585,1.00,1.25
2016.06.20 08:35:53.306,1.04581,1.04585,2.06,1.50
2016.06.20 08:35:53.358,1.04581,1.04582,1.25,1.00
2016.06.20 08:35:53.562,1.04576,1.04579,1.25,1.00
2016.06.20 08:35:54.070,1.04576,1.0458,1.25,3.00
2016.06.20 08:35:54.582,1.04574,1.04578,3.49,1.00
2016.06.20 08:35:55.098,1.04575,1.04579,1.19,2.25
2016.06.20 08:35:55.607,1.04576,1.0458,1.25,2.62
2016.06.20 08:35:56.462,1.04575,1.04579,1.94,1.00
2016.06.20 08:35:56.992,1.04575,1.04578,1.19,1.12
2016.06.20 08:35:57.356,1.04577,1.0458,1.00,1.57
2016.06.20 08:35:58.826,1.04577,1.04579,1.00,1.50
2016.06.20 08:35:58.928,1.04575,1.04578,1.50,1.12
2016.06.20 08:35:59.081,1.04577,1.04579,1.00,1.33
2016.06.20 08:35:59.614,1.04577,1.0458,1.00,1.75
2016.06.20 08:36:01.975,1.04576,1.0458,1.50,2.50
2016.06.20 08:36:02.504,1.04576,1.04579,1.50,1.12
2016.06.20 08:36:02.964,1.04578,1.0458,1.00,1.12
2016.06.20 08:36:03.226,1.04582,1.04585,1.00,7.80
2016.06.20 08:36:03.746,1.04581,1.04584,1.00,1.00
2016.06.20 08:36:06.427,1.04582,1.04584,1.00,1.00
2016.06.20 08:36:06.478,1.04584,1.04585,1.00,1.12
2016.06.20 08:36:06.683,1.04582,1.04584,2.25,1.00
2016.06.20 08:36:07.039,1.04583,1.04586,1.00,3.37
2016.06.20 08:36:07.294,1.04585,1.04588,1.00,3.00
2016.06.20 08:36:07.603,1.04582,1.04585,1.00,5.25
2016.06.20 08:36:08.104,1.04581,1.04585,1.50,6.00
2016.06.20 08:36:08.533,1.04583,1.04585,1.00,3.00
2016.06.20 08:36:08.688,1.04584,1.04588,1.00,3.00
2016.06.20 08:36:09.964,1.04585,1.04588,1.00,1.00
2016.06.20 08:36:10.066,1.04586,1.0459,1.00,5.32
2016.06.20 08:36:10.578,1.04586,1.04589,1.00,1.00
2016.06.20 08:36:12.068,1.04587,1.0459,1.00,1.00
2016.06.20 08:36:12.272,1.04589,1.04592,1.00,2.62
2016.06.20 08:36:12.375,1.04589,1.04593,1.50,2.25
2016.06.20 08:36:12.519,1.04589,1.04593,1.50,1.37
2016.06.20 08:36:12.672,1.0459,1.04593,1.00,1.00
2016.06.20 08:36:13.390,1.04591,1.04594,1.00,1.00
2016.06.20 08:36:13.697,1.04589,1.04593,2.06,1.37
2016.06.20 08:36:14.205,1.04589,1.04593,2.06,1.12
2016.06.20 08:36:14.897,1.0459,1.04595,1.00,3.07
2016.06.20 08:36:15.407,1.0459,1.04594,1.00,1.87
2016.06.20 08:36:16.701,1.04589,1.04594,1.87,3.37
2016.06.20 08:36:17.021,1.04588,1.0459,1.37,1.00
2016.06.20 08:36:17.227,1.04585,1.04589,2.81,1.00
2016.06.20 08:36:17.739,1.04585,1.04588,1.25,1.12
2016.06.20 08:36:20.398,1.04585,1.04586,1.25,1.87
2016.06.20 08:36:20.524,1.04583,1.04587,2.44,1.87
2016.06.20 08:36:21.033,1.04583,1.04588,3.37,1.50
2016.06.20 08:36:21.600,1.04585,1.04588,1.87,1.00
2016.06.20 08:36:21.702,1.04586,1.0459,1.00,1.12
2016.06.20 08:36:22.209,1.04586,1.04589,1.00,1.00
2016.06.20 08:36:23.959,1.04587,1.04591,1.00,1.37
2016.06.20 08:36:24.260,1.0459,1.04591,1.00,1.87
2016.06.20 08:36:24.618,1.04587,1.0459,1.00,3.00
2016.06.20 08:36:24.974,1.04585,1.04589,2.25,1.00
2016.06.20 08:36:25.152,1.04585,1.04586,1.00,3.37
2016.06.20 08:36:25.305,1.04581,1.04584,2.25,1.50
2016.06.20 08:36:25.812,1.0458,1.04584,2.44,1.00
2016.06.20 08:36:26.347,1.04581,1.04585,1.50,1.00
2016.06.20 08:36:26.855,1.04581,1.04585,2.44,1.00
2016.06.20 08:36:26.958,1.04583,1.04586,1.19,1.39
2016.06.20 08:36:27.111,1.04584,1.04588,1.87,1.00
2016.06.20 08:36:28.602,1.04584,1.04585,1.00,1.00
2016.06.20 08:36:28.844,1.04581,1.04585,1.69,1.50
2016.06.20 08:36:30.372,1.0458,1.04585,2.62,2.25
2016.06.20 08:36:31.120,1.0458,1.04582,1.00,1.50
2016.06.20 08:36:31.353,1.04578,1.04582,1.50,1.00
2016.06.20 08:36:33.115,1.04578,1.04583,1.87,1.10
2016.06.20 08:36:33.839,1.04579,1.04583,1.00,1.10
2016.06.20 08:36:35.831,1.04579,1.04582,1.00,3.22
2016.06.20 08:36:35.987,1.04577,1.0458,1.00,2.25
2016.06.20 08:36:36.143,1.04575,1.0458,1.50,2.25
2016.06.20 08:36:36.658,1.04575,1.04579,1.50,1.00
2016.06.20 08:36:38.125,1.04575,1.04577,1.00,1.00
2016.06.20 08:36:38.330,1.04573,1.04577,2.25,1.00
2016.06.20 08:36:39.134,1.04575,1.04577,1.00,1.00
2016.06.20 08:36:39.236,1.04575,1.04579,1.50,1.10
2016.06.20 08:36:39.775,1.04576,1.04579,2.44,1.00
2016.06.20 08:36:40.285,1.04575,1.04579,1.00,1.00
2016.06.20 08:36:41.600,1.04574,1.04579,2.32,3.00
2016.06.20 08:36:42.109,1.04575,1.04579,1.00,1.12
2016.06.20 08:36:43.535,1.04574,1.04578,3.00,1.50
2016.06.20 08:36:44.200,1.04575,1.04579,1.00,2.62
2016.06.20 08:36:45.172,1.04574,1.04578,2.62,1.00
2016.06.20 08:36:47.192,1.04574,1.04579,1.87,3.37
2016.06.20 08:36:47.697,1.04574,1.04578,1.87,1.00
2016.06.20 08:36:48.314,1.04575,1.04579,1.12,3.37
2016.06.20 08:36:49.043,1.04575,1.04578,1.12,1.00
2016.06.20 08:36:49.450,1.04577,1.04579,1.00,1.50
2016.06.20 08:36:50.169,1.04577,1.0458,1.00,1.00
2016.06.20 08:36:50.492,1.04579,1.04582,1.87,3.00
2016.06.20 08:36:50.801,1.04579,1.0458,3.75,1.00
2016.06.20 08:36:50.904,1.04577,1.04579,1.69,1.00
2016.06.20 08:36:51.058,1.04575,1.04578,1.50,1.00
2016.06.20 08:36:51.577,1.04576,1.04578,1.00,1.00
2016.06.20 08:36:52.312,1.04576,1.04579,1.00,1.00
2016.06.20 08:36:52.819,1.04577,1.0458,1.00,1.00
2016.06.20 08:36:53.302,1.04578,1.04582,1.00,1.12
2016.06.20 08:36:53.810,1.04578,1.04581,1.00,1.00
2016.06.20 08:36:54.358,1.04577,1.04581,1.00,1.50
2016.06.20 08:36:55.144,1.04577,1.0458,1.00,1.00
2016.06.20 08:36:55.348,1.04578,1.04582,1.00,3.64
2016.06.20 08:36:55.872,1.04579,1.04582,1.00,1.00
2016.06.20 08:36:57.223,1.04579,1.04583,1.50,1.87
2016.06.20 08:36:57.754,1.04579,1.04582,1.00,1.00
2016.06.20 08:36:58.735,1.04579,1.04582,1.00,1.87
2016.06.20 08:36:58.938,1.04578,1.0458,1.50,1.00
2016.06.20 08:36:58.990,1.04577,1.04579,1.01,1.00
2016.06.20 08:36:59.092,1.04575,1.04577,1.00,1.00
2016.06.20 08:36:59.195,1.04572,1.04577,1.95,2.25
2016.06.20 08:36:59.509,1.04572,1.04575,1.00,1.00
2016.06.20 08:36:59.714,1.0457,1.04574,3.45,1.00
2016.06.20 08:37:00.235,1.04569,1.04574,1.95,1.12
2016.06.20 08:37:00.490,1.04568,1.04572,3.19,1.00
2016.06.20 08:37:00.999,1.04568,1.04571,1.50,1.00
2016.06.20 08:37:01.534,1.04568,1.0457,1.00,1.00
2016.06.20 08:37:01.637,1.04566,1.0457,1.00,1.00
2016.06.20 08:37:01.792,1.04567,1.04571,1.37,1.50
2016.06.20 08:37:02.313,1.04566,1.0457,1.75,2.25
2016.06.20 08:37:02.878,1.04566,1.04569,1.25,1.00
2016.06.20 08:37:03.133,1.04568,1.04572,1.33,2.25
2016.06.20 08:37:04.015,1.04567,1.04571,1.25,1.50
2016.06.20 08:37:04.117,1.04566,1.0457,1.33,2.62
2016.06.20 08:37:04.393,1.04565,1.04569,1.35,1.37
2016.06.20 08:37:04.597,1.04564,1.04568,2.32,1.00
2016.06.20 08:37:05.105,1.04565,1.04569,1.00,1.87
2016.06.20 08:37:05.631,1.04566,1.04569,1.00,1.12
2016.06.20 08:37:06.239,1.04566,1.0457,1.00,3.15
2016.06.20 08:37:06.434,1.04567,1.0457,1.25,1.10
2016.06.20 08:37:07.196,1.04567,1.0457,1.00,1.00
2016.06.20 08:37:07.709,1.04566,1.0457,1.50,2.25
2016.06.20 08:37:08.579,1.04566,1.04569,1.00,1.00
2016.06.20 08:37:10.535,1.04565,1.04569,2.25,1.00
2016.06.20 08:37:11.043,1.04566,1.0457,1.50,5.14
2016.06.20 08:37:11.649,1.04568,1.0457,1.00,1.00
2016.06.20 08:37:11.754,1.04568,1.04572,1.50,2.85
2016.06.20 08:37:12.262,1.04569,1.04572,1.00,1.00
2016.06.20 08:37:12.779,1.04568,1.04572,1.50,1.12
2016.06.20 08:37:13.446,1.0457,1.04572,1.00,1.00
2016.06.20 08:37:13.597,1.0457,1.04574,1.00,1.87
2016.06.20 08:37:15.043,1.04571,1.04574,1.00,3.37
2016.06.20 08:37:15.095,1.04573,1.04575,1.00,3.26
2016.06.20 08:37:15.408,1.04566,1.04569,2.25,1.50
2016.06.20 08:37:15.459,1.04564,1.04568,2.87,1.12
2016.06.20 08:37:15.617,1.04564,1.04565,1.00,1.00
2016.06.20 08:37:15.720,1.04561,1.04563,1.10,1.00
2016.06.20 08:37:16.026,1.04562,1.04566,1.00,3.07
2016.06.20 08:37:16.179,1.04564,1.04567,1.00,1.20
2016.06.20 08:37:16.680,1.04563,1.04568,1.50,3.07
2016.06.20 08:37:17.087,1.04565,1.04568,1.00,1.00
2016.06.20 08:37:17.649,1.04564,1.04568,1.00,1.87
2016.06.20 08:37:18.794,1.04565,1.04568,1.00,1.50
2016.06.20 08:37:19.506,1.04565,1.04569,1.50,5.32
2016.06.20 08:37:20.016,1.04565,1.04569,1.50,3.07
2016.06.20 08:37:20.323,1.04567,1.0457,1.00,1.69
2016.06.20 08:37:21.232,1.04566,1.0457,1.00,1.50
2016.06.20 08:37:24.642,1.04568,1.0457,1.00,2.25
2016.06.20 08:37:25.181,1.04568,1.04572,1.50,4.54
2016.06.20 08:37:26.783,1.04568,1.04572,1.50,4.72
2016.06.20 08:37:27.296,1.04568,1.04572,1.50,4.35
2016.06.20 08:37:28.218,1.04568,1.04572,2.44,1.87
2016.06.20 08:37:28.321,1.0457,1.04574,1.00,2.25
2016.06.20 08:37:28.834,1.04571,1.04575,1.50,1.72
2016.06.20 08:37:29.083,1.04571,1.04573,1.00,1.00
2016.06.20 08:37:29.390,1.04569,1.04573,1.50,1.50
2016.06.20 08:37:29.940,1.0457,1.04573,1.00,1.00
2016.06.20 08:37:30.449,1.04569,1.04572,1.50,1.00
2016.06.20 08:37:32.555,1.0457,1.04572,1.00,1.00
2016.06.20 08:37:33.067,1.04569,1.04573,1.50,1.12
2016.06.20 08:37:33.575,1.04569,1.04572,1.50,1.00
2016.06.20 08:37:36.138,1.04569,1.04572,1.50,1.37
2016.06.20 08:37:36.645,1.04569,1.04572,1.50,1.00
2016.06.20 08:37:37.159,1.0457,1.04572,1.00,1.00
2016.06.20 08:37:37.677,1.0457,1.04573,1.00,1.50
2016.06.20 08:37:38.187,1.04571,1.04574,1.00,3.00
2016.06.20 08:37:39.094,1.04572,1.04576,1.00,3.67
2016.06.20 08:37:39.598,1.04571,1.04574,1.50,1.00
2016.06.20 08:37:40.106,1.04571,1.04575,1.50,3.37
2016.06.20 08:37:40.268,1.04569,1.04573,4.01,1.12
2016.06.20 08:37:40.779,1.0457,1.04574,1.25,1.50
2016.06.20 08:37:41.631,1.04571,1.04574,1.00,1.00
2016.06.20 08:37:42.259,1.04571,1.04573,1.50,1.00
2016.06.20 08:37:42.361,1.04569,1.04573,5.06,1.00
2016.06.20 08:37:42.928,1.04569,1.04574,5.06,3.37
2016.06.20 08:37:43.543,1.0457,1.04574,1.00,1.12
2016.06.20 08:37:44.094,1.04571,1.04575,1.00,1.37
2016.06.20 08:37:44.652,1.04569,1.04573,2.81,1.37
2016.06.20 08:37:45.976,1.04569,1.04573,2.44,1.20
2016.06.20 08:37:47.470,1.0457,1.04573,1.00,1.12
2016.06.20 08:37:47.778,1.04572,1.04576,1.69,1.57
2016.06.20 08:37:48.308,1.04572,1.04576,1.69,1.47
2016.06.20 08:37:48.614,1.04571,1.04573,1.00,1.00
2016.06.20 08:37:48.767,1.04568,1.04571,2.44,1.12
2016.06.20 08:37:48.913,1.04567,1.04569,1.00,3.00
2016.06.20 08:37:49.067,1.04564,1.04568,2.44,1.00
2016.06.20 08:37:49.677,1.04564,1.04568,1.69,2.62
2016.06.20 08:37:50.212,1.04564,1.04568,1.69,4.12
2016.06.20 08:37:51.760,1.04564,1.04568,1.69,1.87
2016.06.20 08:37:52.182,1.04567,1.0457,1.00,1.00
2016.06.20 08:37:52.691,1.04568,1.04572,1.00,1.47
2016.06.20 08:37:53.870,1.04568,1.04572,1.25,1.57
2016.06.20 08:37:54.378,1.04569,1.04572,1.00,1.10
2016.06.20 08:37:54.925,1.0457,1.04574,2.25,2.25
2016.06.20 08:37:55.484,1.0457,1.04574,2.44,2.25
2016.06.20 08:37:58.470,1.0457,1.04574,2.25,3.75
2016.06.20 08:37:58.673,1.0457,1.04574,1.00,2.25
2016.06.20 08:37:59.214,1.04569,1.04573,2.25,2.62
2016.06.20 08:37:59.797,1.04569,1.04574,2.25,2.25
2016.06.20 08:38:00.333,1.0457,1.04574,1.50,1.00
2016.06.20 08:38:00.856,1.04571,1.04575,1.00,2.10
2016.06.20 08:38:03.178,1.04571,1.04575,1.00,1.50
2016.06.20 08:38:03.681,1.04571,1.04575,1.00,1.67
2016.06.20 08:38:04.430,1.0457,1.04574,2.06,1.12
2016.06.20 08:38:04.583,1.04569,1.04573,2.81,1.37
2016.06.20 08:38:06.144,1.04571,1.04573,1.00,1.37
2016.06.20 08:38:06.196,1.04571,1.04575,1.00,3.37
2016.06.20 08:38:06.717,1.04571,1.04575,1.00,1.12
2016.06.20 08:38:07.199,1.04573,1.04576,1.00,2.77
2016.06.20 08:38:07.504,1.04571,1.04572,1.00,2.25
2016.06.20 08:38:07.556,1.04569,1.04572,3.19,2.25
2016.06.20 08:38:08.076,1.04569,1.04573,1.69,1.87
2016.06.20 08:38:08.330,1.04571,1.04574,1.00,3.07
2016.06.20 08:38:08.636,1.04571,1.04575,1.00,1.80
2016.06.20 08:38:09.155,1.04571,1.04574,1.00,1.12
2016.06.20 08:38:09.688,1.04572,1.04576,1.00,5.70
2016.06.20 08:38:11.016,1.04573,1.04575,1.00,1.87
2016.06.20 08:38:11.172,1.04574,1.04576,1.00,1.00
2016.06.20 08:38:11.278,1.04574,1.04578,1.50,3.00
2016.06.20 08:38:11.457,1.04573,1.04575,1.50,1.50
2016.06.20 08:38:12.601,1.04573,1.04576,1.00,1.00
2016.06.20 08:38:12.956,1.04575,1.04578,1.00,2.32
2016.06.20 08:38:13.008,1.04577,1.04579,1.00,3.00
2016.06.20 08:38:13.517,1.04578,1.04581,1.00,1.72
2016.06.20 08:38:13.730,1.04581,1.04583,1.00,4.50
2016.06.20 08:38:13.883,1.04582,1.04584,1.00,1.12
2016.06.20 08:38:13.986,1.04584,1.04586,1.00,1.57
2016.06.20 08:38:14.243,1.04583,1.04585,1.00,1.00
2016.06.20 08:38:14.402,1.04582,1.04583,1.00,2.10
2016.06.20 08:38:14.455,1.0458,1.04583,3.00,4.72
2016.06.20 08:38:15.177,1.04581,1.04582,1.50,1.00
2016.06.20 08:38:16.146,1.0458,1.04582,1.00,1.50
2016.06.20 08:38:16.746,1.0458,1.04581,1.50,1.00
2016.06.20 08:38:17.255,1.04581,1.04583,1.00,1.00
2016.06.20 08:38:17.338,1.0458,1.04582,3.19,1.00
2016.06.20 08:38:17.848,1.04581,1.04582,1.00,1.12
2016.06.20 08:38:18.258,1.04583,1.04585,1.00,2.55
2016.06.20 08:38:18.411,1.04581,1.04584,1.69,1.39
2016.06.20 08:38:18.615,1.04583,1.04587,1.00,6.49
2016.06.20 08:38:19.126,1.04582,1.04584,1.50,1.37
2016.06.20 08:38:19.794,1.04582,1.04584,1.00,1.12
2016.06.20 08:38:19.947,1.04583,1.04586,1.50,4.07
2016.06.20 08:38:20.341,1.04583,1.04586,1.00,6.62
2016.06.20 08:38:20.652,1.04584,1.04587,1.00,1.71
2016.06.20 08:38:20.703,1.04586,1.04589,1.00,5.10
2016.06.20 08:38:21.245,1.04587,1.04588,1.00,1.12
2016.06.20 08:38:21.812,1.04587,1.04589,1.00,1.12
2016.06.20 08:38:21.965,1.04588,1.0459,1.50,3.82
2016.06.20 08:38:22.322,1.04589,1.04591,1.00,1.20
2016.06.20 08:38:22.437,1.0459,1.04591,1.50,1.00
2016.06.20 08:38:22.968,1.0459,1.04592,1.50,1.33
2016.06.20 08:38:23.477,1.0459,1.04591,1.00,1.00
2016.06.20 08:38:23.574,1.04588,1.0459,2.25,2.62
2016.06.20 08:38:24.088,1.04587,1.0459,1.00,1.00
2016.06.20 08:38:24.591,1.04588,1.04589,1.00,1.00
2016.06.20 08:38:25.050,1.04586,1.04589,1.00,1.00
2016.06.20 08:38:25.254,1.04586,1.04587,1.50,1.00
2016.06.20 08:38:25.787,1.04586,1.04588,1.50,2.25
2016.06.20 08:38:26.246,1.04587,1.04589,1.00,1.50
2016.06.20 08:38:26.758,1.04587,1.04589,1.00,2.12
2016.06.20 08:38:28.308,1.04586,1.04588,1.00,1.50
2016.06.20 08:38:28.613,1.04584,1.04585,1.50,1.00
2016.06.20 08:38:31.995,1.04584,1.04585,1.50,1.00
2016.06.20 08:38:32.099,1.04587,1.04589,1.50,1.12
2016.06.20 08:38:32.253,1.04589,1.04591,1.00,1.57
2016.06.20 08:38:32.458,1.04588,1.04593,2.06,1.50
2016.06.20 08:38:32.962,1.0459,1.04593,1.00,1.00
2016.06.20 08:38:33.115,1.04591,1.04593,1.00,1.00
2016.06.20 08:38:33.321,1.04593,1.04596,1.31,1.00
2016.06.20 08:38:33.374,1.04592,1.04593,1.57,6.75
2016.06.20 08:38:33.687,1.04592,1.04594,1.00,1.10
2016.06.20 08:38:34.197,1.04593,1.04595,1.50,3.00
2016.06.20 08:38:34.657,1.04594,1.04596,1.00,1.50
2016.06.20 08:38:35.160,1.04594,1.04596,1.00,1.47
2016.06.20 08:38:35.670,1.04593,1.04596,1.50,2.32
2016.06.20 08:38:36.058,1.04594,1.04596,1.00,1.99
2016.06.20 08:38:36.211,1.04591,1.04592,1.12,1.06
2016.06.20 08:38:36.313,1.0459,1.04593,1.12,1.50
2016.06.20 08:38:36.822,1.04591,1.04593,1.00,2.10
2016.06.20 08:38:37.011,1.04593,1.04595,1.00,1.12
2016.06.20 08:38:37.164,1.04591,1.04594,3.56,2.25
2016.06.20 08:38:37.266,1.04594,1.04596,1.50,1.87
2016.06.20 08:38:37.419,1.04595,1.04598,1.00,5.57
2016.06.20 08:38:37.623,1.04597,1.04599,1.50,2.25
2016.06.20 08:38:38.082,1.04595,1.04597,1.00,1.20
2016.06.20 08:38:38.599,1.04594,1.04597,1.50,2.70
2016.06.20 08:38:39.110,1.04594,1.04597,1.50,3.37
2016.06.20 08:38:39.417,1.04595,1.04597,1.00,3.07
2016.06.20 08:38:39.519,1.04596,1.04598,1.00,4.57
2016.06.20 08:38:39.886,1.04594,1.04597,1.00,1.50
2016.06.20 08:38:40.461,1.04594,1.04598,1.00,8.47
2016.06.20 08:38:41.597,1.04597,1.046,1.50,4.20
2016.06.20 08:38:44.523,1.04597,1.04599,1.50,3.00
2016.06.20 08:38:45.185,1.04597,1.04599,1.00,2.25
2016.06.20 08:38:45.545,1.04598,1.046,1.00,1.57
2016.06.20 08:38:45.597,1.04599,1.046,1.00,1.10
2016.06.20 08:38:45.648,1.04599,1.04602,1.50,4.35
2016.06.20 08:38:45.700,1.046,1.04602,1.00,3.60
2016.06.20 08:38:46.210,1.04601,1.04603,1.50,1.12
2016.06.20 08:38:46.719,1.04599,1.04601,1.50,3.37
2016.06.20 08:38:47.024,1.04601,1.04602,1.00,1.00
2016.06.20 08:38:47.533,1.046,1.04601,1.50,1.00
2016.06.20 08:38:47.687,1.046,1.04603,1.50,2.62
2016.06.20 08:38:47.739,1.04602,1.04603,1.00,1.00
2016.06.20 08:38:47.841,1.046,1.04602,1.50,1.00
2016.06.20 08:38:48.344,1.04601,1.04603,1.00,1.87
2016.06.20 08:38:48.651,1.04602,1.04604,1.00,2.25
2016.06.20 08:38:48.805,1.04603,1.04605,1.00,1.00
2016.06.20 08:38:48.857,1.04601,1.04603,1.69,2.25
2016.06.20 08:38:48.960,1.04599,1.04601,2.44,3.00
2016.06.20 08:38:49.359,1.046,1.04603,1.00,6.45
2016.06.20 08:38:49.885,1.04601,1.04603,1.00,1.87
2016.06.20 08:38:50.019,1.04602,1.04605,1.50,1.50
2016.06.20 08:38:50.528,1.04603,1.04605,1.00,1.12
2016.06.20 08:38:51.036,1.04603,1.04605,1.50,1.00
2016.06.20 08:38:52.585,1.04604,1.04605,1.00,1.00
2016.06.20 08:38:52.687,1.04604,1.04607,1.00,4.50
2016.06.20 08:38:52.790,1.04602,1.04606,1.50,1.36
2016.06.20 08:38:52.894,1.04601,1.04602,1.00,1.00
2016.06.20 08:38:52.946,1.04602,1.04604,1.00,6.37
2016.06.20 08:38:52.998,1.04601,1.04602,1.50,1.00
2016.06.20 08:38:53.103,1.04602,1.04604,1.00,2.25
2016.06.20 08:38:53.158,1.046,1.04603,1.50,1.00
2016.06.20 08:38:53.460,1.04601,1.04604,1.00,1.87
2016.06.20 08:38:53.970,1.04602,1.04605,1.50,1.67
2016.06.20 08:38:54.858,1.04603,1.04606,1.00,3.67
2016.06.20 08:38:55.367,1.04604,1.04606,1.50,1.47
2016.06.20 08:38:55.877,1.04604,1.04606,1.00,2.62
2016.06.20 08:38:56.423,1.04603,1.04606,1.00,1.87
2016.06.20 08:38:56.993,1.04602,1.04606,1.00,1.87
2016.06.20 08:38:57.076,1.04601,1.04603,1.12,1.00
2016.06.20 08:38:57.587,1.04602,1.04604,1.00,1.12
2016.06.20 08:38:58.097,1.04603,1.04606,1.50,4.35
2016.06.20 08:38:58.897,1.04603,1.04605,1.50,1.00
2016.06.20 08:38:59.407,1.04603,1.04606,1.50,3.97
2016.06.20 08:39:00.354,1.04604,1.04606,1.00,2.85
2016.06.20 08:39:00.669,1.04603,1.04606,1.50,2.25
2016.06.20 08:39:01.179,1.04602,1.04605,1.00,1.12
2016.06.20 08:39:01.701,1.046,1.04604,2.81,1.00
2016.06.20 08:39:01.858,1.04599,1.04603,1.10,4.12
2016.06.20 08:39:02.673,1.04598,1.04601,1.12,1.00
2016.06.20 08:39:03.182,1.04599,1.04601,1.50,1.00
2016.06.20 08:39:05.297,1.046,1.04603,1.00,4.57
2016.06.20 08:39:05.348,1.04601,1.04603,1.00,4.57
2016.06.20 08:39:05.888,1.04603,1.04604,1.00,1.00
2016.06.20 08:39:06.397,1.04602,1.04604,1.00,1.00
2016.06.20 08:39:06.925,1.04601,1.04603,1.00,4.87
2016.06.20 08:39:07.740,1.04602,1.04605,1.00,2.70
2016.06.20 08:39:08.258,1.04603,1.04605,1.00,3.07
2016.06.20 08:39:08.782,1.04602,1.04605,1.50,1.87
2016.06.20 08:39:09.290,1.04603,1.04605,1.00,1.00
2016.06.20 08:39:09.808,1.04604,1.04605,1.00,1.12
2016.06.20 08:39:11.499,1.04603,1.04604,1.00,1.00
2016.06.20 08:39:11.601,1.046,1.04602,1.12,1.00
2016.06.20 08:39:11.704,1.04601,1.04604,1.50,3.37
2016.06.20 08:39:12.209,1.04602,1.04605,1.00,1.95
2016.06.20 08:39:12.312,1.04603,1.04605,1.50,1.10
2016.06.20 08:39:12.518,1.04601,1.04603,1.87,1.00
2016.06.20 08:39:12.725,1.046,1.04602,1.00,1.00
2016.06.20 08:39:13.245,1.046,1.04603,1.00,1.50
2016.06.20 08:39:14.154,1.04601,1.04603,1.00,1.50
2016.06.20 08:39:14.701,1.046,1.04603,1.00,1.12
2016.06.20 08:39:15.426,1.04601,1.04603,1.00,1.12
2016.06.20 08:39:15.734,1.04602,1.04605,1.00,1.87
2016.06.20 08:39:16.348,1.04603,1.04605,1.00,1.00
2016.06.20 08:39:16.974,1.04604,1.04605,1.00,1.00
2016.06.20 08:39:17.396,1.04603,1.04607,1.50,5.55
2016.06.20 08:39:17.802,1.04603,1.04605,1.50,1.00
2016.06.20 08:39:18.028,1.04601,1.04605,2.06,1.50
2016.06.20 08:39:18.784,1.04601,1.04604,2.06,1.00
2016.06.20 08:39:20.838,1.04601,1.04603,1.25,1.00
2016.06.20 08:39:21.042,1.04599,1.04603,1.87,3.00
2016.06.20 08:39:21.568,1.046,1.04603,1.00,1.87
2016.06.20 08:39:21.725,1.04599,1.04602,1.00,1.87
2016.06.20 08:39:21.827,1.04597,1.04601,1.87,1.37
2016.06.20 08:39:22.335,1.046,1.04602,1.00,1.87
2016.06.20 08:39:22.430,1.046,1.04603,1.00,3.07
2016.06.20 08:39:24.498,1.04602,1.04603,1.00,1.00
2016.06.20 08:39:25.008,1.04601,1.04602,1.00,1.12
2016.06.20 08:39:25.118,1.04596,1.04598,3.30,2.25
2016.06.20 08:39:25.172,1.04588,1.04591,6.75,4.65
2016.06.20 08:39:25.224,1.04583,1.04586,3.94,1.50
2016.06.20 08:39:25.276,1.04584,1.04586,1.25,1.50
2016.06.20 08:39:25.431,1.04581,1.04585,1.87,1.00
2016.06.20 08:39:25.836,1.04583,1.04585,1.00,1.00
2016.06.20 08:39:25.939,1.04585,1.04587,1.00,1.00
2016.06.20 08:39:26.041,1.04586,1.04589,1.00,1.20
2016.06.20 08:39:26.093,1.04587,1.04589,1.00,1.20
2016.06.20 08:39:26.196,1.04585,1.04589,1.19,1.95
2016.06.20 08:39:26.247,1.04588,1.0459,1.00,1.50
2016.06.20 08:39:26.299,1.04586,1.0459,1.00,1.50
2016.06.20 08:39:26.510,1.04586,1.04588,1.00,1.00
2016.06.20 08:39:26.866,1.04584,1.04587,1.00,1.00
2016.06.20 08:39:27.382,1.04584,1.04586,1.00,1.00
2016.06.20 08:39:27.929,1.04584,1.04587,1.00,2.25
2016.06.20 08:39:30.002,1.04586,1.04588,1.00,4.00
2016.06.20 08:39:30.118,1.04586,1.04589,1.50,2.25
2016.06.20 08:39:30.536,1.04584,1.04586,1.25,1.00
2016.06.20 08:39:31.666,1.04583,1.04587,3.19,2.62
2016.06.20 08:39:34.609,1.04585,1.04588,1.00,1.60
2016.06.20 08:39:35.128,1.04586,1.04588,1.00,1.33
2016.06.20 08:39:35.645,1.04586,1.04587,1.00,1.00
2016.06.20 08:39:35.951,1.04583,1.04585,1.00,1.50
2016.06.20 08:39:36.459,1.04583,1.04585,1.00,1.50
2016.06.20 08:39:36.967,1.04583,1.04586,1.00,4.45
2016.06.20 08:39:37.698,1.04584,1.04586,1.00,3.45
2016.06.20 08:39:38.004,1.04586,1.04589,1.00,1.35
2016.06.20 08:39:38.731,1.04587,1.04589,1.00,1.23
2016.06.20 08:39:39.240,1.04587,1.0459,1.50,7.07
2016.06.20 08:39:39.648,1.04587,1.0459,1.50,4.60
2016.06.20 08:39:40.530,1.04587,1.0459,1.00,3.10
2016.06.20 08:39:40.685,1.04591,1.04592,1.50,3.00
2016.06.20 08:39:41.301,1.04591,1.04593,1.50,1.23
2016.06.20 08:39:42.266,1.04592,1.04593,1.00,1.75
2016.06.20 08:39:42.780,1.04591,1.04593,1.50,1.00
2016.06.20 08:39:43.494,1.04591,1.04592,1.50,1.00
2016.06.20 08:39:44.034,1.04591,1.04593,1.50,1.29
2016.06.20 08:39:45.580,1.04591,1.04593,1.50,1.37
2016.06.20 08:39:47.447,1.04588,1.04589,2.44,1.00
2016.06.20 08:39:47.499,1.04588,1.04589,1.25,1.12
2016.06.20 08:39:48.009,1.04589,1.04591,1.00,1.50
2016.06.20 08:39:48.417,1.04591,1.04593,1.00,2.42
2016.06.20 08:39:48.805,1.04592,1.04594,1.50,1.00
2016.06.20 08:39:49.318,1.04592,1.04595,1.50,2.57
2016.06.20 08:39:49.828,1.04592,1.04594,1.00,2.62
2016.06.20 08:39:51.824,1.04592,1.04594,1.50,2.25
2016.06.20 08:39:52.332,1.04591,1.04594,1.00,1.50
2016.06.20 08:39:52.839,1.04591,1.04593,1.00,1.50
2016.06.20 08:39:53.381,1.04591,1.04593,1.00,1.00
2016.06.20 08:39:53.891,1.04591,1.04594,1.00,2.25
2016.06.20 08:39:54.241,1.0459,1.04594,1.00,2.62
2016.06.20 08:39:54.394,1.0459,1.04592,1.50,1.00
2016.06.20 08:39:54.950,1.0459,1.04593,1.50,3.60
2016.06.20 08:39:55.257,1.04591,1.04592,1.00,1.00
2016.06.20 08:39:55.766,1.04591,1.04593,1.00,1.00
2016.06.20 08:39:56.612,1.04591,1.04593,1.00,1.50
2016.06.20 08:39:57.161,1.04591,1.04593,1.00,2.25
2016.06.20 08:39:57.428,1.04589,1.04591,1.50,1.00
2016.06.20 08:39:57.938,1.04589,1.04592,1.50,3.07
2016.06.20 08:39:58.509,1.0459,1.04592,1.00,3.22
2016.06.20 08:39:59.871,1.04591,1.04592,1.00,1.00
2016.06.20 08:40:00.383,1.04592,1.04593,1.50,1.42
2016.06.20 08:40:00.909,1.04591,1.04593,1.50,1.50
2016.06.20 08:40:02.961,1.04591,1.04592,1.00,1.00
2016.06.20 08:40:03.982,1.04591,1.04593,1.00,1.00
2016.06.20 08:40:04.236,1.04592,1.04594,1.00,3.00
2016.06.20 08:40:04.542,1.0459,1.04591,1.00,1.00
2016.06.20 08:40:04.644,1.04591,1.04593,1.50,3.75
2016.06.20 08:40:05.165,1.04591,1.04593,1.00,2.25
2016.06.20 08:40:05.676,1.04591,1.04592,1.00,1.50
2016.06.20 08:40:05.727,1.04589,1.04592,1.69,1.50
2016.06.20 08:40:06.237,1.0459,1.04592,1.00,3.00
2016.06.20 08:40:06.739,1.04591,1.04593,1.00,2.25
2016.06.20 08:40:07.507,1.04591,1.04593,1.00,2.25
2016.06.20 08:40:08.016,1.04592,1.04594,1.50,1.12
2016.06.20 08:40:09.014,1.0459,1.04592,1.00,3.25
2016.06.20 08:40:09.288,1.04576,1.04578,2.25,1.87
2016.06.20 08:40:09.392,1.04577,1.04578,1.00,1.00
2016.06.20 08:40:09.545,1.04579,1.0458,1.00,1.00
2016.06.20 08:40:09.648,1.0458,1.04582,1.00,1.10
2016.06.20 08:40:10.161,1.04582,1.04584,1.00,1.00
2016.06.20 08:40:10.621,1.0458,1.04583,1.69,1.00
2016.06.20 08:40:11.010,1.0458,1.04581,1.00,1.00
2016.06.20 08:40:11.315,1.04578,1.04581,1.69,1.00
2016.06.20 08:40:12.292,1.04578,1.04582,1.25,1.50
2016.06.20 08:40:14.142,1.04578,1.04581,1.25,1.00
2016.06.20 08:40:14.917,1.04577,1.0458,1.19,1.00
2016.06.20 08:40:14.968,1.04576,1.0458,1.76,1.00
2016.06.20 08:40:17.383,1.04575,1.04579,2.44,1.00
2016.06.20 08:40:17.434,1.04575,1.04577,1.69,1.00
2016.06.20 08:40:17.486,1.04574,1.04577,1.12,1.00
2016.06.20 08:40:17.994,1.04575,1.04578,1.00,1.20
2016.06.20 08:40:18.521,1.04573,1.04577,3.94,1.00
2016.06.20 08:40:18.573,1.04573,1.04575,3.00,1.00
2016.06.20 08:40:18.819,1.04568,1.04569,1.50,1.50
2016.06.20 08:40:18.871,1.04565,1.04568,2.44,1.00
2016.06.20 08:40:19.384,1.04565,1.04566,1.25,1.00
2016.06.20 08:40:19.489,1.04563,1.04565,1.12,1.00
2016.06.20 08:40:20.202,1.04563,1.04564,1.00,1.00
2016.06.20 08:40:20.367,1.0456,1.04564,1.50,1.50
2016.06.20 08:40:20.622,1.04563,1.04564,1.00,1.00
2016.06.20 08:40:20.725,1.04563,1.04566,1.00,1.50
2016.06.20 08:40:21.133,1.04565,1.04567,1.00,1.00
2016.06.20 08:40:21.439,1.04569,1.0457,1.00,1.12
2016.06.20 08:40:21.490,1.04569,1.04571,1.00,1.00
2016.06.20 08:40:21.593,1.04569,1.04573,1.31,1.50
2016.06.20 08:40:22.167,1.04569,1.04572,1.25,1.00
2016.06.20 08:40:22.675,1.04568,1.04572,1.69,1.50
2016.06.20 08:40:22.881,1.04566,1.04569,3.11,1.00
2016.06.20 08:40:23.094,1.04558,1.04561,1.31,1.00
2016.06.20 08:40:23.197,1.04556,1.04559,2.32,1.00
2016.06.20 08:40:23.555,1.04557,1.04561,1.00,2.70
2016.06.20 08:40:24.366,1.04558,1.04562,1.00,3.37
2016.06.20 08:40:24.518,1.0456,1.04564,1.00,4.61
2016.06.20 08:40:25.045,1.04559,1.04563,1.37,1.00
2016.06.20 08:40:25.147,1.04558,1.04561,2.81,1.50
2016.06.20 08:40:25.670,1.04557,1.0456,1.00,1.50
2016.06.20 08:40:26.177,1.04558,1.04561,1.00,2.25
2016.06.20 08:40:26.686,1.04559,1.04561,1.00,2.25
2016.06.20 08:40:26.889,1.0456,1.04564,1.25,3.07
2016.06.20 08:40:27.399,1.04561,1.04565,1.25,1.50
2016.06.20 08:40:28.990,1.0456,1.04561,4.95,1.00
2016.06.20 08:40:29.194,1.04557,1.0456,1.00,1.50
2016.06.20 08:40:29.624,1.04556,1.04558,1.69,1.00
2016.06.20 08:40:29.935,1.0455,1.04554,1.50,1.12
2016.06.20 08:40:30.301,1.04552,1.04555,1.00,1.00
2016.06.20 08:40:30.810,1.04553,1.04556,1.00,1.00
2016.06.20 08:40:31.994,1.04555,1.04558,1.00,1.45
2016.06.20 08:40:32.213,1.04558,1.04562,2.44,1.20
2016.06.20 08:40:33.225,1.04558,1.04562,1.69,1.37
2016.06.20 08:40:33.531,1.04559,1.04563,1.00,1.20
2016.06.20 08:40:36.284,1.04561,1.04563,1.00,2.62
2016.06.20 08:40:36.436,1.04561,1.04565,1.69,1.50
2016.06.20 08:40:36.538,1.04561,1.04563,1.00,1.00
2016.06.20 08:40:36.742,1.04559,1.04562,1.00,1.00
2016.06.20 08:40:36.917,1.0456,1.04564,1.00,2.12
2016.06.20 08:40:37.122,1.0456,1.04563,2.06,1.50
2016.06.20 08:40:37.225,1.04559,1.04562,2.85,1.00
2016.06.20 08:40:37.530,1.04559,1.04563,1.00,2.25
2016.06.20 08:40:37.734,1.04561,1.04564,1.00,1.20
2016.06.20 08:40:38.242,1.04561,1.04565,2.25,1.00
2016.06.20 08:40:39.414,1.04561,1.04565,1.50,1.87
2016.06.20 08:40:39.941,1.0456,1.04564,4.31,1.00
2016.06.20 08:40:40.749,1.04561,1.04565,1.00,2.25
2016.06.20 08:40:41.065,1.04558,1.0456,1.00,2.25
2016.06.20 08:40:41.117,1.04555,1.04558,1.25,1.00
2016.06.20 08:40:42.958,1.04554,1.04559,4.54,1.50
2016.06.20 08:40:43.162,1.04556,1.0456,3.41,1.00
2016.06.20 08:40:43.668,1.04557,1.04561,1.25,1.00
2016.06.20 08:40:44.210,1.04556,1.0456,4.54,1.00
2016.06.20 08:40:45.105,1.04557,1.04561,1.25,1.00
2016.06.20 08:40:46.520,1.04557,1.0456,1.25,1.50
2016.06.20 08:40:49.864,1.04557,1.04561,1.25,2.99
2016.06.20 08:40:51.028,1.04559,1.04561,1.00,1.00
2016.06.20 08:40:51.189,1.0456,1.04563,1.00,1.33
2016.06.20 08:40:51.597,1.04558,1.04562,1.50,1.00
2016.06.20 08:40:52.098,1.04558,1.04561,1.00,1.00
2016.06.20 08:40:53.458,1.04558,1.04562,1.50,1.50
2016.06.20 08:40:53.924,1.0456,1.04562,1.00,1.00
2016.06.20 08:40:54.488,1.04558,1.04562,1.25,2.24
2016.06.20 08:40:55.817,1.04559,1.04562,1.00,1.49
2016.06.20 08:40:56.225,1.04561,1.04564,1.00,1.12
2016.06.20 08:40:56.593,1.04561,1.04562,1.00,2.62
2016.06.20 08:40:56.901,1.04556,1.0456,4.12,1.49
2016.06.20 08:41:00.946,1.04558,1.04561,1.00,1.50
2016.06.20 08:41:01.126,1.04559,1.04563,1.00,2.24
2016.06.20 08:41:01.279,1.04561,1.04563,1.00,1.12
2016.06.20 08:41:01.584,1.04559,1.04562,1.20,1.00
2016.06.20 08:41:02.103,1.04557,1.04561,2.06,1.00
2016.06.20 08:41:02.873,1.04558,1.04562,1.25,2.24
2016.06.20 08:41:03.428,1.04559,1.04562,1.69,1.00
2016.06.20 08:41:03.953,1.04559,1.04563,1.69,1.50
2016.06.20 08:41:04.357,1.04561,1.04562,1.50,1.00
2016.06.20 08:41:04.461,1.04562,1.04565,1.00,1.00
2016.06.20 08:41:04.615,1.0456,1.04564,2.66,1.00
2016.06.20 08:41:04.666,1.0456,1.04562,1.39,1.50
2016.06.20 08:41:04.769,1.04558,1.04561,1.10,1.00
2016.06.20 08:41:05.298,1.04558,1.04562,1.00,1.00
2016.06.20 08:41:06.522,1.04559,1.04563,1.00,3.37
2016.06.20 08:41:07.033,1.04559,1.04563,1.69,1.87
2016.06.20 08:41:07.813,1.04561,1.04564,1.00,1.95
2016.06.20 08:41:07.966,1.04562,1.04563,1.25,1.50
2016.06.20 08:41:08.120,1.04557,1.04559,1.12,2.25
2016.06.20 08:41:08.307,1.04555,1.04558,1.25,1.50
2016.06.20 08:41:08.460,1.04552,1.04556,2.51,1.00
2016.06.20 08:41:08.918,1.04551,1.04556,1.01,1.87
2016.06.20 08:41:09.020,1.04553,1.04557,1.00,2.62
2016.06.20 08:41:09.122,1.04553,1.04557,1.00,2.25
2016.06.20 08:41:10.643,1.04553,1.04557,3.19,1.50
2016.06.20 08:41:10.695,1.04556,1.04557,1.00,1.00
2016.06.20 08:41:10.797,1.04556,1.0456,1.25,3.90
2016.06.20 08:41:10.900,1.04557,1.04561,1.00,2.32
2016.06.20 08:41:11.421,1.04558,1.04562,1.25,2.25
2016.06.20 08:41:12.137,1.0456,1.04563,1.00,3.45
2016.06.20 08:41:12.290,1.04562,1.04565,1.00,1.10
2016.06.20 08:41:12.392,1.0456,1.04562,3.64,1.00
2016.06.20 08:41:12.546,1.04557,1.0456,1.69,1.00
2016.06.20 08:41:12.648,1.04556,1.0456,2.06,1.12
2016.06.20 08:41:12.949,1.04558,1.04562,1.00,1.87
2016.06.20 08:41:13.460,1.04558,1.04562,1.00,1.00
2016.06.20 08:41:14.072,1.04557,1.04561,1.69,1.00
2016.06.20 08:41:14.961,1.04558,1.04561,1.00,1.00
2016.06.20 08:41:15.217,1.04559,1.04563,1.00,3.75
2016.06.20 08:41:15.719,1.0456,1.04564,1.00,2.70
2016.06.20 08:41:19.494,1.04559,1.04563,1.00,1.00
2016.06.20 08:41:20.001,1.04558,1.04563,1.69,1.50
2016.06.20 08:41:20.512,1.04558,1.04563,3.19,1.50
2016.06.20 08:41:21.020,1.04558,1.04563,2.44,1.50
2016.06.20 08:41:21.271,1.04558,1.04561,1.25,1.00
2016.06.20 08:41:22.548,1.04555,1.04559,5.25,1.00
2016.06.20 08:41:22.997,1.04554,1.04557,1.19,1.00
2016.06.20 08:41:24.022,1.04552,1.04555,7.01,4.75
2016.06.20 08:41:24.074,1.04551,1.04552,6.00,1.00
2016.06.20 08:41:24.227,1.04549,1.0455,1.00,1.50
2016.06.20 08:41:24.329,1.04547,1.04549,1.00,1.50
2016.06.20 08:41:24.838,1.04545,1.04549,2.44,1.50
2016.06.20 08:41:25.722,1.04545,1.04548,1.25,1.00
2016.06.20 08:41:25.824,1.04543,1.04546,1.57,1.00
2016.06.20 08:41:26.341,1.0454,1.04544,3.19,1.00
2016.06.20 08:41:27.003,1.04541,1.04545,1.19,1.33
2016.06.20 08:41:28.440,1.04543,1.04546,1.00,2.61
2016.06.20 08:41:28.695,1.04548,1.04551,1.00,1.87
2016.06.20 08:41:28.848,1.04546,1.04549,1.69,1.00
2016.06.20 08:41:29.535,1.04545,1.04549,1.25,2.25
2016.06.20 08:41:31.211,1.04546,1.04549,1.00,1.50
2016.06.20 08:41:31.366,1.04547,1.04551,1.00,2.55
2016.06.20 08:41:31.902,1.04548,1.04551,1.00,1.00
2016.06.20 08:41:32.895,1.0455,1.04552,1.00,2.32
2016.06.20 08:41:33.049,1.04552,1.04554,1.00,1.10
2016.06.20 08:41:33.358,1.0455,1.04554,1.00,1.50
2016.06.20 08:41:34.269,1.0455,1.04553,1.00,1.00
2016.06.20 08:41:34.777,1.0455,1.04554,1.00,1.50
2016.06.20 08:41:35.366,1.0455,1.04553,1.00,1.00
2016.06.20 08:41:35.878,1.04551,1.04554,1.00,1.72
2016.06.20 08:41:36.423,1.04551,1.04555,1.75,2.47
2016.06.20 08:41:36.779,1.04549,1.04552,3.06,1.00
2016.06.20 08:41:36.831,1.04549,1.04552,1.01,1.00
2016.06.20 08:41:37.353,1.0455,1.04554,1.00,1.87
2016.06.20 08:41:37.404,1.0455,1.04554,1.00,2.25
2016.06.20 08:41:37.921,1.0455,1.04552,1.10,1.00
2016.06.20 08:41:38.432,1.04549,1.04553,1.50,2.36
2016.06.20 08:41:42.152,1.0455,1.04553,1.00,1.00
2016.06.20 08:41:42.458,1.04551,1.04555,1.69,2.25
2016.06.20 08:41:42.509,1.04549,1.04552,3.89,1.00
2016.06.20 08:41:42.663,1.04547,1.0455,1.75,1.50
2016.06.20 08:41:42.967,1.04548,1.04552,1.25,1.95
2016.06.20 08:41:43.019,1.0455,1.04553,1.00,2.70
2016.06.20 08:41:43.225,1.04551,1.04555,1.25,1.87
2016.06.20 08:41:43.753,1.04551,1.04556,2.44,1.50
2016.06.20 08:41:44.313,1.04552,1.04556,1.00,1.50
2016.06.20 08:41:44.688,1.04551,1.04554,1.25,1.00
2016.06.20 08:41:44.994,1.04549,1.04553,1.00,2.62
2016.06.20 08:41:45.198,1.04551,1.04554,1.00,1.10
2016.06.20 08:41:45.708,1.04551,1.04555,1.00,1.87
2016.06.20 08:41:46.233,1.0455,1.04554,1.00,1.00
2016.06.20 08:41:46.572,1.04552,1.04555,1.00,1.00
2016.06.20 08:41:46.878,1.04547,1.04551,1.37,1.00
2016.06.20 08:41:47.082,1.0455,1.04554,1.50,1.10
2016.06.20 08:41:47.184,1.04552,1.04556,1.69,1.50
2016.06.20 08:41:47.500,1.04548,1.0455,1.00,1.00
2016.06.20 08:41:47.551,1.04547,1.0455,1.00,1.00
2016.06.20 08:41:47.806,1.04549,1.04552,1.00,2.25
2016.06.20 08:41:48.061,1.04551,1.04556,1.12,2.25
2016.06.20 08:41:48.219,1.04549,1.04553,7.19,1.00
2016.06.20 08:41:48.524,1.04553,1.04556,1.00,1.50
2016.06.20 08:41:48.985,1.04551,1.04555,2.51,1.00
2016.06.20 08:41:49.495,1.04552,1.04556,1.25,1.87
2016.06.20 08:41:49.804,1.04554,1.04558,1.00,1.50
2016.06.20 08:41:50.314,1.04554,1.04558,1.69,1.00
2016.06.20 08:41:50.671,1.04557,1.04559,1.00,1.00
2016.06.20 08:41:50.773,1.04557,1.04561,1.69,1.00
2016.06.20 08:41:51.311,1.04557,1.04561,1.19,1.00
2016.06.20 08:41:51.374,1.04556,1.0456,3.82,1.00
2016.06.20 08:41:51.809,1.04557,1.04562,1.00,1.50
2016.06.20 08:41:51.911,1.04559,1.04563,1.00,3.45
2016.06.20 08:41:52.420,1.0456,1.04563,1.00,1.00
2016.06.20 08:41:52.573,1.04561,1.04565,1.00,2.40
2016.06.20 08:41:52.729,1.04561,1.04564,1.50,1.57
2016.06.20 08:41:52.933,1.04561,1.04565,1.50,1.20
2016.06.20 08:41:53.666,1.04562,1.04566,1.00,1.20
2016.06.20 08:41:53.820,1.0456,1.04562,12.56,1.00
2016.06.20 08:41:54.025,1.04556,1.04559,1.69,1.00
2016.06.20 08:41:54.382,1.04556,1.04561,1.69,4.12
2016.06.20 08:41:54.518,1.04559,1.04561,1.00,1.00
2016.06.20 08:41:54.827,1.04559,1.04564,3.00,1.10
2016.06.20 08:41:55.335,1.04559,1.04563,2.32,1.10
2016.06.20 08:41:57.440,1.0456,1.04564,1.00,1.07
2016.06.20 08:41:57.542,1.04561,1.04563,2.25,4.35
2016.06.20 08:41:57.827,1.04559,1.04562,1.00,1.00
2016.06.20 08:41:58.133,1.04557,1.04562,2.14,1.72
2016.06.20 08:41:58.651,1.04558,1.04562,1.50,1.80
2016.06.20 08:41:59.164,1.04558,1.04562,2.25,1.72
2016.06.20 08:42:00.665,1.04559,1.04562,1.00,1.00
2016.06.20 08:42:03.243,1.04559,1.04563,1.00,1.00
2016.06.20 08:42:09.357,1.04561,1.04564,1.50,2.06
2016.06.20 08:42:09.867,1.0456,1.04564,1.50,1.00
2016.06.20 08:42:10.269,1.04559,1.04562,1.95,1.00
2016.06.20 08:42:10.525,1.04557,1.04561,1.00,1.25
2016.06.20 08:42:10.929,1.04559,1.04563,1.00,4.16
2016.06.20 08:42:11.438,1.0456,1.04563,1.00,2.66
2016.06.20 08:42:12.234,1.04559,1.04563,1.50,3.04
2016.06.20 08:42:13.400,1.04558,1.04562,1.00,1.19
2016.06.20 08:42:13.604,1.04559,1.04563,1.00,2.29
2016.06.20 08:42:15.269,1.0456,1.04563,1.00,1.31
2016.06.20 08:42:16.083,1.0456,1.04564,1.00,1.31
2016.06.20 08:42:16.649,1.04561,1.04565,1.50,1.10
2016.06.20 08:42:17.159,1.04562,1.04565,1.00,1.10
2016.06.20 08:42:18.329,1.04564,1.04566,1.00,1.57
2016.06.20 08:42:18.634,1.04576,1.04577,1.00,6.00
2016.06.20 08:42:18.738,1.04576,1.04579,1.50,1.50
2016.06.20 08:42:18.790,1.0458,1.04581,2.25,6.00
2016.06.20 08:42:19.046,1.04584,1.04585,1.10,1.00
2016.06.20 08:42:19.194,1.04585,1.04587,1.10,1.00
2016.06.20 08:42:19.246,1.04585,1.04589,1.10,2.25
2016.06.20 08:42:19.773,1.04583,1.04588,3.00,1.12
2016.06.20 08:42:19.926,1.04582,1.04585,1.37,1.00
2016.06.20 08:42:19.977,1.04581,1.04585,1.50,1.50
2016.06.20 08:42:20.488,1.04581,1.04585,1.10,2.25
2016.06.20 08:42:21.853,1.0458,1.04584,1.12,1.00
2016.06.20 08:42:22.949,1.0458,1.04584,1.20,1.00
2016.06.20 08:42:23.759,1.04581,1.04585,1.00,4.12
2016.06.20 08:42:24.167,1.04579,1.04583,1.45,1.12
2016.06.20 08:42:24.525,1.04581,1.04584,1.00,1.00
2016.06.20 08:42:25.088,1.04583,1.04584,1.00,1.00
2016.06.20 08:42:25.140,1.04583,1.04586,1.00,1.00
2016.06.20 08:42:25.648,1.04583,1.04587,1.87,1.12
2016.06.20 08:42:25.984,1.04583,1.04585,1.50,2.25
2016.06.20 08:42:26.087,1.04581,1.04585,1.10,2.25
2016.06.20 08:42:26.597,1.0458,1.04585,2.44,2.55
2016.06.20 08:42:28.131,1.0458,1.04581,1.69,1.00
2016.06.20 08:42:28.262,1.04577,1.04579,1.50,2.44
2016.06.20 08:42:28.619,1.04577,1.04582,1.50,3.19
2016.06.20 08:42:28.824,1.04579,1.04582,1.00,1.70
2016.06.20 08:42:29.028,1.04581,1.04584,1.00,1.10
2016.06.20 08:42:30.640,1.04582,1.04584,1.00,1.00
2016.06.20 08:42:30.794,1.04583,1.04586,1.50,1.00
2016.06.20 08:42:30.896,1.04584,1.04588,1.00,1.57
2016.06.20 08:42:31.403,1.04585,1.04589,1.50,2.10
2016.06.20 08:42:32.080,1.04585,1.04588,1.50,1.00
2016.06.20 08:42:32.133,1.04585,1.04588,1.00,1.37
2016.06.20 08:42:32.441,1.04585,1.04589,1.00,4.99
2016.06.20 08:42:32.944,1.04585,1.04589,1.50,2.92
2016.06.20 08:42:33.180,1.04585,1.04586,1.00,3.37
2016.06.20 08:42:33.436,1.04582,1.04584,1.50,2.44
2016.06.20 08:42:34.733,1.04581,1.04584,1.57,2.44
2016.06.20 08:42:35.619,1.04582,1.04584,1.00,2.44
2016.06.20 08:42:35.721,1.04582,1.04586,2.81,3.19
2016.06.20 08:42:36.026,1.04583,1.04585,2.14,1.00
2016.06.20 08:42:36.231,1.04581,1.04583,1.00,1.12
2016.06.20 08:42:37.237,1.0458,1.04583,1.01,1.12
2016.06.20 08:42:37.750,1.04581,1.04583,1.00,1.12
2016.06.20 08:42:38.268,1.04581,1.04584,1.25,1.50
2016.06.20 08:42:38.726,1.0458,1.04582,1.25,1.00
2016.06.20 08:42:41.666,1.04579,1.04582,1.31,1.00
2016.06.20 08:42:42.189,1.0458,1.04582,1.00,1.00
2016.06.20 08:42:42.747,1.04579,1.04582,1.69,1.00
2016.06.20 08:42:43.476,1.04579,1.04583,1.25,1.12
2016.06.20 08:42:43.795,1.04578,1.0458,1.76,1.00
2016.06.20 08:42:43.897,1.04577,1.04581,1.19,2.62
2016.06.20 08:42:44.406,1.04579,1.04582,2.81,1.00
2016.06.20 08:42:46.149,1.04579,1.04583,3.56,1.12
2016.06.20 08:42:48.523,1.04579,1.04582,2.81,1.00
2016.06.20 08:42:49.043,1.04579,1.04583,3.56,1.20
2016.06.20 08:42:51.345,1.04579,1.04582,2.44,1.00
2016.06.20 08:42:51.447,1.04579,1.04582,1.50,1.00
2016.06.20 08:42:51.954,1.04579,1.04582,1.69,1.00
2016.06.20 08:42:53.865,1.04579,1.04582,1.50,1.12
2016.06.20 08:42:54.366,1.04579,1.04582,1.69,1.00
2016.06.20 08:42:56.520,1.04579,1.04582,1.00,1.00
2016.06.20 08:42:58.502,1.04579,1.0458,1.00,1.00
2016.06.20 08:42:58.908,1.04579,1.04582,1.25,1.69
2016.06.20 08:42:59.410,1.04579,1.04581,1.25,1.00
2016.06.20 08:43:01.880,1.04579,1.04582,1.25,1.25
2016.06.20 08:43:02.692,1.04579,1.0458,1.25,1.00
2016.06.20 08:43:02.846,1.04579,1.04582,1.00,1.69
2016.06.20 08:43:09.107,1.04579,1.04581,1.00,1.00
2016.06.20 08:43:09.615,1.04578,1.04581,5.32,1.00
2016.06.20 08:43:10.368,1.04578,1.0458,4.57,1.00
2016.06.20 08:43:10.876,1.04578,1.0458,3.26,1.00
2016.06.20 08:43:11.377,1.04578,1.04581,3.26,1.50
2016.06.20 08:43:12.029,1.04578,1.0458,6.49,1.12
2016.06.20 08:43:12.139,1.04581,1.04582,1.00,1.00
2016.06.20 08:43:12.343,1.04579,1.04583,3.07,1.00
2016.06.20 08:43:12.981,1.0458,1.04583,1.00,1.12
2016.06.20 08:43:13.493,1.04579,1.04582,1.12,1.00
2016.06.20 08:43:14.314,1.04579,1.04582,1.31,1.00
2016.06.20 08:43:15.876,1.04579,1.04582,1.00,1.69
2016.06.20 08:43:16.076,1.04579,1.0458,1.00,1.00
2016.06.20 08:43:16.333,1.04577,1.0458,1.00,1.00
2016.06.20 08:43:16.435,1.04578,1.04581,2.44,1.50
2016.06.20 08:43:16.690,1.04577,1.0458,2.25,1.00
2016.06.20 08:43:16.798,1.04578,1.04582,1.31,1.25
2016.06.20 08:43:18.436,1.04578,1.0458,3.19,1.00
2016.06.20 08:43:18.539,1.04578,1.0458,2.25,1.71
2016.06.20 08:43:18.737,1.04581,1.04583,1.30,7.87
2016.06.20 08:43:18.788,1.04582,1.04585,1.67,11.06
2016.06.20 08:43:18.840,1.04583,1.04585,1.12,1.00
2016.06.20 08:43:18.892,1.04583,1.04587,1.75,4.50
2016.06.20 08:43:18.944,1.04586,1.04588,1.20,1.87
2016.06.20 08:43:18.996,1.04587,1.04589,1.00,3.37
2016.06.20 08:43:19.150,1.04587,1.04591,1.50,1.00
2016.06.20 08:43:20.166,1.04586,1.0459,2.62,1.00
2016.06.20 08:43:20.371,1.04586,1.04588,1.50,1.00
2016.06.20 08:43:20.889,1.04585,1.04589,1.50,1.50
2016.06.20 08:43:21.195,1.04584,1.04588,1.37,1.12
2016.06.20 08:43:21.246,1.04583,1.04586,1.87,1.00
2016.06.20 08:43:21.756,1.04583,1.04587,1.87,1.50
2016.06.20 08:43:22.119,1.04582,1.04585,3.00,1.00
2016.06.20 08:43:22.629,1.04581,1.04584,1.37,1.00
2016.06.20 08:43:23.163,1.0458,1.04583,1.50,1.00
2016.06.20 08:43:23.214,1.04579,1.04583,3.75,1.00
2016.06.20 08:43:23.723,1.04578,1.04582,2.25,1.50
2016.06.20 08:43:24.139,1.04578,1.04579,1.12,1.00
2016.06.20 08:43:24.191,1.04577,1.04579,3.75,1.00
2016.06.20 08:43:24.395,1.04574,1.04578,7.12,1.00
2016.06.20 08:43:28.043,1.04574,1.04577,1.87,1.00
2016.06.20 08:43:28.553,1.04571,1.04575,2.25,1.00
2016.06.20 08:43:28.604,1.04571,1.04575,1.87,1.00
2016.06.20 08:43:30.273,1.04571,1.04573,1.12,1.00
2016.06.20 08:43:30.575,1.04567,1.0457,1.57,1.00
2016.06.20 08:43:30.882,1.04568,1.04571,1.12,1.12
2016.06.20 08:43:31.288,1.0457,1.04573,1.00,1.50
2016.06.20 08:43:31.531,1.04571,1.04575,3.00,2.25
2016.06.20 08:43:33.048,1.0457,1.04574,2.32,1.00
2016.06.20 08:43:33.203,1.0457,1.04571,1.10,1.00
2016.06.20 08:43:33.305,1.04567,1.04571,2.32,2.12
2016.06.20 08:43:33.837,1.04565,1.04569,1.87,1.50
2016.06.20 08:43:34.349,1.04565,1.04569,1.10,1.50
2016.06.20 08:43:36.550,1.04566,1.0457,1.50,1.33
2016.06.20 08:43:36.653,1.04568,1.04571,1.00,1.87
2016.06.20 08:43:37.195,1.04568,1.04572,1.10,1.60
2016.06.20 08:43:38.492,1.04567,1.04571,1.57,1.00
2016.06.20 08:43:38.799,1.04565,1.04568,1.00,1.75
2016.06.20 08:43:38.979,1.04563,1.04567,1.57,1.33
2016.06.20 08:43:39.488,1.04562,1.04566,1.57,1.00
2016.06.20 08:43:40.099,1.04561,1.04565,4.12,1.00
2016.06.20 08:43:41.292,1.04562,1.04563,1.10,1.00
2016.06.20 08:43:41.394,1.0456,1.04563,1.10,1.00
2016.06.20 08:43:41.865,1.04562,1.04566,1.00,3.94
2016.06.20 08:43:42.373,1.04562,1.04566,1.10,1.00
2016.06.20 08:43:42.885,1.04561,1.04565,3.07,1.00
2016.06.20 08:43:43.667,1.04562,1.04566,1.00,1.00
2016.06.20 08:43:44.176,1.04563,1.04567,1.00,1.69
2016.06.20 08:43:45.833,1.04565,1.04567,1.00,1.00
2016.06.20 08:43:45.935,1.04565,1.04569,1.00,3.67
2016.06.20 08:43:46.037,1.04565,1.04569,1.00,3.86
2016.06.20 08:43:47.110,1.04566,1.04569,1.00,2.81
2016.06.20 08:43:48.432,1.04565,1.04569,1.00,3.56
2016.06.20 08:43:48.789,1.04567,1.04569,1.50,2.44
2016.06.20 08:43:48.891,1.04568,1.0457,1.00,3.19
2016.06.20 08:43:49.427,1.04568,1.04572,1.50,3.41
2016.06.20 08:43:50.818,1.04568,1.0457,1.50,1.00
2016.06.20 08:43:52.879,1.04569,1.04571,1.00,1.25
2016.06.20 08:43:53.388,1.04568,1.04572,2.25,2.66
2016.06.20 08:43:54.627,1.04567,1.04571,1.57,3.04
2016.06.20 08:43:54.780,1.04565,1.04569,2.32,2.81
2016.06.20 08:43:55.289,1.04564,1.04568,1.50,1.31
2016.06.20 08:43:55.340,1.04564,1.04567,1.00,1.37
2016.06.20 08:43:56.156,1.04564,1.04567,1.50,1.12
2016.06.20 08:43:56.572,1.04566,1.0457,1.00,2.89
2016.06.20 08:43:57.096,1.04567,1.0457,1.00,1.69
2016.06.20 08:43:57.655,1.04566,1.0457,1.00,3.11
2016.06.20 08:43:57.916,1.04564,1.04568,1.57,2.06
2016.06.20 08:43:58.273,1.04566,1.0457,1.00,4.16
2016.06.20 08:44:05.328,1.04567,1.0457,1.00,1.31
2016.06.20 08:44:05.481,1.04567,1.04571,1.50,3.79
2016.06.20 08:44:05.786,1.04569,1.04571,1.00,1.19
2016.06.20 08:44:05.838,1.04569,1.04572,1.00,2.06
2016.06.20 08:44:06.043,1.04571,1.04574,1.50,1.31
2016.06.20 08:44:06.392,1.04573,1.04577,1.00,4.31
2016.06.20 08:44:06.940,1.04573,1.04577,1.00,3.67
2016.06.20 08:44:07.476,1.04573,1.04577,1.50,2.62
2016.06.20 08:44:08.003,1.04574,1.04577,1.50,1.12
2016.06.20 08:44:08.308,1.04577,1.04578,1.00,1.00
2016.06.20 08:44:08.360,1.04578,1.0458,1.00,1.00
2016.06.20 08:44:08.411,1.04579,1.04581,1.00,1.12
2016.06.20 08:44:08.463,1.0458,1.04583,1.00,2.44
2016.06.20 08:44:08.649,1.04582,1.04585,1.00,2.81
2016.06.20 08:44:08.701,1.04582,1.04585,1.00,2.25
2016.06.20 08:44:08.753,1.04583,1.04587,1.00,3.41
2016.06.20 08:44:09.263,1.04583,1.04586,1.00,1.12
2016.06.20 08:44:09.766,1.04583,1.04587,1.00,1.87
2016.06.20 08:44:10.278,1.04584,1.04588,2.25,3.19
2016.06.20 08:44:10.787,1.04584,1.04588,2.25,3.00
2016.06.20 08:44:18.600,1.04584,1.04587,1.00,2.06
2016.06.20 08:44:19.161,1.04585,1.04587,1.00,1.31
2016.06.20 08:44:19.313,1.04585,1.04588,1.00,3.19
2016.06.20 08:44:19.849,1.04586,1.04589,1.00,2.06
2016.06.20 08:44:20.002,1.04589,1.04592,1.00,2.44
2016.06.20 08:44:20.297,1.04591,1.04593,1.00,1.31
2016.06.20 08:44:20.399,1.04592,1.04595,1.00,1.31
2016.06.20 08:44:21.471,1.04593,1.04597,1.00,5.29
2016.06.20 08:44:21.984,1.04591,1.04594,2.25,1.50
2016.06.20 08:44:22.495,1.0459,1.04593,1.50,1.00
2016.06.20 08:44:23.776,1.0459,1.04592,1.00,1.69
2016.06.20 08:44:23.931,1.04588,1.04592,2.25,1.31
2016.06.20 08:44:25.425,1.0459,1.04592,1.00,1.31
2016.06.20 08:44:25.738,1.04591,1.04595,1.00,2.81
2016.06.20 08:44:26.246,1.0459,1.04594,1.50,1.12
2016.06.20 08:44:26.762,1.0459,1.04593,1.50,1.00
2016.06.20 08:44:27.275,1.04589,1.04592,1.00,1.25
2016.06.20 08:44:29.249,1.04588,1.04591,1.00,1.00
2016.06.20 08:44:29.402,1.04586,1.04591,2.25,2.89
2016.06.20 08:44:29.862,1.04585,1.04589,1.00,1.87
2016.06.20 08:44:30.168,1.04587,1.04591,1.50,1.69
2016.06.20 08:44:30.884,1.04588,1.04592,1.00,2.81
2016.06.20 08:44:31.339,1.04588,1.04592,1.00,1.50
2016.06.20 08:44:31.798,1.0459,1.04593,1.50,1.20
2016.06.20 08:44:32.313,1.04589,1.04593,1.50,2.12
2016.06.20 08:44:32.834,1.04589,1.04592,1.00,1.00
2016.06.20 08:44:33.958,1.04589,1.04591,1.00,1.00
2016.06.20 08:44:34.264,1.04587,1.04589,1.00,1.00
2016.06.20 08:44:34.417,1.04585,1.04588,1.57,1.00
2016.06.20 08:44:34.916,1.04586,1.0459,1.00,1.00
2016.06.20 08:44:40.465,1.04586,1.04589,1.00,1.00
2016.06.20 08:44:40.975,1.04585,1.04588,1.00,1.00
2016.06.20 08:44:42.720,1.04585,1.04589,1.00,1.00
2016.06.20 08:44:43.776,1.04585,1.04589,1.19,1.00
2016.06.20 08:44:44.326,1.04586,1.0459,1.69,1.00
2016.06.20 08:44:46.096,1.04587,1.04591,1.00,1.00
2016.06.20 08:44:46.350,1.04589,1.04592,1.00,1.00
2016.06.20 08:44:46.509,1.0459,1.04595,1.25,4.87
2016.06.20 08:44:47.018,1.0459,1.04594,1.25,1.00
2016.06.20 08:44:47.524,1.04589,1.04593,1.19,1.00
2016.06.20 08:44:48.593,1.04588,1.04592,2.51,1.00
2016.06.20 08:44:48.847,1.04588,1.04592,1.69,1.00
2016.06.20 08:44:50.213,1.04588,1.04591,1.25,1.00
2016.06.20 08:44:50.723,1.04587,1.0459,1.19,1.50
2016.06.20 08:44:51.578,1.04586,1.0459,1.10,2.25
2016.06.20 08:44:52.087,1.04586,1.04589,1.00,1.00
2016.06.20 08:44:52.622,1.04586,1.0459,1.00,3.00
2016.06.20 08:44:52.828,1.04588,1.0459,1.00,1.00
2016.06.20 08:44:52.880,1.04588,1.04592,1.00,1.57
2016.06.20 08:44:53.417,1.04588,1.04593,1.69,2.25
2016.06.20 08:44:56.312,1.04588,1.04592,1.69,1.00
2016.06.20 08:44:56.835,1.04588,1.04593,1.69,2.25
2016.06.20 08:44:57.720,1.04588,1.04592,1.69,1.00
2016.06.20 08:44:58.243,1.04589,1.04591,1.25,1.00
2016.06.20 08:45:00.162,1.04588,1.04591,1.69,1.00
2016.06.20 08:45:00.418,1.04588,1.04593,1.69,3.75
2016.06.20 08:45:00.968,1.04588,1.04592,1.69,1.00
2016.06.20 08:45:02.478,1.04588,1.04592,1.69,1.50
2016.06.20 08:45:03.120,1.04588,1.04591,2.51,1.00
2016.06.20 08:45:03.439,1.04588,1.04589,1.25,1.00
2016.06.20 08:45:03.542,1.04585,1.04589,3.26,1.00
2016.06.20 08:45:04.051,1.04585,1.04588,1.19,1.00
2016.06.20 08:45:04.582,1.04586,1.04589,1.25,1.50
2016.06.20 08:45:04.634,1.04587,1.0459,1.00,4.75
2016.06.20 08:45:04.940,1.04589,1.04591,1.00,1.33
2016.06.20 08:45:05.106,1.04591,1.04592,1.00,1.00
2016.06.20 08:45:05.158,1.04591,1.04594,1.00,1.95
2016.06.20 08:45:06.277,1.04591,1.04595,1.00,4.82
2016.06.20 08:45:06.787,1.04592,1.04595,1.00,3.37
2016.06.20 08:45:07.297,1.04591,1.04594,1.50,1.87
2016.06.20 08:45:07.804,1.04592,1.04595,1.00,4.12
2016.06.20 08:45:08.109,1.04594,1.04596,1.00,2.95
2016.06.20 08:45:08.613,1.04595,1.04597,3.19,1.00
2016.06.20 08:45:09.123,1.04596,1.04597,1.69,1.00
2016.06.20 08:45:10.074,1.04597,1.04598,1.00,1.00
2016.06.20 08:45:10.895,1.04598,1.046,1.00,1.37
2016.06.20 08:45:10.947,1.04599,1.04601,1.00,2.32
2016.06.20 08:45:11.098,1.04601,1.04603,1.00,1.10
2016.06.20 08:45:11.557,1.046,1.04603,2.25,1.00
2016.06.20 08:45:11.816,1.04598,1.046,1.76,1.87
2016.06.20 08:45:11.926,1.04575,1.0459,1.00,2.50
2016.06.20 08:45:11.980,1.04578,1.0458,1.50,1.00
2016.06.20 08:45:12.033,1.04578,1.04584,4.50,1.37
2016.06.20 08:45:12.085,1.04579,1.04585,2.62,2.12
2016.06.20 08:45:12.137,1.0458,1.04586,1.95,1.25
2016.06.20 08:45:12.189,1.0458,1.04582,2.32,1.00
2016.06.20 08:45:12.241,1.0458,1.04584,3.00,1.12
2016.06.20 08:45:12.343,1.04581,1.04586,1.00,1.12
2016.06.20 08:45:12.893,1.04582,1.04585,1.00,1.12
2016.06.20 08:45:12.944,1.0458,1.04585,1.00,1.12
2016.06.20 08:45:13.361,1.04582,1.04587,1.00,1.80
2016.06.20 08:45:13.463,1.04582,1.04587,1.00,1.10
2016.06.20 08:45:14.531,1.04581,1.04587,1.87,1.00
2016.06.20 08:45:14.987,1.04583,1.04587,1.00,1.00
2016.06.20 08:45:15.723,1.04584,1.04587,1.00,1.00
2016.06.20 08:45:16.058,1.04586,1.04589,1.00,2.70
2016.06.20 08:45:16.313,1.04586,1.0459,1.00,6.26
2016.06.20 08:45:16.842,1.04587,1.0459,1.50,2.81
2016.06.20 08:45:17.352,1.04586,1.0459,1.50,2.81
2016.06.20 08:45:17.857,1.04587,1.0459,1.00,2.81
2016.06.20 08:45:18.444,1.04586,1.04589,1.00,1.00
2016.06.20 08:45:20.207,1.04588,1.0459,1.00,4.01
2016.06.20 08:45:20.513,1.04591,1.04594,1.00,1.00
2016.06.20 08:45:21.047,1.0459,1.04594,1.50,2.62
2016.06.20 08:45:21.656,1.04591,1.04594,1.00,1.87
2016.06.20 08:45:22.334,1.0459,1.04594,1.50,1.87
2016.06.20 08:45:22.538,1.0459,1.04592,1.50,1.00
2016.06.20 08:45:23.248,1.04589,1.04591,2.25,1.00
2016.06.20 08:45:23.502,1.04585,1.04587,1.50,1.00
2016.06.20 08:45:24.234,1.04584,1.04587,1.00,1.00
2016.06.20 08:45:24.489,1.04582,1.04586,1.50,1.00
2016.06.20 08:45:25.026,1.04582,1.04585,1.00,1.00
2016.06.20 08:45:25.539,1.04581,1.04585,1.00,1.00
2016.06.20 08:45:25.743,1.04582,1.04587,1.00,3.25
2016.06.20 08:45:26.262,1.04583,1.04586,1.00,1.00
2016.06.20 08:45:26.722,1.04582,1.04584,1.00,1.00
2016.06.20 08:45:26.775,1.0458,1.04583,1.12,1.50
2016.06.20 08:45:26.928,1.04579,1.04581,1.12,1.00
2016.06.20 08:45:27.441,1.04578,1.04582,1.00,1.00
2016.06.20 08:45:29.062,1.04577,1.0458,4.69,1.50
2016.06.20 08:45:29.370,1.04574,1.04577,1.50,1.00
2016.06.20 08:45:29.907,1.04572,1.04576,2.25,1.50
2016.06.20 08:45:30.263,1.04575,1.04578,1.00,2.25
2016.06.20 08:45:30.802,1.04574,1.04578,1.87,1.50
2016.06.20 08:45:31.329,1.04575,1.04578,1.00,1.00
2016.06.20 08:45:31.640,1.04571,1.04576,2.25,5.25
2016.06.20 08:45:31.692,1.04572,1.04574,1.50,1.00
2016.06.20 08:45:31.745,1.04571,1.04574,1.00,1.00
2016.06.20 08:45:32.274,1.0457,1.04575,3.07,1.50
2016.06.20 08:45:32.880,1.04571,1.04575,1.00,1.50
2016.06.20 08:45:33.388,1.04572,1.04575,1.00,1.50
2016.06.20 08:45:35.461,1.04571,1.04574,1.37,1.00
2016.06.20 08:45:35.588,1.04569,1.04573,2.62,1.00
2016.06.20 08:45:35.690,1.04568,1.04572,2.32,1.00
2016.06.20 08:45:36.200,1.04568,1.04571,1.00,1.25
2016.06.20 08:45:37.778,1.04568,1.0457,1.00,1.00
2016.06.20 08:45:37.880,1.04565,1.0457,3.37,1.00
2016.06.20 08:45:38.419,1.04565,1.0457,2.92,1.00
2016.06.20 08:45:39.770,1.04565,1.04569,2.32,1.00
2016.06.20 08:45:40.299,1.04566,1.0457,1.00,1.10
2016.06.20 08:45:40.809,1.04566,1.0457,2.85,1.00
2016.06.20 08:45:41.367,1.04566,1.0457,4.72,1.00
2016.06.20 08:45:43.069,1.04566,1.0457,3.60,1.00
2016.06.20 08:45:43.571,1.04567,1.04571,1.12,1.25
2016.06.20 08:45:46.119,1.04566,1.0457,6.22,1.00
2016.06.20 08:45:49.168,1.04567,1.04571,1.50,1.69
2016.06.20 08:45:53.123,1.04567,1.0457,1.20,1.00
2016.06.20 08:45:53.426,1.04566,1.04567,1.10,1.25
2016.06.20 08:45:53.631,1.04561,1.04564,1.50,1.00
2016.06.20 08:45:53.683,1.04563,1.04564,1.00,1.00
2016.06.20 08:45:53.787,1.04561,1.04563,1.00,1.00
2016.06.20 08:45:54.502,1.0456,1.04563,4.84,1.00
2016.06.20 08:45:55.010,1.0456,1.04564,4.84,1.50
2016.06.20 08:45:55.249,1.04563,1.04564,1.00,1.00
2016.06.20 08:45:55.503,1.04561,1.04564,1.50,1.00
2016.06.20 08:45:56.012,1.04562,1.04564,1.00,1.00
2016.06.20 08:45:56.165,1.04561,1.04562,1.00,1.25
2016.06.20 08:45:56.319,1.04558,1.04559,1.00,1.50
2016.06.20 08:45:56.374,1.04557,1.04559,1.00,1.50
2016.06.20 08:45:56.527,1.04555,1.04559,2.25,1.69
2016.06.20 08:45:57.084,1.04554,1.04558,1.50,1.00
2016.06.20 08:45:57.391,1.04554,1.04556,1.37,2.44
2016.06.20 08:45:57.545,1.04552,1.04553,1.50,1.00
2016.06.20 08:45:57.647,1.04551,1.04553,1.00,2.25
2016.06.20 08:45:57.953,1.04553,1.04556,1.00,1.50
2016.06.20 08:45:58.004,1.04554,1.04556,1.00,1.50
2016.06.20 08:45:58.512,1.04553,1.04555,1.00,1.00
2016.06.20 08:45:59.016,1.04552,1.04555,1.12,1.00
2016.06.20 08:45:59.594,1.04552,1.04554,1.00,1.00
2016.06.20 08:45:59.900,1.04553,1.04556,1.00,1.69
2016.06.20 08:46:00.104,1.04554,1.04556,1.00,1.69
2016.06.20 08:46:00.916,1.04552,1.04557,4.31,1.19
2016.06.20 08:46:01.464,1.04551,1.04555,1.50,1.00
2016.06.20 08:46:02.032,1.04552,1.04554,1.00,1.25
2016.06.20 08:46:02.084,1.04551,1.04554,1.00,1.25
2016.06.20 08:46:02.592,1.04553,1.04554,1.00,1.00
2016.06.20 08:46:03.135,1.04553,1.04555,1.00,1.50
2016.06.20 08:46:03.589,1.04551,1.04555,1.12,1.50
2016.06.20 08:46:04.747,1.04553,1.04556,1.00,2.51
2016.06.20 08:46:07.876,1.04555,1.04556,1.00,1.00
2016.06.20 08:46:08.113,1.04558,1.0456,1.00,1.25
2016.06.20 08:46:09.009,1.04558,1.04559,1.00,1.00
2016.06.20 08:46:09.522,1.04557,1.04559,2.25,1.00
2016.06.20 08:46:12.122,1.04558,1.04559,1.00,1.00
2016.06.20 08:46:12.632,1.04557,1.04559,1.00,1.00
2016.06.20 08:46:13.141,1.04557,1.0456,1.00,2.44
2016.06.20 08:46:13.648,1.04557,1.0456,1.00,2.44
2016.06.20 08:46:13.886,1.0456,1.04563,1.50,1.69
2016.06.20 08:46:14.540,1.04561,1.04564,1.00,1.69
2016.06.20 08:46:14.642,1.04559,1.04564,3.00,2.66
2016.06.20 08:46:15.303,1.0456,1.04564,1.00,4.24
2016.06.20 08:46:15.355,1.04561,1.04564,1.00,2.74
2016.06.20 08:46:15.856,1.04563,1.04565,1.00,1.19
2016.06.20 08:46:15.958,1.04565,1.04567,1.00,3.19
2016.06.20 08:46:16.111,1.04566,1.0457,1.50,1.31
2016.06.20 08:46:16.828,1.04565,1.04569,1.00,4.99
2016.06.20 08:46:17.351,1.04564,1.04568,1.50,1.10
2016.06.20 08:46:17.657,1.04567,1.04569,1.00,2.89
2016.06.20 08:46:17.759,1.04569,1.04571,1.50,1.00
2016.06.20 08:46:18.303,1.0457,1.04572,1.50,1.69
2016.06.20 08:46:18.762,1.04568,1.04572,2.25,2.44
2016.06.20 08:46:19.297,1.04568,1.04571,1.00,3.11
2016.06.20 08:46:19.399,1.04566,1.04571,3.00,3.49
2016.06.20 08:46:19.856,1.04566,1.04569,2.25,2.81
2016.06.20 08:46:20.404,1.04565,1.04569,2.25,2.51
2016.06.20 08:46:20.670,1.04563,1.04567,2.25,2.44
2016.06.20 08:46:21.176,1.04564,1.04567,1.00,1.69
2016.06.20 08:46:21.431,1.04567,1.04569,1.00,1.29
2016.06.20 08:46:21.585,1.04566,1.0457,2.25,1.20
2016.06.20 08:46:22.472,1.04569,1.0457,1.00,1.00
2016.06.20 08:46:22.541,1.04569,1.04572,1.00,2.44
2016.06.20 08:46:23.597,1.04571,1.04573,1.00,1.19
2016.06.20 08:46:23.751,1.04573,1.04575,1.50,1.25
2016.06.20 08:46:24.002,1.04571,1.04575,2.25,2.74
2016.06.20 08:46:26.572,1.0457,1.04574,1.50,2.44
2016.06.20 08:46:28.423,1.0457,1.04572,1.00,1.25
2016.06.20 08:46:28.474,1.04566,1.0457,1.12,1.50
2016.06.20 08:46:28.526,1.04567,1.0457,1.00,13.99
2016.06.20 08:46:28.577,1.04555,1.04559,1.57,1.00
2016.06.20 08:46:28.629,1.04555,1.04557,1.00,3.19
2016.06.20 08:46:28.680,1.04554,1.04556,1.50,1.69
2016.06.20 08:46:29.038,1.04555,1.04556,2.25,1.25
2016.06.20 08:46:29.144,1.04552,1.04554,2.25,1.25
2016.06.20 08:46:29.197,1.04552,1.04554,1.50,1.25
2016.06.20 08:46:29.744,1.04551,1.04555,1.00,1.69
2016.06.20 08:46:30.457,1.04548,1.04552,2.62,3.00
2016.06.20 08:46:30.796,1.04542,1.04545,1.00,6.64
2016.06.20 08:46:30.950,1.04541,1.04545,1.00,4.12
2016.06.20 08:46:31.052,1.04541,1.04543,1.00,1.00
2016.06.20 08:46:31.342,1.04541,1.04545,1.00,1.87
2016.06.20 08:46:31.555,1.0454,1.04543,2.25,1.00
2016.06.20 08:46:32.068,1.0454,1.04544,1.50,1.00
2016.06.20 08:46:33.271,1.04539,1.04541,3.07,1.12
2016.06.20 08:46:33.374,1.04527,1.04531,2.06,1.00
2016.06.20 08:46:33.476,1.04527,1.0453,2.25,1.00
2016.06.20 08:46:33.752,1.04529,1.04531,1.00,1.69
2016.06.20 08:46:33.803,1.04528,1.04531,4.50,2.44
2016.06.20 08:46:33.905,1.04529,1.04533,1.50,1.50
2016.06.20 08:46:34.007,1.04533,1.04535,1.00,3.00
2016.06.20 08:46:34.110,1.04533,1.04537,1.00,1.00
2016.06.20 08:46:34.447,1.04533,1.04535,3.00,1.00
2016.06.20 08:46:34.600,1.04533,1.04537,1.00,2.25
2016.06.20 08:46:36.009,1.04533,1.04536,1.00,1.00
2016.06.20 08:46:36.517,1.04532,1.04535,1.00,1.00
2016.06.20 08:46:37.044,1.04533,1.04536,1.00,1.00
2016.06.20 08:46:37.554,1.04533,1.04537,1.00,2.62
2016.06.20 08:46:38.063,1.04534,1.04538,1.00,2.02
2016.06.20 08:46:39.026,1.04535,1.04538,1.00,1.27
2016.06.20 08:46:39.129,1.04537,1.04539,1.00,1.00
2016.06.20 08:46:39.231,1.04538,1.04541,1.00,1.00
2016.06.20 08:46:39.648,1.0454,1.04543,1.00,1.00
2016.06.20 08:46:40.162,1.04539,1.04544,3.75,1.32
2016.06.20 08:46:40.826,1.0454,1.04544,1.00,1.01
2016.06.20 08:46:41.234,1.04539,1.04543,2.32,1.69
2016.06.20 08:46:41.540,1.04535,1.04539,1.50,1.00
2016.06.20 08:46:42.564,1.04534,1.04538,1.00,1.00
2016.06.20 08:46:42.717,1.04535,1.04537,1.00,1.37
2016.06.20 08:46:42.819,1.04533,1.04537,3.00,1.00
2016.06.20 08:46:43.331,1.04535,1.04538,1.00,2.55
2016.06.20 08:46:43.434,1.04534,1.04539,1.00,1.50
2016.06.20 08:46:43.792,1.04536,1.04541,1.00,1.42
2016.06.20 08:46:44.307,1.04537,1.04542,1.00,2.29
2016.06.20 08:46:45.354,1.04536,1.04541,1.50,1.00
2016.06.20 08:46:45.663,1.04523,1.04527,1.00,1.19
2016.06.20 08:46:46.010,1.04529,1.0453,1.00,1.50
2016.06.20 08:46:46.062,1.04529,1.04531,1.00,1.33
2016.06.20 08:46:46.216,1.04531,1.04533,1.00,3.25
2016.06.20 08:46:46.755,1.0453,1.04535,1.00,1.72
2016.06.20 08:46:47.250,1.04528,1.04529,5.32,1.00
2016.06.20 08:46:47.354,1.04527,1.04528,2.25,1.12
2016.06.20 08:46:47.504,1.04524,1.04528,1.00,3.00
2016.06.20 08:46:48.013,1.04524,1.04528,1.50,2.10
2016.06.20 08:46:48.224,1.04526,1.04529,1.00,2.55
2016.06.20 08:46:48.326,1.04528,1.04529,2.25,1.00
2016.06.20 08:46:48.420,1.04525,1.04529,1.00,1.37
2016.06.20 08:46:48.676,1.04523,1.04528,1.12,1.50
2016.06.20 08:46:49.134,1.04525,1.04528,1.00,4.50
2016.06.20 08:46:49.340,1.04522,1.04526,1.00,1.00
2016.06.20 08:46:49.850,1.04521,1.04525,1.27,1.00
2016.06.20 08:46:50.388,1.04521,1.04523,1.00,1.00
2016.06.20 08:46:50.643,1.04515,1.04518,1.50,1.50
2016.06.20 08:46:50.847,1.04517,1.04519,1.00,1.00
2016.06.20 08:46:51.389,1.04516,1.04519,1.00,1.00
2016.06.20 08:46:51.897,1.04517,1.04519,1.00,1.00
2016.06.20 08:46:52.434,1.04516,1.0452,1.00,1.50
2016.06.20 08:46:52.950,1.04517,1.0452,1.00,1.00
2016.06.20 08:46:53.463,1.04516,1.0452,2.25,1.00
2016.06.20 08:46:53.977,1.04517,1.04521,1.00,2.25
2016.06.20 08:46:54.485,1.04517,1.04522,2.25,1.50
2016.06.20 08:46:54.919,1.0452,1.04522,1.00,1.00
2016.06.20 08:46:55.175,1.04519,1.04523,1.50,1.00
2016.06.20 08:46:55.890,1.04518,1.04522,1.87,1.00
2016.06.20 08:46:55.942,1.0452,1.04522,1.00,1.12
2016.06.20 08:46:56.251,1.04518,1.04522,1.00,1.30
2016.06.20 08:46:56.978,1.04518,1.04521,1.00,1.00
2016.06.20 08:46:57.519,1.04517,1.04521,1.50,1.00
2016.06.20 08:46:58.067,1.04518,1.04522,1.12,1.00
2016.06.20 08:46:58.580,1.04519,1.04523,1.50,1.57
2016.06.20 08:47:00.409,1.0452,1.04524,1.00,1.30
2016.06.20 08:47:03.024,1.04519,1.04524,3.19,1.00
2016.06.20 08:47:03.533,1.04519,1.04523,1.25,1.50
2016.06.20 08:47:04.163,1.0452,1.04523,1.00,1.00
2016.06.20 08:47:04.700,1.04519,1.04523,2.44,1.12
2016.06.20 08:47:05.222,1.04519,1.04524,2.44,2.55
2016.06.20 08:47:05.890,1.0452,1.04524,1.00,2.92
2016.06.20 08:47:06.398,1.04521,1.04525,1.00,3.60
2016.06.20 08:47:07.047,1.04522,1.04525,1.00,2.10
2016.06.20 08:47:07.605,1.04521,1.04525,1.69,1.12
2016.06.20 08:47:09.931,1.04522,1.04526,1.00,2.32
2016.06.20 08:47:09.983,1.04524,1.04527,1.00,1.95
2016.06.20 08:47:10.187,1.04527,1.04532,1.69,2.70
2016.06.20 08:47:10.696,1.04527,1.04531,1.69,1.35
2016.06.20 08:47:11.205,1.04528,1.04531,1.00,2.25
2016.06.20 08:47:11.714,1.04527,1.04532,1.69,1.95
2016.06.20 08:47:13.117,1.04528,1.04532,1.00,1.12
2016.06.20 08:47:13.642,1.04529,1.04532,1.00,1.12
2016.06.20 08:47:14.150,1.0453,1.04534,1.69,1.00
2016.06.20 08:47:14.659,1.0453,1.04533,1.25,1.00
2016.06.20 08:47:14.863,1.04531,1.04535,1.00,3.67
2016.06.20 08:47:16.252,1.04532,1.04535,1.00,1.42
2016.06.20 08:47:16.762,1.04533,1.04537,1.00,3.37
2016.06.20 08:47:16.966,1.04532,1.04534,1.00,1.87
2016.06.20 08:47:17.056,1.0453,1.04534,2.25,2.10
2016.06.20 08:47:17.870,1.0453,1.04533,2.25,2.17
2016.06.20 08:47:18.017,1.04528,1.04533,3.00,3.45
2016.06.20 08:47:19.653,1.04529,1.04533,1.00,3.22
2016.06.20 08:47:21.001,1.04528,1.04533,3.00,2.85
2016.06.20 08:47:21.470,1.04528,1.04529,2.25,2.25
2016.06.20 08:47:21.786,1.04518,1.04522,2.25,1.10
2016.06.20 08:47:22.295,1.04519,1.04523,1.00,4.50
2016.06.20 08:47:22.828,1.04518,1.04523,1.12,3.45
2016.06.20 08:47:23.920,1.04519,1.04523,1.00,3.45
2016.06.20 08:47:25.073,1.04518,1.04523,2.06,2.10
2016.06.20 08:47:25.580,1.04519,1.04523,1.00,1.50
2016.06.20 08:47:26.095,1.04519,1.04523,1.00,2.25
2016.06.20 08:47:26.452,1.04521,1.04523,1.00,1.12
2016.06.20 08:47:26.758,1.04519,1.04521,1.25,1.00
2016.06.20 08:47:26.962,1.0452,1.04525,1.19,3.00
2016.06.20 08:47:27.470,1.0452,1.04525,1.69,1.80
2016.06.20 08:47:28.045,1.0452,1.04525,1.69,1.12
2016.06.20 08:47:29.946,1.04522,1.04525,1.00,1.30
2016.06.20 08:47:30.302,1.04524,1.04525,1.25,1.00
2016.06.20 08:47:30.456,1.04526,1.04529,1.69,1.50
2016.06.20 08:47:30.982,1.04526,1.0453,2.44,2.32
2016.06.20 08:47:31.848,1.04526,1.04531,2.44,3.15
2016.06.20 08:47:33.089,1.04526,1.04531,1.69,3.75
2016.06.20 08:47:33.636,1.04526,1.04531,2.44,3.45
2016.06.20 08:47:35.406,1.04527,1.04531,1.00,3.22
2016.06.20 08:47:35.937,1.04528,1.04532,1.25,2.17
2016.06.20 08:47:41.777,1.04527,1.0453,2.25,1.00
2016.06.20 08:47:42.084,1.04523,1.04526,1.00,4.50
2016.06.20 08:47:42.186,1.04521,1.04525,1.25,1.37
2016.06.20 08:47:42.723,1.04521,1.04525,1.25,1.12
2016.06.20 08:47:43.237,1.0452,1.04524,1.19,1.00
2016.06.20 08:47:43.746,1.04521,1.04525,3.19,1.50
2016.06.20 08:47:44.217,1.04523,1.04525,1.00,1.00
2016.06.20 08:47:45.601,1.04524,1.04526,1.50,1.57
2016.06.20 08:47:46.567,1.04525,1.04527,1.00,3.00
2016.06.20 08:47:47.070,1.04526,1.04528,1.00,2.25
2016.06.20 08:47:47.578,1.04525,1.04528,1.00,1.50
2016.06.20 08:47:48.097,1.04524,1.04527,1.00,5.47
2016.06.20 08:47:49.277,1.04525,1.04527,1.00,4.57
2016.06.20 08:47:49.583,1.04526,1.0453,1.50,1.72
2016.06.20 08:47:51.001,1.04526,1.04531,1.50,4.05
2016.06.20 08:47:54.416,1.04528,1.0453,1.00,1.50
2016.06.20 08:47:54.925,1.04529,1.04531,1.00,1.00
2016.06.20 08:47:58.504,1.04529,1.04532,1.00,2.62
2016.06.20 08:47:59.015,1.04529,1.04531,1.00,1.00
2016.06.20 08:48:03.217,1.04529,1.04532,1.00,1.87
2016.06.20 08:48:05.003,1.04529,1.04531,1.50,1.00
2016.06.20 08:48:05.507,1.0453,1.04531,1.00,1.00
2016.06.20 08:48:09.180,1.0453,1.04531,1.50,1.00
2016.06.20 08:48:09.333,1.04532,1.04533,1.50,1.00
2016.06.20 08:48:09.435,1.04534,1.04536,1.50,3.37
2016.06.20 08:48:10.564,1.04534,1.04537,1.00,5.17
2016.06.20 08:48:11.075,1.04534,1.04536,1.00,3.22
2016.06.20 08:48:14.322,1.04534,1.04535,1.00,1.00
2016.06.20 08:48:16.156,1.04532,1.04534,1.00,1.12
2016.06.20 08:48:16.971,1.04532,1.04535,1.00,2.17
2016.06.20 08:48:19.125,1.04533,1.04535,1.00,1.00
2016.06.20 08:48:19.381,1.04534,1.04537,2.25,3.00
2016.06.20 08:48:19.918,1.04534,1.04536,1.50,1.00
2016.06.20 08:48:20.436,1.04534,1.04537,1.50,4.05
2016.06.20 08:48:20.949,1.04534,1.04536,1.50,1.12
2016.06.20 08:48:23.683,1.04535,1.04537,1.00,3.00
2016.06.20 08:48:24.640,1.04535,1.04536,1.00,1.00
2016.06.20 08:48:25.962,1.04535,1.04537,1.00,1.50
2016.06.20 08:48:26.369,1.04534,1.04537,3.00,2.62
2016.06.20 08:48:29.821,1.04534,1.04537,1.50,2.81
2016.06.20 08:48:33.809,1.04534,1.04535,1.50,1.00
2016.06.20 08:48:38.824,1.04531,1.04534,3.00,1.57
2016.06.20 08:48:41.171,1.04533,1.04535,1.00,1.01
2016.06.20 08:48:41.325,1.04536,1.04538,1.50,1.20
2016.06.20 08:48:41.854,1.04536,1.04539,1.50,3.45
2016.06.20 08:48:42.419,1.04536,1.04539,1.50,1.57
2016.06.20 08:48:42.969,1.04536,1.04539,1.50,1.95
2016.06.20 08:48:43.225,1.04533,1.04535,10.57,1.00
2016.06.20 08:48:43.328,1.04533,1.04534,1.10,3.00
2016.06.20 08:48:43.430,1.04532,1.04533,1.12,1.00
2016.06.20 08:48:43.483,1.0453,1.04533,1.50,1.19
2016.06.20 08:48:43.582,1.04529,1.04532,3.00,1.76
2016.06.20 08:48:43.787,1.0453,1.04532,1.00,1.95
2016.06.20 08:48:43.942,1.04531,1.04534,1.50,1.00
2016.06.20 08:48:43.993,1.04533,1.04535,1.00,1.50
2016.06.20 08:48:44.383,1.04535,1.04537,1.00,1.20
2016.06.20 08:48:44.485,1.04536,1.04539,1.00,1.72
2016.06.20 08:48:46.463,1.04536,1.0454,1.00,2.85
2016.06.20 08:48:47.569,1.04534,1.04538,1.00,1.00
2016.06.20 08:48:47.620,1.04532,1.04537,1.50,2.62
2016.06.20 08:48:47.723,1.04533,1.04534,1.00,1.00
2016.06.20 08:48:47.944,1.04533,1.04537,1.00,4.57
2016.06.20 08:48:48.452,1.04533,1.04536,1.00,1.00
2016.06.20 08:48:48.958,1.04534,1.04536,1.00,1.12
2016.06.20 08:48:49.979,1.04533,1.04536,1.00,3.37
2016.06.20 08:48:50.234,1.0453,1.04534,1.50,1.57
2016.06.20 08:48:51.114,1.04531,1.04534,1.00,1.95
2016.06.20 08:48:51.731,1.04531,1.04535,1.50,1.57
2016.06.20 08:48:52.773,1.04531,1.04535,1.50,1.05
2016.06.20 08:48:53.412,1.04532,1.04534,1.00,1.00
2016.06.20 08:48:53.667,1.04532,1.04536,1.50,1.10
2016.06.20 08:48:54.874,1.04533,1.04536,1.00,1.10
2016.06.20 08:48:55.334,1.04532,1.04536,1.50,4.54
2016.06.20 08:48:55.877,1.04531,1.04535,1.00,2.89
2016.06.20 08:48:56.386,1.04532,1.04535,1.00,2.14
2016.06.20 08:49:00.235,1.04533,1.04536,1.00,2.44
2016.06.20 08:49:00.588,1.04533,1.04536,1.00,1.12
2016.06.20 08:49:01.605,1.04532,1.04536,1.50,1.12
2016.06.20 08:49:02.144,1.04532,1.04535,1.50,1.00
2016.06.20 08:49:03.465,1.04532,1.04536,1.50,4.35
2016.06.20 08:49:03.974,1.04531,1.04535,1.50,2.44
2016.06.20 08:49:04.981,1.04531,1.04534,1.00,1.95
2016.06.20 08:49:05.807,1.04532,1.04534,1.00,2.25
2016.06.20 08:49:06.317,1.04531,1.04533,1.00,1.10
2016.06.20 08:49:10.527,1.04531,1.04534,1.50,1.57
2016.06.20 08:49:11.039,1.04529,1.04533,2.44,1.12
2016.06.20 08:49:13.492,1.04529,1.04533,2.44,2.25
2016.06.20 08:49:13.688,1.04528,1.04531,1.19,1.50
2016.06.20 08:49:13.945,1.04525,1.04528,3.19,1.00
2016.06.20 08:49:14.403,1.04523,1.04527,1.50,2.47
2016.06.20 08:49:14.806,1.04524,1.04527,1.00,1.57
2016.06.20 08:49:17.980,1.04524,1.04528,1.25,2.32
2016.06.20 08:49:18.489,1.04524,1.04527,1.25,1.00
2016.06.20 08:49:21.844,1.04524,1.04528,1.25,3.82
2016.06.20 08:49:22.363,1.04525,1.04528,1.00,2.32
2016.06.20 08:49:23.178,1.04526,1.04528,1.00,1.12
2016.06.20 08:49:23.784,1.04525,1.04529,1.33,3.67
2016.06.20 08:49:26.650,1.04525,1.04527,1.00,1.00
2016.06.20 08:49:27.408,1.04524,1.04526,1.69,1.00
2016.06.20 08:49:27.503,1.0452,1.04521,1.05,3.00
2016.06.20 08:49:27.606,1.04516,1.04517,1.00,1.87
2016.06.20 08:49:27.759,1.04514,1.04518,1.50,1.50
2016.06.20 08:49:27.810,1.04516,1.04518,1.00,1.50
2016.06.20 08:49:27.912,1.04514,1.04517,1.00,2.25
2016.06.20 08:49:28.364,1.04512,1.04516,1.10,3.75
2016.06.20 08:49:28.467,1.04511,1.04514,1.25,1.50
2016.06.20 08:49:28.776,1.0451,1.04513,1.50,1.37
2016.06.20 08:49:29.031,1.04511,1.04515,1.69,1.50
2016.06.20 08:49:30.653,1.04512,1.04516,1.00,3.75
2016.06.20 08:49:31.824,1.04513,1.04516,1.00,1.50
2016.06.20 08:49:36.243,1.04514,1.04517,1.00,3.07
2016.06.20 08:49:36.399,1.04515,1.04517,1.00,1.95
2016.06.20 08:49:37.473,1.04514,1.04517,1.33,1.00
2016.06.20 08:49:38.036,1.04517,1.04518,1.00,1.00
2016.06.20 08:49:38.242,1.04514,1.04517,1.10,3.37
2016.06.20 08:49:38.756,1.04513,1.04517,1.12,6.07
2016.06.20 08:49:39.265,1.04514,1.04517,1.00,1.50
2016.06.20 08:49:39.782,1.04513,1.04517,1.95,2.25
2016.06.20 08:49:40.605,1.04514,1.04517,1.00,2.25
2016.06.20 08:49:43.769,1.04515,1.04517,1.00,1.50
2016.06.20 08:49:44.338,1.04514,1.04517,2.32,1.50
2016.06.20 08:49:44.389,1.04516,1.04517,1.00,1.50
2016.06.20 08:49:44.912,1.04515,1.04517,1.00,1.50
2016.06.20 08:49:45.303,1.04516,1.04518,1.00,1.50
2016.06.20 08:49:45.609,1.04519,1.04521,1.50,1.00
2016.06.20 08:49:45.661,1.0452,1.04523,1.00,1.87
2016.06.20 08:49:48.297,1.0452,1.04522,1.00,1.00
2016.06.20 08:49:48.823,1.04521,1.04523,1.00,1.12
2016.06.20 08:49:49.334,1.0452,1.04523,1.69,1.12
2016.06.20 08:49:53.036,1.04521,1.04523,1.00,1.12
2016.06.20 08:49:53.241,1.04527,1.04528,4.50,1.12
2016.06.20 08:49:53.343,1.04526,1.04528,1.05,1.50
2016.06.20 08:49:53.631,1.04526,1.0453,1.12,4.20
2016.06.20 08:49:54.191,1.04526,1.04529,1.12,1.00
2016.06.20 08:49:54.701,1.04526,1.0453,1.00,1.10
2016.06.20 08:49:55.844,1.04525,1.04528,1.25,1.00
2016.06.20 08:49:56.204,1.04526,1.0453,1.00,1.50
2016.06.20 08:49:56.357,1.04523,1.04525,7.76,3.75
2016.06.20 08:49:56.563,1.04521,1.04522,1.00,2.25
2016.06.20 08:49:56.665,1.04519,1.04522,1.25,2.62
2016.06.20 08:49:56.767,1.04519,1.0452,1.25,1.00
2016.06.20 08:49:57.160,1.0452,1.04522,1.00,1.57
2016.06.20 08:49:57.315,1.0452,1.04524,1.19,2.57
2016.06.20 08:49:58.031,1.04521,1.04525,1.69,2.32
2016.06.20 08:49:59.055,1.04521,1.04524,1.69,1.00
2016.06.20 08:50:00.902,1.04521,1.04525,1.69,2.70
2016.06.20 08:50:02.211,1.04522,1.04525,1.00,1.12
2016.06.20 08:50:02.354,1.04524,1.04527,1.00,1.37
2016.06.20 08:50:02.660,1.04524,1.04528,1.00,1.95
2016.06.20 08:50:03.397,1.04525,1.04528,1.00,2.62
2016.06.20 08:50:03.603,1.04527,1.04529,1.00,1.00
2016.06.20 08:50:03.857,1.04527,1.04531,1.00,4.20
2016.06.20 08:50:04.383,1.04527,1.04531,1.00,2.25
2016.06.20 08:50:06.527,1.04527,1.04531,1.00,2.62
2016.06.20 08:50:06.731,1.04526,1.0453,3.19,3.37
2016.06.20 08:50:07.282,1.04526,1.04529,2.44,2.62
2016.06.20 08:50:08.351,1.04526,1.04529,1.69,1.50
2016.06.20 08:50:09.351,1.04526,1.04529,1.25,1.87
2016.06.20 08:50:11.331,1.04528,1.04531,1.00,2.32
2016.06.20 08:50:11.485,1.04531,1.04532,1.00,2.25
2016.06.20 08:50:11.685,1.04529,1.04531,1.69,1.00
2016.06.20 08:50:12.094,1.04528,1.04529,1.50,1.00
2016.06.20 08:50:12.631,1.04528,1.0453,1.50,1.00
2016.06.20 08:50:13.768,1.04529,1.04531,1.00,1.00
2016.06.20 08:50:13.921,1.04528,1.04531,3.75,1.00
2016.06.20 08:50:14.075,1.04527,1.04531,1.76,1.37
2016.06.20 08:50:14.586,1.04525,1.04528,1.69,1.50
2016.06.20 08:50:15.095,1.04524,1.04528,1.50,2.25
2016.06.20 08:50:15.302,1.04526,1.04528,1.00,1.50
2016.06.20 08:50:15.353,1.04527,1.0453,1.00,3.32
2016.06.20 08:50:15.863,1.04526,1.04529,1.19,1.50
2016.06.20 08:50:15.965,1.04525,1.04529,2.51,1.87
2016.06.20 08:50:16.460,1.04525,1.04527,1.25,1.00
2016.06.20 08:50:16.765,1.04525,1.04529,1.00,6.07
2016.06.20 08:50:17.460,1.04526,1.04529,1.00,1.20
2016.06.20 08:50:17.970,1.04526,1.0453,1.19,1.00
2016.06.20 08:50:18.873,1.04527,1.04531,1.25,1.50
2016.06.20 08:50:19.374,1.04528,1.04531,1.00,1.00
2016.06.20 08:50:19.883,1.04528,1.0453,1.00,1.00
2016.06.20 08:50:20.392,1.04526,1.0453,2.81,1.50
2016.06.20 08:50:22.049,1.04526,1.04528,1.69,1.00
2016.06.20 08:50:22.202,1.04524,1.04527,2.25,1.12
2016.06.20 08:50:22.709,1.04524,1.04526,1.00,1.00
2016.06.20 08:50:22.862,1.04521,1.04523,2.55,1.00
2016.06.20 08:50:23.015,1.0452,1.04522,1.00,1.50
2016.06.20 08:50:23.527,1.04519,1.04523,2.44,3.37
2016.06.20 08:50:23.579,1.04521,1.04523,1.50,2.25
2016.06.20 08:50:23.783,1.04519,1.04523,1.69,3.37
2016.06.20 08:50:24.588,1.04519,1.04522,1.69,1.50
2016.06.20 08:50:25.198,1.04519,1.04523,1.50,2.47
2016.06.20 08:50:25.397,1.04521,1.04523,1.00,1.87
2016.06.20 08:50:25.448,1.04519,1.04523,2.25,1.87
2016.06.20 08:50:25.956,1.0452,1.04522,1.00,2.25
2016.06.20 08:50:27.373,1.04521,1.04522,1.00,2.25
2016.06.20 08:50:27.525,1.04523,1.04524,1.00,1.50
2016.06.20 08:50:27.729,1.04523,1.04525,1.00,1.12
2016.06.20 08:50:28.034,1.04524,1.04527,1.00,2.25
2016.06.20 08:50:28.567,1.04525,1.04529,1.00,2.77
2016.06.20 08:50:28.875,1.04527,1.0453,1.00,2.32
2016.06.20 08:50:29.181,1.04529,1.0453,1.00,1.00
2016.06.20 08:50:29.338,1.04529,1.04532,1.50,3.82
2016.06.20 08:50:30.478,1.04529,1.04532,1.00,6.75
2016.06.20 08:50:30.988,1.04528,1.04532,1.50,6.00
2016.06.20 08:50:31.502,1.04526,1.0453,3.56,1.00
2016.06.20 08:50:32.242,1.04527,1.04531,2.81,1.00
2016.06.20 08:50:32.765,1.04527,1.0453,2.39,1.00
2016.06.20 08:50:34.160,1.04527,1.04531,3.14,1.00
2016.06.20 08:50:34.666,1.04529,1.04531,1.12,1.00
2016.06.20 08:50:35.432,1.04527,1.0453,2.39,1.00
2016.06.20 08:50:35.952,1.04526,1.0453,9.89,1.00
2016.06.20 08:50:36.462,1.04526,1.0453,2.06,1.00
2016.06.20 08:50:38.032,1.04526,1.0453,2.06,1.00
2016.06.20 08:50:42.022,1.04526,1.0453,3.56,1.00
2016.06.20 08:50:42.073,1.04527,1.04531,2.81,1.00
2016.06.20 08:50:42.462,1.0453,1.04533,1.12,1.00
2016.06.20 08:50:44.438,1.0453,1.04534,1.25,2.62
2016.06.20 08:50:44.490,1.04533,1.04534,1.00,1.12
2016.06.20 08:50:44.542,1.04533,1.04536,1.50,1.57
2016.06.20 08:50:45.051,1.04533,1.04537,3.56,3.75
2016.06.20 08:50:46.116,1.04533,1.04535,2.44,1.00
2016.06.20 08:50:46.437,1.04513,1.04514,3.75,1.12
2016.06.20 08:50:46.489,1.04503,1.04509,2.62,4.87
2016.06.20 08:50:46.540,1.04503,1.04505,2.25,1.50
2016.06.20 08:50:46.591,1.04488,1.04498,1.00,7.37
2016.06.20 08:50:46.764,1.04486,1.04487,1.10,1.00
2016.06.20 08:50:46.816,1.04487,1.04489,50.44,1.12
2016.06.20 08:50:46.919,1.04487,1.04491,1.00,1.20
2016.06.20 08:50:46.993,1.04489,1.04492,1.00,1.50
2016.06.20 08:50:47.200,1.0449,1.04498,1.62,1.50
2016.06.20 08:50:47.252,1.04497,1.04498,1.00,1.12
2016.06.20 08:50:47.355,1.04497,1.04501,1.00,1.00
2016.06.20 08:50:47.714,1.04501,1.04504,1.00,1.95
2016.06.20 08:50:47.918,1.04502,1.04505,1.00,1.00
2016.06.20 08:50:48.422,1.04503,1.04507,1.00,1.20
2016.06.20 08:50:48.935,1.04502,1.04506,1.50,1.00
2016.06.20 08:50:48.986,1.04504,1.04508,1.00,2.70
2016.06.20 08:50:49.245,1.04507,1.04511,1.00,1.00
2016.06.20 08:50:49.754,1.04508,1.04512,1.25,1.87
2016.06.20 08:50:50.910,1.04509,1.04514,1.00,4.50
2016.06.20 08:50:51.063,1.04511,1.04515,1.00,1.57
2016.06.20 08:50:51.568,1.04512,1.04516,1.00,1.87
2016.06.20 08:50:53.247,1.04512,1.04515,1.00,1.00
2016.06.20 08:50:53.760,1.04511,1.04515,1.52,1.00
2016.06.20 08:50:54.480,1.04512,1.04516,1.00,2.10
2016.06.20 08:50:55.036,1.04513,1.04517,1.25,1.12
2016.06.20 08:50:55.596,1.04514,1.04517,1.00,1.12
2016.06.20 08:50:56.123,1.04515,1.04519,1.00,2.25
2016.06.20 08:50:56.226,1.04517,1.04521,1.00,1.87
2016.06.20 08:50:56.379,1.04517,1.04521,1.00,1.10
2016.06.20 08:50:56.585,1.04519,1.04522,1.00,1.20
2016.06.20 08:50:56.785,1.0452,1.04524,1.00,1.00
2016.06.20 08:50:57.448,1.04522,1.04525,1.00,1.95
2016.06.20 08:50:57.958,1.04521,1.04525,1.25,1.00
2016.06.20 08:50:58.502,1.0452,1.04524,1.25,1.00
2016.06.20 08:50:58.656,1.04521,1.04526,1.25,1.50
2016.06.20 08:50:59.165,1.04522,1.04526,1.00,1.00
2016.06.20 08:50:59.828,1.04523,1.04527,1.00,1.12
2016.06.20 08:51:00.713,1.04524,1.04528,1.00,2.92
2016.06.20 08:51:01.428,1.04522,1.04526,1.50,1.00
2016.06.20 08:51:01.783,1.04521,1.04524,1.00,1.00
2016.06.20 08:51:02.807,1.0452,1.04524,1.00,1.00
2016.06.20 08:51:03.433,1.04521,1.04525,1.00,1.50
2016.06.20 08:51:08.036,1.0452,1.04524,1.50,1.00
2016.06.20 08:51:08.342,1.04524,1.04527,1.00,2.25
2016.06.20 08:51:08.646,1.0453,1.04534,1.00,3.00
2016.06.20 08:51:08.697,1.04529,1.04533,1.12,1.00
2016.06.20 08:51:09.206,1.0453,1.04534,1.25,1.00
2016.06.20 08:51:10.138,1.04531,1.04535,1.25,2.10
2016.06.20 08:51:12.128,1.0453,1.04534,1.19,1.00
2016.06.20 08:51:12.636,1.04529,1.04533,2.06,1.00
2016.06.20 08:51:13.354,1.0453,1.04534,1.19,1.00
2016.06.20 08:51:14.641,1.0453,1.04535,1.19,2.62
2016.06.20 08:51:14.895,1.04529,1.04533,2.06,1.00
2016.06.20 08:51:17.858,1.04528,1.0453,1.57,1.00
2016.06.20 08:51:18.206,1.04511,1.04512,1.00,1.50
2016.06.20 08:51:18.260,1.04508,1.0451,1.69,1.50
2016.06.20 08:51:18.313,1.04507,1.04511,1.00,1.20
2016.06.20 08:51:18.415,1.04505,1.04508,1.31,1.00
2016.06.20 08:51:18.780,1.04507,1.0451,1.00,1.00
2016.06.20 08:51:18.831,1.0451,1.04511,1.00,1.50
2016.06.20 08:51:18.934,1.0451,1.04513,1.00,1.50
2016.06.20 08:51:19.036,1.04512,1.04514,1.00,1.50
2016.06.20 08:51:19.546,1.04512,1.04514,1.00,1.50
2016.06.20 08:51:20.055,1.04512,1.04513,1.00,1.00
2016.06.20 08:51:20.584,1.04512,1.04513,1.00,1.00
2016.06.20 08:51:20.738,1.04509,1.04512,2.25,1.00
2016.06.20 08:51:21.318,1.04509,1.04513,2.62,1.00
2016.06.20 08:51:22.271,1.04512,1.04514,1.00,1.50
2016.06.20 08:51:22.851,1.04512,1.04513,1.00,1.00
2016.06.20 08:51:23.056,1.04507,1.04512,3.00,1.00
2016.06.20 08:51:23.216,1.04508,1.04509,1.00,1.00
2016.06.20 08:51:23.727,1.04507,1.0451,1.00,1.00
2016.06.20 08:51:24.038,1.04506,1.04509,1.00,1.25
2016.06.20 08:51:24.090,1.04501,1.04505,1.50,1.50
2016.06.20 08:51:24.142,1.04501,1.04503,1.00,1.00
2016.06.20 08:51:24.193,1.04499,1.04502,1.00,1.00
2016.06.20 08:51:24.296,1.045,1.04504,1.50,1.87
2016.06.20 08:51:24.348,1.04502,1.04504,1.00,1.00
2016.06.20 08:51:24.451,1.045,1.04504,1.50,1.00
2016.06.20 08:51:24.554,1.04503,1.04506,1.00,1.00
2016.06.20 08:51:24.993,1.04501,1.04505,2.32,1.00
2016.06.20 08:51:25.095,1.04503,1.04505,1.00,1.00
2016.06.20 08:51:25.790,1.04503,1.04506,1.00,1.00
2016.06.20 08:51:26.181,1.045,1.04502,1.35,1.00
2016.06.20 08:51:26.283,1.045,1.04501,1.00,1.00
2016.06.20 08:51:26.335,1.04498,1.04502,1.57,3.56
2016.06.20 08:51:26.845,1.04499,1.04502,1.00,1.99
2016.06.20 08:51:27.798,1.045,1.04502,1.00,1.69
2016.06.20 08:51:28.053,1.04498,1.04501,1.00,1.87
2016.06.20 08:51:28.758,1.04498,1.04502,1.00,2.81
2016.06.20 08:51:28.810,1.04501,1.04503,1.00,3.04
2016.06.20 08:51:28.861,1.04502,1.04505,1.00,1.12
2016.06.20 08:51:28.913,1.04503,1.04505,1.00,1.12
2016.06.20 08:51:29.163,1.04507,1.04511,1.00,1.00
2016.06.20 08:51:29.677,1.04509,1.04513,1.00,3.75
2016.06.20 08:51:29.879,1.04509,1.04513,1.00,3.07
2016.06.20 08:51:29.931,1.04507,1.04511,1.87,1.00
2016.06.20 08:51:30.239,1.04511,1.04514,1.00,1.20
2016.06.20 08:51:30.345,1.0451,1.04514,1.50,1.50
2016.06.20 08:51:31.976,1.04511,1.04515,1.00,2.55
2016.06.20 08:51:32.312,1.04512,1.04515,1.00,1.80
2016.06.20 08:51:32.414,1.04513,1.04517,1.50,3.00
2016.06.20 08:51:32.924,1.04513,1.04516,1.50,1.35
2016.06.20 08:51:33.128,1.04513,1.04514,1.00,1.00
2016.06.20 08:51:34.149,1.04513,1.04515,1.00,2.10
2016.06.20 08:51:34.398,1.04509,1.04513,1.69,1.00
2016.06.20 08:51:34.908,1.0451,1.04514,1.00,1.00
2016.06.20 08:51:35.671,1.04511,1.04514,1.00,1.12
2016.06.20 08:51:36.199,1.04511,1.04515,1.10,1.33
2016.06.20 08:51:36.405,1.04514,1.04516,1.00,1.00
2016.06.20 08:51:36.559,1.04514,1.04518,1.00,1.50
2016.06.20 08:51:36.735,1.04515,1.0452,1.25,1.50
2016.06.20 08:51:36.989,1.04514,1.04518,2.25,1.00
2016.06.20 08:51:38.569,1.04515,1.04518,1.00,1.00
2016.06.20 08:51:39.078,1.04515,1.04517,1.00,1.00
2016.06.20 08:51:39.130,1.04513,1.04517,1.25,1.12
2016.06.20 08:51:39.628,1.04517,1.04518,1.00,1.00
2016.06.20 08:51:39.730,1.04517,1.04521,1.00,1.12
2016.06.20 08:51:40.284,1.04516,1.0452,1.25,1.12
2016.06.20 08:51:40.794,1.04517,1.04521,1.00,1.00
2016.06.20 08:51:41.479,1.04517,1.0452,1.00,1.00
2016.06.20 08:51:41.981,1.04516,1.0452,1.50,2.10
2016.06.20 08:51:43.402,1.04515,1.0452,1.50,2.10
2016.06.20 08:51:45.122,1.04515,1.04519,1.50,1.00
2016.06.20 08:51:45.513,1.04513,1.04517,2.06,1.00
2016.06.20 08:51:46.022,1.04513,1.04518,1.69,3.37
2016.06.20 08:51:46.342,1.04518,1.04522,1.00,5.62
2016.06.20 08:51:46.395,1.04519,1.04522,1.00,3.00
2016.06.20 08:51:46.649,1.04519,1.04524,1.00,1.72
2016.06.20 08:51:46.701,1.04518,1.04522,1.31,1.00
2016.06.20 08:51:47.009,1.04516,1.0452,1.00,1.00
2016.06.20 08:51:47.317,1.04513,1.04517,1.25,1.12
2016.06.20 08:51:47.826,1.04514,1.04518,1.00,1.00
2016.06.20 08:51:48.769,1.04515,1.0452,1.25,1.80
2016.06.20 08:51:49.081,1.04517,1.04521,1.00,1.67
2016.06.20 08:51:49.590,1.04518,1.04522,1.00,1.75
2016.06.20 08:51:50.123,1.04519,1.04523,1.00,3.45
2016.06.20 08:51:50.225,1.0452,1.04524,1.00,1.00
2016.06.20 08:51:50.378,1.04522,1.04525,1.00,1.57
2016.06.20 08:51:50.893,1.0452,1.04525,1.69,2.62
2016.06.20 08:51:50.995,1.0452,1.04523,1.25,1.00
2016.06.20 08:51:51.510,1.0452,1.04524,1.00,1.35
2016.06.20 08:51:52.522,1.04521,1.04524,1.00,1.00
2016.06.20 08:51:53.055,1.04521,1.04525,1.25,1.00
2016.06.20 08:51:53.768,1.04521,1.04526,1.25,1.87
2016.06.20 08:51:54.117,1.04523,1.04527,1.00,2.25
2016.06.20 08:51:54.576,1.04522,1.04525,1.25,1.00
2016.06.20 08:51:55.023,1.04523,1.04527,1.00,4.95
2016.06.20 08:51:55.554,1.04524,1.04527,1.00,1.10
2016.06.20 08:51:55.738,1.04524,1.04529,1.69,2.55
2016.06.20 08:51:56.249,1.04525,1.0453,1.00,1.87
2016.06.20 08:51:56.753,1.04526,1.0453,1.00,2.47
2016.06.20 08:51:57.476,1.04527,1.04531,1.00,2.62
2016.06.20 08:51:57.527,1.04528,1.04531,1.00,1.47
2016.06.20 08:51:57.629,1.04529,1.04532,1.00,3.45
2016.06.20 08:51:57.783,1.04531,1.04532,1.00,1.50
2016.06.20 08:51:57.885,1.04529,1.04532,1.50,1.50
2016.06.20 08:51:59.671,1.04529,1.04531,1.00,1.30
2016.06.20 08:51:59.773,1.04526,1.0453,1.50,1.80
2016.06.20 08:52:00.120,1.04527,1.0453,1.00,2.92
2016.06.20 08:52:00.172,1.04529,1.04531,1.00,1.95
2016.06.20 08:52:00.681,1.04529,1.04532,1.00,2.62
2016.06.20 08:52:00.887,1.04528,1.04532,1.50,3.37
2016.06.20 08:52:01.397,1.04527,1.04531,1.50,1.42
2016.06.20 08:52:03.744,1.04529,1.04532,1.00,1.87
2016.06.20 08:52:04.058,1.04531,1.04532,1.00,1.00
2016.06.20 08:52:04.160,1.04527,1.04532,4.76,1.50
2016.06.20 08:52:04.568,1.04526,1.04531,1.50,2.42
2016.06.20 08:52:05.086,1.04528,1.04531,1.00,1.20
2016.06.20 08:52:05.600,1.04526,1.04531,3.26,1.00
2016.06.20 08:52:06.209,1.04526,1.0453,3.19,1.00
2016.06.20 08:52:06.728,1.04526,1.0453,2.25,1.00
2016.06.20 08:52:07.030,1.04529,1.04532,1.00,3.00
2016.06.20 08:52:07.184,1.04529,1.04533,1.12,1.50
2016.06.20 08:52:07.388,1.04529,1.04531,1.20,1.00
2016.06.20 08:52:07.753,1.04526,1.0453,2.25,1.00
2016.06.20 08:52:08.881,1.04525,1.0453,1.50,1.87
2016.06.20 08:52:09.391,1.04526,1.0453,1.69,1.00
2016.06.20 08:52:09.443,1.04529,1.04531,1.00,1.10
2016.06.20 08:52:09.800,1.04527,1.04531,1.25,1.00
2016.06.20 08:52:09.905,1.04529,1.04532,1.00,1.10
2016.06.20 08:52:10.409,1.04526,1.04531,2.51,1.50
2016.06.20 08:52:10.613,1.04528,1.04532,1.00,1.87
2016.06.20 08:52:10.972,1.04528,1.0453,1.00,1.00
2016.06.20 08:52:11.161,1.04528,1.04532,1.00,1.80
2016.06.20 08:52:11.671,1.04529,1.04531,2.44,1.00
2016.06.20 08:52:11.773,1.04529,1.04533,1.00,1.50
2016.06.20 08:52:11.825,1.04528,1.04531,1.50,1.00
2016.06.20 08:52:12.079,1.04529,1.04533,1.50,1.50
2016.06.20 08:52:12.182,1.04529,1.0453,1.00,1.00
2016.06.20 08:52:12.386,1.04525,1.04529,3.56,1.00
2016.06.20 08:52:12.590,1.04525,1.04529,1.25,1.00
2016.06.20 08:52:13.137,1.04525,1.04528,1.25,1.00
2016.06.20 08:52:13.557,1.04524,1.04527,2.51,1.00
2016.06.20 08:52:13.609,1.04525,1.04528,1.50,1.00
2016.06.20 08:52:13.661,1.04524,1.04526,1.00,1.00
2016.06.20 08:52:13.712,1.04522,1.04525,2.69,1.00
2016.06.20 08:52:13.815,1.0452,1.04524,2.31,1.00
2016.06.20 08:52:13.918,1.04519,1.04523,3.64,1.00
2016.06.20 08:52:14.430,1.04519,1.04524,3.56,1.00
2016.06.20 08:52:15.142,1.0452,1.04525,2.06,1.50
2016.06.20 08:52:15.298,1.04522,1.04525,1.00,1.00
2016.06.20 08:52:15.807,1.04522,1.04526,1.50,1.00
2016.06.20 08:52:18.610,1.04523,1.04527,1.50,1.50
2016.06.20 08:52:19.118,1.04524,1.04528,1.00,1.00
2016.06.20 08:52:19.453,1.04525,1.04529,3.56,1.00
2016.06.20 08:52:19.976,1.04525,1.04529,2.62,1.00
2016.06.20 08:52:20.798,1.04525,1.04528,1.50,1.00
2016.06.20 08:52:21.309,1.04524,1.04528,1.50,1.00
2016.06.20 08:52:21.819,1.04524,1.04527,1.00,1.00
2016.06.20 08:52:22.324,1.04525,1.04529,1.50,1.10
2016.06.20 08:52:22.831,1.04526,1.0453,1.00,1.00
2016.06.20 08:52:23.573,1.04525,1.04529,2.25,1.00
2016.06.20 08:52:26.021,1.04526,1.0453,1.00,1.35
2016.06.20 08:52:30.532,1.04525,1.04529,2.25,1.00
2016.06.20 08:52:31.040,1.04525,1.0453,1.50,1.35
2016.06.20 08:52:31.563,1.04525,1.04529,1.50,1.00
2016.06.20 08:52:32.072,1.04525,1.0453,2.25,1.35
2016.06.20 08:52:32.587,1.04525,1.04529,1.50,1.00
2016.06.20 08:52:34.765,1.04525,1.04528,1.00,1.00
2016.06.20 08:52:34.867,1.04523,1.04527,2.70,1.00
2016.06.20 08:52:37.950,1.04524,1.04528,1.00,2.62
2016.06.20 08:52:38.809,1.04523,1.04528,1.50,1.87
2016.06.20 08:52:39.114,1.04523,1.04526,1.00,1.00
2016.06.20 08:52:39.369,1.04521,1.04525,1.00,1.00
2016.06.20 08:52:39.964,1.04521,1.04526,1.50,2.25
2016.06.20 08:52:40.470,1.04522,1.04527,1.00,1.87
2016.06.20 08:52:42.490,1.04523,1.04527,1.00,2.10
2016.06.20 08:52:46.391,1.04525,1.04527,1.00,1.12
2016.06.20 08:52:46.544,1.04526,1.0453,1.00,1.50
2016.06.20 08:52:52.027,1.04528,1.04531,1.00,1.12
2016.06.20 08:52:52.535,1.04529,1.04532,1.00,1.50
2016.06.20 08:52:54.620,1.04528,1.04532,1.50,1.50
2016.06.20 08:52:55.324,1.04528,1.04531,1.00,1.00
2016.06.20 08:52:55.578,1.04526,1.0453,1.57,1.00
2016.06.20 08:52:56.623,1.04525,1.04529,1.87,1.00
2016.06.20 08:53:00.601,1.04526,1.0453,1.00,1.00
2016.06.20 08:53:00.653,1.04528,1.04531,1.00,1.50
2016.06.20 08:53:01.166,1.04527,1.04531,2.62,1.00
2016.06.20 08:53:01.847,1.04528,1.04531,1.00,1.00
2016.06.20 08:53:03.535,1.04528,1.04532,1.50,2.25
2016.06.20 08:53:03.943,1.04529,1.04534,2.32,2.25
2016.06.20 08:53:04.451,1.0453,1.04534,1.00,2.25
2016.06.20 08:53:04.655,1.04529,1.04532,1.10,1.00
2016.06.20 08:53:05.168,1.04529,1.04533,1.00,1.00
2016.06.20 08:53:07.347,1.04528,1.04533,4.50,1.00
2016.06.20 08:53:07.896,1.04528,1.04532,1.87,1.00
2016.06.20 08:53:08.634,1.04529,1.04533,1.00,2.62
2016.06.20 08:53:09.149,1.04528,1.04532,1.00,1.00
2016.06.20 08:53:09.669,1.04528,1.04533,1.00,4.12
2016.06.20 08:53:10.179,1.04528,1.04532,2.25,1.00
2016.06.20 08:53:11.818,1.04528,1.04533,3.00,1.87
2016.06.20 08:53:12.368,1.04529,1.04533,1.12,1.50
2016.06.20 08:53:13.579,1.04528,1.04533,4.50,1.00
2016.06.20 08:53:14.294,1.04528,1.04533,2.62,1.00
2016.06.20 08:53:16.352,1.04528,1.04532,2.25,1.00
2016.06.20 08:53:16.870,1.04528,1.04531,1.00,1.00
2016.06.20 08:53:22.544,1.04528,1.04529,1.00,1.00
2016.06.20 08:53:22.748,1.04523,1.04525,1.57,1.00
2016.06.20 08:53:23.004,1.0452,1.04524,1.25,1.00
2016.06.20 08:53:23.157,1.04522,1.04525,1.00,2.25
2016.06.20 08:53:23.678,1.04523,1.04526,1.12,1.00
2016.06.20 08:53:26.376,1.04523,1.04527,1.12,1.50
2016.06.20 08:53:39.060,1.04524,1.04528,1.00,1.00
2016.06.20 08:53:42.862,1.04523,1.04527,1.87,1.00
2016.06.20 08:53:43.167,1.04527,1.04529,1.00,1.00
2016.06.20 08:53:43.269,1.04527,1.04531,1.00,1.50
2016.06.20 08:53:43.540,1.04526,1.04529,1.12,1.00
2016.06.20 08:53:43.643,1.04525,1.04529,3.00,1.00
2016.06.20 08:53:50.472,1.04525,1.0453,2.81,3.00
2016.06.20 08:53:52.762,1.04525,1.04529,2.06,1.00
2016.06.20 08:53:53.273,1.04525,1.0453,2.81,3.75
2016.06.20 08:53:58.400,1.04525,1.04529,1.87,1.00
2016.06.20 08:54:03.788,1.04526,1.0453,1.50,2.25
2016.06.20 08:54:04.096,1.04525,1.04528,1.87,1.00
2016.06.20 08:54:04.402,1.04522,1.04526,2.25,1.50
2016.06.20 08:54:04.945,1.04522,1.04526,1.50,1.50
2016.06.20 08:54:05.814,1.04522,1.04525,1.00,1.00
2016.06.20 08:54:06.376,1.04521,1.04525,2.14,1.50
2016.06.20 08:54:07.400,1.04522,1.04525,1.00,1.00
2016.06.20 08:54:07.554,1.04522,1.04527,1.00,3.00
2016.06.20 08:54:08.094,1.04523,1.04527,1.00,3.00
2016.06.20 08:54:09.128,1.04525,1.04527,1.00,1.50
2016.06.20 08:54:09.282,1.04525,1.04529,1.12,1.00
2016.06.20 08:54:09.787,1.04524,1.04529,1.50,2.25
2016.06.20 08:54:13.317,1.04525,1.04529,1.00,1.50
2016.06.20 08:54:13.368,1.04527,1.04529,1.00,1.50
2016.06.20 08:54:13.573,1.04528,1.04531,1.69,1.50
2016.06.20 08:54:14.413,1.04528,1.04532,1.50,3.94
2016.06.20 08:54:14.465,1.04532,1.04533,1.00,3.94
2016.06.20 08:54:14.648,1.04529,1.04532,2.25,3.00
2016.06.20 08:54:15.056,1.04528,1.04531,1.50,1.00
2016.06.20 08:54:15.564,1.04528,1.04532,1.50,3.00
2016.06.20 08:54:17.454,1.04528,1.04531,1.50,1.00
2016.06.20 08:54:18.537,1.04528,1.04532,1.50,3.75
2016.06.20 08:54:19.044,1.04529,1.04532,1.00,3.75
2016.06.20 08:54:20.131,1.04528,1.04532,1.50,4.50
2016.06.20 08:54:22.790,1.04529,1.04532,1.00,3.75
2016.06.20 08:54:23.298,1.04528,1.04531,2.62,1.00
2016.06.20 08:54:23.468,1.0453,1.04531,1.00,1.00
2016.06.20 08:54:23.520,1.04528,1.04531,3.56,1.00
2016.06.20 08:54:24.083,1.04526,1.04531,1.65,3.00
2016.06.20 08:54:29.541,1.04526,1.0453,1.20,1.00
2016.06.20 08:54:31.168,1.04527,1.04531,1.00,1.50
2016.06.20 08:54:31.220,1.04528,1.04531,1.00,1.50
2016.06.20 08:54:31.729,1.04528,1.04532,1.50,3.00
2016.06.20 08:54:33.248,1.0453,1.04532,1.00,1.50
2016.06.20 08:54:33.608,1.04529,1.04533,1.00,3.94
2016.06.20 08:54:34.134,1.04528,1.04532,1.50,1.50
2016.06.20 08:54:34.658,1.04529,1.04533,1.00,4.12
2016.06.20 08:54:35.167,1.04528,1.04532,1.50,1.00
2016.06.20 08:54:35.678,1.04529,1.04532,1.00,1.00
2016.06.20 08:54:36.186,1.04528,1.04531,2.25,1.00
2016.06.20 08:54:36.454,1.04527,1.04528,1.57,1.00
2016.06.20 08:54:36.556,1.04526,1.04528,1.00,2.62
2016.06.20 08:54:36.608,1.04524,1.04528,1.25,2.62
2016.06.20 08:54:36.761,1.04523,1.04526,2.06,1.00
2016.06.20 08:54:37.373,1.04523,1.04527,2.44,2.25
2016.06.20 08:54:37.576,1.04525,1.04529,1.87,2.89
2016.06.20 08:54:38.084,1.04524,1.04528,1.69,1.00
2016.06.20 08:54:38.262,1.04528,1.0453,1.00,3.56
2016.06.20 08:54:38.366,1.04529,1.04531,1.00,1.57
2016.06.20 08:54:38.521,1.0453,1.04533,1.00,1.00
2016.06.20 08:54:39.041,1.04529,1.04533,1.87,1.00
2016.06.20 08:54:39.557,1.04529,1.04532,1.00,1.00
2016.06.20 08:54:40.184,1.04529,1.04533,1.50,3.19
2016.06.20 08:54:40.594,1.04528,1.04531,1.57,1.00
2016.06.20 08:54:41.119,1.04527,1.04531,1.69,1.50
2016.06.20 08:54:42.236,1.04529,1.04532,1.00,3.00
2016.06.20 08:54:42.390,1.0453,1.04534,1.00,1.87
2016.06.20 08:54:49.362,1.04531,1.04534,1.50,1.00
2016.06.20 08:54:49.667,1.04532,1.04536,1.50,3.26
2016.06.20 08:54:49.871,1.04532,1.04534,1.00,1.00
2016.06.20 08:54:49.973,1.0453,1.04534,2.89,2.25
2016.06.20 08:54:50.482,1.0453,1.04533,2.89,1.00
2016.06.20 08:54:50.985,1.0453,1.04534,2.89,1.50
2016.06.20 08:54:51.494,1.04531,1.04535,2.25,1.50
2016.06.20 08:54:52.977,1.04531,1.04535,2.70,1.50
2016.06.20 08:54:53.485,1.04531,1.04534,1.10,1.50
2016.06.20 08:54:53.639,1.04529,1.04533,1.57,1.50
2016.06.20 08:54:54.147,1.04529,1.04532,1.00,1.00
2016.06.20 08:54:54.641,1.04527,1.04531,2.06,1.50
2016.06.20 08:54:55.049,1.04529,1.04531,1.00,1.00
2016.06.20 08:54:55.746,1.04529,1.04532,1.50,1.27
2016.06.20 08:54:56.647,1.0453,1.04533,1.00,4.30
2016.06.20 08:54:56.956,1.04533,1.04535,1.50,2.53
2016.06.20 08:54:57.776,1.04532,1.04533,1.00,1.00
2016.06.20 08:54:57.828,1.04531,1.04532,1.50,1.00
2016.06.20 08:54:58.747,1.0453,1.04531,1.00,2.62
2016.06.20 08:54:58.866,1.04527,1.0453,1.50,1.00
2016.06.20 08:54:58.919,1.04527,1.04528,1.00,1.50
2016.06.20 08:55:00.338,1.04527,1.04529,1.50,1.50
2016.06.20 08:55:01.813,1.04527,1.0453,1.50,2.47
2016.06.20 08:55:02.627,1.04527,1.04529,1.50,1.00
2016.06.20 08:55:05.471,1.04525,1.04527,1.50,1.50
2016.06.20 08:55:05.998,1.04524,1.04526,1.00,1.50
2016.06.20 08:55:06.467,1.04522,1.04526,1.00,3.94
2016.06.20 08:55:06.874,1.04522,1.04524,1.00,1.50
2016.06.20 08:55:09.919,1.04521,1.04524,2.25,1.00
2016.06.20 08:55:12.853,1.0452,1.04524,2.81,1.50
2016.06.20 08:55:13.376,1.0452,1.04523,2.06,1.00
2016.06.20 08:55:13.894,1.0452,1.04524,2.81,1.00
2016.06.20 08:55:14.403,1.04523,1.04525,1.00,2.25
2016.06.20 08:55:14.505,1.04523,1.04527,1.00,3.75
2016.06.20 08:55:15.016,1.04522,1.04526,1.50,1.00
2016.06.20 08:55:15.524,1.04524,1.04527,1.00,4.12
2016.06.20 08:55:15.812,1.04526,1.0453,1.00,2.25
2016.06.20 08:55:15.965,1.04528,1.04532,1.00,4.12
2016.06.20 08:55:16.169,1.04529,1.04533,1.12,1.00
2016.06.20 08:55:18.693,1.04529,1.04532,1.12,1.00
2016.06.20 08:55:19.100,1.04527,1.04531,1.12,1.00
2016.06.20 08:55:19.610,1.04526,1.0453,1.50,1.00
2016.06.20 08:55:20.157,1.04525,1.04528,1.00,1.00
2016.06.20 08:55:20.463,1.04522,1.04525,1.50,1.00
2016.06.20 08:55:20.985,1.04521,1.04525,2.32,1.25
2016.06.20 08:55:24.727,1.04523,1.04526,1.00,1.69
2016.06.20 08:55:24.931,1.04523,1.04527,1.12,1.00
2016.06.20 08:55:25.552,1.04524,1.04528,1.00,1.50
2016.06.20 08:55:27.489,1.04523,1.04527,1.87,1.00
2016.06.20 08:55:27.997,1.04522,1.04526,1.50,2.44
2016.06.20 08:55:31.819,1.04522,1.04524,1.00,1.00
2016.06.20 08:55:32.023,1.04519,1.04522,1.50,1.69
2016.06.20 08:55:32.561,1.04518,1.04522,1.10,4.69
2016.06.20 08:55:34.073,1.04519,1.04522,1.00,2.25
2016.06.20 08:55:34.226,1.04521,1.04524,1.00,1.50
2016.06.20 08:55:34.687,1.04523,1.04525,1.00,1.00
2016.06.20 08:55:34.789,1.04524,1.04527,1.00,1.00
2016.06.20 08:55:35.297,1.04524,1.04528,1.12,2.06
2016.06.20 08:55:35.918,1.04522,1.04526,3.07,1.00
2016.06.20 08:55:36.072,1.04522,1.04525,1.87,1.00
2016.06.20 08:55:36.174,1.04523,1.04527,1.12,2.25
2016.06.20 08:55:36.609,1.04524,1.04529,1.12,2.51
2016.06.20 08:55:36.914,1.04528,1.0453,1.00,1.50
2016.06.20 08:55:37.016,1.0453,1.04532,1.00,1.00
2016.06.20 08:55:37.519,1.0453,1.04533,1.37,1.50
2016.06.20 08:55:37.926,1.04529,1.04533,2.62,2.62
2016.06.20 08:55:38.435,1.0453,1.04533,1.00,1.50
2016.06.20 08:55:38.740,1.04529,1.04531,1.00,1.00
2016.06.20 08:55:38.842,1.04527,1.04531,1.00,1.50
2016.06.20 08:55:39.351,1.04527,1.0453,1.00,1.00
2016.06.20 08:55:40.123,1.04525,1.0453,1.20,2.25
2016.06.20 08:55:40.633,1.04525,1.04529,1.12,1.00
2016.06.20 08:55:41.041,1.04527,1.04529,1.00,1.00
2016.06.20 08:55:41.295,1.04529,1.04533,1.37,2.25
2016.06.20 08:55:42.162,1.04529,1.04533,1.87,2.62
2016.06.20 08:55:43.166,1.04529,1.04532,1.50,1.25
2016.06.20 08:55:43.239,1.04527,1.0453,1.12,3.00
2016.06.20 08:55:43.748,1.04525,1.04529,1.00,1.12
2016.06.20 08:55:48.711,1.04524,1.04528,1.87,1.00
2016.06.20 08:55:48.864,1.04524,1.04526,1.00,1.00
2016.06.20 08:55:48.966,1.04522,1.04526,1.12,1.00
2016.06.20 08:55:49.322,1.04524,1.04527,1.00,2.62
2016.06.20 08:55:49.590,1.04525,1.04529,1.00,2.10
2016.06.20 08:55:53.155,1.04526,1.04529,1.00,1.35
2016.06.20 08:55:53.373,1.04527,1.04531,1.00,3.30
2016.06.20 08:55:53.983,1.04528,1.04531,1.00,1.00
2016.06.20 08:55:54.494,1.04527,1.04532,1.50,2.32
2016.06.20 08:55:55.003,1.04527,1.04532,1.50,2.17
2016.06.20 08:55:55.515,1.04526,1.0453,1.00,1.87
2016.06.20 08:55:56.163,1.04527,1.0453,1.00,1.00
2016.06.20 08:55:56.316,1.04528,1.04532,1.00,1.00
2016.06.20 08:55:56.938,1.04526,1.0453,1.87,1.50
2016.06.20 08:55:57.244,1.04524,1.04528,1.50,1.87
2016.06.20 08:55:57.754,1.04525,1.04529,1.00,2.06
2016.06.20 08:55:58.855,1.04525,1.0453,1.00,3.07
2016.06.20 08:55:59.381,1.04525,1.04529,1.50,1.00
2016.06.20 08:56:01.205,1.04526,1.0453,1.00,1.00
2016.06.20 08:56:01.972,1.04527,1.04531,1.00,1.87
2016.06.20 08:56:02.125,1.04528,1.04533,1.12,3.07
2016.06.20 08:56:02.643,1.04527,1.04532,1.00,1.50
2016.06.20 08:56:03.460,1.04528,1.04532,1.50,1.00
2016.06.20 08:56:03.966,1.04529,1.04533,2.25,2.62
2016.06.20 08:56:05.643,1.04529,1.04532,1.00,1.00
2016.06.20 08:56:06.201,1.04528,1.04532,1.00,1.12
2016.06.20 08:56:07.612,1.04527,1.0453,1.12,1.00
2016.06.20 08:56:07.922,1.04523,1.04526,2.25,1.50
2016.06.20 08:56:08.229,1.04519,1.04522,1.50,1.00
2016.06.20 08:56:08.331,1.04517,1.04519,1.00,1.00
2016.06.20 08:56:08.570,1.04515,1.04519,1.12,1.00
2016.06.20 08:56:09.094,1.04516,1.0452,1.00,1.87
2016.06.20 08:56:09.196,1.04517,1.04521,1.00,3.00
2016.06.20 08:56:09.746,1.04518,1.04521,1.50,1.00
2016.06.20 08:56:10.053,1.04518,1.04523,1.50,1.87
2016.06.20 08:56:10.593,1.04519,1.04523,1.00,1.50
2016.06.20 08:56:11.243,1.04518,1.04523,1.50,1.50
2016.06.20 08:56:17.099,1.04519,1.04523,1.00,1.00
2016.06.20 08:56:17.652,1.0452,1.04523,1.00,1.00
2016.06.20 08:56:19.958,1.0452,1.04524,1.12,2.62
2016.06.20 08:56:20.010,1.04523,1.04524,1.00,1.12
2016.06.20 08:56:20.061,1.04524,1.04526,1.00,1.50
2016.06.20 08:56:20.164,1.04523,1.04528,3.75,1.00
2016.06.20 08:56:20.680,1.04525,1.04529,1.12,1.30
2016.06.20 08:56:22.279,1.04526,1.0453,1.12,1.87
2016.06.20 08:56:22.432,1.04527,1.04531,2.06,3.37
2016.06.20 08:56:23.627,1.04527,1.0453,1.56,1.00
2016.06.20 08:56:23.729,1.04526,1.04529,1.12,1.87
2016.06.20 08:56:23.831,1.04524,1.04527,1.50,1.00
2016.06.20 08:56:24.348,1.04523,1.04527,1.50,1.35
2016.06.20 08:56:26.302,1.04523,1.04526,1.00,1.00
2016.06.20 08:56:28.628,1.04523,1.04527,1.50,1.35
2016.06.20 08:56:29.478,1.04523,1.04526,1.50,1.00
2016.06.20 08:56:30.002,1.04523,1.04527,1.50,1.87
2016.06.20 08:56:34.596,1.04523,1.04526,1.00,1.00
2016.06.20 08:56:35.114,1.04522,1.04525,1.19,1.12
2016.06.20 08:56:35.318,1.04519,1.04522,1.00,1.87
2016.06.20 08:56:35.822,1.04518,1.04522,2.44,1.12
2016.06.20 08:56:41.559,1.04518,1.04521,1.25,1.00
2016.06.20 08:56:42.587,1.04516,1.04521,2.44,1.00
2016.06.20 08:56:43.903,1.04516,1.0452,2.44,1.00
2016.06.20 08:56:44.963,1.04516,1.04519,1.00,1.50
2016.06.20 08:56:45.067,1.04514,1.04518,2.06,1.87
2016.06.20 08:56:45.221,1.04513,1.04516,1.19,1.00
2016.06.20 08:56:45.324,1.04512,1.04516,1.25,1.00
2016.06.20 08:56:46.036,1.04511,1.04513,1.19,1.00
2016.06.20 08:56:46.190,1.04508,1.04511,3.19,1.00
2016.06.20 08:56:46.488,1.04508,1.04513,3.19,1.12
2016.06.20 08:56:46.539,1.04511,1.04514,1.00,3.82
2016.06.20 08:56:46.692,1.04512,1.04516,1.69,1.00
2016.06.20 08:56:47.203,1.04512,1.04517,2.06,2.62
2016.06.20 08:56:47.504,1.04512,1.04517,3.94,2.62
2016.06.20 08:56:48.013,1.04512,1.04517,4.31,1.00
2016.06.20 08:56:48.729,1.04514,1.04518,1.00,1.50
2016.06.20 08:56:49.259,1.04513,1.04517,1.69,1.50
2016.06.20 08:56:49.768,1.04514,1.04518,1.00,1.00
2016.06.20 08:56:51.875,1.04515,1.04519,1.50,1.57
2016.06.20 08:56:52.182,1.04518,1.04523,1.50,1.50
2016.06.20 08:56:52.683,1.04519,1.04523,1.00,1.87
2016.06.20 08:56:54.981,1.04519,1.04524,1.50,1.00
2016.06.20 08:56:56.464,1.0452,1.04524,1.00,1.00
2016.06.20 08:56:57.067,1.0452,1.04525,1.00,2.92
2016.06.20 08:56:57.119,1.04522,1.04525,1.00,1.12
2016.06.20 08:56:57.426,1.0452,1.04523,2.06,1.00
2016.06.20 08:56:58.340,1.0452,1.04524,1.50,1.00
2016.06.20 08:56:58.783,1.04521,1.04526,1.50,2.70
2016.06.20 08:56:58.834,1.04523,1.04526,1.00,1.20
2016.06.20 08:56:59.346,1.04523,1.04527,1.00,1.00
2016.06.20 08:57:00.837,1.04525,1.04528,1.00,2.92
2016.06.20 08:57:03.223,1.04525,1.04527,1.00,1.00
2016.06.20 08:57:03.399,1.04523,1.04526,1.50,1.12
2016.06.20 08:57:03.553,1.04521,1.04524,1.50,1.69
2016.06.20 08:57:03.655,1.04519,1.04522,1.50,1.69
2016.06.20 08:57:04.169,1.0452,1.04524,1.00,2.77
2016.06.20 08:57:04.679,1.04521,1.04524,1.00,1.20
2016.06.20 08:57:05.188,1.0452,1.04524,1.00,2.70
2016.06.20 08:57:05.578,1.04519,1.04523,1.50,3.22
2016.06.20 08:57:06.111,1.04519,1.04523,1.50,4.12
2016.06.20 08:57:09.330,1.0452,1.04523,1.00,1.95
2016.06.20 08:57:09.585,1.04521,1.04526,1.50,3.00
2016.06.20 08:57:10.093,1.04522,1.04525,1.50,1.20
2016.06.20 08:57:10.301,1.0452,1.04523,1.50,1.12
2016.06.20 08:57:10.606,1.04522,1.04525,1.00,1.95
2016.06.20 08:57:11.786,1.04522,1.04526,1.50,2.85
2016.06.20 08:57:12.734,1.04522,1.04525,1.50,1.00
2016.06.20 08:57:14.441,1.04522,1.04526,1.50,3.37
2016.06.20 08:57:14.749,1.04522,1.04525,1.50,1.95
2016.06.20 08:57:15.266,1.04522,1.04526,1.50,4.42
2016.06.20 08:57:27.190,1.04523,1.04526,1.00,1.30
2016.06.20 08:57:27.292,1.04524,1.04528,1.00,1.82
2016.06.20 08:57:31.302,1.04523,1.04526,1.00,1.00
2016.06.20 08:57:31.354,1.04522,1.04525,1.00,2.62
2016.06.20 08:57:31.507,1.0452,1.04525,1.00,3.37
2016.06.20 08:57:32.017,1.0452,1.04524,1.00,1.50
2016.06.20 08:57:32.423,1.04522,1.04525,1.00,4.50
2016.06.20 08:57:32.576,1.04525,1.04528,1.50,1.29
2016.06.20 08:57:32.678,1.04525,1.04529,2.25,1.57
2016.06.20 08:57:34.128,1.04526,1.04529,1.00,1.12
2016.06.20 08:57:35.153,1.04527,1.04529,1.00,1.00
2016.06.20 08:57:35.356,1.04527,1.04531,1.50,1.01
2016.06.20 08:57:36.179,1.04528,1.04531,1.00,1.01
2016.06.20 08:57:39.471,1.04527,1.04531,1.00,2.89
2016.06.20 08:57:39.877,1.04527,1.04529,1.00,1.00
2016.06.20 08:57:40.028,1.04525,1.04529,1.50,1.50
2016.06.20 08:57:40.639,1.04526,1.04529,1.00,1.35
2016.06.20 08:57:42.535,1.04527,1.04529,1.00,1.00
2016.06.20 08:57:46.138,1.04526,1.04529,1.50,1.00
2016.06.20 08:57:47.570,1.04526,1.04529,1.00,1.50
2016.06.20 08:57:47.673,1.04525,1.04526,1.00,1.50
2016.06.20 08:57:47.869,1.04522,1.04524,1.00,1.00
2016.06.20 08:57:47.971,1.04519,1.04522,2.44,1.00
2016.06.20 08:57:48.277,1.0452,1.04525,1.00,2.55
2016.06.20 08:57:48.786,1.0452,1.04525,1.00,2.25
2016.06.20 08:57:49.296,1.04521,1.04525,1.00,1.50
2016.06.20 08:57:49.808,1.04522,1.04525,1.00,1.00
2016.06.20 08:57:50.332,1.04523,1.04525,1.00,1.00
2016.06.20 08:57:50.463,1.04525,1.04528,1.00,1.87
2016.06.20 08:57:50.568,1.04525,1.04529,1.00,1.95
2016.06.20 08:57:50.619,1.04525,1.04527,1.00,1.50
2016.06.20 08:57:51.130,1.04524,1.04527,1.00,1.30
2016.06.20 08:57:51.697,1.04524,1.04528,1.00,2.55
2016.06.20 08:57:53.618,1.04523,1.04525,3.19,1.00
2016.06.20 08:57:53.926,1.04521,1.04525,2.44,1.95
2016.06.20 08:57:55.483,1.04522,1.04525,1.00,2.25
2016.06.20 08:57:55.585,1.04522,1.04526,1.00,7.57
2016.06.20 08:57:56.116,1.04522,1.04526,1.00,7.65
2016.06.20 08:57:56.218,1.04522,1.04524,1.00,1.12
2016.06.20 08:57:56.524,1.04523,1.04526,1.00,5.02
2016.06.20 08:57:57.116,1.04523,1.04526,1.00,5.32
2016.06.20 08:57:57.624,1.04522,1.04524,1.00,1.12
2016.06.20 08:58:00.669,1.04523,1.04524,1.00,1.12
2016.06.20 08:58:05.200,1.04522,1.04524,2.25,1.50
2016.06.20 08:58:08.204,1.04522,1.04524,1.00,1.50
2016.06.20 08:58:08.829,1.04523,1.04524,1.50,1.50
2016.06.20 08:58:08.984,1.04527,1.04529,1.00,1.00
2016.06.20 08:58:09.173,1.0453,1.04532,1.00,1.72
2016.06.20 08:58:09.429,1.04528,1.04531,1.00,1.47
2016.06.20 08:58:10.046,1.04527,1.04531,1.00,3.00
2016.06.20 08:58:12.723,1.04527,1.0453,1.00,3.00
2016.06.20 08:58:13.236,1.04528,1.04529,1.50,1.00
2016.06.20 08:58:13.288,1.04528,1.04531,1.50,2.62
2016.06.20 08:58:13.644,1.04528,1.04529,1.00,1.30
2016.06.20 08:58:13.748,1.04526,1.0453,1.50,2.25
2016.06.20 08:58:14.288,1.04528,1.04531,1.00,3.30
2016.06.20 08:58:14.797,1.04529,1.04531,1.50,1.00
2016.06.20 08:58:15.967,1.04527,1.04529,1.00,1.00
2016.06.20 08:58:16.496,1.04527,1.0453,1.00,1.20
2016.06.20 08:58:17.874,1.04528,1.0453,1.00,1.20
2016.06.20 08:58:20.408,1.04527,1.0453,1.69,1.00
2016.06.20 08:58:21.865,1.04528,1.0453,1.00,1.00
2016.06.20 08:58:22.374,1.04527,1.0453,1.25,1.00
2016.06.20 08:58:22.782,1.04526,1.0453,1.19,4.12
2016.06.20 08:58:23.138,1.04525,1.04528,1.00,1.12
2016.06.20 08:58:23.760,1.04525,1.04529,1.00,1.10
2016.06.20 08:58:26.384,1.04524,1.04529,2.44,1.50
2016.06.20 08:58:26.647,1.04524,1.04526,1.69,1.00
2016.06.20 08:58:26.952,1.04517,1.04519,1.00,1.37
2016.06.20 08:58:27.275,1.04516,1.0452,2.44,1.50
2016.06.20 08:58:27.784,1.04517,1.04521,1.00,1.95
2016.06.20 08:58:29.912,1.04517,1.0452,1.00,1.50
2016.06.20 08:58:30.014,1.04515,1.04518,2.44,1.00
2016.06.20 08:58:30.115,1.04514,1.04518,3.19,1.50
2016.06.20 08:58:30.485,1.04515,1.04519,1.00,3.00
2016.06.20 08:58:30.993,1.04515,1.0452,1.19,1.72
2016.06.20 08:58:33.324,1.04518,1.04521,1.00,1.35
2016.06.20 08:58:33.427,1.0452,1.04522,1.00,2.70
2016.06.20 08:58:33.585,1.04522,1.04525,1.00,1.20
2016.06.20 08:58:34.095,1.04523,1.04526,1.25,2.70
2016.06.20 08:58:34.446,1.04525,1.04528,1.00,1.12
2016.06.20 08:58:34.499,1.04525,1.04529,1.69,1.50
2016.06.20 08:58:35.518,1.04526,1.0453,1.69,2.17
2016.06.20 08:58:36.178,1.04526,1.04529,1.25,1.72
2016.06.20 08:58:37.615,1.04526,1.0453,1.25,2.92
2016.06.20 08:58:38.140,1.04527,1.04529,1.00,2.62
2016.06.20 08:58:39.149,1.04526,1.04529,2.44,1.50
2016.06.20 08:58:40.527,1.04527,1.04529,1.00,1.12
2016.06.20 08:58:40.731,1.04528,1.04531,1.00,1.12
2016.06.20 08:58:44.210,1.04529,1.04532,1.00,1.37
2016.06.20 08:58:44.724,1.04528,1.04531,1.00,3.75
2016.06.20 08:58:45.235,1.04528,1.04531,1.00,2.10
2016.06.20 08:58:48.367,1.04529,1.04532,1.00,1.50
2016.06.20 08:58:48.898,1.04528,1.04532,1.25,2.62
2016.06.20 08:58:49.516,1.04531,1.04532,1.00,1.95
2016.06.20 08:58:49.720,1.04534,1.04538,1.00,1.57
2016.06.20 08:58:49.873,1.04534,1.04536,1.00,1.00
2016.06.20 08:58:49.975,1.04532,1.04536,2.32,1.72
2016.06.20 08:58:50.521,1.04531,1.04536,1.31,1.72
2016.06.20 08:58:51.029,1.04531,1.04536,3.56,1.72
2016.06.20 08:58:51.383,1.04534,1.04536,1.00,1.30
2016.06.20 08:58:51.545,1.04535,1.04539,1.50,3.37
2016.06.20 08:58:54.589,1.04535,1.04539,1.19,1.12
2016.06.20 08:58:55.447,1.04535,1.04539,1.12,1.12
2016.06.20 08:58:55.907,1.04536,1.0454,1.69,1.87
2016.06.20 08:58:56.716,1.04538,1.0454,1.00,1.12
2016.06.20 08:58:57.046,1.0454,1.04542,1.95,2.25
2016.06.20 08:58:57.098,1.04543,1.04544,1.00,1.50
2016.06.20 08:58:57.150,1.04543,1.04544,1.00,1.00
2016.06.20 08:58:57.201,1.04541,1.04542,1.20,1.00
2016.06.20 08:58:57.559,1.04539,1.04542,1.00,1.25
2016.06.20 08:58:58.056,1.04537,1.04541,2.32,1.00
2016.06.20 08:58:59.969,1.04538,1.04542,1.00,4.39
2016.06.20 08:59:01.267,1.04537,1.04541,3.00,1.00
2016.06.20 08:59:01.470,1.04536,1.04539,1.00,1.50
2016.06.20 08:59:01.981,1.04537,1.0454,1.00,1.00
2016.06.20 08:59:03.245,1.04536,1.0454,1.00,1.87
2016.06.20 08:59:04.473,1.04537,1.0454,1.00,1.00
2016.06.20 08:59:06.153,1.04535,1.04538,3.00,1.25
2016.06.20 08:59:06.469,1.04532,1.04535,1.00,2.25
2016.06.20 08:59:06.979,1.04531,1.04535,1.50,4.72
2016.06.20 08:59:08.094,1.04532,1.04535,1.00,1.87
2016.06.20 08:59:08.630,1.04532,1.04536,1.00,1.31
2016.06.20 08:59:09.191,1.04532,1.04535,1.00,1.12
2016.06.20 08:59:09.735,1.04532,1.04536,1.00,2.14
2016.06.20 08:59:10.244,1.04533,1.04537,1.00,3.19
2016.06.20 08:59:10.753,1.04534,1.04537,1.00,3.00
2016.06.20 08:59:11.296,1.04533,1.04537,1.00,3.75
2016.06.20 08:59:14.942,1.04532,1.04536,2.51,1.00
2016.06.20 08:59:19.280,1.04532,1.04535,1.50,1.00
2016.06.20 08:59:19.799,1.04531,1.04534,1.00,1.50
2016.06.20 08:59:20.432,1.04531,1.04534,1.00,1.37
2016.06.20 08:59:20.941,1.04531,1.04534,1.00,2.25
2016.06.20 08:59:21.345,1.04529,1.04533,1.50,1.50
2016.06.20 08:59:23.051,1.0453,1.04534,1.00,4.39
2016.06.20 08:59:23.563,1.04531,1.04535,1.00,3.60
2016.06.20 08:59:28.428,1.04532,1.04535,1.00,1.37
2016.06.20 08:59:28.530,1.04532,1.04536,1.00,2.70
2016.06.20 08:59:29.186,1.04531,1.04535,2.81,1.00
2016.06.20 08:59:31.972,1.04532,1.04535,1.00,1.50
2016.06.20 08:59:32.484,1.04532,1.04536,1.00,3.00
2016.06.20 08:59:32.994,1.04531,1.04535,1.25,1.00
2016.06.20 08:59:34.635,1.04532,1.04535,1.00,1.00
2016.06.20 08:59:34.737,1.04534,1.04536,1.00,3.75
2016.06.20 08:59:34.890,1.04536,1.0454,1.00,4.67
2016.06.20 08:59:36.163,1.04535,1.04539,1.00,1.33
2016.06.20 08:59:37.442,1.04536,1.0454,1.00,1.75
2016.06.20 08:59:37.954,1.04536,1.0454,1.00,1.72
2016.06.20 08:59:38.311,1.04534,1.04538,3.19,1.00
2016.06.20 08:59:38.617,1.04536,1.04538,1.00,1.72
2016.06.20 08:59:38.770,1.04536,1.0454,1.25,2.62
2016.06.20 08:59:40.603,1.04535,1.04539,1.69,1.00
2016.06.20 08:59:41.114,1.04537,1.0454,1.00,1.00
2016.06.20 08:59:42.041,1.04538,1.0454,1.00,1.00
2016.06.20 08:59:42.093,1.04539,1.04541,1.00,1.50
2016.06.20 08:59:42.195,1.0454,1.04542,1.00,1.50
2016.06.20 08:59:45.205,1.04541,1.04542,1.00,1.50
2016.06.20 08:59:45.718,1.0454,1.04542,1.05,1.50
2016.06.20 08:59:47.974,1.04538,1.04541,1.04,1.50
2016.06.20 08:59:48.077,1.04536,1.04539,1.57,1.00
2016.06.20 08:59:48.627,1.04536,1.0454,1.00,1.00
2016.06.20 08:59:51.352,1.04535,1.04539,4.69,1.00
2016.06.20 08:59:51.505,1.04534,1.04538,1.00,2.21
2016.06.20 08:59:54.498,1.04535,1.04538,1.00,2.25
2016.06.20 08:59:54.702,1.04536,1.0454,1.00,2.70
2016.06.20 08:59:55.006,1.04535,1.04538,1.00,1.00
2016.06.20 08:59:55.210,1.04536,1.0454,1.00,1.87
