2017.05.01 22:00:00.119,1.11841,1.11848,0.75,0.75
2017.05.01 22:00:00.428,1.11836,1.11838,0.37,0.75
2017.05.01 22:00:00.480,1.11828,1.11838,0.19,0.75
2017.05.01 22:00:00.583,1.11827,1.11835,0.45,0.75
2017.05.01 22:00:00.752,1.11825,1.11836,0.37,1.50
2017.05.01 22:00:00.805,1.11823,1.1183,0.37,1.50
2017.05.01 22:00:00.908,1.11822,1.11835,0.75,1.50
2017.05.01 22:00:00.959,1.11824,1.11835,0.75,0.75
2017.05.01 22:00:01.010,1.11822,1.11835,1.12,0.75
2017.05.01 22:00:01.061,1.11824,1.11833,0.75,0.75
2017.05.01 22:00:01.113,1.11824,1.11835,0.75,1.50
2017.05.01 22:00:01.629,1.11825,1.11835,0.75,1.50
2017.05.01 22:00:02.003,1.11822,1.11838,1.57,2.25
2017.05.01 22:00:02.055,1.11824,1.11838,0.75,1.50
2017.05.01 22:00:02.363,1.11837,1.11838,0.75,1.12
2017.05.01 22:00:02.414,1.11835,1.11845,0.37,0.37
2017.05.01 22:00:02.517,1.1183,1.11837,0.37,1.87
2017.05.01 22:00:02.670,1.11827,1.11837,1.50,1.12
2017.05.01 22:00:02.721,1.1183,1.11842,0.75,0.10
2017.05.01 22:00:02.772,1.1183,1.11846,1.50,1.12
2017.05.01 22:00:02.840,1.11832,1.11846,0.75,1.12
2017.05.01 22:00:02.892,1.11834,1.11849,0.56,1.50
2017.05.01 22:00:02.994,1.11835,1.11844,0.37,2.25
2017.05.01 22:00:03.300,1.11839,1.11844,0.75,1.12
2017.05.01 22:00:03.351,1.11837,1.11849,0.75,0.75
2017.05.01 22:00:03.402,1.11839,1.11849,0.75,0.37
2017.05.01 22:00:03.607,1.11837,1.11849,0.19,0.37
2017.05.01 22:00:03.760,1.11835,1.11849,1.31,0.37
2017.05.01 22:00:03.862,1.11839,1.11849,0.75,0.37
2017.05.01 22:00:04.209,1.11844,1.11852,0.75,0.37
2017.05.01 22:00:04.515,1.11846,1.11853,0.37,0.37
2017.05.01 22:00:05.106,1.11845,1.11853,0.75,0.37
2017.05.01 22:00:08.662,1.11842,1.11853,0.37,0.37
2017.05.01 22:00:08.875,1.11845,1.11853,0.75,0.56
2017.05.01 22:00:09.416,1.11846,1.11852,0.75,0.37
2017.05.01 22:00:10.342,1.11846,1.11853,0.75,0.37
2017.05.01 22:00:11.605,1.11845,1.11853,0.75,0.56
2017.05.01 22:00:11.911,1.11842,1.1185,0.75,0.37
2017.05.01 22:00:11.962,1.1184,1.11849,0.75,0.75
2017.05.01 22:00:12.167,1.11839,1.11847,0.75,0.75
2017.05.01 22:00:12.543,1.11834,1.11843,0.45,0.75
2017.05.01 22:00:12.696,1.11834,1.11841,1.12,0.75
2017.05.01 22:00:14.570,1.11834,1.11842,0.75,0.75
2017.05.01 22:00:14.898,1.11844,1.11852,0.75,1.50
2017.05.01 22:00:14.951,1.11844,1.11854,1.12,0.56
2017.05.01 22:00:15.496,1.11845,1.11854,1.50,0.56
2017.05.01 22:00:16.915,1.11846,1.11854,0.75,0.56
2017.05.01 22:00:17.720,1.11845,1.11853,0.75,0.19
2017.05.01 22:00:18.229,1.11845,1.11854,0.75,2.81
2017.05.01 22:00:18.778,1.11844,1.11853,0.75,0.56
2017.05.01 22:00:21.704,1.11843,1.11853,0.37,0.56
2017.05.01 22:00:21.893,1.11843,1.11851,0.37,0.75
2017.05.01 22:00:22.099,1.11838,1.11847,2.62,0.75
2017.05.01 22:00:22.455,1.1184,1.11849,0.37,1.69
2017.05.01 22:00:22.994,1.1184,1.11848,0.37,1.50
2017.05.01 22:00:25.755,1.11841,1.11848,0.37,0.75
2017.05.01 22:00:28.071,1.1184,1.11848,1.87,1.50
2017.05.01 22:00:29.471,1.1184,1.11847,0.37,1.50
2017.05.01 22:00:32.324,1.1184,1.11848,0.37,3.00
2017.05.01 22:00:33.328,1.1184,1.11847,0.37,1.50
2017.05.01 22:00:34.330,1.1184,1.11848,0.37,3.00
2017.05.01 22:00:35.045,1.1184,1.11847,0.37,0.75
2017.05.01 22:00:35.869,1.11839,1.11847,1.87,0.75
2017.05.01 22:00:37.489,1.11839,1.11848,1.87,1.50
2017.05.01 22:00:47.298,1.11841,1.11848,0.37,0.75
2017.05.01 22:00:47.814,1.1184,1.11848,0.37,0.75
2017.05.01 22:00:48.120,1.11844,1.11852,1.50,2.25
2017.05.01 22:00:48.874,1.11845,1.11852,1.50,2.25
2017.05.01 22:00:50.969,1.11843,1.11848,1.31,1.50
2017.05.01 22:00:51.123,1.1184,1.11847,2.62,1.50
2017.05.01 22:00:51.661,1.1184,1.11846,0.75,0.75
2017.05.01 22:00:52.263,1.1184,1.11845,0.75,0.75
2017.05.01 22:00:57.783,1.1184,1.11846,0.75,1.50
2017.05.01 22:00:58.304,1.1184,1.11847,0.75,2.25
2017.05.01 22:00:59.845,1.11839,1.11847,0.75,3.00
2017.05.01 22:01:00.443,1.1184,1.11846,0.75,0.19
2017.05.01 22:01:00.610,1.1184,1.11842,0.75,2.44
2017.05.01 22:01:01.129,1.1184,1.11841,0.75,0.19
2017.05.01 22:01:02.884,1.1184,1.11842,0.75,3.19
2017.05.01 22:01:05.476,1.1184,1.11844,0.75,0.94
2017.05.01 22:01:06.340,1.1184,1.11842,0.75,0.19
2017.05.01 22:01:06.494,1.11838,1.11842,0.75,1.69
2017.05.01 22:01:07.051,1.11838,1.11841,0.75,0.19
2017.05.01 22:01:52.797,1.11838,1.11842,0.75,1.50
2017.05.01 22:02:00.723,1.11838,1.11844,0.75,4.50
2017.05.01 22:02:01.233,1.11838,1.11845,0.75,0.94
2017.05.01 22:02:02.255,1.11838,1.11844,0.75,0.19
2017.05.01 22:02:06.426,1.11838,1.11843,0.75,0.94
2017.05.01 22:02:07.025,1.11837,1.11843,1.12,0.94
2017.05.01 22:02:14.881,1.11837,1.11844,1.12,0.75
2017.05.01 22:02:16.291,1.11837,1.11845,1.12,3.19
2017.05.01 22:02:35.696,1.11843,1.11845,2.25,0.37
2017.05.01 22:02:35.849,1.11845,1.11851,1.50,0.37
2017.05.01 22:02:36.422,1.11845,1.11852,1.87,0.19
2017.05.01 22:02:43.815,1.11845,1.11851,1.87,0.75
2017.05.01 22:02:44.719,1.11849,1.11852,0.75,1.12
2017.05.01 22:02:44.822,1.11851,1.11856,1.50,0.75
2017.05.01 22:02:45.516,1.1185,1.11855,1.12,0.19
2017.05.01 22:02:49.390,1.11849,1.11853,0.75,1.69
2017.05.01 22:02:49.646,1.11847,1.11853,1.50,0.94
2017.05.01 22:02:50.206,1.11846,1.11853,1.50,0.94
2017.05.01 22:02:50.381,1.11848,1.11855,1.50,1.50
2017.05.01 22:02:51.036,1.11849,1.11855,1.50,1.12
2017.05.01 22:02:55.598,1.11847,1.11854,2.06,0.75
2017.05.01 22:02:56.211,1.11847,1.11853,0.37,0.75
2017.05.01 22:03:00.558,1.11847,1.11854,0.37,2.25
2017.05.01 22:03:02.537,1.11847,1.11848,0.37,1.50
2017.05.01 22:03:02.639,1.11841,1.11846,0.75,0.75
2017.05.01 22:03:29.559,1.11839,1.11846,2.06,0.75
2017.05.01 22:03:36.161,1.11842,1.11848,2.44,1.12
2017.05.01 22:03:36.467,1.1184,1.11846,1.50,0.75
2017.05.01 22:03:38.736,1.11839,1.11846,2.06,0.75
2017.05.01 22:03:48.389,1.11839,1.11845,1.87,0.75
2017.05.01 22:03:49.022,1.11842,1.11847,1.50,0.94
2017.05.01 22:03:49.124,1.1184,1.11846,1.50,0.75
2017.05.01 22:03:53.293,1.11839,1.11843,0.37,3.75
2017.05.01 22:03:53.446,1.11832,1.11837,1.12,2.25
2017.05.01 22:03:53.548,1.1183,1.11836,1.12,2.25
2017.05.01 22:03:53.650,1.1183,1.11834,0.75,1.50
2017.05.01 22:03:53.803,1.11828,1.11834,0.19,1.50
2017.05.01 22:03:54.341,1.11827,1.11833,1.87,0.75
2017.05.01 22:03:55.432,1.11827,1.11835,1.12,2.44
2017.05.01 22:03:56.903,1.11832,1.11836,0.75,0.37
2017.05.01 22:03:57.006,1.11829,1.11835,1.12,1.50
2017.05.01 22:03:57.934,1.11828,1.11835,0.75,1.50
2017.05.01 22:03:58.292,1.11832,1.11836,2.25,0.75
2017.05.01 22:03:58.395,1.11831,1.11838,0.19,2.25
2017.05.01 22:03:58.907,1.1183,1.11838,1.31,2.44
2017.05.01 22:04:01.661,1.11831,1.11838,0.75,0.19
2017.05.01 22:04:01.865,1.11833,1.11839,0.75,0.37
2017.05.01 22:04:01.916,1.11834,1.11841,0.75,0.75
2017.05.01 22:04:02.171,1.11835,1.11843,0.75,1.50
2017.05.01 22:04:04.503,1.11837,1.11844,1.00,2.25
2017.05.01 22:04:04.707,1.11838,1.11845,1.00,2.25
2017.05.01 22:04:11.640,1.11838,1.11844,1.00,1.00
2017.05.01 22:04:14.376,1.11841,1.11846,1.00,1.87
2017.05.01 22:04:14.479,1.11842,1.11849,1.00,1.50
2017.05.01 22:04:21.612,1.11841,1.11848,1.00,1.37
2017.05.01 22:04:22.351,1.11842,1.11847,1.00,1.00
2017.05.01 22:04:24.465,1.11841,1.11849,1.00,4.87
2017.05.01 22:04:24.973,1.11842,1.11849,1.00,3.37
2017.05.01 22:04:27.597,1.11842,1.11848,1.00,2.62
2017.05.01 22:04:28.105,1.11841,1.11848,1.00,2.62
2017.05.01 22:04:30.640,1.11842,1.1185,1.00,4.50
2017.05.01 22:04:37.271,1.11842,1.11849,1.00,1.50
2017.05.01 22:04:38.446,1.11843,1.11851,1.00,2.25
2017.05.01 22:04:38.548,1.11843,1.11852,1.00,1.87
2017.05.01 22:04:38.905,1.11843,1.1185,1.00,1.00
2017.05.01 22:04:39.548,1.11843,1.11851,1.00,1.00
2017.05.01 22:04:40.640,1.11846,1.11852,1.00,1.00
2017.05.01 22:04:46.701,1.11847,1.11853,1.00,1.37
2017.05.01 22:04:47.006,1.11852,1.11857,1.00,2.25
2017.05.01 22:04:47.578,1.11852,1.11857,1.00,1.87
2017.05.01 22:04:50.310,1.1185,1.11858,1.00,4.46
2017.05.01 22:04:52.529,1.11849,1.11857,1.50,1.50
2017.05.01 22:04:53.189,1.11848,1.11857,3.19,1.50
2017.05.01 22:04:53.712,1.11847,1.11856,2.81,1.00
2017.05.01 22:04:54.741,1.11847,1.11855,3.56,1.00
2017.05.01 22:05:02.129,1.11847,1.11855,2.81,1.50
2017.05.01 22:05:03.136,1.11847,1.11854,2.06,1.00
2017.05.01 22:05:03.654,1.11847,1.11853,1.87,1.00
2017.05.01 22:05:08.918,1.11846,1.11853,2.06,1.50
2017.05.01 22:05:09.471,1.11845,1.11852,2.06,1.00
2017.05.01 22:05:13.406,1.11845,1.11851,2.06,1.00
2017.05.01 22:05:13.560,1.11845,1.11848,1.50,1.00
2017.05.01 22:05:14.128,1.11845,1.1185,1.50,1.12
2017.05.01 22:05:14.638,1.11844,1.11849,2.25,2.62
2017.05.01 22:05:19.242,1.11845,1.11849,1.50,1.12
2017.05.01 22:05:19.413,1.11843,1.1185,2.06,1.00
2017.05.01 22:05:19.923,1.11842,1.1185,1.31,1.50
2017.05.01 22:05:20.687,1.11843,1.11851,1.00,1.75
2017.05.01 22:05:21.402,1.11842,1.1185,1.25,4.12
2017.05.01 22:05:21.911,1.11843,1.11851,1.00,1.75
2017.05.01 22:05:22.420,1.11842,1.1185,1.00,1.50
2017.05.01 22:05:22.991,1.11843,1.1185,1.00,1.50
2017.05.01 22:05:23.552,1.11842,1.11849,1.25,1.12
2017.05.01 22:05:23.909,1.11843,1.11851,1.25,1.12
2017.05.01 22:05:23.960,1.11841,1.11849,3.56,1.00
2017.05.01 22:05:24.469,1.11843,1.11851,1.25,1.50
2017.05.01 22:05:25.028,1.11842,1.1185,1.25,1.12
2017.05.01 22:05:25.539,1.11843,1.1185,1.00,1.50
2017.05.01 22:05:26.048,1.11841,1.11849,3.94,1.00
2017.05.01 22:05:26.557,1.11842,1.1185,1.19,1.12
2017.05.01 22:05:27.170,1.11842,1.1185,1.25,1.12
2017.05.01 22:05:27.675,1.11843,1.1185,1.25,1.50
2017.05.01 22:05:28.189,1.11841,1.11849,3.94,1.00
2017.05.01 22:05:28.700,1.11841,1.11849,3.56,1.00
2017.05.01 22:05:29.209,1.11843,1.11851,1.25,1.50
2017.05.01 22:05:29.812,1.11843,1.11851,1.69,1.12
2017.05.01 22:05:30.956,1.11844,1.11852,1.25,1.12
2017.05.01 22:05:31.466,1.11845,1.11853,1.69,1.50
2017.05.01 22:05:34.318,1.11845,1.11851,1.69,1.00
2017.05.01 22:05:39.243,1.11845,1.1185,1.69,1.00
2017.05.01 22:05:41.984,1.11846,1.1185,1.69,1.00
2017.05.01 22:05:42.493,1.11847,1.11851,1.00,1.00
2017.05.01 22:05:42.744,1.11847,1.11854,1.00,1.50
2017.05.01 22:05:43.407,1.11848,1.11855,1.25,1.75
2017.05.01 22:05:43.562,1.1185,1.11857,1.00,1.75
2017.05.01 22:05:48.106,1.11851,1.11858,1.00,2.59
2017.05.01 22:05:48.624,1.11851,1.11858,1.00,2.59
2017.05.01 22:05:54.944,1.1185,1.11858,1.25,2.59
2017.05.01 22:05:55.249,1.1185,1.11854,1.00,1.00
2017.05.01 22:05:55.765,1.1185,1.11858,1.00,2.59
2017.05.01 22:05:56.704,1.11849,1.11857,1.31,2.25
2017.05.01 22:05:57.332,1.11849,1.11856,1.00,1.75
2017.05.01 22:05:58.626,1.11847,1.11855,1.31,1.50
2017.05.01 22:06:00.538,1.11849,1.11856,1.50,1.75
2017.05.01 22:06:00.641,1.1185,1.11857,1.25,1.50
2017.05.01 22:06:01.570,1.11851,1.11858,1.00,1.84
2017.05.01 22:06:02.102,1.11851,1.11858,1.00,1.84
2017.05.01 22:06:02.803,1.11852,1.11858,1.00,1.09
2017.05.01 22:06:03.319,1.11853,1.11858,1.00,1.09
2017.05.01 22:06:03.867,1.11855,1.11862,2.25,1.87
2017.05.01 22:06:03.919,1.11857,1.11863,3.00,1.75
2017.05.01 22:06:04.022,1.11858,1.11863,1.69,1.00
2017.05.01 22:06:04.482,1.11854,1.11861,1.19,1.50
2017.05.01 22:06:05.118,1.11854,1.11862,2.81,1.50
2017.05.01 22:06:05.655,1.11855,1.11862,2.06,1.50
2017.05.01 22:06:06.934,1.11859,1.11863,1.00,1.75
2017.05.01 22:06:06.986,1.11859,1.11863,1.19,1.00
2017.05.01 22:06:07.037,1.1186,1.11866,1.25,1.50
2017.05.01 22:06:07.243,1.1186,1.11868,2.44,1.12
2017.05.01 22:06:09.860,1.1186,1.11868,2.44,1.12
2017.05.01 22:06:10.369,1.1186,1.11867,2.44,1.00
2017.05.01 22:06:11.007,1.11862,1.11867,1.00,1.00
2017.05.01 22:06:11.537,1.11862,1.11868,3.19,1.12
2017.05.01 22:06:18.371,1.1186,1.11868,3.94,1.12
2017.05.01 22:06:21.772,1.1186,1.11867,1.69,1.50
2017.05.01 22:06:22.296,1.1186,1.11866,1.69,2.25
2017.05.01 22:06:25.060,1.11859,1.11865,3.19,1.50
2017.05.01 22:06:25.568,1.11859,1.11864,1.01,1.50
2017.05.01 22:06:26.378,1.11858,1.11864,1.69,1.50
2017.05.01 22:06:28.095,1.11858,1.11865,1.69,3.37
2017.05.01 22:06:28.659,1.11856,1.11861,2.06,1.50
2017.05.01 22:06:28.761,1.11855,1.11861,1.00,1.12
2017.05.01 22:06:29.273,1.11855,1.11862,1.12,1.12
2017.05.01 22:06:31.936,1.11856,1.11863,1.25,1.50
2017.05.01 22:06:32.448,1.11856,1.11864,3.94,1.75
2017.05.01 22:06:32.940,1.11857,1.11865,1.31,1.50
2017.05.01 22:06:33.466,1.11858,1.11865,1.00,1.50
2017.05.01 22:06:34.168,1.11858,1.11865,1.31,1.12
2017.05.01 22:06:38.846,1.11859,1.11866,1.00,1.50
2017.05.01 22:06:39.361,1.1186,1.11867,1.00,3.00
2017.05.01 22:06:45.927,1.11859,1.11866,1.31,1.87
2017.05.01 22:06:57.716,1.11861,1.11866,1.69,1.12
2017.05.01 22:06:57.818,1.11862,1.1187,1.12,1.50
2017.05.01 22:06:58.349,1.11862,1.11869,1.19,1.50
2017.05.01 22:06:58.902,1.11862,1.11869,1.25,1.50
2017.05.01 22:07:02.917,1.11861,1.11868,1.31,1.12
2017.05.01 22:07:04.547,1.11861,1.11867,1.12,1.00
2017.05.01 22:07:05.528,1.11861,1.11868,1.12,1.87
2017.05.01 22:07:32.001,1.1186,1.11863,1.50,1.00
2017.05.01 22:07:32.107,1.11857,1.11864,2.06,1.12
2017.05.01 22:07:32.158,1.11857,1.11864,3.94,1.00
2017.05.01 22:07:33.554,1.11856,1.11864,3.19,2.25
2017.05.01 22:07:34.889,1.11856,1.11863,2.44,1.00
2017.05.01 22:07:34.992,1.11856,1.11863,2.06,1.12
2017.05.01 22:07:37.442,1.11856,1.11859,2.06,1.00
2017.05.01 22:07:37.747,1.11853,1.11857,2.25,1.00
2017.05.01 22:07:45.732,1.11852,1.11856,3.94,1.00
2017.05.01 22:07:46.258,1.11852,1.11856,3.75,1.00
2017.05.01 22:07:55.207,1.11852,1.11855,2.25,1.00
2017.05.01 22:08:07.656,1.11852,1.11856,2.25,1.00
2017.05.01 22:08:08.747,1.11852,1.11857,2.44,1.00
2017.05.01 22:08:09.255,1.11852,1.11856,2.25,1.00
2017.05.01 22:08:24.549,1.11852,1.11857,2.44,1.00
2017.05.01 22:08:28.693,1.11858,1.1186,1.50,1.00
2017.05.01 22:08:28.949,1.11864,1.11869,2.44,1.00
2017.05.01 22:08:29.153,1.11866,1.1187,1.31,1.00
2017.05.01 22:08:29.658,1.11864,1.11869,3.94,1.00
2017.05.01 22:08:29.760,1.11864,1.11868,2.25,1.00
2017.05.01 22:08:30.847,1.11863,1.11867,2.44,1.00
2017.05.01 22:08:31.358,1.11862,1.11866,3.19,1.00
2017.05.01 22:08:31.973,1.11862,1.11866,3.19,1.00
2017.05.01 22:08:33.092,1.1186,1.11865,3.94,1.00
2017.05.01 22:08:33.144,1.11862,1.11863,1.00,1.00
2017.05.01 22:08:33.195,1.1186,1.11862,1.00,1.00
2017.05.01 22:08:33.730,1.1186,1.11861,1.00,1.00
2017.05.01 22:08:40.219,1.11859,1.1186,1.00,1.00
2017.05.01 22:08:46.332,1.1186,1.11861,1.00,1.00
2017.05.01 22:08:49.169,1.11863,1.11867,1.05,1.12
2017.05.01 22:08:49.220,1.11866,1.11869,1.00,1.00
2017.05.01 22:08:49.272,1.11868,1.11869,1.50,1.00
2017.05.01 22:08:49.323,1.11869,1.11871,1.00,1.50
2017.05.01 22:08:49.426,1.11867,1.11869,1.50,1.00
2017.05.01 22:08:49.478,1.11868,1.11871,1.00,2.25
2017.05.01 22:08:50.003,1.11869,1.11871,1.00,1.00
2017.05.01 22:08:50.529,1.11869,1.11873,1.00,1.50
2017.05.01 22:08:50.581,1.11869,1.11871,1.50,1.00
2017.05.01 22:08:52.324,1.11868,1.1187,1.00,1.00
2017.05.01 22:08:52.664,1.11863,1.11867,3.19,1.00
2017.05.01 22:08:54.831,1.11869,1.11871,1.00,2.25
2017.05.01 22:08:55.361,1.11869,1.11872,1.31,1.00
2017.05.01 22:08:57.315,1.11867,1.11871,1.94,1.00
2017.05.01 22:08:57.366,1.11866,1.1187,1.62,1.00
2017.05.01 22:08:57.906,1.11864,1.11869,2.06,1.00
2017.05.01 22:08:58.424,1.11864,1.11868,2.06,1.00
2017.05.01 22:09:01.021,1.11864,1.11868,1.69,1.00
2017.05.01 22:09:11.187,1.11862,1.11867,2.81,1.00
2017.05.01 22:09:11.238,1.11862,1.11865,1.87,1.00
2017.05.01 22:09:11.290,1.11862,1.11864,1.12,1.00
2017.05.01 22:09:11.341,1.11859,1.11863,2.62,1.00
2017.05.01 22:09:11.851,1.11859,1.11862,1.00,1.00
2017.05.01 22:09:12.401,1.11859,1.11861,1.00,1.00
2017.05.01 22:09:23.211,1.11857,1.1186,2.06,1.00
2017.05.01 22:10:20.100,1.11859,1.11861,1.12,1.00
2017.05.01 22:10:20.608,1.1186,1.11862,1.00,1.00
2017.05.01 22:10:21.121,1.11859,1.11861,3.37,1.00
2017.05.01 22:10:25.945,1.11857,1.1186,2.44,1.00
2017.05.01 22:10:30.473,1.11858,1.1186,1.00,1.00
2017.05.01 22:10:30.980,1.11857,1.1186,2.44,1.00
2017.05.01 22:10:55.749,1.1186,1.11862,1.69,1.00
2017.05.01 22:11:33.545,1.11858,1.11861,2.44,1.00
2017.05.01 22:11:40.014,1.11857,1.11861,2.81,1.00
2017.05.01 22:12:00.192,1.11858,1.11861,1.31,1.00
2017.05.01 22:12:00.930,1.11858,1.11861,1.31,1.00
2017.05.01 22:12:11.415,1.1186,1.11863,1.12,1.00
2017.05.01 22:12:12.008,1.11861,1.11863,1.00,1.00
2017.05.01 22:12:12.538,1.1186,1.11863,2.62,1.00
2017.05.01 22:12:18.173,1.11862,1.11865,2.25,1.00
2017.05.01 22:12:18.759,1.11863,1.11865,1.12,1.00
2017.05.01 22:12:35.868,1.11863,1.11866,1.12,1.00
2017.05.01 22:12:49.707,1.11862,1.11866,1.87,1.00
2017.05.01 22:13:00.511,1.1186,1.11864,1.87,1.00
2017.05.01 22:13:01.069,1.1186,1.11864,3.00,1.00
2017.05.01 22:13:32.590,1.1186,1.11864,1.50,1.00
2017.05.01 22:13:46.595,1.11857,1.1186,3.00,1.00
2017.05.01 22:13:47.335,1.11857,1.1186,1.50,1.00
2017.05.01 22:14:08.183,1.11857,1.1186,1.87,1.00
2017.05.01 22:14:26.878,1.11861,1.11863,1.35,1.00
2017.05.01 22:14:27.326,1.11861,1.11865,1.72,1.00
2017.05.01 22:14:27.377,1.11861,1.11865,3.60,1.00
2017.05.01 22:14:53.766,1.11861,1.11863,1.87,1.00
2017.05.01 22:14:54.073,1.11858,1.11861,1.87,1.00
2017.05.01 22:15:00.330,1.11859,1.11861,1.00,1.00
2017.05.01 22:15:00.483,1.11857,1.1186,1.87,1.00
2017.05.01 22:15:01.354,1.11857,1.1186,1.00,1.00
2017.05.01 22:15:17.821,1.11857,1.11861,1.87,1.00
2017.05.01 22:15:18.547,1.11856,1.1186,1.75,1.00
2017.05.01 22:15:27.269,1.11858,1.11859,1.00,1.00
2017.05.01 22:15:27.770,1.11856,1.11859,1.12,1.00
2017.05.01 22:15:43.142,1.11856,1.11859,1.00,1.00
2017.05.01 22:16:00.095,1.11856,1.11859,2.25,1.00
2017.05.01 22:16:13.232,1.11854,1.11858,1.87,1.00
2017.05.01 22:16:13.283,1.11854,1.11857,1.37,1.00
2017.05.01 22:16:14.012,1.11853,1.11856,1.87,1.00
2017.05.01 22:16:29.107,1.11856,1.11859,1.00,1.00
2017.05.01 22:16:29.261,1.11861,1.11863,1.00,2.06
2017.05.01 22:16:29.413,1.11861,1.11865,1.72,1.00
2017.05.01 22:16:29.567,1.11863,1.11866,1.87,1.00
2017.05.01 22:16:47.696,1.11862,1.11866,1.69,1.00
2017.05.01 22:16:48.198,1.11862,1.11867,3.94,1.00
2017.05.01 22:16:48.507,1.11862,1.11865,2.25,1.00
2017.05.01 22:16:48.937,1.11863,1.11868,1.87,1.00
2017.05.01 22:16:49.039,1.11864,1.1187,1.12,1.00
2017.05.01 22:16:49.244,1.11863,1.11868,1.87,1.00
2017.05.01 22:16:49.295,1.11867,1.11869,1.15,1.00
2017.05.01 22:16:49.597,1.11862,1.11866,2.25,1.00
2017.05.01 22:16:52.996,1.11863,1.11866,1.12,1.00
2017.05.01 22:17:00.849,1.11867,1.11869,1.21,1.00
2017.05.01 22:17:01.154,1.11864,1.11866,1.00,1.00
2017.05.01 22:17:02.547,1.11863,1.11865,1.12,1.00
2017.05.01 22:17:04.477,1.11863,1.11865,1.50,1.00
2017.05.01 22:17:08.160,1.11863,1.11865,1.50,1.00
2017.05.01 22:17:09.288,1.11863,1.11866,3.00,1.00
2017.05.01 22:17:09.594,1.11863,1.11865,1.00,1.00
2017.05.01 22:17:09.952,1.11857,1.11862,1.87,1.12
2017.05.01 22:17:10.003,1.11856,1.11858,1.00,1.00
2017.05.01 22:17:10.207,1.11855,1.11857,1.00,1.00
2017.05.01 22:17:11.154,1.11853,1.11856,2.25,1.00
2017.05.01 22:17:14.233,1.11854,1.11855,1.00,1.00
2017.05.01 22:17:14.971,1.11853,1.11855,1.50,1.00
2017.05.01 22:17:16.782,1.11853,1.11855,1.50,1.00
2017.05.01 22:17:16.885,1.11851,1.11854,1.12,1.00
2017.05.01 22:17:16.936,1.1185,1.11852,1.50,1.00
2017.05.01 22:17:18.112,1.1185,1.11855,1.50,1.00
2017.05.01 22:17:18.802,1.1185,1.11856,2.25,1.12
2017.05.01 22:17:20.302,1.1185,1.11855,3.00,1.00
2017.05.01 22:17:21.623,1.1185,1.11854,1.50,1.00
2017.05.01 22:17:22.231,1.1185,1.11854,1.00,1.00
2017.05.01 22:17:22.782,1.1185,1.11855,3.37,1.00
2017.05.01 22:17:23.195,1.1185,1.11853,1.12,1.00
2017.05.01 22:17:25.913,1.1185,1.11854,1.00,1.12
2017.05.01 22:17:28.263,1.11852,1.11856,2.25,1.25
2017.05.01 22:17:28.365,1.11853,1.11859,1.50,1.31
2017.05.01 22:17:28.873,1.11854,1.1186,1.00,3.94
2017.05.01 22:17:29.408,1.11855,1.11861,1.00,2.81
2017.05.01 22:17:32.455,1.11853,1.11859,3.37,1.00
2017.05.01 22:17:32.507,1.11853,1.11859,1.87,1.00
2017.05.01 22:17:33.124,1.11854,1.11859,1.00,1.00
2017.05.01 22:17:44.834,1.11854,1.1186,1.00,1.31
2017.05.01 22:17:48.293,1.1186,1.11863,1.00,1.19
2017.05.01 22:17:48.345,1.11861,1.11866,1.00,2.06
2017.05.01 22:17:48.894,1.11862,1.11866,1.00,1.62
2017.05.01 22:17:49.931,1.11857,1.11861,1.87,1.50
2017.05.01 22:17:50.033,1.11856,1.1186,1.00,2.25
2017.05.01 22:17:50.623,1.11855,1.1186,1.00,2.81
2017.05.01 22:18:01.650,1.11856,1.11861,1.00,2.81
2017.05.01 22:18:02.154,1.11856,1.11862,1.00,2.06
2017.05.01 22:18:03.356,1.11856,1.1186,1.00,1.00
2017.05.01 22:18:06.167,1.11856,1.11861,1.00,2.06
2017.05.01 22:18:08.277,1.1186,1.11862,1.00,1.25
2017.05.01 22:18:08.328,1.11862,1.11864,1.00,1.12
2017.05.01 22:18:08.380,1.11863,1.11866,1.00,1.00
2017.05.01 22:18:09.136,1.11863,1.11867,1.00,2.81
2017.05.01 22:18:10.278,1.11861,1.11866,1.00,1.50
2017.05.01 22:18:10.803,1.1186,1.11866,1.00,3.94
2017.05.01 22:18:11.308,1.1186,1.11865,1.00,2.25
2017.05.01 22:18:12.116,1.11859,1.11864,1.00,1.31
2017.05.01 22:18:14.764,1.1186,1.11866,1.00,4.31
2017.05.01 22:18:15.417,1.11861,1.11866,1.00,1.62
2017.05.01 22:18:16.461,1.1186,1.11866,1.00,3.94
2017.05.01 22:18:19.904,1.1186,1.11865,1.00,2.81
2017.05.01 22:18:20.439,1.11859,1.11864,1.00,1.25
2017.05.01 22:18:22.070,1.11859,1.11863,1.00,1.00
2017.05.01 22:18:22.918,1.11859,1.11864,1.00,3.94
2017.05.01 22:18:22.969,1.11859,1.11862,1.00,1.00
2017.05.01 22:18:28.291,1.11855,1.11861,2.62,1.00
2017.05.01 22:18:28.342,1.11856,1.11862,1.00,2.06
2017.05.01 22:18:28.865,1.11855,1.11861,1.00,3.19
2017.05.01 22:18:29.304,1.1186,1.11862,1.00,1.31
2017.05.01 22:18:29.355,1.11861,1.11866,1.00,5.44
2017.05.01 22:18:30.297,1.11863,1.11866,1.00,1.50
2017.05.01 22:18:30.451,1.11864,1.1187,1.00,5.81
2017.05.01 22:18:30.961,1.11863,1.11869,1.12,1.50
2017.05.01 22:18:33.442,1.11863,1.11869,1.12,1.87
2017.05.01 22:18:35.552,1.11864,1.11869,1.00,1.37
2017.05.01 22:18:36.703,1.11864,1.1187,1.00,3.94
2017.05.01 22:18:37.452,1.11864,1.11869,1.00,1.00
2017.05.01 22:18:39.923,1.11863,1.11869,1.12,1.00
2017.05.01 22:18:42.587,1.11862,1.11868,1.50,2.25
2017.05.01 22:18:42.791,1.11861,1.11867,2.25,1.00
2017.05.01 22:18:43.505,1.11861,1.11866,1.12,1.00
2017.05.01 22:18:43.974,1.11859,1.11864,1.12,1.00
2017.05.01 22:18:44.694,1.11858,1.11862,1.50,1.00
2017.05.01 22:18:44.745,1.11857,1.11862,1.00,1.00
2017.05.01 22:18:44.949,1.11855,1.1186,1.12,1.00
2017.05.01 22:18:49.000,1.11855,1.11861,1.12,3.19
2017.05.01 22:18:49.346,1.1186,1.11866,2.25,2.44
2017.05.01 22:18:49.397,1.11861,1.11867,1.00,4.50
2017.05.01 22:18:50.172,1.11861,1.11867,1.00,3.19
2017.05.01 22:18:50.325,1.11866,1.11867,1.50,1.00
2017.05.01 22:18:50.376,1.11866,1.11872,2.25,2.44
2017.05.01 22:18:50.429,1.11869,1.11872,1.50,1.12
2017.05.01 22:18:50.481,1.11869,1.11875,2.62,1.87
2017.05.01 22:18:50.584,1.11867,1.11872,1.87,2.25
2017.05.01 22:18:50.687,1.11865,1.11871,1.00,1.31
2017.05.01 22:18:50.781,1.11865,1.11871,1.00,2.00
2017.05.01 22:18:50.937,1.11858,1.11864,1.50,1.00
2017.05.01 22:18:51.493,1.11858,1.11863,1.12,1.00
2017.05.01 22:18:52.005,1.11858,1.11864,1.12,3.94
2017.05.01 22:18:54.079,1.1186,1.11866,1.00,2.44
2017.05.01 22:18:54.585,1.1186,1.11866,1.00,1.31
2017.05.01 22:18:55.108,1.11862,1.11868,1.50,1.94
2017.05.01 22:18:55.211,1.11865,1.11871,1.00,4.31
2017.05.01 22:18:55.725,1.11866,1.11871,1.00,1.25
2017.05.01 22:18:58.907,1.11866,1.11872,1.00,2.06
2017.05.01 22:19:00.610,1.11865,1.11871,1.00,1.00
2017.05.01 22:19:02.345,1.11866,1.11873,1.00,3.19
2017.05.01 22:19:09.291,1.11869,1.11873,1.00,3.19
2017.05.01 22:19:09.767,1.11871,1.11875,1.00,1.87
2017.05.01 22:19:09.818,1.11871,1.11877,1.00,3.56
2017.05.01 22:19:10.600,1.11871,1.11877,2.25,1.50
2017.05.01 22:19:16.298,1.1187,1.11877,3.94,1.87
2017.05.01 22:19:17.018,1.1187,1.11876,1.12,1.00
2017.05.01 22:19:17.069,1.11869,1.11873,1.12,2.25
2017.05.01 22:19:17.120,1.11866,1.11872,1.69,1.00
2017.05.01 22:19:17.827,1.11865,1.11871,2.44,1.00
2017.05.01 22:19:19.349,1.11866,1.11872,1.31,1.00
2017.05.01 22:19:19.861,1.11867,1.11873,1.31,1.00
2017.05.01 22:19:29.292,1.11872,1.11876,1.00,2.62
2017.05.01 22:19:29.394,1.11872,1.11877,2.25,2.62
2017.05.01 22:19:30.030,1.11872,1.11877,2.44,2.25
2017.05.01 22:19:30.349,1.11875,1.11877,1.00,1.12
2017.05.01 22:19:30.401,1.11873,1.11877,1.50,1.00
2017.05.01 22:19:30.550,1.11873,1.11877,1.50,1.87
2017.05.01 22:19:31.014,1.11869,1.11876,2.06,1.38
2017.05.01 22:19:31.117,1.11867,1.11873,1.94,2.25
2017.05.01 22:19:31.219,1.11866,1.11872,1.69,1.00
2017.05.01 22:19:31.792,1.11866,1.11872,1.31,1.00
2017.05.01 22:19:35.474,1.11865,1.11871,1.69,1.00
2017.05.01 22:19:47.605,1.11866,1.11872,1.31,2.25
2017.05.01 22:19:48.113,1.11867,1.11873,1.25,1.12
2017.05.01 22:19:49.262,1.11872,1.11875,1.00,2.25
2017.05.01 22:19:49.396,1.11872,1.11876,1.00,1.12
2017.05.01 22:19:49.930,1.11872,1.11877,1.00,1.12
2017.05.01 22:19:51.158,1.1187,1.11876,1.69,3.37
2017.05.01 22:19:51.484,1.11867,1.11872,2.06,1.50
2017.05.01 22:19:51.637,1.11866,1.11872,1.25,4.12
2017.05.01 22:19:52.173,1.11866,1.11871,1.25,1.50
2017.05.01 22:19:54.064,1.11867,1.11873,1.00,3.00
2017.05.01 22:19:54.217,1.11867,1.11874,1.31,3.37
2017.05.01 22:19:54.523,1.11866,1.11872,1.31,1.00
2017.05.01 22:19:55.091,1.11866,1.11871,1.31,2.25
2017.05.01 22:19:59.232,1.1187,1.11873,2.44,1.50
2017.05.01 22:19:59.285,1.11871,1.11876,2.25,3.00
2017.05.01 22:19:59.821,1.1187,1.11876,1.31,3.00
2017.05.01 22:20:00.648,1.11867,1.11873,3.56,1.50
2017.05.01 22:20:00.699,1.11867,1.11873,1.31,3.37
2017.05.01 22:20:00.853,1.1187,1.11875,1.50,2.25
2017.05.01 22:20:01.393,1.11869,1.11875,1.25,2.62
2017.05.01 22:20:01.993,1.1187,1.11875,1.00,1.87
2017.05.01 22:20:02.631,1.11871,1.11875,1.00,1.00
2017.05.01 22:20:03.191,1.1187,1.11877,1.25,5.25
2017.05.01 22:20:13.293,1.11871,1.11876,1.00,1.87
2017.05.01 22:20:16.852,1.11871,1.11877,1.00,4.50
2017.05.01 22:20:21.946,1.1187,1.11876,1.25,1.12
2017.05.01 22:20:23.766,1.1187,1.11876,1.00,3.37
2017.05.01 22:20:25.166,1.11869,1.11876,1.25,4.12
2017.05.01 22:20:26.702,1.11867,1.11873,2.25,1.50
2017.05.01 22:20:26.754,1.11866,1.11873,2.81,2.62
2017.05.01 22:20:26.856,1.1187,1.11874,1.50,1.50
2017.05.01 22:20:27.386,1.11869,1.11876,3.19,4.50
2017.05.01 22:20:30.284,1.11873,1.11876,1.00,1.12
2017.05.01 22:20:30.387,1.11875,1.11878,1.50,1.00
2017.05.01 22:20:30.953,1.11876,1.11879,1.00,1.87
2017.05.01 22:20:31.531,1.11875,1.11877,1.12,1.37
2017.05.01 22:20:31.633,1.11871,1.11876,1.87,1.12
2017.05.01 22:20:31.837,1.11869,1.11876,2.81,1.50
2017.05.01 22:20:35.440,1.11867,1.11873,4.16,1.00
2017.05.01 22:20:35.747,1.11866,1.11871,1.50,1.00
2017.05.01 22:20:36.523,1.11869,1.11874,2.25,2.25
2017.05.01 22:20:37.236,1.11869,1.11875,2.62,1.37
2017.05.01 22:20:38.239,1.11869,1.11876,3.37,3.19
2017.05.01 22:20:48.432,1.11869,1.11876,3.37,1.87
2017.05.01 22:20:50.592,1.11867,1.11868,6.00,1.00
2017.05.01 22:20:50.645,1.11866,1.1187,1.50,2.44
2017.05.01 22:20:50.696,1.1187,1.11873,2.25,1.87
2017.05.01 22:20:50.748,1.1187,1.11875,1.69,2.25
2017.05.01 22:20:51.611,1.11869,1.11875,1.31,1.12
2017.05.01 22:20:57.769,1.11871,1.11875,1.00,1.25
2017.05.01 22:20:58.605,1.1187,1.11875,1.00,1.25
2017.05.01 22:20:58.910,1.11869,1.11874,1.00,2.44
2017.05.01 22:21:03.937,1.11871,1.11874,1.00,1.00
2017.05.01 22:21:03.989,1.11872,1.11876,1.00,3.94
2017.05.01 22:21:04.502,1.11872,1.11876,1.00,1.69
2017.05.01 22:21:05.015,1.11872,1.11876,1.00,1.31
2017.05.01 22:21:17.152,1.11871,1.11876,1.00,1.00
2017.05.01 22:21:17.720,1.11871,1.11876,1.00,1.37
2017.05.01 22:21:23.079,1.11872,1.11877,1.00,1.87
2017.05.01 22:21:23.603,1.11872,1.11877,1.00,1.87
2017.05.01 22:21:24.116,1.11873,1.11878,1.00,3.37
2017.05.01 22:21:32.228,1.11875,1.11879,1.00,1.87
2017.05.01 22:21:32.330,1.11874,1.1188,1.00,7.50
2017.05.01 22:21:32.906,1.11874,1.11879,1.00,3.00
2017.05.01 22:21:33.439,1.11873,1.11878,1.00,1.37
2017.05.01 22:21:36.268,1.11878,1.11879,1.00,1.12
2017.05.01 22:21:36.370,1.11878,1.11881,1.00,1.57
2017.05.01 22:21:36.937,1.11878,1.11882,1.00,3.00
2017.05.01 22:21:38.379,1.11876,1.1188,1.12,1.00
2017.05.01 22:21:50.905,1.11876,1.1188,1.00,1.50
2017.05.01 22:21:56.614,1.11876,1.11881,1.00,2.25
2017.05.01 22:21:57.274,1.11879,1.11882,1.00,5.62
2017.05.01 22:21:57.377,1.1188,1.11883,2.06,1.87
2017.05.01 22:21:57.428,1.11882,1.11883,1.00,1.87
2017.05.01 22:21:57.530,1.11883,1.11888,1.00,2.62
2017.05.01 22:21:57.633,1.11883,1.11889,2.25,1.00
2017.05.01 22:21:58.504,1.11885,1.11889,1.00,1.00
2017.05.01 22:21:59.019,1.11884,1.1189,1.69,1.12
2017.05.01 22:22:00.055,1.11884,1.11889,1.25,1.00
2017.05.01 22:22:00.555,1.11884,1.11887,1.00,1.00
2017.05.01 22:22:04.922,1.11884,1.11886,1.00,1.00
2017.05.01 22:22:05.653,1.11881,1.11885,2.44,1.00
2017.05.01 22:22:05.704,1.11883,1.11886,1.00,1.00
2017.05.01 22:22:06.194,1.11881,1.11886,1.69,1.00
2017.05.01 22:22:06.698,1.11882,1.11886,1.50,1.00
2017.05.01 22:22:08.167,1.11884,1.11887,1.00,1.00
2017.05.01 22:22:08.270,1.11884,1.1189,4.31,1.00
2017.05.01 22:22:08.372,1.11887,1.11893,3.19,1.12
2017.05.01 22:22:08.645,1.11888,1.11894,3.94,1.00
2017.05.01 22:22:14.130,1.11886,1.11893,2.81,2.25
2017.05.01 22:22:14.242,1.11887,1.11893,1.12,1.00
2017.05.01 22:22:16.795,1.11888,1.11893,1.00,1.00
2017.05.01 22:22:17.267,1.11891,1.11896,1.50,1.87
2017.05.01 22:22:17.319,1.11891,1.11896,1.50,1.00
2017.05.01 22:22:18.223,1.11892,1.11896,1.50,1.00
2017.05.01 22:22:18.859,1.11892,1.11895,1.50,1.00
2017.05.01 22:22:19.362,1.11891,1.11894,1.50,1.00
2017.05.01 22:22:19.993,1.1189,1.11894,1.87,1.00
2017.05.01 22:22:21.115,1.11888,1.11892,3.00,1.00
2017.05.01 22:22:21.167,1.11887,1.11891,1.69,1.00
2017.05.01 22:22:22.097,1.11888,1.11891,1.50,1.00
2017.05.01 22:22:22.587,1.1189,1.11892,3.75,1.50
2017.05.01 22:22:22.740,1.1189,1.11896,4.31,1.69
2017.05.01 22:22:22.945,1.11887,1.11893,5.44,1.00
2017.05.01 22:22:23.484,1.11887,1.11892,2.81,1.00
2017.05.01 22:22:30.419,1.11888,1.11893,1.31,1.00
2017.05.01 22:22:30.934,1.11889,1.11893,1.50,1.00
2017.05.01 22:22:35.601,1.11889,1.11894,1.69,1.00
2017.05.01 22:22:37.240,1.11892,1.11897,1.50,3.56
2017.05.01 22:22:37.760,1.11892,1.11897,2.44,3.00
2017.05.01 22:22:38.311,1.11894,1.11897,1.00,1.12
2017.05.01 22:22:38.414,1.11894,1.11899,1.50,1.12
2017.05.01 22:22:38.856,1.11892,1.11898,1.31,1.00
2017.05.01 22:22:39.369,1.11891,1.11897,1.31,1.00
2017.05.01 22:22:43.181,1.11888,1.11894,4.69,2.32
2017.05.01 22:22:43.284,1.11887,1.11892,1.00,2.44
2017.05.01 22:22:43.794,1.11887,1.11893,1.12,1.00
2017.05.01 22:22:44.324,1.11888,1.11894,1.00,1.12
2017.05.01 22:22:45.328,1.11887,1.11894,1.87,1.12
2017.05.01 22:22:50.447,1.11888,1.11894,1.00,1.12
2017.05.01 22:22:51.993,1.11887,1.11893,1.12,1.00
2017.05.01 22:22:52.710,1.11886,1.11892,1.87,1.00
2017.05.01 22:22:53.099,1.11886,1.1189,2.62,1.00
2017.05.01 22:22:53.709,1.11889,1.11894,1.50,1.75
2017.05.01 22:22:53.811,1.1189,1.11895,1.50,2.62
2017.05.01 22:22:53.863,1.11888,1.11895,2.44,2.62
2017.05.01 22:22:54.387,1.11888,1.11893,1.50,1.12
2017.05.01 22:22:57.259,1.1189,1.11897,3.00,2.62
2017.05.01 22:22:57.362,1.11892,1.11897,2.25,1.12
2017.05.01 22:22:58.132,1.11892,1.11898,2.25,3.19
2017.05.01 22:22:58.265,1.11897,1.119,1.00,5.06
2017.05.01 22:22:58.316,1.11895,1.119,3.00,1.50
2017.05.01 22:22:58.839,1.11896,1.11901,1.87,2.25
2017.05.01 22:22:59.261,1.11894,1.11899,1.12,1.00
2017.05.01 22:22:59.313,1.11892,1.11898,3.19,1.00
2017.05.01 22:23:01.301,1.11892,1.11898,2.81,1.00
2017.05.01 22:23:01.620,1.11892,1.11898,3.19,1.00
2017.05.01 22:23:02.324,1.11893,1.119,1.50,4.87
2017.05.01 22:23:03.399,1.11893,1.119,1.50,4.87
2017.05.01 22:23:10.767,1.11893,1.11899,1.12,1.50
2017.05.01 22:23:11.093,1.11893,1.11899,1.00,2.25
2017.05.01 22:23:11.656,1.11892,1.11898,2.25,1.50
2017.05.01 22:23:12.012,1.11891,1.11895,1.00,1.00
2017.05.01 22:23:12.525,1.1189,1.11896,1.00,2.44
2017.05.01 22:23:17.280,1.11891,1.11893,1.00,1.00
2017.05.01 22:23:17.803,1.1189,1.11893,1.00,1.00
2017.05.01 22:23:18.383,1.11891,1.11893,1.00,1.00
2017.05.01 22:23:18.536,1.11891,1.11897,2.25,4.12
2017.05.01 22:23:19.322,1.11892,1.11897,1.00,1.87
2017.05.01 22:23:20.018,1.11892,1.11897,1.00,1.87
2017.05.01 22:23:20.964,1.11892,1.11898,1.00,3.19
2017.05.01 22:23:22.597,1.11891,1.11898,2.62,3.94
2017.05.01 22:23:23.141,1.11892,1.11898,2.44,2.25
2017.05.01 22:23:24.991,1.11895,1.11899,1.50,1.37
2017.05.01 22:23:25.109,1.11895,1.119,1.69,1.50
2017.05.01 22:23:25.690,1.11895,1.11901,2.44,1.50
2017.05.01 22:23:27.583,1.11894,1.119,2.44,1.12
2017.05.01 22:23:28.122,1.11893,1.11899,3.94,1.00
2017.05.01 22:23:30.630,1.11893,1.11899,1.69,2.62
2017.05.01 22:23:33.699,1.11892,1.11898,2.44,1.12
2017.05.01 22:23:38.310,1.11894,1.11899,1.00,2.62
2017.05.01 22:23:38.838,1.11893,1.11899,1.25,3.00
2017.05.01 22:23:42.631,1.11892,1.11897,2.44,1.00
2017.05.01 22:23:45.646,1.11892,1.11898,2.44,1.50
2017.05.01 22:23:46.217,1.11892,1.11898,2.44,1.50
2017.05.01 22:23:58.241,1.11895,1.119,3.00,2.25
2017.05.01 22:23:58.549,1.119,1.11903,1.00,1.00
2017.05.01 22:23:59.050,1.11898,1.11903,2.25,1.00
2017.05.01 22:23:59.586,1.11898,1.11902,1.00,1.00
2017.05.01 22:23:59.954,1.11896,1.11902,1.31,1.00
2017.05.01 22:24:00.515,1.11895,1.11902,2.81,2.62
2017.05.01 22:24:00.695,1.11895,1.11899,2.06,1.00
2017.05.01 22:24:01.308,1.11895,1.119,2.81,1.00
2017.05.01 22:24:03.264,1.11896,1.119,1.00,1.00
2017.05.01 22:24:04.695,1.11897,1.119,1.00,1.00
2017.05.01 22:24:08.074,1.11898,1.11903,1.00,1.37
2017.05.01 22:24:08.390,1.11903,1.11908,1.00,3.00
2017.05.01 22:24:08.442,1.11903,1.11908,1.00,2.62
2017.05.01 22:24:08.697,1.11902,1.11906,1.00,1.50
2017.05.01 22:24:08.748,1.11902,1.11908,1.25,4.87
2017.05.01 22:24:09.514,1.11902,1.11908,1.25,4.12
2017.05.01 22:24:10.026,1.119,1.11906,3.94,1.00
2017.05.01 22:24:11.129,1.11901,1.11907,1.19,3.37
2017.05.01 22:24:11.906,1.11901,1.11906,1.25,1.50
2017.05.01 22:24:12.449,1.119,1.11905,1.31,1.00
2017.05.01 22:24:13.091,1.119,1.11905,1.69,1.00
2017.05.01 22:24:13.682,1.11901,1.11906,2.06,1.00
2017.05.01 22:24:14.881,1.11903,1.11907,1.69,1.00
2017.05.01 22:24:16.016,1.11904,1.11909,1.00,1.12
2017.05.01 22:24:17.628,1.11903,1.11908,1.25,3.37
2017.05.01 22:24:18.145,1.11904,1.11908,1.00,1.12
2017.05.01 22:24:18.797,1.11904,1.1191,1.00,4.50
2017.05.01 22:24:19.593,1.11904,1.1191,1.69,4.50
2017.05.01 22:24:20.840,1.11904,1.1191,1.69,3.75
2017.05.01 22:24:25.080,1.11904,1.11909,3.94,1.00
2017.05.01 22:24:26.154,1.11904,1.11907,1.19,1.00
2017.05.01 22:24:27.173,1.11904,1.11908,1.19,1.00
2017.05.01 22:24:30.133,1.11904,1.11908,4.31,1.00
2017.05.01 22:24:31.208,1.11904,1.11909,4.31,1.00
2017.05.01 22:24:31.759,1.11904,1.11908,4.31,1.00
2017.05.01 22:24:32.390,1.11904,1.11908,3.94,1.00
2017.05.01 22:24:38.215,1.11904,1.11909,4.69,1.00
2017.05.01 22:24:38.808,1.11904,1.1191,4.69,3.00
2017.05.01 22:24:39.335,1.11905,1.11909,1.31,1.00
2017.05.01 22:24:40.116,1.11905,1.1191,1.25,1.00
2017.05.01 22:24:43.663,1.11904,1.11909,5.06,1.00
2017.05.01 22:24:45.244,1.11904,1.1191,5.06,3.00
2017.05.01 22:24:46.232,1.11904,1.1191,3.94,2.25
2017.05.01 22:24:48.055,1.11905,1.1191,1.00,1.12
2017.05.01 22:24:48.614,1.11906,1.1191,1.00,1.12
2017.05.01 22:24:49.153,1.11906,1.11909,1.00,1.00
2017.05.01 22:24:54.894,1.11905,1.11909,1.12,1.00
2017.05.01 22:24:55.433,1.11905,1.11911,1.12,5.25
2017.05.01 22:24:58.242,1.11907,1.11911,1.12,2.62
2017.05.01 22:24:58.548,1.11905,1.11909,1.50,1.00
2017.05.01 22:24:59.227,1.11909,1.11911,1.00,1.87
2017.05.01 22:24:59.768,1.11909,1.11912,1.12,3.37
2017.05.01 22:25:00.533,1.11906,1.1191,1.69,1.87
2017.05.01 22:25:00.738,1.11904,1.11909,3.56,1.00
2017.05.01 22:25:01.369,1.11905,1.1191,1.00,1.12
2017.05.01 22:25:01.913,1.11904,1.1191,3.19,1.87
2017.05.01 22:25:06.277,1.11904,1.11909,4.31,1.00
2017.05.01 22:25:11.068,1.11904,1.1191,4.31,1.00
2017.05.01 22:25:20.432,1.11904,1.11906,1.12,2.25
2017.05.01 22:25:20.536,1.11899,1.11905,5.06,2.62
2017.05.01 22:25:20.587,1.11899,1.119,1.12,3.00
2017.05.01 22:25:20.742,1.11895,1.11899,2.06,1.50
2017.05.01 22:25:21.256,1.11895,1.119,1.00,2.62
2017.05.01 22:25:21.804,1.11895,1.11899,1.00,1.50
2017.05.01 22:25:22.336,1.11894,1.11898,1.00,2.25
2017.05.01 22:25:22.643,1.11892,1.11897,2.06,3.00
2017.05.01 22:25:23.149,1.11891,1.11896,1.69,1.87
2017.05.01 22:25:23.406,1.1189,1.11895,1.25,1.87
2017.05.01 22:25:28.051,1.11891,1.11896,1.00,3.00
2017.05.01 22:25:28.594,1.11892,1.11897,1.00,4.12
2017.05.01 22:25:29.232,1.11891,1.11897,1.31,4.12
2017.05.01 22:25:29.801,1.11891,1.11896,1.31,1.50
2017.05.01 22:25:29.956,1.11893,1.11897,1.00,3.37
2017.05.01 22:25:30.490,1.11892,1.11896,2.06,1.50
2017.05.01 22:25:31.445,1.11892,1.11897,1.69,2.62
2017.05.01 22:25:36.523,1.11892,1.11895,1.25,1.00
2017.05.01 22:25:37.027,1.1189,1.11895,2.44,1.00
2017.05.01 22:25:37.795,1.1189,1.11895,1.69,1.00
2017.05.01 22:25:39.359,1.11889,1.11894,2.81,1.00
2017.05.01 22:25:41.080,1.1189,1.11895,1.25,1.00
2017.05.01 22:25:41.755,1.1189,1.11894,1.25,1.50
2017.05.01 22:25:41.909,1.11888,1.11893,1.25,1.50
2017.05.01 22:25:42.112,1.11891,1.11895,1.00,1.12
2017.05.01 22:25:42.215,1.11893,1.11897,1.25,1.00
2017.05.01 22:25:42.733,1.11893,1.11898,1.00,1.87
2017.05.01 22:25:43.180,1.11896,1.119,1.00,1.37
2017.05.01 22:25:43.689,1.11895,1.119,1.25,1.00
2017.05.01 22:25:44.397,1.11895,1.11899,1.25,1.50
2017.05.01 22:25:44.796,1.11897,1.11901,1.00,2.25
2017.05.01 22:25:50.782,1.11899,1.11903,1.00,3.56
2017.05.01 22:25:50.833,1.11901,1.11903,1.00,1.12
2017.05.01 22:25:50.884,1.11901,1.11905,1.00,1.50
2017.05.01 22:25:51.674,1.11901,1.11907,1.00,4.87
2017.05.01 22:25:52.237,1.119,1.11906,1.69,3.75
2017.05.01 22:25:52.745,1.11899,1.11905,2.44,3.37
2017.05.01 22:25:54.443,1.11898,1.11904,2.06,1.00
2017.05.01 22:25:58.550,1.11898,1.11902,1.31,1.00
2017.05.01 22:25:58.958,1.11896,1.119,2.06,1.00
2017.05.01 22:25:59.184,1.11891,1.11897,1.19,1.12
2017.05.01 22:26:00.941,1.11891,1.11897,3.94,1.00
2017.05.01 22:26:02.163,1.11892,1.11898,1.69,1.12
2017.05.01 22:26:03.660,1.11893,1.11899,1.25,2.62
2017.05.01 22:26:07.703,1.11894,1.11899,1.00,2.06
2017.05.01 22:26:10.184,1.11894,1.119,1.00,1.31
2017.05.01 22:26:10.865,1.11895,1.11901,1.00,3.19
2017.05.01 22:26:11.414,1.11897,1.11903,1.00,1.69
2017.05.01 22:26:11.965,1.11897,1.11903,1.12,1.25
2017.05.01 22:26:14.022,1.11899,1.11904,1.00,2.81
2017.05.01 22:26:18.922,1.11896,1.119,1.50,1.50
2017.05.01 22:26:19.434,1.11896,1.11902,1.00,2.81
2017.05.01 22:26:20.814,1.11897,1.11902,1.00,2.06
2017.05.01 22:26:21.121,1.11899,1.11903,1.00,2.06
2017.05.01 22:26:21.747,1.11899,1.11903,1.00,2.06
2017.05.01 22:26:23.173,1.11899,1.11902,1.00,1.00
2017.05.01 22:26:23.702,1.11898,1.11902,1.00,2.81
2017.05.01 22:26:28.673,1.11902,1.11903,1.00,1.25
2017.05.01 22:26:28.725,1.119,1.11905,1.00,2.25
2017.05.01 22:26:28.776,1.119,1.11905,1.00,2.44
2017.05.01 22:26:29.040,1.11901,1.11906,1.00,1.31
2017.05.01 22:26:41.344,1.11902,1.11907,1.00,2.44
2017.05.01 22:26:41.863,1.11903,1.11907,1.00,2.06
2017.05.01 22:26:44.851,1.11904,1.11908,1.00,2.25
2017.05.01 22:26:46.225,1.11902,1.11906,1.00,1.50
2017.05.01 22:26:46.897,1.11901,1.11906,1.00,1.87
2017.05.01 22:26:48.981,1.11902,1.11907,1.00,1.87
2017.05.01 22:26:50.384,1.11903,1.11908,1.00,4.12
2017.05.01 22:26:51.887,1.11902,1.11908,1.00,4.31
2017.05.01 22:27:10.035,1.11902,1.11907,1.00,1.50
2017.05.01 22:27:16.182,1.11903,1.11907,1.00,1.87
2017.05.01 22:27:27.945,1.11903,1.11909,1.00,4.12
2017.05.01 22:27:28.447,1.11903,1.11909,1.50,2.25
2017.05.01 22:27:32.828,1.11902,1.11908,1.12,2.25
2017.05.01 22:27:32.880,1.11901,1.11906,2.62,1.87
2017.05.01 22:27:42.042,1.119,1.11906,1.00,2.62
2017.05.01 22:27:42.849,1.11901,1.11906,1.00,2.62
2017.05.01 22:27:43.380,1.11902,1.11906,1.00,2.62
2017.05.01 22:27:44.440,1.11899,1.11904,2.44,1.00
2017.05.01 22:27:44.952,1.11897,1.11904,6.19,1.00
2017.05.01 22:27:45.671,1.11897,1.11902,3.19,1.00
2017.05.01 22:27:46.207,1.11897,1.11902,1.12,1.00
2017.05.01 22:27:48.036,1.11897,1.11904,1.12,1.87
2017.05.01 22:27:48.812,1.11898,1.11904,1.00,1.87
2017.05.01 22:28:09.321,1.11902,1.11905,1.00,2.44
2017.05.01 22:28:09.872,1.11902,1.11905,1.00,1.87
2017.05.01 22:28:11.084,1.11902,1.11907,1.00,2.81
2017.05.01 22:28:18.095,1.11902,1.11908,3.37,1.50
2017.05.01 22:28:19.581,1.11903,1.11909,1.00,3.56
2017.05.01 22:28:20.822,1.11905,1.1191,1.00,2.00
2017.05.01 22:28:20.874,1.11905,1.11911,2.25,3.94
2017.05.01 22:28:21.593,1.11905,1.1191,1.00,1.50
2017.05.01 22:28:24.852,1.11907,1.11912,2.25,1.31
2017.05.01 22:28:24.904,1.11908,1.11914,2.44,1.12
2017.05.01 22:28:25.419,1.11909,1.11915,1.00,3.94
2017.05.01 22:28:28.098,1.11908,1.11914,1.31,2.25
2017.05.01 22:28:28.404,1.11907,1.11912,1.00,1.00
2017.05.01 22:28:32.447,1.11906,1.11911,1.31,3.37
2017.05.01 22:28:32.766,1.11908,1.11913,1.00,2.06
2017.05.01 22:28:33.123,1.11905,1.1191,1.75,1.00
2017.05.01 22:28:33.175,1.11905,1.1191,1.12,2.25
2017.05.01 22:28:36.207,1.11904,1.1191,1.12,2.44
2017.05.01 22:28:36.715,1.11903,1.11909,1.00,1.31
2017.05.01 22:28:37.918,1.11902,1.11908,1.25,2.62
2017.05.01 22:28:38.406,1.11907,1.1191,1.00,1.87
2017.05.01 22:28:38.457,1.11907,1.1191,3.00,1.12
2017.05.01 22:28:38.509,1.11909,1.11915,2.25,2.81
2017.05.01 22:28:38.561,1.1191,1.11915,1.00,1.69
2017.05.01 22:28:41.825,1.11909,1.11915,1.87,1.69
2017.05.01 22:28:44.774,1.1191,1.11915,1.50,1.31
2017.05.01 22:28:44.825,1.11912,1.11916,2.25,1.12
2017.05.01 22:28:44.877,1.11913,1.11919,1.12,3.94
2017.05.01 22:28:44.979,1.11917,1.11922,1.00,3.75
2017.05.01 22:28:45.149,1.1192,1.11924,1.00,1.69
2017.05.01 22:28:45.658,1.11918,1.11924,3.56,1.87
2017.05.01 22:28:46.171,1.11918,1.11924,3.19,1.87
2017.05.01 22:28:47.961,1.11918,1.11923,2.62,1.50
2017.05.01 22:28:48.115,1.11916,1.11921,2.25,1.25
2017.05.01 22:28:48.270,1.11911,1.11917,1.19,2.25
2017.05.01 22:28:48.801,1.11912,1.11918,1.25,2.25
2017.05.01 22:28:49.361,1.11911,1.11914,1.00,1.50
2017.05.01 22:28:49.463,1.11906,1.1191,1.87,1.00
2017.05.01 22:28:49.565,1.11903,1.1191,1.00,3.56
2017.05.01 22:28:49.668,1.11902,1.11907,1.00,2.06
2017.05.01 22:28:49.720,1.119,1.11906,1.00,1.50
2017.05.01 22:28:49.924,1.11899,1.11905,1.00,2.81
2017.05.01 22:28:53.076,1.11901,1.11906,1.00,3.94
2017.05.01 22:28:53.585,1.11902,1.11906,1.00,3.94
2017.05.01 22:28:54.390,1.11902,1.11907,1.00,3.75
2017.05.01 22:28:55.602,1.11902,1.11908,1.00,3.94
2017.05.01 22:28:56.257,1.11903,1.11908,1.00,2.62
2017.05.01 22:28:56.575,1.11901,1.11905,1.00,1.87
2017.05.01 22:28:57.252,1.11901,1.11906,1.00,1.87
2017.05.01 22:28:58.349,1.11902,1.11906,1.00,1.87
2017.05.01 22:29:11.999,1.11901,1.11907,1.00,2.06
2017.05.01 22:29:12.332,1.11903,1.11909,1.00,2.62
2017.05.01 22:29:12.924,1.11904,1.11909,1.00,1.87
2017.05.01 22:29:16.705,1.11905,1.1191,1.00,2.06
2017.05.01 22:29:17.215,1.11905,1.1191,1.00,2.06
2017.05.01 22:29:18.709,1.11905,1.1191,1.12,1.31
2017.05.01 22:29:24.421,1.11905,1.11911,1.12,1.00
2017.05.01 22:29:24.971,1.11905,1.1191,1.12,1.25
2017.05.01 22:29:33.042,1.11906,1.1191,1.00,1.00
2017.05.01 22:29:33.551,1.11905,1.1191,1.00,1.12
2017.05.01 22:29:39.450,1.11905,1.11911,1.00,4.50
2017.05.01 22:29:42.363,1.11906,1.11912,1.00,6.19
2017.05.01 22:29:43.754,1.11906,1.1191,1.00,1.00
2017.05.01 22:29:47.721,1.11905,1.1191,1.12,1.00
2017.05.01 22:29:49.275,1.11905,1.11911,1.12,2.62
2017.05.01 22:29:54.389,1.11907,1.11912,1.00,1.12
2017.05.01 22:29:54.695,1.11906,1.1191,1.00,1.00
2017.05.01 22:29:55.373,1.11906,1.11911,1.00,1.00
2017.05.01 22:29:56.382,1.11906,1.1191,1.00,1.00
2017.05.01 22:30:01.398,1.11906,1.11911,1.50,2.70
2017.05.01 22:30:02.628,1.11906,1.1191,1.50,1.00
2017.05.01 22:30:03.517,1.11906,1.11911,1.50,1.12
2017.05.01 22:30:05.670,1.11908,1.11914,1.00,4.69
2017.05.01 22:30:05.721,1.11906,1.11912,3.00,1.12
2017.05.01 22:30:05.976,1.11907,1.1191,1.00,1.00
2017.05.01 22:30:06.623,1.11906,1.1191,3.37,1.00
2017.05.01 22:30:08.776,1.11906,1.11911,1.50,1.00
2017.05.01 22:30:09.100,1.11911,1.11915,1.00,1.50
2017.05.01 22:30:09.716,1.11911,1.11915,1.50,1.87
2017.05.01 22:30:10.755,1.11911,1.11916,1.50,3.19
2017.05.01 22:30:11.061,1.1191,1.11914,1.00,1.75
2017.05.01 22:30:18.001,1.1191,1.11915,1.00,3.19
2017.05.01 22:30:18.409,1.11908,1.11913,1.50,4.31
2017.05.01 22:30:18.919,1.11909,1.11913,1.00,1.87
2017.05.01 22:30:19.601,1.1191,1.11914,1.00,1.75
2017.05.01 22:30:20.148,1.11911,1.11914,1.00,1.75
2017.05.01 22:30:21.117,1.11911,1.11915,1.00,1.75
2017.05.01 22:30:24.079,1.11911,1.11915,1.12,1.12
2017.05.01 22:30:24.282,1.11911,1.11913,1.00,1.10
2017.05.01 22:30:24.385,1.11909,1.11914,1.00,2.00
2017.05.01 22:30:24.973,1.11911,1.11915,2.62,3.37
2017.05.01 22:30:25.025,1.11917,1.1192,1.00,1.39
2017.05.01 22:30:25.077,1.11916,1.11919,10.69,1.37
2017.05.01 22:30:25.129,1.11917,1.1192,2.25,1.00
2017.05.01 22:30:25.638,1.11916,1.11919,2.44,1.00
2017.05.01 22:30:27.192,1.11917,1.11923,3.94,4.57
2017.05.01 22:30:27.243,1.11919,1.11923,1.00,3.00
2017.05.01 22:30:30.703,1.11918,1.11923,3.37,1.87
2017.05.01 22:30:31.211,1.11918,1.11922,1.19,1.12
2017.05.01 22:30:31.517,1.11917,1.1192,1.12,1.00
2017.05.01 22:30:32.315,1.11916,1.1192,2.81,1.00
2017.05.01 22:30:32.643,1.11919,1.11922,1.00,1.12
2017.05.01 22:30:33.154,1.1192,1.11922,1.50,1.00
2017.05.01 22:30:33.693,1.11919,1.11922,1.87,1.00
2017.05.01 22:30:34.274,1.1192,1.11922,1.50,1.00
2017.05.01 22:30:34.674,1.11918,1.11921,2.25,1.00
2017.05.01 22:30:34.828,1.11916,1.1192,3.56,1.00
2017.05.01 22:30:35.364,1.11916,1.11921,5.06,1.00
2017.05.01 22:30:35.894,1.11917,1.11922,1.00,2.81
2017.05.01 22:30:37.653,1.11915,1.1192,7.69,1.00
2017.05.01 22:30:38.206,1.11916,1.11921,1.00,1.00
2017.05.01 22:30:38.795,1.11916,1.11922,2.25,1.31
2017.05.01 22:30:42.673,1.11918,1.11923,1.25,2.25
2017.05.01 22:30:43.476,1.1192,1.11924,1.12,3.00
2017.05.01 22:30:43.527,1.11921,1.11926,1.00,1.50
2017.05.01 22:30:44.051,1.11922,1.11927,1.00,2.44
2017.05.01 22:30:53.278,1.11924,1.11928,1.00,2.06
2017.05.01 22:30:54.523,1.11925,1.11928,1.00,2.44
2017.05.01 22:30:58.654,1.11926,1.11929,1.00,2.44
2017.05.01 22:30:58.706,1.11927,1.1193,1.00,2.25
2017.05.01 22:30:58.757,1.11927,1.11931,1.00,1.12
2017.05.01 22:30:59.266,1.11928,1.11931,1.00,1.12
2017.05.01 22:30:59.837,1.11928,1.11932,1.00,1.69
2017.05.01 22:31:00.582,1.11926,1.11931,3.19,1.00
2017.05.01 22:31:01.091,1.11926,1.11932,1.69,2.62
2017.05.01 22:31:03.563,1.11928,1.11932,1.00,1.95
2017.05.01 22:31:03.817,1.1193,1.11933,1.00,1.50
2017.05.01 22:31:03.920,1.11931,1.11935,1.00,2.44
2017.05.01 22:31:03.971,1.11934,1.11936,1.00,1.87
2017.05.01 22:31:04.023,1.11935,1.11938,1.00,1.50
2017.05.01 22:31:04.075,1.11935,1.11939,1.00,2.62
2017.05.01 22:31:04.583,1.11934,1.11939,1.12,2.62
2017.05.01 22:31:05.112,1.11935,1.11941,1.00,5.81
2017.05.01 22:31:05.986,1.11935,1.1194,1.00,1.37
2017.05.01 22:31:06.342,1.11939,1.1194,1.00,1.00
2017.05.01 22:31:06.445,1.11937,1.11942,1.00,2.25
2017.05.01 22:31:06.750,1.1194,1.11942,1.37,1.12
2017.05.01 22:31:06.802,1.11939,1.11944,1.12,3.75
2017.05.01 22:31:07.319,1.1194,1.11945,1.00,2.62
2017.05.01 22:31:08.238,1.11941,1.11944,1.00,1.50
2017.05.01 22:31:09.751,1.11942,1.11945,2.62,1.50
2017.05.01 22:31:09.853,1.11942,1.11947,1.00,3.94
2017.05.01 22:31:09.905,1.11942,1.11947,1.37,3.75
2017.05.01 22:31:10.416,1.11943,1.11946,1.00,1.00
2017.05.01 22:31:10.944,1.11942,1.11947,1.12,3.56
2017.05.01 22:31:14.961,1.11942,1.11947,1.37,5.06
2017.05.01 22:31:15.063,1.11941,1.11946,3.94,1.12
2017.05.01 22:31:15.571,1.11941,1.11946,2.44,1.12
2017.05.01 22:31:16.208,1.11941,1.11946,1.00,1.31
2017.05.01 22:31:16.892,1.1194,1.11945,3.94,1.25
2017.05.01 22:31:17.506,1.11941,1.11946,1.00,1.19
2017.05.01 22:31:20.723,1.1194,1.11945,2.81,1.25
2017.05.01 22:31:20.774,1.11939,1.11943,2.25,1.00
2017.05.01 22:31:20.928,1.11937,1.11942,4.69,1.00
2017.05.01 22:31:21.452,1.11938,1.11943,1.00,1.00
2017.05.01 22:31:22.759,1.11939,1.11944,1.00,3.94
2017.05.01 22:31:25.123,1.11937,1.11942,3.94,1.00
2017.05.01 22:31:32.985,1.11936,1.1194,2.44,1.00
2017.05.01 22:31:33.240,1.11934,1.11938,1.69,1.00
2017.05.01 22:31:33.749,1.11934,1.11939,1.00,1.00
2017.05.01 22:31:35.132,1.11933,1.11938,2.81,1.00
2017.05.01 22:31:35.793,1.11934,1.11939,1.00,1.00
2017.05.01 22:31:36.586,1.11935,1.1194,1.00,3.19
2017.05.01 22:31:38.526,1.11935,1.1194,1.00,5.06
2017.05.01 22:31:39.396,1.11932,1.11936,2.44,1.00
2017.05.01 22:31:40.578,1.11931,1.11935,3.19,1.00
2017.05.01 22:31:40.732,1.11931,1.11934,1.12,1.00
2017.05.01 22:31:41.247,1.1193,1.11933,1.00,1.00
2017.05.01 22:31:45.998,1.1193,1.11935,1.50,1.50
2017.05.01 22:31:52.303,1.11932,1.11936,1.00,2.06
2017.05.01 22:31:52.456,1.11929,1.11933,1.00,2.25
2017.05.01 22:31:52.657,1.11927,1.11932,1.12,2.62
2017.05.01 22:31:53.074,1.11926,1.11931,1.00,1.69
2017.05.01 22:31:53.584,1.11926,1.11929,1.00,1.50
2017.05.01 22:31:54.273,1.11925,1.11929,1.50,1.50
2017.05.01 22:31:56.176,1.11927,1.1193,1.00,2.06
2017.05.01 22:31:56.227,1.11928,1.11932,1.00,4.12
2017.05.01 22:31:56.329,1.11931,1.11934,1.00,3.37
2017.05.01 22:31:56.429,1.11931,1.11936,1.00,3.94
2017.05.01 22:31:59.832,1.11932,1.11935,1.00,2.06
2017.05.01 22:31:59.934,1.1193,1.11935,1.00,3.56
2017.05.01 22:32:00.378,1.11927,1.1193,1.50,1.69
2017.05.01 22:32:00.887,1.11927,1.1193,1.00,1.50
2017.05.01 22:32:01.193,1.11931,1.11936,1.00,5.44
2017.05.01 22:32:01.723,1.11931,1.11936,1.00,4.31
2017.05.01 22:32:02.451,1.11932,1.11936,1.00,2.25
2017.05.01 22:32:03.240,1.11931,1.11935,1.00,1.50
2017.05.01 22:32:09.630,1.1193,1.11934,1.00,1.12
2017.05.01 22:32:11.454,1.1193,1.11933,1.00,1.00
2017.05.01 22:32:13.136,1.1193,1.11932,1.00,1.00
2017.05.01 22:32:13.676,1.11929,1.11934,1.50,3.00
2017.05.01 22:32:14.195,1.11929,1.11934,1.50,1.12
2017.05.01 22:32:14.712,1.11931,1.11935,1.00,1.50
2017.05.01 22:32:19.604,1.1193,1.11934,1.00,1.12
2017.05.01 22:32:22.407,1.11929,1.11934,3.19,1.12
2017.05.01 22:32:24.059,1.11929,1.11933,1.25,1.00
2017.05.01 22:32:24.580,1.11928,1.11932,1.69,1.00
2017.05.01 22:32:28.225,1.11928,1.11931,1.00,1.00
2017.05.01 22:32:29.449,1.11928,1.11932,1.00,2.25
2017.05.01 22:32:32.402,1.1193,1.11932,1.00,1.12
2017.05.01 22:32:32.916,1.1193,1.11934,1.00,3.00
2017.05.01 22:32:33.525,1.1193,1.11934,1.00,2.62
2017.05.01 22:32:36.137,1.11929,1.11934,1.50,1.12
2017.05.01 22:32:38.353,1.1193,1.11935,1.00,3.19
2017.05.01 22:32:39.678,1.11929,1.11935,1.00,3.56
2017.05.01 22:32:39.979,1.11926,1.11931,1.00,1.94
2017.05.01 22:32:40.152,1.11928,1.11932,1.00,1.31
2017.05.01 22:32:40.307,1.11926,1.11932,1.69,3.37
2017.05.01 22:32:40.429,1.11925,1.11929,1.25,1.00
2017.05.01 22:32:40.959,1.11924,1.11929,1.69,3.00
2017.05.01 22:32:41.484,1.11924,1.11929,1.00,3.00
2017.05.01 22:32:41.994,1.11923,1.11928,1.00,1.12
2017.05.01 22:32:42.452,1.11926,1.11931,2.25,4.12
2017.05.01 22:32:42.630,1.11928,1.11933,2.25,1.50
2017.05.01 22:32:43.038,1.11924,1.11929,2.44,1.00
2017.05.01 22:32:43.547,1.11924,1.11929,1.00,2.62
2017.05.01 22:32:44.330,1.11923,1.11929,1.69,2.62
2017.05.01 22:32:46.765,1.11925,1.11929,1.00,1.87
2017.05.01 22:32:48.429,1.11926,1.1193,1.00,2.25
2017.05.01 22:32:48.944,1.11925,1.1193,1.00,3.75
2017.05.01 22:32:49.285,1.11926,1.11929,1.00,1.87
2017.05.01 22:32:51.297,1.11926,1.11929,1.00,1.87
2017.05.01 22:32:51.604,1.1193,1.11933,1.00,2.25
2017.05.01 22:32:51.706,1.1193,1.11933,1.00,1.87
2017.05.01 22:32:52.221,1.11931,1.11934,1.00,1.87
2017.05.01 22:32:56.013,1.1193,1.11932,1.00,1.50
2017.05.01 22:32:56.522,1.1193,1.11933,1.00,1.50
2017.05.01 22:32:56.929,1.11932,1.11934,1.00,2.62
2017.05.01 22:32:57.551,1.11932,1.11935,1.00,1.50
2017.05.01 22:32:58.746,1.11932,1.11936,1.00,2.25
2017.05.01 22:33:00.322,1.1193,1.11934,1.12,1.50
2017.05.01 22:33:00.627,1.11928,1.11932,1.00,4.12
2017.05.01 22:33:01.902,1.11929,1.11933,1.50,2.25
2017.05.01 22:33:02.207,1.11931,1.11935,1.00,1.12
2017.05.01 22:33:04.055,1.11931,1.11936,1.00,3.00
2017.05.01 22:33:04.766,1.11932,1.11936,1.00,2.25
2017.05.01 22:33:07.363,1.11933,1.11936,1.00,1.12
2017.05.01 22:33:07.922,1.11932,1.11936,1.00,2.25
2017.05.01 22:33:10.293,1.11933,1.11936,1.00,1.12
2017.05.01 22:33:10.813,1.11934,1.11937,1.12,1.12
2017.05.01 22:33:11.526,1.11933,1.11936,1.00,2.25
2017.05.01 22:33:11.986,1.11935,1.11937,1.00,4.12
2017.05.01 22:33:12.038,1.11936,1.1194,1.00,3.90
2017.05.01 22:33:13.053,1.11936,1.1194,1.00,1.00
2017.05.01 22:33:15.020,1.11937,1.1194,1.00,1.87
2017.05.01 22:33:15.527,1.11936,1.11939,1.00,1.00
2017.05.01 22:33:16.137,1.11936,1.1194,1.00,2.25
2017.05.01 22:33:17.547,1.11935,1.11938,1.00,1.50
2017.05.01 22:33:17.749,1.11933,1.11937,1.00,3.37
2017.05.01 22:33:18.054,1.11935,1.11937,1.00,1.50
2017.05.01 22:33:18.577,1.11936,1.11939,1.00,2.62
2017.05.01 22:33:19.944,1.11936,1.1194,1.00,2.62
2017.05.01 22:33:20.488,1.11935,1.11939,1.00,1.00
2017.05.01 22:33:21.245,1.11935,1.11937,1.00,1.00
2017.05.01 22:33:21.754,1.11934,1.11937,1.00,1.87
2017.05.01 22:33:23.058,1.11934,1.11939,1.00,3.75
2017.05.01 22:33:23.478,1.11936,1.11939,1.00,1.87
2017.05.01 22:33:23.580,1.11937,1.1194,1.00,1.00
2017.05.01 22:33:24.089,1.11938,1.11941,1.00,1.00
2017.05.01 22:33:29.724,1.11938,1.11942,1.00,2.25
2017.05.01 22:33:30.248,1.11939,1.11942,1.00,2.25
2017.05.01 22:33:38.859,1.1194,1.11942,1.00,1.50
2017.05.01 22:33:39.530,1.11941,1.11944,1.00,3.00
2017.05.01 22:33:40.034,1.11941,1.11944,1.00,1.50
2017.05.01 22:33:44.024,1.11939,1.11943,1.00,1.50
2017.05.01 22:33:44.126,1.11937,1.11942,1.12,2.44
2017.05.01 22:33:44.656,1.11937,1.11942,1.00,5.62
2017.05.01 22:33:45.593,1.11937,1.11941,1.00,1.37
2017.05.01 22:33:46.593,1.11937,1.11941,1.00,1.12
2017.05.01 22:33:47.630,1.11939,1.11942,1.00,1.50
2017.05.01 22:33:47.681,1.11939,1.11944,1.00,1.50
2017.05.01 22:33:48.911,1.1194,1.11944,1.00,1.50
2017.05.01 22:33:49.429,1.11939,1.11944,1.00,1.50
2017.05.01 22:33:52.156,1.1194,1.11944,1.25,1.50
2017.05.01 22:33:52.695,1.11941,1.11944,1.00,1.12
2017.05.01 22:33:53.353,1.11941,1.11946,1.00,3.94
2017.05.01 22:33:54.195,1.11941,1.11946,1.00,2.44
2017.05.01 22:34:00.631,1.11939,1.11944,1.69,1.00
2017.05.01 22:34:04.441,1.11939,1.11942,1.31,1.00
2017.05.01 22:34:04.594,1.11935,1.1194,4.31,1.00
2017.05.01 22:34:05.100,1.11934,1.11939,1.69,1.00
2017.05.01 22:34:05.894,1.11934,1.11938,1.19,1.00
2017.05.01 22:34:07.115,1.11933,1.11938,4.69,1.00
2017.05.01 22:34:14.516,1.11932,1.11935,1.69,1.00
2017.05.01 22:34:14.669,1.11929,1.11933,1.50,1.00
2017.05.01 22:34:14.771,1.11927,1.11931,3.37,1.00
2017.05.01 22:34:14.823,1.11926,1.11932,6.37,1.00
2017.05.01 22:34:15.027,1.11926,1.11932,4.87,1.12
2017.05.01 22:34:18.723,1.11928,1.11933,1.00,1.50
2017.05.01 22:34:19.243,1.11928,1.11933,1.00,1.12
2017.05.01 22:34:33.326,1.1193,1.11936,1.00,4.31
2017.05.01 22:34:33.377,1.11929,1.11935,1.50,1.19
2017.05.01 22:34:34.221,1.1193,1.11935,1.00,1.87
2017.05.01 22:34:39.977,1.11929,1.11935,1.12,3.19
2017.05.01 22:34:40.933,1.11928,1.11934,2.25,2.44
2017.05.01 22:34:43.431,1.11929,1.11935,1.00,2.44
2017.05.01 22:34:43.944,1.1193,1.11935,1.00,1.25
2017.05.01 22:34:47.297,1.1193,1.11936,1.50,1.12
2017.05.01 22:34:51.565,1.11932,1.11937,1.00,3.19
2017.05.01 22:34:53.354,1.11933,1.11937,1.00,1.00
2017.05.01 22:34:54.301,1.11934,1.11938,1.00,1.87
2017.05.01 22:34:54.404,1.11936,1.1194,1.00,1.87
2017.05.01 22:35:01.102,1.11937,1.11942,1.00,3.00
2017.05.01 22:35:07.121,1.11937,1.11942,1.00,3.00
2017.05.01 22:35:07.644,1.11936,1.11942,1.00,2.62
2017.05.01 22:35:12.650,1.1194,1.11942,1.00,1.00
2017.05.01 22:35:12.752,1.1194,1.11944,1.00,1.50
2017.05.01 22:35:13.826,1.1194,1.11945,1.00,1.87
2017.05.01 22:35:16.071,1.1194,1.11945,1.00,2.62
2017.05.01 22:35:17.094,1.1194,1.11945,1.00,2.62
2017.05.01 22:35:18.070,1.1194,1.11945,1.00,2.62
2017.05.01 22:35:18.912,1.11939,1.11945,1.00,2.62
2017.05.01 22:35:19.934,1.11938,1.11944,3.00,1.50
2017.05.01 22:35:19.985,1.11938,1.11942,1.87,1.00
2017.05.01 22:35:20.292,1.11936,1.11941,1.25,1.00
2017.05.01 22:35:22.323,1.11935,1.1194,1.31,1.00
2017.05.01 22:35:22.905,1.11936,1.11942,1.25,2.62
2017.05.01 22:35:24.993,1.11936,1.11941,1.00,2.25
2017.05.01 22:35:25.502,1.11935,1.11941,1.00,3.00
2017.05.01 22:35:27.745,1.11935,1.11941,1.00,5.25
2017.05.01 22:35:27.847,1.11936,1.11941,1.00,1.50
2017.05.01 22:35:30.326,1.11936,1.11942,1.00,2.81
2017.05.01 22:35:30.693,1.11938,1.11942,1.00,2.06
2017.05.01 22:35:30.795,1.11936,1.11942,1.31,1.12
2017.05.01 22:35:30.998,1.11936,1.1194,1.00,1.00
2017.05.01 22:35:31.537,1.11935,1.11939,1.25,1.00
2017.05.01 22:35:31.860,1.11931,1.11936,1.69,1.00
2017.05.01 22:35:32.406,1.1193,1.11936,3.56,1.00
2017.05.01 22:35:33.524,1.1193,1.11935,1.69,1.00
2017.05.01 22:35:34.045,1.11929,1.11935,1.31,1.00
2017.05.01 22:35:36.469,1.11928,1.11934,1.31,2.25
2017.05.01 22:35:37.088,1.11928,1.11934,1.31,1.50
2017.05.01 22:35:44.491,1.11928,1.11933,1.25,1.50
2017.05.01 22:35:45.029,1.11929,1.11934,1.25,1.12
2017.05.01 22:35:45.626,1.11929,1.11935,2.44,1.12
2017.05.01 22:35:46.044,1.11928,1.11933,2.81,1.00
2017.05.01 22:35:46.599,1.11927,1.11933,2.06,1.00
2017.05.01 22:35:47.774,1.11927,1.11932,1.31,1.00
2017.05.01 22:35:50.034,1.11926,1.11932,2.44,1.00
2017.05.01 22:35:50.623,1.11928,1.11933,2.25,1.00
2017.05.01 22:35:51.145,1.11927,1.11933,2.81,1.00
2017.05.01 22:35:51.647,1.11933,1.11937,1.00,2.44
2017.05.01 22:35:51.750,1.11935,1.1194,1.00,7.12
2017.05.01 22:35:51.801,1.11935,1.11941,1.25,1.87
2017.05.01 22:35:52.208,1.11936,1.11942,1.31,1.00
2017.05.01 22:35:52.751,1.11937,1.11943,1.00,2.25
2017.05.01 22:35:52.802,1.11939,1.11943,1.00,1.50
2017.05.01 22:35:52.854,1.11939,1.11945,2.44,1.12
2017.05.01 22:35:53.531,1.1194,1.11945,1.00,1.12
2017.05.01 22:35:55.209,1.11939,1.11945,1.12,1.87
2017.05.01 22:36:00.041,1.11941,1.11945,2.62,1.87
2017.05.01 22:36:00.550,1.11939,1.11944,2.62,1.00
2017.05.01 22:36:01.116,1.11938,1.11944,2.81,1.00
2017.05.01 22:36:04.406,1.1194,1.11945,1.00,1.00
2017.05.01 22:36:05.366,1.1194,1.11945,1.00,3.75
2017.05.01 22:36:05.621,1.11938,1.11944,1.00,2.25
2017.05.01 22:36:06.735,1.11939,1.11944,1.00,3.37
2017.05.01 22:36:08.379,1.1194,1.11945,1.00,3.37
2017.05.01 22:36:08.889,1.1194,1.11946,1.00,3.00
2017.05.01 22:36:09.394,1.11941,1.11946,1.00,3.00
2017.05.01 22:36:13.563,1.1194,1.11945,1.69,1.12
2017.05.01 22:36:14.569,1.11941,1.11946,1.00,2.62
2017.05.01 22:36:16.157,1.11939,1.11944,1.39,1.00
2017.05.01 22:36:16.732,1.1194,1.11943,1.00,1.00
2017.05.01 22:36:17.802,1.1194,1.11945,1.00,2.62
2017.05.01 22:36:20.197,1.11941,1.11945,1.00,1.00
2017.05.01 22:36:23.743,1.1194,1.11946,1.76,1.87
2017.05.01 22:36:24.422,1.1194,1.11946,2.89,1.12
2017.05.01 22:36:29.301,1.1194,1.11945,1.31,1.00
2017.05.01 22:36:31.073,1.1194,1.11944,1.25,1.50
2017.05.01 22:36:32.377,1.11938,1.11943,1.69,1.00
2017.05.01 22:36:35.041,1.11938,1.11942,1.00,1.00
2017.05.01 22:36:36.203,1.11936,1.11941,5.44,1.00
2017.05.01 22:36:42.695,1.11936,1.11941,2.06,1.00
2017.05.01 22:36:44.678,1.11937,1.11942,1.00,1.00
2017.05.01 22:36:45.350,1.1194,1.11944,1.00,3.37
2017.05.01 22:36:45.859,1.1194,1.11944,1.00,1.87
2017.05.01 22:36:47.371,1.11939,1.11942,1.00,1.00
2017.05.01 22:36:47.910,1.11938,1.11941,1.00,1.00
2017.05.01 22:36:48.413,1.11938,1.11943,1.00,3.00
2017.05.01 22:36:49.023,1.11939,1.11943,1.00,1.87
2017.05.01 22:36:52.112,1.11941,1.11944,1.00,1.12
2017.05.01 22:36:52.164,1.11941,1.11945,1.00,1.87
2017.05.01 22:36:52.718,1.11941,1.11946,1.00,2.44
2017.05.01 22:36:53.248,1.11941,1.11945,1.00,2.62
2017.05.01 22:36:57.171,1.1194,1.11945,1.25,1.12
2017.05.01 22:36:59.479,1.11939,1.11944,1.00,1.50
2017.05.01 22:36:59.581,1.11937,1.11942,2.06,1.00
2017.05.01 22:37:00.104,1.11937,1.11942,1.31,1.00
2017.05.01 22:37:04.515,1.11936,1.11941,3.94,1.00
2017.05.01 22:37:06.658,1.11936,1.1194,2.44,1.00
2017.05.01 22:37:11.608,1.11935,1.11938,1.31,1.50
2017.05.01 22:37:11.815,1.11929,1.11934,2.81,1.00
2017.05.01 22:37:11.927,1.11932,1.11935,1.00,1.00
2017.05.01 22:37:11.979,1.11933,1.11937,3.56,1.12
2017.05.01 22:37:12.443,1.11933,1.11935,1.12,1.00
2017.05.01 22:37:12.953,1.11932,1.11936,1.62,1.12
2017.05.01 22:37:14.274,1.11934,1.11937,1.12,1.12
2017.05.01 22:37:17.668,1.11933,1.11937,2.62,1.00
2017.05.01 22:37:18.483,1.11933,1.11939,2.62,1.50
2017.05.01 22:37:19.009,1.11934,1.11939,3.19,1.50
2017.05.01 22:37:20.612,1.11934,1.11939,1.25,1.00
2017.05.01 22:37:21.257,1.11934,1.11939,2.06,1.37
2017.05.01 22:37:22.181,1.11934,1.11939,2.81,1.00
2017.05.01 22:37:22.723,1.11934,1.1194,2.44,1.37
2017.05.01 22:37:23.261,1.11935,1.1194,1.12,1.12
2017.05.01 22:37:23.605,1.11935,1.1194,1.12,1.27
2017.05.01 22:37:24.547,1.11935,1.1194,1.87,1.37
2017.05.01 22:37:25.571,1.11935,1.1194,1.87,1.12
2017.05.01 22:37:26.075,1.11936,1.11941,1.12,3.90
2017.05.01 22:37:45.770,1.11936,1.1194,1.12,1.87
2017.05.01 22:37:47.323,1.11936,1.1194,1.12,1.87
2017.05.01 22:37:47.957,1.11936,1.11941,1.62,1.50
2017.05.01 22:37:49.775,1.11936,1.11941,2.06,1.12
2017.05.01 22:37:52.774,1.11937,1.11941,1.12,1.12
2017.05.01 22:38:03.677,1.11937,1.11942,1.12,3.75
2017.05.01 22:38:04.188,1.11936,1.11942,1.87,3.00
2017.05.01 22:38:04.842,1.11937,1.11942,1.12,3.00
2017.05.01 22:38:10.427,1.11936,1.1194,1.00,1.37
2017.05.01 22:38:10.931,1.11935,1.1194,1.00,4.12
2017.05.01 22:38:11.476,1.11934,1.1194,1.69,4.12
2017.05.01 22:38:13.411,1.11933,1.11938,2.44,1.00
2017.05.01 22:38:20.167,1.11933,1.11937,1.50,2.62
2017.05.01 22:38:20.270,1.1193,1.11935,2.81,1.00
2017.05.01 22:38:24.688,1.1193,1.11935,2.44,1.37
2017.05.01 22:38:25.261,1.1193,1.11935,2.44,1.52
2017.05.01 22:38:27.035,1.1193,1.11935,1.12,1.50
2017.05.01 22:38:27.685,1.1193,1.11935,1.87,1.50
2017.05.01 22:38:28.208,1.1193,1.11935,1.87,3.00
2017.05.01 22:38:29.462,1.1193,1.11935,1.87,3.00
2017.05.01 22:38:32.352,1.11933,1.11938,2.25,1.00
2017.05.01 22:38:32.659,1.1194,1.11945,1.12,1.50
2017.05.01 22:38:33.294,1.11939,1.11945,2.06,1.50
2017.05.01 22:38:33.961,1.11938,1.11943,2.44,2.25
2017.05.01 22:38:34.317,1.11937,1.11941,1.12,1.00
2017.05.01 22:38:34.945,1.11936,1.1194,1.12,1.00
2017.05.01 22:38:35.465,1.11935,1.1194,1.31,1.00
2017.05.01 22:38:36.111,1.11935,1.11939,1.31,1.00
2017.05.01 22:38:41.923,1.11935,1.1194,1.12,1.00
2017.05.01 22:38:49.091,1.11935,1.1194,1.87,1.00
2017.05.01 22:38:51.153,1.11935,1.1194,1.31,1.00
2017.05.01 22:38:52.819,1.11934,1.1194,2.06,1.00
2017.05.01 22:38:54.553,1.11934,1.11939,1.69,1.00
2017.05.01 22:39:08.371,1.11938,1.11943,1.00,2.25
2017.05.01 22:39:08.423,1.1194,1.11944,1.12,1.50
2017.05.01 22:39:08.941,1.11939,1.11944,1.12,1.12
2017.05.01 22:39:14.675,1.11938,1.11944,5.25,1.12
2017.05.01 22:39:16.271,1.11938,1.11944,5.25,2.25
2017.05.01 22:39:16.800,1.11938,1.11944,5.62,1.87
2017.05.01 22:39:21.362,1.11938,1.11943,4.12,1.00
2017.05.01 22:39:24.250,1.11938,1.11944,3.75,1.12
2017.05.01 22:39:26.484,1.11938,1.11944,4.50,1.00
2017.05.01 22:39:27.332,1.11938,1.11943,4.12,1.00
2017.05.01 22:39:28.353,1.11938,1.11943,2.62,1.50
2017.05.01 22:39:28.723,1.11936,1.11941,3.19,1.00
2017.05.01 22:39:28.927,1.11935,1.11939,1.12,1.00
2017.05.01 22:39:29.246,1.1193,1.11936,4.31,1.00
2017.05.01 22:39:29.553,1.11926,1.11931,1.69,1.00
2017.05.01 22:39:31.085,1.11926,1.11931,1.69,1.00
2017.05.01 22:39:32.564,1.11925,1.1193,1.56,1.00
2017.05.01 22:39:33.072,1.11925,1.1193,1.25,1.00
2017.05.01 22:39:34.760,1.11924,1.1193,3.56,1.00
2017.05.01 22:39:36.768,1.11923,1.11928,5.06,1.00
2017.05.01 22:39:37.274,1.11926,1.1193,1.00,1.69
2017.05.01 22:39:38.355,1.1193,1.11932,1.00,1.69
2017.05.01 22:39:38.458,1.11933,1.11936,1.00,1.50
2017.05.01 22:39:38.611,1.11931,1.11936,1.12,1.25
2017.05.01 22:39:39.119,1.1193,1.11935,1.00,2.06
2017.05.01 22:39:39.620,1.11929,1.11934,1.25,1.00
2017.05.01 22:39:40.277,1.11928,1.11934,1.31,1.31
2017.05.01 22:39:40.961,1.11928,1.11934,1.62,1.31
2017.05.01 22:39:48.335,1.11928,1.11933,1.62,1.00
2017.05.01 22:39:49.073,1.11928,1.11934,1.25,2.81
2017.05.01 22:39:58.169,1.11929,1.11935,1.00,3.19
2017.05.01 22:40:07.302,1.11928,1.11934,1.31,3.56
2017.05.01 22:40:09.509,1.1193,1.11935,1.00,2.44
2017.05.01 22:40:10.154,1.1193,1.11935,1.37,1.00
2017.05.01 22:40:10.829,1.1193,1.11935,1.12,1.00
2017.05.01 22:40:12.366,1.1193,1.11935,1.37,1.00
2017.05.01 22:40:13.092,1.11929,1.11935,1.12,3.19
2017.05.01 22:40:13.266,1.11928,1.11934,1.00,3.56
2017.05.01 22:40:13.813,1.11927,1.11932,1.12,2.44
2017.05.01 22:40:15.362,1.11927,1.11931,1.12,1.00
2017.05.01 22:40:16.142,1.11927,1.11932,1.12,1.25
2017.05.01 22:40:16.805,1.11926,1.11931,1.50,1.00
2017.05.01 22:40:17.396,1.11926,1.11932,1.50,1.69
2017.05.01 22:40:17.986,1.11926,1.11931,1.50,1.00
2017.05.01 22:40:18.493,1.11926,1.11931,1.50,1.00
2017.05.01 22:40:19.112,1.11926,1.11931,1.50,1.00
2017.05.01 22:40:20.798,1.11928,1.11934,1.87,2.62
2017.05.01 22:40:21.109,1.11928,1.11934,4.69,1.00
2017.05.01 22:40:23.392,1.11929,1.11934,1.50,1.00
2017.05.01 22:40:24.341,1.1193,1.11934,1.12,1.00
2017.05.01 22:40:25.493,1.11929,1.11934,1.50,1.00
2017.05.01 22:40:30.930,1.11928,1.11934,5.25,1.00
2017.05.01 22:40:32.306,1.11929,1.11933,1.12,1.00
2017.05.01 22:40:33.299,1.11928,1.11933,2.62,1.12
2017.05.01 22:40:39.075,1.11927,1.11933,4.69,1.12
2017.05.01 22:40:41.344,1.11928,1.11934,1.31,1.87
2017.05.01 22:40:41.888,1.11929,1.11934,2.06,1.00
2017.05.01 22:40:44.355,1.11929,1.11934,2.06,1.87
2017.05.01 22:40:59.777,1.11928,1.11934,6.19,1.50
2017.05.01 22:41:00.415,1.11929,1.11934,1.19,1.00
2017.05.01 22:41:00.568,1.11931,1.11936,3.19,1.00
2017.05.01 22:41:08.181,1.1193,1.11934,2.62,1.00
2017.05.01 22:41:08.283,1.11928,1.11933,3.75,1.31
2017.05.01 22:41:10.101,1.11929,1.11933,1.00,1.31
2017.05.01 22:41:14.114,1.11928,1.11933,5.25,1.31
2017.05.01 22:41:17.119,1.11928,1.11932,1.50,1.25
2017.05.01 22:41:17.222,1.11926,1.11932,1.87,2.06
2017.05.01 22:41:30.575,1.11926,1.11932,3.75,1.25
2017.05.01 22:41:37.475,1.11926,1.11931,2.62,1.25
2017.05.01 22:41:40.479,1.11925,1.1193,2.62,1.00
2017.05.01 22:41:41.040,1.11925,1.1193,1.87,1.00
2017.05.01 22:41:44.340,1.11923,1.11927,1.00,1.00
2017.05.01 22:41:44.444,1.11924,1.1193,1.12,1.31
2017.05.01 22:41:44.955,1.11923,1.11929,1.75,1.25
2017.05.01 22:41:45.672,1.11923,1.11926,1.75,1.00
2017.05.01 22:41:45.958,1.11922,1.11926,1.50,1.00
2017.05.01 22:41:46.009,1.11922,1.11924,1.00,1.00
2017.05.01 22:41:47.560,1.11921,1.11924,1.37,1.00
2017.05.01 22:41:48.097,1.11921,1.11924,1.00,1.00
2017.05.01 22:41:50.532,1.11921,1.11922,1.00,1.00
2017.05.01 22:41:51.042,1.1192,1.11924,3.37,1.00
2017.05.01 22:41:52.517,1.11921,1.11926,1.12,1.25
2017.05.01 22:41:59.292,1.1192,1.11925,3.00,1.00
2017.05.01 22:42:03.968,1.1192,1.11924,1.87,1.25
2017.05.01 22:42:04.222,1.11923,1.11927,1.00,1.56
2017.05.01 22:42:04.324,1.11924,1.11929,1.50,1.00
2017.05.01 22:42:04.466,1.11929,1.11931,1.00,1.69
2017.05.01 22:42:04.976,1.11928,1.11931,2.62,1.25
2017.05.01 22:42:05.524,1.11929,1.11932,1.00,1.25
2017.05.01 22:42:06.510,1.11928,1.11931,1.12,1.00
2017.05.01 22:42:06.663,1.11924,1.11928,2.62,1.00
2017.05.01 22:42:07.174,1.11922,1.11926,3.75,1.00
2017.05.01 22:42:07.226,1.11922,1.11926,1.87,1.00
2017.05.01 22:42:07.734,1.11923,1.11926,1.00,1.00
2017.05.01 22:42:08.278,1.11924,1.11927,1.00,1.00
2017.05.01 22:42:12.801,1.11924,1.11927,1.37,1.00
2017.05.01 22:42:13.746,1.11924,1.11927,1.12,1.00
2017.05.01 22:42:15.365,1.11925,1.11929,1.12,1.00
2017.05.01 22:42:15.874,1.11923,1.11928,3.19,1.00
2017.05.01 22:42:16.384,1.11924,1.11928,1.25,1.00
2017.05.01 22:42:20.188,1.11923,1.11927,1.12,1.00
2017.05.01 22:42:21.011,1.11921,1.11926,4.69,1.00
2017.05.01 22:42:22.971,1.11921,1.11926,5.44,1.00
2017.05.01 22:42:23.411,1.11921,1.11926,3.00,1.00
2017.05.01 22:42:23.946,1.1192,1.11925,3.37,1.00
2017.05.01 22:42:24.165,1.11921,1.11924,1.00,1.00
2017.05.01 22:42:27.560,1.11921,1.11925,2.25,1.00
2017.05.01 22:42:27.662,1.11921,1.11925,2.25,1.00
2017.05.01 22:42:28.583,1.11923,1.11926,1.37,1.00
2017.05.01 22:42:30.872,1.11922,1.11926,1.37,1.00
2017.05.01 22:42:31.407,1.11922,1.11925,1.37,1.00
2017.05.01 22:42:33.603,1.11922,1.11926,1.37,1.00
2017.05.01 22:42:34.261,1.11922,1.11926,1.37,1.00
2017.05.01 22:42:38.550,1.11923,1.11926,1.37,1.00
2017.05.01 22:42:39.086,1.11924,1.11927,1.37,1.00
2017.05.01 22:42:43.480,1.11922,1.11926,1.37,1.00
2017.05.01 22:42:44.121,1.11921,1.11926,1.87,1.00
2017.05.01 22:42:49.296,1.1192,1.11925,1.50,1.00
2017.05.01 22:42:50.674,1.11921,1.11926,1.37,1.00
2017.05.01 22:42:51.200,1.11922,1.11926,1.37,1.00
2017.05.01 22:42:51.745,1.11922,1.11926,1.12,1.00
2017.05.01 22:42:52.883,1.11923,1.11926,1.00,1.00
2017.05.01 22:42:53.939,1.11923,1.11927,1.00,1.69
2017.05.01 22:42:54.736,1.11922,1.11927,1.12,1.69
2017.05.01 22:43:00.994,1.11921,1.11926,2.62,1.00
2017.05.01 22:43:01.901,1.11921,1.11926,1.87,1.19
2017.05.01 22:43:11.411,1.11922,1.11927,1.87,1.69
2017.05.01 22:43:11.941,1.11923,1.11927,1.00,1.69
2017.05.01 22:43:12.534,1.11922,1.11927,1.87,1.69
2017.05.01 22:43:14.038,1.11921,1.11926,1.37,1.19
2017.05.01 22:43:15.567,1.11921,1.11926,1.50,1.25
2017.05.01 22:43:31.458,1.11921,1.11926,1.00,1.25
2017.05.01 22:43:31.967,1.11921,1.11926,1.50,1.25
2017.05.01 22:43:45.357,1.11921,1.11926,4.12,1.25
2017.05.01 22:43:46.125,1.11921,1.11926,2.62,1.25
2017.05.01 22:43:47.918,1.11921,1.11926,2.62,1.25
2017.05.01 22:43:47.969,1.11922,1.11926,2.25,1.25
2017.05.01 22:43:48.173,1.11921,1.11926,2.62,1.25
2017.05.01 22:43:50.029,1.11919,1.11923,1.50,2.25
2017.05.01 22:43:50.080,1.11918,1.11921,1.50,1.00
2017.05.01 22:43:50.589,1.11917,1.11922,1.87,1.00
2017.05.01 22:43:51.129,1.11917,1.11921,1.87,1.00
2017.05.01 22:43:51.644,1.11917,1.11921,1.87,1.00
2017.05.01 22:43:56.940,1.11916,1.11921,2.62,1.00
2017.05.01 22:43:57.448,1.11915,1.1192,1.12,1.69
2017.05.01 22:44:00.141,1.11914,1.11919,3.00,1.00
2017.05.01 22:44:01.098,1.11914,1.11919,1.50,1.00
2017.05.01 22:44:07.641,1.11913,1.11919,1.50,2.44
2017.05.01 22:44:07.947,1.11911,1.11916,1.50,1.25
2017.05.01 22:44:08.462,1.11909,1.11915,3.00,1.00
2017.05.01 22:44:10.675,1.1191,1.11914,1.00,1.69
2017.05.01 22:44:11.387,1.11909,1.11914,1.00,2.06
2017.05.01 22:44:14.503,1.1191,1.11914,1.00,1.12
2017.05.01 22:44:15.023,1.11911,1.11915,1.00,1.25
2017.05.01 22:44:15.722,1.11912,1.11915,1.00,1.25
2017.05.01 22:44:16.117,1.11916,1.11918,1.00,1.50
2017.05.01 22:44:16.618,1.11916,1.11919,1.00,1.31
2017.05.01 22:44:18.537,1.11916,1.1192,1.00,1.25
2017.05.01 22:44:19.059,1.11917,1.1192,1.00,1.25
2017.05.01 22:44:39.862,1.1192,1.11923,1.00,1.69
2017.05.01 22:44:40.167,1.11922,1.11924,1.00,1.00
2017.05.01 22:44:45.151,1.11923,1.11924,1.00,1.00
2017.05.01 22:44:45.698,1.11922,1.11923,1.00,1.00
2017.05.01 22:44:49.423,1.11922,1.11924,1.00,1.25
2017.05.01 22:44:56.242,1.11922,1.11923,1.00,1.00
2017.05.01 22:44:56.752,1.11921,1.11922,1.00,1.00
2017.05.01 22:44:58.065,1.1192,1.11921,1.00,1.00
2017.05.01 22:44:58.167,1.11919,1.1192,1.00,1.00
2017.05.01 22:44:58.678,1.11918,1.11921,2.81,1.00
2017.05.01 22:45:01.380,1.11918,1.1192,1.12,1.00
2017.05.01 22:45:01.585,1.11916,1.11919,1.12,1.25
2017.05.01 22:45:01.892,1.11915,1.11918,2.25,1.00
2017.05.01 22:45:02.353,1.11916,1.1192,1.00,1.69
2017.05.01 22:45:02.913,1.11917,1.11922,1.00,1.87
2017.05.01 22:45:04.795,1.11916,1.1192,1.00,1.50
2017.05.01 22:45:06.597,1.11915,1.1192,1.00,3.56
2017.05.01 22:45:12.170,1.11914,1.11919,1.00,1.31
2017.05.01 22:45:16.628,1.11915,1.11919,1.00,1.00
2017.05.01 22:45:19.020,1.11917,1.11921,1.00,2.06
2017.05.01 22:45:19.174,1.11917,1.11923,1.00,3.94
2017.05.01 22:45:19.683,1.11917,1.11923,1.37,3.94
2017.05.01 22:45:20.446,1.11917,1.11923,1.00,3.94
2017.05.01 22:45:26.149,1.11918,1.11923,1.00,2.81
2017.05.01 22:45:27.633,1.11917,1.11923,1.12,2.81
2017.05.01 22:45:28.886,1.11916,1.11921,1.50,1.00
2017.05.01 22:45:29.389,1.11917,1.11922,1.50,1.69
2017.05.01 22:45:29.542,1.11918,1.11923,1.00,3.19
2017.05.01 22:45:30.477,1.11917,1.11922,1.00,1.00
2017.05.01 22:45:33.701,1.11917,1.11923,1.00,3.19
2017.05.01 22:45:34.296,1.11918,1.11923,1.50,2.81
2017.05.01 22:45:36.040,1.11917,1.11923,1.00,2.81
2017.05.01 22:45:37.210,1.11916,1.11921,1.00,1.50
2017.05.01 22:45:37.727,1.11917,1.11922,1.00,1.69
2017.05.01 22:45:38.272,1.11917,1.11922,1.00,1.31
2017.05.01 22:45:39.176,1.11916,1.11922,1.12,1.31
2017.05.01 22:45:47.984,1.11916,1.11922,1.00,2.81
2017.05.01 22:45:56.941,1.11915,1.1192,1.50,1.25
2017.05.01 22:45:57.897,1.11916,1.11921,1.50,1.69
2017.05.01 22:46:01.094,1.11915,1.1192,2.25,1.25
2017.05.01 22:46:01.617,1.11915,1.1192,1.87,2.81
2017.05.01 22:46:04.016,1.11914,1.11918,1.12,1.25
2017.05.01 22:46:05.687,1.11913,1.11918,1.00,1.69
2017.05.01 22:46:13.186,1.11912,1.11916,2.63,3.00
2017.05.01 22:46:13.666,1.11909,1.11915,1.87,2.06
2017.05.01 22:46:13.717,1.11909,1.11914,1.12,1.69
2017.05.01 22:46:15.279,1.11908,1.11912,1.12,2.44
2017.05.01 22:46:15.813,1.11909,1.11914,1.50,4.84
2017.05.01 22:46:16.328,1.11908,1.11913,3.00,3.07
2017.05.01 22:46:18.517,1.11909,1.11914,1.50,3.94
2017.05.01 22:46:19.126,1.1191,1.11914,1.00,1.69
2017.05.01 22:46:22.988,1.11911,1.11914,1.00,1.25
2017.05.01 22:46:23.091,1.11912,1.11916,1.00,2.06
2017.05.01 22:46:24.252,1.11912,1.11917,1.00,2.06
2017.05.01 22:46:26.563,1.11911,1.11916,1.31,2.62
2017.05.01 22:46:27.072,1.11912,1.11917,1.87,2.44
2017.05.01 22:46:35.262,1.11912,1.11916,1.00,1.25
2017.05.01 22:46:35.887,1.11911,1.11916,1.12,1.69
2017.05.01 22:46:37.118,1.11912,1.11916,1.00,1.69
2017.05.01 22:46:38.157,1.11913,1.11916,1.00,1.25
2017.05.01 22:46:38.734,1.11912,1.11917,2.62,1.25
2017.05.01 22:46:40.150,1.11913,1.11917,1.00,1.25
2017.05.01 22:46:41.174,1.11912,1.11917,2.25,1.25
2017.05.01 22:46:45.975,1.11911,1.11916,4.31,1.00
2017.05.01 22:46:46.128,1.1191,1.11914,1.50,1.25
2017.05.01 22:46:46.180,1.11908,1.11913,1.50,1.00
2017.05.01 22:46:46.232,1.11907,1.1191,1.87,1.69
2017.05.01 22:46:46.334,1.11905,1.11908,1.12,1.00
2017.05.01 22:46:46.436,1.11903,1.11907,1.00,1.69
2017.05.01 22:46:46.742,1.11902,1.11904,1.00,1.00
2017.05.01 22:46:47.465,1.11902,1.11905,1.00,1.25
2017.05.01 22:46:48.271,1.11902,1.11904,1.00,1.00
2017.05.01 22:46:48.779,1.11902,1.11905,1.00,1.31
2017.05.01 22:46:50.321,1.119,1.11904,1.00,1.00
2017.05.01 22:46:50.575,1.11898,1.11903,1.12,1.19
2017.05.01 22:46:51.084,1.11899,1.11903,1.00,2.06
2017.05.01 22:46:51.536,1.11897,1.11901,1.00,1.25
2017.05.01 22:46:52.013,1.11895,1.11899,1.00,1.19
2017.05.01 22:46:52.115,1.11893,1.11898,1.12,1.69
2017.05.01 22:46:52.623,1.11893,1.11898,1.00,1.25
2017.05.01 22:46:52.832,1.11895,1.119,2.25,1.69
2017.05.01 22:46:52.884,1.11896,1.11901,1.00,1.69
2017.05.01 22:46:53.393,1.11898,1.11903,1.00,2.59
2017.05.01 22:46:54.283,1.11898,1.11903,1.00,2.51
2017.05.01 22:46:57.750,1.11897,1.11903,2.62,1.69
2017.05.01 22:46:58.272,1.11897,1.11902,1.00,2.21
2017.05.01 22:46:58.628,1.11899,1.11904,1.00,2.81
2017.05.01 22:46:59.156,1.11899,1.11902,1.50,1.00
2017.05.01 22:46:59.731,1.11898,1.11902,2.81,1.00
2017.05.01 22:47:01.625,1.11898,1.11903,1.87,1.69
2017.05.01 22:47:08.825,1.11895,1.11899,3.00,3.37
2017.05.01 22:47:08.927,1.11895,1.11899,1.12,1.31
2017.05.01 22:47:09.436,1.11894,1.11898,1.00,1.19
2017.05.01 22:47:09.538,1.11892,1.11898,1.69,3.19
2017.05.01 22:47:10.047,1.11891,1.11897,3.19,2.06
2017.05.01 22:47:10.879,1.11891,1.11897,3.19,2.06
2017.05.01 22:47:11.414,1.11893,1.11898,3.94,1.00
2017.05.01 22:47:11.988,1.11892,1.11897,2.81,1.00
2017.05.01 22:47:12.525,1.11891,1.11897,3.56,1.12
2017.05.01 22:47:13.479,1.1189,1.11896,5.44,1.00
2017.05.01 22:47:13.734,1.1189,1.11893,1.00,1.00
2017.05.01 22:47:13.785,1.1189,1.11895,1.12,1.31
2017.05.01 22:47:14.666,1.11891,1.11896,1.00,1.31
2017.05.01 22:47:15.863,1.11891,1.11896,1.00,1.19
2017.05.01 22:47:16.372,1.1189,1.11895,1.12,1.25
2017.05.01 22:47:17.305,1.11893,1.11897,1.00,2.44
2017.05.01 22:47:33.858,1.11892,1.11897,1.00,1.31
2017.05.01 22:47:36.420,1.11891,1.11895,1.00,1.50
2017.05.01 22:47:36.930,1.1189,1.11895,1.00,4.31
2017.05.01 22:47:38.380,1.11887,1.11892,3.94,1.00
2017.05.01 22:47:38.951,1.11886,1.11891,3.94,1.00
2017.05.01 22:47:40.615,1.11885,1.1189,3.56,1.00
2017.05.01 22:47:40.819,1.11889,1.11893,1.50,1.31
2017.05.01 22:47:41.125,1.11889,1.11894,3.94,1.00
2017.05.01 22:47:41.441,1.11888,1.11892,1.69,1.00
2017.05.01 22:47:45.961,1.11886,1.11891,5.06,1.00
2017.05.01 22:47:46.013,1.11886,1.1189,2.44,1.00
2017.05.01 22:47:46.065,1.11888,1.11893,1.50,1.25
2017.05.01 22:47:46.118,1.11889,1.11894,1.69,1.00
2017.05.01 22:47:46.627,1.11888,1.11893,4.31,1.50
2017.05.01 22:47:47.364,1.11888,1.11894,3.19,1.50
2017.05.01 22:47:47.981,1.11888,1.11894,2.81,1.00
2017.05.01 22:47:48.663,1.11888,1.11894,2.81,1.50
2017.05.01 22:47:49.670,1.11887,1.11893,3.56,1.00
2017.05.01 22:47:49.721,1.11887,1.11892,1.00,1.31
2017.05.01 22:47:49.925,1.11889,1.11893,1.69,1.50
2017.05.01 22:47:50.027,1.11887,1.11892,2.44,1.12
2017.05.01 22:47:50.552,1.11887,1.11891,1.50,1.00
2017.05.01 22:47:51.103,1.11886,1.11891,3.56,1.00
2017.05.01 22:47:52.093,1.11885,1.1189,5.81,1.00
2017.05.01 22:47:52.622,1.11885,1.11889,1.87,1.00
2017.05.01 22:47:55.721,1.11886,1.11891,1.00,1.00
2017.05.01 22:47:57.723,1.11886,1.11892,1.12,3.56
2017.05.01 22:47:58.252,1.11887,1.11892,1.00,2.06
2017.05.01 22:47:58.745,1.11891,1.11893,1.00,1.25
2017.05.01 22:47:58.796,1.11893,1.11895,1.00,5.25
2017.05.01 22:47:58.949,1.11894,1.11897,1.00,1.87
2017.05.01 22:47:59.102,1.1189,1.11893,1.50,2.25
2017.05.01 22:47:59.289,1.11889,1.11893,1.00,2.06
2017.05.01 22:47:59.812,1.11889,1.11892,1.00,1.12
2017.05.01 22:48:00.083,1.11886,1.1189,1.00,1.69
2017.05.01 22:48:00.598,1.11886,1.1189,1.00,4.69
2017.05.01 22:48:02.010,1.11889,1.11891,1.00,1.87
2017.05.01 22:48:02.062,1.1189,1.11893,1.00,1.69
2017.05.01 22:48:02.598,1.11891,1.11894,1.00,1.12
2017.05.01 22:48:03.139,1.11892,1.11895,1.00,1.69
2017.05.01 22:48:05.157,1.11891,1.11895,1.00,4.31
2017.05.01 22:48:05.208,1.11891,1.11893,1.00,1.00
2017.05.01 22:48:05.716,1.1189,1.11893,1.00,1.69
2017.05.01 22:48:13.991,1.11889,1.11893,1.00,1.69
2017.05.01 22:48:14.513,1.1189,1.11893,1.00,2.81
2017.05.01 22:48:16.010,1.11889,1.11892,1.00,2.44
2017.05.01 22:48:20.074,1.1189,1.11893,1.00,1.31
2017.05.01 22:48:20.411,1.1189,1.11895,1.00,2.44
2017.05.01 22:48:20.564,1.1189,1.11894,1.00,1.69
2017.05.01 22:48:21.203,1.1189,1.11892,1.00,1.00
2017.05.01 22:48:21.720,1.11889,1.11893,1.00,1.25
2017.05.01 22:48:29.362,1.1189,1.11894,1.00,2.25
2017.05.01 22:48:30.354,1.1189,1.11895,1.00,4.69
2017.05.01 22:48:32.079,1.1189,1.11894,1.00,1.50
2017.05.01 22:48:32.684,1.1189,1.11895,1.00,5.06
2017.05.01 22:48:39.283,1.1189,1.11894,1.00,1.00
2017.05.01 22:48:40.329,1.1189,1.11895,1.00,5.44
2017.05.01 22:48:41.331,1.1189,1.11894,1.00,1.00
2017.05.01 22:48:41.846,1.1189,1.11895,1.00,5.44
2017.05.01 22:48:42.535,1.1189,1.11894,1.00,1.00
2017.05.01 22:48:43.081,1.1189,1.11895,1.00,5.44
2017.05.01 22:48:43.624,1.11889,1.11892,1.00,1.00
2017.05.01 22:48:44.126,1.11889,1.11893,1.00,1.25
2017.05.01 22:48:44.891,1.11887,1.11893,1.12,3.19
2017.05.01 22:48:45.325,1.1189,1.11894,1.00,2.06
2017.05.01 22:48:45.835,1.1189,1.11895,1.00,2.06
2017.05.01 22:48:46.372,1.1189,1.11895,1.00,2.81
2017.05.01 22:48:47.599,1.11891,1.11895,1.00,1.25
2017.05.01 22:48:50.914,1.11891,1.11894,1.00,1.00
2017.05.01 22:48:52.059,1.11891,1.11895,1.00,4.31
2017.05.01 22:48:52.701,1.11891,1.11894,1.00,1.00
2017.05.01 22:48:53.334,1.11891,1.11895,1.00,2.06
2017.05.01 22:49:00.761,1.11892,1.11896,1.00,3.94
2017.05.01 22:49:01.361,1.11891,1.11895,1.00,1.69
2017.05.01 22:49:01.881,1.11891,1.11894,1.00,1.00
2017.05.01 22:49:02.627,1.11891,1.11895,1.00,3.56
2017.05.01 22:49:03.159,1.11891,1.11894,1.00,1.00
2017.05.01 22:49:03.684,1.11891,1.11895,1.00,3.56
2017.05.01 22:49:04.427,1.11891,1.11894,1.00,1.00
2017.05.01 22:49:04.932,1.11891,1.11895,1.00,3.56
2017.05.01 22:49:06.991,1.11893,1.11896,1.00,1.69
2017.05.01 22:49:07.043,1.11894,1.11897,1.00,1.12
2017.05.01 22:49:07.095,1.11896,1.11898,1.00,1.50
2017.05.01 22:49:07.197,1.11897,1.11902,1.00,7.69
2017.05.01 22:49:07.705,1.11896,1.119,1.00,1.25
2017.05.01 22:49:23.965,1.11899,1.11903,1.00,3.94
2017.05.01 22:49:24.070,1.11901,1.11904,1.00,1.00
2017.05.01 22:49:24.326,1.11904,1.11908,1.00,4.69
2017.05.01 22:49:27.408,1.11905,1.1191,1.00,4.69
2017.05.01 22:49:35.489,1.11905,1.1191,1.00,3.94
2017.05.01 22:49:47.170,1.11904,1.1191,1.00,4.69
2017.05.01 22:49:51.630,1.11901,1.11905,1.69,1.50
2017.05.01 22:49:51.732,1.11899,1.11905,1.12,3.94
2017.05.01 22:49:52.243,1.11899,1.11904,1.00,2.06
2017.05.01 22:49:56.893,1.11899,1.11904,1.12,2.06
2017.05.01 22:50:06.598,1.11899,1.11905,2.81,2.25
2017.05.01 22:50:10.181,1.11899,1.11904,1.69,1.00
2017.05.01 22:50:23.713,1.11898,1.11903,1.31,1.00
2017.05.01 22:50:29.437,1.11899,1.11904,1.00,1.87
2017.05.01 22:50:30.232,1.11899,1.11904,1.00,3.94
2017.05.01 22:50:30.740,1.11898,1.11903,1.00,1.00
2017.05.01 22:50:32.329,1.11898,1.11902,1.00,2.25
2017.05.01 22:50:32.853,1.11897,1.11902,1.25,2.25
2017.05.01 22:50:33.163,1.11895,1.11899,1.12,1.50
2017.05.01 22:50:33.671,1.11895,1.11899,1.00,2.44
2017.05.01 22:50:35.376,1.11894,1.11899,1.00,3.19
2017.05.01 22:50:38.189,1.11894,1.11897,1.00,1.50
2017.05.01 22:50:39.584,1.11894,1.11898,1.00,1.87
2017.05.01 22:50:41.475,1.11895,1.11898,1.00,1.87
2017.05.01 22:50:45.501,1.11894,1.11899,1.00,2.81
2017.05.01 22:50:46.087,1.11894,1.11898,1.00,2.25
2017.05.01 22:50:46.597,1.11893,1.11898,1.00,3.00
2017.05.01 22:50:47.145,1.11892,1.11897,1.25,1.87
2017.05.01 22:50:47.696,1.11892,1.11897,1.00,2.44
2017.05.01 22:50:48.378,1.11893,1.11897,1.00,2.44
2017.05.01 22:50:48.481,1.11893,1.11898,1.00,3.19
2017.05.01 22:50:48.969,1.11895,1.11898,1.00,3.00
2017.05.01 22:50:54.833,1.11893,1.11897,1.00,1.50
2017.05.01 22:50:55.802,1.11894,1.11898,1.00,3.56
2017.05.01 22:50:59.588,1.11894,1.11899,1.00,2.62
2017.05.01 22:51:00.196,1.11895,1.11899,1.00,3.75
2017.05.01 22:51:00.349,1.11893,1.11899,1.25,6.75
2017.05.01 22:51:15.005,1.11892,1.11897,1.00,3.37
2017.05.01 22:51:15.548,1.11892,1.11896,1.00,1.50
2017.05.01 22:51:16.077,1.11891,1.11896,1.00,1.87
2017.05.01 22:51:17.432,1.11889,1.11894,2.44,1.00
2017.05.01 22:51:17.687,1.11891,1.11896,1.31,1.50
2017.05.01 22:51:17.738,1.11893,1.11898,1.00,3.56
2017.05.01 22:51:18.247,1.11893,1.11897,1.00,1.50
2017.05.01 22:51:18.774,1.11894,1.11898,1.00,1.87
2017.05.01 22:51:33.166,1.11891,1.11896,2.81,1.50
2017.05.01 22:51:33.472,1.11893,1.11898,1.12,2.06
2017.05.01 22:51:35.724,1.11894,1.11899,1.00,2.25
2017.05.01 22:51:38.106,1.11891,1.11895,1.69,1.50
2017.05.01 22:51:38.157,1.11892,1.11897,1.00,3.75
2017.05.01 22:51:38.697,1.11893,1.11897,1.00,1.50
2017.05.01 22:51:39.254,1.11893,1.11898,1.00,2.06
2017.05.01 22:51:46.804,1.11893,1.11898,1.00,4.31
2017.05.01 22:51:47.199,1.11893,1.11898,1.00,3.94
2017.05.01 22:52:00.062,1.1189,1.11896,3.56,4.12
2017.05.01 22:52:00.564,1.11892,1.11897,1.00,1.50
2017.05.01 22:52:01.073,1.11892,1.11898,1.12,2.81
2017.05.01 22:52:01.951,1.11893,1.11898,1.00,2.06
2017.05.01 22:52:02.054,1.11888,1.11894,1.31,2.81
2017.05.01 22:52:02.565,1.11887,1.11894,2.06,4.31
2017.05.01 22:52:03.074,1.11887,1.11892,1.25,1.00
2017.05.01 22:52:03.853,1.11892,1.11893,1.00,1.12
2017.05.01 22:52:03.955,1.11893,1.11897,1.00,3.19
2017.05.01 22:52:04.006,1.11892,1.11897,1.12,3.56
2017.05.01 22:52:08.205,1.1189,1.11896,2.06,1.00
2017.05.01 22:52:13.276,1.11889,1.11895,4.69,1.00
2017.05.01 22:52:17.444,1.11889,1.11894,1.69,1.00
2017.05.01 22:52:18.050,1.11889,1.11894,1.31,1.00
2017.05.01 22:52:19.703,1.11887,1.11892,2.06,1.00
2017.05.01 22:52:19.755,1.11888,1.11894,4.12,1.25
2017.05.01 22:52:19.857,1.11889,1.11895,6.94,1.12
2017.05.01 22:52:21.700,1.11889,1.11894,4.50,1.00
2017.05.01 22:52:21.751,1.11889,1.11894,3.37,1.00
2017.05.01 22:52:22.695,1.11888,1.11892,2.06,1.00
2017.05.01 22:52:22.798,1.11889,1.11895,2.25,1.31
2017.05.01 22:52:22.849,1.11889,1.11895,5.44,1.00
2017.05.01 22:52:23.104,1.11889,1.11894,1.87,1.00
2017.05.01 22:52:25.593,1.11888,1.11893,2.44,1.00
2017.05.01 22:52:25.696,1.11889,1.11895,1.12,1.01
2017.05.01 22:52:25.748,1.1189,1.11895,2.62,1.12
2017.05.01 22:52:27.619,1.11889,1.11894,1.31,1.00
2017.05.01 22:52:28.129,1.11888,1.11893,1.12,1.00
2017.05.01 22:52:30.705,1.11888,1.11894,3.00,1.00
2017.05.01 22:52:32.121,1.11887,1.11892,2.44,1.00
2017.05.01 22:52:32.223,1.11889,1.11895,2.62,1.50
2017.05.01 22:52:32.275,1.11891,1.11896,1.87,2.25
2017.05.01 22:52:32.326,1.1189,1.11896,3.19,1.00
2017.05.01 22:53:27.815,1.11889,1.11893,1.12,1.00
2017.05.01 22:53:27.868,1.11888,1.11893,2.25,1.00
2017.05.01 22:53:28.073,1.11887,1.11893,3.19,1.00
2017.05.01 22:53:28.955,1.11886,1.11892,4.31,1.00
2017.05.01 22:53:30.357,1.11885,1.11891,3.94,1.00
2017.05.01 22:53:30.460,1.11886,1.11893,3.94,1.12
2017.05.01 22:53:30.511,1.11886,1.11891,2.44,1.00
2017.05.01 22:53:31.072,1.11886,1.11891,3.19,1.00
2017.05.01 22:53:36.563,1.11885,1.11891,2.44,1.00
2017.05.01 22:53:41.504,1.11885,1.11891,2.44,1.00
2017.05.01 22:54:03.192,1.11884,1.11887,2.44,1.00
2017.05.01 22:54:03.294,1.11881,1.11885,1.37,1.00
2017.05.01 22:54:03.397,1.1188,1.11885,1.50,1.00
2017.05.01 22:54:04.233,1.11879,1.11885,4.50,1.00
2017.05.01 22:54:04.743,1.1188,1.11885,1.00,1.00
2017.05.01 22:54:05.387,1.1188,1.11886,3.75,1.12
2017.05.01 22:54:05.983,1.1188,1.11886,4.87,1.00
2017.05.01 22:54:07.745,1.1188,1.11885,3.37,1.00
2017.05.01 22:54:09.012,1.11879,1.11885,3.37,1.00
2017.05.01 22:54:10.589,1.1188,1.11885,1.00,1.00
2017.05.01 22:54:11.100,1.1188,1.11885,1.37,1.00
2017.05.01 22:54:11.615,1.1188,1.11886,1.87,3.19
2017.05.01 22:54:13.451,1.1188,1.11886,3.00,2.81
2017.05.01 22:54:16.182,1.11879,1.11884,1.50,1.50
2017.05.01 22:54:16.336,1.11876,1.11883,4.31,1.12
2017.05.01 22:54:16.890,1.11876,1.11883,2.81,1.50
2017.05.01 22:54:17.616,1.11878,1.11883,2.25,1.12
2017.05.01 22:54:17.718,1.11879,1.11886,1.12,1.69
2017.05.01 22:54:18.233,1.1188,1.11886,2.25,1.31
2017.05.01 22:54:18.768,1.11881,1.11887,1.12,1.31
2017.05.01 22:54:23.213,1.11881,1.11887,1.00,1.69
2017.05.01 22:54:25.638,1.11883,1.11889,1.00,2.06
2017.05.01 22:54:30.159,1.11884,1.1189,1.00,2.06
2017.05.01 22:54:31.205,1.11884,1.1189,1.00,1.69
2017.05.01 22:54:33.129,1.11884,1.11888,1.00,1.00
2017.05.01 22:54:37.118,1.11884,1.11889,1.00,1.00
2017.05.01 22:54:40.059,1.11883,1.11889,2.25,1.50
2017.05.01 22:54:54.823,1.11881,1.11888,2.44,1.00
2017.05.01 22:54:55.232,1.1188,1.11886,1.69,1.00
2017.05.01 22:54:55.785,1.11879,1.11885,4.31,1.00
2017.05.01 22:54:56.548,1.1188,1.11886,3.56,1.00
2017.05.01 22:54:59.550,1.11879,1.11884,1.31,1.00
2017.05.01 22:54:59.602,1.11879,1.11884,1.25,1.00
2017.05.01 22:55:00.657,1.11879,1.11885,1.25,1.00
2017.05.01 22:55:10.928,1.11879,1.11885,4.69,1.00
2017.05.01 22:55:18.574,1.1188,1.11886,1.00,1.00
2017.05.01 22:55:19.737,1.11879,1.11885,2.06,1.00
2017.05.01 22:55:20.296,1.11878,1.11884,1.00,1.00
2017.05.01 22:55:20.839,1.11879,1.11884,1.87,1.00
2017.05.01 22:55:25.244,1.11877,1.11884,3.19,1.00
2017.05.01 22:55:32.156,1.11877,1.11884,3.37,1.25
2017.05.01 22:55:32.512,1.11878,1.11882,2.25,1.00
2017.05.01 22:55:33.380,1.11878,1.11881,2.25,1.00
2017.05.01 22:55:33.969,1.11877,1.11881,2.25,1.00
2017.05.01 22:55:36.505,1.11876,1.1188,2.81,1.00
2017.05.01 22:55:36.811,1.11874,1.11878,2.25,1.00
2017.05.01 22:55:36.863,1.11878,1.11882,1.50,1.12
2017.05.01 22:55:36.915,1.11881,1.11885,1.50,2.06
2017.05.01 22:55:37.424,1.1188,1.11885,2.06,1.00
2017.05.01 22:55:38.431,1.11878,1.11883,2.81,1.00
2017.05.01 22:55:38.893,1.11877,1.11881,2.44,1.00
2017.05.01 22:55:39.749,1.11875,1.1188,2.81,1.00
2017.05.01 22:55:40.056,1.11881,1.11885,1.50,1.00
2017.05.01 22:55:40.591,1.1188,1.11884,1.87,1.00
2017.05.01 22:55:41.376,1.11878,1.11883,4.31,1.00
2017.05.01 22:55:41.923,1.11878,1.11882,2.44,1.00
2017.05.01 22:55:43.389,1.11879,1.11882,1.50,1.00
2017.05.01 22:55:43.900,1.11879,1.11883,1.50,1.00
2017.05.01 22:55:44.328,1.11876,1.11881,2.81,1.00
2017.05.01 22:55:44.671,1.11879,1.11883,3.94,1.00
2017.05.01 22:55:44.927,1.11878,1.11881,1.50,1.00
2017.05.01 22:55:45.456,1.11877,1.11881,1.87,1.00
2017.05.01 22:55:47.257,1.11875,1.1188,3.75,1.00
2017.05.01 22:55:47.360,1.11877,1.11883,1.87,2.44
2017.05.01 22:55:47.462,1.1188,1.11884,1.87,4.12
2017.05.01 22:55:47.564,1.1188,1.11884,1.50,1.00
2017.05.01 22:55:47.615,1.11878,1.11882,3.00,1.00
2017.05.01 22:55:47.667,1.11878,1.11882,2.62,1.00
2017.05.01 22:55:48.176,1.11878,1.11881,1.50,1.00
2017.05.01 22:55:48.717,1.11877,1.11881,2.25,1.00
2017.05.01 22:56:07.086,1.11877,1.11882,3.00,1.00
2017.05.01 22:56:12.441,1.11878,1.11882,1.50,1.00
2017.05.01 22:56:12.826,1.11878,1.11884,1.50,1.31
2017.05.01 22:56:18.208,1.11877,1.11883,2.62,1.00
2017.05.01 22:56:27.768,1.11877,1.11884,1.12,3.94
2017.05.01 22:56:30.179,1.11877,1.11884,2.81,4.50
2017.05.01 22:56:35.441,1.11877,1.11884,2.81,3.00
2017.05.01 22:56:39.289,1.11877,1.11884,2.81,3.75
2017.05.01 22:56:39.965,1.11877,1.11883,2.81,1.00
2017.05.01 22:56:43.342,1.11877,1.11884,2.81,3.75
2017.05.01 22:56:51.161,1.11877,1.11883,2.06,1.00
2017.05.01 22:56:52.262,1.11877,1.11883,1.87,1.00
2017.05.01 22:56:53.887,1.11877,1.11883,2.06,1.00
2017.05.01 22:56:55.432,1.11877,1.11884,2.81,5.25
2017.05.01 22:57:32.292,1.11877,1.11884,3.00,3.94
2017.05.01 22:57:39.632,1.11877,1.11883,1.87,1.00
2017.05.01 22:58:00.585,1.11877,1.11884,3.75,3.94
2017.05.01 22:58:01.815,1.11877,1.11883,2.62,1.12
2017.05.01 22:58:03.802,1.11878,1.11884,4.31,1.31
2017.05.01 22:58:10.698,1.11881,1.11886,1.50,2.06
2017.05.01 22:58:11.232,1.1188,1.11886,1.50,2.81
2017.05.01 22:58:11.914,1.11879,1.11886,3.19,4.31
2017.05.01 22:58:13.946,1.11879,1.11886,2.62,5.81
2017.05.01 22:58:17.489,1.11879,1.11886,1.31,5.81
2017.05.01 22:58:18.493,1.1188,1.11886,1.50,2.81
2017.05.01 22:58:35.133,1.11878,1.11882,2.81,1.00
2017.05.01 22:58:36.746,1.11877,1.11882,4.69,1.00
2017.05.01 22:58:43.952,1.11877,1.11881,1.69,1.00
2017.05.01 22:58:44.618,1.11876,1.11881,3.19,1.00
2017.05.01 22:58:47.219,1.11876,1.11881,2.25,1.69
2017.05.01 22:58:47.533,1.11873,1.11878,3.19,1.00
2017.05.01 22:58:51.751,1.11872,1.11878,3.37,1.00
2017.05.01 22:58:51.803,1.11872,1.11878,3.00,1.25
2017.05.01 22:58:52.312,1.11872,1.11876,3.00,1.00
2017.05.01 22:58:52.819,1.11872,1.11877,2.25,1.00
2017.05.01 22:58:53.564,1.11873,1.11879,1.00,2.81
2017.05.01 22:58:58.661,1.11872,1.11877,2.25,1.00
2017.05.01 22:58:59.173,1.11872,1.11878,2.62,1.25
2017.05.01 22:58:59.709,1.11873,1.11879,2.25,2.44
2017.05.01 22:59:01.744,1.11873,1.11879,2.25,2.44
2017.05.01 22:59:02.123,1.11871,1.11877,1.00,1.50
2017.05.01 22:59:05.581,1.11872,1.11877,1.00,1.00
2017.05.01 22:59:07.220,1.11871,1.11877,3.37,1.12
2017.05.01 22:59:07.924,1.11871,1.11876,2.62,1.00
2017.05.01 22:59:08.867,1.11873,1.11877,1.50,2.25
2017.05.01 22:59:09.375,1.11872,1.11878,4.12,1.00
2017.05.01 22:59:09.906,1.11872,1.11877,3.00,1.00
2017.05.01 22:59:11.812,1.11871,1.11876,3.56,1.00
2017.05.01 22:59:12.336,1.11871,1.11876,1.87,1.00
2017.05.01 22:59:13.590,1.1187,1.11876,4.31,1.00
2017.05.01 22:59:14.111,1.11871,1.11876,1.12,1.00
2017.05.01 22:59:14.653,1.1187,1.11876,4.31,1.00
2017.05.01 22:59:20.783,1.11871,1.11876,1.50,1.00
2017.05.01 22:59:27.555,1.1187,1.11875,1.50,1.12
2017.05.01 22:59:27.911,1.11868,1.11873,3.56,1.00
2017.05.01 22:59:28.520,1.11868,1.11873,2.62,1.00
2017.05.01 22:59:30.029,1.11868,1.11872,2.62,1.00
2017.05.01 22:59:30.552,1.11867,1.11872,5.44,1.00
2017.05.01 22:59:31.159,1.11868,1.11872,1.50,1.00
2017.05.01 22:59:32.085,1.11867,1.11872,4.69,1.00
2017.05.01 22:59:32.631,1.11866,1.11871,3.56,1.00
2017.05.01 22:59:32.733,1.11865,1.1187,1.25,1.00
2017.05.01 22:59:33.241,1.11864,1.11869,4.31,1.00
2017.05.01 22:59:33.799,1.11865,1.1187,1.31,1.00
2017.05.01 22:59:37.739,1.11865,1.11871,1.31,5.44
2017.05.01 22:59:55.623,1.11865,1.1187,2.81,1.00
2017.05.01 22:59:57.381,1.11866,1.1187,1.00,1.00
2017.05.01 22:59:57.635,1.11868,1.11872,1.00,4.12
2017.05.01 22:59:58.143,1.11866,1.11872,2.06,3.37
